7.89931e+13  7.89931e+13  4.24694e+07  1.97483e+13  0 
1.16539e+14  1.16539e+14  6.26552e+07  2.91347e+13  0 
1.23249e+14  1.23249e+14  6.62631e+07  3.08124e+13  0 
4.31298e+07  4.12293e+07  22.844  1.03073e+07  0 
5.36215e+07  5.14485e+07  28.4847  1.28621e+07  0 
3.50897e+07  3.31601e+07  18.5213  8.29002e+06  0 
2.76461e+07  2.55247e+07  14.5194  6.38118e+06  0 
6.91942e+07  6.72608e+07  36.8571  1.68152e+07  0 
1.78931e+13  1.78931e+13  9.61994e+06  4.47327e+12  0 
5.46111e+07  5.27202e+07  29.0167  1.318e+07  0 
4.63214e+07  4.45444e+07  24.5599  1.11361e+07  0 
5.15227e+07  4.95365e+07  27.3563  1.23841e+07  0 
5.20695e+07  5.01394e+07  27.6502  1.25348e+07  0 
7.49959e+07  7.30752e+07  39.9763  1.82688e+07  0 
4.34194e+07  4.13398e+07  22.9997  1.0335e+07  0 
3.89178e+14  3.89177e+14  2.09235e+08  9.72944e+13  0 
4.67135e+07  4.4776e+07  24.7707  1.1194e+07  0 
5.35523e+07  5.15857e+07  28.4475  1.28964e+07  0 
2.19935e+14  2.19935e+14  1.18244e+08  5.49836e+13  0 
5.55256e+07  5.34577e+07  29.5084  1.33644e+07  0 
8.42699e+07  8.2132e+07  44.9623  2.0533e+07  0 
6.43885e+13  6.43885e+13  3.46175e+07  1.60971e+13  0 
1.57215e+14  1.57215e+14  8.45242e+07  3.93038e+13  0 
4.24612e+07  4.03936e+07  22.4845  1.00984e+07  0 
7.91198e+07  7.71587e+07  42.1934  1.92897e+07  0 
6.98435e+07  6.78105e+07  37.2062  1.69526e+07  0 
4.83143e+07  4.64827e+07  25.6314  1.16207e+07  0 
4.61411e+07  4.42367e+07  24.4629  1.10592e+07  0 
2.87166e+07  2.67702e+07  15.095  6.69255e+06  0 
5.03007e+07  4.83831e+07  26.6993  1.20958e+07  0 
7.55489e+07  7.37295e+07  40.2736  1.84324e+07  0 
5.31122e+07  5.12714e+07  28.2109  1.28179e+07  0 
2.5376e+07  2.34034e+07  13.2989  5.85086e+06  0 
8.43434e+07  8.22713e+07  45.0018  2.05678e+07  0 
5.097e+07  4.88544e+07  27.0591  1.22136e+07  0 
1.48204e+14  1.48204e+14  7.96795e+07  3.7051e+13  0 
1.66915e+14  1.66915e+14  8.97391e+07  4.17287e+13  0 
4.79974e+07  4.60486e+07  25.461  1.15122e+07  0 
2.30303e+07  2.10251e+07  12.0378  5.25629e+06  0 
4.86068e+07  4.66203e+07  25.7886  1.16551e+07  0 
4.97543e+07  4.76336e+07  26.4055  1.19084e+07  0 
4.49173e+07  4.29327e+07  23.805  1.07332e+07  0 
5.78175e+13  5.78175e+13  3.10847e+07  1.44544e+13  0 
5.01082e+07  4.8054e+07  26.5958  1.20135e+07  0 
5.43405e+07  5.23255e+07  28.8713  1.30814e+07  0 
5.6006e+07  5.42108e+07  29.7667  1.35527e+07  0 
8.16572e+13  8.16572e+13  4.39017e+07  2.04143e+13  0 
5.81784e+07  5.6177e+07  30.9346  1.40443e+07  0 
4.2746e+07  4.0748e+07  22.6376  1.0187e+07  0 
4.73034e+07  4.53267e+07  25.0878  1.13317e+07  0 
6.66625e+07  6.47149e+07  35.496  1.61787e+07  0 
5.45574e+13  5.45574e+13  2.93319e+07  1.36393e+13  0 
6.59272e+07  6.42007e+07  35.1007  1.60502e+07  0 
7.01869e+07  6.82024e+07  37.3908  1.70506e+07  0 
4.33869e+07  4.138e+07  22.9822  1.0345e+07  0 
4.89848e+07  4.69547e+07  25.9918  1.17387e+07  0 
3.70005e+13  3.70005e+13  1.98928e+07  9.25013e+12  0 
4.27318e+07  4.06602e+07  22.63  1.0165e+07  0 
4.94775e+07  4.75818e+07  26.2567  1.18954e+07  0 
6.19831e+07  5.98514e+07  32.9801  1.49628e+07  0 
1.19498e+13  1.19498e+13  6.4246e+06  2.98744e+12  0 
3.61238e+07  3.42497e+07  19.0773  8.56241e+06  0 
6.96282e+07  6.76935e+07  37.0904  1.69234e+07  0 
5.90865e+07  5.71485e+07  31.4228  1.42871e+07  0 
3.79788e+07  3.58673e+07  20.0746  8.96682e+06  0 
5.01377e+13  5.01377e+13  2.69558e+07  1.25344e+13  0 
7.43754e+07  7.23714e+07  39.6427  1.80929e+07  0 
5.92913e+07  5.72921e+07  31.533  1.4323e+07  0 
4.37225e+07  4.16683e+07  23.1626  1.04171e+07  0 
2.43349e+14  2.43349e+14  1.30833e+08  6.08372e+13  0 
1.13919e+13  1.13919e+13  6.1247e+06  2.84798e+12  0 
1.49414e+14  1.49414e+14  8.033e+07  3.73535e+13  0 
5.43223e+07  5.22554e+07  28.8615  1.30639e+07  0 
4.79215e+07  4.59794e+07  25.4202  1.14949e+07  0 
8.20743e+07  8.01545e+07  43.7819  2.00386e+07  0 
1.14753e+13  1.14753e+13  6.16954e+06  2.86883e+12  0 
4.91471e+07  4.71054e+07  26.0791  1.17763e+07  0 
6.93686e+07  6.74561e+07  36.9509  1.6864e+07  0 
5.6589e+07  5.44525e+07  30.0801  1.36131e+07  0 
6.48122e+07  6.29085e+07  34.5012  1.57271e+07  0 
4.35425e+14  4.35425e+14  2.34099e+08  1.08856e+14  0 
1.95212e+13  1.95212e+13  1.04953e+07  4.88031e+12  0 
9.01406e+07  8.82626e+07  48.1186  2.20657e+07  0 
4.18968e+07  3.98798e+07  22.1811  9.96996e+06  0 
6.9969e+07  6.77591e+07  37.2737  1.69398e+07  0 
2.55091e+07  2.33474e+07  13.3705  5.83686e+06  0 
4.31516e+07  4.10689e+07  22.8557  1.02672e+07  0 
2.98586e+07  2.7797e+07  15.7089  6.94925e+06  0 
5.915e+07  5.72338e+07  31.457  1.43084e+07  0 
4.33845e+07  4.14201e+07  22.9809  1.0355e+07  0 
6.64253e+07  6.44628e+07  35.3684  1.61157e+07  0 
1.92846e+13  1.92846e+13  1.0368e+07  4.82114e+12  0 
5.05307e+07  4.86066e+07  26.8229  1.21516e+07  0 
1.15987e+13  1.15987e+13  6.23587e+06  2.89968e+12  0 
5.2835e+07  5.09033e+07  28.0618  1.27258e+07  0 
4.15722e+07  3.9628e+07  22.0066  9.907e+06  0 
4.98145e+07  4.79464e+07  26.4379  1.19866e+07  0 
1.70782e+13  1.70782e+13  9.18184e+06  4.26956e+12  0 
7.32919e+07  7.14672e+07  39.0601  1.78668e+07  0 
7.38393e+07  7.17119e+07  39.3545  1.7928e+07  0 

1.26696e+06  1.73822  0.337075  0.434554  0 
2.10024e+06  0.931454  0.785075  0.232863  0 
2.0136e+06  1.6064  0.738495  0.401599  0 
2.21448e+06  1.32852  0.846495  0.33213  1 
6.84422e+06  4.49654e+06  3.3356  1.12413e+06  2 
7.07707e+06  4.92715e+06  3.46079  1.23179e+06  3 
7.76232e+06  5.5524e+06  3.8292  1.3881e+06  4 
8.85874e+06  6.71986e+06  4.41868  1.67997e+06  6 
9.58817e+06  7.43993e+06  4.81084  1.85998e+06  7 
1.00121e+07  8.01506e+06  5.03877  2.00377e+06  9 
1.00278e+07  7.91656e+06  5.04722  1.97914e+06  9 
1.43892e+07  1.2306e+07  7.39206  3.07651e+06  18 
1.61222e+07  1.40774e+07  8.32374  3.51934e+06  21 
1.69056e+07  1.48016e+07  8.74496  3.70039e+06  24 
2.17925e+07  1.95637e+07  11.3723  4.89091e+06  38 
2.79407e+07  2.58487e+07  14.6778  6.46216e+06  59 
4.71091e+07  4.50079e+07  24.9834  1.1252e+07  72 
4.71491e+07  4.50407e+07  25.0049  1.12602e+07  73 
1.97556e+07  1.76758e+07  10.2772  4.41895e+06  34 
1.84655e+07  1.62871e+07  9.58362  4.07177e+06  30 
4.37507e+07  4.16298e+07  23.1778  1.04075e+07  62 
4.65707e+07  4.45691e+07  24.6939  1.11423e+07  70 
1.89401e+07  1.68859e+07  9.83875  4.22148e+06  32 
5.56862e+07  5.36286e+07  29.5947  1.34072e+07  78 
2.63688e+07  2.41653e+07  13.8327  6.04133e+06  53 
4.18304e+07  3.96286e+07  22.1454  9.90715e+06  63 
1.66721e+07  1.46172e+07  8.6194  3.6543e+06  23 
4.12115e+07  3.90717e+07  21.8127  9.76792e+06  59 
2.24913e+07  2.03227e+07  11.748  5.08068e+06  43 
4.58603e+07  4.38794e+07  24.312  1.09698e+07  66 
2.01253e+07  1.79245e+07  10.476  4.48112e+06  36 
2.45418e+07  2.24282e+07  12.8505  5.60704e+06  50 
2.85842e+07  2.64993e+07  15.0238  6.62483e+06  55 
4.06266e+07  3.86766e+07  21.4982  9.66916e+06  57 
2.20809e+07  2.01103e+07  11.5274  5.02757e+06  41 
1.19016e+07  9.34707e+06  6.05464  2.33677e+06  12 
4.16013e+07  3.96105e+07  22.0222  9.90263e+06  62 
2.39718e+07  2.17797e+07  12.544  5.44491e+06  49 
1.98842e+07  1.79004e+07  10.3464  4.4751e+06  35 
4.92723e+07  4.72863e+07  26.1464  1.18216e+07  77 
2.63113e+07  2.44167e+07  13.8018  6.10418e+06  54 
7.34452e+07  7.14503e+07  39.1426  1.78626e+07  2 
2.32306e+07  2.11392e+07  12.1455  5.28481e+06  48 
4.12591e+07  3.89815e+07  21.8382  9.74538e+06  58 
2.27703e+07  2.0689e+07  11.898  5.17225e+06  44 
4.73899e+07  4.53328e+07  25.1343  1.13332e+07  74 
4.31584e+07  4.10632e+07  22.8593  1.02658e+07  64 
4.37082e+07  4.16889e+07  23.155  1.04222e+07  62 
2.0178e+07  1.82124e+07  10.5043  4.55311e+06  37 
4.74023e+07  4.52303e+07  25.141  1.13076e+07  19 
1.74037e+07  1.53841e+07  9.01273  3.84602e+06  26 
5.15998e+07  4.95565e+07  27.3978  1.23891e+07  69 
7.08403e+07  6.89158e+07  37.7421  1.72289e+07  80 
1.07043e+07  8.40608e+06  5.41093  2.10152e+06  10 
2.31133e+07  2.08676e+07  12.0824  5.21691e+06  46 
4.65072e+07  4.43253e+07  24.6598  1.10813e+07  69 
4.13392e+07  3.91927e+07  21.8813  9.79816e+06  60 
1.42284e+07  1.21692e+07  7.30559  3.0423e+06  17 
2.26648e+07  2.07383e+07  11.8413  5.18458e+06  44 
1.88456e+07  1.67393e+07  9.78794  4.18483e+06  31 
4.42792e+07  4.2135e+07  23.4619  1.05338e+07  63 
8.68595e+06  6.42419e+06  4.32578  1.60605e+06  5 
1.8166e+07  1.62251e+07  9.42259  4.05628e+06  28 
1.94639e+07  1.73744e+07  10.1204  4.34361e+06  33 
4.65471e+07  4.46904e+07  24.6812  1.11726e+07  70 
2.28203e+07  2.06816e+07  11.9249  5.17041e+06  44 
4.64075e+07  4.41438e+07  24.6062  1.10359e+07  68 
2.16238e+07  1.97045e+07  11.2816  4.92613e+06  38 
3.56977e+07  3.38106e+07  18.8482  8.45264e+06  22 
2.17208e+07  1.97833e+07  11.3338  4.94582e+06  39 
4.14619e+07  3.93715e+07  21.9473  9.84288e+06  61 
9.97805e+06  7.86893e+06  5.02046  1.96723e+06  8 
1.6213e+07  1.41615e+07  8.37258  3.54037e+06  22 
4.97093e+07  4.76882e+07  26.3813  1.19221e+07  76 
9.63967e+06  7.33639e+06  4.83853  1.8341e+06  7 
2.31691e+07  2.10864e+07  12.1124  5.2716e+06  47 
3.31576e+07  3.09383e+07  17.4826  7.73458e+06  56 
4.10548e+07  3.90049e+07  21.7284  9.75124e+06  58 
2.19819e+07  2.0059e+07  11.4741  5.01474e+06  40 
1.62783e+07  1.41195e+07  8.40766  3.52986e+06  22 
1.98927e+07  1.78445e+07  10.3509  4.46114e+06  35 
1.69633e+07  1.46629e+07  8.77599  3.66574e+06  24 
1.36358e+07  1.15814e+07  6.987  2.89536e+06  16 
4.5455e+07  4.34321e+07  24.0941  1.0858e+07  64 
2.17767e+07  1.98044e+07  11.3638  4.95109e+06  40 
2.58449e+07  2.34969e+07  13.551  5.87424e+06  52 
1.28531e+07  1.06855e+07  6.5662  2.67136e+06  14 
1.76829e+07  1.55479e+07  9.16285  3.88696e+06  27 
1.44958e+07  1.26373e+07  7.44937  3.15932e+06  19 
4.6059e+07  4.39309e+07  24.4188  1.09827e+07  67 
1.61208e+07  1.40337e+07  8.32299  3.50843e+06  20 
1.23551e+07  1.04433e+07  6.29846  2.61082e+06  13 
5.63814e+07  5.42152e+07  29.9685  1.35538e+07  74 
1.33402e+07  1.11226e+07  6.82806  2.78065e+06  15 
2.52788e+07  2.32331e+07  13.2467  5.80827e+06  51 
1.13767e+07  9.33027e+06  5.77245  2.33257e+06  11 
4.80599e+07  4.59174e+07  25.4946  1.14793e+07  75 
1.82954e+07  1.62516e+07  9.49218  4.0629e+06  29 
1.72583e+07  1.50013e+07  8.93454  3.75032e+06  25 
1.18025e+07  9.59041e+06  6.00134  2.3976e+06  12 

1.23192e+06  1.69525  0.318237  0.423814  0 
2.0424e+06  0.916065  0.753978  0.229016  0 
1.75368e+06  1.13208  0.598753  0.283019  0 
1.71408e+06  1.25359  0.577462  0.313398  0 
1.67328e+06  1.68705  0.555527  0.421763  0 
1.73496e+06  1.35941  0.588688  0.339851  1 
2.1948e+06  1.3044  0.835914  0.326101  1 
1.71696e+06  1.93546  0.579011  0.483864  1 
1.96608e+06  1.46761  0.712946  0.366901  2 
1.84488e+06  1.69564  0.647785  0.42391  2 
1.96344e+06  1.61563  0.711527  0.403908  2 
2.05608e+06  1.49561  0.761333  0.373903  3 
2.14248e+06  1.7614  0.807785  0.440349  4 
2.1936e+06  1.58038  0.835269  0.395094  4 
2.40493e+06  219972  0.948887  54993  5 
2.41916e+06  369320  0.956537  92330  6 
2.78056e+06  669283  1.15084  167321  7 
2.93533e+06  813971  1.23405  203493  8 
3.09519e+06  853107  1.31999  213277  9 
3.33765e+06  1.16398e+06  1.45035  290994  10 
4.23999e+06  2.10999e+06  1.93548  527497  11 
4.25999e+06  1.96343e+06  1.94623  490857  11 
5.24299e+06  3.01939e+06  2.47473  754848  12 
5.38045e+06  3.00541e+06  2.54863  751352  12 
6.12686e+06  3.9947e+06  2.94992  998675  13 
6.64975e+06  4.48639e+06  3.23105  1.1216e+06  14 
7.05332e+06  4.97637e+06  3.44802  1.24409e+06  15 
7.16412e+06  4.94196e+06  3.50759  1.23549e+06  15 
7.2153e+06  5.0805e+06  3.53511  1.27013e+06  16 
7.4507e+06  5.2211e+06  3.66167  1.30528e+06  18 
7.56152e+06  5.29328e+06  3.72125  1.32332e+06  19 
7.71937e+06  5.43337e+06  3.80611  1.35834e+06  20 
9.06354e+06  6.92514e+06  4.52879  1.73129e+06  21 
9.12253e+06  6.98821e+06  4.5605  1.74705e+06  22 
9.18681e+06  7.06905e+06  4.59506  1.76726e+06  23 
9.31572e+06  7.2294e+06  4.66436  1.80735e+06  24 
9.301e+06  7.38988e+06  4.65645  1.84747e+06  24 
9.31409e+06  7.42578e+06  4.66349  1.85644e+06  25 
9.95461e+06  7.92373e+06  5.00785  1.98093e+06  26 
1.00759e+07  7.77306e+06  5.07304  1.94327e+06  26 
1.06112e+07  8.3924e+06  5.36086  2.0981e+06  27 
1.09539e+07  9.01978e+06  5.54513  2.25495e+06  29 
1.16763e+07  9.43283e+06  5.93352  2.35821e+06  30 
1.22433e+07  1.01337e+07  6.23836  2.53344e+06  31 
1.33634e+07  1.1369e+07  6.84054  2.84225e+06  33 
1.34093e+07  1.12301e+07  6.86523  2.80753e+06  33 
1.37233e+07  1.15196e+07  7.03404  2.87991e+06  34 
1.51523e+07  1.32102e+07  7.8023  3.30255e+06  35 
1.52458e+07  1.30544e+07  7.85261  3.2636e+06  35 
1.59827e+07  1.38093e+07  8.24877  3.45232e+06  36 
1.65223e+07  1.45385e+07  8.53887  3.63461e+06  37 
1.69579e+07  1.50206e+07  8.77305  3.75515e+06  40 
1.7663e+07  1.55464e+07  9.15215  3.88661e+06  41 
1.79301e+07  1.58915e+07  9.29574  3.97288e+06  42 
1.92949e+07  1.72966e+07  10.0295  4.32415e+06  44 
1.93565e+07  1.7334e+07  10.0626  4.3335e+06  45 
1.95054e+07  1.73526e+07  10.1427  4.33816e+06  46 
1.96526e+07  1.76099e+07  10.2218  4.40248e+06  48 
2.04217e+07  1.81691e+07  10.6353  4.54227e+06  50 
2.05459e+07  1.85251e+07  10.7021  4.63127e+06  51 
2.11501e+07  1.90794e+07  11.027  4.76986e+06  53 
2.1806e+07  1.96764e+07  11.3795  4.91911e+06  54 
2.48657e+07  2.26526e+07  13.0245  5.66315e+06  59 
2.51976e+07  2.3237e+07  13.203  5.80926e+06  60 
2.72717e+07  2.50916e+07  14.3181  6.27289e+06  61 
2.97996e+07  2.76744e+07  15.6772  6.91861e+06  63 
3.995e+07  3.81296e+07  21.1344  9.53239e+06  65 
4.0919e+07  3.8796e+07  21.6554  9.69899e+06  67 
4.16564e+07  3.96135e+07  22.0518  9.90338e+06  69 
4.29148e+07  4.08484e+07  22.7284  1.02121e+07  70 
4.4558e+07  4.23817e+07  23.6118  1.05954e+07  71 
4.62091e+07  4.4058e+07  24.4995  1.10145e+07  72 
4.81586e+07  4.59496e+07  25.5476  1.14874e+07  76 
5.51731e+07  5.29415e+07  29.3188  1.32354e+07  79 
3.31777e+07  3.0958e+07  17.4934  7.7395e+06  64 
2.224e+07  2.01097e+07  11.6129  5.02743e+06  55 
1.95916e+07  1.74301e+07  10.189  4.35753e+06  47 
1.07398e+07  8.55748e+06  5.43  2.13937e+06  28 
4.05159e+07  3.8533e+07  21.4386  9.63325e+06  66 
2.22902e+07  2.01924e+07  11.6399  5.0481e+06  56 
6.65603e+06  4.41732e+06  3.23443  1.10433e+06  14 
1.66914e+07  1.45441e+07  8.62978  3.63603e+06  38 
2.32955e+07  2.11415e+07  12.1804  5.28537e+06  58 
9.15123e+06  6.95427e+06  4.57593  1.73857e+06  22 
2.0209e+07  1.80017e+07  10.521  4.50044e+06  49 
1.81047e+07  1.60203e+07  9.38962  4.00507e+06  43 
5.95146e+07  5.73028e+07  31.653  1.43257e+07  80 
1.68644e+07  1.48438e+07  8.72278  3.71095e+06  39 
4.65117e+07  4.44568e+07  24.6622  1.11142e+07  74 
2.8795e+07  2.645e+07  15.1371  6.61249e+06  62 
1.32891e+07  1.11596e+07  6.80058  2.78989e+06  32 
4.64197e+07  4.42167e+07  24.6127  1.10542e+07  73 
4.67453e+07  4.47332e+07  24.7878  1.11833e+07  75 
1.7713e+07  1.54049e+07  9.17904  3.85123e+06  41 
2.26208e+07  2.05434e+07  11.8177  5.13585e+06  57 
4.97771e+07  4.76643e+07  26.4178  1.19161e+07  78 
4.96889e+07  4.75493e+07  26.3704  1.18873e+07  77 
4.11414e+07  3.8984e+07  21.7749  9.746e+06  68 
7.28763e+06  5.09331e+06  3.574  1.27333e+06  17 
2.07546e+07  1.87549e+07  10.8143  4.68873e+06  52 

1.15032e+06  1.66762  0.274366  0.416906  0 
2.08776e+06  0.870309  0.778366  0.217577  0 
1.74072e+06  0.965755  0.591785  0.241439  0 
1.51488e+06  1.12192  0.470366  0.28048  0 
1.37256e+06  1.40519  0.393849  0.351297  0 
1.44288e+06  1.25329  0.431656  0.313323  0 
1.69992e+06  1.08544  0.569849  0.271359  0 
1.32936e+06  1.64612  0.370624  0.411531  0 
1.68504e+06  1.1115  0.561849  0.277875  0 
1.40568e+06  1.92321  0.411656  0.480801  1 
1.47096e+06  1.41402  0.446753  0.353504  1 
1.36224e+06  2.05583  0.388301  0.513958  1 
1.5144e+06  1.39148  0.470108  0.347869  1 
1.7124e+06  1.11188  0.576559  0.277971  1 
1.40736e+06  1.47412  0.412559  0.368529  1 
1.31904e+06  2.15917  0.365075  0.539793  1 
1.54224e+06  1.25698  0.485075  0.314245  1 
1.74096e+06  0.987529  0.591914  0.246882  1 
1.62048e+06  1.2456  0.52714  0.311401  1 
1.52304e+06  1.45799  0.474753  0.364498  2 
1.49256e+06  1.73509  0.458366  0.433773  2 
1.92384e+06  1.13542  0.690237  0.283856  2 
1.87272e+06  1.21428  0.662753  0.30357  2 
1.7376e+06  1.25475  0.590108  0.313688  2 
1.80216e+06  1.21971  0.624817  0.304928  2 
1.41504e+06  1.96637  0.416688  0.491592  2 
1.51824e+06  1.4866  0.472172  0.371649  2 
1.4988e+06  1.64561  0.46172  0.411401  2 
1.7232e+06  1.35974  0.582366  0.339935  2 
1.71168e+06  1.45754  0.576172  0.364384  2 
1.52808e+06  2.28053  0.477462  0.570132  3 
1.77192e+06  1.30211  0.608559  0.325527  3 
1.96968e+06  1.13566  0.714882  0.283916  3 
1.89936e+06  1.30035  0.677075  0.325087  3 
1.64664e+06  1.48046  0.541204  0.370116  3 
1.53216e+06  2.21704  0.479656  0.55426  3 
1.59144e+06  1.64452  0.511527  0.411131  3 
1.76616e+06  1.6034  0.605462  0.400851  4 
1.5948e+06  1.65108  0.513333  0.41277  4 
1.73712e+06  1.64523  0.589849  0.411307  4 
1.86504e+06  1.43796  0.658624  0.359491  4 
2.15232e+06  1.21897  0.813075  0.304743  4 
2.01432e+06  1.22305  0.738882  0.305763  4 
2.00472e+06  1.25647  0.73372  0.314118  4 
1.84464e+06  1.48561  0.647656  0.371403  4 
2.30736e+06  1.27937  0.89643  0.319844  5 
1.7184e+06  1.82021  0.579785  0.455053  5 
1.74312e+06  1.72677  0.593075  0.431694  5 
2.02752e+06  1.36887  0.745978  0.342218  5 
1.88952e+06  1.58298  0.671785  0.395745  5 
1.94016e+06  1.68221  0.699011  0.420554  6 
2.11344e+06  1.42217  0.792172  0.355543  6 
1.92792e+06  1.86092  0.69243  0.46523  6 
2.14584e+06  1.74451  0.809591  0.436128  7 
2.06304e+06  2.06033  0.765075  0.515083  7 
2.25409e+06  180969  0.867789  45242.3  8 
2.42381e+06  212691  0.959037  53172.7  9 
2.48906e+06  350185  0.99412  87546.2  10 
2.50654e+06  285338  1.00351  71334.5  10 
2.58218e+06  299060  1.04418  74764.9  11 
2.64019e+06  485950  1.07537  121487  12 
2.69677e+06  552608  1.10579  138152  13 
2.78321e+06  525295  1.15227  131324  13 
2.7511e+06  626138  1.135  156534  14 
2.9949e+06  908106  1.26608  227026  15 
3.25597e+06  1.14421e+06  1.40644  286053  16 
3.26053e+06  978376  1.40889  244594  16 
3.17105e+06  1.16105e+06  1.36078  290263  16 
3.34103e+06  1.14815e+06  1.45216  287037  17 
3.77766e+06  1.68966e+06  1.68691  422416  18 
3.80141e+06  1.78061e+06  1.69968  445153  19 
4.0518e+06  1.9674e+06  1.8343  491850  20 
4.15059e+06  2.01291e+06  1.88741  503228  21 
4.22559e+06  2.01496e+06  1.92774  503739  22 
4.18644e+06  2.475e+06  1.90669  618750  22 
4.27953e+06  2.18841e+06  1.95674  547104  23 
4.40793e+06  2.30889e+06  2.02577  577222  24 
4.89978e+06  2.70258e+06  2.29021  675646  25 
4.94671e+06  2.73895e+06  2.31543  684738  26 
4.98276e+06  2.91756e+06  2.33482  729391  27 
5.34135e+06  3.44391e+06  2.52761  860979  28 
5.54267e+06  3.34283e+06  2.63585  835708  28 
5.32224e+06  3.5508e+06  2.51733  887701  28 
5.63983e+06  3.41359e+06  2.68808  853398  29 
5.72149e+06  3.50725e+06  2.73198  876813  30 
5.86047e+06  3.62823e+06  2.8067  907058  31 
6.58637e+06  4.45709e+06  3.19697  1.11427e+06  32 
6.9119e+06  4.80542e+06  3.37199  1.20136e+06  33 
7.10866e+06  5.05475e+06  3.47778  1.26369e+06  34 
7.21842e+06  5.06922e+06  3.53679  1.26731e+06  35 
7.26636e+06  5.51604e+06  3.56256  1.37901e+06  36 
8.01669e+06  6.04965e+06  3.96596  1.51241e+06  37 
8.65315e+06  6.68227e+06  4.30814  1.67057e+06  38 
8.85266e+06  6.53042e+06  4.41541  1.63261e+06  38 
9.21637e+06  7.14949e+06  4.61095  1.78737e+06  39 
9.58312e+06  7.76008e+06  4.80813  1.94002e+06  40 
9.98255e+06  7.97063e+06  5.02287  1.99266e+06  41 
1.05728e+07  8.53645e+06  5.34024  2.13411e+06  42 
1.12004e+07  9.10114e+06  5.67765  2.27529e+06  43 
1.18356e+07  9.5647e+06  6.01913  2.39117e+06  44 

1.12952e+06  1042.7  0.263183  260.674  0 
2.13e+06  0.862741  0.801075  0.215685  0 
1.21728e+06  1.33211  0.310366  0.333028  0 
1.92048e+06  0.89429  0.68843  0.223573  0 
1.67664e+06  0.935033  0.557333  0.233758  0 
1.51992e+06  1.02115  0.473075  0.255287  0 
1.41816e+06  1.13079  0.418366  0.282697  0 
1.33968e+06  1.14844  0.376172  0.28711  0 
1.278e+06  1.17088  0.343011  0.29272  0 
1.47312e+06  1.06115  0.447914  0.265288  0 
1.45896e+06  1.10777  0.440301  0.276942  0 
1.5108e+06  1.04723  0.468172  0.261807  0 
1.91832e+06  0.929254  0.687269  0.232313  1 
1.47288e+06  1.10648  0.447785  0.27662  1 
1.49304e+06  1.10747  0.458624  0.276867  2 
1.47024e+06  1.11339  0.446366  0.278347  1 
1.26288e+06  1.58249  0.334882  0.395623  2 
1.42008e+06  1.17922  0.419398  0.294805  1 
1.54008e+06  1.07438  0.483914  0.268596  3 
1.59792e+06  1.03317  0.515011  0.258292  1 
1.28112e+06  1.30479  0.344688  0.326197  0 
1.72824e+06  0.976755  0.585075  0.244189  1 
1.23096e+06  1.5958  0.31772  0.398949  1 
1.57032e+06  1.06402  0.500172  0.266004  1 
1.31928e+06  1.26524  0.365204  0.316311  1 
1.26312e+06  1.51979  0.335011  0.379948  1 
1.38432e+06  1.2618  0.400172  0.31545  2 
1.88184e+06  1.01295  0.667656  0.253237  2 
1.43688e+06  1.28017  0.42843  0.320041  2 
1.4616e+06  1.20282  0.44172  0.300706  2 
1.61616e+06  1.03755  0.524817  0.259387  1 
2.07048e+06  1.00312  0.769075  0.25078  3 
1.58064e+06  1.08726  0.50572  0.271815  2 
1.28424e+06  1.41086  0.346366  0.352715  0 
1.2432e+06  1.62567  0.324301  0.406417  2 
1.446e+06  1.21734  0.433333  0.304335  2 
1.35072e+06  1.302  0.382108  0.325501  3 
1.3212e+06  1.37625  0.366237  0.344064  2 
1.74096e+06  1.03632  0.591914  0.25908  2 
1.33992e+06  1.30369  0.376301  0.325922  2 
1.38264e+06  1.28536  0.399269  0.32134  2 
1.44144e+06  1.23501  0.430882  0.308753  3 
1.50696e+06  1.16603  0.466108  0.291506  5 
1.53576e+06  1.14752  0.481591  0.286881  4 
1.34448e+06  1.40685  0.378753  0.351714  1 
1.51248e+06  1.21684  0.469075  0.30421  3 
1.2912e+06  1.50127  0.350108  0.375317  4 
1.35408e+06  1.35961  0.383914  0.339903  3 
1.67256e+06  1.09005  0.55514  0.272512  2 
1.3932e+06  1.30963  0.404946  0.327408  3 
1.38096e+06  1.35043  0.398366  0.337607  3 
2.06784e+06  1.03714  0.767656  0.259286  3 
1.44864e+06  1.24938  0.434753  0.312346  4 
1.59936e+06  1.09209  0.515785  0.273023  2 
1.8924e+06  1.06042  0.673333  0.265106  3 
1.5828e+06  1.14325  0.506882  0.285813  4 
1.6644e+06  1.0911  0.550753  0.272776  3 
1.29168e+06  1.49046  0.350366  0.372616  1 
1.48392e+06  1.22624  0.45372  0.306561  4 
1.7124e+06  1.06328  0.576559  0.265819  2 
1.53408e+06  1.19477  0.480688  0.298692  4 
1.25472e+06  1.79226  0.330495  0.448065  3 
1.32624e+06  1.46861  0.368946  0.367153  3 
1.56528e+06  1.1837  0.497462  0.295925  5 
1.39056e+06  1.34322  0.403527  0.335805  3 
1.45464e+06  1.33311  0.437978  0.333279  5 
1.60944e+06  1.10792  0.521204  0.276979  3 
1.69032e+06  1.10692  0.564688  0.27673  0 
1.53312e+06  1.25053  0.480172  0.312632  5 
1.89504e+06  1.06447  0.674753  0.266117  4 
1.77264e+06  1.07639  0.608946  0.269097  3 
1.60032e+06  1.14465  0.516301  0.286162  1 
1.87824e+06  1.06654  0.66572  0.266634  3 
1.54752e+06  1.21659  0.487914  0.304149  5 
1.29984e+06  1.52723  0.354753  0.381807  2 
1.29168e+06  2.02447  0.350366  0.506117  3 
1.2624e+06  2.11581  0.334624  0.528952  3 
1.4568e+06  1.26699  0.43914  0.316748  3 
1.60512e+06  1.13525  0.518882  0.283812  4 
1.45344e+06  1.33763  0.437333  0.334407  5 
1.42128e+06  1.34207  0.420043  0.335518  4 
1.38576e+06  1.46824  0.400946  0.36706  4 
1.4988e+06  1.26175  0.46172  0.315436  5 
1.37304e+06  1.4721  0.394108  0.368025  4 
1.45776e+06  1.30924  0.439656  0.327311  5 
1.58616e+06  1.22766  0.508688  0.306914  6 
1.62144e+06  1.17574  0.527656  0.293935  4 
1.70088e+06  1.13026  0.570366  0.282564  4 
1.67232e+06  1.13541  0.555011  0.283854  5 
1.61904e+06  1.21931  0.526366  0.304826  4 
1.56408e+06  1.24303  0.496817  0.310759  5 
1.32192e+06  1.57435  0.366624  0.393587  3 
1.42464e+06  1.37294  0.421849  0.343235  5 
1.44816e+06  1.34726  0.434495  0.336815  5 
1.36152e+06  1.56126  0.387914  0.390314  5 
1.45992e+06  1.38275  0.440817  0.345687  6 
1.42536e+06  1.38391  0.422237  0.345977  6 
1.38024e+06  1.65514  0.397978  0.413785  0 
1.51968e+06  1.33682  0.472946  0.334206  6 
1.6224e+06  1.283  0.528172  0.32075  1 

1.10448e+06  1.71088  0.24972  0.42772  0 
2.16624e+06  0.851106  0.820559  0.212776  0 
1.7256e+06  0.883057  0.583656  0.220764  0 
1.37904e+06  0.989088  0.397333  0.247272  0 
1.15752e+06  1.21051  0.278237  0.302626  0 
1.2888e+06  1.02864  0.348817  0.257159  0 
1.21512e+06  1.06696  0.309204  0.266739  0 
1.64064e+06  0.887051  0.537978  0.221763  0 
1.1124e+06  1.58555  0.253978  0.396388  0 
1.59504e+06  0.909747  0.513462  0.227437  0 
1.55328e+06  0.922121  0.491011  0.23053  0 
1.53024e+06  0.935868  0.478624  0.233967  1 
1.49568e+06  0.942557  0.460043  0.235639  0 
1.47264e+06  0.944413  0.447656  0.236103  0 
1.452e+06  0.952738  0.436559  0.238185  0 
1.35696e+06  0.993115  0.385462  0.248279  0 
1.14336e+06  1.40559  0.270624  0.351398  0 
2.05584e+06  0.857199  0.761204  0.2143  0 
1.96104e+06  0.869842  0.710237  0.217461  1 
1.58544e+06  0.909785  0.508301  0.227446  1 
1.62528e+06  0.901275  0.52972  0.225319  0 
1.91424e+06  0.874844  0.685075  0.218711  0 
1.90536e+06  0.878071  0.680301  0.219518  0 
1.35552e+06  0.997313  0.384688  0.249328  1 
1.52256e+06  0.940287  0.474495  0.235072  0 
1.4004e+06  0.988574  0.408817  0.247144  3 
1.37208e+06  1.02992  0.393591  0.257479  0 
1.3428e+06  1.06409  0.377849  0.266023  0 
1.68024e+06  0.904213  0.559269  0.226053  2 
1.19688e+06  1.24131  0.299398  0.310328  1 
1.1448e+06  1.60195  0.271398  0.400486  1 
1.36536e+06  1.04218  0.389978  0.260546  1 
1.22832e+06  1.19086  0.316301  0.297715  1 
1.23768e+06  1.11498  0.321333  0.278744  1 
1.82256e+06  0.891788  0.635785  0.222947  1 
1.35e+06  1.05927  0.38172  0.264817  1 
1.4916e+06  0.978251  0.457849  0.244563  3 
1.46328e+06  0.988777  0.442624  0.247194  2 
1.53576e+06  0.946847  0.481591  0.236712  1 
1.51248e+06  0.950192  0.469075  0.237548  0 
1.5948e+06  0.926265  0.513333  0.231566  0 
1.23144e+06  1.1792  0.317978  0.2948  1 
1.4688e+06  0.987484  0.445591  0.246871  2 
1.92312e+06  0.886346  0.689849  0.221587  0 
1.36584e+06  1.03573  0.390237  0.258934  1 
1.41864e+06  1.00657  0.418624  0.251641  1 
1.31376e+06  1.11362  0.362237  0.278405  3 
1.48944e+06  0.984028  0.456688  0.246007  2 
2.2008e+06  0.87942  0.83914  0.219855  2 
1.90104e+06  0.889945  0.677978  0.222486  1 
1.56936e+06  0.944695  0.499656  0.236174  3 
1.96632e+06  0.882251  0.713075  0.220563  2 
1.85064e+06  0.896154  0.650882  0.224039  2 
1.51752e+06  0.954582  0.471785  0.238645  1 
1.64544e+06  0.938707  0.540559  0.234677  1 
1.94232e+06  0.895617  0.700172  0.223904  2 
1.73832e+06  0.908504  0.590495  0.227126  3 
1.16376e+06  1.69752  0.281591  0.42438  2 
1.73808e+06  0.908555  0.590366  0.227139  0 
1.44648e+06  1.01888  0.433591  0.254721  0 
2.028e+06  0.883443  0.746237  0.220861  2 
1.6536e+06  0.926763  0.544946  0.231691  2 
1.53864e+06  0.949144  0.48314  0.237286  2 
1.36392e+06  1.06836  0.389204  0.267091  2 
1.68768e+06  0.925769  0.563269  0.231442  2 
1.96152e+06  0.894417  0.710495  0.223604  0 
1.24824e+06  1.11771  0.327011  0.279429  1 
1.23744e+06  1.4184  0.321204  0.3546  2 
1.40376e+06  1.03739  0.410624  0.259348  2 
1.23768e+06  1.35115  0.321333  0.337787  2 
1.3536e+06  1.07147  0.383656  0.267868  0 
1.15344e+06  1.69955  0.276043  0.424888  1 
1.61352e+06  0.945059  0.523398  0.236265  4 
1.19208e+06  1.65709  0.296817  0.414272  0 
1.49688e+06  0.980443  0.460688  0.245111  1 
1.19832e+06  1.50374  0.300172  0.375935  2 
1.64832e+06  0.929935  0.542108  0.232484  2 
1.68744e+06  0.926185  0.56314  0.231546  4 
1.38552e+06  1.03897  0.400817  0.259742  0 
1.24176e+06  1.21652  0.323527  0.304131  3 
1.71024e+06  0.910968  0.575398  0.227742  1 
1.2084e+06  1.43202  0.305591  0.358005  2 
1.308e+06  1.13731  0.35914  0.284327  3 
1.2348e+06  1.54093  0.319785  0.385232  0 
1.65e+06  0.934775  0.543011  0.233694  0 
1.42056e+06  1.11177  0.419656  0.277942  1 
1.4724e+06  1.02016  0.447527  0.25504  3 
1.8696e+06  0.896472  0.661075  0.224118  0 
1.28544e+06  1.1434  0.347011  0.285849  2 
1.56768e+06  0.953927  0.498753  0.238482  0 
1.21296e+06  1.57048  0.308043  0.392619  2 
1.42824e+06  1.05204  0.423785  0.26301  1 
1.59792e+06  0.952628  0.515011  0.238157  4 
1.72632e+06  0.922008  0.584043  0.230502  3 
1.512e+06  0.98564  0.468817  0.24641  3 
1.60008e+06  0.94925  0.516172  0.237313  2 
1.50672e+06  0.995488  0.465978  0.248872  1 
1.69392e+06  0.930045  0.566624  0.232511  3 
1.70904e+06  0.926013  0.574753  0.231503  2 
2.10072e+06  0.890176  0.785333  0.222544  3 

1.07184e+06  1.34195  0.232172  0.335488  0 
2.12448e+06  0.837193  0.798108  0.209298  0 
1.8804e+06  0.84556  0.666882  0.21139  0 
1.63728e+06  0.86472  0.536172  0.21618  0 
1.41936e+06  0.916425  0.419011  0.229106  0 
1.26168e+06  1.00905  0.334237  0.252263  0 
1.1604e+06  1.07765  0.279785  0.269413  0 
1.3152e+06  0.946441  0.363011  0.23661  0 
1.12944e+06  1.28454  0.26314  0.321136  0 
1.61712e+06  0.867861  0.525333  0.216965  0 
1.54392e+06  0.875404  0.485978  0.218851  0 
1.2432e+06  1.03329  0.324301  0.258322  0 
1.50672e+06  0.883466  0.465978  0.220867  0 
1.14672e+06  1.13507  0.27243  0.283768  0 
1.48752e+06  0.890212  0.455656  0.222553  0 
1.11816e+06  1.32043  0.257075  0.330107  0 
1.20216e+06  1.05712  0.302237  0.264279  0 
1.39152e+06  0.926289  0.404043  0.231572  0 
1.84296e+06  0.847405  0.646753  0.211851  0 
1.48032e+06  0.901172  0.451785  0.225293  0 
1.18704e+06  1.06291  0.294108  0.265726  0 
1.30248e+06  0.995584  0.356172  0.248896  0 
1.83816e+06  0.855724  0.644172  0.213931  0 
1.81464e+06  0.85622  0.631527  0.214055  0 
1.80216e+06  0.856383  0.624817  0.214096  0 
1.28904e+06  1.0024  0.348946  0.250601  0 
1.2852e+06  1.00289  0.346882  0.250723  0 
1.47264e+06  0.911718  0.447656  0.22793  0 
1.78056e+06  0.860359  0.613204  0.21509  0 
1.18272e+06  1.07388  0.291785  0.26847  0 
1.76592e+06  0.862217  0.605333  0.215554  0 
1.93224e+06  0.844121  0.694753  0.21103  0 
1.46616e+06  0.915168  0.444172  0.228792  0 
1.24248e+06  1.05632  0.323914  0.264081  0 
1.54368e+06  0.881192  0.485849  0.220298  0 
1.356e+06  0.94795  0.384946  0.236987  1 
1.32576e+06  0.981192  0.368688  0.245298  1 
1.1316e+06  1.41954  0.264301  0.354885  1 
1.15248e+06  1.31354  0.275527  0.328385  1 
1.89168e+06  0.854785  0.672946  0.213696  1 
1.27392e+06  1.00932  0.340817  0.252331  1 
1.59936e+06  0.879068  0.515785  0.219767  1 
1.14912e+06  1.32025  0.27372  0.330062  1 
1.1568e+06  1.21954  0.277849  0.304884  1 
1.50288e+06  0.89084  0.463914  0.22271  1 
1.19256e+06  1.14457  0.297075  0.286143  1 
1.30896e+06  1.00472  0.359656  0.251179  1 
1.40928e+06  0.938747  0.413591  0.234687  1 
1.57656e+06  0.881373  0.503527  0.220343  1 
1.60368e+06  0.876343  0.518108  0.219086  1 
1.63128e+06  0.874983  0.532946  0.218746  1 
1.15536e+06  1.27812  0.277075  0.319529  1 
1.67136e+06  0.867829  0.554495  0.216957  1 
1.89648e+06  0.849787  0.675527  0.212447  1 
1.30752e+06  1.00871  0.358882  0.252177  1 
1.19808e+06  1.06363  0.300043  0.265907  1 
1.71624e+06  0.867794  0.578624  0.216949  1 
1.64016e+06  0.869735  0.53772  0.217434  1 
1.75608e+06  0.86532  0.600043  0.21633  1 
1.43568e+06  0.928892  0.427785  0.232223  1 
1.8288e+06  0.857125  0.63914  0.214281  1 
1.5336e+06  0.889035  0.48043  0.222259  1 
1.28304e+06  1.00924  0.34572  0.252309  1 
1.78056e+06  0.861646  0.613204  0.215411  1 
1.49064e+06  0.894719  0.457333  0.22368  1 
2.02824e+06  0.845401  0.746366  0.21135  1 
2.04624e+06  0.844447  0.756043  0.211112  1 
1.43832e+06  0.925459  0.429204  0.231365  1 
2.14776e+06  0.842973  0.810624  0.210743  1 
1.46904e+06  0.915293  0.44572  0.228823  1 
1.53768e+06  0.884856  0.482624  0.221214  1 
1.81272e+06  0.860109  0.630495  0.215027  1 
1.16448e+06  1.16753  0.281978  0.291883  1 
1.79256e+06  0.861233  0.619656  0.215308  1 
2.09232e+06  0.845044  0.780817  0.211261  2 
1.49256e+06  0.918575  0.458366  0.229644  2 
1.53168e+06  0.894135  0.479398  0.223534  2 
1.19856e+06  1.0743  0.300301  0.268575  2 
1.27416e+06  1.01024  0.340946  0.252561  2 
1.56168e+06  0.885503  0.495527  0.221376  2 
1.41336e+06  0.943475  0.415785  0.235869  2 
1.58544e+06  0.882675  0.508301  0.220669  2 
1.69488e+06  0.870586  0.56714  0.217646  2 
1.37904e+06  0.948639  0.397333  0.23716  2 
1.74168e+06  0.867963  0.592301  0.216991  2 
1.3344e+06  1.00063  0.373333  0.250157  2 
1.16664e+06  1.22026  0.28314  0.305065  2 
1.71384e+06  0.868809  0.577333  0.217202  2 
1.62504e+06  0.876844  0.529591  0.219211  2 
1.47888e+06  0.934933  0.451011  0.233733  2 
1.4304e+06  0.939248  0.424946  0.234812  2 
1.83888e+06  0.865051  0.644559  0.216263  2 
2.02008e+06  0.852904  0.741978  0.213226  2 
1.34304e+06  0.99713  0.377978  0.249283  2 
1.37784e+06  0.9622  0.396688  0.24055  2 
1.3632e+06  0.983772  0.388817  0.245943  2 
1.47792e+06  0.939365  0.450495  0.234841  3 
1.24824e+06  1.19801  0.327011  0.299502  3 
1.37424e+06  0.991779  0.394753  0.247945  3 
1.56024e+06  0.932001  0.494753  0.233  3 

1.05936e+06  1.41682  0.225462  0.354205  0 
2.02536e+06  0.824269  0.744817  0.206067  0 
1.75512e+06  0.841196  0.599527  0.210299  0 
1.48824e+06  0.870919  0.456043  0.21773  0 
1.26984e+06  0.937546  0.338624  0.234386  0 
1.11744e+06  1.09521  0.256688  0.273802  0 
1.2084e+06  0.981966  0.305591  0.245492  0 
1.07016e+06  1.34331  0.231269  0.335827  0 
1.17504e+06  1.02302  0.287656  0.255754  0 
1.0872e+06  1.28264  0.24043  0.320661  0 
1.45248e+06  0.88215  0.436817  0.220537  0 
1.42608e+06  0.88877  0.422624  0.222193  0 
1.14552e+06  1.04702  0.271785  0.261756  0 
1.39512e+06  0.89217  0.405978  0.223042  0 
1.36512e+06  0.899642  0.389849  0.22491  0 
1.10088e+06  1.11181  0.247785  0.277951  0 
1.2504e+06  0.952126  0.328172  0.238031  0 
1.73976e+06  0.841613  0.591269  0.210403  0 
1.34544e+06  0.910175  0.379269  0.227544  0 
1.7256e+06  0.845161  0.583656  0.21129  0 
1.134e+06  1.06505  0.265591  0.266262  0 
1.326e+06  0.914103  0.368817  0.228526  0 
1.16136e+06  1.02534  0.280301  0.256334  0 
1.70736e+06  0.849602  0.573849  0.212401  0 
1.67112e+06  0.850066  0.554366  0.212517  0 
1.1856e+06  1.00413  0.293333  0.251033  0 
1.12584e+06  1.07734  0.261204  0.269335  0 
1.64256e+06  0.854142  0.539011  0.213535  0 
1.24032e+06  0.965813  0.322753  0.241453  0 
1.60992e+06  0.855607  0.521462  0.213902  0 
1.23336e+06  0.96681  0.319011  0.241703  0 
1.5984e+06  0.856748  0.515269  0.214187  0 
1.97952e+06  0.828609  0.720172  0.207152  0 
1.5732e+06  0.858382  0.50172  0.214596  0 
1.9416e+06  0.830253  0.699785  0.207563  0 
1.54128e+06  0.860334  0.484559  0.215084  0 
1.29744e+06  0.926988  0.353462  0.231747  0 
1.8936e+06  0.831297  0.673978  0.207824  0 
1.2024e+06  0.994266  0.302366  0.248567  0 
1.53096e+06  0.861399  0.479011  0.21535  0 
1.50792e+06  0.863227  0.466624  0.215807  0 
1.4736e+06  0.874737  0.448172  0.218684  0 
1.18104e+06  1.01597  0.290882  0.253992  0 
1.08408e+06  1.29172  0.238753  0.322929  0 
1.23072e+06  0.97512  0.317591  0.24378  0 
1.21992e+06  0.977014  0.311785  0.244254  0 
1.35528e+06  0.905631  0.384559  0.226408  0 
1.88808e+06  0.836795  0.671011  0.209199  0 
1.27872e+06  0.933151  0.343398  0.233288  0 
1.8648e+06  0.836815  0.658495  0.209204  0 
1.2672e+06  0.948549  0.337204  0.237137  0 
1.72128e+06  0.846071  0.581333  0.211518  0 
1.7712e+06  0.838796  0.608172  0.209699  0 
1.47192e+06  0.880696  0.447269  0.220174  0 
1.5684e+06  0.858895  0.49914  0.214724  0 
1.23288e+06  0.971703  0.318753  0.242926  0 
1.44432e+06  0.887873  0.43243  0.221968  0 
1.26192e+06  0.95157  0.334366  0.237892  0 
1.52808e+06  0.86269  0.477462  0.215672  0 
1.20048e+06  1.00372  0.301333  0.250929  0 
1.38312e+06  0.899236  0.399527  0.224809  0 
1.12128e+06  1.11241  0.258753  0.278102  0 
1.46544e+06  0.882834  0.443785  0.220709  0 
1.40712e+06  0.895516  0.41243  0.223879  1 
1.24728e+06  0.965926  0.326495  0.241481  0 
1.64664e+06  0.855837  0.541204  0.213959  0 
1.254e+06  0.962172  0.330108  0.240543  0 
1.18488e+06  1.02925  0.292946  0.257312  0 
1.3428e+06  0.927193  0.377849  0.231798  0 
1.284e+06  0.953696  0.346237  0.238424  0 
1.32192e+06  0.927535  0.366624  0.231884  0 
1.16952e+06  1.04797  0.284688  0.261992  0 
1.44696e+06  0.891671  0.433849  0.222918  0 
1.21656e+06  0.984718  0.309978  0.246179  0 
1.29024e+06  0.941598  0.349591  0.235399  0 
1.35624e+06  0.906366  0.385075  0.226591  0 
1.62096e+06  0.856385  0.527398  0.214096  0 
1.8936e+06  0.836514  0.673978  0.209129  1 
1.4904e+06  0.872592  0.457204  0.218148  0 
1.7928e+06  0.844066  0.619785  0.211017  0 
1.45464e+06  0.887203  0.437978  0.221801  0 
1.86936e+06  0.837283  0.660946  0.209321  0 
1.36968e+06  0.90515  0.392301  0.226287  0 
1.13568e+06  1.06522  0.266495  0.266305  0 
1.11456e+06  1.1903  0.25514  0.297574  0 
1.11e+06  1.28985  0.252688  0.322462  0 
1.50792e+06  0.866756  0.466624  0.216689  0 
1.09032e+06  1.41533  0.242108  0.353832  0 
1.76016e+06  0.844534  0.602237  0.211133  0 
1.8756e+06  0.836927  0.664301  0.209232  0 
1.12656e+06  1.08157  0.261591  0.270392  0 
1.6896e+06  0.85282  0.564301  0.213205  0 
1.30536e+06  0.931674  0.35772  0.232919  0 
1.21296e+06  1.00326  0.308043  0.250815  0 
1.53768e+06  0.862434  0.482624  0.215608  0 
1.37664e+06  0.900516  0.396043  0.225129  0 
1.7544e+06  0.846331  0.59914  0.211583  0 
1.29864e+06  0.931846  0.354108  0.232962  0 
1.91688e+06  0.833785  0.686495  0.208446  1 
1.19496e+06  1.02261  0.298366  0.255653  0 

1.04376e+06  1.4892  0.217075  0.372301  0 
1.9884e+06  0.822696  0.724946  0.205674  0 
1.67064e+06  0.839542  0.554108  0.209885  0 
1.38864e+06  0.891238  0.402495  0.222809  0 
1.16568e+06  0.981641  0.282624  0.24541  0 
1.07064e+06  1.19071  0.231527  0.297677  0 
1.10616e+06  1.07149  0.250624  0.267872  0 
1.34928e+06  0.896282  0.381333  0.224071  0 
1.31208e+06  0.91035  0.361333  0.227588  0 
1.07568e+06  1.12351  0.234237  0.280877  0 
1.28352e+06  0.920694  0.345978  0.230174  0 
1.13472e+06  1.01161  0.265978  0.252903  0 
1.2492e+06  0.925493  0.327527  0.231373  0 
1.63584e+06  0.843017  0.535398  0.210754  0 
1.60632e+06  0.849359  0.519527  0.21234  0 
1.5504e+06  0.851336  0.489462  0.212834  0 
1.05024e+06  1.45395  0.220559  0.363489  0 
1.2252e+06  0.948033  0.314624  0.237008  0 
1.11912e+06  1.03117  0.257591  0.257793  0 
1.5312e+06  0.858169  0.47914  0.214542  0 
1.4976e+06  0.860417  0.461075  0.215104  0 
1.48344e+06  0.861148  0.453462  0.215287  0 
1.4628e+06  0.862042  0.442366  0.215511  0 
1.43784e+06  0.865944  0.428946  0.216486  0 
1.09488e+06  1.1033  0.244559  0.275826  0 
1.21152e+06  0.965739  0.307269  0.241435  0 
1.43112e+06  0.871141  0.425333  0.217785  0 
1.0644e+06  1.43422  0.228172  0.358556  0 
1.20096e+06  0.96842  0.301591  0.242105  0 
1.338e+06  0.897348  0.375269  0.224337  0 
1.91592e+06  0.827574  0.685978  0.206893  0 
1.24368e+06  0.934744  0.324559  0.233686  0 
1.88352e+06  0.828862  0.668559  0.207216  0 
1.42464e+06  0.880842  0.421849  0.220211  0 
1.84896e+06  0.829176  0.649978  0.207294  0 
1.41672e+06  0.880907  0.417591  0.220227  0 
1.11432e+06  1.05208  0.255011  0.263021  0 
1.06464e+06  1.42425  0.228301  0.356064  0 
1.06632e+06  1.32841  0.229204  0.332104  0 
1.40664e+06  0.88218  0.412172  0.220545  0 
1.10256e+06  1.0855  0.248688  0.271375  0 
1.7484e+06  0.831956  0.595914  0.207989  0 
1.06728e+06  1.29998  0.22972  0.324995  0 
1.19544e+06  0.975184  0.298624  0.243796  0 
1.30752e+06  0.9148  0.358882  0.2287  0 
1.29696e+06  0.915476  0.353204  0.228869  0 
1.3188e+06  0.905315  0.364946  0.226329  0 
1.06848e+06  1.28536  0.230366  0.321341  0 
1.40208e+06  0.887177  0.40972  0.221794  0 
1.38456e+06  0.892321  0.400301  0.22308  0 
1.3692e+06  0.892391  0.392043  0.223098  0 
1.18872e+06  0.978074  0.295011  0.244518  0 
1.2948e+06  0.917233  0.352043  0.229308  0 
1.22328e+06  0.962436  0.313591  0.240609  0 
1.28784e+06  0.91781  0.348301  0.229452  0 
1.1868e+06  0.978776  0.293978  0.244694  0 
1.0608e+06  1.4512  0.226237  0.362799  0 
1.18176e+06  0.979016  0.291269  0.244754  0 
1.07448e+06  1.17326  0.233591  0.293315  0 
1.36776e+06  0.89381  0.391269  0.223452  0 
1.70688e+06  0.837187  0.573591  0.209297  0 
1.65528e+06  0.840775  0.545849  0.210194  0 
1.52688e+06  0.858255  0.476817  0.214564  0 
1.22232e+06  0.963098  0.313075  0.240774  0 
1.11648e+06  1.05019  0.256172  0.262548  0 
1.62072e+06  0.848056  0.527269  0.212014  0 
1.31712e+06  0.909236  0.364043  0.227309  0 
1.52328e+06  0.859363  0.474882  0.214841  0 
1.4016e+06  0.890003  0.409462  0.222501  0 
1.4532e+06  0.864912  0.437204  0.216228  0 
1.24752e+06  0.933813  0.326624  0.233453  0 
1.51776e+06  0.859542  0.471914  0.214886  0 
1.38744e+06  0.891533  0.401849  0.222883  0 
1.41456e+06  0.881441  0.41643  0.22036  0 
1.21032e+06  0.967683  0.306624  0.241921  0 
1.17432e+06  0.980926  0.287269  0.245232  0 
1.1724e+06  0.981032  0.286237  0.245258  0 
1.29624e+06  0.916636  0.352817  0.229159  0 
1.66968e+06  0.840192  0.553591  0.210048  0 
1.19472e+06  0.977635  0.298237  0.244409  0 
1.64928e+06  0.842647  0.542624  0.210662  0 
1.41264e+06  0.881898  0.415398  0.220474  0 
1.3536e+06  0.89613  0.383656  0.224032  0 
1.09368e+06  1.12337  0.243914  0.280843  0 
1.47336e+06  0.861946  0.448043  0.215486  0 
1.6908e+06  0.839478  0.564946  0.209869  0 
1.54464e+06  0.858144  0.486366  0.214536  0 
1.10616e+06  1.07149  0.250624  0.267872  0 
1.10616e+06  1.07149  0.250624  0.267872  0 
1.10616e+06  1.07149  0.250624  0.267872  0 
1.1868e+06  0.978776  0.293978  0.244694  0 
1.47336e+06  0.861946  0.448043  0.215486  0 
1.30752e+06  0.9148  0.358882  0.2287  0 
1.4952e+06  0.864177  0.459785  0.216044  0 
1.35816e+06  0.896243  0.386108  0.224061  0 
1.2264e+06  0.979579  0.315269  0.244895  0 
1.40448e+06  0.891897  0.411011  0.222974  0 
1.308e+06  0.93253  0.35914  0.233132  0 
1.44312e+06  0.887783  0.431785  0.221946  0 
1.3188e+06  0.90942  0.364946  0.227355  0 

1.0224e+06  1.69444  0.205591  0.423611  0 
1.92528e+06  0.817888  0.691011  0.204472  0 
1.52328e+06  0.849353  0.474882  0.212338  0 
1.17792e+06  0.961352  0.289204  0.240338  0 
1.04112e+06  1.29206  0.215656  0.323014  0 
1.0728e+06  1.05779  0.232688  0.264447  0 
1.4724e+06  0.860291  0.447527  0.215073  0 
1.42632e+06  0.868101  0.422753  0.217025  0 
1.38576e+06  0.88108  0.400946  0.22027  0 
1.14288e+06  0.981327  0.270366  0.245332  0 
1.34952e+06  0.89101  0.381462  0.222752  0 
1.3176e+06  0.899878  0.364301  0.224969  0 
1.29264e+06  0.907859  0.350882  0.226965  0 
1.254e+06  0.912662  0.330108  0.228165  0 
1.11504e+06  1.01082  0.255398  0.252706  0 
1.04976e+06  1.24829  0.220301  0.312073  0 
1.09344e+06  1.02423  0.243785  0.256058  0 
1.23528e+06  0.928793  0.320043  0.232198  0 
1.05768e+06  1.20327  0.224559  0.300818  0 
1.88136e+06  0.82503  0.667398  0.206257  0 
1.22424e+06  0.935431  0.314108  0.233858  0 
1.21176e+06  0.938932  0.307398  0.234733  0 
1.85712e+06  0.827028  0.654366  0.206757  0 
1.81272e+06  0.829391  0.630495  0.207348  0 
1.06392e+06  1.06666  0.227914  0.266664  0 
1.78488e+06  0.830262  0.615527  0.207565  0 
1.07976e+06  1.03941  0.23643  0.259854  0 
1.72968e+06  0.831022  0.585849  0.207755  0 
1.69872e+06  0.833442  0.569204  0.20836  0 
1.6872e+06  0.834389  0.563011  0.208597  0 
1.1712e+06  0.96355  0.285591  0.240888  0 
1.2444e+06  0.917377  0.324946  0.229344  0 
1.03584e+06  1.45607  0.212817  0.364018  0 
1.68192e+06  0.838002  0.560172  0.2095  0 
1.63848e+06  0.838359  0.536817  0.20959  0 
1.05264e+06  1.2327  0.221849  0.308176  0 
1.60536e+06  0.83885  0.519011  0.209712  0 
1.19592e+06  0.951775  0.298882  0.237944  0 
1.164e+06  0.972133  0.28172  0.243033  0 
1.41576e+06  0.872091  0.417075  0.218023  0 
1.15824e+06  0.973689  0.278624  0.243422  0 
1.58784e+06  0.841779  0.509591  0.210445  0 
1.05864e+06  1.19591  0.225075  0.298977  0 
1.06056e+06  1.18901  0.226108  0.297253  0 
1.33824e+06  0.893245  0.375398  0.223311  0 
1.13112e+06  1.00422  0.264043  0.251056  0 
1.15248e+06  0.974825  0.275527  0.243706  0 
1.46184e+06  0.86181  0.441849  0.215453  0 
1.10952e+06  1.01794  0.25243  0.254485  0 
1.1028e+06  1.01825  0.248817  0.254563  0 
1.43688e+06  0.862275  0.42843  0.215569  0 
1.30584e+06  0.902153  0.357978  0.225538  0 
1.57608e+06  0.843832  0.503269  0.210958  0 
1.41e+06  0.875566  0.413978  0.218891  0 
1.19136e+06  0.956067  0.29643  0.239017  0 
1.14048e+06  0.998157  0.269075  0.249539  0 
1.40616e+06  0.876036  0.411914  0.219009  0 
1.3752e+06  0.886032  0.395269  0.221508  0 
1.57272e+06  0.844445  0.501462  0.211111  0 
1.51224e+06  0.855473  0.468946  0.213868  0 
1.48848e+06  0.855527  0.456172  0.213882  0 
1.48656e+06  0.855801  0.45514  0.21395  0 
1.28232e+06  0.908735  0.345333  0.227184  0 
1.55232e+06  0.845463  0.490495  0.211366  0 
1.33416e+06  0.896152  0.373204  0.224038  0 
1.37352e+06  0.886175  0.394366  0.221544  0 
1.2756e+06  0.909167  0.34172  0.227292  0 
1.29936e+06  0.904709  0.354495  0.226177  0 
1.21032e+06  0.942748  0.306624  0.235687  0 
1.05624e+06  1.22239  0.223785  0.305599  0 
1.36272e+06  0.887996  0.388559  0.221999  0 
1.42248e+06  0.869495  0.420688  0.217374  0 
1.09224e+06  1.03598  0.24314  0.258994  0 
1.2984e+06  0.904831  0.353978  0.226208  0 
1.4052e+06  0.876309  0.411398  0.219077  0 
1.40304e+06  0.879102  0.410237  0.219775  0 
1.24248e+06  0.926883  0.323914  0.231721  0 
1.18416e+06  0.959684  0.292559  0.239921  0 
1.29336e+06  0.906232  0.351269  0.226558  0 
1.31664e+06  0.900528  0.363785  0.225132  0 
1.39632e+06  0.87966  0.406624  0.219915  0 
1.27344e+06  0.911537  0.340559  0.227884  0 
1.17744e+06  0.961773  0.288946  0.240443  0 
1.85232e+06  0.828448  0.651785  0.207112  0 
1.84992e+06  0.828528  0.650495  0.207132  0 
1.17504e+06  0.962818  0.287656  0.240704  0 
1.29168e+06  0.908028  0.350366  0.227007  0 
1.1496e+06  0.980742  0.273978  0.245186  0 
1.3272e+06  0.899304  0.369462  0.224826  0 
1.686e+06  0.837468  0.562366  0.209367  0 
1.17384e+06  0.963168  0.287011  0.240792  0 
1.15752e+06  0.974617  0.278237  0.243654  0 
1.16904e+06  0.971938  0.28443  0.242985  0 
1.21992e+06  0.938885  0.311785  0.234721  0 
1.28232e+06  0.908769  0.345333  0.227192  0 
1.14288e+06  0.981327  0.270366  0.245332  0 
1.41e+06  0.875566  0.413978  0.218891  0 
1.40616e+06  0.876036  0.411914  0.219009  0 
1.05264e+06  1.2327  0.221849  0.308176  0 
1.15248e+06  0.974825  0.275527  0.243706  0 

991680  1.82898  0.189075  0.457244  0 
1.92528e+06  0.817888  0.691011  0.204472  0 
1.4568e+06  0.854112  0.43914  0.213528  0 
1.08312e+06  1.02849  0.238237  0.257121  0 
1.00728e+06  1.45065  0.197462  0.362661  0 
1.38312e+06  0.874183  0.399527  0.218546  0 
1.01592e+06  1.24972  0.202108  0.312431  0 
1.31976e+06  0.896414  0.365462  0.224104  0 
1.26024e+06  0.907708  0.333462  0.226927  0 
1.20816e+06  0.930198  0.305462  0.23255  0 
1.176e+06  0.96135  0.288172  0.240337  0 
1.05648e+06  1.06084  0.223914  0.265209  0 
1.13784e+06  0.976728  0.267656  0.244182  0 
1.122e+06  0.986935  0.25914  0.246734  0 
1.8612e+06  0.820091  0.656559  0.205023  0 
1.83432e+06  0.826369  0.642108  0.206592  0 
1.10496e+06  1.00081  0.249978  0.250203  0 
1.82184e+06  0.827064  0.635398  0.206766  0 
1.75872e+06  0.828658  0.601462  0.207164  0 
1.73568e+06  0.830085  0.589075  0.207521  0 
1.71936e+06  0.830887  0.580301  0.207722  0 
1.69872e+06  0.833442  0.569204  0.20836  0 
1.07208e+06  1.04108  0.232301  0.260269  0 
1.6872e+06  0.834389  0.563011  0.208597  0 
1.6776e+06  0.835188  0.557849  0.208797  0 
1.19304e+06  0.942891  0.297333  0.235723  0 
1.65216e+06  0.836492  0.544172  0.209123  0 
1.04832e+06  1.22169  0.219527  0.305423  0 
1.36992e+06  0.878907  0.39243  0.219727  0 
1.24632e+06  0.91276  0.325978  0.22819  0 
1.61088e+06  0.837156  0.521978  0.209289  0 
1.44936e+06  0.858771  0.43514  0.214693  0 
1.59888e+06  0.839194  0.515527  0.209798  0 
1.16928e+06  0.961522  0.284559  0.240381  0 
1.44168e+06  0.859788  0.431011  0.214947  0 
1.58496e+06  0.83981  0.508043  0.209952  0 
1.16064e+06  0.962528  0.279914  0.240632  0 
1.098e+06  1.01502  0.246237  0.253756  0 
1.04088e+06  1.23631  0.215527  0.309078  0 
1.24032e+06  0.917375  0.322753  0.229344  0 
1.57056e+06  0.841711  0.500301  0.210428  0 
1.43376e+06  0.861939  0.426753  0.215485  0 
1.55832e+06  0.841906  0.49372  0.210477  0 
1.4268e+06  0.862157  0.423011  0.215539  0 
1.08696e+06  1.01694  0.240301  0.254235  0 
1.3596e+06  0.885015  0.386882  0.221254  0 
1.05144e+06  1.20704  0.221204  0.30176  0 
1.54968e+06  0.843334  0.489075  0.210833  0 
1.31448e+06  0.897054  0.362624  0.224264  0 
1.3548e+06  0.886  0.384301  0.2215  0 
1.1856e+06  0.951162  0.293333  0.23779  0 
1.13136e+06  0.976851  0.264172  0.244213  0 
1.34664e+06  0.887123  0.379914  0.221781  0 
1.54464e+06  0.845259  0.486366  0.211315  0 
1.30512e+06  0.899161  0.357591  0.22479  0 
1.33872e+06  0.887937  0.375656  0.221984  0 
1.41384e+06  0.866045  0.416043  0.216511  0 
1.18896e+06  0.943066  0.29514  0.235767  0 
1.01232e+06  1.43086  0.200172  0.357714  0 
1.53648e+06  0.846731  0.481978  0.211683  0 
1.29648e+06  0.900354  0.352946  0.225089  0 
1.1016e+06  1.00706  0.248172  0.251766  0 
1.23456e+06  0.922998  0.319656  0.23075  0 
1.40904e+06  0.867564  0.413462  0.216891  0 
1.18128e+06  0.955299  0.291011  0.238825  0 
1.00464e+06  1.81916  0.196043  0.45479  0 
1.51824e+06  0.848481  0.472172  0.21212  0 
1.06992e+06  1.05585  0.23114  0.263962  0 
1.20456e+06  0.938562  0.303527  0.23464  0 
1.23816e+06  0.918712  0.321591  0.229678  0 
1.15296e+06  0.972683  0.275785  0.243171  0 
1.40328e+06  0.870342  0.410366  0.217586  0 
1.39752e+06  0.870642  0.407269  0.21766  0 
1.33032e+06  0.892934  0.37114  0.223234  0 
1.20144e+06  0.939815  0.301849  0.234954  0 
1.03752e+06  1.24669  0.21372  0.311673  0 
1.29432e+06  0.904709  0.351785  0.226177  0 
1.25304e+06  0.909866  0.329591  0.227466  0 
1.5084e+06  0.85131  0.466882  0.212827  0 
1.32336e+06  0.893851  0.367398  0.223463  0 
1.70976e+06  0.830888  0.57514  0.207722  0 
1.27608e+06  0.905614  0.341978  0.226404  0 
1.45584e+06  0.856341  0.438624  0.214085  0 
1.29552e+06  0.900493  0.35243  0.225123  0 
1.25928e+06  0.90789  0.332946  0.226973  0 
1.08072e+06  1.03917  0.236946  0.259793  0 
1.42344e+06  0.864303  0.421204  0.216076  0 
1.58328e+06  0.839997  0.50714  0.209999  0 
1.0476e+06  1.2341  0.21914  0.308524  0 
1.0788e+06  1.03967  0.235914  0.259918  0 
1.5072e+06  0.852828  0.466237  0.213207  0 
1.15248e+06  0.973879  0.275527  0.24347  0 
1.12152e+06  0.994701  0.258882  0.248675  0 
1.29336e+06  0.90474  0.351269  0.226185  0 
1.36752e+06  0.884171  0.39114  0.221043  0 
1.24536e+06  0.91664  0.325462  0.22916  0 
1.68216e+06  0.834502  0.560301  0.208625  0 
1.75776e+06  0.829446  0.600946  0.207361  0 
1.36968e+06  0.879923  0.392301  0.219981  0 
1.53408e+06  0.848008  0.480688  0.212002  0 

