4.56491e+12  4.56491e+12  2.45425e+06  1.14123e+12  0 
6.33284e+07  6.13981e+07  33.7035  1.53495e+07  0 
4.17248e+07  3.9703e+07  22.0886  9.92575e+06  0 
4.89704e+07  4.69558e+07  25.9841  1.1739e+07  0 
6.72093e+13  6.72093e+13  3.6134e+07  1.68023e+13  0 
4.5311e+07  4.32559e+07  24.0167  1.0814e+07  0 
4.88124e+07  4.67989e+07  25.8992  1.16997e+07  0 
4.76078e+07  4.56653e+07  25.2515  1.14163e+07  0 
2.84733e+13  2.84733e+13  1.53082e+07  7.11831e+12  0 
4.36084e+07  4.15586e+07  23.1013  1.03896e+07  0 
4.53742e+07  4.34708e+07  24.0507  1.08677e+07  0 
3.15542e+07  2.95135e+07  16.6205  7.37837e+06  0 
4.80761e+07  4.60887e+07  25.5033  1.15222e+07  0 
2.59948e+07  2.4191e+07  13.6316  6.04774e+06  0 
6.11553e+07  5.90786e+07  32.5351  1.47696e+07  0 
9.08603e+07  8.88162e+07  48.5055  2.22041e+07  0 
5.64051e+07  5.4332e+07  29.9813  1.3583e+07  0 
5.16742e+07  4.94787e+07  27.4378  1.23697e+07  0 
7.89283e+07  7.70093e+07  42.0905  1.92523e+07  0 
7.27687e+07  7.06382e+07  38.7789  1.76596e+07  0 
3.97825e+07  3.78027e+07  21.0443  9.45067e+06  0 
4.81755e+07  4.60899e+07  25.5567  1.15225e+07  0 
4.80798e+07  4.60942e+07  25.5053  1.15236e+07  0 
7.49973e+07  7.31443e+07  39.9771  1.82861e+07  0 
2.75836e+07  2.55647e+07  14.4858  6.39118e+06  0 
5.28004e+07  5.07736e+07  28.0432  1.26934e+07  0 
7.58505e+07  7.40256e+07  40.4358  1.85064e+07  0 
5.1243e+07  4.92531e+07  27.2059  1.23133e+07  0 
4.72418e+07  4.52555e+07  25.0547  1.13139e+07  0 
1.04765e+14  1.04765e+14  5.63254e+07  2.61913e+13  0 
4.93362e+07  4.72617e+07  26.1808  1.18154e+07  0 
4.68546e+07  4.49351e+07  24.8465  1.12338e+07  0 
8.3156e+07  8.12681e+07  44.3634  2.0317e+07  0 
2.73401e+07  2.52612e+07  14.3549  6.3153e+06  0 
8.34857e+13  8.34857e+13  4.48848e+07  2.08714e+13  0 
4.85956e+07  4.66548e+07  25.7826  1.16637e+07  0 
6.66793e+07  6.48935e+07  35.505  1.62234e+07  0 
7.80004e+13  7.80004e+13  4.19357e+07  1.95001e+13  0 
6.42162e+07  6.233e+07  34.1807  1.55825e+07  0 
3.39137e+07  3.17892e+07  17.8891  7.94731e+06  0 
8.86143e+07  8.65884e+07  47.298  2.16471e+07  0 
4.7183e+13  4.7183e+13  2.53672e+07  1.17958e+13  0 
4.7486e+07  4.55749e+07  25.186  1.13937e+07  0 
4.89162e+07  4.6828e+07  25.955  1.1707e+07  0 
4.45053e+07  4.25654e+07  23.5835  1.06414e+07  0 
5.23275e+07  5.02115e+07  27.789  1.25529e+07  0 
1.08918e+14  1.08918e+14  5.85581e+07  2.72295e+13  0 
1.40426e+14  1.40426e+14  7.54977e+07  3.51064e+13  0 
9.00568e+07  8.80476e+07  48.0736  2.20119e+07  0 
4.72184e+07  4.52027e+07  25.0422  1.13007e+07  0 
4.7097e+07  4.50436e+07  24.9769  1.12609e+07  0 
5.11721e+07  4.9056e+07  27.1678  1.2264e+07  0 
3.99793e+07  3.79573e+07  21.1502  9.48932e+06  0 
5.17168e+07  4.97999e+07  27.4606  1.245e+07  0 
3.00324e+07  2.80191e+07  15.8024  7.00477e+06  0 
4.71216e+07  4.49575e+07  24.9901  1.12394e+07  0 
9.84361e+07  9.64455e+07  52.5785  2.41114e+07  0 
5.97447e+07  5.77693e+07  31.7767  1.44423e+07  0 
4.71692e+07  4.54405e+07  25.0157  1.13601e+07  0 
2.24242e+07  2.0479e+07  11.7119  5.11975e+06  0 
5.35335e+07  5.18741e+07  28.4373  1.29685e+07  0 
8.78531e+07  8.58407e+07  46.8888  2.14602e+07  0 
4.62828e+07  4.42185e+07  24.5391  1.10546e+07  0 
5.24367e+07  5.04819e+07  27.8477  1.26205e+07  0 
8.97391e+12  8.97391e+12  4.82468e+06  2.24348e+12  0 
4.87075e+07  4.67343e+07  25.8428  1.16836e+07  0 
4.72069e+07  4.52075e+07  25.036  1.13019e+07  0 
4.62462e+07  4.42216e+07  24.5195  1.10554e+07  0 
2.29264e+14  2.29264e+14  1.2326e+08  5.7316e+13  0 
3.36171e+13  3.36171e+13  1.80737e+07  8.40427e+12  0 
4.76168e+07  4.55224e+07  25.2564  1.13806e+07  0 
5.54493e+07  5.34227e+07  29.4673  1.33557e+07  0 
1.23952e+08  1.21841e+08  66.2968  3.04603e+07  0 
5.00461e+07  4.79513e+07  26.5624  1.19878e+07  0 
4.86809e+07  4.68257e+07  25.8284  1.17064e+07  0 
2.80017e+07  2.6014e+07  14.7106  6.50351e+06  0 
2.70001e+15  2.70001e+15  1.45162e+09  6.75004e+14  0 
5.28938e+07  5.0891e+07  28.0934  1.27227e+07  0 
4.93185e+07  4.72117e+07  26.1712  1.18029e+07  0 
4.99936e+07  4.7939e+07  26.5342  1.19847e+07  0 
8.64326e+07  8.44905e+07  46.1251  2.11226e+07  0 
2.65583e+14  2.65583e+14  1.42787e+08  6.63958e+13  0 
4.83653e+07  4.65166e+07  25.6588  1.16291e+07  0 
6.38932e+07  6.20876e+07  34.0071  1.55219e+07  0 
5.13532e+07  4.94935e+07  27.2652  1.23734e+07  0 
7.35219e+07  7.17348e+07  39.1838  1.79337e+07  0 
9.76671e+13  9.76671e+13  5.25092e+07  2.44168e+13  0 
5.44725e+13  5.44725e+13  2.92863e+07  1.36181e+13  0 
5.17279e+07  4.98443e+07  27.4666  1.24611e+07  0 
2.95142e+13  2.95142e+13  1.58679e+07  7.37856e+12  0 
2.9085e+13  2.9085e+13  1.56371e+07  7.27124e+12  0 
4.87352e+07  4.68587e+07  25.8577  1.17147e+07  0 
5.06488e+14  5.06488e+14  2.72305e+08  1.26622e+14  0 
3.67041e+07  3.47977e+07  19.3893  8.69944e+06  0 
6.19141e+07  5.9978e+07  32.9431  1.49945e+07  0 
7.25053e+07  7.05413e+07  38.6372  1.76353e+07  0 
5.5128e+07  5.31183e+07  29.2946  1.32796e+07  0 
3.76035e+07  3.55404e+07  19.8728  8.88511e+06  0 
4.86322e+07  4.66784e+07  25.8023  1.16696e+07  0 
2.4592e+13  2.4592e+13  1.32215e+07  6.14799e+12  0 

1.29456e+06  1.82585  0.351914  0.456462  0 
2.17776e+06  0.970979  0.826753  0.242745  0 
1.91592e+06  1.37986  0.685978  0.344964  0 
2.08824e+06  1.30941  0.778624  0.327353  0 
4.66594e+06  2.46467e+06  2.16449  616166  1 
6.35932e+06  4.05196e+06  3.07491  1.01299e+06  2 
7.0087e+06  4.91206e+06  3.42403  1.22801e+06  3 
1.02761e+07  8.06473e+06  5.18069  2.01618e+06  5 
1.08681e+07  8.7983e+06  5.49896  2.19958e+06  7 
1.2094e+07  9.85694e+06  6.15805  2.46423e+06  13 
1.33038e+07  1.11478e+07  6.80847  2.78696e+06  18 
1.4183e+07  1.20652e+07  7.28116  3.0163e+06  19 
1.41412e+07  1.2132e+07  7.25873  3.03299e+06  19 
1.61955e+07  1.41411e+07  8.36319  3.53528e+06  23 
1.90443e+07  1.6874e+07  9.8948  4.2185e+06  29 
1.93548e+07  1.72695e+07  10.0617  4.31737e+06  30 
2.21426e+07  2.00174e+07  11.5605  5.00434e+06  39 
3.09989e+07  2.87865e+07  16.322  7.19664e+06  52 
3.66829e+07  3.46088e+07  19.3779  8.65221e+06  54 
4.15628e+07  3.94604e+07  22.0015  9.8651e+06  57 
4.50082e+07  4.30678e+07  23.8539  1.07669e+07  63 
4.60182e+07  4.39233e+07  24.3969  1.09808e+07  65 
4.25036e+07  4.03088e+07  22.5073  1.00772e+07  59 
4.25307e+07  4.04586e+07  22.5219  1.01146e+07  60 
4.62555e+07  4.42976e+07  24.5245  1.10744e+07  66 
2.20777e+07  1.99557e+07  11.5257  4.98891e+06  37 
4.42518e+07  4.22015e+07  23.4472  1.05504e+07  55 
3.63782e+07  3.41938e+07  19.2141  8.54844e+06  53 
1.32033e+07  1.11832e+07  6.75447  2.79581e+06  18 
4.78158e+07  4.58946e+07  25.3633  1.14736e+07  75 
1.24894e+07  1.0308e+07  6.37064  2.57701e+06  14 
2.49123e+07  2.27842e+07  13.0496  5.69605e+06  46 
1.67705e+07  1.4699e+07  8.67229  3.67475e+06  24 
1.16319e+07  9.66179e+06  5.90965  2.41545e+06  11 
2.20445e+07  2.00324e+07  11.5078  5.00809e+06  38 
2.30074e+07  2.09348e+07  12.0255  5.2337e+06  41 
1.02237e+07  8.04494e+06  5.1525  2.01124e+06  4 
2.28774e+07  2.08744e+07  11.9556  5.21859e+06  40 
4.09808e+07  3.90601e+07  21.6886  9.76503e+06  57 
1.56379e+07  1.36447e+07  8.06338  3.41117e+06  22 
3.00909e+07  2.80862e+07  15.8338  7.02154e+06  51 
1.03014e+07  7.95776e+06  5.19428  1.98944e+06  4 
2.05294e+07  1.86084e+07  10.6932  4.6521e+06  33 
2.13107e+07  1.93283e+07  11.1133  4.83207e+06  34 
1.14307e+07  9.30458e+06  5.80147  2.32615e+06  9 
4.86151e+07  4.64931e+07  25.7931  1.16233e+07  76 
1.19637e+07  9.73774e+06  6.08803  2.43444e+06  12 
2.54224e+07  2.32286e+07  13.3239  5.80714e+06  47 
1.70733e+07  1.5166e+07  8.8351  3.7915e+06  25 
5.01565e+07  4.81673e+07  26.6218  1.20418e+07  79 
6.67281e+07  6.47555e+07  35.5312  1.61889e+07  82 
1.12142e+07  8.92606e+06  5.68506  2.23151e+06  8 
4.68843e+07  4.49919e+07  24.8625  1.1248e+07  67 
1.49284e+07  1.288e+07  7.68192  3.21999e+06  21 
2.37473e+07  2.13847e+07  12.4233  5.34618e+06  45 
1.84475e+07  1.64293e+07  9.57392  4.10733e+06  28 
2.32981e+07  2.11413e+07  12.1818  5.28531e+06  43 
2.32435e+07  2.0987e+07  12.1524  5.24676e+06  42 
1.77955e+07  1.55505e+07  9.22339  3.88764e+06  26 
6.95458e+07  6.75291e+07  37.0461  1.68823e+07  84 
1.14376e+07  9.18448e+06  5.80516  2.29612e+06  9 
4.60887e+07  4.4013e+07  24.4348  1.10032e+07  65 
2.02216e+07  1.81835e+07  10.5277  4.54587e+06  32 
1.04088e+07  8.25043e+06  5.25202  2.06261e+06  6 
4.28741e+07  4.06332e+07  22.7065  1.01583e+07  62 
4.69999e+07  4.49031e+07  24.9247  1.12258e+07  68 
1.03315e+07  7.96988e+06  5.21047  1.99247e+06  5 
5.78777e+07  5.58636e+07  30.773  1.39659e+07  81 
4.16887e+07  3.96605e+07  22.0692  9.91512e+06  58 
2.35548e+07  2.13665e+07  12.3198  5.34161e+06  44 
4.87726e+07  4.67088e+07  25.8777  1.16772e+07  78 
1.25206e+07  1.03421e+07  6.38743  2.58554e+06  15 
1.27306e+07  1.04407e+07  6.5003  2.61018e+06  16 
2.70654e+07  2.47763e+07  14.2072  6.19408e+06  49 
2.20322e+07  2.00176e+07  11.5012  5.0044e+06  37 
1.47943e+07  1.25935e+07  7.60985  3.14838e+06  20 
2.17401e+07  1.96005e+07  11.3441  4.90012e+06  35 
2.21319e+07  2.00117e+07  11.5548  5.00292e+06  38 
4.18937e+07  3.99199e+07  22.1794  9.97998e+06  55 
4.14922e+07  3.92291e+07  21.9636  9.80726e+06  58 
2.94923e+07  2.7352e+07  15.512  6.83801e+06  50 
4.06806e+07  3.87471e+07  21.5272  9.68678e+06  56 
4.79604e+07  4.56936e+07  25.4411  1.14234e+07  75 
2.2085e+07  2.00133e+07  11.5295  5.00332e+06  38 
5.4398e+07  5.22541e+07  28.9022  1.30635e+07  80 
1.2971e+07  1.07678e+07  6.62955  2.69194e+06  17 
4.69569e+07  4.4883e+07  24.9015  1.12208e+07  67 
1.15979e+07  9.48851e+06  5.89133  2.37213e+06  10 
2.57176e+07  2.37168e+07  13.4826  5.92919e+06  48 
6.73735e+07  6.52797e+07  35.8782  1.63199e+07  83 
1.79222e+07  1.57646e+07  9.2915  3.94115e+06  27 
4.86926e+07  4.64502e+07  25.8347  1.16126e+07  76 
4.15821e+07  3.94327e+07  22.0119  9.85817e+06  32 
2.05759e+07  1.85167e+07  10.7182  4.62918e+06  33 
2.18278e+07  1.98349e+07  11.3913  4.95872e+06  36 
4.86442e+07  4.67079e+07  25.8087  1.1677e+07  77 
1.98542e+07  1.77324e+07  10.3302  4.43309e+06  31 
1.42884e+07  1.19757e+07  7.33783  2.99393e+06  19 
4.72205e+07  4.50944e+07  25.0433  1.12736e+07  73 
4.02758e+07  3.81976e+07  21.3096  9.54941e+06  55 

1.21296e+06  1.95993  0.308043  0.489984  0 
2.196e+06  0.956751  0.836559  0.239188  0 
1.77864e+06  1.12259  0.612172  0.280646  0 
1.60944e+06  1.53433  0.521204  0.383583  0 
1.6428e+06  1.47629  0.53914  0.369072  0 
1.77816e+06  1.32059  0.611914  0.330147  0 
1.64784e+06  2.11641  0.541849  0.529102  1 
1.65144e+06  1.79242  0.543785  0.448105  1 
1.8036e+06  1.21118  0.625591  0.302794  1 
1.75512e+06  1.78317  0.599527  0.445792  1 
2.1444e+06  1.36661  0.808817  0.341653  2 
1.87728e+06  1.55853  0.665204  0.389633  2 
1.91112e+06  1.68707  0.683398  0.421767  3 
1.974e+06  1.85451  0.717204  0.463627  4 
2.12327e+06  123834  0.797458  30958.5  5 
2.73347e+06  478193  1.12552  119548  6 
2.94748e+06  630279  1.24058  157570  7 
3.20653e+06  995655  1.37986  248914  8 
3.32903e+06  1.07735e+06  1.44571  269337  9 
3.43995e+06  1.15395e+06  1.50535  288488  10 
3.56008e+06  1.3648e+06  1.56993  341200  11 
3.62976e+06  1.41624e+06  1.6074  354061  12 
4.4003e+06  2.34686e+06  2.02167  586715  13 
4.46584e+06  2.22928e+06  2.0569  557321  13 
4.58737e+06  2.23057e+06  2.12224  557642  14 
4.46918e+06  2.26023e+06  2.0587  565057  14 
4.79677e+06  2.60654e+06  2.23482  651634  15 
4.89144e+06  2.80177e+06  2.28572  700442  16 
5.21463e+06  3.01935e+06  2.45948  754838  17 
5.33991e+06  3.14007e+06  2.52683  785017  18 
5.73403e+06  3.6482e+06  2.73873  912049  19 
5.88283e+06  3.84716e+06  2.81873  961789  20 
6.1653e+06  4.0857e+06  2.97059  1.02142e+06  21 
6.7893e+06  4.69242e+06  3.30607  1.17311e+06  22 
7.25275e+06  5.11627e+06  3.55524  1.27907e+06  23 
7.42515e+06  5.39763e+06  3.64793  1.34941e+06  24 
7.7213e+06  5.42978e+06  3.80715  1.35745e+06  25 
8.15694e+06  6.01495e+06  4.04137  1.50374e+06  26 
8.39683e+06  6.29107e+06  4.17034  1.57277e+06  27 
8.48385e+06  6.32817e+06  4.21712  1.58204e+06  28 
8.79536e+06  6.33968e+06  4.3846  1.58492e+06  29 
9.60521e+06  7.32329e+06  4.82  1.83082e+06  30 
9.43493e+06  7.33086e+06  4.72846  1.83271e+06  30 
9.75361e+06  7.52066e+06  4.89979  1.88016e+06  32 
9.80719e+06  7.63831e+06  4.9286  1.90958e+06  33 
1.07617e+07  8.59542e+06  5.44175  2.14886e+06  34 
1.1732e+07  9.73833e+06  5.96344  2.43458e+06  37 
1.2717e+07  1.04823e+07  6.493  2.62059e+06  38 
1.33887e+07  1.12904e+07  6.85412  2.82259e+06  40 
1.40086e+07  1.18836e+07  7.18742  2.97091e+06  41 
1.42255e+07  1.21341e+07  7.30403  3.03353e+06  42 
1.4328e+07  1.23115e+07  7.35913  3.07788e+06  43 
1.43993e+07  1.24169e+07  7.39749  3.10423e+06  44 
1.52656e+07  1.3223e+07  7.86323  3.30574e+06  46 
1.6276e+07  1.42221e+07  8.40645  3.55552e+06  47 
1.65041e+07  1.43093e+07  8.5291  3.57733e+06  48 
1.66109e+07  1.46108e+07  8.58651  3.65269e+06  49 
1.78133e+07  1.57121e+07  9.23295  3.92802e+06  50 
1.85729e+07  1.64263e+07  9.64132  4.10657e+06  53 
1.91192e+07  1.71167e+07  9.93508  4.27917e+06  55 
2.25238e+07  2.02911e+07  11.7655  5.07277e+06  57 
2.29364e+07  2.11002e+07  11.9873  5.27504e+06  58 
2.52387e+07  2.32757e+07  13.2251  5.81893e+06  60 
2.76735e+07  2.58548e+07  14.5341  6.4637e+06  63 
2.83046e+07  2.61655e+07  14.8734  6.54137e+06  64 
3.61778e+07  3.42797e+07  19.1064  8.56992e+06  67 
4.09063e+07  3.90854e+07  21.6485  9.77135e+06  69 
4.13903e+07  3.94254e+07  21.9088  9.85635e+06  70 
4.17437e+07  3.95362e+07  22.0988  9.88405e+06  71 
4.15804e+07  3.95889e+07  22.011  9.89723e+06  71 
4.25503e+07  4.04736e+07  22.5324  1.01184e+07  72 
4.67198e+07  4.46623e+07  24.7741  1.11656e+07  32 
5.47107e+07  5.25675e+07  29.0703  1.31419e+07  71 
6.30759e+07  6.07812e+07  33.5677  1.51953e+07  72 
2.71653e+07  2.49434e+07  14.2609  6.23585e+06  61 
1.64147e+07  1.43545e+07  8.48101  3.58863e+06  48 
2.98497e+07  2.77351e+07  15.7041  6.93377e+06  66 
4.83454e+07  4.62853e+07  25.6481  1.15713e+07  74 
1.50741e+07  1.29707e+07  7.76026  3.24268e+06  45 
1.15563e+07  9.40852e+06  5.86896  2.35213e+06  36 
1.8059e+07  1.5802e+07  9.36504  3.9505e+06  51 
9.63155e+06  7.40843e+06  4.83417  1.85211e+06  31 
1.87146e+07  1.67152e+07  9.71755  4.1788e+06  54 
2.71157e+07  2.51287e+07  14.2342  6.28218e+06  61 
1.29682e+07  1.09938e+07  6.62808  2.74844e+06  39 
1.50393e+07  1.3013e+07  7.74156  3.25325e+06  45 
2.75237e+07  2.53111e+07  14.4536  6.32778e+06  62 
1.26238e+07  1.05538e+07  6.44288  2.63844e+06  38 
1.91286e+07  1.68938e+07  9.94013  4.22344e+06  55 
6.03819e+06  3.77331e+06  2.90225  943327  20 
1.09767e+07  8.68831e+06  5.55737  2.17208e+06  35 
2.9174e+07  2.70428e+07  15.3409  6.76071e+06  65 
4.84517e+07  4.63296e+07  25.7052  1.15824e+07  59 
1.83619e+07  1.61455e+07  9.5279  4.03638e+06  52 
5.33512e+07  5.12323e+07  28.3394  1.28081e+07  74 
2.17875e+07  1.95925e+07  11.3696  4.89812e+06  56 
4.09585e+07  3.8948e+07  21.6766  9.73701e+06  69 
3.94871e+07  3.73953e+07  20.8855  9.34882e+06  68 
2.24909e+07  2.03261e+07  11.7478  5.08153e+06  57 
2.37508e+07  2.13784e+07  12.4252  5.3446e+06  59 

1.16688e+06  1.95626  0.283269  0.489065  0 
1.88376e+06  0.898377  0.668688  0.224594  0 
1.5168e+06  1.09693  0.471398  0.274233  0 
1.33176e+06  1.49078  0.371914  0.372694  0 
1.38576e+06  1.22447  0.400946  0.306117  0 
1.7844e+06  0.989639  0.615269  0.24741  0 
1.76016e+06  1.03664  0.602237  0.25916  0 
1.65e+06  1.24789  0.543011  0.311972  1 
1.31544e+06  2.26899  0.36314  0.567246  1 
1.4604e+06  1.52967  0.441075  0.382418  1 
1.73952e+06  1.16244  0.59114  0.290611  1 
1.78512e+06  1.14838  0.615656  0.287095  1 
1.36272e+06  1.76578  0.388559  0.441444  1 
1.69224e+06  1.19013  0.56572  0.297532  1 
1.872e+06  1.06695  0.662366  0.266736  1 
1.4364e+06  1.57863  0.428172  0.394659  1 
1.47744e+06  1.31427  0.450237  0.328567  1 
2.00976e+06  0.985195  0.73643  0.246299  1 
1.45776e+06  1.53808  0.439656  0.384521  1 
1.60512e+06  1.48038  0.518882  0.370094  2 
1.71048e+06  1.47414  0.575527  0.368534  2 
1.79664e+06  1.28913  0.621849  0.322284  2 
2.18928e+06  1.07303  0.832946  0.268259  2 
1.8408e+06  1.18431  0.645591  0.296078  2 
1.49616e+06  2.01685  0.460301  0.504214  2 
1.96032e+06  1.08842  0.709849  0.272105  2 
1.87392e+06  1.15391  0.663398  0.288477  2 
1.7184e+06  1.40961  0.579785  0.352403  2 
1.52208e+06  1.58763  0.474237  0.396907  2 
1.66248e+06  1.47416  0.54972  0.36854  2 
1.60512e+06  1.49402  0.518882  0.373506  3 
1.85352e+06  1.3698  0.65243  0.342449  3 
1.85496e+06  1.21849  0.653204  0.304622  3 
1.86288e+06  1.20698  0.657462  0.301744  3 
2.11176e+06  1.1152  0.791269  0.2788  3 
2.01144e+06  1.15007  0.737333  0.287518  3 
1.61424e+06  1.66404  0.523785  0.41601  4 
1.89624e+06  1.34648  0.675398  0.336619  4 
1.90656e+06  1.33658  0.680946  0.334144  4 
1.98024e+06  1.2407  0.720559  0.310175  4 
1.66608e+06  1.61756  0.551656  0.40439  4 
1.87872e+06  1.56265  0.665978  0.390663  4 
1.77744e+06  1.61452  0.611527  0.40363  4 
1.90032e+06  1.71243  0.677591  0.428107  5 
1.63488e+06  1.77526  0.534882  0.443814  5 
2.18688e+06  1.28385  0.831656  0.320963  5 
2.05296e+06  1.34688  0.759656  0.336719  5 
1.9092e+06  1.35237  0.682366  0.338093  5 
1.9584e+06  1.42169  0.708817  0.355423  6 
2.2776e+06  1.36026  0.88043  0.340064  6 
1.95744e+06  1.59155  0.708301  0.397887  6 
1.80432e+06  1.90703  0.625978  0.476757  6 
1.84464e+06  1.95196  0.647656  0.48799  7 
2.0256e+06  1.61703  0.744946  0.404258  7 
1.9915e+06  129582  0.726613  32395.5  8 
2.47898e+06  152659  0.988698  38164.7  9 
2.10011e+06  157554  0.785007  39388.5  9 
2.33114e+06  494660  0.909214  123665  10 
2.47572e+06  336837  0.986944  84209.4  10 
2.42028e+06  501479  0.957138  125370  11 
2.69244e+06  536762  1.10346  134190  12 
2.78865e+06  614256  1.15519  153564  13 
2.95101e+06  753093  1.24248  188273  14 
3.02174e+06  879744  1.28051  219936  15 
3.15457e+06  969616  1.35192  242404  16 
3.18957e+06  1.02789e+06  1.37074  256973  17 
3.52951e+06  1.38943e+06  1.5535  347357  18 
3.68533e+06  1.53253e+06  1.63728  383134  19 
3.73235e+06  1.57307e+06  1.66256  393269  20 
3.75199e+06  1.64335e+06  1.67311  410838  21 
3.90461e+06  1.74077e+06  1.75517  435192  22 
3.96891e+06  1.99899e+06  1.78974  499747  23 
4.06381e+06  1.96885e+06  1.84076  492213  23 
4.21051e+06  2.10067e+06  1.91963  525167  24 
4.21984e+06  2.49352e+06  1.92464  623379  25 
4.34912e+06  2.108e+06  1.99415  527000  25 
4.48967e+06  2.53967e+06  2.06972  634918  26 
4.8675e+06  2.83566e+06  2.27285  708915  27 
5.00737e+06  2.89537e+06  2.34805  723842  28 
5.00508e+06  2.90844e+06  2.34681  727109  28 
5.02528e+06  2.92744e+06  2.35768  731860  29 
5.27391e+06  3.52911e+06  2.49135  882278  30 
5.52702e+06  3.58758e+06  2.62743  896896  31 
5.8261e+06  3.75514e+06  2.78822  938784  32 
6.3134e+06  4.3034e+06  3.05021  1.07585e+06  33 
6.56333e+06  4.41173e+06  3.18459  1.10293e+06  34 
6.75306e+06  4.66098e+06  3.28659  1.16524e+06  35 
7.0752e+06  4.8324e+06  3.45979  1.2081e+06  36 
7.066e+06  4.97104e+06  3.45484  1.24276e+06  36 
7.40619e+06  5.42379e+06  3.63774  1.35595e+06  37 
8.32448e+06  6.22736e+06  4.13144  1.55684e+06  38 
8.4827e+06  6.3203e+06  4.2165  1.58008e+06  39 
8.3636e+06  6.3728e+06  4.15247  1.5932e+06  39 
8.45708e+06  6.91436e+06  4.20273  1.72859e+06  40 
8.89581e+06  6.83637e+06  4.43861  1.70909e+06  40 
8.70898e+06  7.03858e+06  4.33816  1.75965e+06  41 
9.02022e+06  6.94014e+06  4.5055  1.73504e+06  41 
9.38648e+06  7.2728e+06  4.70241  1.8182e+06  42 
9.17148e+06  7.32733e+06  4.58682  1.83183e+06  42 
1.00341e+07  7.79274e+06  5.05059  1.94818e+06  43 

1.13352e+06  2.02782  0.265333  0.506954  0 
2.07624e+06  0.856129  0.772172  0.214032  0 
1.5612e+06  0.948002  0.495269  0.237001  0 
1.24152e+06  1.29162  0.323398  0.322906  0 
1.42968e+06  1.03961  0.424559  0.259901  0 
1.17432e+06  1.8016  0.287269  0.4504  0 
1.17792e+06  1.45597  0.289204  0.363993  0 
1.36608e+06  1.16761  0.390366  0.291902  0 
1.13496e+06  1.89617  0.266108  0.474043  0 
1.9248e+06  0.899922  0.690753  0.22498  0 
1.32648e+06  1.25015  0.369075  0.312537  0 
1.34976e+06  1.19264  0.381591  0.298161  0 
1.28712e+06  1.26663  0.347914  0.316656  0 
1.68312e+06  0.928445  0.560817  0.232111  0 
1.302e+06  1.32672  0.355914  0.33168  1 
1.33008e+06  1.25846  0.371011  0.314616  0 
1.41912e+06  1.19005  0.418882  0.297514  1 
1.49688e+06  1.10938  0.460688  0.277345  0 
1.24992e+06  1.4631  0.327914  0.365775  1 
1.27968e+06  1.43763  0.343914  0.359406  1 
1.38672e+06  1.1953  0.401462  0.298824  1 
1.59888e+06  1.03142  0.515527  0.257854  0 
1.76376e+06  0.98433  0.604172  0.246082  2 
1.17432e+06  1.86576  0.287269  0.466439  1 
1.47456e+06  1.13169  0.448688  0.282923  1 
1.52136e+06  1.10177  0.473849  0.275443  0 
1.28328e+06  1.42152  0.345849  0.355381  1 
1.46856e+06  1.13694  0.445462  0.284236  1 
1.45968e+06  1.14309  0.440688  0.285773  1 
1.53144e+06  1.0962  0.479269  0.274051  2 
1.70112e+06  1.00884  0.570495  0.25221  0 
1.64088e+06  1.01053  0.538108  0.252633  1 
1.22448e+06  1.78841  0.314237  0.447102  2 
1.58928e+06  1.08595  0.510366  0.271488  3 
1.37976e+06  1.25768  0.39772  0.31442  2 
1.3092e+06  1.46438  0.359785  0.366094  2 
1.67016e+06  1.01437  0.553849  0.253592  1 
1.50384e+06  1.13897  0.46443  0.284742  3 
1.59144e+06  1.10708  0.511527  0.276771  1 
1.3548e+06  1.28138  0.384301  0.320345  3 
1.29864e+06  1.566  0.354108  0.391501  2 
1.32432e+06  1.39661  0.367914  0.349151  2 
1.46904e+06  1.22416  0.44572  0.30604  0 
1.89552e+06  1.01131  0.675011  0.252828  3 
1.25112e+06  1.98105  0.328559  0.495261  3 
1.28736e+06  1.60185  0.348043  0.400462  5 
1.42368e+06  1.24612  0.421333  0.31153  3 
1.65984e+06  1.04786  0.548301  0.261966  1 
1.63344e+06  1.06482  0.534108  0.266205  2 
1.2312e+06  2.13357  0.317849  0.533393  2 
1.33968e+06  1.36492  0.376172  0.34123  2 
1.48104e+06  1.26484  0.452172  0.31621  4 
1.53264e+06  1.1672  0.479914  0.291801  4 
1.29312e+06  1.61518  0.35114  0.403795  3 
1.3572e+06  1.40006  0.385591  0.350016  3 
1.67352e+06  1.02796  0.555656  0.256989  0 
1.50456e+06  1.19736  0.464817  0.29934  3 
1.60872e+06  1.1312  0.520817  0.2828  4 
1.36152e+06  1.2869  0.387914  0.321724  2 
1.30992e+06  1.47131  0.360172  0.367828  2 
1.48464e+06  1.24539  0.454108  0.311346  3 
1.33968e+06  1.40319  0.376172  0.350797  3 
1.3608e+06  1.43173  0.387527  0.357933  4 
1.45944e+06  1.30033  0.440559  0.325083  4 
1.53936e+06  1.16936  0.483527  0.292341  3 
1.67352e+06  1.11891  0.555656  0.279728  0 
1.73352e+06  1.09464  0.587914  0.273661  1 
1.7748e+06  1.06595  0.610108  0.266488  4 
1.69032e+06  1.09602  0.564688  0.274004  3 
1.58256e+06  1.16779  0.506753  0.291948  3 
1.30248e+06  1.68336  0.356172  0.420841  4 
1.36992e+06  1.30319  0.39243  0.325797  3 
1.74984e+06  1.06888  0.596688  0.267221  4 
1.82328e+06  1.05808  0.636172  0.264519  1 
1.31928e+06  1.47978  0.365204  0.369945  4 
1.71576e+06  1.09699  0.578366  0.274247  0 
1.3944e+06  1.44507  0.405591  0.361267  5 
1.6932e+06  1.15296  0.566237  0.28824  5 
1.50384e+06  1.32391  0.46443  0.330978  0 
1.44192e+06  1.36021  0.43114  0.340051  5 
1.8156e+06  1.07771  0.632043  0.269428  4 
1.54584e+06  1.19624  0.487011  0.299061  4 
1.44528e+06  1.33931  0.432946  0.334827  4 
1.32864e+06  1.5844  0.370237  0.3961  5 
1.58952e+06  1.19244  0.510495  0.298111  4 
1.5336e+06  1.30875  0.48043  0.327188  4 
1.85976e+06  1.06106  0.655785  0.265264  4 
1.866e+06  1.10218  0.65914  0.275545  0 
1.72464e+06  1.13322  0.58314  0.283306  5 
1.91736e+06  1.06323  0.686753  0.265807  4 
1.44432e+06  1.46852  0.43243  0.367131  0 
1.5564e+06  1.21174  0.492688  0.302934  5 
1.58664e+06  1.20244  0.508946  0.30061  4 
1.72512e+06  1.12476  0.583398  0.281191  5 
1.5216e+06  1.3285  0.473978  0.332125  5 
1.4088e+06  1.77938  0.413333  0.444845  0 
1.60416e+06  1.22465  0.518366  0.306163  5 
1.65888e+06  1.20666  0.547785  0.301665  6 
1.57176e+06  1.23392  0.500946  0.308481  5 
1.55808e+06  1.4144  0.493591  0.353601  1 

1.03488e+06  2.06346  0.212301  0.515866  0 
2.06736e+06  0.84441  0.767398  0.211102  0 
1.52208e+06  0.927594  0.474237  0.231898  0 
1.1364e+06  1.2677  0.266882  0.316924  0 
1.35672e+06  0.993722  0.385333  0.248431  1 
1.25736e+06  1.05666  0.331914  0.264164  0 
1.18104e+06  1.10376  0.290882  0.275939  0 
1.96464e+06  0.862487  0.712172  0.215622  0 
1.92768e+06  0.873189  0.692301  0.218297  0 
1.45752e+06  0.945127  0.439527  0.236282  0 
1.87656e+06  0.879562  0.664817  0.219891  0 
1.83696e+06  0.880482  0.643527  0.220121  0 
1.31856e+06  1.01257  0.364817  0.253143  0 
1.77192e+06  0.885265  0.608559  0.221316  0 
1.12008e+06  1.92826  0.258108  0.482065  0 
1.74024e+06  0.894118  0.591527  0.223529  1 
1.69704e+06  0.901827  0.568301  0.225457  0 
1.44336e+06  0.970845  0.431914  0.242711  0 
1.17048e+06  1.21429  0.285204  0.303573  1 
1.3068e+06  1.03432  0.358495  0.258579  0 
1.40904e+06  0.971838  0.413462  0.242959  1 
1.2804e+06  1.03777  0.344301  0.259441  0 
1.68984e+06  0.917379  0.56443  0.229345  1 
1.66464e+06  0.918142  0.550882  0.229535  1 
1.59744e+06  0.918744  0.514753  0.229686  0 
1.7628e+06  0.890287  0.603656  0.222572  1 
1.55304e+06  0.940801  0.490882  0.2352  0 
1.13064e+06  1.93984  0.263785  0.48496  0 
1.4316e+06  0.981039  0.425591  0.24526  0 
1.72248e+06  0.910814  0.581978  0.227704  0 
1.82088e+06  0.896783  0.634882  0.224196  0 
1.70688e+06  0.912223  0.573591  0.228056  0 
1.79448e+06  0.905385  0.620688  0.226346  0 
1.34472e+06  1.02467  0.378882  0.256168  0 
1.4532e+06  0.97532  0.437204  0.24383  0 
1.88856e+06  0.883413  0.671269  0.220853  0 
1.46736e+06  0.968241  0.444817  0.24206  1 
1.51296e+06  0.951092  0.469333  0.237773  0 
1.25496e+06  1.17819  0.330624  0.294548  0 
1.49328e+06  0.966789  0.458753  0.241697  1 
1.4964e+06  0.963605  0.46043  0.240901  1 
1.29336e+06  1.04575  0.351269  0.261438  0 
1.60224e+06  0.937187  0.517333  0.234297  0 
1.6332e+06  0.920363  0.533978  0.230091  0 
1.24776e+06  1.20805  0.326753  0.302012  0 
1.24584e+06  1.221  0.32572  0.305249  2 
1.92984e+06  0.873456  0.693462  0.218364  0 
1.23768e+06  1.25378  0.321333  0.313445  0 
1.18416e+06  1.60915  0.292559  0.402289  1 
1.20744e+06  1.32368  0.305075  0.33092  0 
1.26912e+06  1.15129  0.338237  0.287823  1 
1.2828e+06  1.11074  0.345591  0.277684  0 
1.19472e+06  1.40507  0.298237  0.351267  2 
1.38792e+06  1.00265  0.402108  0.250663  1 
1.6032e+06  0.93499  0.517849  0.233747  0 
1.17744e+06  1.61923  0.288946  0.404807  1 
1.81272e+06  0.905304  0.630495  0.226326  1 
2.02872e+06  0.872883  0.746624  0.218221  1 
1.17384e+06  1.78962  0.287011  0.447405  1 
1.60896e+06  0.928594  0.520946  0.232149  0 
1.36368e+06  1.07841  0.389075  0.269601  2 
1.82304e+06  0.902897  0.636043  0.225724  0 
1.4712e+06  0.990166  0.446882  0.247542  1 
1.27368e+06  1.16319  0.340688  0.290798  3 
1.53816e+06  0.960056  0.482882  0.240014  0 
1.9116e+06  0.897193  0.683656  0.224298  1 
1.8828e+06  0.897262  0.668172  0.224316  1 
1.68e+06  0.924232  0.55914  0.231058  0 
1.21608e+06  1.38773  0.30972  0.346933  1 
1.49376e+06  0.985727  0.459011  0.246432  0 
1.24968e+06  1.25831  0.327785  0.314578  2 
1.58256e+06  0.946705  0.506753  0.236676  0 
1.97736e+06  0.893316  0.719011  0.223329  0 
1.63992e+06  0.933393  0.537591  0.233348  0 
1.59888e+06  0.942694  0.515527  0.235673  0 
1.63104e+06  0.934351  0.532817  0.233588  0 
1.72968e+06  0.917578  0.585849  0.229395  0 
1.49664e+06  0.970384  0.460559  0.242596  2 
1.81056e+06  0.917324  0.629333  0.229331  0 
1.66416e+06  0.927764  0.550624  0.231941  0 
1.37976e+06  1.05994  0.39772  0.264984  2 
1.20624e+06  1.99317  0.30443  0.498291  1 
1.27224e+06  1.16544  0.339914  0.291361  2 
1.21488e+06  1.38961  0.309075  0.347404  2 
1.39032e+06  1.02807  0.403398  0.257018  0 
1.24128e+06  1.25855  0.323269  0.314637  2 
1.5492e+06  0.959635  0.488817  0.239909  0 
1.44144e+06  0.991308  0.430882  0.247827  0 
1.2984e+06  1.09351  0.353978  0.273378  0 
1.55208e+06  0.954974  0.490366  0.238744  0 
1.41912e+06  1.01001  0.418882  0.252501  0 
1.81344e+06  0.921822  0.630882  0.230456  0 
1.90776e+06  0.90527  0.681591  0.226317  0 
1.41384e+06  1.10637  0.416043  0.276593  0 
1.596e+06  0.978785  0.513978  0.244696  0 
2.01792e+06  0.904787  0.740817  0.226197  0 
1.49472e+06  1.01697  0.459527  0.254243  0 
1.68816e+06  0.92778  0.563527  0.231945  0 
2.03568e+06  0.893537  0.750366  0.223384  0 
1.35144e+06  1.75448  0.382495  0.438621  0 

1.00728e+06  2.06382  0.197462  0.515956  0 
1.98192e+06  0.829613  0.721462  0.207403  0 
1.4412e+06  0.913658  0.430753  0.228414  0 
1.11072e+06  1.32482  0.253075  0.331204  0 
1.2828e+06  0.98084  0.345591  0.24521  0 
1.17432e+06  1.10177  0.287269  0.275441  0 
1.1184e+06  1.21917  0.257204  0.304793  0 
1.9104e+06  0.834672  0.683011  0.208668  0 
1.86504e+06  0.836245  0.658624  0.209061  0 
1.23888e+06  1.03193  0.321978  0.257983  0 
1.8168e+06  0.846056  0.632688  0.211514  0 
1.74192e+06  0.850531  0.59243  0.212633  0 
1.08288e+06  1.98172  0.238108  0.495431  0 
1.71456e+06  0.856661  0.57772  0.214165  0 
1.6644e+06  0.861778  0.550753  0.215444  0 
1.39968e+06  0.932547  0.40843  0.233137  0 
1.128e+06  1.1719  0.262366  0.292976  0 
1.37208e+06  0.940503  0.393591  0.235126  0 
1.63512e+06  0.87337  0.535011  0.218343  0 
1.35288e+06  0.942616  0.383269  0.235654  0 
1.21752e+06  1.06567  0.310495  0.266417  0 
1.61352e+06  0.879051  0.523398  0.219763  0 
1.58928e+06  0.882815  0.510366  0.220704  0 
1.55904e+06  0.89239  0.494108  0.223098  0 
1.27344e+06  1.0005  0.340559  0.250126  0 
1.536e+06  0.896503  0.48172  0.224126  0 
1.10376e+06  1.96256  0.249333  0.49064  0 
1.30656e+06  0.966965  0.358366  0.241741  0 
1.20144e+06  1.08862  0.301849  0.272155  0 
1.23288e+06  1.035  0.318753  0.258751  0 
1.5204e+06  0.901999  0.473333  0.2255  0 
1.50648e+06  0.905185  0.465849  0.226296  0 
1.28016e+06  0.99312  0.344172  0.24828  0 
1.0656e+06  2.05816  0.228817  0.514539  0 
1.27464e+06  0.995073  0.341204  0.248768  0 
1.63296e+06  0.874854  0.533849  0.218713  0 
1.43928e+06  0.927701  0.42972  0.231925  0 
1.17264e+06  1.13111  0.286366  0.282777  0 
1.55736e+06  0.892562  0.493204  0.223141  0 
1.272e+06  1.02225  0.339785  0.255562  0 
1.85688e+06  0.843048  0.654237  0.210762  0 
1.46832e+06  0.912227  0.445333  0.228057  0 
1.848e+06  0.845754  0.649462  0.211439  0 
1.70832e+06  0.861625  0.574366  0.215406  0 
1.05168e+06  2.09932  0.221333  0.524831  0 
1.10376e+06  2.05555  0.249333  0.513887  0 
1.7448e+06  0.856695  0.593978  0.214174  0 
1.28016e+06  1.00839  0.344172  0.252098  0 
1.09704e+06  2.07545  0.24572  0.518862  0 
1.64208e+06  0.883408  0.538753  0.220852  1 
1.20456e+06  1.15318  0.303527  0.288296  1 
1.62e+06  0.885385  0.526882  0.221346  1 
1.32072e+06  0.978831  0.365978  0.244708  0 
1.11768e+06  2.04956  0.256817  0.512391  0 
1.3104e+06  1.00337  0.36043  0.250844  1 
1.578e+06  0.897002  0.504301  0.22425  1 
1.12872e+06  1.71764  0.262753  0.429411  1 
1.37592e+06  0.961192  0.395656  0.240298  1 
1.54776e+06  0.899543  0.488043  0.224886  0 
1.50984e+06  0.907112  0.467656  0.226778  1 
1.68528e+06  0.870361  0.561978  0.21759  1 
1.14024e+06  1.3481  0.268946  0.337025  0 
1.57776e+06  0.897043  0.504172  0.224261  1 
1.3968e+06  0.950936  0.406882  0.237734  1 
1.41168e+06  0.933109  0.414882  0.233277  1 
1.92168e+06  0.840172  0.689075  0.210043  0 
1.31064e+06  0.991855  0.360559  0.247964  1 
1.5444e+06  0.903818  0.486237  0.225955  0 
1.23816e+06  1.0765  0.321591  0.269124  1 
1.40616e+06  0.947674  0.411914  0.236919  1 
1.59624e+06  0.894967  0.514108  0.223742  0 
1.75368e+06  0.853637  0.598753  0.213409  0 
1.71024e+06  0.868293  0.575398  0.217073  1 
1.45752e+06  0.920888  0.439527  0.230222  1 
1.17432e+06  1.2007  0.287269  0.300174  0 
1.61808e+06  0.890288  0.525849  0.222572  2 
1.59552e+06  0.896744  0.51372  0.224186  1 
1.24992e+06  1.04697  0.327914  0.261743  0 
1.37952e+06  0.954273  0.397591  0.238568  1 
1.53552e+06  0.904915  0.481462  0.226229  1 
1.34904e+06  0.968355  0.381204  0.242089  1 
1.5312e+06  0.905672  0.47914  0.226418  0 
1.78512e+06  0.851963  0.615656  0.212991  0 
1.50624e+06  0.92853  0.46572  0.232133  0 
1.9332e+06  0.84703  0.695269  0.211758  0 
1.30032e+06  1.04857  0.355011  0.262141  0 
1.18272e+06  1.32799  0.291785  0.331997  0 
1.2696e+06  1.05893  0.338495  0.264732  0 
1.67808e+06  0.892512  0.558108  0.223128  0 
1.20144e+06  1.20686  0.301849  0.301715  1 
1.32528e+06  0.981558  0.36843  0.24539  0 
1.19112e+06  1.24151  0.296301  0.310378  1 
1.46904e+06  0.941686  0.44572  0.235422  1 
1.41696e+06  0.971873  0.41772  0.242968  0 
1.13424e+06  1.96356  0.26572  0.49089  0 
1.19592e+06  1.21979  0.298882  0.304946  0 
1.52352e+06  0.916939  0.475011  0.229235  0 
1.64808e+06  0.89437  0.541978  0.223593  1 
1.44792e+06  0.96726  0.434366  0.241815  0 
1.70184e+06  0.887625  0.570882  0.221906  0 

994320  2.06515  0.190495  0.516288  0 
2.09592e+06  0.8054  0.782753  0.20135  0 
1.51368e+06  0.86317  0.46972  0.215793  0 
1.08384e+06  1.1872  0.238624  0.296799  0 
1.38144e+06  0.909418  0.398624  0.227355  0 
1.2708e+06  0.941954  0.33914  0.235489  0 
1.00608e+06  1.84252  0.196817  0.460629  0 
1.17264e+06  1.02375  0.286366  0.255938  0 
1.02888e+06  1.65004  0.209075  0.412509  0 
1.12728e+06  1.10167  0.261978  0.275419  0 
1.056e+06  1.43553  0.223656  0.358882  0 
2.03616e+06  0.80588  0.750624  0.20147  0 
1.97304e+06  0.807043  0.716688  0.201761  0 
1.24584e+06  0.966937  0.32572  0.241734  0 
1.93704e+06  0.813118  0.697333  0.203279  0 
1.86576e+06  0.813573  0.659011  0.203393  0 
1.83888e+06  0.815778  0.644559  0.203944  0 
1.76616e+06  0.819749  0.605462  0.204937  0 
1.13328e+06  1.06063  0.265204  0.265157  0 
1.47384e+06  0.870958  0.448301  0.217739  0 
1.03824e+06  1.59178  0.214108  0.397946  0 
1.22664e+06  0.986363  0.315398  0.246591  0 
1.71072e+06  0.826443  0.575656  0.206611  0 
1.19976e+06  0.987425  0.300946  0.246856  0 
1.69464e+06  0.828989  0.567011  0.207247  0 
1.06896e+06  1.19821  0.230624  0.299553  0 
1.67304e+06  0.831767  0.555398  0.207942  0 
1.45968e+06  0.875519  0.440688  0.21888  0 
1.33608e+06  0.911543  0.374237  0.227886  0 
1.66152e+06  0.833249  0.549204  0.208312  0 
1.64496e+06  0.842924  0.540301  0.210731  0 
1.44864e+06  0.889452  0.434753  0.222363  0 
1.11864e+06  1.13902  0.257333  0.284755  0 
1.3284e+06  0.9192  0.370108  0.2298  0 
1.42272e+06  0.89298  0.420817  0.223245  0 
1.63104e+06  0.847927  0.532817  0.211982  0 
1.41336e+06  0.895575  0.415785  0.223894  0 
1.31496e+06  0.928956  0.362882  0.232239  0 
1.3956e+06  0.896847  0.406237  0.224212  0 
1.25568e+06  0.954656  0.331011  0.238664  0 
1.60656e+06  0.85104  0.519656  0.21276  0 
1.16208e+06  1.04878  0.280688  0.262195  0 
1.5912e+06  0.851322  0.511398  0.212831  0 
1.23384e+06  0.974822  0.319269  0.243706  0 
1.58376e+06  0.853234  0.507398  0.213308  0 
1.578e+06  0.853287  0.504301  0.213322  0 
1.55568e+06  0.854251  0.492301  0.213563  0 
1.5372e+06  0.857328  0.482366  0.214332  0 
1.96416e+06  0.809664  0.711914  0.202416  0 
1.44288e+06  0.890641  0.431656  0.22266  0 
1.68624e+06  0.829456  0.562495  0.207364  0 
1.5036e+06  0.869143  0.464301  0.217286  0 
1.31088e+06  0.940431  0.360688  0.235108  0 
1.37064e+06  0.910052  0.392817  0.227513  0 
1.44216e+06  0.891738  0.431269  0.222935  0 
1.69752e+06  0.827993  0.568559  0.206998  0 
1.83144e+06  0.819041  0.640559  0.20476  0 
1.69632e+06  0.828724  0.567914  0.207181  0 
1.93344e+06  0.813519  0.695398  0.20338  0 
1.2552e+06  0.966911  0.330753  0.241728  0 
1.90512e+06  0.81451  0.680172  0.203628  0 
1.01352e+06  2.05205  0.200817  0.513011  0 
1.2492e+06  0.972097  0.327527  0.243024  0 
1.9032e+06  0.81506  0.67914  0.203765  0 
1.24848e+06  0.976318  0.32714  0.244079  0 
1.15128e+06  1.07417  0.274882  0.268543  0 
1.33392e+06  0.92709  0.373075  0.231773  0 
1.04088e+06  1.76467  0.215527  0.441168  0 
1.11936e+06  1.17214  0.25772  0.293036  0 
1.302e+06  0.943317  0.355914  0.235829  0 
1.26288e+06  0.958881  0.334882  0.23972  0 
1.70088e+06  0.850109  0.570366  0.212527  0 
1.42344e+06  0.903343  0.421204  0.225836  0 
1.23768e+06  0.985607  0.321333  0.246402  0 
1.5336e+06  0.880502  0.48043  0.220126  0 
1.5408e+06  0.879563  0.484301  0.219891  0 
1.60152e+06  0.861755  0.516946  0.215439  0 
1.06272e+06  1.61782  0.227269  0.404455  0 
1.20072e+06  1.00558  0.301462  0.251394  0 
1.21008e+06  0.994371  0.306495  0.248593  0 
1.26048e+06  0.971246  0.333591  0.242812  0 
1.50072e+06  0.882799  0.462753  0.2207  0 
1.61352e+06  0.853014  0.523398  0.213253  0 
1.66272e+06  0.852519  0.549849  0.21313  0 
1.194e+06  1.02501  0.297849  0.256252  0 
1.40208e+06  0.910223  0.40972  0.227556  0 
1.746e+06  0.829526  0.594624  0.207382  0 
1.1628e+06  1.05327  0.281075  0.263317  0 
1.974e+06  0.807731  0.717204  0.201933  0 
1.19376e+06  1.04431  0.29772  0.261079  0 
1.42416e+06  0.893254  0.421591  0.223313  0 
1.10136e+06  1.59116  0.248043  0.39779  0 
1.18848e+06  1.04585  0.294882  0.261463  0 
1.45704e+06  0.890254  0.439269  0.222563  0 
1.13472e+06  1.16948  0.265978  0.292369  0 
1.27584e+06  0.944135  0.341849  0.236034  0 
1.27392e+06  0.947209  0.340817  0.236802  0 
1.0236e+06  1.86475  0.206237  0.466187  0 
1.03584e+06  1.77505  0.212817  0.443763  0 
1.18584e+06  1.07401  0.293462  0.268503  0 

992400  2.06258  0.189462  0.515644  0 
1.94952e+06  0.80422  0.704043  0.201055  0 
1.39848e+06  0.881594  0.407785  0.220399  0 
1.04616e+06  1.2794  0.218366  0.31985  0 
1.2384e+06  0.938296  0.32172  0.234574  0 
1.12296e+06  1.04736  0.259656  0.26184  0 
1.07544e+06  1.17461  0.234108  0.293653  0 
998640  1.8402  0.192817  0.46005  0 
1.18992e+06  0.963031  0.295656  0.240758  0 
1.90992e+06  0.804428  0.682753  0.201107  0 
1.87176e+06  0.804701  0.662237  0.201175  0 
1.01064e+06  1.65233  0.199269  0.413083  0 
1.76496e+06  0.805345  0.604817  0.201336  0 
1.72392e+06  0.813679  0.582753  0.20342  0 
1.69296e+06  0.819841  0.566108  0.20496  0 
1.66512e+06  0.821285  0.55114  0.205321  0 
1.09632e+06  1.08955  0.245333  0.272389  0 
1.61712e+06  0.824951  0.525333  0.206238  0 
1.16448e+06  0.989156  0.281978  0.247289  0 
1.37352e+06  0.885705  0.394366  0.221426  0 
1.13664e+06  0.996682  0.267011  0.249171  0 
1.02288e+06  1.43795  0.205849  0.359487  0 
1.5912e+06  0.832691  0.511398  0.208173  0 
1.35048e+06  0.891529  0.381978  0.222882  0 
1.57248e+06  0.839955  0.501333  0.209989  0 
1.55424e+06  0.845687  0.491527  0.211422  0 
1.06032e+06  1.2309  0.225978  0.307725  0 
1.3356e+06  0.905393  0.373978  0.226348  0 
1.5336e+06  0.84989  0.48043  0.212473  0 
1.31376e+06  0.907308  0.362237  0.226827  0 
1.10832e+06  1.06153  0.251785  0.265383  0 
1.29528e+06  0.911946  0.352301  0.227987  0 
1.51728e+06  0.856117  0.471656  0.214029  0 
1.49928e+06  0.856123  0.461978  0.214031  0 
1.2276e+06  0.939009  0.315914  0.234752  0 
1.03608e+06  1.31804  0.212946  0.329511  0 
1.21032e+06  0.941595  0.306624  0.235399  0 
1.49016e+06  0.861414  0.457075  0.215354  0 
1.47816e+06  0.862727  0.450624  0.215682  0 
1.47e+06  0.86505  0.446237  0.216262  0 
1.2876e+06  0.918574  0.348172  0.229643  0 
1.17744e+06  0.975302  0.288946  0.243825  0 
1.43544e+06  0.868554  0.427656  0.217139  0 
1.09008e+06  1.16302  0.241978  0.290755  0 
1.34568e+06  0.89212  0.379398  0.22303  0 
1.2828e+06  0.92516  0.345591  0.23129  0 
1.27344e+06  0.928109  0.340559  0.232027  0 
1.2672e+06  0.928827  0.337204  0.232207  0 
1.056e+06  1.26586  0.223656  0.316465  0 
1.10448e+06  1.07932  0.24972  0.269829  0 
1.7484e+06  0.805918  0.595914  0.20148  0 
1.02888e+06  1.43059  0.209075  0.357648  0 
1.58256e+06  0.832855  0.506753  0.208214  0 
1.33848e+06  0.898645  0.375527  0.224661  0 
1.7364e+06  0.807372  0.589462  0.201843  0 
1.0872e+06  1.16616  0.24043  0.291539  0 
1.2636e+06  0.932526  0.335269  0.233132  0 
1.02024e+06  1.6445  0.20443  0.411125  0 
1.24968e+06  0.933154  0.327785  0.233289  0 
1.7208e+06  0.815037  0.581075  0.203759  0 
1.1208e+06  1.05616  0.258495  0.26404  0 
1.02696e+06  1.43334  0.208043  0.358335  0 
1.42776e+06  0.877884  0.423527  0.219471  0 
1.26528e+06  0.928999  0.336172  0.23225  0 
1.41072e+06  0.878307  0.414366  0.219577  0 
1.53048e+06  0.852958  0.478753  0.21324  0 
1.00224e+06  1.83729  0.194753  0.459321  0 
1.40808e+06  0.878996  0.412946  0.219749  0 
1.20912e+06  0.954679  0.305978  0.23867  0 
1.37232e+06  0.888268  0.39372  0.222067  0 
1.37736e+06  0.883501  0.39643  0.220875  0 
1.73496e+06  0.811521  0.588688  0.20288  0 
1.61472e+06  0.830602  0.524043  0.207651  0 
1.10736e+06  1.06193  0.251269  0.265483  0 
1.5264e+06  0.854187  0.476559  0.213547  0 
1.54152e+06  0.848201  0.484688  0.21205  0 
1.01616e+06  1.65067  0.202237  0.412666  0 
1.49184e+06  0.859773  0.457978  0.214943  0 
1.65192e+06  0.823411  0.544043  0.205853  0 
1.60968e+06  0.831176  0.521333  0.207794  0 
1.46784e+06  0.867196  0.445075  0.216799  0 
1.56912e+06  0.84434  0.499527  0.211085  0 
1.39752e+06  0.882177  0.407269  0.220544  0 
1.36776e+06  0.890378  0.391269  0.222595  0 
1.05984e+06  1.25387  0.22572  0.313467  0 
1.12248e+06  1.05206  0.259398  0.263016  0 
1.67472e+06  0.820296  0.556301  0.205074  0 
1.30296e+06  0.911034  0.35643  0.227759  0 
1.21896e+06  0.940803  0.311269  0.235201  0 
1.74744e+06  0.806635  0.595398  0.201659  0 
1.24872e+06  0.937588  0.327269  0.234397  0 
1.7064e+06  0.819189  0.573333  0.204797  0 
1.3668e+06  0.890917  0.390753  0.222729  0 
1.0512e+06  1.27888  0.221075  0.31972  0 
1.08696e+06  1.17361  0.240301  0.293403  0 
1.33824e+06  0.904682  0.375398  0.22617  0 
1.11408e+06  1.06103  0.254882  0.265258  0 
1.14168e+06  0.996224  0.26972  0.249056  0 
1.1112e+06  1.07901  0.253333  0.269753  0 
1.35e+06  0.932512  0.38172  0.233128  0 

961920  1.8524  0.173075  0.4631  0 
1.92456e+06  0.796086  0.690624  0.199021  0 
1.44936e+06  0.854067  0.43514  0.213517  0 
1.08096e+06  1.02285  0.237075  0.255712  0 
984480  1.61961  0.185204  0.404904  0 
1.00128e+06  1.44521  0.194237  0.361302  0 
1.37592e+06  0.880688  0.395656  0.220172  0 
1.30704e+06  0.903029  0.358624  0.225757  0 
1.25688e+06  0.914229  0.331656  0.228557  0 
1.03608e+06  1.31804  0.212946  0.329511  0 
1.2084e+06  0.930482  0.305591  0.23262  0 
1.04472e+06  1.19642  0.217591  0.299105  0 
1.17432e+06  0.96064  0.287269  0.24016  0 
1.8888e+06  0.799016  0.671398  0.199754  0 
1.80576e+06  0.800907  0.626753  0.200227  0 
1.776e+06  0.803403  0.610753  0.200851  0 
1.7196e+06  0.803946  0.58043  0.200986  0 
1.14768e+06  0.974522  0.272946  0.24363  0 
1.69152e+06  0.809352  0.565333  0.202338  0 
1.65936e+06  0.811195  0.548043  0.202799  0 
1.62384e+06  0.816468  0.528946  0.204117  0 
1.1304e+06  0.98646  0.263656  0.246615  0 
1.05096e+06  1.16165  0.220946  0.290413  0 
1.60416e+06  0.821177  0.518366  0.205294  0 
1.06584e+06  1.08495  0.228946  0.271237  0 
1.5852e+06  0.826617  0.508172  0.206654  0 
1.43592e+06  0.857291  0.427914  0.214323  0 
973920  1.71289  0.179527  0.428223  0 
1.57464e+06  0.828812  0.502495  0.207203  0 
1.42104e+06  0.859047  0.419914  0.214762  0 
1.5564e+06  0.833438  0.492688  0.20836  0 
1.19688e+06  0.941016  0.299398  0.235254  0 
1.12128e+06  0.999344  0.258753  0.249836  0 
1.02696e+06  1.42541  0.208043  0.356354  0 
1.36152e+06  0.883553  0.387914  0.220888  0 
1.54752e+06  0.836074  0.487914  0.209018  0 
1.53504e+06  0.837363  0.481204  0.209341  0 
1.0704e+06  1.07067  0.231398  0.267666  0 
1.518e+06  0.839818  0.472043  0.209955  0 
1.34808e+06  0.889339  0.380688  0.222335  0 
1.39992e+06  0.867029  0.408559  0.216757  0 
995040  1.60321  0.190882  0.400801  0 
1.34136e+06  0.889944  0.377075  0.222486  0 
1.164e+06  0.961638  0.28172  0.24041  0 
1.0212e+06  1.42877  0.204946  0.357194  0 
1.18944e+06  0.949901  0.295398  0.237475  0 
1.39464e+06  0.87071  0.40572  0.217678  0 
979920  1.69076  0.182753  0.422691  0 
1.14264e+06  0.976788  0.270237  0.244197  0 
1.24296e+06  0.921453  0.324172  0.230363  0 
1.51296e+06  0.845335  0.469333  0.211334  0 
1.22088e+06  0.922261  0.312301  0.230565  0 
1.2924e+06  0.906483  0.350753  0.226621  0 
1.09992e+06  1.01542  0.247269  0.253855  0 
1.49856e+06  0.846656  0.461591  0.211664  0 
1.4928e+06  0.846658  0.458495  0.211665  0 
990960  1.61257  0.188688  0.403143  0 
1.33752e+06  0.896683  0.375011  0.224171  0 
1.27776e+06  0.907917  0.342882  0.226979  0 
998400  1.47155  0.192688  0.367888  0 
1.272e+06  0.908411  0.339785  0.227103  0 
1.1184e+06  1.00992  0.257204  0.25248  0 
1.32912e+06  0.897842  0.370495  0.224461  0 
1.71216e+06  0.804988  0.57643  0.201247  0 
1.35672e+06  0.885083  0.385333  0.221271  0 
1.2684e+06  0.910068  0.337849  0.227517  0 
980880  1.68666  0.183269  0.421665  0 
1.03248e+06  1.42171  0.211011  0.355428  0 
1.64304e+06  0.812857  0.539269  0.203214  0 
1.5996e+06  0.823272  0.515914  0.205818  0 
1.3272e+06  0.899694  0.369462  0.224923  0 
1.26336e+06  0.911101  0.33514  0.227775  0 
1.48896e+06  0.851006  0.45643  0.212752  0 
1.12512e+06  0.996367  0.260817  0.249092  0 
1.25784e+06  0.911295  0.332172  0.227824  0 
989280  1.61726  0.187785  0.404316  0 
1.01496e+06  1.44303  0.201591  0.360758  0 
1.4832e+06  0.851982  0.453333  0.212996  0 
1.35576e+06  0.8866  0.384817  0.22165  0 
1.37496e+06  0.880898  0.39514  0.220225  0 
1.16304e+06  0.967186  0.281204  0.241797  0 
1.42008e+06  0.864034  0.419398  0.216008  0 
1.32432e+06  0.901008  0.367914  0.225252  0 
1.41696e+06  0.865114  0.41772  0.216279  0 
1.53384e+06  0.838028  0.480559  0.209507  0 
1.25448e+06  0.919678  0.330366  0.22992  0 
1.25616e+06  0.917161  0.331269  0.22929  0 
1.3236e+06  0.901463  0.367527  0.225366  0 
1.86576e+06  0.799378  0.659011  0.199845  0 
1.7976e+06  0.801986  0.622366  0.200497  0 
1.18296e+06  0.959343  0.291914  0.239836  0 
1.59792e+06  0.8254  0.515011  0.20635  0 
1.56792e+06  0.832278  0.498882  0.208069  0 
1.92192e+06  0.797978  0.689204  0.199495  0 
1.34088e+06  0.890628  0.376817  0.222657  0 
1.14528e+06  0.975787  0.271656  0.243947  0 
1.1604e+06  0.973588  0.279785  0.243397  0 
1.68048e+06  0.810396  0.559398  0.202599  0 
1.5144e+06  0.844609  0.470108  0.211152  0 
1.20456e+06  0.94073  0.303527  0.235183  0 

961920  1.8524  0.173075  0.4631  0 
1.8912e+06  0.794839  0.672688  0.19871  0 
1.42248e+06  0.853598  0.420688  0.213399  0 
1.04952e+06  1.0446  0.220172  0.261151  0 
1.34496e+06  0.879664  0.379011  0.219916  0 
978960  1.49013  0.182237  0.372533  0 
1.27632e+06  0.901028  0.342108  0.225257  0 
988080  1.20815  0.18714  0.302037  0 
1.21224e+06  0.92255  0.307656  0.230638  0 
1.15944e+06  0.953794  0.279269  0.238449  0 
1.12776e+06  0.98081  0.262237  0.245202  0 
1.84896e+06  0.796224  0.649978  0.199056  0 
1.8216e+06  0.799651  0.635269  0.199913  0 
1.79496e+06  0.800131  0.620946  0.200033  0 
1.76256e+06  0.80241  0.603527  0.200603  0 
1.7196e+06  0.803946  0.58043  0.200986  0 
1.69272e+06  0.805161  0.565978  0.20129  0 
1.65408e+06  0.807017  0.545204  0.201754  0 
1.02912e+06  1.0828  0.209204  0.2707  0 
1.08696e+06  1.0011  0.240301  0.250276  0 
1.61976e+06  0.811523  0.526753  0.202881  0 
1.59936e+06  0.813969  0.515785  0.203492  0 
1.57752e+06  0.815655  0.504043  0.203914  0 
1.55856e+06  0.819469  0.493849  0.204867  0 
1.01616e+06  1.17947  0.202237  0.294868  0 
1.07544e+06  1.0185  0.234108  0.254624  0 
1.54728e+06  0.83063  0.487785  0.207658  0 
1.41096e+06  0.856731  0.414495  0.214183  0 
1.20168e+06  0.930818  0.301978  0.232704  0 
1.53576e+06  0.832424  0.481591  0.208106  0 
1.51584e+06  0.832609  0.470882  0.208152  0 
1.06152e+06  1.02498  0.226624  0.256244  0 
1.26504e+06  0.902952  0.336043  0.225738  0 
1.4004e+06  0.860303  0.408817  0.215076  0 
1.1448e+06  0.96307  0.271398  0.240768  0 
1.39224e+06  0.861142  0.40443  0.215285  0 
1.1904e+06  0.937062  0.295914  0.234265  0 
1.4988e+06  0.83823  0.46172  0.209557  0 
1.32216e+06  0.886177  0.366753  0.221544  0 
1.1172e+06  0.986647  0.256559  0.246662  0 
1.38024e+06  0.865325  0.397978  0.216331  0 
972480  1.70283  0.178753  0.425706  0 
1.2588e+06  0.906231  0.332688  0.226558  0 
1.37064e+06  0.866488  0.392817  0.216622  0 
1.10952e+06  0.987975  0.25243  0.246994  0 
1.17792e+06  0.940863  0.289204  0.235216  0 
1.3164e+06  0.888657  0.363656  0.222164  0 
1.24248e+06  0.911158  0.323914  0.227789  0 
1.23384e+06  0.911372  0.319269  0.227843  0 
1.48584e+06  0.842945  0.454753  0.210736  0 
1.1316e+06  0.971628  0.264301  0.242907  0 
1.31088e+06  0.892186  0.360688  0.223047  0 
1.36608e+06  0.871285  0.390366  0.217821  0 
1.46568e+06  0.845447  0.443914  0.211362  0 
1.08072e+06  1.01121  0.236946  0.252802  0 
1.04352e+06  1.0757  0.216946  0.268926  0 
1.3596e+06  0.873205  0.386882  0.218301  0 
1.30512e+06  0.894788  0.357591  0.223697  0 
1.35576e+06  0.873824  0.384817  0.218456  0 
1.29744e+06  0.895355  0.353462  0.223839  0 
1.04712e+06  1.06835  0.218882  0.267088  0 
1.44552e+06  0.848698  0.433075  0.212175  0 
1.014e+06  1.20341  0.201075  0.300851  0 
1.05624e+06  1.04029  0.223785  0.260073  0 
1.1076e+06  0.995234  0.251398  0.248808  0 
986160  1.47391  0.186108  0.368477  0 
1.00344e+06  1.20443  0.195398  0.301107  0 
1.05984e+06  1.02966  0.22572  0.257415  0 
1.29072e+06  0.897507  0.349849  0.224377  0 
1.17096e+06  0.950462  0.285462  0.237615  0 
1.0692e+06  1.02185  0.230753  0.255461  0 
1.23096e+06  0.919502  0.31772  0.229876  0 
1.83816e+06  0.796686  0.644172  0.199171  0 
1.38888e+06  0.862443  0.402624  0.215611  0 
1.05216e+06  1.0418  0.221591  0.260449  0 
1.44072e+06  0.850871  0.430495  0.212718  0 
970560  1.8497  0.17772  0.462426  0 
1.02144e+06  1.17716  0.205075  0.29429  0 
1.28952e+06  0.898829  0.349204  0.224707  0 
1.29648e+06  0.895358  0.352946  0.223839  0 
1.3548e+06  0.875801  0.384301  0.21895  0 
1.30896e+06  0.892871  0.359656  0.223218  0 
1.572e+06  0.817787  0.501075  0.204447  0 
1.25712e+06  0.909595  0.331785  0.227399  0 
1.1088e+06  0.991465  0.252043  0.247866  0 
1.43808e+06  0.852166  0.429075  0.213041  0 
1.64544e+06  0.810179  0.540559  0.202545  0 
1.79328e+06  0.801093  0.620043  0.200273  0 
1.51104e+06  0.836951  0.468301  0.209238  0 
1.6368e+06  0.810388  0.535914  0.202597  0 
1.36536e+06  0.87207  0.389978  0.218018  0 
1.37856e+06  0.865357  0.397075  0.216339  0 
1.28208e+06  0.899935  0.345204  0.224984  0 
1.07712e+06  1.01744  0.235011  0.25436  0 
1.5516e+06  0.829595  0.490108  0.207399  0 
1.68576e+06  0.806182  0.562237  0.201546  0 
1.39464e+06  0.860314  0.40572  0.215079  0 
1.28136e+06  0.90049  0.344817  0.225122  0 
1.30416e+06  0.894819  0.357075  0.223705  0 
1.4976e+06  0.842475  0.461075  0.210619  0 

