5.16843e+07  4.97797e+07  27.4432  1.24449e+07  0 
4.9332e+07  4.73828e+07  26.1785  1.18457e+07  0 
1.35738e+14  1.35738e+14  7.29773e+07  3.39344e+13  0 
5.49283e+07  5.31623e+07  29.1872  1.32906e+07  0 
7.61371e+07  7.40434e+07  40.5899  1.85108e+07  0 
4.75314e+07  4.56767e+07  25.2104  1.14192e+07  0 
5.03598e+07  4.81833e+07  26.7311  1.20458e+07  0 
7.77309e+07  7.55695e+07  41.4467  1.88924e+07  0 
6.37028e+07  6.15942e+07  33.9047  1.53985e+07  0 
5.42473e+07  5.21763e+07  28.8211  1.30441e+07  0 
4.77463e+12  4.77463e+12  2.56701e+06  1.19366e+12  0 
5.80772e+07  5.6329e+07  30.8802  1.40822e+07  0 
3.4787e+07  3.25326e+07  18.3586  8.13316e+06  0 
5.0164e+07  4.81388e+07  26.6258  1.20347e+07  0 
1.59527e+13  1.59527e+13  8.57674e+06  3.98819e+12  0 
5.62737e+07  5.45047e+07  29.9106  1.36262e+07  0 
7.27849e+07  7.07601e+07  38.7876  1.769e+07  0 
9.34039e+13  9.34039e+13  5.02172e+07  2.3351e+13  0 
1.95271e+13  1.9527e+13  1.04984e+07  4.88176e+12  0 
4.30447e+07  4.1008e+07  22.7982  1.0252e+07  0 
5.07368e+07  4.88055e+07  26.9337  1.22014e+07  0 
3.2266e+07  3.02565e+07  17.0032  7.56413e+06  0 
4.98464e+07  4.79039e+07  26.4551  1.1976e+07  0 
1.02928e+14  1.02928e+14  5.53374e+07  2.57319e+13  0 
4.7024e+07  4.5008e+07  24.9376  1.1252e+07  0 
4.51431e+13  4.51431e+13  2.42705e+07  1.12858e+13  0 
4.26566e+07  4.06495e+07  22.5896  1.01624e+07  0 
4.64624e+13  4.64624e+13  2.49798e+07  1.16156e+13  0 
4.19325e+07  4.00411e+07  22.2003  1.00103e+07  0 
4.65696e+07  4.47977e+07  24.6933  1.11994e+07  0 
4.76154e+07  4.55003e+07  25.2556  1.13751e+07  0 
4.72626e+07  4.52202e+07  25.0659  1.1305e+07  0 
4.70475e+07  4.51467e+07  24.9503  1.12867e+07  0 
5.22257e+07  5.02411e+07  27.7342  1.25603e+07  0 
5.44742e+07  5.25566e+07  28.9431  1.31392e+07  0 
4.80276e+07  4.6076e+07  25.4772  1.1519e+07  0 
4.80902e+07  4.59695e+07  25.5108  1.14924e+07  0 
2.80202e+07  2.60078e+07  14.7205  6.50195e+06  0 
9.97976e+13  9.97976e+13  5.36546e+07  2.49494e+13  0 
4.12953e+07  3.92442e+07  21.8577  9.81106e+06  0 
3.49799e+10  3.49779e+10  18806.1  8.74447e+09  0 
5.00546e+07  4.79246e+07  26.567  1.19811e+07  0 
4.4473e+07  4.26416e+07  23.5661  1.06604e+07  0 
4.87077e+07  4.67654e+07  25.8429  1.16914e+07  0 
4.37552e+07  4.17934e+07  23.1802  1.04484e+07  0 
6.42098e+07  6.21888e+07  34.1773  1.55472e+07  0 
5.08617e+13  5.08617e+13  2.7345e+07  1.27154e+13  0 
4.86948e+07  4.66906e+07  25.8359  1.16726e+07  0 
4.32391e+07  4.12209e+07  22.9027  1.03052e+07  0 
8.52929e+07  8.34202e+07  45.5123  2.0855e+07  0 
1.06279e+14  1.06279e+14  5.71395e+07  2.65699e+13  0 
4.1459e+07  3.95215e+07  21.9457  9.88037e+06  0 
5.69678e+07  5.50936e+07  30.2838  1.37734e+07  0 
2.22115e+13  2.22115e+13  1.19417e+07  5.55289e+12  0 
4.40746e+07  4.21157e+07  23.3519  1.05289e+07  0 
7.37491e+12  7.37491e+12  3.96501e+06  1.84373e+12  0 
3.95114e+13  3.95114e+13  2.12427e+07  9.87786e+12  0 
4.01366e+07  3.80553e+07  21.2347  9.51382e+06  0 
4.88029e+07  4.66496e+07  25.894  1.16624e+07  0 
7.24758e+07  7.06546e+07  38.6214  1.76637e+07  0 
5.60536e+07  5.41005e+07  29.7923  1.35251e+07  0 
2.40072e+13  2.40072e+13  1.29071e+07  6.00181e+12  0 
4.18429e+07  3.96116e+07  22.1521  9.90291e+06  0 
6.61447e+13  6.61447e+13  3.55617e+07  1.65362e+13  0 
1.30106e+14  1.30106e+14  6.99495e+07  3.25265e+13  0 
4.03843e+07  3.84484e+07  21.3679  9.61211e+06  0 
5.69082e+07  5.50222e+07  30.2517  1.37556e+07  0 
8.31846e+07  8.12526e+07  44.3788  2.03131e+07  0 
5.52383e+07  5.32592e+07  29.3539  1.33148e+07  0 
5.57365e+07  5.38755e+07  29.6218  1.34689e+07  0 
4.92319e+07  4.72567e+07  26.1247  1.18142e+07  0 
3.96009e+07  3.77234e+07  20.9467  9.43084e+06  0 
2.02006e+07  1.80236e+07  10.5165  4.5059e+06  0 
4.92483e+07  4.73862e+07  26.1335  1.18465e+07  0 
2.82396e+07  2.628e+07  14.8385  6.57e+06  0 
7.24788e+07  7.03987e+07  38.623  1.75997e+07  0 
1.20398e+14  1.20398e+14  6.47304e+07  3.00996e+13  0 
5.51922e+07  5.34102e+07  29.3291  1.33525e+07  0 
5.67336e+07  5.46501e+07  30.1578  1.36625e+07  0 
6.36095e+13  6.36095e+13  3.41987e+07  1.59024e+13  0 
4.42928e+07  4.24604e+07  23.4693  1.06151e+07  0 
3.51017e+07  3.28752e+07  18.5278  8.2188e+06  0 
4.71666e+07  4.5429e+07  25.0143  1.13573e+07  0 
5.54894e+07  5.35207e+07  29.4889  1.33802e+07  0 
7.54192e+07  7.33377e+07  40.2039  1.83344e+07  0 
5.03016e+07  4.83658e+07  26.6998  1.20914e+07  0 
5.16219e+07  4.98058e+07  27.4096  1.24514e+07  0 
2.28199e+07  2.06786e+07  11.9247  5.16964e+06  0 
5.0816e+07  4.88072e+07  26.9764  1.22018e+07  0 
4.16113e+07  3.97376e+07  22.0276  9.93439e+06  0 
5.98186e+07  5.78352e+07  31.8164  1.44588e+07  0 
1.12024e+13  1.12024e+13  6.02281e+06  2.80061e+12  0 
9.53281e+07  9.32346e+07  50.9076  2.33086e+07  0 
6.27993e+07  6.0971e+07  33.419  1.52427e+07  0 
6.83121e+14  6.83121e+14  3.67269e+08  1.7078e+14  0 
4.92623e+07  4.71997e+07  26.141  1.17999e+07  0 
8.08498e+07  7.87074e+07  43.1236  1.96768e+07  0 
4.91034e+07  4.69235e+07  26.0556  1.17309e+07  0 
5.11091e+07  4.92326e+07  27.1339  1.23081e+07  0 
5.08922e+07  4.89054e+07  27.0173  1.22264e+07  0 

1.36704e+06  1.75268  0.390882  0.43817  0 
2.1432e+06  0.910593  0.808172  0.227648  0 
2.03352e+06  1.65667  0.749204  0.414168  0 
2.48784e+06  322803  0.993463  80700.7  1 
3.71103e+06  1.53471e+06  1.65109  383677  2 
4.18879e+06  1.88432e+06  1.90795  471079  3 
6.89563e+06  4.67323e+06  3.36324  1.16831e+06  4 
8.81802e+06  6.6909e+06  4.39678  1.67272e+06  5 
1.10034e+07  8.77427e+06  5.57171  2.19357e+06  10 
1.16242e+07  9.35451e+06  5.90548  2.33863e+06  11 
1.73874e+07  1.52341e+07  9.00398  3.80853e+06  65 
1.9318e+07  1.741e+07  10.042  4.35251e+06  33 
2.43899e+07  2.2264e+07  12.7688  5.56601e+06  16 
2.48557e+07  2.26674e+07  13.0192  5.66685e+06  21 
2.48685e+07  2.2757e+07  13.0261  5.68924e+06  20 
2.96156e+07  2.74813e+07  15.5783  6.87032e+06  34 
4.33834e+07  4.14543e+07  22.9803  1.03636e+07  66 
4.67674e+07  4.47483e+07  24.7997  1.11871e+07  19 
1.65594e+07  1.45494e+07  8.55884  3.63736e+06  25 
2.18151e+07  1.97468e+07  11.3845  4.9367e+06  57 
1.83544e+07  1.62623e+07  9.52385  4.06557e+06  37 
2.0759e+07  1.87138e+07  10.8167  4.67844e+06  70 
6.38669e+07  6.21867e+07  33.993  1.55467e+07  83 
2.34307e+07  2.12397e+07  12.2531  5.30993e+06  22 
1.97531e+07  1.76464e+07  10.2759  4.4116e+06  30 
9.93887e+06  7.60151e+06  4.99939  1.90038e+06  7 
9.70593e+07  9.49934e+07  51.8383  2.37483e+07  86 
5.05838e+07  4.83911e+07  26.8515  1.20978e+07  79 
1.21015e+07  1.00097e+07  6.16212  2.50243e+06  13 
1.5334e+07  1.30912e+07  7.89999  3.27279e+06  22 
3.12323e+07  2.92283e+07  16.4475  7.30708e+06  63 
2.43627e+07  2.22519e+07  12.7541  5.56297e+06  34 
7.63152e+07  7.44412e+07  40.6856  1.86103e+07  84 
3.83729e+07  3.64169e+07  20.2865  9.10422e+06  58 
4.6865e+07  4.48639e+07  24.8521  1.1216e+07  22 
1.42534e+07  1.2128e+07  7.31903  3.03199e+06  18 
2.06528e+07  1.83851e+07  10.7596  4.59627e+06  42 
1.96582e+07  1.74793e+07  10.2249  4.36982e+06  11 
3.62596e+07  3.39206e+07  19.1503  8.48015e+06  54 
9.6749e+06  7.6277e+06  4.85747  1.90693e+06  7 
3.2792e+07  3.07357e+07  17.286  7.68392e+06  42 
1.74058e+07  1.5353e+07  9.01385  3.83826e+06  56 
2.22429e+07  2.01393e+07  11.6145  5.03483e+06  46 
9.49109e+06  7.31693e+06  4.75865  1.82923e+06  6 
2.2845e+07  2.07196e+07  11.9382  5.17989e+06  50 
1.31809e+07  1.11714e+07  6.74242  2.79284e+06  16 
1.55606e+07  1.34006e+07  8.02183  3.35015e+06  23 
4.91541e+07  4.70913e+07  26.0828  1.17728e+07  82 
2.40397e+07  2.20978e+07  12.5805  5.52446e+06  61 
1.68483e+07  1.48822e+07  8.71414  3.72056e+06  25 
1.43557e+07  1.2279e+07  7.37404  3.06975e+06  19 
1.34872e+07  1.11405e+07  6.90708  2.78511e+06  16 
1.91818e+07  1.72522e+07  9.9687  4.31305e+06  15 
3.28137e+07  3.06638e+07  17.2977  7.66595e+06  22 
7.74231e+07  7.54906e+07  41.2812  1.88727e+07  85 
1.7109e+07  1.48907e+07  8.85432  3.72268e+06  26 
2.08089e+07  1.8654e+07  10.8435  4.66349e+06  22 
4.62846e+07  4.42897e+07  24.5401  1.10724e+07  74 
2.34097e+07  2.12272e+07  12.2418  5.3068e+06  54 
4.70651e+07  4.50157e+07  24.9597  1.12539e+07  77 
4.10161e+07  3.89007e+07  21.7076  9.72518e+06  10 
5.80428e+07  5.58446e+07  30.8617  1.39612e+07  75 
1.20495e+07  9.93002e+06  6.13412  2.4825e+06  12 
4.44551e+07  4.23626e+07  23.5565  1.05906e+07  73 
2.21149e+07  1.99261e+07  11.5457  4.98153e+06  57 
1.46609e+07  1.24236e+07  7.53809  3.10589e+06  21 
4.46154e+07  4.23422e+07  23.6427  1.05855e+07  48 
1.03825e+07  8.26973e+06  5.23788  2.06743e+06  8 
1.83625e+07  1.60935e+07  9.52822  4.02338e+06  34 
1.60504e+07  1.37556e+07  8.28519  3.43889e+06  24 
4.18101e+07  3.97667e+07  22.1344  9.94167e+06  71 
2.19492e+07  1.97294e+07  11.4566  4.93236e+06  16 
2.29047e+07  2.09818e+07  11.9703  5.24546e+06  60 
1.36307e+07  1.11992e+07  6.98423  2.79981e+06  17 
3.77749e+07  3.55719e+07  19.965  8.89298e+06  56 
4.59412e+07  4.38289e+07  24.3555  1.09572e+07  72 
1.07704e+07  8.5917e+06  5.44646  2.14792e+06  9 
4.16959e+07  3.97123e+07  22.0731  9.92807e+06  64 
4.5754e+07  4.34517e+07  24.2548  1.08629e+07  6 
2.665e+07  2.47149e+07  13.9839  6.17873e+06  16 
4.49174e+07  4.27497e+07  23.805  1.06874e+07  68 
3.42364e+07  3.2057e+07  18.0626  8.01424e+06  53 
1.95709e+07  1.74335e+07  10.1779  4.35837e+06  67 
5.20425e+07  5.02667e+07  27.6357  1.25667e+07  7 
1.88098e+07  1.65841e+07  9.76872  4.14602e+06  22 
1.71652e+07  1.49843e+07  8.8845  3.74607e+06  21 
1.44088e+07  1.23172e+07  7.40256  3.07929e+06  20 
1.2488e+07  1.03047e+07  6.3699  2.57618e+06  14 
2.31221e+07  2.09369e+07  12.0871  5.23422e+06  32 
3.4815e+07  3.26869e+07  18.3736  8.17173e+06  59 
2.0294e+07  1.79616e+07  10.5666  4.49041e+06  52 
1.2508e+07  1.03909e+07  6.38063  2.59773e+06  15 
2.2104e+07  2.00827e+07  11.5398  5.02069e+06  27 
5.09248e+07  4.8825e+07  27.0348  1.22063e+07  81 
2.23101e+07  2.03251e+07  11.6506  5.08126e+06  14 
1.24997e+07  1.04504e+07  6.3762  2.61259e+06  15 
1.10626e+07  8.77232e+06  5.60357  2.19308e+06  10 
2.26867e+07  2.07007e+07  11.8531  5.17519e+06  16 
1.35839e+07  1.14342e+07  6.95906  2.85854e+06  17 
4.65472e+07  4.44324e+07  24.6813  1.11081e+07  15 

1.2768e+06  1.77164  0.342366  0.442909  0 
2.094e+06  0.854496  0.78172  0.213624  0 
1.75272e+06  1.1563  0.598237  0.289074  0 
1.54488e+06  1.37278  0.486495  0.343194  0 
1.96536e+06  1.07877  0.712559  0.269692  0 
1.9236e+06  1.10707  0.690108  0.276769  0 
1.98816e+06  1.32933  0.724817  0.332333  1 
1.66224e+06  1.44044  0.549591  0.360111  1 
1.64928e+06  1.53956  0.542624  0.384891  1 
1.68744e+06  1.50877  0.56314  0.377192  2 
2.12928e+06  1.3759  0.800688  0.343974  2 
2.2733e+06  99862.2  0.878119  24965.6  4 
2.48921e+06  304734  0.9942  76183.5  5 
2.5179e+06  287578  1.00962  71894.5  5 
2.78286e+06  526382  1.15208  131596  6 
3.7203e+06  1.52958e+06  1.65608  382396  7 
4.29874e+06  2.32138e+06  1.96706  580345  8 
4.44515e+06  2.23379e+06  2.04578  558447  8 
4.69979e+06  2.39387e+06  2.18268  598467  9 
4.71489e+06  2.58201e+06  2.1908  645502  10 
4.94737e+06  2.61554e+06  2.31579  653884  11 
5.19945e+06  2.87793e+06  2.45132  719483  12 
5.28668e+06  3.2198e+06  2.49821  804950  13 
5.72362e+06  3.58618e+06  2.73313  896546  14 
5.81678e+06  3.55358e+06  2.78322  888396  14 
6.18921e+06  4.01361e+06  2.98345  1.0034e+06  15 
6.54298e+06  4.31914e+06  3.17365  1.07979e+06  16 
6.45968e+06  4.4768e+06  3.12886  1.1192e+06  16 
6.69417e+06  4.59465e+06  3.25493  1.14866e+06  17 
7.40794e+06  5.04154e+06  3.63868  1.26038e+06  19 
7.3955e+06  5.32238e+06  3.63199  1.3306e+06  20 
7.34299e+06  5.351e+06  3.60376  1.33775e+06  20 
7.52946e+06  5.25259e+06  3.70401  1.31315e+06  20 
7.62589e+06  5.49278e+06  3.75586  1.37319e+06  21 
7.74861e+06  5.71126e+06  3.82184  1.42781e+06  22 
7.79681e+06  5.62769e+06  3.84775  1.40692e+06  22 
8.56604e+06  6.36692e+06  4.26131  1.59173e+06  23 
9.22307e+06  7.09236e+06  4.61456  1.77309e+06  24 
9.25778e+06  7.11795e+06  4.63322  1.77949e+06  25 
9.69157e+06  7.50157e+06  4.86644  1.87539e+06  26 
1.03313e+07  8.05465e+06  5.21037  2.01366e+06  28 
1.07706e+07  8.7522e+06  5.44656  2.18805e+06  29 
1.1005e+07  8.89082e+06  5.57257  2.22271e+06  30 
1.19064e+07  9.51478e+06  6.05719  2.37869e+06  33 
1.19348e+07  9.82859e+06  6.07249  2.45715e+06  34 
1.2146e+07  9.99324e+06  6.18604  2.49831e+06  35 
1.3386e+07  1.12181e+07  6.85267  2.80451e+06  37 
1.42473e+07  1.2245e+07  7.31578  3.06126e+06  38 
1.59084e+07  1.37458e+07  8.20882  3.43644e+06  40 
1.67789e+07  1.46158e+07  8.67682  3.65394e+06  41 
1.82929e+07  1.61794e+07  9.4908  4.04486e+06  44 
1.8761e+07  1.65619e+07  9.74247  4.14047e+06  45 
1.97306e+07  1.76682e+07  10.2637  4.41706e+06  46 
2.19987e+07  1.98742e+07  11.4832  4.96856e+06  48 
2.20505e+07  1.9874e+07  11.511  4.96849e+06  48 
2.35425e+07  2.12505e+07  12.3132  5.31263e+06  49 
2.37653e+07  2.17023e+07  12.433  5.42557e+06  50 
2.42622e+07  2.20326e+07  12.7001  5.50814e+06  51 
2.65613e+07  2.45923e+07  13.9362  6.14808e+06  53 
2.90781e+07  2.72246e+07  15.2893  6.80614e+06  55 
3.48457e+07  3.26526e+07  18.3902  8.16316e+06  56 
3.51348e+07  3.29361e+07  18.5456  8.23403e+06  57 
4.32656e+07  4.13255e+07  22.917  1.03314e+07  64 
4.59826e+07  4.37943e+07  24.3777  1.09486e+07  65 
4.63624e+07  4.42403e+07  24.5819  1.10601e+07  66 
4.67549e+07  4.47526e+07  24.793  1.11882e+07  67 
4.69061e+07  4.47744e+07  24.8742  1.11936e+07  68 
4.74849e+07  4.53761e+07  25.1855  1.1344e+07  69 
4.76231e+07  4.56085e+07  25.2597  1.14021e+07  70 
5.53431e+07  5.30724e+07  29.4102  1.32681e+07  74 
6.30255e+07  6.09286e+07  33.5406  1.52322e+07  75 
6.84913e+07  6.65283e+07  36.4792  1.66321e+07  76 
5.56675e+06  3.17875e+06  2.64879  794689  13 
4.31176e+07  4.10073e+07  22.8374  1.02518e+07  63 
1.44508e+07  1.2234e+07  7.42518  3.05849e+06  38 
1.82499e+07  1.61413e+07  9.46771  4.03533e+06  43 
2.67235e+07  2.47342e+07  14.0234  6.18355e+06  54 
4.67703e+07  4.47392e+07  24.8013  1.11848e+07  67 
4.59171e+07  4.38231e+07  24.3425  1.09558e+07  65 
4.00049e+07  3.7969e+07  21.1639  9.49225e+06  58 
4.15147e+07  3.91495e+07  21.9756  9.78737e+06  60 
1.23465e+07  1.02609e+07  6.29384  2.56524e+06  36 
1.75608e+06  1.5649  0.600043  0.391225  3 
7.21563e+06  5.19219e+06  3.53528  1.29805e+06  19 
2.49973e+07  2.29938e+07  13.0953  5.74845e+06  52 
4.12206e+07  3.9146e+07  21.8175  9.78651e+06  59 
4.25497e+07  4.04552e+07  22.5321  1.01138e+07  62 
4.8173e+07  4.62158e+07  25.5554  1.1554e+07  73 
1.43702e+07  1.24375e+07  7.38183  3.10937e+06  39 
1.17543e+07  9.45914e+06  5.97541  2.36479e+06  32 
9.8914e+06  7.77364e+06  4.97387  1.94341e+06  27 
5.10559e+06  3.08071e+06  2.40086  770179  12 
1.996e+07  1.79428e+07  10.3871  4.48571e+06  47 
7.12045e+06  5.01829e+06  3.48411  1.25457e+06  18 
1.12257e+07  8.99465e+06  5.69123  2.24866e+06  31 
1.76651e+07  1.53188e+07  9.15325  3.8297e+06  42 
4.18494e+07  3.97093e+07  22.1556  9.92732e+06  61 
5.44719e+07  5.22169e+07  28.9419  1.30542e+07  73 
5.11003e+07  4.91006e+07  27.1292  1.22752e+07  74 
2.18593e+07  1.9893e+07  11.4082  4.97325e+06  48 

1.21392e+06  1.95746  0.308559  0.489366  0 
2.12904e+06  0.845745  0.800559  0.211436  0 
1.65936e+06  0.968798  0.548043  0.242199  0 
1.38528e+06  1.35878  0.400688  0.339695  0 
1.2684e+06  1.70785  0.337849  0.426964  0 
1.51752e+06  1.14473  0.471785  0.286181  0 
2.04024e+06  0.944353  0.752817  0.236088  0 
1.41336e+06  1.38919  0.415785  0.347297  1 
1.32096e+06  1.89093  0.366108  0.472732  1 
1.5276e+06  1.17275  0.477204  0.293187  1 
1.51944e+06  1.35919  0.472817  0.339797  1 
1.926e+06  1.0091  0.691398  0.252275  1 
1.6872e+06  1.02289  0.563011  0.255723  1 
1.41144e+06  1.55292  0.414753  0.388229  1 
1.54008e+06  1.41504  0.483914  0.353761  2 
1.45896e+06  1.5682  0.440301  0.392049  2 
1.70208e+06  1.06009  0.571011  0.265022  2 
1.6872e+06  1.30784  0.563011  0.326959  2 
1.50888e+06  1.46132  0.46714  0.365331  2 
1.70304e+06  1.29976  0.571527  0.32494  3 
1.47936e+06  2.16766  0.451269  0.541914  3 
1.73208e+06  1.22095  0.58714  0.305239  3 
1.5264e+06  1.66483  0.476559  0.416208  3 
1.79256e+06  1.12392  0.619656  0.28098  3 
1.49472e+06  1.67256  0.459527  0.418139  3 
1.5804e+06  1.50926  0.505591  0.377316  3 
1.49016e+06  1.89846  0.457075  0.474616  3 
1.63056e+06  1.47052  0.532559  0.367631  3 
1.54752e+06  1.70836  0.487914  0.42709  4 
1.76232e+06  1.24956  0.603398  0.31239  4 
1.91064e+06  1.22036  0.68314  0.305089  4 
1.7292e+06  1.39617  0.585591  0.349043  4 
2.11704e+06  1.14509  0.794108  0.286272  4 
2.02296e+06  1.18348  0.743527  0.295869  4 
1.58616e+06  1.57247  0.508688  0.393117  4 
1.66248e+06  1.52109  0.54972  0.380272  4 
1.73712e+06  1.33952  0.589849  0.334879  4 
2.29128e+06  1.22266  0.887785  0.305664  5 
1.67976e+06  1.56713  0.559011  0.391782  5 
1.76304e+06  1.38085  0.603785  0.345212  5 
1.59144e+06  1.62052  0.511527  0.405131  5 
1.88112e+06  1.28754  0.667269  0.321885  5 
1.63296e+06  1.69962  0.533849  0.424905  6 
1.62456e+06  1.73178  0.529333  0.432944  6 
1.8336e+06  1.50756  0.64172  0.37689  6 
1.92456e+06  1.30933  0.690624  0.327331  6 
1.86576e+06  1.50694  0.659011  0.376735  6 
1.77624e+06  1.54178  0.610882  0.385444  6 
1.77216e+06  1.60115  0.608688  0.400288  6 
1.94376e+06  1.29368  0.700946  0.323421  6 
1.93992e+06  1.4624  0.698882  0.3656  7 
1.71888e+06  1.71162  0.580043  0.427905  7 
1.88592e+06  1.64346  0.669849  0.410865  7 
2.16096e+06  1.41631  0.81772  0.354079  7 
1.91256e+06  1.68485  0.684172  0.421213  8 
2.13757e+06  113652  0.805146  28413.1  9 
2.24648e+06  119121  0.863699  29780.3  10 
2.24828e+06  204677  0.864664  51169.1  11 
2.61261e+06  604769  1.06054  151192  12 
3.06782e+06  760702  1.30528  190175  13 
2.98095e+06  812314  1.25858  203079  13 
3.06415e+06  838153  1.30331  209538  14 
3.03366e+06  1.03062e+06  1.28691  257655  14 
3.15905e+06  917447  1.35433  229362  15 
3.08547e+06  951393  1.31477  237848  15 
3.1968e+06  1.02073e+06  1.37463  255181  16 
4.02315e+06  1.87779e+06  1.8189  469448  17 
4.01225e+06  1.97009e+06  1.81304  492523  17 
4.35419e+06  2.0034e+06  1.99688  500849  18 
4.07955e+06  2.02947e+06  1.84922  507368  18 
4.65192e+06  2.39425e+06  2.15695  598561  19 
4.48996e+06  2.4034e+06  2.06987  600850  19 
4.84369e+06  2.60545e+06  2.26005  651362  20 
5.38814e+06  2.94902e+06  2.55276  737254  21 
5.5251e+06  3.32646e+06  2.6264  831615  22 
5.72983e+06  3.60895e+06  2.73647  902237  23 
6.00392e+06  3.94616e+06  2.88383  986539  24 
6.16143e+06  4.11399e+06  2.96851  1.0285e+06  25 
6.34878e+06  4.24902e+06  3.06924  1.06226e+06  26 
6.91855e+06  4.94983e+06  3.37556  1.23746e+06  27 
7.1405e+06  5.11538e+06  3.49489  1.27884e+06  28 
7.31705e+06  5.38169e+06  3.58981  1.34542e+06  29 
7.34244e+06  5.28036e+06  3.60346  1.32009e+06  29 
7.3491e+06  5.14998e+06  3.60704  1.2875e+06  29 
8.6195e+06  6.44487e+06  4.29006  1.61122e+06  30 
8.77302e+06  6.50143e+06  4.37259  1.62536e+06  31 
8.75854e+06  6.69982e+06  4.36481  1.67496e+06  31 
8.84247e+06  6.77511e+06  4.40993  1.69378e+06  32 
9.52823e+06  7.32575e+06  4.77862  1.83144e+06  33 
9.92063e+06  7.84343e+06  4.98959  1.96086e+06  34 
9.88602e+06  7.88058e+06  4.97098  1.97015e+06  34 
1.02896e+07  8.36122e+06  5.18797  2.09031e+06  35 
1.04486e+07  8.4393e+06  5.27343  2.10982e+06  36 
1.16448e+07  9.42524e+06  5.91654  2.35631e+06  37 
1.28558e+07  1.07515e+07  6.56766  2.68788e+06  38 
1.31905e+07  1.11645e+07  6.74761  2.79112e+06  39 
1.358e+07  1.12383e+07  6.95699  2.80958e+06  40 
1.70881e+07  1.46533e+07  8.84306  3.66332e+06  41 
1.79662e+07  1.60877e+07  9.31514  4.02192e+06  42 
1.89151e+07  1.70671e+07  9.82533  4.26678e+06  43 

1.10304e+06  1.81473  0.248946  0.453681  0 
2.24016e+06  0.839127  0.860301  0.209782  0 
1.80168e+06  0.906035  0.624559  0.226509  0 
1.4472e+06  1.061  0.433978  0.265249  0 
1.2528e+06  1.36547  0.329462  0.341367  0 
1.33872e+06  1.15134  0.375656  0.287834  0 
1.70184e+06  0.935629  0.570882  0.233907  0 
1.58712e+06  0.951204  0.509204  0.237801  0 
1.206e+06  1.41806  0.304301  0.354516  0 
1.29792e+06  1.27064  0.35372  0.31766  0 
1.4076e+06  1.06433  0.412688  0.266082  0 
1.54128e+06  1.01592  0.484559  0.253979  0 
2.01096e+06  0.87058  0.737075  0.217645  0 
1.27056e+06  1.33862  0.339011  0.334655  0 
1.57296e+06  1.00565  0.501591  0.251411  0 
1.53792e+06  1.03026  0.482753  0.257566  0 
1.3104e+06  1.30468  0.36043  0.32617  0 
1.39848e+06  1.27672  0.407785  0.31918  0 
1.26168e+06  1.53525  0.334237  0.383813  0 
1.43472e+06  1.18108  0.427269  0.295271  2 
1.90104e+06  0.921623  0.677978  0.230406  0 
1.67112e+06  1.00297  0.554366  0.250742  0 
1.79592e+06  0.961799  0.621462  0.24045  2 
1.70976e+06  0.996185  0.57514  0.249046  0 
1.31376e+06  1.29447  0.362237  0.323617  0 
1.64592e+06  1.00503  0.540817  0.251258  0 
1.23768e+06  2.13292  0.321333  0.53323  0 
1.45056e+06  1.13825  0.435785  0.284562  0 
1.23216e+06  2.20388  0.318366  0.550969  4 
1.25208e+06  1.66433  0.329075  0.416082  2 
1.5576e+06  1.03334  0.493333  0.258335  0 
1.44096e+06  1.15296  0.430624  0.28824  4 
1.45944e+06  1.08299  0.440559  0.270748  0 
1.30032e+06  1.4371  0.355011  0.359274  2 
1.41192e+06  1.20529  0.415011  0.301324  4 
1.24392e+06  1.77087  0.324688  0.442718  3 
1.4484e+06  1.15873  0.434624  0.289683  0 
1.42848e+06  1.26342  0.423914  0.315855  2 
1.2672e+06  1.54685  0.337204  0.386713  4 
2.01576e+06  0.94019  0.739656  0.235048  0 
1.73832e+06  0.998838  0.590495  0.249709  0 
1.73184e+06  1.03518  0.587011  0.258796  4 
1.72968e+06  1.08232  0.585849  0.270579  2 
1.33104e+06  1.35521  0.371527  0.338802  2 
1.3812e+06  1.30889  0.398495  0.327222  2 
1.25472e+06  1.8907  0.330495  0.472675  0 
1.63008e+06  1.10105  0.532301  0.275264  0 
1.40832e+06  1.3036  0.413075  0.3259  3 
1.5156e+06  1.10858  0.470753  0.277146  3 
1.30056e+06  1.46953  0.35514  0.367381  3 
1.44048e+06  1.26137  0.430366  0.315343  0 
1.54104e+06  1.15539  0.48443  0.288847  0 
1.33248e+06  1.61532  0.372301  0.40383  3 
1.39704e+06  1.31173  0.407011  0.327933  3 
1.78152e+06  1.04025  0.61372  0.260062  1 
1.31328e+06  1.6865  0.361978  0.421625  4 
1.60344e+06  1.14044  0.517978  0.285109  4 
1.73256e+06  1.07771  0.587398  0.269428  2 
1.61472e+06  1.1104  0.524043  0.277599  2 
1.27056e+06  1.69476  0.339011  0.42369  1 
1.51752e+06  1.15822  0.471785  0.289554  0 
1.2576e+06  2.02948  0.332043  0.507371  1 
1.39272e+06  1.37806  0.404688  0.344515  0 
1.4544e+06  1.18418  0.437849  0.296045  5 
1.36152e+06  1.41431  0.387914  0.353577  0 
1.61808e+06  1.11879  0.525849  0.279697  0 
1.70616e+06  1.11722  0.573204  0.279304  0 
1.5504e+06  1.1644  0.489462  0.291101  3 
1.99464e+06  1.08914  0.728301  0.272284  2 
1.32336e+06  1.8591  0.367398  0.464776  4 
1.99608e+06  1.07586  0.729075  0.268964  3 
1.51152e+06  1.22894  0.468559  0.307234  3 
1.74888e+06  1.11338  0.596172  0.278345  3 
1.50552e+06  1.24783  0.465333  0.311958  0 
1.37064e+06  1.50742  0.392817  0.376855  5 
1.48992e+06  1.28076  0.456946  0.320189  0 
1.40184e+06  1.342  0.409591  0.335499  3 
1.31208e+06  1.9395  0.361333  0.484874  6 
1.54776e+06  1.20701  0.488043  0.301753  3 
1.98504e+06  1.10456  0.72314  0.276141  5 
1.34856e+06  1.70316  0.380946  0.42579  0 
1.46304e+06  1.37384  0.442495  0.34346  5 
1.83168e+06  1.13383  0.640688  0.283457  3 
1.3872e+06  1.85449  0.40172  0.463621  4 
1.73208e+06  1.15239  0.58714  0.288098  2 
1.34856e+06  2.03365  0.380946  0.508413  4 
1.40736e+06  1.84546  0.412559  0.461366  5 
1.61424e+06  1.17261  0.523785  0.293153  2 
1.41864e+06  1.58549  0.418624  0.396372  8 
1.51296e+06  1.24752  0.469333  0.311881  0 
1.44528e+06  1.4496  0.432946  0.3624  5 
1.43112e+06  1.47272  0.425333  0.36818  6 
1.55496e+06  1.1932  0.491914  0.298299  0 
1.83408e+06  1.13646  0.641978  0.284116  7 
1.52352e+06  1.30042  0.475011  0.325106  0 
1.59048e+06  1.21186  0.511011  0.302964  3 
1.524e+06  1.2743  0.475269  0.318574  6 
1.64424e+06  1.18828  0.539914  0.297071  0 
1.55976e+06  1.21327  0.494495  0.303317  0 
1.57416e+06  1.24637  0.502237  0.311594  0 

1.0656e+06  1.96013  0.228817  0.490031  0 
2.24016e+06  0.839127  0.860301  0.209782  0 
1.67496e+06  0.88354  0.55643  0.220885  0 
1.22616e+06  1.06267  0.31514  0.265667  0 
1.08672e+06  1.67256  0.240172  0.41814  0 
1.1436e+06  1.42584  0.270753  0.356461  0 
1.49064e+06  0.899921  0.457333  0.22498  0 
1.15944e+06  1.30205  0.279269  0.325513  0 
1.42248e+06  0.941755  0.420688  0.235439  0 
1.3548e+06  0.974743  0.384301  0.243686  0 
1.32168e+06  1.01341  0.366495  0.253353  0 
1.98576e+06  0.847236  0.723527  0.211809  0 
1.31088e+06  1.02995  0.360688  0.257487  0 
1.95264e+06  0.862652  0.70572  0.215663  0 
1.41288e+06  0.953645  0.415527  0.238411  0 
1.92072e+06  0.867945  0.688559  0.216986  0 
1.30032e+06  1.05096  0.355011  0.26274  0 
1.90392e+06  0.872942  0.679527  0.218236  0 
1.89744e+06  0.873181  0.676043  0.218295  0 
1.22136e+06  1.26867  0.312559  0.317167  0 
1.38456e+06  0.965648  0.400301  0.241412  0 
1.29216e+06  1.05438  0.350624  0.263594  0 
1.31784e+06  1.01434  0.36443  0.253584  0 
1.84536e+06  0.875737  0.648043  0.218934  0 
1.28784e+06  1.05488  0.348301  0.26372  0 
1.48728e+06  0.935644  0.455527  0.233911  0 
1.67256e+06  0.893169  0.55514  0.223292  0 
1.65168e+06  0.898503  0.543914  0.224626  0 
1.32576e+06  1.06326  0.368688  0.265815  0 
1.51896e+06  0.932453  0.472559  0.233113  0 
1.42416e+06  0.947185  0.421591  0.236796  0 
1.43784e+06  0.943525  0.428946  0.235881  0 
1.3788e+06  0.978801  0.397204  0.2447  0 
1.76592e+06  0.893358  0.605333  0.223339  0 
2.02512e+06  0.867151  0.744688  0.216788  0 
1.54584e+06  0.930374  0.487011  0.232594  1 
1.86264e+06  0.877263  0.657333  0.219316  0 
1.66128e+06  0.89944  0.549075  0.22486  0 
1.40544e+06  0.968436  0.411527  0.242109  0 
1.18464e+06  1.55402  0.292817  0.388505  0 
1.6416e+06  0.904177  0.538495  0.226044  0 
1.14912e+06  1.65496  0.27372  0.413741  0 
1.24176e+06  1.1831  0.323527  0.295774  1 
1.40016e+06  0.97854  0.408688  0.244635  0 
1.28592e+06  1.06399  0.347269  0.265997  0 
1.21248e+06  1.35201  0.307785  0.338003  0 
1.944e+06  0.87417  0.701075  0.218542  0 
1.14816e+06  1.78292  0.273204  0.445729  0 
1.91424e+06  0.875386  0.685075  0.218847  0 
1.73928e+06  0.898524  0.591011  0.224631  0 
1.79688e+06  0.891796  0.621978  0.222949  0 
1.14648e+06  1.93865  0.272301  0.484663  1 
1.59696e+06  0.905354  0.514495  0.226339  0 
1.1736e+06  1.56085  0.286882  0.390212  2 
1.35912e+06  1.02656  0.386624  0.256639  1 
1.36608e+06  1.0252  0.390366  0.256299  0 
1.40472e+06  0.995336  0.41114  0.248834  0 
1.28448e+06  1.22886  0.346495  0.307216  0 
1.8732e+06  0.881196  0.663011  0.220299  0 
1.50024e+06  0.956555  0.462495  0.239139  0 
1.38e+06  1.01151  0.397849  0.252876  0 
1.29456e+06  1.20235  0.351914  0.300588  3 
1.26576e+06  1.24181  0.33643  0.310453  0 
1.30344e+06  1.06633  0.356688  0.266582  0 
1.37592e+06  1.03983  0.395656  0.259959  1 
1.60776e+06  0.917933  0.520301  0.229483  0 
1.53504e+06  0.934746  0.481204  0.233687  0 
2.09208e+06  0.86814  0.780688  0.217035  0 
1.16496e+06  1.75552  0.282237  0.43888  0 
1.94736e+06  0.880383  0.702882  0.220096  0 
1.512e+06  0.948564  0.468817  0.237141  0 
2.0292e+06  0.873167  0.746882  0.218292  0 
1.89312e+06  0.880399  0.67372  0.2201  0 
1.578e+06  0.930407  0.504301  0.232602  0 
1.59648e+06  0.9304  0.514237  0.2326  1 
1.16832e+06  1.71712  0.284043  0.429279  0 
1.6716e+06  0.903356  0.554624  0.225839  0 
1.64328e+06  0.915133  0.539398  0.228783  0 
1.17384e+06  1.6517  0.287011  0.412925  2 
1.78536e+06  0.893635  0.615785  0.223409  0 
1.4808e+06  0.961104  0.452043  0.240276  0 
1.21488e+06  1.42212  0.309075  0.35553  2 
1.416e+06  0.99883  0.417204  0.249707  0 
1.27968e+06  1.24222  0.343914  0.310554  1 
1.22136e+06  1.65092  0.312559  0.412729  0 
1.69584e+06  0.914532  0.567656  0.228633  0 
1.52136e+06  0.959735  0.473849  0.239934  0 
1.5252e+06  0.95143  0.475914  0.237857  2 
1.38096e+06  1.0127  0.398366  0.253175  0 
1.17384e+06  1.74897  0.287011  0.437242  2 
1.32264e+06  1.17994  0.367011  0.294984  1 
1.90032e+06  0.888717  0.677591  0.222179  0 
1.70016e+06  0.909345  0.569978  0.227336  0 
1.72272e+06  0.904505  0.582108  0.226126  0 
1.80504e+06  0.897367  0.626366  0.224342  0 
1.26864e+06  1.36097  0.337978  0.340242  1 
1.66584e+06  0.918195  0.551527  0.229549  0 
1.4004e+06  1.06332  0.408817  0.26583  0 
1.52616e+06  0.963176  0.47643  0.240794  0 
1.67904e+06  0.954643  0.558624  0.238661  0 

1.03128e+06  1.68933  0.210366  0.422331  0 
1.96224e+06  0.834611  0.710882  0.208653  0 
1.5708e+06  0.875621  0.50043  0.218905  0 
1.23144e+06  0.979987  0.317978  0.244997  0 
1.10088e+06  1.38418  0.247785  0.346045  0 
1.14576e+06  1.14382  0.271914  0.285955  0 
1.1868e+06  1.03582  0.293978  0.258954  0 
1.06128e+06  1.59369  0.226495  0.398422  0 
1.50096e+06  0.902311  0.462882  0.225578  0 
1.44552e+06  0.9057  0.433075  0.226425  0 
1.15584e+06  1.07057  0.277333  0.267644  0 
1.40904e+06  0.914461  0.413462  0.228615  0 
1.38552e+06  0.925868  0.400817  0.231467  0 
1.12464e+06  1.22527  0.260559  0.306316  0 
1.36248e+06  0.936513  0.38843  0.234128  0 
1.94472e+06  0.835194  0.701462  0.208799  0 
1.85064e+06  0.838623  0.650882  0.209656  0 
1.344e+06  0.94582  0.378495  0.236455  0 
1.32528e+06  0.948271  0.36843  0.237068  0 
1.31208e+06  0.952582  0.361333  0.238145  0 
1.82232e+06  0.850918  0.635656  0.212729  0 
1.13592e+06  1.2039  0.266624  0.300975  0 
1.72296e+06  0.855043  0.582237  0.213761  0 
1.54584e+06  0.882106  0.487011  0.220526  0 
1.28712e+06  0.962177  0.347914  0.240544  0 
1.2084e+06  1.02059  0.305591  0.255146  0 
1.2252e+06  1.00686  0.314624  0.251714  0 
1.6896e+06  0.862695  0.564301  0.215674  0 
1.6716e+06  0.86689  0.554624  0.216722  0 
1.37688e+06  0.929415  0.396172  0.232354  0 
1.63848e+06  0.868719  0.536817  0.21718  0 
1.27704e+06  0.975226  0.342495  0.243807  0 
1.18464e+06  1.06615  0.292817  0.266539  0 
1.34688e+06  0.944235  0.380043  0.236059  0 
1.27608e+06  0.979501  0.341978  0.244875  0 
1.94904e+06  0.835027  0.703785  0.208757  0 
1.32912e+06  0.956793  0.370495  0.239198  1 
1.21272e+06  1.06005  0.307914  0.265011  1 
1.218e+06  1.02483  0.310753  0.256206  1 
1.28352e+06  0.979199  0.345978  0.2448  1 
1.31472e+06  0.961738  0.362753  0.240434  1 
1.6728e+06  0.868537  0.555269  0.217134  1 
1.30728e+06  0.970485  0.358753  0.242621  1 
1.10544e+06  1.42598  0.250237  0.356494  1 
1.17984e+06  1.0794  0.290237  0.26985  1 
1.89312e+06  0.844689  0.67372  0.211172  1 
1.7712e+06  0.856931  0.608172  0.214233  1 
1.60992e+06  0.889408  0.521462  0.222352  1 
1.63824e+06  0.881343  0.536688  0.220336  1 
1.84464e+06  0.851775  0.647656  0.212944  1 
1.25952e+06  1.00292  0.333075  0.250731  1 
1.13064e+06  1.3513  0.263785  0.337824  1 
1.75944e+06  0.858622  0.601849  0.214655  1 
1.09752e+06  1.6461  0.245978  0.411525  1 
1.63512e+06  0.883706  0.535011  0.220926  1 
1.9608e+06  0.835942  0.710108  0.208986  1 
1.61328e+06  0.885839  0.523269  0.22146  1 
1.08768e+06  1.65439  0.240688  0.413598  1 
1.6656e+06  0.877031  0.551398  0.219258  1 
1.35936e+06  0.949636  0.386753  0.237409  1 
1.53144e+06  0.906722  0.479269  0.226681  1 
1.45392e+06  0.91243  0.437591  0.228107  1 
1.176e+06  1.14798  0.288172  0.286994  1 
1.26048e+06  0.996945  0.333591  0.249236  1 
1.52832e+06  0.909397  0.477591  0.227349  1 
1.40712e+06  0.931618  0.41243  0.232904  1 
1.12848e+06  1.3885  0.262624  0.347125  1 
1.5216e+06  0.911792  0.473978  0.227948  1 
1.5348e+06  0.902879  0.481075  0.22572  1 
1.63296e+06  0.884649  0.533849  0.221162  1 
1.41864e+06  0.924697  0.418624  0.231174  1 
1.1664e+06  1.23096  0.283011  0.30774  1 
1.55352e+06  0.892387  0.49114  0.223097  1 
1.15992e+06  1.33134  0.279527  0.332835  1 
1.17384e+06  1.15904  0.287011  0.28976  1 
1.20504e+06  1.09686  0.303785  0.274214  2 
1.44816e+06  0.928137  0.434495  0.232034  2 
1.30944e+06  0.98448  0.359914  0.24612  2 
1.53768e+06  0.913114  0.482624  0.228278  2 
1.18464e+06  1.15963  0.292817  0.289908  2 
1.29912e+06  0.999319  0.354366  0.24983  2 
1.42296e+06  0.931558  0.420946  0.23289  2 
2.24016e+06  0.839127  0.860301  0.209782  2 
1.57968e+06  0.896765  0.505204  0.224191  2 
1.76064e+06  0.867425  0.602495  0.216856  2 
1.68072e+06  0.869828  0.559527  0.217457  2 
1.56312e+06  0.897241  0.496301  0.22431  2 
1.10136e+06  1.77256  0.248043  0.443139  2 
1.9824e+06  0.843702  0.72172  0.210926  2 
1.62264e+06  0.893743  0.528301  0.223436  2 
1.22784e+06  1.07824  0.316043  0.269559  2 
1.83024e+06  0.856935  0.639914  0.214234  2 
1.9692e+06  0.849131  0.714624  0.212283  2 
1.37664e+06  0.950807  0.396043  0.237702  2 
1.66536e+06  0.885928  0.551269  0.221482  2 
1.4916e+06  0.913447  0.457849  0.228362  2 
1.36224e+06  0.961737  0.388301  0.240434  2 
1.32912e+06  0.967813  0.370495  0.241953  2 
1.6368e+06  0.888751  0.535914  0.222188  2 
1.24656e+06  1.03898  0.326108  0.259746  2 

1.0176e+06  1.68839  0.203011  0.422098  0 
1.83408e+06  0.809135  0.641978  0.202284  0 
1.45368e+06  0.874314  0.437462  0.218579  0 
1.15536e+06  1.0466  0.277075  0.26165  1 
1.07256e+06  1.50959  0.232559  0.377397  0 
1.074e+06  1.25954  0.233333  0.314884  0 
1.38408e+06  0.899395  0.400043  0.224849  0 
1.32528e+06  0.922819  0.36843  0.230705  0 
1.27512e+06  0.948762  0.341462  0.23719  0 
1.08e+06  1.16287  0.236559  0.290717  0 
1.23048e+06  0.959068  0.317462  0.239767  0 
1.03752e+06  1.57993  0.21372  0.394982  0 
1.19016e+06  0.972464  0.295785  0.243116  0 
1.80216e+06  0.816482  0.624817  0.20412  0 
1.76064e+06  0.817987  0.602495  0.204497  0 
1.13016e+06  1.07258  0.263527  0.268146  0 
1.73592e+06  0.823082  0.589204  0.20577  0 
1.6416e+06  0.827406  0.538495  0.206851  0 
1.62312e+06  0.828339  0.528559  0.207085  0 
1.05528e+06  1.53922  0.223269  0.384804  0 
1.60704e+06  0.838735  0.519914  0.209684  0 
1.11456e+06  1.12912  0.25514  0.28228  0 
1.56216e+06  0.842494  0.495785  0.210624  0 
1.17432e+06  1.01961  0.287269  0.254904  1 
1.54392e+06  0.851414  0.485978  0.212853  0 
1.46952e+06  0.85612  0.445978  0.21403  0 
1.31616e+06  0.930922  0.363527  0.23273  0 
1.35336e+06  0.905053  0.383527  0.226263  0 
1.30368e+06  0.932575  0.356817  0.233144  0 
1.13952e+06  1.05726  0.268559  0.264314  0 
1.13184e+06  1.05824  0.26443  0.264561  0 
1.41408e+06  0.885913  0.416172  0.221478  0 
1.16208e+06  1.03444  0.280688  0.25861  0 
1.29432e+06  0.936822  0.351785  0.234206  0 
1.28544e+06  0.937903  0.347011  0.234476  0 
1.2252e+06  0.962463  0.314624  0.240616  0 
1.12608e+06  1.11971  0.261333  0.279927  0 
1.46496e+06  0.865545  0.443527  0.216386  0 
1.2672e+06  0.951001  0.337204  0.23775  0 
1.1112e+06  1.1533  0.253333  0.288326  0 
1.18752e+06  1.00159  0.294366  0.250397  0 
1.39752e+06  0.893795  0.407269  0.223449  0 
1.2228e+06  0.96482  0.313333  0.241205  0 
1.26072e+06  0.954827  0.33372  0.238707  0 
1.1724e+06  1.02952  0.286237  0.257381  0 
1.3236e+06  0.924877  0.367527  0.231219  1 
1.7304e+06  0.824581  0.586237  0.206145  0 
1.80936e+06  0.813866  0.628688  0.203467  0 
1.34496e+06  0.92025  0.379011  0.230063  0 
1.55544e+06  0.849031  0.492172  0.212258  0 
1.18536e+06  1.01794  0.293204  0.254485  0 
1.05072e+06  1.57864  0.220817  0.394659  0 
1.32408e+06  0.923711  0.367785  0.230928  0 
1.32288e+06  0.92983  0.36714  0.232458  1 
1.07136e+06  1.53816  0.231914  0.384541  0 
1.15488e+06  1.05355  0.276817  0.263387  1 
1.32912e+06  0.92206  0.370495  0.230515  0 
1.39608e+06  0.898857  0.406495  0.224714  0 
1.2084e+06  0.971957  0.305591  0.242989  0 
1.35288e+06  0.919888  0.383269  0.229972  0 
1.89768e+06  0.815099  0.676172  0.203775  1 
1.92552e+06  0.815067  0.69114  0.203767  1 
1.07736e+06  1.50893  0.23514  0.377234  1 
1.20864e+06  0.975111  0.30572  0.243778  0 
1.27032e+06  0.954513  0.338882  0.238628  0 
1.58544e+06  0.855554  0.508301  0.213889  0 
1.48632e+06  0.864444  0.455011  0.216111  1 
1.31424e+06  0.935258  0.362495  0.233815  1 
1.23144e+06  0.961886  0.317978  0.240471  0 
1.08072e+06  1.25873  0.236946  0.314683  0 
1.24344e+06  0.959321  0.32443  0.23983  0 
1.416e+06  0.887787  0.417204  0.221947  0 
1.19952e+06  1.01599  0.300817  0.253998  1 
1.1892e+06  1.03296  0.295269  0.258241  0 
1.16448e+06  1.0552  0.281978  0.2638  1 
1.13568e+06  1.1176  0.266495  0.2794  1 
1.33704e+06  0.927678  0.374753  0.23192  0 
1.14912e+06  1.06668  0.27372  0.26667  0 
1.1532e+06  1.05892  0.275914  0.264729  1 
1.14e+06  1.06693  0.268817  0.266732  1 
1.3776e+06  0.910238  0.396559  0.227559  0 
1.13688e+06  1.06708  0.26714  0.26677  1 
1.53624e+06  0.86269  0.481849  0.215672  1 
1.31904e+06  0.932139  0.365075  0.233035  1 
1.22424e+06  0.972134  0.314108  0.243034  0 
1.48056e+06  0.868852  0.451914  0.217213  0 
1.30824e+06  0.936293  0.359269  0.234073  1 
1.05576e+06  1.54941  0.223527  0.387352  0 
1.73184e+06  0.824635  0.587011  0.206159  0 
1.26216e+06  0.958836  0.334495  0.239709  1 
1.668e+06  0.83103  0.552688  0.207757  1 
1.36512e+06  0.915781  0.389849  0.228945  0 
1.36968e+06  0.912261  0.392301  0.228065  0 
1.16808e+06  1.05513  0.283914  0.263782  1 
1.80576e+06  0.820113  0.626753  0.205028  0 
1.4772e+06  0.872134  0.450108  0.218033  1 
1.11936e+06  1.15009  0.25772  0.287524  1 
1.61184e+06  0.842041  0.522495  0.21051  0 
1.35168e+06  0.921223  0.382624  0.230306  1 
1.21824e+06  0.972787  0.310882  0.243197  0 

1.0044e+06  1.686  0.195914  0.4215  0 
2.01792e+06  0.793456  0.740817  0.198364  0 
1.60152e+06  0.816663  0.516946  0.204166  0 
1.25088e+06  0.929835  0.32843  0.232459  0 
1.05696e+06  1.24555  0.224172  0.311387  0 
1.14336e+06  1.00417  0.270624  0.251042  0 
1.09344e+06  1.06408  0.243785  0.266021  0 
1.52328e+06  0.824202  0.474882  0.20605  0 
1.48008e+06  0.837457  0.451656  0.209364  0 
1.01712e+06  1.51931  0.202753  0.379828  0 
1.4304e+06  0.856829  0.424946  0.214207  0 
1.01784e+06  1.45571  0.20314  0.363928  0 
1.0608e+06  1.18322  0.226237  0.295805  0 
1.39704e+06  0.869249  0.407011  0.217312  0 
1.22208e+06  0.946226  0.312946  0.236556  0 
1.03728e+06  1.30181  0.213591  0.325453  0 
1.36944e+06  0.887536  0.392172  0.221884  0 
1.19712e+06  0.963415  0.299527  0.240854  0 
1.17936e+06  0.967671  0.289978  0.241918  0 
1.07784e+06  1.14739  0.235398  0.286848  0 
1.1652e+06  0.969577  0.282366  0.242394  0 
1.35624e+06  0.896473  0.385075  0.224118  0 
1.12488e+06  1.03872  0.260688  0.259681  0 
1.34232e+06  0.905771  0.377591  0.226443  0 
1.9464e+06  0.79428  0.702366  0.19857  0 
1.92024e+06  0.794554  0.688301  0.198639  0 
1.90824e+06  0.795796  0.681849  0.198949  0 
1.32504e+06  0.909309  0.368301  0.227327  0 
1.88256e+06  0.79616  0.668043  0.19904  0 
1.85448e+06  0.798649  0.652946  0.199662  0 
1.46376e+06  0.838922  0.442882  0.209731  0 
1.15704e+06  0.979845  0.277978  0.244961  0 
1.31352e+06  0.91231  0.362108  0.228078  0 
1.02936e+06  1.43244  0.209333  0.35811  0 
1.84392e+06  0.801022  0.647269  0.200255  0 
1.03032e+06  1.41659  0.209849  0.354148  0 
1.11792e+06  1.04512  0.256946  0.261281  0 
1.30656e+06  0.913786  0.358366  0.228446  0 
1.3788e+06  0.87326  0.397204  0.218315  0 
1.21392e+06  0.95008  0.308559  0.23752  0 
1.82736e+06  0.80418  0.638366  0.201045  0 
1.812e+06  0.804241  0.630108  0.20106  0 
1.24296e+06  0.933944  0.324172  0.233486  0 
1.2852e+06  0.917724  0.346882  0.229431  0 
1.10736e+06  1.05269  0.251269  0.263171  0 
1.79496e+06  0.805762  0.620946  0.20144  0 
1.20768e+06  0.953705  0.305204  0.238426  0 
1.10064e+06  1.05454  0.247656  0.263635  0 
1.74672e+06  0.807451  0.595011  0.201863  0 
1.51848e+06  0.828994  0.472301  0.207248  0 
1.72056e+06  0.808773  0.580946  0.202193  0 
1.71264e+06  0.808837  0.576688  0.202209  0 
1.27248e+06  0.922149  0.340043  0.230537  0 
1.70736e+06  0.810661  0.573849  0.202665  0 
1.11816e+06  1.03917  0.257075  0.259793  0 
1.14432e+06  0.998246  0.27114  0.249561  0 
1.41528e+06  0.864389  0.416817  0.216097  0 
1.68048e+06  0.811884  0.559398  0.202971  0 
1.23432e+06  0.941654  0.319527  0.235414  0 
1.67472e+06  0.812325  0.556301  0.203081  0 
1.66128e+06  0.813305  0.549075  0.203326  0 
1.40664e+06  0.866258  0.412172  0.216564  0 
1.39128e+06  0.870427  0.403914  0.217607  0 
1.33848e+06  0.90671  0.375527  0.226678  0 
1.34904e+06  0.903284  0.381204  0.225821  0 
1.63416e+06  0.814428  0.534495  0.203607  0 
1.212e+06  0.951611  0.307527  0.237903  0 
1.3212e+06  0.910261  0.366237  0.227565  0 
1.57968e+06  0.822294  0.505204  0.205573  0 
1.57392e+06  0.822332  0.502108  0.205583  0 
1.4496e+06  0.855  0.435269  0.21375  0 
1.2048e+06  0.961622  0.303656  0.240405  0 
1.09272e+06  1.14525  0.243398  0.286312  0 
1.01592e+06  1.68447  0.202108  0.421116  0 
1.19448e+06  0.96631  0.298108  0.241577  0 
1.20384e+06  0.962065  0.30314  0.240516  0 
1.1136e+06  1.05159  0.254624  0.262898  0 
1.0368e+06  1.41408  0.213333  0.35352  0 
1.21992e+06  0.949105  0.311785  0.237276  0 
1.506e+06  0.836607  0.465591  0.209152  0 
1.17576e+06  0.968801  0.288043  0.2422  0 
1.01016e+06  1.68527  0.199011  0.421317  0 
1.36296e+06  0.895792  0.388688  0.223948  0 
1.0992e+06  1.06356  0.246882  0.265891  0 
1.21368e+06  0.950617  0.30843  0.237654  0 
1.27224e+06  0.923602  0.339914  0.230901  0 
1.30632e+06  0.91557  0.358237  0.228892  0 
1.28232e+06  0.921654  0.345333  0.230413  0 
1.56816e+06  0.823797  0.499011  0.205949  0 
1.16376e+06  0.979474  0.281591  0.244868  0 
1.31112e+06  0.913441  0.360817  0.22836  0 
1.3572e+06  0.896201  0.385591  0.22405  0 
1.26744e+06  0.929616  0.337333  0.232404  0 
1.14336e+06  1.00417  0.270624  0.251042  0 
1.01592e+06  1.68447  0.202108  0.421116  0 
1.22208e+06  0.946226  0.312946  0.236556  0 
1.14432e+06  0.998246  0.27114  0.249561  0 
1.56816e+06  0.823797  0.499011  0.205949  0 
1.03032e+06  1.41659  0.209849  0.354148  0 
1.21992e+06  0.949105  0.311785  0.237276  0 

985920  1.68617  0.185978  0.421543  0 
1.99152e+06  0.791139  0.726624  0.197785  0 
1.57968e+06  0.812218  0.505204  0.203054  0 
1.22616e+06  0.930644  0.31514  0.232661  0 
1.04016e+06  1.20054  0.21514  0.300134  0 
1.1268e+06  0.988745  0.26172  0.247186  0 
1.06008e+06  1.06655  0.225849  0.266639  0 
1.52304e+06  0.821525  0.474753  0.205381  0 
1.47048e+06  0.826508  0.446495  0.206627  0 
1.42248e+06  0.839777  0.420688  0.209944  0 
1.38816e+06  0.855903  0.402237  0.213976  0 
1.00848e+06  1.48217  0.198108  0.370542  0 
1.3572e+06  0.869562  0.385591  0.21739  0 
1.01448e+06  1.35042  0.201333  0.337605  0 
1.19616e+06  0.940618  0.299011  0.235155  0 
1.01952e+06  1.30492  0.204043  0.326231  0 
1.33488e+06  0.892222  0.373591  0.223055  0 
1.18008e+06  0.94765  0.290366  0.236912  0 
1.16424e+06  0.958265  0.281849  0.239566  0 
1.30344e+06  0.900471  0.356688  0.225118  0 
1.11192e+06  1.03694  0.25372  0.259235  0 
1.09536e+06  1.03928  0.244817  0.259821  0 
1.14864e+06  0.965083  0.273462  0.241271  0 
1.29408e+06  0.907866  0.351656  0.226966  0 
1.96392e+06  0.792832  0.711785  0.198208  0 
1.9464e+06  0.79428  0.702366  0.19857  0 
1.92024e+06  0.794554  0.688301  0.198639  0 
1.28592e+06  0.912161  0.347269  0.22804  0 
1.08384e+06  1.04915  0.238624  0.262287  0 
1.88256e+06  0.79616  0.668043  0.19904  0 
1.26528e+06  0.914713  0.336172  0.228678  0 
1.85688e+06  0.796333  0.654237  0.199083  0 
1.1376e+06  0.973692  0.267527  0.243423  0 
1.25568e+06  0.916455  0.331011  0.229114  0 
1.41384e+06  0.842406  0.416043  0.210601  0 
998640  1.67277  0.192817  0.418192  0 
1.8252e+06  0.799148  0.637204  0.199787  0 
1.69104e+06  0.799503  0.565075  0.199876  0 
1.38144e+06  0.857009  0.398624  0.214252  0 
1.13184e+06  0.976284  0.26443  0.244071  0 
1.66848e+06  0.80075  0.552946  0.200187  0 
1.05216e+06  1.18945  0.221591  0.297362  0 
1.04208e+06  1.19001  0.216172  0.297504  0 
1.3524e+06  0.87167  0.383011  0.217917  0 
1.40712e+06  0.845844  0.41243  0.211461  0 
1.03392e+06  1.29564  0.211785  0.32391  0 
1.25112e+06  0.922025  0.328559  0.230506  0 
1.05552e+06  1.18143  0.223398  0.295357  0 
1.40328e+06  0.847893  0.410366  0.211973  0 
1.57224e+06  0.813671  0.501204  0.203418  0 
1.452e+06  0.831937  0.436559  0.207984  0 
1.3776e+06  0.861885  0.396559  0.215471  0 
1.03608e+06  1.28822  0.212946  0.322056  0 
1.56384e+06  0.815039  0.496688  0.20376  0 
1.5588e+06  0.815072  0.493978  0.203768  0 
1.24824e+06  0.924616  0.327011  0.231154  0 
1.24248e+06  0.92482  0.323914  0.231205  0 
1.4484e+06  0.834515  0.434624  0.208629  0 
1.65312e+06  0.807192  0.544688  0.201798  0 
1.2228e+06  0.935604  0.313333  0.233901  0 
1.63392e+06  0.807278  0.534366  0.20182  0 
1.23984e+06  0.925969  0.322495  0.231492  0 
1.54224e+06  0.817122  0.485075  0.20428  0 
1.11624e+06  1.03274  0.256043  0.258184  0 
1.52136e+06  0.822938  0.473849  0.205734  0 
1.14432e+06  0.97026  0.27114  0.242565  0 
1.09248e+06  1.04575  0.243269  0.261436  0 
1.5108e+06  0.823163  0.468172  0.205791  0 
1.39872e+06  0.853065  0.407914  0.213266  0 
1.1748e+06  0.955693  0.287527  0.238923  0 
1.15632e+06  0.962602  0.277591  0.240651  0 
1.10832e+06  1.03699  0.251785  0.259247  0 
1.14288e+06  0.971483  0.270366  0.242871  0 
1.50984e+06  0.823279  0.467656  0.20582  0 
1.01352e+06  1.47284  0.200817  0.368211  0 
1.08288e+06  1.04986  0.238108  0.262464  0 
1.2252e+06  0.931771  0.314624  0.232943  0 
1.44744e+06  0.834566  0.434108  0.208642  0 
1.23576e+06  0.92861  0.320301  0.232152  0 
1.62936e+06  0.810557  0.531914  0.202639  0 
1.12608e+06  0.988828  0.261333  0.247207  0 
1.28784e+06  0.910617  0.348301  0.227654  0 
1.32744e+06  0.898993  0.369591  0.224748  0 
1.57872e+06  0.812242  0.504688  0.20306  0 
1.28472e+06  0.913305  0.346624  0.228326  0 
1.07592e+06  1.06526  0.234366  0.266315  0 
1.50024e+06  0.825292  0.462495  0.206323  0 
1.09392e+06  1.04457  0.244043  0.261142  0 
1.62168e+06  0.811169  0.527785  0.202792  0 
1.25208e+06  0.921  0.329075  0.23025  0 
1.32552e+06  0.899579  0.368559  0.224895  0 
1.4916e+06  0.825719  0.457849  0.20643  0 
1.49064e+06  0.825786  0.457333  0.206447  0 
1.23e+06  0.92999  0.317204  0.232498  0 
1.10184e+06  1.03865  0.248301  0.259662  0 
1.85256e+06  0.798579  0.651914  0.199645  0 
1.24944e+06  0.924074  0.327656  0.231018  0 
1.39848e+06  0.853895  0.407785  0.213474  0 
1.24128e+06  0.92546  0.323269  0.231365  0 
996480  1.68571  0.191656  0.421428  0 

980880  1.75261  0.183269  0.438151  0 
1.86912e+06  0.787499  0.660817  0.196875  0 
1.42824e+06  0.831267  0.423785  0.207817  0 
1.09368e+06  1.03623  0.243914  0.259058  0 
1.00392e+06  1.31182  0.195656  0.327955  0 
1.34856e+06  0.867857  0.380946  0.216964  0 
1.27848e+06  0.90805  0.343269  0.227012  0 
1.03176e+06  1.19173  0.210624  0.297931  0 
1.03992e+06  1.07681  0.215011  0.269204  0 
1.22688e+06  0.922512  0.315527  0.230628  0 
1.18152e+06  0.941708  0.29114  0.235427  0 
1.14216e+06  0.958624  0.269978  0.239656  0 
1.1184e+06  0.975972  0.257204  0.243993  0 
1.83168e+06  0.791543  0.640688  0.197886  0 
1.8108e+06  0.792068  0.629462  0.198017  0 
985920  1.68617  0.185978  0.421543  0 
1.76304e+06  0.792792  0.603785  0.198198  0 
1.68768e+06  0.795426  0.563269  0.198856  0 
1.66848e+06  0.796673  0.552946  0.199168  0 
1.41288e+06  0.833678  0.415527  0.20842  0 
1.64064e+06  0.798296  0.537978  0.199574  0 
1.07856e+06  1.03704  0.235785  0.259261  0 
1.62432e+06  0.801668  0.529204  0.200417  0 
1.608e+06  0.804201  0.52043  0.20105  0 
1.01928e+06  1.28519  0.203914  0.321297  0 
1.59552e+06  0.80636  0.51372  0.20159  0 
1.02024e+06  1.19861  0.20443  0.299653  0 
1.39176e+06  0.843593  0.404172  0.210898  0 
1.57224e+06  0.808336  0.501204  0.202084  0 
1.338e+06  0.869051  0.375269  0.217263  0 
1.06512e+06  1.05476  0.228559  0.263689  0 
1.37928e+06  0.846229  0.397462  0.211557  0 
1.05264e+06  1.05632  0.221849  0.264079  0 
1.5432e+06  0.812786  0.485591  0.203197  0 
1.51176e+06  0.813649  0.468688  0.203412  0 
1.3296e+06  0.890652  0.370753  0.222663  0 
1.32e+06  0.891128  0.365591  0.222782  0 
994560  1.66938  0.190624  0.417344  0 
1.11e+06  1.01949  0.252688  0.254873  0 
1.1748e+06  0.942007  0.287527  0.235502  0 
1.37016e+06  0.853569  0.392559  0.213392  0 
1.49928e+06  0.816986  0.461978  0.204246  0 
1.49256e+06  0.817084  0.458366  0.204271  0 
1.13568e+06  0.959396  0.266495  0.239849  0 
1.0092e+06  1.29948  0.198495  0.324871  0 
1.362e+06  0.855735  0.388172  0.213934  0 
1.20936e+06  0.930354  0.306108  0.232589  0 
1.27152e+06  0.911184  0.339527  0.227796  0 
1.2624e+06  0.912022  0.334624  0.228005  0 
1.04784e+06  1.0603  0.219269  0.265075  0 
1.48416e+06  0.821005  0.453849  0.205251  0 
1.2504e+06  0.912441  0.328172  0.22811  0 
1.2036e+06  0.931692  0.303011  0.232923  0 
1.47624e+06  0.821313  0.449591  0.205328  0 
1.35144e+06  0.858055  0.382495  0.214514  0 
1.24464e+06  0.912723  0.325075  0.228181  0 
1.30944e+06  0.899254  0.359914  0.224813  0 
1.16712e+06  0.950408  0.283398  0.237602  0 
1.28904e+06  0.900096  0.348946  0.225024  0 
1.19976e+06  0.934109  0.300946  0.233527  0 
1.45896e+06  0.823805  0.440301  0.205951  0 
1.18608e+06  0.934745  0.293591  0.233686  0 
1.1304e+06  0.969201  0.263656  0.2423  0 
991680  1.67327  0.189075  0.418317  0 
1.44936e+06  0.825182  0.43514  0.206296  0 
1.1604e+06  0.952889  0.279785  0.238222  0 
1.00656e+06  1.30458  0.197075  0.326146  0 
1.152e+06  0.953398  0.275269  0.23835  0 
1.0752e+06  1.04993  0.233978  0.262483  0 
1.12752e+06  0.97119  0.262108  0.242798  0 
1.56552e+06  0.808486  0.497591  0.202121  0 
1.17144e+06  0.946184  0.28572  0.236546  0 
1.23696e+06  0.919034  0.320946  0.229759  0 
1.63872e+06  0.798534  0.536946  0.199634  0 
1.10856e+06  1.03236  0.251914  0.25809  0 
1.1508e+06  0.954745  0.274624  0.238686  0 
1.03872e+06  1.17691  0.214366  0.294227  0 
1.01808e+06  1.28558  0.203269  0.321396  0 
1.44576e+06  0.828718  0.433204  0.207179  0 
1.85736e+06  0.789153  0.654495  0.197288  0 
1.85472e+06  0.789232  0.653075  0.197308  0 
1.488e+06  0.818777  0.455914  0.204694  0 
1.38312e+06  0.844071  0.399527  0.211018  0 
1.07376e+06  1.05267  0.233204  0.263168  0 
1.22304e+06  0.928637  0.313462  0.232159  0 
999600  1.66776  0.193333  0.416941  0 
1.35072e+06  0.864846  0.382108  0.216212  0 
1.20744e+06  0.93051  0.305075  0.232627  0 
1.12704e+06  0.972068  0.261849  0.243017  0 
1.11792e+06  1.00729  0.256946  0.251823  0 
1.40808e+06  0.842634  0.412946  0.210659  0 
1.36056e+06  0.857128  0.387398  0.214282  0 
1.40328e+06  0.842744  0.410366  0.210686  0 
1.16496e+06  0.952096  0.282237  0.238024  0 
1.0716e+06  1.05402  0.232043  0.263505  0 
1.26816e+06  0.911313  0.33772  0.227828  0 
1.2768e+06  0.910507  0.342366  0.227627  0 
1.2756e+06  0.910511  0.34172  0.227628  0 
1.33056e+06  0.890569  0.371269  0.222642  0 
1.5432e+06  0.812786  0.485591  0.203197  0 

