4.95126e+07  4.7487e+07  26.2756  1.18717e+07  0 
6.99172e+07  6.78248e+07  37.2458  1.69562e+07  0 
2.34505e+07  2.13633e+07  12.2637  5.34082e+06  0 
5.922e+07  5.7227e+07  31.4946  1.43068e+07  0 
5.11215e+07  4.90258e+07  27.1406  1.22565e+07  0 
4.73707e+07  4.54128e+07  25.124  1.13532e+07  0 
5.40666e+07  5.19755e+07  28.724  1.29939e+07  0 
5.58169e+07  5.37368e+07  29.665  1.34342e+07  0 
7.60625e+07  7.39135e+07  40.5497  1.84784e+07  0 
8.07057e+07  7.86277e+07  43.0461  1.96569e+07  0 
4.70485e+07  4.50685e+07  24.9508  1.12671e+07  0 
4.85042e+07  4.66545e+07  25.7334  1.16636e+07  0 
8.46547e+07  8.27498e+07  45.1692  2.06874e+07  0 
5.98037e+07  5.78489e+07  31.8084  1.44622e+07  0 
4.9212e+07  4.72344e+07  26.114  1.18086e+07  0 
5.13479e+07  4.95109e+07  27.2623  1.23777e+07  0 
7.45967e+07  7.25349e+07  39.7617  1.81337e+07  0 
5.88894e+07  5.69999e+07  31.3169  1.425e+07  0 
4.59433e+07  4.408e+07  24.3566  1.102e+07  0 
7.51731e+07  7.31777e+07  40.0715  1.82944e+07  0 
4.25259e+07  4.0645e+07  22.5193  1.01612e+07  0 
7.15962e+07  6.96913e+07  38.1485  1.74228e+07  0 
4.40864e+07  4.20392e+07  23.3583  1.05098e+07  0 
5.15595e+07  4.96688e+07  27.3761  1.24172e+07  0 
8.16517e+13  8.16517e+13  4.38988e+07  2.04129e+13  0 
5.18257e+07  5.00939e+07  27.5192  1.25235e+07  0 
4.78339e+07  4.58722e+07  25.3731  1.1468e+07  0 
7.13951e+07  6.9267e+07  38.0404  1.73167e+07  0 
4.98466e+07  4.7616e+07  26.4552  1.1904e+07  0 
2.41501e+07  2.22445e+07  12.6399  5.56114e+06  0 
4.71844e+07  4.5185e+07  25.0239  1.12962e+07  0 
8.15082e+07  7.96732e+07  43.4775  1.99183e+07  0 
5.02999e+07  4.84478e+07  26.6989  1.2112e+07  0 
3.16604e+07  2.9479e+07  16.6776  7.36975e+06  0 
2.56898e+07  2.37208e+07  13.4676  5.93021e+06  0 
4.72303e+07  4.53602e+07  25.0486  1.13401e+07  0 
2.17435e+13  2.17435e+13  1.169e+07  5.43586e+12  0 
5.13045e+07  4.93742e+07  27.239  1.23435e+07  0 
8.07304e+07  7.8838e+07  43.0593  1.97095e+07  0 
9.28527e+13  9.28527e+13  4.99208e+07  2.32132e+13  0 
4.70047e+07  4.50597e+07  24.9273  1.12649e+07  0 
4.72417e+07  4.54268e+07  25.0547  1.13567e+07  0 
5.41549e+07  5.20979e+07  28.7715  1.30245e+07  0 
4.67035e+07  4.47067e+07  24.7653  1.11767e+07  0 
8.26999e+07  8.06966e+07  44.1182  2.01741e+07  0 
4.53917e+07  4.32617e+07  24.06  1.08154e+07  0 
5.6507e+07  5.46427e+07  30.036  1.36607e+07  0 
5.41008e+07  5.19384e+07  28.7423  1.29846e+07  0 
4.42524e+14  4.42524e+14  2.37916e+08  1.10631e+14  0 
5.92984e+07  5.72772e+07  31.5368  1.43193e+07  0 
4.6876e+07  4.50477e+07  24.8581  1.12619e+07  0 
4.30798e+07  4.09892e+07  22.8171  1.02473e+07  0 
1.98082e+13  1.98082e+13  1.06496e+07  4.95205e+12  0 
6.06616e+13  6.06616e+13  3.26138e+07  1.51654e+13  0 
3.32978e+07  3.12473e+07  17.558  7.81182e+06  0 
4.97132e+07  4.77634e+07  26.3834  1.19409e+07  0 
1.62047e+12  1.62047e+12  871219  4.05116e+11  0 
5.92092e+07  5.71572e+07  31.4888  1.42893e+07  0 
9.03994e+07  8.84522e+07  48.2577  2.21131e+07  0 
4.75199e+07  4.55123e+07  25.2042  1.13781e+07  0 
4.88311e+07  4.67815e+07  25.9092  1.16954e+07  0 
4.40937e+13  4.40937e+13  2.37063e+07  1.10234e+13  0 
8.82834e+07  8.63428e+07  47.1201  2.15857e+07  0 
1.41033e+15  1.41033e+15  7.58241e+08  3.52582e+14  0 
1.44287e+12  1.44287e+12  775739  3.60718e+11  0 
2.18388e+07  1.98792e+07  11.3972  4.96981e+06  0 
5.03642e+07  4.8431e+07  26.7335  1.21078e+07  0 
1.52722e+13  1.52722e+13  8.21087e+06  3.81806e+12  0 
9.2206e+07  9.01938e+07  49.229  2.25485e+07  0 
8.26757e+07  8.05844e+07  44.1052  2.01461e+07  0 
5.50548e+14  5.50548e+14  2.95994e+08  1.37637e+14  0 
6.55143e+07  6.35146e+07  34.8786  1.58787e+07  0 
1.10195e+13  1.10195e+13  5.92447e+06  2.75488e+12  0 
5.23774e+07  5.02402e+07  27.8158  1.256e+07  0 
9.09662e+07  8.89452e+07  48.5625  2.22363e+07  0 
6.3007e+07  6.10088e+07  33.5307  1.52522e+07  0 
4.89441e+07  4.69348e+07  25.9699  1.17337e+07  0 
5.27854e+07  5.08824e+07  28.0352  1.27206e+07  0 
5.31339e+07  5.13149e+07  28.2225  1.28287e+07  0 
3.40995e+07  3.21315e+07  17.989  8.03287e+06  0 
2.77645e+07  2.58527e+07  14.5831  6.46317e+06  0 
3.89512e+07  3.68723e+07  20.5974  9.21807e+06  0 
3.08889e+14  3.08889e+14  1.66069e+08  7.72222e+13  0 
5.71071e+07  5.51523e+07  30.3586  1.37881e+07  0 
7.97385e+07  7.77388e+07  42.5261  1.94347e+07  0 
5.38806e+07  5.18125e+07  28.624  1.29531e+07  0 
4.21187e+13  4.21187e+13  2.26445e+07  1.05297e+13  0 
8.21664e+13  8.21664e+13  4.41755e+07  2.05416e+13  0 
1.51668e+15  1.51668e+15  8.1542e+08  3.7917e+14  0 
6.1277e+13  6.1277e+13  3.29446e+07  1.53192e+13  0 
6.12446e+07  5.91832e+07  32.5831  1.47958e+07  0 
5.72916e+07  5.54326e+07  30.4578  1.38581e+07  0 
4.9124e+07  4.72556e+07  26.0667  1.18139e+07  0 
4.52097e+07  4.31954e+07  23.9622  1.07988e+07  0 
1.46068e+14  1.46068e+14  7.85314e+07  3.65171e+13  0 
4.07217e+07  3.86371e+07  21.5493  9.65926e+06  0 
7.35662e+07  7.16721e+07  39.2076  1.7918e+07  0 
4.78604e+07  4.59308e+07  25.3873  1.14827e+07  0 
4.94572e+07  4.74098e+07  26.2458  1.18524e+07  0 
4.8493e+07  4.63649e+07  25.7274  1.15912e+07  0 

1.2804e+06  1.8626  0.344301  0.465651  0 
2.10096e+06  0.977097  0.785462  0.244274  0 
2.22312e+06  1.21534  0.85114  0.303835  1 
4.16827e+06  2.06516e+06  1.89692  516289  2 
6.53131e+06  4.37179e+06  3.16737  1.09295e+06  3 
6.73463e+06  4.64303e+06  3.27668  1.16076e+06  4 
7.5037e+06  5.31562e+06  3.69016  1.3289e+06  5 
7.68905e+06  5.52977e+06  3.78981  1.38244e+06  6 
7.86354e+06  5.88426e+06  3.88362  1.47106e+06  7 
1.1669e+07  9.51312e+06  5.92959  2.37828e+06  12 
1.62154e+07  1.42229e+07  8.37387  3.55573e+06  19 
1.92323e+07  1.70562e+07  9.99584  4.26405e+06  36 
1.94906e+07  1.73214e+07  10.1347  4.33036e+06  38 
2.20581e+07  1.99111e+07  11.5151  4.97777e+06  43 
2.44074e+07  2.2263e+07  12.7782  5.56575e+06  6 
2.5268e+07  2.31176e+07  13.2409  5.7794e+06  18 
2.90947e+07  2.69763e+07  15.2982  6.74407e+06  51 
3.8158e+07  3.60227e+07  20.171  9.00568e+06  58 
4.0853e+07  3.864e+07  21.6199  9.65999e+06  63 
4.51974e+07  4.328e+07  23.9556  1.082e+07  10 
6.62293e+07  6.42174e+07  35.2631  1.60544e+07  53 
7.49857e+07  7.29428e+07  39.9708  1.82357e+07  76 
7.57478e+07  7.36127e+07  40.3805  1.84032e+07  77 
8.73245e+07  8.53486e+07  46.6046  2.13371e+07  79 
1.97689e+07  1.78569e+07  10.2844  4.46421e+06  24 
4.3108e+07  4.09456e+07  22.8323  1.02364e+07  11 
2.21742e+07  2.02434e+07  11.5775  5.06086e+06  6 
2.06059e+07  1.85181e+07  10.7343  4.62953e+06  46 
2.37672e+07  2.16124e+07  12.434  5.40311e+06  16 
4.74331e+07  4.54262e+07  25.1576  1.13565e+07  68 
9.28705e+06  7.30513e+06  4.64895  1.82628e+06  8 
4.74632e+07  4.54755e+07  25.1738  1.13689e+07  31 
2.29941e+07  2.08579e+07  12.0183  5.21447e+06  46 
4.79774e+07  4.58438e+07  25.4502  1.14609e+07  70 
2.29183e+07  2.07571e+07  11.9776  5.18928e+06  50 
1.97184e+07  1.7549e+07  10.2572  4.38726e+06  20 
1.68896e+07  1.46496e+07  8.73633  3.66241e+06  21 
3.72028e+07  3.5313e+07  19.6574  8.82826e+06  60 
2.39276e+07  2.18055e+07  12.5202  5.45138e+06  51 
1.97388e+07  1.74811e+07  10.2682  4.37027e+06  41 
3.01656e+07  2.78184e+07  15.874  6.95459e+06  13 
4.62436e+07  4.41816e+07  24.5181  1.10454e+07  65 
2.80929e+07  2.6028e+07  14.7596  6.50699e+06  55 
4.96865e+07  4.76161e+07  26.3691  1.1904e+07  72 
1.43365e+07  1.21724e+07  7.36369  3.04309e+06  14 
4.17029e+07  3.94685e+07  22.0768  9.86713e+06  47 
1.5948e+07  1.39114e+07  8.23012  3.47785e+06  17 
1.00203e+07  8.16073e+06  5.04315  2.04018e+06  9 
4.58546e+07  4.39598e+07  24.3089  1.09899e+07  29 
4.66863e+07  4.46386e+07  24.7561  1.11597e+07  66 
8.45224e+07  8.22409e+07  45.0981  2.05602e+07  78 
4.40487e+07  4.19295e+07  23.338  1.04824e+07  49 
2.20881e+07  2.00963e+07  11.5312  5.02407e+06  26 
1.60334e+07  1.40584e+07  8.276  3.5146e+06  18 
4.31779e+07  4.10482e+07  22.8699  1.0262e+07  73 
1.83927e+07  1.63476e+07  9.54444  4.08691e+06  18 
1.66099e+07  1.46179e+07  8.58594  3.65446e+06  20 
4.71665e+07  4.51822e+07  25.0143  1.12956e+07  67 
1.50473e+07  1.29389e+07  7.74586  3.23473e+06  15 
2.01792e+07  1.78524e+07  10.5049  4.4631e+06  32 
1.29821e+07  1.10014e+07  6.63556  2.75036e+06  13 
7.12104e+07  6.92357e+07  37.9411  1.73089e+07  75 
2.28808e+07  2.0873e+07  11.9574  5.21824e+06  45 
2.27255e+07  2.06087e+07  11.8739  5.15217e+06  33 
3.11233e+07  2.90377e+07  16.3889  7.25943e+06  9 
2.2546e+07  2.04074e+07  11.7774  5.10184e+06  43 
4.58642e+07  4.375e+07  24.3141  1.09375e+07  16 
2.29003e+07  2.08291e+07  11.9679  5.20728e+06  53 
1.92779e+07  1.71913e+07  10.0204  4.29783e+06  32 
2.00132e+07  1.80928e+07  10.4157  4.52319e+06  37 
2.43644e+07  2.23633e+07  12.7551  5.59083e+06  52 
2.60371e+07  2.40117e+07  13.6543  6.00293e+06  69 
1.304e+07  1.09193e+07  6.66664  2.72983e+06  13 
1.12819e+07  9.13578e+06  5.72143  2.28395e+06  11 
1.04782e+07  8.41872e+06  5.28933  2.10468e+06  10 
2.18152e+07  1.97901e+07  11.3845  4.94753e+06  41 
2.55238e+07  2.33026e+07  13.3784  5.82565e+06  54 
2.08369e+07  1.86862e+07  10.8585  4.67156e+06  49 
2.01577e+07  1.81086e+07  10.4934  4.52716e+06  39 
2.07908e+07  1.8685e+07  10.8338  4.67126e+06  22 
2.51989e+07  2.32468e+07  13.2037  5.81169e+06  32 
2.9196e+07  2.6995e+07  15.3527  6.74875e+06  30 
2.04993e+07  1.85229e+07  10.6771  4.63073e+06  51 
1.93283e+07  1.72667e+07  10.0475  4.31668e+06  39 
2.20996e+07  2.00903e+07  11.5374  5.02257e+06  44 
1.80518e+07  1.58032e+07  9.36118  3.95081e+06  40 
1.75258e+07  1.53999e+07  9.07839  3.84997e+06  22 
1.57708e+07  1.37274e+07  8.13483  3.43186e+06  16 
1.92038e+07  1.6966e+07  9.98054  4.24151e+06  33 
4.15597e+07  3.93863e+07  21.9999  9.84657e+06  61 
3.61033e+07  3.38519e+07  19.0663  8.46298e+06  30 
4.81239e+07  4.59548e+07  25.529  1.14887e+07  71 
1.95439e+07  1.75046e+07  10.1634  4.37615e+06  40 
5.15765e+07  4.95252e+07  27.3852  1.23813e+07  64 
1.89792e+07  1.71615e+07  9.85981  4.29037e+06  17 
2.29917e+07  2.10391e+07  12.0171  5.25978e+06  19 
4.82167e+07  4.6115e+07  25.5789  1.15288e+07  48 
2.63337e+07  2.41521e+07  13.8138  6.03802e+06  11 
4.45812e+07  4.25102e+07  23.6243  1.06276e+07  26 
2.20739e+07  1.97908e+07  11.5236  4.94769e+06  56 

1.25064e+06  1.94604  0.328301  0.486511  0 
2.25984e+06  0.912375  0.870882  0.228094  0 
1.77216e+06  1.03688  0.608688  0.25922  0 
1.5696e+06  1.57448  0.499785  0.39362  0 
1.70016e+06  1.25819  0.569978  0.314547  0 
1.70448e+06  1.38443  0.572301  0.346108  1 
2.17872e+06  1.12493  0.827269  0.281233  1 
1.824e+06  1.21104  0.636559  0.302761  1 
2.0412e+06  1.13109  0.753333  0.282772  1 
1.71648e+06  1.63549  0.578753  0.408874  2 
2.11848e+06  1.30848  0.794882  0.32712  2 
2.1852e+06  1.20184  0.830753  0.30046  2 
1.89264e+06  1.71177  0.673462  0.427943  3 
1.82472e+06  1.84481  0.636946  0.461202  3 
1.84248e+06  2.04178  0.646495  0.510445  4 
2.1444e+06  2.33786  0.808817  0.584466  5 
2.73769e+06  528016  1.12779  132004  6 
2.89711e+06  753190  1.2135  188297  7 
2.9889e+06  813780  1.26285  203445  8 
2.9935e+06  804946  1.26532  201236  8 
3.2521e+06  1.07002e+06  1.40435  267505  9 
3.48436e+06  1.42733e+06  1.52923  356831  10 
3.83703e+06  1.61392e+06  1.71884  403479  11 
4.98153e+06  2.88729e+06  2.33415  721822  13 
5.24805e+06  2.98413e+06  2.47745  746034  14 
5.25526e+06  3.1327e+06  2.48132  783174  15 
5.72307e+06  3.45435e+06  2.73283  863587  17 
6.28058e+06  3.88994e+06  3.03257  972486  18 
6.24814e+06  4.1911e+06  3.01513  1.04777e+06  18 
6.45464e+06  4.43457e+06  3.12615  1.10864e+06  19 
6.86176e+06  4.6372e+06  3.34503  1.1593e+06  20 
7.10927e+06  5.10719e+06  3.4781  1.2768e+06  21 
7.36276e+06  5.14228e+06  3.61439  1.28557e+06  22 
7.4484e+06  5.25192e+06  3.66043  1.31298e+06  23 
7.36472e+06  5.31537e+06  3.61544  1.32884e+06  23 
7.64094e+06  5.44518e+06  3.76395  1.3613e+06  24 
7.75565e+06  5.55749e+06  3.82562  1.38937e+06  25 
8.71478e+06  6.57254e+06  4.34128  1.64313e+06  26 
8.78844e+06  6.72972e+06  4.38088  1.68243e+06  27 
9.70956e+06  7.497e+06  4.87611  1.87425e+06  29 
9.96267e+06  8.06547e+06  5.01219  2.01637e+06  30 
1.00147e+07  7.86043e+06  5.04015  1.96511e+06  30 
1.0067e+07  7.88971e+06  5.06827  1.97243e+06  31 
1.02469e+07  8.15818e+06  5.165  2.03955e+06  32 
1.07334e+07  8.44454e+06  5.42657  2.11113e+06  33 
1.12226e+07  9.04677e+06  5.68958  2.26169e+06  35 
1.1686e+07  9.80323e+06  5.93872  2.45081e+06  36 
1.22111e+07  1.01903e+07  6.22103  2.54758e+06  37 
1.2734e+07  1.0825e+07  6.50214  2.70626e+06  39 
1.34964e+07  1.12246e+07  6.91205  2.80615e+06  40 
1.4264e+07  1.22029e+07  7.32475  3.05073e+06  42 
1.43839e+07  1.1976e+07  7.38922  2.99401e+06  42 
1.5802e+07  1.3659e+07  8.15161  3.41476e+06  44 
1.59849e+07  1.40059e+07  8.24995  3.50147e+06  45 
1.68991e+07  1.4899e+07  8.74146  3.72474e+06  48 
1.71014e+07  1.5005e+07  8.85021  3.75125e+06  49 
1.8817e+07  1.66678e+07  9.77258  4.16695e+06  51 
1.8845e+07  1.67848e+07  9.78764  4.19621e+06  52 
1.89626e+07  1.69104e+07  9.85086  4.22759e+06  53 
1.89944e+07  1.69787e+07  9.86797  4.24467e+06  54 
1.94561e+07  1.71228e+07  10.1162  4.2807e+06  55 
1.96099e+07  1.74703e+07  10.1989  4.36758e+06  57 
2.04875e+07  1.844e+07  10.6707  4.61001e+06  61 
2.1043e+07  1.8913e+07  10.9693  4.72825e+06  63 
2.21874e+07  2.00223e+07  11.5846  5.00558e+06  64 
2.83735e+07  2.64028e+07  14.9105  6.60071e+06  69 
3.56751e+07  3.37414e+07  18.8361  8.43535e+06  70 
4.06898e+07  3.8629e+07  21.5322  9.65724e+06  71 
4.15386e+07  3.93625e+07  21.9885  9.84064e+06  72 
4.24667e+07  4.04503e+07  22.4875  1.01126e+07  73 
4.37545e+07  4.18818e+07  23.1798  1.04704e+07  74 
4.59839e+07  4.3881e+07  24.3784  1.09703e+07  76 
4.61683e+07  4.42675e+07  24.4776  1.10669e+07  76 
7.45389e+07  7.24379e+07  39.7306  1.81095e+07  80 
1.99999e+07  1.79935e+07  10.4085  4.49837e+06  59 
2.26174e+07  2.05834e+07  11.8158  5.14586e+06  65 
8.84162e+06  6.69866e+06  4.40947  1.67466e+06  27 
7.14341e+06  5.03261e+06  3.49646  1.25815e+06  21 
1.99014e+07  1.77855e+07  10.3556  4.44638e+06  58 
1.95779e+07  1.72972e+07  10.1817  4.3243e+06  56 
4.09621e+07  3.88895e+07  21.6786  9.72237e+06  71 
1.64572e+07  1.44316e+07  8.50384  3.60789e+06  47 
7.14786e+06  4.8885e+06  3.49885  1.22213e+06  21 
2.04545e+07  1.81608e+07  10.653  4.54021e+06  60 
2.47218e+07  2.26244e+07  12.9472  5.65611e+06  67 
4.57577e+07  4.36639e+07  24.2568  1.0916e+07  75 
2.05156e+07  1.84645e+07  10.6858  4.61613e+06  62 
9.00505e+06  6.84409e+06  4.49734  1.71102e+06  28 
1.78327e+07  1.56686e+07  9.24338  3.91715e+06  50 
1.54829e+07  1.34004e+07  7.98003  3.35009e+06  43 
4.0863e+07  3.88302e+07  21.6253  9.70756e+06  72 
1.37255e+07  1.1697e+07  7.0352  2.92425e+06  41 
4.37158e+06  2.21063e+06  2.00623  552656  12 
1.25371e+07  1.04808e+07  6.39628  2.62019e+06  38 
4.25639e+07  4.04159e+07  22.5397  1.0104e+07  73 
1.08442e+07  8.53037e+06  5.48613  2.13259e+06  34 
1.64094e+07  1.43451e+07  8.47815  3.58628e+06  46 
5.50561e+06  3.38233e+06  2.61592  845583  16 
2.53547e+07  2.30985e+07  13.2875  5.77463e+06  68 
2.33251e+07  2.11906e+07  12.1963  5.29764e+06  66 

1.18824e+06  1.91716  0.294753  0.479291  0 
2.26992e+06  0.855986  0.876301  0.213996  0 
1.77024e+06  0.950445  0.607656  0.237611  0 
1.38888e+06  1.22463  0.402624  0.306157  0 
1.59936e+06  1.07733  0.515785  0.269332  0 
1.52496e+06  1.16227  0.475785  0.290568  0 
1.374e+06  1.3421  0.394624  0.335525  0 
1.48224e+06  1.41448  0.452817  0.35362  1 
2.10696e+06  1.06258  0.788688  0.265645  1 
1.3824e+06  2.4048  0.39914  0.6012  1 
1.5288e+06  1.17896  0.477849  0.29474  1 
1.7244e+06  1.11891  0.583011  0.279727  1 
1.87488e+06  1.09129  0.663914  0.272823  1 
1.55184e+06  1.48898  0.490237  0.372244  2 
1.9176e+06  1.12677  0.686882  0.281692  2 
1.6668e+06  1.25423  0.552043  0.313558  2 
1.5072e+06  1.83342  0.466237  0.458355  2 
1.60728e+06  1.44936  0.520043  0.36234  2 
2.11992e+06  1.07895  0.795656  0.269737  2 
1.64256e+06  1.44336  0.539011  0.360839  2 
1.59144e+06  1.563  0.511527  0.390751  3 
1.67352e+06  1.36046  0.555656  0.340115  3 
1.55448e+06  1.63638  0.491656  0.409095  3 
1.54728e+06  2.10525  0.487785  0.526312  3 
1.97232e+06  1.22553  0.716301  0.306383  3 
1.79016e+06  1.32974  0.618366  0.332435  3 
1.8456e+06  1.2715  0.648172  0.317874  3 
2.17488e+06  1.12935  0.825204  0.282338  3 
1.596e+06  1.79324  0.513978  0.44831  4 
1.64112e+06  1.75041  0.538237  0.437603  4 
1.96056e+06  1.30477  0.709978  0.326193  4 
1.72992e+06  1.3661  0.585978  0.341524  4 
2.07576e+06  1.30035  0.771914  0.325088  4 
1.64616e+06  1.71732  0.540946  0.42933  4 
1.86168e+06  1.51385  0.656817  0.378462  5 
1.74528e+06  1.51832  0.594237  0.379579  5 
1.92456e+06  1.44461  0.690624  0.361151  5 
2.0004e+06  1.31163  0.731398  0.327908  5 
1.65432e+06  1.77058  0.545333  0.442645  5 
1.78344e+06  1.6996  0.614753  0.424901  6 
1.656e+06  1.93696  0.546237  0.484239  6 
2.1504e+06  1.36704  0.812043  0.34176  6 
2.15664e+06  1.34742  0.815398  0.336854  6 
1.84344e+06  1.59917  0.647011  0.399792  6 
2.06952e+06  1.38309  0.768559  0.345773  6 
1.69896e+06  1.81533  0.569333  0.453832  6 
1.93848e+06  1.51659  0.698108  0.379147  6 
1.9572e+06  1.66286  0.708172  0.415715  7 
2.12424e+06  1.40966  0.797978  0.352415  7 
1.97674e+06  249459  0.718676  62364.7  8 
2.0112e+06  1.79051  0.737204  0.447627  8 
2.16559e+06  34871  0.82021  8717.74  9 
2.10786e+06  285780  0.789171  71444.9  9 
2.49819e+06  108987  0.999025  27246.8  10 
2.43865e+06  469933  0.967017  117483  10 
2.48798e+06  326064  0.993539  81516  10 
2.53815e+06  406949  1.02051  101737  11 
2.59758e+06  346141  1.05246  86535.3  11 
2.64013e+06  616927  1.07534  154232  12 
2.65254e+06  863585  1.08201  215896  13 
3.16891e+06  1.02523e+06  1.35963  256307  14 
3.31465e+06  1.27009e+06  1.43798  317522  15 
3.3238e+06  1.21829e+06  1.44291  304571  15 
3.45521e+06  1.14162e+06  1.51356  285404  15 
3.4931e+06  1.2575e+06  1.53392  314375  16 
3.46572e+06  1.5246e+06  1.5192  381150  16 
3.49463e+06  1.39943e+06  1.53475  349858  17 
3.64147e+06  1.40251e+06  1.61369  350628  18 
3.55241e+06  1.49609e+06  1.56581  374023  18 
3.58001e+06  1.96241e+06  1.58065  490603  19 
3.65914e+06  1.4437e+06  1.62319  360925  19 
3.95987e+06  1.95299e+06  1.78488  488247  20 
4.36115e+06  2.26907e+06  2.00062  567268  21 
4.42665e+06  2.71473e+06  2.03583  678683  22 
4.51051e+06  2.46211e+06  2.08092  615528  22 
4.57042e+06  2.42914e+06  2.11313  607286  22 
5.31711e+06  3.14295e+06  2.51458  785738  23 
6.31054e+06  4.15175e+06  3.04868  1.03794e+06  24 
6.65415e+06  4.35328e+06  3.23342  1.08832e+06  25 
6.95986e+06  4.7953e+06  3.39777  1.19883e+06  26 
6.98266e+06  4.68202e+06  3.41003  1.17051e+06  26 
6.97719e+06  4.83927e+06  3.40709  1.20982e+06  27 
6.97658e+06  4.91666e+06  3.40676  1.22917e+06  27 
6.97683e+06  4.93299e+06  3.4069  1.23325e+06  28 
7.01068e+06  5.02493e+06  3.4251  1.25623e+06  29 
7.02444e+06  5.17165e+06  3.4325  1.29291e+06  30 
7.26154e+06  5.10322e+06  3.55997  1.27581e+06  30 
7.13914e+06  5.4349e+06  3.49416  1.35873e+06  31 
8.30418e+06  6.04314e+06  4.12053  1.51079e+06  32 
8.71999e+06  6.92383e+06  4.34408  1.73096e+06  33 
9.11166e+06  7.05559e+06  4.55466  1.7639e+06  34 
1.16101e+07  9.81534e+06  5.89788  2.45383e+06  35 
1.28565e+07  1.0756e+07  6.56802  2.68901e+06  36 
1.32532e+07  1.10877e+07  6.78127  2.77191e+06  37 
1.50948e+07  1.32902e+07  7.77139  3.32255e+06  39 
1.54186e+07  1.36529e+07  7.94548  3.41323e+06  40 
1.59595e+07  1.37196e+07  8.23631  3.4299e+06  41 
1.69621e+07  1.48312e+07  8.77534  3.70779e+06  42 
5.12849e+07  4.95759e+07  27.2285  1.2394e+07  43 
1.45455e+07  1.26932e+07  7.47607  3.17329e+06  38 

1.14408e+06  1.75535  0.271011  0.438837  0 
2.21808e+06  0.848815  0.84843  0.212204  0 
1.78224e+06  0.885847  0.614108  0.221462  0 
1.41864e+06  1.02495  0.418624  0.256237  0 
1.22712e+06  1.26473  0.315656  0.316183  0 
1.71696e+06  0.900897  0.579011  0.225224  0 
1.36656e+06  1.16506  0.390624  0.291264  0 
1.60176e+06  0.954446  0.517075  0.238611  0 
1.2036e+06  1.61823  0.303011  0.404557  0 
1.5792e+06  0.979359  0.504946  0.24484  0 
1.31712e+06  1.22235  0.364043  0.305587  0 
1.27392e+06  1.59964  0.340817  0.399911  1 
1.26168e+06  1.60673  0.334237  0.401682  0 
1.24584e+06  2.12903  0.32572  0.532257  3 
1.33968e+06  1.3531  0.376172  0.338276  3 
1.43808e+06  1.10464  0.429075  0.276159  0 
1.5084e+06  1.08515  0.466882  0.271288  2 
1.3428e+06  1.35157  0.377849  0.337893  0 
1.35696e+06  1.30748  0.385462  0.32687  0 
1.79472e+06  0.944058  0.620817  0.236015  0 
1.28856e+06  1.41597  0.348688  0.353992  2 
1.29432e+06  1.36536  0.351785  0.341341  1 
1.62888e+06  0.983992  0.531656  0.245998  0 
1.40328e+06  1.22157  0.410366  0.305393  2 
1.2468e+06  1.6744  0.326237  0.4186  2 
1.61808e+06  1.05708  0.525849  0.264269  0 
1.61184e+06  1.05885  0.522495  0.264713  3 
1.48248e+06  1.17503  0.452946  0.293758  3 
1.27944e+06  1.64261  0.343785  0.410653  4 
1.38744e+06  1.36029  0.401849  0.340073  1 
1.39008e+06  1.32737  0.403269  0.331843  1 
1.6836e+06  1.10425  0.561075  0.276062  0 
1.45176e+06  1.22777  0.43643  0.306942  0 
1.80648e+06  0.963005  0.62714  0.240751  0 
1.43832e+06  1.23835  0.429204  0.309586  2 
1.72608e+06  1.05346  0.583914  0.263365  2 
1.35984e+06  1.41938  0.387011  0.354845  4 
1.27584e+06  1.69485  0.341849  0.423712  0 
1.37568e+06  1.39501  0.395527  0.348751  3 
1.25472e+06  2.17404  0.330495  0.543509  4 
1.41408e+06  1.2782  0.416172  0.319549  4 
1.296e+06  1.4378  0.352688  0.35945  1 
1.79592e+06  1.03906  0.621462  0.259765  2 
1.5756e+06  1.14962  0.503011  0.287404  0 
1.47696e+06  1.21761  0.449978  0.304403  2 
1.63296e+06  1.14859  0.533849  0.287146  3 
1.56552e+06  1.17312  0.497591  0.29328  2 
1.3068e+06  1.52079  0.358495  0.380198  1 
1.39368e+06  1.40361  0.405204  0.350903  0 
1.28232e+06  1.64307  0.345333  0.410767  0 
1.8444e+06  1.02868  0.647527  0.25717  2 
1.2984e+06  1.52799  0.353978  0.381997  3 
1.62288e+06  1.15283  0.52843  0.288206  3 
1.7388e+06  1.10702  0.590753  0.276754  4 
1.41504e+06  1.28759  0.416688  0.321897  2 
1.48968e+06  1.19173  0.456817  0.297932  3 
1.70376e+06  1.11719  0.571914  0.279297  2 
1.57824e+06  1.15319  0.50443  0.288298  4 
1.77024e+06  1.07685  0.607656  0.269212  0 
1.3332e+06  1.4484  0.372688  0.3621  3 
1.70256e+06  1.12331  0.571269  0.280827  2 
1.76136e+06  1.08201  0.602882  0.270504  0 
1.25664e+06  2.2227  0.331527  0.555676  3 
1.37928e+06  1.42929  0.397462  0.357322  0 
1.39656e+06  1.34601  0.406753  0.336503  3 
1.27656e+06  1.96154  0.342237  0.490386  4 
1.84176e+06  1.071  0.646108  0.267749  1 
1.926e+06  0.997838  0.691398  0.249459  3 
1.5348e+06  1.22439  0.481075  0.306098  0 
1.76208e+06  1.13213  0.603269  0.283033  3 
1.85976e+06  1.10076  0.655785  0.275189  2 
1.98888e+06  1.0152  0.725204  0.253799  4 
1.58424e+06  1.19495  0.507656  0.298737  2 
1.45176e+06  1.37646  0.43643  0.344114  4 
1.74648e+06  1.16649  0.594882  0.291622  4 
1.4976e+06  1.28537  0.461075  0.321342  2 
1.38504e+06  1.48918  0.400559  0.372294  5 
1.87776e+06  1.06394  0.665462  0.265985  4 
1.34664e+06  1.65519  0.379914  0.413797  5 
1.8384e+06  1.11087  0.644301  0.277718  3 
1.45536e+06  1.29311  0.438366  0.323277  0 
1.29648e+06  1.95352  0.352946  0.48838  4 
1.7472e+06  1.14268  0.595269  0.285671  4 
1.61352e+06  1.16826  0.523398  0.292065  3 
1.61088e+06  1.17752  0.521978  0.29438  4 
1.56216e+06  1.26679  0.495785  0.316699  0 
1.56096e+06  1.28237  0.49514  0.320593  3 
1.8216e+06  1.15813  0.635269  0.289532  5 
1.45824e+06  1.35763  0.439914  0.339407  2 
1.59768e+06  1.22891  0.514882  0.307228  2 
1.61448e+06  1.20321  0.523914  0.300802  3 
1.5972e+06  1.26651  0.514624  0.316628  2 
1.6656e+06  1.17904  0.551398  0.29476  2 
1.81464e+06  1.16489  0.631527  0.291222  3 
1.62864e+06  1.26731  0.531527  0.316827  5 
1.512e+06  1.38251  0.468817  0.345629  2 
1.61064e+06  1.27217  0.521849  0.318042  4 
1.57704e+06  1.33242  0.503785  0.333105  2 
1.49057e+06  3294.85  0.457297  823.712  0 
1.57848e+06  1.28975  0.504559  0.322438  5 

1.10391e+06  149.616  0.249413  37.4039  0 
2.20752e+06  0.839832  0.842753  0.209958  0 
1.13424e+06  1.62492  0.26572  0.406231  0 
1.85352e+06  0.883512  0.65243  0.220878  0 
1.51272e+06  0.932847  0.469204  0.233212  0 
1.2612e+06  1.09133  0.333978  0.272832  0 
1.13856e+06  1.29684  0.268043  0.32421  0 
1.41888e+06  0.959271  0.418753  0.239818  0 
1.20528e+06  1.1949  0.303914  0.298724  0 
1.34376e+06  1.01749  0.378366  0.254373  0 
1.29816e+06  1.05118  0.353849  0.262796  0 
1.24344e+06  1.14994  0.32443  0.287486  0 
1.83696e+06  0.890046  0.643527  0.222512  0 
1.6812e+06  0.897334  0.559785  0.224333  0 
1.64616e+06  0.911983  0.540946  0.227996  0 
2.13528e+06  0.862863  0.803914  0.215716  0 
1.94208e+06  0.864849  0.700043  0.216212  0 
1.4904e+06  0.944427  0.457204  0.236107  0 
1.61952e+06  0.918532  0.526624  0.229633  0 
1.60872e+06  0.920481  0.520817  0.23012  0 
1.878e+06  0.872865  0.665591  0.218216  0 
1.33896e+06  1.02448  0.375785  0.256121  0 
1.4004e+06  1.00717  0.408817  0.251793  0 
1.86456e+06  0.875971  0.658366  0.218993  0 
1.2024e+06  1.21241  0.302366  0.303103  0 
1.29408e+06  1.0854  0.351656  0.271351  0 
1.58736e+06  0.928635  0.509333  0.232159  0 
1.51632e+06  0.955429  0.47114  0.238857  0 
1.55328e+06  0.948922  0.491011  0.237231  0 
1.21728e+06  1.41933  0.310366  0.354832  0 
1.17072e+06  1.60665  0.285333  0.401662  0 
1.19472e+06  1.42803  0.298237  0.357008  0 
1.61304e+06  0.932004  0.52314  0.233001  0 
1.59696e+06  0.937415  0.514495  0.234354  0 
1.40784e+06  1.00772  0.412817  0.25193  0 
1.40376e+06  1.01145  0.410624  0.252863  0 
1.48584e+06  0.972872  0.454753  0.243218  0 
1.76952e+06  0.903818  0.607269  0.225955  0 
1.46688e+06  0.978584  0.444559  0.244646  0 
1.4988e+06  0.959862  0.46172  0.239966  0 
1.5708e+06  0.940199  0.50043  0.23505  0 
1.24872e+06  1.15586  0.327269  0.288966  0 
1.24608e+06  1.32915  0.325849  0.332286  0 
1.91592e+06  0.894248  0.685978  0.223562  0 
1.29648e+06  1.10477  0.352946  0.276193  0 
1.84152e+06  0.897385  0.645978  0.224346  0 
1.3416e+06  1.05143  0.377204  0.262858  0 
1.6656e+06  0.912754  0.551398  0.228188  0 
1.65456e+06  0.917418  0.545462  0.229355  0 
1.36344e+06  1.02813  0.388946  0.257033  0 
1.44576e+06  1.00651  0.433204  0.251626  0 
1.49328e+06  0.963828  0.458753  0.240957  0 
1.44768e+06  0.986936  0.434237  0.246734  0 
1.38744e+06  1.02699  0.401849  0.256749  0 
2.17776e+06  0.871403  0.826753  0.217851  0 
1.806e+06  0.903611  0.626882  0.225903  0 
1.63536e+06  0.929248  0.53514  0.232312  0 
1.33224e+06  1.06598  0.372172  0.266495  0 
1.94856e+06  0.876967  0.703527  0.219242  0 
1.29432e+06  1.13438  0.351785  0.283596  0 
1.24944e+06  1.19639  0.327656  0.299098  0 
1.20672e+06  1.65301  0.304688  0.413252  0 
1.18224e+06  1.95342  0.291527  0.488355  2 
1.51872e+06  0.968737  0.47243  0.242184  0 
1.7772e+06  0.907863  0.611398  0.226966  0 
1.51176e+06  0.974401  0.468688  0.2436  0 
1.224e+06  1.58863  0.313978  0.397157  2 
1.34376e+06  1.05634  0.378366  0.264084  0 
1.62072e+06  0.93767  0.527269  0.234418  0 
1.21584e+06  1.65281  0.309591  0.413201  2 
1.2636e+06  1.16375  0.335269  0.290938  0 
2.0004e+06  0.889932  0.731398  0.222483  0 
1.89216e+06  0.902717  0.673204  0.225679  0 
1.99032e+06  0.90215  0.725978  0.225537  0 
1.37568e+06  1.03191  0.395527  0.257978  0 
1.66296e+06  0.924799  0.549978  0.2312  0 
1.77312e+06  0.913859  0.609204  0.228465  0 
1.23984e+06  1.41967  0.322495  0.354917  1 
1.4796e+06  0.996772  0.451398  0.249193  0 
1.50144e+06  0.987837  0.46314  0.246959  0 
1.43808e+06  1.00784  0.429075  0.251961  0 
1.52256e+06  0.964876  0.474495  0.241219  0 
1.43592e+06  1.01013  0.427914  0.252533  1 
1.61472e+06  0.948926  0.524043  0.237232  0 
1.188e+06  1.72263  0.294624  0.430658  2 
1.68192e+06  0.91594  0.560172  0.228985  0 
1.32888e+06  1.12865  0.370366  0.282161  1 
1.4112e+06  1.01858  0.414624  0.254645  0 
1.33512e+06  1.16746  0.37372  0.291865  0 
1.27584e+06  1.37579  0.341849  0.343947  0 
1.48752e+06  1.02651  0.455656  0.256627  0 
1.45032e+06  1.0283  0.435656  0.257075  0 
1.37784e+06  1.03527  0.396688  0.258817  0 
1.85112e+06  0.921886  0.65114  0.230471  0 
1.93248e+06  0.917552  0.694882  0.229388  0 
1.6164e+06  0.982291  0.524946  0.245573  0 
1.63656e+06  0.955401  0.535785  0.23885  0 
2.0028e+06  0.89538  0.732688  0.223845  1 
1.41888e+06  1.0305  0.418753  0.257625  0 
1.29168e+06  1.2629  0.350366  0.315724  0 

1.08432e+06  1.94572  0.238882  0.48643  0 
1.9872e+06  0.833461  0.724301  0.208365  0 
1.49184e+06  0.896683  0.457978  0.224171  0 
1.1688e+06  1.18166  0.284301  0.295415  0 
1.36152e+06  0.92796  0.387914  0.23199  0 
1.27608e+06  0.988562  0.341978  0.247141  0 
1.09608e+06  1.49396  0.245204  0.373491  0 
1.23e+06  1.08365  0.317204  0.270912  0 
1.1016e+06  1.42248  0.248172  0.35562  0 
1.20072e+06  1.11938  0.301462  0.279846  0 
1.9356e+06  0.83472  0.696559  0.20868  0 
1.89048e+06  0.836156  0.672301  0.209039  0 
1.2516e+06  1.02714  0.328817  0.256786  0 
1.8408e+06  0.845943  0.645591  0.211486  0 
1.80096e+06  0.848298  0.624172  0.212074  0 
1.1472e+06  1.27681  0.272688  0.319203  0 
1.77744e+06  0.851991  0.611527  0.212998  0 
1.73256e+06  0.85545  0.587398  0.213863  0 
1.70376e+06  0.85977  0.571914  0.214942  0 
1.67688e+06  0.863504  0.557462  0.215876  0 
1.34232e+06  0.955719  0.377591  0.23893  0 
1.65624e+06  0.869345  0.546366  0.217336  0 
1.61832e+06  0.872972  0.525978  0.218243  0 
1.46208e+06  0.90493  0.441978  0.226233  1 
1.31856e+06  0.968921  0.364817  0.24223  0 
1.44024e+06  0.911722  0.430237  0.22793  0 
1.5516e+06  0.881436  0.490108  0.220359  0 
1.26696e+06  1.01191  0.337075  0.252978  0 
1.42056e+06  0.918146  0.419656  0.229537  0 
1.16304e+06  1.26721  0.281204  0.316803  0 
1.35792e+06  0.945466  0.385978  0.236366  0 
1.52688e+06  0.891158  0.476817  0.222789  0 
1.30896e+06  0.983602  0.359656  0.245901  0 
1.34904e+06  0.951303  0.381204  0.237826  0 
1.30104e+06  0.984265  0.355398  0.246066  1 
1.72272e+06  0.855575  0.582108  0.213894  0 
1.40544e+06  0.924767  0.411527  0.231192  0 
1.4904e+06  0.900703  0.457204  0.225176  0 
1.37496e+06  0.92562  0.39514  0.231405  0 
1.51272e+06  0.895081  0.469204  0.22377  0 
1.67568e+06  0.872519  0.556817  0.21813  0 
1.1388e+06  1.58222  0.268172  0.395555  0 
1.88448e+06  0.846422  0.669075  0.211606  0 
1.51536e+06  0.905761  0.470624  0.22644  0 
1.40736e+06  0.936675  0.412559  0.234169  0 
1.12944e+06  1.91272  0.26314  0.47818  0 
1.73304e+06  0.860617  0.587656  0.215154  0 
1.89936e+06  0.837177  0.677075  0.209294  0 
1.43592e+06  0.920546  0.427914  0.230136  0 
1.45704e+06  0.912001  0.439269  0.228  0 
1.73952e+06  0.856701  0.59114  0.214175  0 
1.83744e+06  0.853173  0.643785  0.213293  0 
1.85712e+06  0.851002  0.654366  0.21275  0 
1.314e+06  0.989945  0.362366  0.247486  1 
1.55808e+06  0.888276  0.493591  0.222069  0 
1.51752e+06  0.899115  0.471785  0.224779  0 
1.53552e+06  0.891767  0.481462  0.222942  0 
1.35e+06  0.962483  0.38172  0.240621  0 
1.63848e+06  0.874269  0.536817  0.218567  0 
1.36728e+06  0.940469  0.391011  0.235117  0 
1.76304e+06  0.856432  0.603785  0.214108  0 
1.164e+06  1.32646  0.28172  0.331615  1 
1.8132e+06  0.854179  0.630753  0.213545  0 
1.3668e+06  0.946219  0.390753  0.236555  0 
1.24056e+06  1.16492  0.322882  0.29123  0 
1.33608e+06  0.989496  0.374237  0.247374  0 
1.19592e+06  1.20999  0.298882  0.302497  0 
1.29384e+06  1.04404  0.351527  0.261009  1 
1.46232e+06  0.909234  0.442108  0.227309  0 
1.67064e+06  0.874159  0.554108  0.21854  0 
1.29744e+06  1.00354  0.353462  0.250886  0 
1.26648e+06  1.07039  0.336817  0.267597  0 
1.13352e+06  1.59904  0.265333  0.399761  0 
1.26576e+06  1.10072  0.33643  0.27518  0 
1.7184e+06  0.864439  0.579785  0.21611  0 
1.3416e+06  0.986188  0.377204  0.246547  0 
1.8876e+06  0.846038  0.670753  0.21151  0 
1.34568e+06  0.966686  0.379398  0.241671  0 
1.65408e+06  0.876727  0.545204  0.219182  0 
1.17984e+06  1.59025  0.290237  0.397562  0 
1.64256e+06  0.87992  0.539011  0.21998  0 
1.51944e+06  0.900428  0.472817  0.225107  0 
1.66512e+06  0.874385  0.55114  0.218596  0 
1.97592e+06  0.838449  0.718237  0.209612  0 
1.38216e+06  0.955033  0.399011  0.238758  0 
1.50648e+06  0.90989  0.465849  0.227473  0 
1.43688e+06  0.932871  0.42843  0.233218  0 
1.78704e+06  0.86226  0.616688  0.215565  0 
1.30992e+06  1.01542  0.360172  0.253856  0 
1.26744e+06  1.07146  0.337333  0.267865  0 
1.73064e+06  0.86725  0.586366  0.216812  0 
1.20576e+06  1.28076  0.304172  0.320191  0 
1.53552e+06  0.89315  0.481462  0.223288  0 
1.90344e+06  0.840272  0.679269  0.210068  0 
1.43496e+06  0.953515  0.427398  0.238379  0 
1.23912e+06  1.26207  0.322108  0.315518  0 
1.65168e+06  0.878347  0.543914  0.219587  0 
1.50264e+06  0.911524  0.463785  0.227881  1 
1.24824e+06  1.16506  0.327011  0.291264  0 
1.51752e+06  0.902611  0.471785  0.225653  0 

1.0776e+06  1.94565  0.235269  0.486411  0 
1.92624e+06  0.825644  0.691527  0.206411  0 
1.43016e+06  0.883001  0.424817  0.22075  0 
1.10736e+06  1.26821  0.251269  0.317052  0 
1.27608e+06  0.938253  0.341978  0.234563  0 
1.1628e+06  1.03248  0.281075  0.25812  0 
1.23552e+06  0.964131  0.320172  0.241033  0 
1.82712e+06  0.825796  0.638237  0.206449  0 
1.80168e+06  0.82725  0.624559  0.206813  0 
1.72848e+06  0.833829  0.585204  0.208457  0 
1.21272e+06  0.983108  0.307914  0.245777  0 
1.08456e+06  1.53377  0.239011  0.383441  0 
1.4076e+06  0.893674  0.412688  0.223418  0 
1.08672e+06  1.36044  0.240172  0.340109  0 
1.70088e+06  0.84078  0.570366  0.210195  0 
1.6548e+06  0.842974  0.545591  0.210744  0 
1.38984e+06  0.895126  0.40314  0.223782  0 
1.14696e+06  1.2296  0.272559  0.307399  0 
1.62504e+06  0.849347  0.529591  0.212337  0 
1.60728e+06  0.850978  0.520043  0.212745  0 
1.19784e+06  1.0025  0.299914  0.250625  0 
1.3704e+06  0.908502  0.392688  0.227126  0 
1.14912e+06  1.19478  0.27372  0.298694  0 
1.56936e+06  0.85527  0.499656  0.213818  0 
1.55568e+06  0.859892  0.492301  0.214973  0 
1.35576e+06  0.915267  0.384817  0.228817  0 
1.53768e+06  0.862888  0.482624  0.215722  0 
1.34592e+06  0.920084  0.379527  0.230021  0 
1.5264e+06  0.864843  0.476559  0.216211  0 
1.51464e+06  0.865886  0.470237  0.216472  0 
1.332e+06  0.921566  0.372043  0.230392  0 
1.1364e+06  1.25247  0.266882  0.313117  0 
1.50432e+06  0.867896  0.464688  0.216974  0 
1.49544e+06  0.868888  0.459914  0.217222  0 
1.31832e+06  0.925223  0.364688  0.231306  0 
1.1892e+06  1.01964  0.295269  0.25491  0 
1.26456e+06  0.951877  0.335785  0.237969  0 
1.18152e+06  1.02214  0.29114  0.255535  0 
1.48296e+06  0.873339  0.453204  0.218335  0 
1.29792e+06  0.928645  0.35372  0.232161  0 
1.42128e+06  0.886081  0.420043  0.22152  0 
1.22112e+06  0.977051  0.31243  0.244263  0 
1.27344e+06  0.944119  0.340559  0.23603  0 
1.38648e+06  0.904541  0.401333  0.226135  0 
1.36896e+06  0.909847  0.391914  0.227462  0 
1.4748e+06  0.880083  0.448817  0.220021  1 
1.64496e+06  0.846802  0.540301  0.2117  0 
1.1268e+06  1.26631  0.26172  0.316577  0 
1.46304e+06  0.881226  0.442495  0.220306  0 
1.19424e+06  1.01894  0.297978  0.254735  0 
1.52616e+06  0.865275  0.47643  0.216319  0 
1.29768e+06  0.929806  0.353591  0.232451  0 
1.71192e+06  0.840446  0.576301  0.210111  0 
1.344e+06  0.921405  0.378495  0.230351  0 
1.25616e+06  0.977702  0.331269  0.244426  1 
1.73352e+06  0.84008  0.587914  0.21002  1 
1.18224e+06  1.02629  0.291527  0.256572  0 
1.69536e+06  0.843582  0.567398  0.210896  0 
1.11936e+06  1.29473  0.25772  0.323683  1 
1.39344e+06  0.903512  0.405075  0.225878  0 
1.28064e+06  0.948947  0.34443  0.237237  0 
1.52928e+06  0.867765  0.478108  0.216941  1 
1.4652e+06  0.88297  0.443656  0.220743  0 
1.65864e+06  0.847026  0.547656  0.211757  1 
1.16544e+06  1.21962  0.282495  0.304905  0 
1.6728e+06  0.844421  0.555269  0.211105  0 
1.17576e+06  1.04165  0.288043  0.260413  0 
1.626e+06  0.850169  0.530108  0.212542  0 
1.57464e+06  0.862367  0.502495  0.215592  0 
1.1604e+06  1.23021  0.279785  0.307554  0 
1.60872e+06  0.854843  0.520817  0.213711  1 
1.80816e+06  0.828789  0.628043  0.207197  0 
1.57608e+06  0.859672  0.503269  0.214918  0 
1.404e+06  0.902056  0.410753  0.225514  0 
1.39056e+06  0.906469  0.403527  0.226617  1 
1.40568e+06  0.901621  0.411656  0.225405  0 
1.30848e+06  0.928716  0.359398  0.232179  0 
1.49928e+06  0.871342  0.461978  0.217836  0 
1.99344e+06  0.828754  0.727656  0.207188  1 
1.08624e+06  1.62459  0.239914  0.406148  0 
1.23144e+06  0.979378  0.317978  0.244845  0 
1.32144e+06  0.925406  0.366366  0.231351  1 
1.35672e+06  0.920127  0.385333  0.230032  0 
1.36008e+06  0.915991  0.38714  0.228998  0 
1.10112e+06  1.36187  0.247914  0.340467  0 
1.45224e+06  0.886042  0.436688  0.221511  0 
1.42632e+06  0.901586  0.422753  0.225397  0 
1.66272e+06  0.846483  0.549849  0.211621  0 
1.6128e+06  0.853521  0.523011  0.21338  1 
1.2564e+06  0.975152  0.331398  0.243788  1 
1.58784e+06  0.856802  0.509591  0.2142  1 
1.48632e+06  0.878747  0.455011  0.219687  1 
1.21032e+06  1.01986  0.306624  0.254966  0 
1.13664e+06  1.27006  0.267011  0.317515  1 
1.09272e+06  1.36345  0.243398  0.340862  0 
1.3572e+06  0.919594  0.385591  0.229898  0 
1.21464e+06  0.988782  0.308946  0.247195  1 
1.11672e+06  1.34801  0.256301  0.337001  1 
1.74576e+06  0.836601  0.594495  0.20915  1 
1.72872e+06  0.840297  0.585333  0.210074  1 

1.02408e+06  1.82299  0.206495  0.455748  0 
1.89312e+06  0.816976  0.67372  0.204244  0 
1.4436e+06  0.867271  0.432043  0.216818  0 
1.10472e+06  1.11792  0.249849  0.27948  0 
1.33704e+06  0.890442  0.374753  0.222611  0 
1.24296e+06  0.926011  0.324172  0.231503  0 
1.17936e+06  0.955011  0.289978  0.238753  0 
1.05528e+06  1.38696  0.223269  0.346741  0 
1.13664e+06  1.03618  0.267011  0.259045  0 
1.0752e+06  1.2813  0.233978  0.320325  0 
1.87104e+06  0.819177  0.661849  0.204794  0 
1.84824e+06  0.820258  0.649591  0.205064  0 
1.81632e+06  0.821909  0.63243  0.205477  0 
1.78008e+06  0.822535  0.612946  0.205634  0 
1.11744e+06  1.05472  0.256688  0.26368  0 
1.72176e+06  0.828408  0.581591  0.207102  0 
1.68768e+06  0.831618  0.563269  0.207904  0 
1.08936e+06  1.11879  0.241591  0.279698  0 
1.59984e+06  0.834634  0.516043  0.208658  0 
1.3188e+06  0.8953  0.364946  0.223825  0 
1.5852e+06  0.84149  0.508172  0.210373  0 
1.30776e+06  0.900951  0.359011  0.225238  0 
1.56624e+06  0.844389  0.497978  0.211097  0 
1.2192e+06  0.932248  0.311398  0.233062  0 
1.4292e+06  0.868887  0.424301  0.217222  0 
1.55568e+06  0.846806  0.492301  0.211702  0 
1.16904e+06  1.01586  0.28443  0.253965  0 
1.284e+06  0.906025  0.346237  0.226506  0 
1.41648e+06  0.871011  0.417462  0.217753  0 
1.17072e+06  0.988531  0.285333  0.247133  0 
1.52784e+06  0.849139  0.477333  0.212285  0 
1.15536e+06  1.01838  0.277075  0.254595  0 
1.49184e+06  0.849789  0.457978  0.212447  0 
1.04472e+06  1.80576  0.217591  0.451441  0 
1.07976e+06  1.26553  0.23643  0.316383  0 
1.212e+06  0.935949  0.307527  0.233987  0 
1.20144e+06  0.939823  0.301849  0.234956  0 
1.40712e+06  0.875666  0.41243  0.218917  0 
1.4004e+06  0.876485  0.408817  0.219121  0 
1.19448e+06  0.941096  0.298108  0.235274  0 
1.38936e+06  0.877199  0.402882  0.2193  0 
1.37328e+06  0.877832  0.394237  0.219458  0 
1.47912e+06  0.854727  0.45114  0.213682  0 
1.18608e+06  0.942942  0.293591  0.235736  0 
1.06416e+06  1.37511  0.228043  0.343778  0 
1.05888e+06  1.37522  0.225204  0.343805  0 
1.03968e+06  1.80637  0.214882  0.451592  0 
1.3656e+06  0.880239  0.390108  0.22006  0 
1.27872e+06  0.916512  0.343398  0.229128  0 
1.3608e+06  0.881472  0.387527  0.220368  0 
1.35408e+06  0.882079  0.383914  0.22052  0 
1.2624e+06  0.917925  0.334624  0.229481  0 
1.17336e+06  0.981269  0.286753  0.245317  0 
1.764e+06  0.823249  0.604301  0.205812  0 
1.25784e+06  0.921725  0.332172  0.230431  0 
1.23624e+06  0.928473  0.320559  0.232118  0 
1.47576e+06  0.863554  0.449333  0.215888  0 
1.47768e+06  0.860398  0.450366  0.2151  0 
1.31376e+06  0.89801  0.362237  0.224503  0 
1.45512e+06  0.864685  0.438237  0.216171  0 
1.5528e+06  0.84686  0.490753  0.211715  0 
1.0884e+06  1.26293  0.241075  0.315734  0 
1.15392e+06  1.03428  0.276301  0.25857  0 
1.5792e+06  0.842563  0.504946  0.210641  0 
1.59576e+06  0.83972  0.513849  0.20993  0 
1.71384e+06  0.82995  0.577333  0.207488  0 
1.37016e+06  0.878589  0.392559  0.219647  0 
1.0848e+06  1.26406  0.23914  0.316014  0 
1.3476e+06  0.889072  0.38043  0.222268  0 
1.83072e+06  0.82055  0.640172  0.205137  0 
1.03464e+06  1.82167  0.212172  0.455418  0 
1.27584e+06  0.916678  0.341849  0.229169  0 
1.57608e+06  0.843239  0.503269  0.21081  0 
1.416e+06  0.871455  0.417204  0.217864  0 
1.25736e+06  0.924121  0.331914  0.23103  0 
1.36488e+06  0.880521  0.38972  0.22013  0 
1.16712e+06  1.0175  0.283398  0.254376  0 
1.36872e+06  0.87944  0.391785  0.21986  0 
1.40328e+06  0.87575  0.410366  0.218938  0 
1.45344e+06  0.866685  0.437333  0.216671  0 
1.4352e+06  0.868312  0.427527  0.217078  0 
1.13376e+06  1.05422  0.265462  0.263555  0 
1.39464e+06  0.876799  0.40572  0.2192  0 
1.34568e+06  0.890097  0.379398  0.222524  0 
1.42392e+06  0.870727  0.421462  0.217682  0 
1.4232e+06  0.870774  0.421075  0.217694  0 
1.24872e+06  0.925807  0.327269  0.231452  0 
1.56072e+06  0.846627  0.495011  0.211657  0 
1.34088e+06  0.890281  0.376817  0.22257  0 
1.20144e+06  0.939823  0.301849  0.234956  0 
1.16904e+06  1.01586  0.28443  0.253965  0 
1.47912e+06  0.854727  0.45114  0.213682  0 
1.09272e+06  1.78009  0.243398  0.445022  0 
1.78416e+06  0.845741  0.61514  0.211435  0 
1.09584e+06  1.25165  0.245075  0.312912  0 
1.12896e+06  1.05643  0.262882  0.264108  0 
1.1808e+06  0.984257  0.290753  0.246064  0 
1.1784e+06  1.015  0.289462  0.25375  0 
1.22064e+06  0.976532  0.312172  0.244133  0 
1.20096e+06  0.980192  0.301591  0.245048  0 

998160  1.59913  0.192559  0.399782  0 
1.74192e+06  0.81375  0.59243  0.203438  0 
1.39896e+06  0.867486  0.408043  0.216871  0 
1.11792e+06  1.01254  0.256946  0.253136  0 
1.0224e+06  1.42718  0.205591  0.356794  0 
1.04856e+06  1.25961  0.219656  0.314903  0 
1.33824e+06  0.881593  0.375398  0.220398  0 
1.28112e+06  0.895737  0.344688  0.223934  0 
1.06896e+06  1.1026  0.230624  0.27565  0 
1.23312e+06  0.919701  0.318882  0.229925  0 
1.19568e+06  0.937447  0.298753  0.234362  0 
1.08504e+06  1.0441  0.239269  0.261025  0 
1.7148e+06  0.816998  0.577849  0.204249  0 
1.00056e+06  1.50456  0.193849  0.376139  0 
1.68768e+06  0.820973  0.563269  0.205243  0 
1.17576e+06  0.954201  0.288043  0.23855  0 
1.66464e+06  0.825862  0.550882  0.206465  0 
1.64088e+06  0.828718  0.538108  0.20718  0 
1.61976e+06  0.829387  0.526753  0.207347  0 
1.60344e+06  0.830235  0.517978  0.207559  0 
1.58232e+06  0.835922  0.506624  0.208981  0 
1.1616e+06  0.982787  0.28043  0.245697  0 
1.55184e+06  0.838961  0.490237  0.20974  0 
1.14504e+06  0.989883  0.271527  0.247471  0 
1.54104e+06  0.845774  0.48443  0.211444  0 
1.51848e+06  0.846427  0.472301  0.211607  0 
1.07568e+06  1.06598  0.234237  0.266495  0 
1.03944e+06  1.3776  0.214753  0.344401  0 
1.50048e+06  0.847974  0.462624  0.211994  0 
1.49184e+06  0.849789  0.457978  0.212447  0 
1.4844e+06  0.852261  0.453978  0.213065  0 
1.18608e+06  0.93917  0.293591  0.234793  0 
1.0416e+06  1.34814  0.215914  0.337034  0 
1.47024e+06  0.85335  0.446366  0.213338  0 
1.33152e+06  0.882041  0.371785  0.22051  0 
1.39032e+06  0.867967  0.403398  0.216992  0 
1.10592e+06  1.03149  0.250495  0.257874  0 
1.2696e+06  0.907758  0.338495  0.22694  0 
1.45224e+06  0.855757  0.436688  0.213939  0 
1.3212e+06  0.884645  0.366237  0.221161  0 
1.16472e+06  0.971877  0.282108  0.242969  0 
1.3836e+06  0.873369  0.399785  0.218342  0 
1.26552e+06  0.911775  0.336301  0.227944  0 
1.26048e+06  0.911919  0.333591  0.22798  0 
1.22712e+06  0.929668  0.315656  0.232417  0 
1.36752e+06  0.874455  0.39114  0.218614  0 
1.25616e+06  0.912991  0.331269  0.228248  0 
1.43736e+06  0.861234  0.428688  0.215308  0 
1.08216e+06  1.05866  0.23772  0.264666  0 
1.43352e+06  0.861366  0.426624  0.215341  0 
1.13232e+06  1.00658  0.264688  0.251646  0 
1.2168e+06  0.931606  0.310108  0.232901  0 
1.31184e+06  0.890425  0.361204  0.222606  0 
1.01976e+06  1.49969  0.204172  0.374923  0 
1.42488e+06  0.862765  0.421978  0.215691  0 
1.3632e+06  0.877194  0.388817  0.219299  0 
1.20432e+06  0.933264  0.303398  0.233316  0 
1.04616e+06  1.34459  0.218366  0.336148  0 
1.25352e+06  0.91654  0.329849  0.229135  0 
1.30752e+06  0.892626  0.358882  0.223157  0 
1.45032e+06  0.858196  0.435656  0.214549  0 
1.248e+06  0.916979  0.326882  0.229245  0 
1.24128e+06  0.917068  0.323269  0.229267  0 
1.6788e+06  0.823302  0.558495  0.205825  0 
1.356e+06  0.879106  0.384946  0.219776  0 
1.65312e+06  0.82657  0.544688  0.206643  0 
1.08408e+06  1.05005  0.238753  0.262513  0 
1.07472e+06  1.08826  0.23372  0.272066  0 
1.01112e+06  1.50253  0.199527  0.375633  0 
1.45128e+06  0.856175  0.436172  0.214044  0 
1.3536e+06  0.879647  0.383656  0.219912  0 
1.49736e+06  0.848072  0.460946  0.212018  0 
1.15992e+06  0.988172  0.279527  0.247043  0 
1.46544e+06  0.854128  0.443785  0.213532  0 
1.2252e+06  0.930042  0.314624  0.232511  0 
1.32888e+06  0.883133  0.370366  0.220783  0 
1.14384e+06  1.00514  0.270882  0.251284  0 
1.34112e+06  0.88017  0.376946  0.220043  0 
1.17456e+06  0.97052  0.287398  0.24263  0 
1.404e+06  0.866132  0.410753  0.216533  0 
1.71288e+06  0.819641  0.576817  0.20491  0 
1.5912e+06  0.834732  0.511398  0.208683  0 
1.29888e+06  0.894617  0.354237  0.223654  0 
1.20072e+06  0.936361  0.301462  0.23409  0 
1.512e+06  0.846962  0.468817  0.21174  0 
1.6728e+06  0.824978  0.555269  0.206244  0 
1.23984e+06  0.918834  0.322495  0.229708  0 
1.1568e+06  0.989047  0.277849  0.247262  0 
1.49064e+06  0.851515  0.457333  0.212879  0 
1.18416e+06  0.95347  0.292559  0.238367  0 
1.12896e+06  1.01182  0.262882  0.252956  0 
1.53432e+06  0.845788  0.480817  0.211447  0 
1.1832e+06  0.953583  0.292043  0.238396  0 
1.7088e+06  0.820384  0.574624  0.205096  0 
1.27824e+06  0.907206  0.34314  0.226802  0 
1.13208e+06  1.00968  0.264559  0.25242  0 
1.0992e+06  1.04361  0.246882  0.260903  0 
1.05432e+06  1.25937  0.222753  0.314841  0 
1.05432e+06  1.25937  0.222753  0.314841  0 
1.08216e+06  1.05866  0.23772  0.264666  0 

984720  1.74489  0.185333  0.436222  0 
1.9992e+06  0.792962  0.730753  0.198241  0 
1.56552e+06  0.824227  0.497591  0.206057  0 
1.18104e+06  0.931224  0.290882  0.232806  0 
1.00704e+06  1.38164  0.197333  0.34541  0 
1.0476e+06  1.10782  0.21914  0.276955  0 
1.13136e+06  0.998612  0.264172  0.249653  0 
1.52088e+06  0.843773  0.473591  0.210943  0 
1.08816e+06  1.02449  0.240946  0.256124  0 
1.48176e+06  0.849001  0.452559  0.21225  0 
1.44552e+06  0.856294  0.433075  0.214074  0 
1.41288e+06  0.859865  0.415527  0.214966  0 
1.38e+06  0.866876  0.397849  0.216719  0 
1.3524e+06  0.8746  0.383011  0.21865  0 
1.32144e+06  0.882124  0.366366  0.220531  0 
1.15752e+06  0.953198  0.278237  0.238299  0 
1.02768e+06  1.32458  0.20843  0.331146  0 
1.2972e+06  0.890696  0.353333  0.222674  0 
1.06704e+06  1.06782  0.229591  0.266955  0 
989520  1.55091  0.187914  0.387726  0 
990480  1.50023  0.18843  0.375058  0 
1.28088e+06  0.895268  0.344559  0.223817  0 
1.25688e+06  0.902932  0.331656  0.225733  0 
1.9848e+06  0.797231  0.723011  0.199308  0 
1.0356e+06  1.29409  0.212688  0.323521  0 
1.94856e+06  0.80118  0.703527  0.200295  0 
1.24632e+06  0.908014  0.325978  0.227004  0 
1.9104e+06  0.802859  0.683011  0.200715  0 
1.07856e+06  1.04694  0.235785  0.261736  0 
1.122e+06  1.00428  0.25914  0.25107  0 
1.13664e+06  0.980129  0.267011  0.245032  0 
1.89e+06  0.80579  0.672043  0.201448  0 
1.23168e+06  0.912851  0.318108  0.228213  0 
1.54728e+06  0.82553  0.487785  0.206383  0 
1.85136e+06  0.806732  0.651269  0.201683  0 
1.05912e+06  1.07349  0.225333  0.268371  0 
1.82904e+06  0.808076  0.639269  0.202019  0 
1.7628e+06  0.810055  0.603656  0.202514  0 
1.0212e+06  1.34152  0.204946  0.33538  0 
1.11456e+06  1.01073  0.25514  0.252682  0 
1.75128e+06  0.810805  0.597462  0.202701  0 
1.21848e+06  0.919502  0.311011  0.229875  0 
1.06968e+06  1.05613  0.231011  0.264033  0 
1.05408e+06  1.09441  0.222624  0.273603  0 
1.74192e+06  0.81375  0.59243  0.203438  0 
1.10808e+06  1.01422  0.251656  0.253555  0 
1.73352e+06  0.815748  0.587914  0.203937  0 
1.72536e+06  0.815952  0.583527  0.203988  0 
1.70592e+06  0.816508  0.573075  0.204127  0 
1.66224e+06  0.817218  0.549591  0.204304  0 
1.21104e+06  0.924388  0.307011  0.231097  0 
1.62768e+06  0.817778  0.531011  0.204445  0 
1.37424e+06  0.868242  0.394753  0.217061  0 
1.61904e+06  0.817879  0.526366  0.20447  0 
1.27248e+06  0.89685  0.340043  0.224212  0 
1.3464e+06  0.876201  0.379785  0.21905  0 
1.40424e+06  0.861158  0.410882  0.21529  0 
1.1784e+06  0.932668  0.289462  0.233167  0 
1.16784e+06  0.947646  0.283785  0.236911  0 
1.0392e+06  1.28864  0.214624  0.322161  0 
1.3404e+06  0.877129  0.376559  0.219282  0 
1.45872e+06  0.851347  0.440172  0.212837  0 
1.61328e+06  0.819326  0.523269  0.204832  0 
1.00488e+06  1.49544  0.196172  0.373861  0 
1.20912e+06  0.925803  0.305978  0.231451  0 
1.27056e+06  0.898626  0.339011  0.224656  0 
1.59912e+06  0.820125  0.515656  0.205031  0 
1.50456e+06  0.844958  0.464817  0.211239  0 
1.19712e+06  0.92766  0.299527  0.231915  0 
1.30896e+06  0.887226  0.359656  0.221807  0 
1.01664e+06  1.37845  0.202495  0.344614  0 
1.49232e+06  0.846057  0.458237  0.211514  0 
1.33776e+06  0.879198  0.37514  0.2198  0 
1.36272e+06  0.871693  0.388559  0.217923  0 
1.08504e+06  1.0441  0.239269  0.261025  0 
1.28976e+06  0.892856  0.349333  0.223214  0 
1.1196e+06  1.00841  0.257849  0.252102  0 
1.10592e+06  1.02224  0.250495  0.255559  0 
1.35696e+06  0.87249  0.385462  0.218123  0 
1.32048e+06  0.883427  0.365849  0.220857  0 
1.0776e+06  1.05148  0.235269  0.262869  0 
1.01568e+06  1.37964  0.201978  0.34491  0 
1.19376e+06  0.929276  0.29772  0.232319  0 
1.54392e+06  0.841949  0.485978  0.210487  0 
1.9056e+06  0.804036  0.68043  0.201009  0 
1.41936e+06  0.858227  0.419011  0.214557  0 
1.16328e+06  0.951633  0.281333  0.237908  0 
1.10736e+06  1.01447  0.251269  0.253617  0 
1.00632e+06  1.40499  0.196946  0.351249  0 
1.35144e+06  0.874968  0.382495  0.218742  0 
1.23048e+06  0.918283  0.317462  0.229571  0 
1.38936e+06  0.865743  0.402882  0.216436  0 
1.5288e+06  0.842972  0.477849  0.210743  0 
1.28856e+06  0.894494  0.348688  0.223624  0 
1.21008e+06  0.925032  0.306495  0.231258  0 
1.3068e+06  0.890006  0.358495  0.222501  0 
1.33584e+06  0.88144  0.374108  0.22036  0 
1.2492e+06  0.907402  0.327527  0.226851  0 
1.2384e+06  0.912287  0.32172  0.228072  0 
1.28184e+06  0.894705  0.345075  0.223676  0 

