5.01177e+07  4.82418e+07  26.6009  1.20605e+07  0 
9.35631e+13  9.35631e+13  5.03027e+07  2.33908e+13  0 
2.49904e+07  2.29319e+07  13.0916  5.73297e+06  0 
2.8747e+13  2.8747e+13  1.54554e+07  7.18675e+12  0 
4.48292e+07  4.28391e+07  23.7576  1.07098e+07  0 
4.36064e+07  4.16492e+07  23.1002  1.04123e+07  0 
1.1458e+14  1.1458e+14  6.16024e+07  2.86451e+13  0 
5.08979e+07  4.90645e+07  27.0204  1.22661e+07  0 
9.10549e+07  8.90046e+07  48.6102  2.22512e+07  0 
1.69544e+14  1.69544e+14  9.11526e+07  4.23859e+13  0 
9.60379e+07  9.40019e+07  51.2892  2.35005e+07  0 
7.03268e+07  6.83881e+07  37.466  1.7097e+07  0 
2.35391e+07  2.15159e+07  12.3114  5.37899e+06  0 
5.19277e+07  4.99424e+07  27.574  1.24856e+07  0 
2.39999e+13  2.39999e+13  1.29032e+07  5.99997e+12  0 
7.77906e+07  7.59438e+07  41.4788  1.89859e+07  0 
4.24099e+07  4.0453e+07  22.457  1.01132e+07  0 
5.88982e+07  5.69657e+07  31.3216  1.42414e+07  0 
5.19616e+07  4.99233e+07  27.5923  1.24808e+07  0 
4.97817e+07  4.78747e+07  26.4203  1.19687e+07  0 
4.43039e+07  4.23683e+07  23.4752  1.05921e+07  0 
4.75812e+07  4.55326e+07  25.2372  1.13831e+07  0 
7.80931e+07  7.62309e+07  41.6414  1.90577e+07  0 
8.33449e+07  8.16143e+07  44.465  2.04036e+07  0 
5.89651e+07  5.69782e+07  31.3576  1.42445e+07  0 
4.74136e+07  4.56661e+07  25.1471  1.14165e+07  0 
5.94941e+13  5.94941e+13  3.19861e+07  1.48735e+13  0 
4.66224e+07  4.46986e+07  24.7217  1.11746e+07  0 
4.97597e+07  4.76427e+07  26.4085  1.19107e+07  0 
5.04666e+07  4.85673e+07  26.7885  1.21418e+07  0 
4.1757e+07  3.97839e+07  22.1059  9.94598e+06  0 
1.02752e+08  1.00931e+08  54.899  2.52327e+07  0 
5.38591e+07  5.19888e+07  28.6124  1.29972e+07  0 
1.18625e+14  1.18625e+14  6.37767e+07  2.96561e+13  0 
4.87007e+13  4.87007e+13  2.61832e+07  1.21752e+13  0 
1.57143e+13  1.57143e+13  8.44855e+06  3.92858e+12  0 
5.65782e+07  5.45806e+07  30.0743  1.36452e+07  0 
5.17417e+07  4.98085e+07  27.474  1.24521e+07  0 
4.30907e+07  4.10151e+07  22.8229  1.02538e+07  0 
5.65319e+07  5.44782e+07  30.0494  1.36195e+07  0 
5.28904e+07  5.11624e+07  28.0916  1.27906e+07  0 
4.64145e+07  4.44071e+07  24.6099  1.11018e+07  0 
1.47147e+14  1.47147e+14  7.91114e+07  3.67868e+13  0 
4.84424e+07  4.65207e+07  25.7002  1.16302e+07  0 
4.78996e+07  4.59524e+07  25.4084  1.14881e+07  0 
8.59356e+07  8.38414e+07  45.8579  2.09604e+07  0 
8.39313e+07  8.19659e+07  44.7803  2.04915e+07  0 
2.15222e+07  1.93745e+07  11.227  4.84362e+06  0 
9.09335e+13  9.09335e+13  4.8889e+07  2.27334e+13  0 
3.56145e+13  3.56145e+13  1.91476e+07  8.90362e+12  0 
5.08901e+07  4.89221e+07  27.0162  1.22305e+07  0 
1.07239e+14  1.07239e+14  5.76555e+07  2.68098e+13  0 
8.09839e+07  7.9044e+07  43.1956  1.9761e+07  0 
5.27005e+07  5.08616e+07  27.9895  1.27154e+07  0 
6.64376e+07  6.43781e+07  35.375  1.60945e+07  0 
6.42923e+07  6.23327e+07  34.2217  1.55832e+07  0 
1.13998e+13  1.13998e+13  6.12893e+06  2.84995e+12  0 
4.90762e+07  4.7114e+07  26.041  1.17785e+07  0 
5.7596e+07  5.58092e+07  30.6215  1.39523e+07  0 
4.2947e+07  4.09245e+07  22.7457  1.02311e+07  0 
1.85351e+13  1.85351e+13  9.96511e+06  4.63377e+12  0 
2.51523e+14  2.51523e+14  1.35228e+08  6.28808e+13  0 
4.93541e+07  4.7329e+07  26.1904  1.18323e+07  0 
5.49909e+07  5.30664e+07  29.2209  1.32666e+07  0 
1.92605e+13  1.92605e+13  1.03551e+07  4.81512e+12  0 
2.23919e+07  2.04606e+07  11.6946  5.11515e+06  0 
5.294e+12  5.29399e+12  2.84623e+06  1.3235e+12  0 
4.74325e+07  4.54921e+07  25.1572  1.1373e+07  0 
5.60739e+07  5.39619e+07  29.8032  1.34905e+07  0 
6.5793e+07  6.37983e+07  35.0285  1.59496e+07  0 
4.17052e+13  4.17052e+13  2.24221e+07  1.04263e+13  0 
4.32088e+07  4.13106e+07  22.8864  1.03277e+07  0 
4.4707e+07  4.27405e+07  23.6919  1.06851e+07  0 
5.07543e+07  4.8942e+07  26.9432  1.22355e+07  0 
4.55467e+07  4.34899e+07  24.1434  1.08725e+07  0 
5.40896e+07  5.20834e+07  28.7363  1.30209e+07  0 
1.35214e+14  1.35214e+14  7.26957e+07  3.38035e+13  0 
7.23014e+07  7.03154e+07  38.5276  1.75789e+07  0 
6.75856e+12  6.75856e+12  3.63363e+06  1.68964e+12  0 
1.83519e+14  1.83519e+14  9.86662e+07  4.58798e+13  0 
1.52976e+14  1.52976e+14  8.22451e+07  3.8244e+13  0 
2.07832e+07  1.86266e+07  10.8297  4.65665e+06  0 
2.48843e+07  2.27006e+07  13.0346  5.67514e+06  0 
4.75361e+07  4.56891e+07  25.213  1.14223e+07  0 
6.46741e+07  6.26171e+07  34.427  1.56543e+07  0 
5.22483e+07  5.02114e+07  27.7464  1.25529e+07  0 
8.63002e+07  8.42256e+07  46.0539  2.10564e+07  0 
9.27979e+13  9.27979e+13  4.98913e+07  2.31995e+13  0 
1.05357e+14  1.05357e+14  5.66438e+07  2.63394e+13  0 
2.85785e+07  2.66477e+07  15.0207  6.66193e+06  0 
5.76668e+13  5.76668e+13  3.10037e+07  1.44167e+13  0 
2.0682e+14  2.0682e+14  1.11193e+08  5.17049e+13  0 
4.22702e+07  4.03022e+07  22.3818  1.00755e+07  0 
4.9288e+07  4.74645e+07  26.1549  1.18661e+07  0 
2.5872e+07  2.3939e+07  13.5656  5.98476e+06  0 
2.77073e+14  2.77073e+14  1.48964e+08  6.92682e+13  0 
4.79583e+07  4.60371e+07  25.4399  1.15093e+07  0 
4.39449e+07  4.1824e+07  23.2822  1.0456e+07  0 
3.19772e+07  3.01439e+07  16.848  7.53597e+06  0 
5.19262e+07  5.00703e+07  27.5732  1.25176e+07  0 

1.36872e+06  1.44547  0.391785  0.361368  0 
2.45616e+06  0.933603  0.97643  0.233401  0 
2.89673e+06  940970  1.21329  235242  1 
3.3374e+06  1.193e+06  1.45022  298251  2 
3.73894e+06  1.76159e+06  1.6661  440396  3 
7.61414e+06  5.31423e+06  3.74954  1.32856e+06  4 
7.80225e+06  5.50281e+06  3.85067  1.3757e+06  5 
8.57093e+06  6.39461e+06  4.26394  1.59865e+06  6 
9.31698e+06  7.37466e+06  4.66504  1.84366e+06  8 
1.30194e+07  1.10387e+07  6.65561  2.75968e+06  12 
1.45569e+07  1.24089e+07  7.48223  3.10224e+06  13 
1.50853e+07  1.29537e+07  7.76631  3.23842e+06  14 
1.68943e+07  1.47893e+07  8.73888  3.69732e+06  22 
2.18151e+07  1.96582e+07  11.3844  4.91455e+06  37 
2.61339e+07  2.38004e+07  13.7064  5.9501e+06  47 
4.09194e+07  3.87731e+07  21.6556  9.69327e+06  57 
4.14709e+07  3.95334e+07  21.9521  9.88335e+06  61 
4.67506e+07  4.46583e+07  24.7906  1.11646e+07  71 
2.24923e+07  2.02935e+07  11.7486  5.07337e+06  40 
4.11243e+07  3.89363e+07  21.7658  9.73407e+06  58 
3.00431e+07  2.77336e+07  15.8081  6.93339e+06  51 
4.07887e+07  3.86947e+07  21.5853  9.67368e+06  55 
3.38207e+07  3.17306e+07  17.8391  7.93264e+06  53 
1.6698e+07  1.44105e+07  8.63332  3.60263e+06  21 
2.14084e+07  1.94164e+07  11.1658  4.85411e+06  36 
1.73392e+07  1.52212e+07  8.97805  3.80529e+06  23 
4.65092e+07  4.43996e+07  24.6609  1.10999e+07  70 
4.82631e+07  4.60457e+07  25.6038  1.15114e+07  77 
1.87662e+07  1.65891e+07  9.74526  4.14729e+06  27 
4.27409e+07  4.07136e+07  22.6349  1.01784e+07  63 
1.91332e+07  1.72346e+07  9.94257  4.30864e+06  28 
2.39855e+07  2.19143e+07  12.5514  5.47858e+06  45 
2.39256e+07  2.18715e+07  12.5192  5.46787e+06  44 
2.31481e+07  2.09735e+07  12.1012  5.24338e+06  42 
2.05047e+07  1.83349e+07  10.6799  4.58371e+06  33 
1.99543e+07  1.76608e+07  10.384  4.4152e+06  31 
4.08196e+07  3.87539e+07  21.6019  9.68847e+06  56 
4.63342e+07  4.42666e+07  24.5668  1.10667e+07  67 
4.72625e+07  4.5145e+07  25.0658  1.12862e+07  74 
1.7954e+07  1.59526e+07  9.30858  3.98815e+06  24 
2.80246e+07  2.58857e+07  14.7229  6.47143e+06  49 
9.34117e+06  7.18645e+06  4.67805  1.79661e+06  8 
3.64014e+07  3.42688e+07  19.2266  8.56719e+06  54 
4.71983e+07  4.51365e+07  25.0314  1.12841e+07  73 
1.63754e+07  1.42665e+07  8.4599  3.56663e+06  17 
1.21411e+07  1.00764e+07  6.1834  2.5191e+06  11 
1.93187e+07  1.71251e+07  10.0423  4.28127e+06  28 
4.78842e+07  4.57311e+07  25.4001  1.14328e+07  75 
1.65553e+07  1.4385e+07  8.55662  3.59625e+06  20 
2.40154e+07  2.18324e+07  12.5674  5.45809e+06  44 
2.02086e+07  1.81674e+07  10.5207  4.54184e+06  32 
1.81752e+07  1.59605e+07  9.42754  3.99013e+06  25 
2.05168e+07  1.84034e+07  10.6865  4.60085e+06  34 
4.1248e+07  3.90503e+07  21.8322  9.76257e+06  59 
2.10652e+07  1.87343e+07  10.9813  4.68358e+06  35 
1.97208e+07  1.76782e+07  10.2585  4.41954e+06  31 
4.71307e+07  4.52047e+07  24.995  1.13012e+07  73 
1.84384e+07  1.63559e+07  9.56905  4.08899e+06  26 
5.0942e+07  4.89865e+07  27.0441  1.22466e+07  79 
6.67298e+07  6.47404e+07  35.5321  1.61851e+07  81 
4.3561e+07  4.14682e+07  23.0758  1.0367e+07  65 
2.27821e+07  2.05806e+07  11.9043  5.14514e+06  41 
2.74015e+07  2.55149e+07  14.3879  6.37872e+06  48 
1.12278e+07  9.21705e+06  5.69235  2.30426e+06  10 
1.71819e+07  1.52343e+07  8.8935  3.80858e+06  23 
4.33466e+07  4.11976e+07  22.9605  1.02994e+07  64 
1.95274e+07  1.76587e+07  10.1545  4.41468e+06  30 
4.2111e+07  3.99347e+07  22.2962  9.98367e+06  62 
2.20636e+07  2.00896e+07  11.5181  5.0224e+06  38 
7.94002e+07  7.72323e+07  42.3442  1.93081e+07  80 
2.09483e+07  1.87821e+07  10.9184  4.69552e+06  35 
1.6525e+07  1.43652e+07  8.54032  3.59131e+06  19 
4.64384e+07  4.43519e+07  24.6228  1.1088e+07  69 
1.94987e+07  1.72194e+07  10.1391  4.30485e+06  29 
1.9291e+07  1.72188e+07  10.0274  4.3047e+06  28 
1.62834e+07  1.40421e+07  8.41044  3.51051e+06  16 
5.55129e+07  5.36354e+07  29.5016  1.34088e+07  80 
2.32784e+07  2.12206e+07  12.1712  5.30516e+06  43 
4.08825e+07  3.88641e+07  21.6358  9.71603e+06  57 
4.68776e+07  4.49838e+07  24.8589  1.12459e+07  72 
1.07764e+07  8.71292e+06  5.4497  2.17823e+06  9 
2.24614e+07  2.02762e+07  11.7319  5.06905e+06  39 
8.28274e+07  8.06506e+07  44.1868  2.01627e+07  85 
4.12657e+07  3.91897e+07  21.8418  9.79742e+06  60 
4.38148e+07  4.15965e+07  23.2123  1.03991e+07  66 
3.23531e+07  3.01691e+07  17.05  7.54227e+06  52 
4.97514e+07  4.75511e+07  26.404  1.18878e+07  78 
1.13733e+07  9.10527e+06  5.77057  2.27632e+06  10 
2.27961e+07  2.04949e+07  11.9119  5.12373e+06  41 
1.10134e+07  8.68997e+06  5.5771  2.17249e+06  9 
1.63999e+07  1.43207e+07  8.47305  3.58019e+06  18 
4.78866e+07  4.58133e+07  25.4014  1.14533e+07  76 
1.60602e+07  1.38457e+07  8.29041  3.46142e+06  15 
5.11072e+07  4.89508e+07  27.1329  1.22377e+07  79 
2.9755e+07  2.76041e+07  15.6532  6.90103e+06  50 
1.66974e+07  1.48146e+07  8.63299  3.70364e+06  21 
2.50749e+07  2.29247e+07  13.137  5.73118e+06  46 
4.63909e+07  4.43423e+07  24.5973  1.10856e+07  68 
4.65006e+07  4.44868e+07  24.6562  1.11217e+07  70 
8.70834e+06  6.6033e+06  4.33782  1.65083e+06  7 

1.21296e+06  1.71914  0.308043  0.429785  0 
2.32512e+06  0.913021  0.905978  0.228255  0 
1.96632e+06  1.0931  0.713075  0.273274  0 
1.73304e+06  1.23756  0.587656  0.309389  0 
1.85088e+06  1.15797  0.651011  0.289492  0 
1.78656e+06  1.58214  0.61643  0.395534  1 
1.74216e+06  2.1755  0.592559  0.543874  1 
1.87776e+06  1.37287  0.665462  0.343218  1 
2.21952e+06  1.20612  0.849204  0.301531  1 
2.05944e+06  1.21163  0.76314  0.302908  1 
1.87584e+06  1.62618  0.66443  0.406545  2 
1.794e+06  1.89214  0.62043  0.473034  2 
2.27232e+06  2.0953  0.877591  0.523826  3 
2.13288e+06  2.17141  0.802624  0.542851  3 
2.34222e+06  57664  0.915173  14416  4 
2.60322e+06  359699  1.05549  89924.7  5 
2.63098e+06  495458  1.07042  123864  6 
2.74848e+06  468725  1.13359  117181  6 
2.75167e+06  819429  1.13531  204857  7 
3.06993e+06  926736  1.30642  231684  8 
3.98062e+06  1.80262e+06  1.79603  450656  9 
5.32997e+06  2.95325e+06  2.52149  738312  10 
4.96987e+06  3.01531e+06  2.32789  753828  10 
5.39165e+06  3.13109e+06  2.55465  782772  12 
5.40595e+06  3.10748e+06  2.56234  776869  12 
6.15276e+06  4.18044e+06  2.96385  1.04511e+06  13 
6.28868e+06  4.21221e+06  3.03693  1.05305e+06  14 
6.83835e+06  4.65364e+06  3.33245  1.16341e+06  15 
6.98867e+06  4.78451e+06  3.41326  1.19613e+06  16 
7.07652e+06  4.66381e+06  3.4605  1.16595e+06  16 
7.19503e+06  4.88527e+06  3.52421  1.22132e+06  17 
7.25296e+06  5.00776e+06  3.55535  1.25194e+06  18 
7.49362e+06  5.31635e+06  3.68474  1.32909e+06  20 
7.81803e+06  5.5918e+06  3.85916  1.39795e+06  21 
7.69848e+06  5.61168e+06  3.79488  1.40292e+06  21 
8.42482e+06  6.09803e+06  4.18539  1.52451e+06  23 
8.62573e+06  6.64886e+06  4.29341  1.66221e+06  24 
9.10958e+06  6.93806e+06  4.55354  1.73452e+06  25 
9.26484e+06  7.01556e+06  4.63701  1.75389e+06  26 
1.05349e+07  8.47213e+06  5.31985  2.11803e+06  30 
1.14032e+07  9.28686e+06  5.78665  2.32171e+06  32 
1.15024e+07  9.45855e+06  5.83999  2.36464e+06  33 
1.17902e+07  9.60501e+06  5.99473  2.40125e+06  34 
1.188e+07  9.82124e+06  6.04299  2.45531e+06  35 
1.20928e+07  1.00996e+07  6.1574  2.52489e+06  36 
1.30435e+07  1.08743e+07  6.66853  2.71858e+06  37 
1.3078e+07  1.11076e+07  6.68708  2.77689e+06  38 
1.34391e+07  1.12511e+07  6.88126  2.81276e+06  39 
1.33379e+07  1.12945e+07  6.8268  2.82362e+06  39 
1.50154e+07  1.29824e+07  7.72873  3.2456e+06  41 
1.65643e+07  1.45408e+07  8.56144  3.63521e+06  43 
1.81193e+07  1.60738e+07  9.39749  4.01845e+06  44 
2.05816e+07  1.84346e+07  10.7213  4.60864e+06  47 
2.20903e+07  2.01103e+07  11.5324  5.02758e+06  49 
2.27967e+07  2.07735e+07  11.9122  5.19339e+06  50 
2.31866e+07  2.10595e+07  12.1219  5.26488e+06  51 
2.37838e+07  2.15821e+07  12.4429  5.39552e+06  53 
2.37754e+07  2.19942e+07  12.4384  5.49854e+06  53 
2.683e+07  2.47187e+07  14.0806  6.17967e+06  54 
2.81199e+07  2.58792e+07  14.7741  6.46981e+06  55 
2.93338e+07  2.70034e+07  15.4268  6.75084e+06  56 
4.12539e+07  3.92406e+07  21.8354  9.81014e+06  60 
4.14468e+07  3.93581e+07  21.9391  9.83952e+06  61 
4.15517e+07  3.92948e+07  21.9956  9.82369e+06  61 
4.30329e+07  4.07334e+07  22.7919  1.01834e+07  63 
4.60605e+07  4.39475e+07  24.4196  1.09869e+07  64 
6.71549e+07  6.51533e+07  35.7607  1.62883e+07  69 
6.85922e+07  6.65287e+07  36.5334  1.66322e+07  70 
7.96484e+07  7.75069e+07  42.4776  1.93767e+07  71 
3.35935e+07  3.13941e+07  17.7169  7.84853e+06  57 
1.50718e+07  1.29673e+07  7.75904  3.24181e+06  41 
7.99909e+06  5.72053e+06  3.9565  1.43013e+06  22 
1.11035e+07  8.6977e+06  5.62552  2.17443e+06  31 
9.68771e+06  7.51547e+06  4.86436  1.87887e+06  28 
8.60206e+06  6.69022e+06  4.28068  1.67256e+06  24 
5.29597e+06  3.04309e+06  2.50321  760772  11 
4.82465e+07  4.62507e+07  25.5949  1.15627e+07  67 
9.29818e+06  7.2349e+06  4.65493  1.80872e+06  27 
9.91777e+06  7.87561e+06  4.98805  1.9689e+06  29 
1.38496e+07  1.1638e+07  7.10196  2.90951e+06  40 
4.67367e+07  4.45644e+07  24.7832  1.11411e+07  65 
4.05649e+07  3.84822e+07  21.465  9.62055e+06  59 
4.24044e+07  4.02579e+07  22.454  1.00645e+07  62 
1.36802e+07  1.17552e+07  7.01086  2.93879e+06  40 
5.02859e+07  4.81164e+07  26.6914  1.20291e+07  68 
1.53901e+07  1.31528e+07  7.93014  3.2882e+06  42 
7.94989e+06  5.97253e+06  3.93005  1.49313e+06  22 
7.25408e+06  5.14448e+06  3.55596  1.28612e+06  19 
1.81372e+07  1.59033e+07  9.40709  3.97582e+06  44 
3.85174e+07  3.63519e+07  20.3642  9.08798e+06  58 
4.01842e+06  1.69114e+06  1.81635  422784  9 
1.86528e+07  1.65864e+07  9.68432  4.14661e+06  45 
1.30957e+07  1.10646e+07  6.69661  2.76615e+06  38 
2.34895e+07  2.12364e+07  12.2847  5.3091e+06  52 
7.34978e+06  5.34362e+06  3.60741  1.33591e+06  20 
2.15737e+07  1.9651e+07  11.2547  4.91275e+06  48 
1.20795e+08  1.18794e+08  64.5993  2.96984e+07  72 
4.14679e+07  3.93079e+07  21.9505  9.82698e+06  61 
4.71432e+07  4.49729e+07  25.0017  1.12432e+07  66 
1.91107e+07  1.70609e+07  9.93049  4.26522e+06  46 

1.13064e+06  1.75262  0.263785  0.438155  0 
2.27184e+06  0.895292  0.877333  0.223823  0 
1.77816e+06  0.961267  0.611914  0.240317  0 
1.52904e+06  1.16249  0.477978  0.290623  0 
1.42344e+06  1.2983  0.421204  0.324574  0 
1.66032e+06  1.03643  0.548559  0.259108  0 
1.46712e+06  1.2173  0.444688  0.304324  0 
1.65024e+06  1.15388  0.54314  0.288469  0 
1.71024e+06  1.17938  0.575398  0.294844  1 
1.38552e+06  1.84584  0.400817  0.461459  1 
1.56864e+06  1.36626  0.499269  0.341566  1 
1.59744e+06  1.2017  0.514753  0.300426  1 
1.48872e+06  1.66502  0.456301  0.416255  1 
1.5252e+06  1.65256  0.475914  0.413141  1 
1.45536e+06  1.68625  0.438366  0.421561  1 
1.43352e+06  1.73329  0.426624  0.433324  1 
1.82568e+06  1.06524  0.637462  0.266309  1 
1.79928e+06  1.12954  0.623269  0.282385  1 
1.86336e+06  1.03416  0.65772  0.25854  1 
1.91328e+06  1.0173  0.684559  0.254326  1 
1.73736e+06  1.16966  0.589978  0.292414  1 
1.57104e+06  1.39987  0.500559  0.349969  2 
1.84968e+06  1.22084  0.650366  0.30521  2 
1.87992e+06  1.06545  0.666624  0.266362  2 
1.7232e+06  1.2342  0.582366  0.308551  2 
1.70232e+06  1.24336  0.57114  0.310841  2 
1.55712e+06  1.66123  0.493075  0.415308  2 
1.49904e+06  1.86788  0.461849  0.46697  2 
1.51848e+06  2.11493  0.472301  0.528731  3 
1.61376e+06  1.47576  0.523527  0.368941  3 
1.6536e+06  1.42809  0.544946  0.357021  3 
1.57728e+06  1.5065  0.503914  0.376624  3 
2.0148e+06  1.15373  0.73914  0.288431  3 
1.7232e+06  1.30069  0.582366  0.325172  3 
1.75896e+06  1.28319  0.601591  0.320799  3 
1.88112e+06  1.21403  0.667269  0.303507  3 
1.94352e+06  1.20808  0.700817  0.30202  3 
1.73568e+06  1.42973  0.589075  0.357432  4 
1.926e+06  1.23534  0.691398  0.308834  4 
1.5924e+06  1.6978  0.512043  0.42445  4 
1.63632e+06  1.52849  0.535656  0.382122  4 
1.6308e+06  1.60322  0.532688  0.400806  4 
1.75488e+06  1.37567  0.599398  0.343917  4 
1.66608e+06  1.55265  0.551656  0.388162  5 
2.07696e+06  1.23722  0.772559  0.309304  5 
1.95888e+06  1.25621  0.709075  0.314053  5 
1.80216e+06  1.42605  0.624817  0.356513  5 
1.79616e+06  1.53751  0.621591  0.384378  5 
1.90488e+06  1.51014  0.680043  0.377534  6 
1.70424e+06  1.58214  0.572172  0.395536  6 
1.99176e+06  1.3723  0.726753  0.343076  6 
2.06712e+06  1.32921  0.767269  0.332302  6 
1.8852e+06  1.52529  0.669462  0.381323  6 
2.09712e+06  1.26477  0.783398  0.316192  6 
1.9284e+06  1.62637  0.692688  0.406593  7 
1.75272e+06  1.78841  0.598237  0.447104  7 
1.96056e+06  1.54434  0.709978  0.386084  7 
2.26968e+06  1.27049  0.876172  0.317623  7 
1.84608e+06  1.66256  0.64843  0.41564  7 
2.14248e+06  1.674  0.807785  0.418499  8 
1.77504e+06  1.95709  0.610237  0.489272  8 
1.91184e+06  1.71581  0.683785  0.428952  8 
2.08464e+06  1.74599  0.776688  0.436499  9 
1.98311e+06  4068.26  0.722101  1017.06  9 
2.09677e+06  51975.2  0.783212  12993.8  10 
2.24544e+06  244319  0.863138  61079.7  11 
2.40496e+06  219522  0.948904  54880.5  11 
2.50887e+06  503910  1.00477  125977  12 
2.92687e+06  683108  1.2295  170777  13 
2.7672e+06  738243  1.14366  184561  13 
3.06031e+06  873188  1.30124  218297  14 
3.05274e+06  935466  1.29717  233867  14 
3.49493e+06  1.20821e+06  1.53491  302053  15 
3.32186e+06  1.28306e+06  1.44186  320765  15 
3.96472e+06  1.78696e+06  1.78748  446740  16 
3.69695e+06  1.80431e+06  1.64352  451078  16 
3.84503e+06  1.93367e+06  1.72313  483417  17 
4.07358e+06  1.9683e+06  1.84601  492075  18 
4.21658e+06  2.07554e+06  1.92289  518884  19 
4.31132e+06  2.23124e+06  1.97383  557810  20 
4.81351e+06  2.62087e+06  2.24382  655219  21 
5.08906e+06  3.00034e+06  2.39197  750086  22 
5.37334e+06  3.14566e+06  2.5448  786414  23 
5.6857e+06  3.56458e+06  2.71274  891145  24 
5.91145e+06  3.72793e+06  2.83411  931982  25 
6.29546e+06  4.38818e+06  3.04057  1.09704e+06  26 
6.55855e+06  4.37359e+06  3.18202  1.0934e+06  26 
6.79967e+06  4.57511e+06  3.31165  1.14378e+06  27 
6.66366e+06  4.64958e+06  3.23853  1.1624e+06  27 
6.98318e+06  4.89374e+06  3.41031  1.22343e+06  28 
7.29586e+06  5.13994e+06  3.57842  1.28499e+06  29 
8.22309e+06  6.09669e+06  4.07693  1.52417e+06  30 
8.2582e+06  6.0178e+06  4.09581  1.50445e+06  30 
8.7417e+06  6.75762e+06  4.35575  1.68941e+06  31 
8.48558e+06  6.7907e+06  4.21805  1.69768e+06  31 
9.48937e+06  7.5449e+06  4.75773  1.88622e+06  32 
9.61822e+06  7.63894e+06  4.827  1.90974e+06  33 
9.99965e+06  8.35205e+06  5.03207  2.08801e+06  34 
1.04083e+07  8.62226e+06  5.2518  2.15557e+06  35 
1.28312e+07  1.09391e+07  6.55442  2.73476e+06  36 

1.11812e+06  1881.01  0.257053  470.253  0 
2.26608e+06  0.85537  0.874237  0.213843  0 
1.1424e+06  1.92039  0.270108  0.480097  0 
1.72128e+06  0.910434  0.581333  0.227608  0 
1.3164e+06  1.16794  0.363656  0.291986  0 
1.20672e+06  1.56693  0.304688  0.391733  0 
1.60704e+06  0.950052  0.519914  0.237513  0 
1.4976e+06  1.02401  0.461075  0.256003  0 
1.26552e+06  1.46092  0.336301  0.36523  1 
1.21968e+06  1.47695  0.311656  0.369236  0 
1.4268e+06  1.07957  0.423011  0.269893  0 
1.2756e+06  1.37071  0.34172  0.342678  1 
1.17648e+06  1.78386  0.28843  0.445965  0 
1.41096e+06  1.13852  0.414495  0.284629  0 
1.20912e+06  1.87276  0.305978  0.46819  1 
1.3284e+06  1.18129  0.370108  0.295323  0 
1.3236e+06  1.22261  0.367527  0.305652  0 
1.43448e+06  1.12543  0.42714  0.281357  0 
1.54272e+06  1.04236  0.485333  0.260589  0 
1.4448e+06  1.11044  0.432688  0.27761  0 
1.43976e+06  1.11488  0.429978  0.278721  0 
1.43472e+06  1.12413  0.427269  0.281034  0 
1.51248e+06  1.11  0.469075  0.277499  2 
1.70448e+06  0.977816  0.572301  0.244454  0 
1.2312e+06  1.58225  0.317849  0.395562  1 
1.17024e+06  2.31418  0.285075  0.578546  2 
2.10912e+06  0.968147  0.789849  0.242037  1 
1.51704e+06  1.10781  0.471527  0.276953  1 
1.68408e+06  1.03504  0.561333  0.258761  1 
1.21272e+06  1.71669  0.307914  0.429173  2 
1.67304e+06  1.03758  0.555398  0.259395  1 
1.33608e+06  1.2086  0.374237  0.30215  2 
1.674e+06  1.06148  0.555914  0.26537  2 
1.79352e+06  1.01989  0.620172  0.254973  1 
1.68912e+06  1.0395  0.564043  0.259875  1 
1.27488e+06  1.86913  0.341333  0.467282  3 
1.3272e+06  1.29152  0.369462  0.322881  2 
1.55784e+06  1.07281  0.493462  0.268203  1 
1.38264e+06  1.18957  0.399269  0.297393  1 
1.32384e+06  1.34137  0.367656  0.335341  1 
1.32864e+06  1.29097  0.370237  0.322741  1 
1.28448e+06  1.59773  0.346495  0.399433  2 
1.2516e+06  1.87294  0.328817  0.468236  3 
1.47984e+06  1.13259  0.451527  0.283148  1 
1.8744e+06  1.0063  0.663656  0.251575  1 
1.27536e+06  1.69763  0.341591  0.424408  2 
1.75824e+06  1.02912  0.601204  0.257279  2 
1.54512e+06  1.15294  0.486624  0.288235  4 
1.28856e+06  1.76124  0.348688  0.440309  3 
1.85736e+06  1.0493  0.654495  0.262326  3 
1.36128e+06  1.2182  0.387785  0.304549  0 
1.5672e+06  1.09109  0.498495  0.272772  3 
1.8708e+06  1.02552  0.66172  0.256379  2 
1.9188e+06  1.01162  0.687527  0.252905  2 
1.61376e+06  1.09049  0.523527  0.272622  3 
1.7136e+06  1.06775  0.577204  0.266938  2 
1.50936e+06  1.19466  0.467398  0.298665  3 
1.63416e+06  1.07881  0.534495  0.269703  2 
1.29096e+06  1.63661  0.349978  0.409153  2 
1.34016e+06  1.63375  0.37643  0.408438  4 
1.34112e+06  1.27527  0.376946  0.318817  1 
1.47984e+06  1.19577  0.451527  0.298943  2 
1.62552e+06  1.09949  0.529849  0.274872  4 
1.46136e+06  1.24021  0.441591  0.310052  2 
1.34664e+06  1.42017  0.379914  0.355043  2 
1.5672e+06  1.10329  0.498495  0.275823  0 
1.99392e+06  1.01443  0.727914  0.253607  3 
1.91088e+06  1.04337  0.683269  0.260843  3 
1.3476e+06  1.39334  0.38043  0.348335  2 
1.97904e+06  1.0154  0.719914  0.253849  3 
1.2972e+06  1.7174  0.353333  0.429351  3 
1.76472e+06  1.07085  0.604688  0.267714  2 
1.45968e+06  1.26909  0.440688  0.317271  2 
1.64568e+06  1.07959  0.540688  0.269897  2 
1.4412e+06  1.32397  0.430753  0.330992  3 
1.29192e+06  1.80172  0.350495  0.45043  4 
1.55304e+06  1.1874  0.490882  0.296851  3 
1.57296e+06  1.10538  0.501591  0.276346  4 
1.30872e+06  1.71925  0.359527  0.429812  4 
1.5444e+06  1.26393  0.486237  0.315983  3 
1.9812e+06  1.06638  0.721075  0.266595  4 
1.35192e+06  1.56826  0.382753  0.392064  3 
1.57032e+06  1.15502  0.500172  0.288756  5 
1.77384e+06  1.08384  0.609591  0.27096  3 
1.65264e+06  1.09225  0.54443  0.273062  0 
1.36272e+06  1.4918  0.388559  0.372949  3 
1.6716e+06  1.0903  0.554624  0.272574  3 
1.43664e+06  1.47026  0.428301  0.367566  3 
1.4616e+06  1.40697  0.44172  0.351742  4 
1.476e+06  1.2684  0.449462  0.317101  3 
1.6824e+06  1.09965  0.56043  0.274912  5 
1.61568e+06  1.10736  0.524559  0.276839  5 
1.50984e+06  1.31787  0.467656  0.329468  4 
1.47672e+06  1.39146  0.449849  0.347865  4 
1.54944e+06  1.30119  0.488946  0.325298  4 
1.3884e+06  1.51761  0.402366  0.379403  3 
1.69224e+06  1.09248  0.56572  0.27312  4 
1.63344e+06  1.26597  0.534108  0.316492  6 
1.73904e+06  1.10292  0.590882  0.275731  6 
1.45464e+06  1.53009  0.437978  0.382522  4 

1.10544e+06  1.32753  0.250237  0.331883  0 
2.12544e+06  0.833337  0.798624  0.208334  0 
1.89216e+06  0.87569  0.673204  0.218922  0 
1.66536e+06  0.899789  0.551269  0.224947  0 
1.48224e+06  0.938089  0.452817  0.234522  0 
1.34064e+06  1.0215  0.376688  0.255376  0 
1.24248e+06  1.10207  0.323914  0.275517  0 
1.20384e+06  1.24003  0.30314  0.310008  0 
1.31904e+06  1.0575  0.365075  0.264374  0 
1.4616e+06  0.977139  0.44172  0.244285  0 
1.39128e+06  0.985447  0.403914  0.246362  0 
1.18176e+06  1.29354  0.291269  0.323385  0 
2.0832e+06  0.853669  0.775914  0.213417  0 
1.57968e+06  0.916618  0.505204  0.229154  0 
1.8408e+06  0.880567  0.645591  0.220142  0 
1.23744e+06  1.17747  0.321204  0.294367  0 
1.98576e+06  0.865699  0.723527  0.216425  0 
1.33608e+06  1.02585  0.374237  0.256464  0 
1.38552e+06  1.01242  0.400817  0.253104  0 
1.83216e+06  0.891313  0.640946  0.222828  0 
1.32624e+06  1.04979  0.368946  0.262446  0 
1.6632e+06  0.909791  0.550108  0.227448  0 
1.82544e+06  0.895949  0.637333  0.223987  0 
1.79256e+06  0.896074  0.619656  0.224018  0 
1.78872e+06  0.897641  0.617591  0.22441  0 
1.46496e+06  0.976681  0.443527  0.24417  0 
1.58256e+06  0.9353  0.506753  0.233825  1 
1.62648e+06  0.924216  0.530366  0.231054  1 
1.14024e+06  1.67298  0.268946  0.418246  1 
1.22256e+06  1.50864  0.313204  0.377159  1 
1.48752e+06  0.948144  0.455656  0.237036  1 
1.33344e+06  1.05388  0.372817  0.26347  1 
1.51416e+06  0.944315  0.469978  0.236079  1 
1.68312e+06  0.919236  0.560817  0.229809  1 
1.81848e+06  0.901071  0.633591  0.225268  1 
2.05752e+06  0.873063  0.762108  0.218266  1 
1.20792e+06  1.50968  0.305333  0.37742  1 
1.45344e+06  0.996587  0.437333  0.249147  1 
1.37376e+06  1.04474  0.394495  0.261185  1 
1.8096e+06  0.902741  0.628817  0.225685  1 
1.7028e+06  0.91206  0.571398  0.228015  1 
1.24296e+06  1.13576  0.324172  0.28394  1 
1.90608e+06  0.893809  0.680688  0.223452  1 
1.16784e+06  1.66301  0.283785  0.415751  1 
1.92744e+06  0.8923  0.692172  0.223075  1 
1.93272e+06  0.886374  0.695011  0.221593  1 
1.26048e+06  1.10225  0.333591  0.275563  1 
1.73376e+06  0.903015  0.588043  0.225754  1 
1.39848e+06  1.01231  0.407785  0.253077  1 
2.15112e+06  0.870687  0.81243  0.217672  1 
1.43136e+06  0.997951  0.425462  0.249488  1 
1.3764e+06  1.03937  0.395914  0.259842  1 
1.2312e+06  1.26302  0.317849  0.315755  1 
1.16976e+06  1.64933  0.284817  0.412332  1 
1.32792e+06  1.05828  0.369849  0.264571  1 
1.8504e+06  0.896596  0.650753  0.224149  1 
1.32648e+06  1.09535  0.369075  0.273836  1 
2.0472e+06  0.882611  0.756559  0.220653  1 
1.96992e+06  0.886849  0.715011  0.221712  2 
1.2228e+06  1.52514  0.313333  0.381285  2 
1.23504e+06  1.30189  0.319914  0.325472  2 
1.55112e+06  0.947902  0.489849  0.236976  2 
1.51224e+06  0.95198  0.468946  0.237995  2 
1.56624e+06  0.945257  0.497978  0.236314  2 
1.25016e+06  1.25131  0.328043  0.312828  2 
1.58592e+06  0.941694  0.508559  0.235423  2 
1.49064e+06  1.00523  0.457333  0.251308  2 
1.4676e+06  1.00968  0.444946  0.25242  2 
1.32048e+06  1.22356  0.365849  0.305891  2 
1.34304e+06  1.10199  0.377978  0.275496  2 
1.6368e+06  0.930075  0.535914  0.232519  2 
1.73976e+06  0.925979  0.591269  0.231495  2 
1.15728e+06  2.25798  0.278108  0.564496  2 
1.3476e+06  1.08137  0.38043  0.270344  2 
1.26144e+06  1.24536  0.334108  0.31134  2 
1.75224e+06  0.911958  0.597978  0.227989  2 
1.47168e+06  1.00893  0.44714  0.252234  2 
1.32312e+06  1.11621  0.367269  0.279053  2 
1.458e+06  1.01124  0.439785  0.25281  2 
1.8084e+06  0.905596  0.628172  0.226399  2 
2.06736e+06  0.875615  0.767398  0.218904  2 
1.77792e+06  0.909313  0.611785  0.227328  2 
1.40952e+06  1.0347  0.41372  0.258675  2 
1.41984e+06  1.03114  0.419269  0.257785  2 
1.17744e+06  1.65542  0.288946  0.413856  2 
1.80168e+06  0.911097  0.624559  0.227774  3 
1.50528e+06  1.12443  0.465204  0.281108  3 
1.77384e+06  0.91515  0.609591  0.228788  3 
1.3008e+06  1.4305  0.355269  0.357626  3 
1.67112e+06  0.934634  0.554366  0.233659  3 
1.57248e+06  0.948358  0.501333  0.237089  3 
1.51368e+06  0.957364  0.46972  0.239341  3 
1.31664e+06  1.28589  0.363785  0.321473  3 
2.11728e+06  0.877146  0.794237  0.219286  3 
1.52616e+06  0.952487  0.47643  0.238122  3 
1.59456e+06  0.944129  0.513204  0.236032  3 
1.50672e+06  1.09269  0.465978  0.273173  3 
1.40352e+06  1.18413  0.410495  0.296032  3 
1.71024e+06  0.942735  0.575398  0.235684  4 
1.50456e+06  1.18792  0.464817  0.29698  4 

1.09872e+06  1.32773  0.246624  0.331933  0 
2.13312e+06  0.827326  0.802753  0.206831  0 
1.87776e+06  0.842065  0.665462  0.210516  0 
1.62792e+06  0.873537  0.53114  0.218384  0 
1.4328e+06  0.918915  0.426237  0.229729  0 
1.27944e+06  0.982991  0.343785  0.245748  0 
1.14936e+06  1.10056  0.273849  0.27514  0 
1.24224e+06  1.02289  0.323785  0.255724  0 
1.3968e+06  0.930821  0.406882  0.232705  0 
1.37472e+06  0.933795  0.395011  0.233449  0 
1.31568e+06  0.944134  0.363269  0.236033  0 
1.58568e+06  0.883224  0.50843  0.220806  0 
1.13496e+06  1.29589  0.266108  0.323974  0 
1.82976e+06  0.845938  0.639656  0.211485  0 
1.21392e+06  1.07357  0.308559  0.268392  0 
1.57272e+06  0.894204  0.501462  0.223551  0 
1.53576e+06  0.897488  0.481591  0.224372  0 
1.75248e+06  0.853416  0.598108  0.213354  0 
1.5156e+06  0.899556  0.470753  0.224889  0 
1.25064e+06  1.00924  0.328301  0.252309  0 
1.47024e+06  0.906914  0.446366  0.226729  0 
1.73184e+06  0.86299  0.587011  0.215747  0 
2.1216e+06  0.832201  0.796559  0.20805  0 
1.72728e+06  0.867351  0.584559  0.216838  0 
1.3704e+06  0.938143  0.392688  0.234536  0 
2.02752e+06  0.836193  0.745978  0.209048  0 
1.57752e+06  0.889053  0.504043  0.222263  0 
1.23768e+06  1.07035  0.321333  0.267587  0 
1.99704e+06  0.839692  0.729591  0.209923  0 
1.51128e+06  0.905458  0.46843  0.226364  0 
1.70448e+06  0.8721  0.572301  0.218025  0 
2.02656e+06  0.8395  0.745462  0.209875  0 
1.122e+06  1.38549  0.25914  0.346371  0 
1.3848e+06  0.945092  0.40043  0.236273  0 
1.32264e+06  0.9599  0.367011  0.239975  0 
1.4124e+06  0.931597  0.415269  0.232899  0 
1.61784e+06  0.887456  0.52572  0.221864  0 
1.16448e+06  1.19518  0.281978  0.298795  0 
1.47864e+06  0.914595  0.450882  0.228649  0 
1.62816e+06  0.878049  0.531269  0.219512  0 
1.74072e+06  0.872718  0.591785  0.21818  0 
1.1748e+06  1.17682  0.287527  0.294204  0 
1.28712e+06  1.03271  0.347914  0.258176  0 
1.23e+06  1.09481  0.317204  0.273702  1 
1.7064e+06  0.876374  0.573333  0.219094  0 
1.71024e+06  0.872954  0.575398  0.218238  0 
1.77936e+06  0.857244  0.612559  0.214311  0 
1.26648e+06  1.03866  0.336817  0.259665  0 
1.23744e+06  1.08904  0.321204  0.272259  0 
1.89912e+06  0.845735  0.676946  0.211434  0 
1.41072e+06  0.941965  0.414366  0.235491  0 
1.14432e+06  1.36796  0.27114  0.34199  1 
1.21824e+06  1.09518  0.310882  0.273796  1 
1.5372e+06  0.900566  0.482366  0.225142  0 
1.70064e+06  0.877629  0.570237  0.219407  0 
1.53024e+06  0.904194  0.478624  0.226049  0 
1.74696e+06  0.866036  0.59514  0.216509  1 
1.1772e+06  1.16912  0.288817  0.292279  0 
1.31424e+06  1.00775  0.362495  0.251938  0 
1.58088e+06  0.896755  0.505849  0.224189  0 
1.11432e+06  1.5855  0.255011  0.396375  0 
1.60992e+06  0.889532  0.521462  0.222383  0 
1.82976e+06  0.85342  0.639656  0.213355  0 
1.14792e+06  1.36308  0.273075  0.34077  0 
1.44576e+06  0.928749  0.433204  0.232187  0 
1.45056e+06  0.919889  0.435785  0.229972  0 
1.81608e+06  0.855944  0.632301  0.213986  0 
1.39752e+06  0.943586  0.407269  0.235897  0 
1.94784e+06  0.842812  0.70314  0.210703  1 
1.15824e+06  1.32384  0.278624  0.330961  0 
2.0796e+06  0.840468  0.773978  0.210117  0 
1.35336e+06  0.950097  0.383527  0.237524  0 
1.89456e+06  0.848392  0.674495  0.212098  1 
1.476e+06  0.918786  0.449462  0.229697  0 
1.19592e+06  1.16697  0.298882  0.291742  0 
1.32024e+06  0.993871  0.36572  0.248468  2 
1.24032e+06  1.11857  0.322753  0.279642  0 
1.32672e+06  0.988648  0.369204  0.247162  0 
1.89024e+06  0.862221  0.672172  0.215555  0 
1.46256e+06  0.921782  0.442237  0.230445  0 
1.63344e+06  0.888406  0.534108  0.222102  0 
1.54872e+06  0.905316  0.488559  0.226329  0 
1.71144e+06  0.876147  0.576043  0.219037  0 
1.38048e+06  0.960315  0.398108  0.240079  0 
1.57512e+06  0.904012  0.502753  0.226003  0 
1.27896e+06  1.1028  0.343527  0.2757  0 
1.36392e+06  0.961586  0.389204  0.240397  0 
1.6764e+06  0.878427  0.557204  0.219607  1 
1.21752e+06  1.18486  0.310495  0.296215  0 
1.27968e+06  1.0929  0.343914  0.273224  0 
1.64088e+06  0.883666  0.538108  0.220917  0 
1.59072e+06  0.898381  0.51114  0.224595  0 
1.44624e+06  0.930388  0.433462  0.232597  0 
1.72176e+06  0.873723  0.581591  0.218431  0 
1.41552e+06  0.951487  0.416946  0.237872  0 
1.28832e+06  1.06327  0.348559  0.265819  0 
1.34112e+06  0.982357  0.376946  0.245589  0 
1.35432e+06  0.981156  0.384043  0.245289  0 
1.21584e+06  1.20125  0.309591  0.300312  0 
1.75728e+06  0.868396  0.600688  0.217099  0 

1.06464e+06  1.46464  0.228301  0.366161  0 
2.09976e+06  0.812319  0.784817  0.20308  0 
1.80432e+06  0.830431  0.625978  0.207608  0 
1.52568e+06  0.869891  0.476172  0.217473  0 
1.2756e+06  0.936574  0.34172  0.234144  0 
1.1292e+06  1.10793  0.263011  0.276983  0 
1.21296e+06  0.971396  0.308043  0.242849  0 
1.0848e+06  1.36348  0.23914  0.340871  0 
1.15632e+06  1.01404  0.277591  0.253511  0 
1.09968e+06  1.23477  0.24714  0.308693  0 
1.48728e+06  0.880088  0.455527  0.220022  0 
1.46328e+06  0.889495  0.442624  0.222374  0 
1.4328e+06  0.896582  0.426237  0.224145  0 
1.38816e+06  0.90277  0.402237  0.225692  0 
1.76568e+06  0.838169  0.605204  0.209542  0 
1.14216e+06  1.0709  0.269978  0.267724  0 
1.7328e+06  0.83958  0.587527  0.209895  0 
1.36656e+06  0.908323  0.390624  0.227081  0 
1.3548e+06  0.909379  0.384301  0.227345  0 
1.26384e+06  0.943616  0.335398  0.235904  0 
1.72128e+06  0.844282  0.581333  0.21107  0 
1.08936e+06  1.32685  0.241591  0.331713  0 
1.20312e+06  0.988144  0.302753  0.247036  0 
1.68792e+06  0.849193  0.563398  0.212298  0 
1.24992e+06  0.950748  0.327914  0.237687  0 
1.67592e+06  0.850611  0.556946  0.212653  0 
1.1904e+06  0.994772  0.295914  0.248693  0 
1.34616e+06  0.912887  0.379656  0.228222  0 
1.314e+06  0.918824  0.362366  0.229706  0 
1.66416e+06  0.852701  0.550624  0.213175  0 
1.64208e+06  0.852922  0.538753  0.21323  0 
1.60392e+06  0.854937  0.518237  0.213734  0 
1.18248e+06  0.999334  0.291656  0.249834  0 
1.20336e+06  0.975125  0.302882  0.243781  0 
1.07928e+06  1.39519  0.236172  0.348797  0 
1.596e+06  0.859164  0.513978  0.214791  0 
2.06064e+06  0.819832  0.763785  0.204958  0 
2.04384e+06  0.820117  0.754753  0.205029  0 
1.12488e+06  1.19694  0.260688  0.299236  0 
1.23432e+06  0.962122  0.319527  0.24053  0 
2.03688e+06  0.823225  0.751011  0.205806  0 
1.9872e+06  0.824533  0.724301  0.206133  0 
1.93176e+06  0.824629  0.694495  0.206157  0 
1.90032e+06  0.825407  0.677591  0.206352  0 
1.59192e+06  0.864918  0.511785  0.216229  0 
1.266e+06  0.939546  0.336559  0.234886  0 
1.45008e+06  0.892847  0.435527  0.223212  0 
1.15464e+06  1.06306  0.276688  0.265766  0 
1.1808e+06  1.00902  0.290753  0.252256  0 
2.09832e+06  0.813227  0.784043  0.203307  0 
1.55208e+06  0.866941  0.490366  0.216735  0 
1.79256e+06  0.836472  0.619656  0.209118  0 
1.4304e+06  0.901141  0.424946  0.225285  0 
2.09664e+06  0.818311  0.78314  0.204578  0 
1.5012e+06  0.878749  0.463011  0.219687  0 
1.20264e+06  0.993368  0.302495  0.248342  0 
1.41888e+06  0.901799  0.418753  0.22545  0 
1.30656e+06  0.935784  0.358366  0.233946  0 
1.15344e+06  1.07021  0.276043  0.267553  0 
1.20192e+06  0.994343  0.302108  0.248586  0 
1.20984e+06  0.99897  0.306366  0.249742  0 
1.34904e+06  0.921433  0.381204  0.230358  1 
1.24872e+06  0.965774  0.327269  0.241444  0 
1.30896e+06  0.940562  0.359656  0.23514  0 
1.14504e+06  1.10848  0.271527  0.277119  0 
1.30032e+06  0.951415  0.355011  0.237854  0 
1.79712e+06  0.839447  0.622108  0.209862  0 
1.64832e+06  0.856034  0.542108  0.214009  1 
1.52592e+06  0.874673  0.476301  0.218668  0 
1.4352e+06  0.902122  0.427527  0.225531  0 
1.3164e+06  0.921752  0.363656  0.230438  0 
1.13472e+06  1.13414  0.265978  0.283535  0 
2.04408e+06  0.823362  0.754882  0.20584  0 
1.4268e+06  0.90676  0.423011  0.22669  0 
1.21512e+06  0.986246  0.309204  0.246561  0 
1.82352e+06  0.835752  0.636301  0.208938  0 
1.722e+06  0.849053  0.58172  0.212263  0 
1.79496e+06  0.844386  0.620946  0.211097  0 
1.84152e+06  0.830662  0.645978  0.207665  0 
1.23264e+06  0.97589  0.318624  0.243972  0 
1.17e+06  1.10786  0.284946  0.276966  0 
1.47648e+06  0.889634  0.44972  0.222408  0 
1.39848e+06  0.911043  0.407785  0.227761  0 
1.54632e+06  0.870643  0.487269  0.217661  1 
1.10304e+06  1.30024  0.248946  0.325061  0 
1.56504e+06  0.869385  0.497333  0.217346  0 
1.19184e+06  1.01139  0.296688  0.252848  0 
1.1724e+06  1.04422  0.286237  0.261056  0 
1.81056e+06  0.838147  0.629333  0.209537  0 
1.79136e+06  0.845642  0.619011  0.21141  0 
1.73592e+06  0.84881  0.589204  0.212202  0 
1.45944e+06  0.899659  0.440559  0.224915  0 
1.75776e+06  0.847136  0.600946  0.211784  0 
1.3548e+06  0.914854  0.384301  0.228714  1 
1.5096e+06  0.885473  0.467527  0.221368  0 
1.36224e+06  0.913895  0.388301  0.228474  0 
1.5036e+06  0.889019  0.464301  0.222255  0 
1.37064e+06  0.912743  0.392817  0.228186  0 
1.58208e+06  0.868199  0.506495  0.21705  0 
1.0956e+06  1.39832  0.244946  0.34958  0 

1.0104e+06  1.55609  0.19914  0.389022  0 
2.05608e+06  0.811252  0.761333  0.202813  0 
1.6788e+06  0.833643  0.558495  0.208411  0 
1.37184e+06  0.899623  0.393462  0.224906  0 
1.128e+06  1.02975  0.262366  0.257438  0 
1.04376e+06  1.36337  0.217075  0.340843  0 
1.31712e+06  0.912834  0.364043  0.228208  0 
1.25784e+06  0.917601  0.332172  0.2294  0 
1.0776e+06  1.2356  0.235269  0.3089  0 
1.21488e+06  0.943838  0.309075  0.23596  0 
1.09392e+06  1.11548  0.244043  0.278869  0 
1.18464e+06  0.968501  0.292817  0.242125  0 
1.65048e+06  0.843354  0.543269  0.210838  0 
1.15608e+06  0.973935  0.277462  0.243484  0 
1.61088e+06  0.848465  0.521978  0.212116  0 
1.58472e+06  0.855502  0.507914  0.213875  0 
1.55976e+06  0.85979  0.494495  0.214948  0 
1.05912e+06  1.29304  0.225333  0.32326  0 
1.53768e+06  0.860926  0.482624  0.215231  0 
1.51368e+06  0.864576  0.46972  0.216144  0 
1.49448e+06  0.868382  0.459398  0.217096  0 
1.08168e+06  1.18206  0.237462  0.295515  0 
1.4724e+06  0.874112  0.447527  0.218528  0 
1.46088e+06  0.875361  0.441333  0.21884  0 
1.11744e+06  1.03205  0.256688  0.258012  0 
1.03488e+06  1.52618  0.212301  0.381545  0 
2.02176e+06  0.815814  0.742882  0.203954  0 
1.98624e+06  0.816062  0.723785  0.204015  0 
1.44792e+06  0.882366  0.434366  0.220592  0 
1.97544e+06  0.817081  0.717978  0.20427  0 
1.96296e+06  0.817963  0.711269  0.204491  0 
1.43568e+06  0.884701  0.427785  0.221175  0 
1.24848e+06  0.929268  0.32714  0.232317  0 
1.9476e+06  0.819349  0.703011  0.204837  0 
1.4268e+06  0.885643  0.423011  0.221411  0 
1.2084e+06  0.944696  0.305591  0.236174  0 
1.1496e+06  1.00237  0.273978  0.250592  0 
1.23912e+06  0.930085  0.322108  0.232521  0 
1.91544e+06  0.820605  0.68572  0.205151  0 
1.038e+06  1.43843  0.213978  0.359607  0 
1.35312e+06  0.90092  0.383398  0.22523  0 
1.06752e+06  1.28142  0.229849  0.320355  0 
1.8768e+06  0.82203  0.664946  0.205508  0 
1.34328e+06  0.901632  0.378108  0.225408  0 
1.41528e+06  0.888537  0.416817  0.222134  0 
1.83312e+06  0.823034  0.641462  0.205758  0 
1.32576e+06  0.902665  0.368688  0.225666  0 
1.66944e+06  0.834266  0.553462  0.208567  0 
1.20024e+06  0.95991  0.301204  0.239977  0 
1.05384e+06  1.35527  0.222495  0.338818  0 
1.19376e+06  0.960545  0.29772  0.240136  0 
1.41216e+06  0.892315  0.41514  0.223079  0 
1.11288e+06  1.1092  0.254237  0.277301  0 
1.38576e+06  0.89386  0.400946  0.223465  0 
1.14624e+06  1.024  0.272172  0.255999  0 
1.80072e+06  0.828505  0.624043  0.207126  0 
1.2276e+06  0.938944  0.315914  0.234736  0 
1.11e+06  1.11062  0.252688  0.277655  0 
1.21872e+06  0.939056  0.31114  0.234764  0 
1.17888e+06  0.96935  0.28972  0.242338  0 
1.1376e+06  1.02556  0.267527  0.256389  0 
1.57608e+06  0.855902  0.503269  0.213976  0 
1.29744e+06  0.913856  0.353462  0.228464  0 
1.25616e+06  0.919671  0.331269  0.229918  0 
1.13592e+06  1.02581  0.266624  0.256453  0 
1.63968e+06  0.844858  0.537462  0.211215  0 
1.45488e+06  0.878835  0.438108  0.219709  0 
1.78224e+06  0.830437  0.614108  0.207609  0 
1.38432e+06  0.89494  0.400172  0.223735  0 
1.27848e+06  0.914591  0.343269  0.228648  0 
1.25328e+06  0.926483  0.32972  0.231621  0 
1.10136e+06  1.11278  0.248043  0.278195  0 
1.57416e+06  0.857234  0.502237  0.214308  0 
1.488e+06  0.872602  0.455914  0.21815  0 
1.63608e+06  0.847118  0.535527  0.211779  0 
1.94184e+06  0.819393  0.699914  0.204848  0 
1.27056e+06  0.916573  0.339011  0.229143  0 
1.54848e+06  0.860081  0.48843  0.21502  0 
1.65888e+06  0.842631  0.547785  0.210658  0 
1.60392e+06  0.854937  0.518237  0.213734  0 
1.38072e+06  0.899106  0.398237  0.224777  0 
1.14936e+06  1.01599  0.273849  0.253997  0 
1.15584e+06  0.991602  0.277333  0.247901  0 
1.32552e+06  0.905382  0.368559  0.226345  0 
1.11096e+06  1.11012  0.253204  0.27753  0 
1.59336e+06  0.855126  0.512559  0.213782  0 
1.37112e+06  0.900576  0.393075  0.225144  0 
1.07616e+06  1.28115  0.234495  0.320288  0 
1.13112e+06  1.0295  0.264043  0.257374  0 
1.24776e+06  0.929828  0.326753  0.232457  0 
1.57224e+06  0.859554  0.501204  0.214889  0 
1.11648e+06  1.10899  0.256172  0.277247  0 
1.51248e+06  0.868317  0.469075  0.217079  0 
1.2468e+06  0.930036  0.326237  0.232509  0 
1.51368e+06  0.864576  0.46972  0.216144  0 
1.43568e+06  0.884701  0.427785  0.221175  0 
1.11288e+06  1.1092  0.254237  0.277301  0 
1.1376e+06  1.02556  0.267527  0.256389  0 
1.06728e+06  1.39931  0.22972  0.349827  0 
1.09824e+06  1.29236  0.246366  0.323089  0 

997200  1.47842  0.192043  0.369606  0 
2.05392e+06  0.797852  0.760172  0.199463  0 
1.74696e+06  0.822957  0.59514  0.205739  0 
1.46184e+06  0.863507  0.441849  0.215877  0 
1.20744e+06  0.940636  0.305075  0.235159  0 
1.04904e+06  1.12795  0.219914  0.281987  0 
1.14e+06  0.984683  0.268817  0.246171  0 
1.10688e+06  1.03466  0.251011  0.258666  0 
1.42848e+06  0.871502  0.423914  0.217875  0 
1.3944e+06  0.878801  0.405591  0.2197  0 
1.35168e+06  0.885393  0.382624  0.221348  0 
1.3248e+06  0.889287  0.368172  0.222322  0 
1.02576e+06  1.43023  0.207398  0.357557  0 
1.08456e+06  1.0812  0.239011  0.270301  0 
1.30488e+06  0.897962  0.357462  0.22449  0 
1.72488e+06  0.824211  0.583269  0.206053  0 
1.68816e+06  0.827653  0.563527  0.206913  0 
1.02936e+06  1.39443  0.209333  0.348607  0 
1.28424e+06  0.905293  0.346366  0.226323  0 
1.26432e+06  0.906996  0.335656  0.226749  0 
1.19184e+06  0.94911  0.296688  0.237277  0 
1.068e+06  1.09468  0.230108  0.273671  0 
1.6728e+06  0.828877  0.555269  0.207219  0 
1.65216e+06  0.830855  0.544172  0.207714  0 
1.63056e+06  0.831864  0.532559  0.207966  0 
1.61112e+06  0.83288  0.522108  0.20822  0 
1.25088e+06  0.912734  0.32843  0.228183  0 
1.1724e+06  0.957516  0.286237  0.239379  0 
1.00248e+06  1.4533  0.194882  0.363326  0 
1.1232e+06  1.01003  0.259785  0.252506  0 
1.58904e+06  0.838932  0.510237  0.209733  0 
1.566e+06  0.84122  0.497849  0.210305  0 
2.02776e+06  0.801456  0.746108  0.200364  0 
1.24128e+06  0.918374  0.323269  0.229594  0 
2.0184e+06  0.802234  0.741075  0.200558  0 
1.54656e+06  0.84394  0.487398  0.210985  0 
1.98672e+06  0.804533  0.724043  0.201133  0 
1.97136e+06  0.805713  0.715785  0.201428  0 
1.53864e+06  0.845363  0.48314  0.211341  0 
1.9284e+06  0.806024  0.692688  0.201506  0 
1.52496e+06  0.84863  0.475785  0.212157  0 
1.88112e+06  0.808826  0.667269  0.202207  0 
1.0692e+06  1.082  0.230753  0.270501  0 
1.04328e+06  1.35257  0.216817  0.338143  0 
1.87344e+06  0.810583  0.66314  0.202646  0 
1.85592e+06  0.810617  0.65372  0.202654  0 
1.05864e+06  1.11562  0.225075  0.278905  0 
1.51584e+06  0.851444  0.470882  0.212861  0 
1.2324e+06  0.929124  0.318495  0.232281  0 
1.15608e+06  0.973935  0.277462  0.243484  0 
1.10112e+06  1.07067  0.247914  0.267668  0 
1.218e+06  0.930386  0.310753  0.232597  0 
1.83336e+06  0.81284  0.641591  0.20321  0 
1.11624e+06  1.0246  0.256043  0.256149  0 
1.5072e+06  0.853891  0.466237  0.213473  0 
1.49856e+06  0.855024  0.461591  0.213756  0 
1.31424e+06  0.889968  0.362495  0.222492  0 
1.49064e+06  0.856071  0.457333  0.214018  0 
1.20216e+06  0.942615  0.302237  0.235654  0 
1.79088e+06  0.816506  0.618753  0.204126  0 
1.416e+06  0.872818  0.417204  0.218204  0 
1.488e+06  0.856836  0.455914  0.214209  0 
1.13784e+06  0.99806  0.267656  0.249515  0 
1.60248e+06  0.83429  0.517462  0.208572  0 
1.11888e+06  1.02002  0.257462  0.255004  0 
1.4436e+06  0.867288  0.432043  0.216822  0 
1.38384e+06  0.88124  0.399914  0.22031  0 
1.77096e+06  0.819037  0.608043  0.204759  0 
1.48608e+06  0.859682  0.454882  0.21492  0 
1.48224e+06  0.859776  0.452817  0.214944  0 
1.75944e+06  0.819528  0.601849  0.204882  0 
1.33272e+06  0.885967  0.37243  0.221492  0 
1.31256e+06  0.89476  0.361591  0.22369  0 
1.2492e+06  0.915238  0.327527  0.22881  0 
1.16904e+06  0.970881  0.28443  0.24272  0 
1.19064e+06  0.952117  0.296043  0.238029  0 
1.18392e+06  0.955184  0.29243  0.238796  0 
1.7232e+06  0.825366  0.582366  0.206341  0 
1.17144e+06  0.965411  0.28572  0.241353  0 
1.24824e+06  0.91531  0.327011  0.228828  0 
1.0884e+06  1.07925  0.241075  0.269813  0 
1.53432e+06  0.846809  0.480817  0.211702  0 
1.08744e+06  1.07952  0.240559  0.269879  0 
1.20576e+06  0.941062  0.304172  0.235266  0 
1.716e+06  0.826101  0.578495  0.206525  0 
1.47312e+06  0.861987  0.447914  0.215497  0 
1.2144e+06  0.939136  0.308817  0.234784  0 
1.55904e+06  0.842467  0.494108  0.210617  0 
1.29744e+06  0.904381  0.353462  0.226095  0 
1.62432e+06  0.831975  0.529204  0.207994  0 
1.4976e+06  0.855214  0.461075  0.213803  0 
1.19328e+06  0.948303  0.297462  0.237076  0 
1.29336e+06  0.904613  0.351269  0.226153  0 
1.64904e+06  0.831226  0.542495  0.207806  0 
1.0836e+06  1.08137  0.238495  0.270342  0 
1.13976e+06  0.994672  0.268688  0.248668  0 
1.20192e+06  0.944747  0.302108  0.236187  0 
1.14672e+06  0.984208  0.27243  0.246052  0 
1.11552e+06  1.03419  0.255656  0.258548  0 
997200  1.47842  0.192043  0.369606  0 

996000  1.46976  0.191398  0.367439  0 
2.07528e+06  0.793819  0.771656  0.198455  0 
1.75536e+06  0.813283  0.599656  0.203321  0 
1.46592e+06  0.856106  0.444043  0.214027  0 
1.21488e+06  0.92838  0.309075  0.232095  0 
1.04184e+06  1.11476  0.216043  0.27869  0 
1.13928e+06  0.983514  0.26843  0.245879  0 
1.10232e+06  1.03199  0.248559  0.257998  0 
1.40424e+06  0.863916  0.410882  0.215979  0 
1.36896e+06  0.874039  0.391914  0.21851  0 
1.34616e+06  0.879711  0.379656  0.219928  0 
1.19496e+06  0.940555  0.298366  0.235139  0 
1.3272e+06  0.886977  0.369462  0.221744  0 
1.01976e+06  1.42942  0.204172  0.357356  0 
1.08264e+06  1.07461  0.237978  0.268652  0 
1.02336e+06  1.20592  0.206108  0.30148  0 
1.7112e+06  0.819103  0.575914  0.204776  0 
1.30272e+06  0.892225  0.356301  0.223056  0 
1.68504e+06  0.824365  0.561849  0.206091  0 
1.08768e+06  1.03686  0.240688  0.259216  0 
1.66248e+06  0.824841  0.54972  0.20621  0 
1.6344e+06  0.825156  0.534624  0.206289  0 
1.12056e+06  1.00239  0.258366  0.250598  0 
1.28088e+06  0.89939  0.344559  0.224847  0 
1.0692e+06  1.082  0.230753  0.270501  0 
1.6212e+06  0.827526  0.527527  0.206881  0 
1.18008e+06  0.95589  0.290366  0.238973  0 
1.16664e+06  0.957625  0.28314  0.239406  0 
1.26216e+06  0.902949  0.334495  0.225737  0 
1.61064e+06  0.831913  0.521849  0.207978  0 
1.58376e+06  0.83423  0.507398  0.208558  0 
1.24344e+06  0.906877  0.32443  0.226719  0 
1.5684e+06  0.834609  0.49914  0.208652  0 
1.5492e+06  0.836131  0.488817  0.209033  0 
1.15824e+06  0.965262  0.278624  0.241316  0 
1.94784e+06  0.795387  0.70314  0.198847  0 
1.0584e+06  1.097  0.224946  0.274251  0 
1.00824e+06  1.4528  0.197978  0.363201  0 
1.03416e+06  1.14137  0.211914  0.285343  0 
1.92072e+06  0.798308  0.688559  0.199577  0 
1.2348e+06  0.913698  0.319785  0.228425  0 
1.11408e+06  1.01011  0.254882  0.252527  0 
1.91232e+06  0.800173  0.684043  0.200043  0 
1.03488e+06  1.12864  0.212301  0.282161  0 
1.00248e+06  1.4533  0.194882  0.363326  0 
1.89768e+06  0.801092  0.676172  0.200273  0 
1.53696e+06  0.844571  0.482237  0.211143  0 
1.88904e+06  0.802004  0.671527  0.200501  0 
1.53072e+06  0.845252  0.478882  0.211313  0 
1.87848e+06  0.802604  0.665849  0.200651  0 
1.52544e+06  0.845582  0.476043  0.211396  0 
1.10616e+06  1.02173  0.250624  0.255432  0 
1.86504e+06  0.803172  0.658624  0.200793  0 
1.85304e+06  0.803199  0.652172  0.2008  0 
1.22616e+06  0.918483  0.31514  0.229621  0 
1.84248e+06  0.803473  0.646495  0.200868  0 
1.20912e+06  0.932203  0.305978  0.233051  0 
1.51848e+06  0.847814  0.472301  0.211953  0 
1.50504e+06  0.848313  0.465075  0.212078  0 
1.83504e+06  0.805806  0.642495  0.201451  0 
1.8276e+06  0.806273  0.638495  0.201568  0 
1.49928e+06  0.84935  0.461978  0.212337  0 
1.13616e+06  0.995214  0.266753  0.248803  0 
1.49256e+06  0.849483  0.458366  0.212371  0 
1.4496e+06  0.857569  0.435269  0.214392  0 
1.15536e+06  0.974548  0.277075  0.243637  0 
1.44672e+06  0.858035  0.43372  0.214509  0 
1.12968e+06  0.99672  0.263269  0.24918  0 
1.81008e+06  0.807659  0.629075  0.201915  0 
1.8036e+06  0.807723  0.625591  0.201931  0 
1.33848e+06  0.881681  0.375527  0.22042  0 
1.39488e+06  0.868785  0.405849  0.217196  0 
1.19256e+06  0.948857  0.297075  0.237214  0 
1.44288e+06  0.859305  0.431656  0.214826  0 
1.1856e+06  0.951386  0.293333  0.237847  0 
1.36224e+06  0.875566  0.388301  0.218891  0 
1.3008e+06  0.893726  0.355269  0.223431  0 
1.31904e+06  0.888166  0.365075  0.222042  0 
1.43616e+06  0.859882  0.428043  0.214971  0 
1.39008e+06  0.870018  0.403269  0.217505  0 
1.79544e+06  0.809887  0.621204  0.202472  0 
1.33368e+06  0.883659  0.372946  0.220915  0 
1.78056e+06  0.80999  0.613204  0.202497  0 
1.27416e+06  0.899757  0.340946  0.224939  0 
1.48176e+06  0.853164  0.452559  0.213291  0 
1.47528e+06  0.853389  0.449075  0.213347  0 
1.15704e+06  0.970687  0.277978  0.242672  0 
1.28976e+06  0.896897  0.349333  0.224224  0 
1.068e+06  1.09468  0.230108  0.273671  0 
1.212e+06  0.929929  0.307527  0.232482  0 
1.31424e+06  0.889968  0.362495  0.222492  0 
1.38792e+06  0.871805  0.402108  0.217951  0 
1.23384e+06  0.915138  0.319269  0.228784  0 
1.16568e+06  0.957902  0.282624  0.239475  0 
1.24248e+06  0.911638  0.323914  0.22791  0 
1.63176e+06  0.825522  0.533204  0.206381  0 
1.35936e+06  0.877803  0.386753  0.219451  0 
1.34976e+06  0.877851  0.381591  0.219463  0 
1.16472e+06  0.963488  0.282108  0.240872  0 
1.32888e+06  0.885772  0.370366  0.221443  0 

