6.90455e+07  6.71468e+07  36.7771  1.67867e+07  0 
6.09722e+07  5.91257e+07  32.4367  1.47814e+07  0 
5.84226e+07  5.64374e+07  31.0659  1.41093e+07  0 
4.89866e+07  4.69526e+07  25.9928  1.17382e+07  0 
4.87256e+07  4.67453e+07  25.8524  1.16863e+07  0 
6.31141e+07  6.10059e+07  33.5882  1.52515e+07  0 
1.69673e+14  1.69673e+14  9.12222e+07  4.24183e+13  0 
1.58458e+14  1.58458e+14  8.51926e+07  3.96146e+13  0 
5.25361e+07  5.05974e+07  27.9011  1.26493e+07  0 
4.99419e+07  4.82147e+07  26.5064  1.20537e+07  0 
9.77514e+07  9.56816e+07  52.2104  2.39204e+07  0 
4.2006e+07  3.99751e+07  22.2398  9.99378e+06  0 
4.39491e+07  4.19444e+07  23.2845  1.04861e+07  0 
3.59535e+07  3.39932e+07  18.9858  8.4983e+06  0 
5.21876e+07  5.02878e+07  27.7138  1.25719e+07  0 
4.90283e+07  4.71018e+07  26.0152  1.17755e+07  0 
3.48735e+12  3.48735e+12  1.87492e+06  8.71838e+11  0 
4.95403e+07  4.74439e+07  26.2905  1.1861e+07  0 
4.84046e+07  4.64671e+07  25.6799  1.16168e+07  0 
1.02202e+14  1.02202e+14  5.49471e+07  2.55504e+13  0 
1.19384e+14  1.19384e+14  6.41849e+07  2.9846e+13  0 
5.4217e+07  5.21809e+07  28.8049  1.30452e+07  0 
5.34922e+07  5.15854e+07  28.4151  1.28963e+07  0 
5.98633e+13  5.98633e+13  3.21846e+07  1.49658e+13  0 
4.75232e+07  4.5642e+07  25.206  1.14105e+07  0 
5.75468e+07  5.55732e+07  30.595  1.38933e+07  0 
6.58806e+07  6.39478e+07  35.0756  1.5987e+07  0 
3.67222e+07  3.4741e+07  19.399  8.68525e+06  0 
6.1504e+07  5.95377e+07  32.7226  1.48844e+07  0 
4.27296e+07  4.06836e+07  22.6288  1.01709e+07  0 
5.02334e+07  4.81574e+07  26.6631  1.20394e+07  0 
4.84686e+07  4.65714e+07  25.7143  1.16428e+07  0 
1.06305e+08  1.04362e+08  56.8092  2.60905e+07  0 
6.25485e+07  6.02904e+07  33.2842  1.50726e+07  0 
6.14354e+07  5.93822e+07  32.6857  1.48455e+07  0 
2.65351e+13  2.65351e+13  1.42662e+07  6.63378e+12  0 
9.83923e+13  9.83923e+13  5.28991e+07  2.45981e+13  0 
2.78357e+07  2.57786e+07  14.6213  6.44466e+06  0 
7.63819e+07  7.45303e+07  40.7214  1.86326e+07  0 
5.14392e+07  4.93959e+07  27.3114  1.2349e+07  0 
6.00114e+07  5.81171e+07  31.9201  1.45293e+07  0 
5.99423e+07  5.8e+07  31.883  1.45e+07  0 
3.32739e+13  3.32739e+13  1.78892e+07  8.31848e+12  0 
3.27316e+13  3.27316e+13  1.75976e+07  8.1829e+12  0 
1.29776e+14  1.29776e+14  6.97718e+07  3.24439e+13  0 
2.15542e+07  1.94523e+07  11.2442  4.86306e+06  0 
1.33673e+13  1.33673e+13  7.18675e+06  3.34184e+12  0 
5.1232e+07  4.9192e+07  27.2  1.2298e+07  0 
5.39519e+07  5.18951e+07  28.6623  1.29738e+07  0 
5.23915e+07  5.02759e+07  27.8234  1.2569e+07  0 
6.81192e+07  6.61504e+07  36.2791  1.65376e+07  0 
4.40489e+07  4.20169e+07  23.3381  1.05042e+07  0 
8.93664e+13  8.93664e+13  4.80465e+07  2.23416e+13  0 
4.92906e+07  4.72132e+07  26.1563  1.18033e+07  0 
5.29357e+07  5.10013e+07  28.1159  1.27503e+07  0 
9.31382e+07  9.11474e+07  49.7302  2.27869e+07  0 
6.48302e+13  6.48302e+13  3.48549e+07  1.62075e+13  0 
4.8588e+07  4.6742e+07  25.7785  1.16855e+07  0 
2.88042e+07  2.69547e+07  15.142  6.73868e+06  0 
3.94342e+07  3.73198e+07  20.8571  9.32995e+06  0 
2.86512e+07  2.68586e+07  15.0598  6.71465e+06  0 
8.80773e+07  8.5924e+07  47.0093  2.1481e+07  0 
3.6969e+14  3.6969e+14  1.98758e+08  9.24224e+13  0 
5.68659e+07  5.47973e+07  30.229  1.36993e+07  0 
5.02317e+07  4.81718e+07  26.6622  1.20429e+07  0 
5.82314e+07  5.64122e+07  30.9631  1.4103e+07  0 
4.89774e+07  4.69489e+07  25.9878  1.17372e+07  0 
3.3347e+13  3.3347e+13  1.79285e+07  8.33676e+12  0 
1.3735e+14  1.3735e+14  7.38442e+07  3.43376e+13  0 
4.56499e+07  4.37061e+07  24.1989  1.09265e+07  0 
6.57495e+07  6.36637e+07  35.0051  1.59159e+07  0 
2.72296e+07  2.52049e+07  14.2955  6.30123e+06  0 
6.88634e+07  6.69657e+07  36.6792  1.67414e+07  0 
3.1486e+07  2.96373e+07  16.5839  7.40932e+06  0 
4.89571e+07  4.69094e+07  25.9769  1.17273e+07  0 
4.45113e+07  4.27034e+07  23.5867  1.06758e+07  0 
2.71793e+07  2.51049e+07  14.2684  6.27624e+06  0 
4.16658e+07  3.96913e+07  22.0569  9.92283e+06  0 
5.06624e+07  4.85977e+07  26.8938  1.21494e+07  0 
7.1093e+07  6.92998e+07  37.878  1.73249e+07  0 
5.41265e+14  5.41265e+14  2.91002e+08  1.35316e+14  0 
2.37882e+07  2.16778e+07  12.4452  5.41946e+06  0 
5.31138e+07  5.12499e+07  28.2117  1.28125e+07  0 
7.03596e+07  6.85291e+07  37.4837  1.71323e+07  0 
5.63297e+07  5.43523e+07  29.9407  1.35881e+07  0 
4.39746e+07  4.19367e+07  23.2982  1.04842e+07  0 
5.45354e+07  5.24207e+07  28.976  1.31052e+07  0 
4.35903e+07  4.16427e+07  23.0916  1.04107e+07  0 
4.97205e+07  4.786e+07  26.3874  1.1965e+07  0 
5.5113e+07  5.31668e+07  29.2866  1.32917e+07  0 
4.59143e+07  4.39902e+07  24.341  1.09976e+07  0 
7.10646e+13  7.10646e+13  3.82068e+07  1.77661e+13  0 
5.11167e+07  4.91338e+07  27.138  1.22834e+07  0 
9.65541e+07  9.45054e+07  51.5667  2.36264e+07  0 
7.19568e+07  7.00564e+07  38.3423  1.75141e+07  0 
7.39793e+07  7.20063e+07  39.4297  1.80016e+07  0 
2.67269e+13  2.67269e+13  1.43693e+07  6.68171e+12  0 
5.22562e+07  5.03175e+07  27.7507  1.25794e+07  0 
2.85843e+13  2.85843e+13  1.53679e+07  7.14607e+12  0 
4.46406e+07  4.27451e+07  23.6562  1.06863e+07  0 

1.3608e+06  2.00624  0.387527  0.501561  0 
2.07768e+06  1.04654  0.772946  0.261635  0 
2.36011e+06  104595  0.924792  26148.7  1 
2.49855e+06  395914  0.999222  98978.5  2 
7.10985e+06  5.01633e+06  3.47841  1.25408e+06  4 
7.30201e+06  5.13049e+06  3.58173  1.28262e+06  5 
7.30901e+06  5.02445e+06  3.58549  1.25611e+06  5 
8.69939e+06  6.48371e+06  4.333  1.62093e+06  8 
9.21132e+06  7.00092e+06  4.60824  1.75023e+06  10 
9.61196e+06  7.40324e+06  4.82363  1.85081e+06  11 
1.07862e+07  8.81249e+06  5.45497  2.20312e+06  12 
1.26128e+07  1.04864e+07  6.43699  2.6216e+06  15 
1.30703e+07  1.09936e+07  6.68296  2.7484e+06  16 
1.76269e+07  1.53726e+07  9.13275  3.84315e+06  24 
2.24488e+07  2.0362e+07  11.7252  5.0905e+06  40 
2.25578e+07  2.04393e+07  11.7837  5.10982e+06  41 
2.38801e+07  2.17021e+07  12.4947  5.42554e+06  46 
2.39926e+07  2.19193e+07  12.5552  5.47982e+06  48 
2.7152e+07  2.51734e+07  14.2538  6.29336e+06  52 
3.40092e+07  3.21451e+07  17.9404  8.03628e+06  56 
4.10206e+07  3.88296e+07  21.71  9.7074e+06  57 
4.15353e+07  3.94845e+07  21.9867  9.87111e+06  59 
4.22691e+07  4.01907e+07  22.3812  1.00477e+07  60 
4.5609e+07  4.34293e+07  24.1769  1.08573e+07  67 
4.59602e+07  4.39967e+07  24.3657  1.09992e+07  70 
4.65068e+07  4.44735e+07  24.6596  1.11184e+07  73 
4.74453e+07  4.53962e+07  25.1641  1.1349e+07  78 
6.34807e+07  6.17361e+07  33.7853  1.5434e+07  84 
2.68314e+07  2.45802e+07  14.0814  6.14506e+06  50 
1.87286e+07  1.66447e+07  9.72505  4.16117e+06  27 
1.91759e+07  1.70896e+07  9.96554  4.2724e+06  29 
6.86809e+07  6.63692e+07  36.5811  1.65923e+07  85 
4.65583e+07  4.4616e+07  24.6873  1.1154e+07  74 
5.62802e+07  5.39932e+07  29.9141  1.34983e+07  82 
4.67422e+07  4.47226e+07  24.7861  1.11806e+07  76 
1.09274e+07  8.75732e+06  5.53086  2.18933e+06  12 
2.11144e+07  1.90031e+07  11.0077  4.75077e+06  35 
4.98534e+07  4.77793e+07  26.4588  1.19448e+07  81 
4.28074e+07  4.06267e+07  22.6706  1.01567e+07  61 
4.57418e+07  4.36111e+07  24.2483  1.09028e+07  68 
2.07524e+07  1.85638e+07  10.8131  4.64095e+06  34 
1.52068e+07  1.3025e+07  7.83162  3.25624e+06  20 
4.65971e+07  4.46723e+07  24.7081  1.11681e+07  75 
4.32974e+07  4.13291e+07  22.9341  1.03323e+07  64 
2.35802e+07  2.14389e+07  12.3334  5.35972e+06  44 
4.28419e+07  4.08146e+07  22.6892  1.02037e+07  62 
1.67799e+07  1.4606e+07  8.67739  3.6515e+06  22 
4.10291e+07  3.90217e+07  21.7146  9.75544e+06  58 
1.8919e+07  1.68603e+07  9.82744  4.21508e+06  28 
1.84156e+07  1.61947e+07  9.55678  4.04866e+06  26 
2.15568e+07  1.95072e+07  11.2456  4.87679e+06  36 
6.91431e+07  6.7034e+07  36.8296  1.67585e+07  86 
1.39249e+07  1.18007e+07  7.14243  2.95017e+06  17 
1.82454e+07  1.61723e+07  9.4653  4.04308e+06  25 
2.69765e+07  2.49595e+07  14.1594  6.23987e+06  51 
1.43443e+07  1.20597e+07  7.3679  3.01493e+06  18 
4.97279e+07  4.76759e+07  26.3913  1.1919e+07  80 
1.15184e+07  9.27826e+06  5.84861  2.31957e+06  13 
6.8087e+06  4.81742e+06  3.3165  1.20435e+06  3 
1.90568e+07  1.70917e+07  9.90151  4.27292e+06  29 
2.35899e+07  2.14897e+07  12.3387  5.37242e+06  45 
8.33954e+07  8.13408e+07  44.4921  2.03352e+07  87 
1.95743e+07  1.74039e+07  10.1797  4.35098e+06  31 
7.96627e+06  5.82715e+06  3.93885  1.45679e+06  7 
4.52014e+07  4.29603e+07  23.9577  1.07401e+07  66 
2.02316e+07  1.82336e+07  10.5331  4.5584e+06  33 
8.97242e+06  6.90579e+06  4.4798  1.72645e+06  9 
4.62683e+07  4.43171e+07  24.5314  1.10793e+07  71 
4.68919e+07  4.48332e+07  24.8666  1.12083e+07  77 
4.64974e+07  4.44462e+07  24.6545  1.11115e+07  72 
6.28491e+07  6.07933e+07  33.4458  1.51983e+07  83 
2.17039e+07  1.95806e+07  11.3247  4.89515e+06  37 
1.23997e+07  1.02858e+07  6.3224  2.57144e+06  14 
4.66577e+07  4.44283e+07  24.7407  1.11071e+07  72 
2.51748e+07  2.30309e+07  13.1907  5.75772e+06  49 
4.57549e+07  4.37629e+07  24.2553  1.09407e+07  69 
1.88981e+07  1.69061e+07  9.8162  4.22653e+06  28 
1.53116e+07  1.32017e+07  7.88793  3.30043e+06  21 
4.33608e+07  4.13558e+07  22.9682  1.0339e+07  65 
2.23196e+07  2.03864e+07  11.6557  5.0966e+06  39 
1.94163e+07  1.73374e+07  10.0948  4.33435e+06  30 
2.79305e+07  2.55146e+07  14.6723  6.37866e+06  53 
2.15694e+07  1.94802e+07  11.2524  4.87005e+06  36 
2.87998e+07  2.66442e+07  15.1397  6.66104e+06  54 
2.31902e+07  2.11442e+07  12.1238  5.28606e+06  43 
3.02083e+07  2.80586e+07  15.8969  7.01465e+06  55 
2.25713e+07  2.0492e+07  11.791  5.12299e+06  42 
1.47832e+07  1.24993e+07  7.60385  3.12483e+06  19 
4.7422e+07  4.54075e+07  25.1516  1.13519e+07  78 
2.16352e+07  1.96228e+07  11.2878  4.90571e+06  37 
2.19526e+07  1.96306e+07  11.4584  4.90764e+06  38 
1.70006e+07  1.48703e+07  8.79601  3.71758e+06  23 
7.57662e+06  5.42742e+06  3.72937  1.35686e+06  6 
2.01195e+07  1.79127e+07  10.4729  4.47818e+06  32 
4.30009e+07  4.09727e+07  22.7747  1.02432e+07  63 
2.38981e+07  2.17237e+07  12.5044  5.43093e+06  47 
2.24171e+07  2.0145e+07  11.7081  5.03625e+06  39 
4.67428e+07  4.44642e+07  24.7864  1.11161e+07  73 
4.82677e+07  4.61241e+07  25.6063  1.1531e+07  79 
1.14533e+08  1.12502e+08  61.2328  2.81254e+07  88 

1.1304e+06  2.18647  0.263656  0.546619  0 
2.36352e+06  1.01432  0.926624  0.253581  0 
1.84368e+06  1.17203  0.64714  0.293007  0 
1.55232e+06  1.45322  0.490495  0.363306  0 
2.0076e+06  1.04324  0.735269  0.260811  0 
2.03328e+06  1.3386  0.749075  0.334651  1 
1.74024e+06  1.72375  0.591527  0.430938  1 
1.90752e+06  1.36678  0.681462  0.341694  1 
1.848e+06  1.51274  0.649462  0.378184  1 
2.0424e+06  1.31393  0.753978  0.328482  1 
1.6968e+06  2.17316  0.568172  0.54329  1 
1.90344e+06  1.77468  0.679269  0.443671  2 
2.00208e+06  1.90936  0.732301  0.47734  3 
2.43368e+06  237197  0.964342  59299.4  4 
3.08954e+06  895941  1.31696  223985  5 
3.6093e+06  1.35858e+06  1.5964  339646  6 
3.59022e+06  1.4295e+06  1.58614  357375  6 
3.91294e+06  1.79086e+06  1.75964  447714  7 
4.23514e+06  1.9465e+06  1.93287  486625  8 
4.50451e+06  2.35675e+06  2.07769  589187  9 
4.71798e+06  2.58511e+06  2.19246  646276  10 
4.98942e+06  2.7591e+06  2.3384  689775  11 
5.38535e+06  3.30959e+06  2.55126  827397  12 
5.83084e+06  3.60268e+06  2.79077  900669  13 
6.01437e+06  3.94317e+06  2.88945  985792  14 
6.70617e+06  4.43265e+06  3.26138  1.10816e+06  15 
6.80457e+06  4.66977e+06  3.31429  1.16744e+06  16 
7.06771e+06  4.70491e+06  3.45576  1.17623e+06  17 
7.01432e+06  4.74032e+06  3.42706  1.18508e+06  17 
6.91633e+06  4.99201e+06  3.37437  1.248e+06  17 
7.02789e+06  4.78149e+06  3.43435  1.19537e+06  18 
7.1708e+06  4.91192e+06  3.51118  1.22798e+06  19 
7.30105e+06  5.21881e+06  3.58121  1.3047e+06  20 
7.60062e+06  5.50182e+06  3.74227  1.37546e+06  21 
8.77951e+06  6.67951e+06  4.37608  1.66988e+06  22 
8.83166e+06  6.57398e+06  4.40412  1.6435e+06  22 
9.08674e+06  6.9361e+06  4.54126  1.73402e+06  24 
9.3251e+06  7.13246e+06  4.66941  1.78312e+06  26 
9.77816e+06  7.5884e+06  4.91299  1.8971e+06  28 
1.02534e+07  8.06341e+06  5.1685  2.01585e+06  30 
1.05366e+07  8.58039e+06  5.32077  2.1451e+06  32 
1.05519e+07  8.45474e+06  5.32896  2.11369e+06  32 
1.07472e+07  8.62108e+06  5.434  2.15527e+06  33 
1.11401e+07  9.25444e+06  5.64522  2.31361e+06  34 
1.18953e+07  9.58991e+06  6.05126  2.39748e+06  35 
1.24605e+07  1.02194e+07  6.35511  2.55485e+06  36 
1.23238e+07  1.02922e+07  6.28162  2.57305e+06  36 
1.25056e+07  1.01628e+07  6.37937  2.54069e+06  36 
1.40746e+07  1.20838e+07  7.22292  3.02096e+06  39 
1.45316e+07  1.23051e+07  7.46861  3.07628e+06  40 
1.57973e+07  1.33975e+07  8.14906  3.34937e+06  43 
1.63511e+07  1.42331e+07  8.44683  3.55828e+06  45 
1.6626e+07  1.44864e+07  8.59461  3.6216e+06  46 
1.67757e+07  1.45008e+07  8.67513  3.6252e+06  47 
1.69636e+07  1.50081e+07  8.77615  3.75203e+06  48 
1.79316e+07  1.58134e+07  9.29658  3.95335e+06  49 
1.86194e+07  1.67117e+07  9.66637  4.17792e+06  50 
1.9742e+07  1.76252e+07  10.2699  4.4063e+06  52 
2.08092e+07  1.87047e+07  10.8437  4.67617e+06  56 
2.21728e+07  2.0123e+07  11.5768  5.03074e+06  58 
2.22107e+07  2.01643e+07  11.5972  5.04107e+06  59 
2.55712e+07  2.34587e+07  13.4039  5.86467e+06  61 
2.72961e+07  2.52744e+07  14.3313  6.3186e+06  63 
2.7535e+07  2.55812e+07  14.4597  6.39529e+06  64 
3.75746e+07  3.54674e+07  19.8573  8.86686e+06  65 
4.09725e+07  3.88672e+07  21.6841  9.7168e+06  66 
4.14019e+07  3.94653e+07  21.915  9.86632e+06  69 
4.19911e+07  3.99461e+07  22.2318  9.98652e+06  71 
4.46308e+07  4.25668e+07  23.651  1.06417e+07  43 
4.58883e+07  4.39568e+07  24.327  1.09892e+07  73 
4.65517e+07  4.45924e+07  24.6837  1.11481e+07  17 
4.89712e+07  4.69015e+07  25.9845  1.17254e+07  76 
1.14569e+08  1.12471e+08  61.252  2.81177e+07  79 
1.58446e+07  1.37724e+07  8.17451  3.44311e+06  44 
2.0368e+07  1.82522e+07  10.6064  4.56304e+06  54 
1.28148e+07  1.07004e+07  6.5456  2.6751e+06  37 
9.25819e+06  6.99427e+06  4.63343  1.74857e+06  25 
4.70419e+07  4.50847e+07  24.9473  1.12712e+07  75 
1.98862e+07  1.7815e+07  10.3474  4.45375e+06  53 
2.17956e+07  1.98192e+07  11.374  4.9548e+06  57 
4.51315e+07  4.29651e+07  23.9202  1.07413e+07  69 
2.06337e+07  1.83633e+07  10.7493  4.59083e+06  55 
1.31935e+07  1.0979e+07  6.7492  2.74476e+06  38 
4.62517e+07  4.42892e+07  24.5224  1.10723e+07  74 
1.01457e+07  7.88586e+06  5.11059  1.97146e+06  29 
1.11917e+07  8.96493e+06  5.67293  2.24123e+06  34 
4.11443e+07  3.92491e+07  21.7765  9.81226e+06  68 
4.11356e+07  3.89125e+07  21.7718  9.72813e+06  67 
4.18515e+07  3.97467e+07  22.1567  9.93666e+06  70 
1.87044e+07  1.67273e+07  9.71204  4.18182e+06  51 
2.18772e+07  1.97673e+07  11.4178  4.94183e+06  57 
9.64779e+06  7.61715e+06  4.8429  1.90429e+06  28 
9.60767e+06  7.38887e+06  4.82133  1.84722e+06  27 
2.45083e+07  2.24402e+07  12.8324  5.61005e+06  60 
1.31985e+07  1.09434e+07  6.75187  2.73586e+06  38 
1.54681e+07  1.32997e+07  7.9721  3.32493e+06  42 
9.02948e+06  6.79676e+06  4.51047  1.69919e+06  23 
1.0296e+07  8.15354e+06  5.19141  2.03838e+06  31 
2.71646e+07  2.52e+07  14.2605  6.29999e+06  62 
1.4685e+07  1.26176e+07  7.55107  3.15441e+06  41 

1.1028e+06  2.18635  0.248817  0.546586  0 
2.18088e+06  0.887382  0.82843  0.221846  0 
1.55952e+06  1.03723  0.494366  0.259308  0 
1.27464e+06  1.68226  0.341204  0.420565  0 
1.4076e+06  1.37771  0.412688  0.344427  0 
2.11032e+06  0.917928  0.790495  0.229482  0 
1.49904e+06  1.26899  0.461849  0.317247  0 
2.02344e+06  0.971066  0.743785  0.242766  0 
1.45848e+06  1.36906  0.440043  0.342266  0 
1.49592e+06  1.34932  0.460172  0.337329  0 
1.53744e+06  1.26578  0.482495  0.316445  0 
1.7652e+06  1.1826  0.604946  0.295651  1 
1.68552e+06  1.18494  0.562108  0.296235  1 
1.67856e+06  1.23469  0.558366  0.308673  1 
1.66152e+06  1.26582  0.549204  0.316455  1 
1.34232e+06  1.98617  0.377591  0.496542  1 
1.77168e+06  1.12876  0.60843  0.282191  1 
1.44408e+06  1.43274  0.432301  0.358185  1 
1.51128e+06  1.41122  0.46843  0.352806  1 
1.62264e+06  1.40247  0.528301  0.350617  1 
1.46568e+06  1.551  0.443914  0.38775  2 
2.0688e+06  1.14343  0.768172  0.285857  2 
1.6776e+06  1.38287  0.557849  0.345717  2 
1.70952e+06  1.29933  0.575011  0.324834  2 
1.4784e+06  1.53189  0.450753  0.382973  2 
1.44672e+06  1.6708  0.43372  0.417701  2 
1.62648e+06  1.44404  0.530366  0.36101  2 
1.54464e+06  1.50244  0.486366  0.37561  2 
1.53e+06  1.77111  0.478495  0.442777  3 
2.1024e+06  1.30211  0.786237  0.325528  3 
1.45752e+06  1.95575  0.439527  0.488937  3 
1.75848e+06  1.4207  0.601333  0.355175  3 
1.54848e+06  1.74993  0.48843  0.437483  3 
1.56312e+06  1.57367  0.496301  0.393418  3 
1.54896e+06  1.7031  0.488688  0.425776  3 
1.9716e+06  1.35802  0.715914  0.339505  3 
1.50264e+06  2.23778  0.463785  0.559445  4 
1.54776e+06  1.82843  0.488043  0.457108  4 
1.86e+06  1.53536  0.655914  0.383841  4 
2.02176e+06  1.4254  0.742882  0.356351  4 
1.62096e+06  1.60044  0.527398  0.400109  4 
1.6068e+06  1.76852  0.519785  0.442131  4 
2.232e+06  1.3935  0.855914  0.348374  4 
1.602e+06  1.82004  0.517204  0.455011  4 
2.11128e+06  1.53762  0.791011  0.384405  5 
1.72584e+06  1.6942  0.583785  0.423549  5 
1.56792e+06  2.11941  0.498882  0.529854  5 
1.64664e+06  2.12062  0.541204  0.530156  6 
2.0112e+06  1.78552  0.737204  0.446379  6 
1.85568e+06  2.07799  0.653591  0.519497  6 
1.87296e+06  1.93199  0.662882  0.482996  6 
1.9008e+06  1.95805  0.677849  0.489512  7 
1.692e+06  2.24205  0.565591  0.560512  7 
2.0529e+06  197458  0.759622  49364.4  8 
2.07864e+06  2.38507  0.773462  0.596268  8 
2.1168e+06  22803.5  0.793979  5700.88  9 
2.48609e+06  186887  0.992519  46721.8  10 
2.50724e+06  425005  1.00389  106251  11 
2.552e+06  457760  1.02796  114440  12 
2.77511e+06  459109  1.14791  114777  13 
2.57777e+06  628249  1.04181  157062  13 
2.81099e+06  614747  1.1672  153687  14 
3.16389e+06  925412  1.35693  231353  15 
2.91002e+06  927619  1.22044  231905  15 
3.11079e+06  942149  1.32838  235537  16 
2.97784e+06  1.07296e+06  1.2569  268241  16 
3.25204e+06  1.24204e+06  1.40432  310510  17 
3.62367e+06  1.53495e+06  1.60412  383738  18 
3.67917e+06  1.58397e+06  1.63396  395993  19 
3.69251e+06  1.58315e+06  1.64113  395788  19 
3.78643e+06  1.72867e+06  1.69163  432167  20 
4.37832e+06  2.23536e+06  2.00985  558841  21 
4.2962e+06  2.30492e+06  1.9657  576230  21 
4.39003e+06  2.20963e+06  2.01614  552407  21 
4.42327e+06  2.22439e+06  2.03401  556097  22 
4.78218e+06  2.6385e+06  2.22698  659625  23 
5.42264e+06  3.35984e+06  2.57131  839959  24 
5.43157e+06  3.72685e+06  2.57611  931713  25 
5.47779e+06  3.91347e+06  2.60096  978367  26 
6.00193e+06  3.73513e+06  2.88276  933783  26 
5.90891e+06  4.10148e+06  2.83275  1.02537e+06  27 
6.11669e+06  3.86885e+06  2.94446  967213  27 
6.25124e+06  4.10012e+06  3.0168  1.02503e+06  28 
6.49403e+06  4.56827e+06  3.14733  1.14207e+06  29 
6.58677e+06  4.90773e+06  3.19719  1.22693e+06  30 
6.83163e+06  4.99563e+06  3.32883  1.24891e+06  31 
6.87835e+06  4.92644e+06  3.35395  1.23161e+06  31 
7.26552e+06  5.2272e+06  3.56211  1.3068e+06  32 
7.28934e+06  5.27454e+06  3.57492  1.31864e+06  33 
7.31822e+06  5.2511e+06  3.59044  1.31278e+06  33 
8.48656e+06  6.16001e+06  4.21858  1.54e+06  34 
8.53698e+06  6.51354e+06  4.24569  1.62838e+06  35 
8.76589e+06  6.70621e+06  4.36876  1.67655e+06  36 
8.88378e+06  6.7557e+06  4.43214  1.68893e+06  37 
9.0769e+06  7.17443e+06  4.53597  1.79361e+06  38 
9.20163e+06  7.16379e+06  4.60303  1.79095e+06  38 
9.2315e+06  7.39478e+06  4.61908  1.84869e+06  39 
1.03668e+07  8.15616e+06  5.22946  2.03904e+06  40 
1.04474e+07  8.21996e+06  5.2728  2.05499e+06  41 
1.24134e+07  1.02752e+07  6.32979  2.56881e+06  42 

1.08048e+06  2.17949  0.236817  0.544873  0 
2.10864e+06  0.848832  0.789591  0.212208  0 
1.54992e+06  0.98409  0.489204  0.246023  0 
1.22664e+06  1.39513  0.315398  0.348783  0 
1.38456e+06  1.05653  0.400301  0.264132  0 
1.2576e+06  1.13516  0.332043  0.283791  0 
1.9668e+06  0.859511  0.713333  0.214878  0 
1.84632e+06  0.893509  0.648559  0.223377  0 
1.76688e+06  0.93571  0.605849  0.233928  0 
1.21032e+06  1.62692  0.306624  0.406729  0 
1.5912e+06  0.970201  0.511398  0.24255  0 
1.25496e+06  1.34285  0.330624  0.335712  0 
1.48344e+06  1.09888  0.453462  0.27472  1 
1.2672e+06  1.2154  0.337204  0.303849  1 
1.22736e+06  1.40817  0.315785  0.352042  1 
1.22352e+06  1.80258  0.31372  0.450644  1 
1.22544e+06  1.69259  0.314753  0.423148  1 
1.55232e+06  1.06564  0.490495  0.26641  1 
1.3512e+06  1.17233  0.382366  0.293082  1 
1.22016e+06  2.01485  0.311914  0.503713  1 
1.794e+06  0.9997  0.62043  0.249925  1 
1.82832e+06  0.998809  0.638882  0.249702  1 
1.89696e+06  0.965221  0.675785  0.241305  1 
1.8852e+06  0.989159  0.669462  0.24729  1 
2.03208e+06  0.955223  0.74843  0.238806  1 
1.68096e+06  1.0369  0.559656  0.259226  1 
1.2636e+06  1.55102  0.335269  0.387754  2 
1.56576e+06  1.12921  0.49772  0.282303  2 
1.69992e+06  1.05667  0.569849  0.264167  2 
1.2336e+06  1.63267  0.31914  0.408166  2 
1.2348e+06  1.61202  0.319785  0.403004  2 
1.22952e+06  1.94086  0.316946  0.485216  2 
1.58088e+06  1.06954  0.505849  0.267386  2 
1.36224e+06  1.18626  0.388301  0.296564  2 
1.80312e+06  1.0062  0.625333  0.25155  2 
1.34928e+06  1.23958  0.381333  0.309896  2 
1.22352e+06  2.24164  0.31372  0.560409  2 
1.22688e+06  2.05623  0.315527  0.514057  2 
1.2756e+06  1.3791  0.34172  0.344776  2 
1.49712e+06  1.17127  0.460817  0.292817  2 
1.55256e+06  1.14073  0.490624  0.285182  2 
1.51872e+06  1.15538  0.47243  0.288845  2 
1.5624e+06  1.13855  0.495914  0.284637  2 
1.332e+06  1.36153  0.372043  0.340383  2 
1.57992e+06  1.1218  0.505333  0.28045  2 
1.25952e+06  1.74511  0.333075  0.436277  3 
1.84248e+06  1.02964  0.646495  0.257411  3 
1.29504e+06  1.42438  0.352172  0.356094  3 
1.32456e+06  1.42254  0.368043  0.355636  3 
1.36176e+06  1.31093  0.388043  0.327731  3 
1.7676e+06  1.06943  0.606237  0.267358  3 
1.38552e+06  1.20578  0.400817  0.301444  3 
1.75008e+06  1.07686  0.596817  0.269215  3 
1.572e+06  1.16888  0.501075  0.29222  3 
1.32792e+06  1.41141  0.369849  0.352851  3 
1.63512e+06  1.07847  0.535011  0.269618  3 
1.63152e+06  1.12212  0.533075  0.280529  3 
1.25496e+06  1.92879  0.330624  0.482197  4 
1.23648e+06  2.14968  0.320688  0.53742  3 
1.28616e+06  1.50228  0.347398  0.375569  3 
1.61424e+06  1.12271  0.523785  0.280678  3 
1.43928e+06  1.19513  0.42972  0.298782  3 
1.26e+06  2.31296  0.333333  0.578239  5 
1.64376e+06  1.17883  0.539656  0.294708  4 
1.47384e+06  1.20886  0.448301  0.302214  4 
1.2672e+06  2.17536  0.337204  0.543839  5 
1.8432e+06  1.04537  0.646882  0.261344  4 
1.7016e+06  1.10518  0.570753  0.276295  5 
1.35456e+06  1.59263  0.384172  0.398158  4 
1.57536e+06  1.18069  0.502882  0.295172  4 
1.39632e+06  1.3247  0.406624  0.331175  4 
1.68456e+06  1.1378  0.561591  0.28445  4 
1.83312e+06  1.10321  0.641462  0.275801  4 
1.30992e+06  1.60567  0.360172  0.401417  4 
1.43544e+06  1.2396  0.427656  0.3099  4 
1.37832e+06  1.411  0.396946  0.35275  4 
1.72296e+06  1.11151  0.582237  0.277877  4 
1.45152e+06  1.31573  0.436301  0.328933  5 
1.5996e+06  1.22051  0.515914  0.305128  5 
1.48872e+06  1.28177  0.456301  0.320441  5 
1.43808e+06  1.33606  0.429075  0.334015  5 
1.69008e+06  1.14881  0.564559  0.287202  5 
1.344e+06  1.61364  0.378495  0.403409  5 
1.86384e+06  1.10144  0.657978  0.275361  4 
1.30992e+06  1.72368  0.360172  0.430919  5 
1.42368e+06  1.39951  0.421333  0.349876  5 
1.38552e+06  1.43365  0.400817  0.358412  5 
1.62456e+06  1.21278  0.529333  0.303194  5 
1.55064e+06  1.23576  0.489591  0.30894  5 
1.85616e+06  1.13666  0.653849  0.284165  6 
1.33296e+06  1.72647  0.372559  0.431618  6 
1.41144e+06  1.45929  0.414753  0.364822  6 
1.49304e+06  1.3803  0.458624  0.345074  6 
1.74144e+06  1.13674  0.592172  0.284185  6 
1.60056e+06  1.22185  0.51643  0.305462  6 
1.53696e+06  1.28967  0.482237  0.322417  6 
1.464e+06  1.43016  0.443011  0.357541  6 
2.04792e+06  1.10432  0.756946  0.27608  5 
1.61016e+06  1.30154  0.521591  0.325384  7 
1.86946e+06  145297  0.660998  36324.2  4 

1.07472e+06  2.17934  0.23372  0.544835  0 
2.10216e+06  0.838484  0.786108  0.209621  0 
1.51272e+06  0.929906  0.469204  0.232477  0 
1.15656e+06  1.36736  0.27772  0.34184  0 
1.34448e+06  1.02076  0.378753  0.255189  0 
1.19256e+06  1.14885  0.297075  0.287212  0 
1.3044e+06  1.03974  0.357204  0.259935  0 
1.45056e+06  0.935776  0.435785  0.233944  0 
2.05272e+06  0.851498  0.759527  0.212875  0 
2.00664e+06  0.855908  0.734753  0.213977  0 
1.12224e+06  1.6019  0.259269  0.400476  0 
1.95312e+06  0.873445  0.705978  0.218361  0 
1.91256e+06  0.876046  0.684172  0.219012  0 
1.86384e+06  0.884306  0.657978  0.221076  0 
1.8336e+06  0.885484  0.64172  0.221371  0 
1.2612e+06  1.10969  0.333978  0.277422  0 
1.81608e+06  0.89275  0.632301  0.223187  0 
1.68984e+06  0.896195  0.56443  0.224049  0 
1.42008e+06  0.992824  0.419398  0.248206  0 
1.6608e+06  0.906734  0.548817  0.226683  0 
1.29288e+06  1.0922  0.351011  0.273051  0 
1.39728e+06  1.00508  0.40714  0.251271  0 
1.63488e+06  0.915835  0.534882  0.228959  0 
1.61136e+06  0.924296  0.522237  0.231074  0 
1.38576e+06  1.01599  0.400946  0.253997  0 
1.81944e+06  0.891031  0.634108  0.222758  0 
1.29624e+06  1.10265  0.352817  0.275663  1 
1.69176e+06  0.910597  0.565462  0.227649  1 
1.72776e+06  0.900155  0.584817  0.225039  1 
1.71192e+06  0.907637  0.576301  0.226909  1 
1.9728e+06  0.879011  0.716559  0.219753  1 
1.43184e+06  1.0047  0.42572  0.251174  1 
1.9152e+06  0.889094  0.685591  0.222274  1 
1.96776e+06  0.879988  0.713849  0.219997  1 
1.49424e+06  0.956693  0.459269  0.239173  1 
1.21224e+06  1.37258  0.307656  0.343146  1 
1.30896e+06  1.06873  0.359656  0.267182  1 
1.15152e+06  1.61673  0.275011  0.404182  1 
1.27608e+06  1.12821  0.341978  0.282053  1 
1.35648e+06  1.02674  0.385204  0.256686  1 
2.14632e+06  0.848975  0.809849  0.212244  1 
1.55064e+06  0.946024  0.489591  0.236506  1 
1.22736e+06  1.19271  0.315785  0.298177  1 
1.46496e+06  0.989998  0.443527  0.2475  1 
1.64688e+06  0.922378  0.541333  0.230595  1 
1.53816e+06  0.952761  0.482882  0.23819  1 
1.55304e+06  0.942899  0.490882  0.235725  1 
1.1964e+06  1.52798  0.29914  0.381995  1 
1.48224e+06  0.965478  0.452817  0.241369  1 
1.1316e+06  2.26356  0.264301  0.565889  1 
1.27224e+06  1.15967  0.339914  0.289918  1 
1.68504e+06  0.918667  0.561849  0.229667  1 
1.19592e+06  1.54663  0.298882  0.386657  1 
1.64232e+06  0.930084  0.538882  0.232521  1 
1.25472e+06  1.34141  0.330495  0.335352  2 
1.368e+06  1.03956  0.391398  0.25989  2 
2.1528e+06  0.873823  0.813333  0.218456  2 
1.92912e+06  0.897298  0.693075  0.224324  2 
1.5048e+06  0.995574  0.464946  0.248894  2 
1.3128e+06  1.16126  0.36172  0.290314  2 
1.33536e+06  1.07078  0.373849  0.267695  2 
1.53096e+06  0.973272  0.479011  0.243318  2 
1.21704e+06  1.43373  0.310237  0.358432  2 
1.44984e+06  1.01379  0.435398  0.253448  2 
1.65696e+06  0.934106  0.546753  0.233526  2 
1.5636e+06  0.955795  0.496559  0.238949  2 
1.326e+06  1.0927  0.368817  0.273176  2 
1.45752e+06  1.00653  0.439527  0.251631  2 
1.63392e+06  0.943331  0.534366  0.235833  2 
1.82088e+06  0.903797  0.634882  0.225949  2 
1.28208e+06  1.16571  0.345204  0.291426  2 
2.05296e+06  0.879376  0.759656  0.219844  2 
1.53408e+06  0.957192  0.480688  0.239298  2 
1.19832e+06  1.82685  0.300172  0.456712  2 
1.57104e+06  0.950015  0.500559  0.237504  2 
1.70784e+06  0.917315  0.574108  0.229329  2 
1.50696e+06  0.976813  0.466108  0.244203  2 
1.40016e+06  1.02787  0.408688  0.256968  2 
1.19016e+06  2.02378  0.295785  0.505946  2 
1.57704e+06  0.944392  0.503785  0.236098  2 
1.71768e+06  0.910245  0.579398  0.227561  2 
1.71144e+06  0.916726  0.576043  0.229182  2 
1.48128e+06  1.0135  0.452301  0.253376  3 
1.47072e+06  1.03629  0.446624  0.259072  3 
1.54992e+06  0.96466  0.489204  0.241165  3 
1.24512e+06  1.43374  0.325333  0.358435  3 
1.3932e+06  1.04448  0.404946  0.26112  3 
2.06616e+06  0.889111  0.766753  0.222278  3 
1.47456e+06  1.03335  0.448688  0.258337  3 
1.44864e+06  1.03712  0.434753  0.25928  3 
1.59792e+06  0.94599  0.515011  0.236497  3 
1.8312e+06  0.904985  0.64043  0.226246  3 
1.758e+06  0.911817  0.601075  0.227954  3 
1.35144e+06  1.34355  0.382495  0.335888  3 
1.7352e+06  0.924005  0.588817  0.231001  3 
1.5084e+06  1.32374  0.466882  0.330935  4 
1.78512e+06  0.915797  0.615656  0.228949  4 
1.90104e+06  0.91017  0.677978  0.227543  4 
1.75608e+06  0.929429  0.600043  0.232357  4 
1.76256e+06  0.919812  0.603527  0.229953  4 

1.05936e+06  2.00108  0.225462  0.500269  0 
2.16576e+06  0.824318  0.820301  0.20608  0 
1.59288e+06  0.86911  0.512301  0.217277  0 
1.1904e+06  1.14504  0.295914  0.286261  0 
1.48128e+06  0.912276  0.452301  0.228069  0 
1.36368e+06  0.942215  0.389075  0.235554  0 
1.11144e+06  1.45517  0.253462  0.363792  0 
1.28928e+06  0.989096  0.349075  0.247274  0 
1.1436e+06  1.36001  0.270753  0.340003  0 
1.2312e+06  1.07072  0.317849  0.26768  0 
1.19688e+06  1.09994  0.299398  0.274985  0 
2.10288e+06  0.830941  0.786495  0.207735  0 
1.272e+06  1.00832  0.339785  0.252081  0 
1.33824e+06  0.956806  0.375398  0.239202  0 
1.176e+06  1.27003  0.288172  0.317506  0 
1.90824e+06  0.838863  0.681849  0.209716  0 
1.48728e+06  0.883287  0.455527  0.220822  0 
1.44936e+06  0.916149  0.43514  0.229037  0 
1.8588e+06  0.845179  0.655269  0.211295  0 
1.2612e+06  1.03922  0.333978  0.259806  0 
1.7796e+06  0.847804  0.612688  0.211951  0 
1.71288e+06  0.848801  0.576817  0.2122  0 
1.11648e+06  1.43742  0.256172  0.359355  0 
1.42992e+06  0.929991  0.424688  0.232498  0 
1.32024e+06  0.977006  0.36572  0.244252  0 
1.42344e+06  0.930954  0.421204  0.232738  0 
1.3068e+06  0.979884  0.358495  0.244971  0 
1.41024e+06  0.935444  0.414108  0.233861  0 
1.69896e+06  0.862657  0.569333  0.215664  0 
1.68336e+06  0.864175  0.560946  0.216044  0 
1.3932e+06  0.938394  0.404946  0.234599  0 
1.68024e+06  0.865652  0.559269  0.216413  0 
1.65744e+06  0.868598  0.547011  0.217149  0 
1.5804e+06  0.885168  0.505591  0.221292  1 
1.60584e+06  0.875635  0.519269  0.218909  0 
1.69536e+06  0.864255  0.567398  0.216064  0 
1.15608e+06  1.47677  0.277462  0.369192  0 
1.10208e+06  2.178  0.24843  0.5445  1 
1.70856e+06  0.862784  0.574495  0.215696  1 
1.25328e+06  1.08272  0.32972  0.27068  0 
1.4556e+06  0.940251  0.438495  0.235063  1 
1.48656e+06  0.922646  0.45514  0.230662  1 
1.3356e+06  0.985838  0.373978  0.246459  1 
1.24056e+06  1.08962  0.322882  0.272404  0 
1.76472e+06  0.858446  0.604688  0.214611  0 
1.15776e+06  1.40243  0.278366  0.350606  1 
2.08056e+06  0.838952  0.774495  0.209738  1 
1.35144e+06  0.957748  0.382495  0.239437  0 
1.30536e+06  1.01058  0.35772  0.252645  1 
1.66344e+06  0.870983  0.550237  0.217746  0 
1.50984e+06  0.905812  0.467656  0.226453  1 
1.2756e+06  1.06294  0.34172  0.265736  1 
1.7736e+06  0.849686  0.609462  0.212421  1 
1.39584e+06  0.95718  0.406366  0.239295  1 
1.69488e+06  0.865884  0.56714  0.216471  1 
1.1904e+06  1.15661  0.295914  0.289152  0 
1.5108e+06  0.896373  0.468172  0.224093  1 
1.64544e+06  0.873824  0.540559  0.218456  0 
1.16616e+06  1.3839  0.282882  0.345975  1 
2.106e+06  0.838448  0.788172  0.209612  1 
1.6884e+06  0.867857  0.563656  0.216964  1 
1.56504e+06  0.894818  0.497333  0.223705  1 
1.73016e+06  0.861692  0.586108  0.215423  1 
1.44072e+06  0.956115  0.430495  0.239029  0 
1.13304e+06  1.71999  0.265075  0.429997  1 
1.506e+06  0.916527  0.465591  0.229132  2 
1.57488e+06  0.894022  0.502624  0.223505  1 
1.9356e+06  0.842018  0.696559  0.210505  1 
1.68576e+06  0.868625  0.562237  0.217156  1 
1.48032e+06  0.929417  0.451785  0.232354  1 
1.13136e+06  1.73829  0.264172  0.434572  1 
1.46328e+06  0.934196  0.442624  0.233549  0 
1.13832e+06  1.5855  0.267914  0.396376  1 
1.2948e+06  1.04768  0.352043  0.26192  1 
1.32984e+06  0.999373  0.370882  0.249843  1 
1.66896e+06  0.86948  0.553204  0.21737  0 
1.60488e+06  0.879867  0.518753  0.219967  1 
1.65792e+06  0.871696  0.547269  0.217924  2 
1.74864e+06  0.862906  0.596043  0.215726  0 
1.98552e+06  0.843927  0.723398  0.210982  2 
1.21272e+06  1.16097  0.307914  0.290242  1 
1.88952e+06  0.852171  0.671785  0.213043  2 
1.20624e+06  1.31187  0.30443  0.327966  1 
1.39896e+06  0.95802  0.408043  0.239505  0 
1.33272e+06  1.06625  0.37243  0.266564  0 
1.49112e+06  0.934669  0.457591  0.233667  0 
1.47528e+06  0.945798  0.449075  0.236449  0 
1.52856e+06  0.914746  0.47772  0.228686  2 
1.79544e+06  0.861511  0.621204  0.215378  0 
1.67184e+06  0.874505  0.554753  0.218626  0 
1.2552e+06  1.12925  0.330753  0.282313  2 
1.59792e+06  0.887696  0.515011  0.221924  2 
2.05824e+06  0.843549  0.762495  0.210887  0 
1.34136e+06  1.06084  0.377075  0.265211  0 
1.60632e+06  0.876581  0.519527  0.219145  1 
1.39008e+06  0.968583  0.403269  0.242146  1 
1.686e+06  0.869882  0.562366  0.217471  0 
1.72872e+06  0.867023  0.585333  0.216756  0 
1.28208e+06  1.09042  0.345204  0.272606  0 
1.18344e+06  1.39984  0.292172  0.349961  0 

1.03176e+06  1.6628  0.210624  0.415701  0 
2.16576e+06  0.824318  0.820301  0.20608  0 
1.74288e+06  0.831808  0.592946  0.207952  0 
1.38912e+06  0.900144  0.402753  0.225036  0 
1.12824e+06  1.08049  0.262495  0.270123  0 
1.29912e+06  0.934588  0.354366  0.233647  0 
1.07616e+06  1.35942  0.234495  0.339856  0 
1.24848e+06  0.970012  0.32714  0.242503  0 
1.19376e+06  0.997146  0.29772  0.249286  0 
1.71168e+06  0.840922  0.576172  0.210231  0 
1.66752e+06  0.843034  0.55243  0.210758  0 
1.6272e+06  0.851663  0.530753  0.212916  0 
1.10616e+06  1.25184  0.250624  0.312961  0 
1.59768e+06  0.852914  0.514882  0.213228  0 
1.16304e+06  1.03838  0.281204  0.259594  0 
1.55832e+06  0.860007  0.49372  0.215002  0 
1.51584e+06  0.865484  0.470882  0.216371  0 
1.37352e+06  0.904418  0.394366  0.226104  0 
1.5e+06  0.870504  0.462366  0.217626  0 
1.45992e+06  0.872422  0.440817  0.218106  0 
1.36056e+06  0.908651  0.387398  0.227163  0 
1.11792e+06  1.12433  0.256946  0.281081  0 
1.1856e+06  1.00942  0.293333  0.252356  0 
1.2864e+06  0.953858  0.347527  0.238465  0 
1.4268e+06  0.884449  0.423011  0.221112  0 
1.1484e+06  1.06645  0.273333  0.266613  0 
1.22424e+06  0.983558  0.314108  0.245889  0 
1.35024e+06  0.92344  0.381849  0.23086  0 
1.42296e+06  0.887719  0.420946  0.22193  0 
1.26408e+06  0.961982  0.335527  0.240495  0 
1.06344e+06  1.65576  0.227656  0.41394  0 
1.34712e+06  0.924191  0.380172  0.231048  0 
1.25856e+06  0.963347  0.332559  0.240837  0 
1.24296e+06  0.977163  0.324172  0.244291  0 
1.33416e+06  0.928422  0.373204  0.232106  0 
1.73808e+06  0.835068  0.590366  0.208767  0 
1.91736e+06  0.825979  0.686753  0.206495  0 
1.73448e+06  0.83623  0.58843  0.209057  0 
1.83264e+06  0.82714  0.641204  0.206785  0 
1.72344e+06  0.836578  0.582495  0.209145  0 
1.80288e+06  0.827676  0.625204  0.206919  0 
1.72032e+06  0.837059  0.580817  0.209265  0 
1.32216e+06  0.930896  0.366753  0.232724  0 
1.6512e+06  0.849156  0.543656  0.212289  0 
1.18464e+06  1.02837  0.292817  0.257092  0 
1.5456e+06  0.86364  0.486882  0.21591  0 
1.70208e+06  0.841318  0.571011  0.21033  0 
1.1376e+06  1.07904  0.267527  0.269759  0 
1.0956e+06  1.35821  0.244946  0.339553  0 
1.58736e+06  0.858986  0.509333  0.214746  0 
1.40544e+06  0.899164  0.411527  0.224791  0 
1.62336e+06  0.851937  0.528688  0.212984  0 
1.25664e+06  0.969052  0.331527  0.242263  0 
1.50864e+06  0.869858  0.467011  0.217464  0 
1.35936e+06  0.922854  0.386753  0.230714  0 
1.70112e+06  0.842547  0.570495  0.210637  0 
1.5156e+06  0.869688  0.470753  0.217422  0 
1.03872e+06  2.00905  0.214366  0.502263  0 
1.21512e+06  1.02176  0.309204  0.255441  0 
1.4052e+06  0.901295  0.411398  0.225324  0 
1.302e+06  0.954601  0.355914  0.23865  0 
1.65456e+06  0.852417  0.545462  0.213104  0 
1.42944e+06  0.889811  0.42443  0.222453  0 
1.38984e+06  0.902608  0.40314  0.225652  0 
1.32432e+06  0.93125  0.367914  0.232812  0 
1.77432e+06  0.836209  0.609849  0.209052  0 
1.15752e+06  1.07559  0.278237  0.268897  0 
1.09872e+06  1.39301  0.246624  0.348252  0 
1.28208e+06  0.962959  0.345204  0.24074  0 
1.35696e+06  0.925042  0.385462  0.231261  0 
1.26456e+06  0.964834  0.335785  0.241209  0 
1.60536e+06  0.852965  0.519011  0.213241  0 
1.55952e+06  0.860678  0.494366  0.215169  0 
1.13784e+06  1.09667  0.267656  0.274168  0 
1.48056e+06  0.874097  0.451914  0.218524  0 
1.19616e+06  1.04014  0.299011  0.260035  0 
1.51968e+06  0.868966  0.472946  0.217241  0 
1.67952e+06  0.847358  0.558882  0.21184  0 
1.12416e+06  1.14936  0.260301  0.287341  0 
1.47072e+06  0.879174  0.446624  0.219794  0 
1.88784e+06  0.827711  0.670882  0.206928  0 
1.34928e+06  0.926902  0.381333  0.231725  0 
1.72224e+06  0.840952  0.581849  0.210238  0 
1.7772e+06  0.831838  0.611398  0.20796  0 
1.04112e+06  2.00739  0.215656  0.501847  0 
1.45536e+06  0.886209  0.438366  0.221552  0 
1.06728e+06  1.65847  0.22972  0.414617  0 
1.44e+06  0.886867  0.430108  0.221717  0 
1.308e+06  0.941088  0.35914  0.235272  0 
1.21968e+06  0.999311  0.311656  0.249828  0 
1.75896e+06  0.836322  0.601591  0.209081  0 
1.21584e+06  1.01493  0.309591  0.253733  0 
1.24872e+06  0.982606  0.327269  0.245651  0 
1.41168e+06  0.900978  0.414882  0.225245  0 
1.182e+06  1.04601  0.291398  0.261502  0 
1.3692e+06  0.910449  0.392043  0.227612  0 
1.46304e+06  0.883697  0.442495  0.220924  0 
1.11288e+06  1.26207  0.254237  0.315519  0 
1.26408e+06  0.971129  0.335527  0.242782  0 
1.20024e+06  1.03935  0.301204  0.259837  0 

1.01592e+06  1.71367  0.202108  0.428417  0 
1.86744e+06  0.818845  0.659914  0.204711  0 
1.46784e+06  0.857563  0.445075  0.214391  0 
1.14096e+06  1.0183  0.269333  0.254575  0 
1.04544e+06  1.50581  0.217978  0.376453  0 
1.06416e+06  1.30119  0.228043  0.325299  0 
1.38864e+06  0.875048  0.402495  0.218762  0 
1.07592e+06  1.13712  0.234366  0.284279  0 
1.33056e+06  0.890772  0.371269  0.222693  0 
1.28088e+06  0.918293  0.344559  0.229573  0 
1.09464e+06  1.05513  0.24443  0.263782  0 
1.23816e+06  0.93724  0.321591  0.23431  0 
1.20168e+06  0.955812  0.301978  0.238953  0 
1.02216e+06  1.6624  0.205462  0.415601  0 
1.82544e+06  0.820094  0.637333  0.205023  0 
1.78944e+06  0.825759  0.617978  0.20644  0 
1.76544e+06  0.826242  0.605075  0.20656  0 
1.70496e+06  0.826902  0.572559  0.206726  0 
1.68264e+06  0.830657  0.560559  0.207664  0 
1.662e+06  0.83242  0.549462  0.208105  0 
1.6416e+06  0.833128  0.538495  0.208282  0 
1.18704e+06  0.994387  0.294108  0.248597  0 
1.5948e+06  0.833815  0.513333  0.208454  0 
1.31496e+06  0.895975  0.362882  0.223994  0 
1.56696e+06  0.835662  0.498366  0.208916  0 
1.55784e+06  0.838389  0.493462  0.209597  0 
1.5348e+06  0.838887  0.481075  0.209722  0 
1.5192e+06  0.841635  0.472688  0.210409  0 
1.4496e+06  0.859433  0.435269  0.214858  0 
1.30824e+06  0.895976  0.359269  0.223994  0 
1.27272e+06  0.924156  0.340172  0.231039  0 
1.17744e+06  1.00551  0.288946  0.251377  0 
1.19592e+06  0.980578  0.298882  0.245144  0 
1.08888e+06  1.12163  0.241333  0.280407  0 
1.22184e+06  0.943494  0.312817  0.235874  0 
1.30176e+06  0.90635  0.355785  0.226587  0 
1.08912e+06  1.0584  0.241462  0.264601  0 
1.13544e+06  1.02486  0.266366  0.256214  0 
1.38096e+06  0.879248  0.398366  0.219812  0 
1.5108e+06  0.84605  0.468172  0.211513  0 
1.05864e+06  1.49439  0.225075  0.373597  0 
1.37232e+06  0.880159  0.39372  0.22004  0 
1.43376e+06  0.864581  0.426753  0.216145  0 
1.4988e+06  0.847289  0.46172  0.211822  0 
1.05216e+06  1.49559  0.221591  0.373896  0 
1.41456e+06  0.865947  0.41643  0.216487  0 
1.36272e+06  0.882134  0.388559  0.220533  0 
1.04184e+06  1.62916  0.216043  0.40729  0 
1.03656e+06  1.65556  0.213204  0.413891  0 
1.29864e+06  0.907483  0.354108  0.226871  0 
1.48608e+06  0.851214  0.454882  0.212804  0 
1.11624e+06  1.04894  0.256043  0.262235  0 
1.18344e+06  0.99937  0.292172  0.249842  0 
1.29504e+06  0.912507  0.352172  0.228127  0 
1.35672e+06  0.885336  0.385333  0.221334  0 
1.21944e+06  0.948389  0.311527  0.237097  0 
1.26504e+06  0.93216  0.336043  0.23304  0 
1.47792e+06  0.852813  0.450495  0.213203  0 
1.82304e+06  0.82109  0.636043  0.205272  0 
1.2504e+06  0.933471  0.328172  0.233368  0 
1.41144e+06  0.871713  0.414753  0.217928  0 
1.47576e+06  0.854357  0.449333  0.213589  0 
1.044e+06  1.52364  0.217204  0.380911  0 
1.3872e+06  0.875513  0.40172  0.218878  0 
1.47072e+06  0.854656  0.446624  0.213664  0 
1.56024e+06  0.835825  0.494753  0.208956  0 
1.53168e+06  0.839195  0.479398  0.209799  0 
1.24368e+06  0.9348  0.324559  0.2337  0 
1.28952e+06  0.915952  0.349204  0.228988  0 
1.70184e+06  0.828482  0.570882  0.20712  0 
1.27992e+06  0.918949  0.344043  0.229737  0 
1.17648e+06  1.00624  0.28843  0.251561  0 
1.44768e+06  0.86257  0.434237  0.215642  0 
1.44672e+06  0.86265  0.43372  0.215662  0 
1.6992e+06  0.829105  0.569462  0.207276  0 
1.356e+06  0.888673  0.384946  0.222168  0 
1.47e+06  0.855869  0.446237  0.213967  0 
1.41072e+06  0.873669  0.414366  0.218417  0 
1.2864e+06  0.917219  0.347527  0.229305  0 
1.0512e+06  1.50477  0.221075  0.376193  0 
1.27152e+06  0.931214  0.339527  0.232803  0 
1.3008e+06  0.906566  0.355269  0.226641  0 
1.35144e+06  0.890111  0.382495  0.222528  0 
1.27824e+06  0.923567  0.34314  0.230892  0 
1.40616e+06  0.874511  0.411914  0.218628  0 
1.37208e+06  0.880483  0.393591  0.220121  0 
1.49856e+06  0.849389  0.461591  0.212347  0 
1.05192e+06  1.49647  0.221462  0.374117  0 
1.1868e+06  0.997384  0.293978  0.249346  0 
1.03176e+06  1.66193  0.210624  0.415483  0 
1.776e+06  0.826029  0.610753  0.206507  0 
1.81248e+06  0.825569  0.630366  0.206392  0 
1.55616e+06  0.838743  0.492559  0.209686  0 
1.55808e+06  0.838281  0.493591  0.20957  0 
1.63752e+06  0.833728  0.536301  0.208432  0 
1.48512e+06  0.852803  0.454366  0.213201  0 
1.43016e+06  0.865939  0.424817  0.216485  0 
1.04544e+06  1.50581  0.217978  0.376453  0 
1.044e+06  1.52364  0.217204  0.380911  0 
1.07496e+06  1.65455  0.233849  0.413637  0 

1.01568e+06  1.66029  0.201978  0.415072  0 
1.96344e+06  0.815118  0.711527  0.203779  0 
1.53864e+06  0.834895  0.48314  0.208724  0 
1.20384e+06  0.94167  0.30314  0.235418  0 
1.0512e+06  1.32546  0.221075  0.331366  0 
1.07088e+06  1.05101  0.231656  0.262754  0 
1.49232e+06  0.84622  0.458237  0.211555  0 
1.45032e+06  0.852687  0.435656  0.213172  0 
1.40976e+06  0.861877  0.413849  0.215469  0 
1.16952e+06  0.954505  0.284688  0.238626  0 
1.3704e+06  0.870471  0.392688  0.217618  0 
1.34016e+06  0.880425  0.37643  0.220106  0 
1.02384e+06  1.59184  0.206366  0.397961  0 
1.1448e+06  0.99962  0.271398  0.249905  0 
1.31112e+06  0.890488  0.360817  0.222622  0 
1.28808e+06  0.898878  0.34843  0.22472  0 
1.128e+06  1.01216  0.262366  0.253041  0 
1.26672e+06  0.908602  0.336946  0.22715  0 
1.03704e+06  1.53062  0.213462  0.382655  0 
1.1148e+06  1.02488  0.255269  0.256221  0 
1.83456e+06  0.81668  0.642237  0.20417  0 
1.25832e+06  0.919778  0.33243  0.229944  0 
1.81368e+06  0.817441  0.631011  0.20436  0 
1.06296e+06  1.06414  0.227398  0.266035  0 
1.78968e+06  0.818217  0.618108  0.204554  0 
1.10448e+06  1.03439  0.24972  0.258598  0 
1.7772e+06  0.820209  0.611398  0.205052  0 
1.7616e+06  0.821981  0.603011  0.205495  0 
1.04544e+06  1.49557  0.217978  0.373892  0 
1.23936e+06  0.9295  0.322237  0.232375  0 
1.74432e+06  0.822968  0.59372  0.205742  0 
1.19712e+06  0.943207  0.299527  0.235802  0 
1.73784e+06  0.824601  0.590237  0.20615  0 
1.728e+06  0.825019  0.584946  0.206255  0 
1.04664e+06  1.45145  0.218624  0.362863  0 
1.36536e+06  0.870673  0.389978  0.217668  0 
1.71264e+06  0.825663  0.576688  0.206416  0 
1.05696e+06  1.31659  0.224172  0.329148  0 
1.52808e+06  0.837482  0.477462  0.209371  0 
1.66632e+06  0.826656  0.551785  0.206664  0 
1.4436e+06  0.853723  0.432043  0.213431  0 
1.51752e+06  0.838074  0.471785  0.209519  0 
1.18608e+06  0.9467  0.293591  0.236675  0 
1.2252e+06  0.933871  0.314624  0.233468  0 
1.40616e+06  0.862888  0.411914  0.215722  0 
1.05216e+06  1.31804  0.221591  0.329511  0 
1.30416e+06  0.891976  0.357075  0.222994  0 
1.39608e+06  0.863928  0.406495  0.215982  0 
1.33056e+06  0.88396  0.371269  0.22099  0 
1.65072e+06  0.828545  0.543398  0.207136  0 
1.08024e+06  1.04472  0.236688  0.26118  0 
1.48944e+06  0.846562  0.456688  0.211641  0 
1.03728e+06  1.52453  0.213591  0.381132  0 
1.51176e+06  0.84028  0.468688  0.21007  0 
1.4844e+06  0.846761  0.453978  0.21169  0 
1.4808e+06  0.84699  0.452043  0.211747  0 
1.0212e+06  1.65387  0.204946  0.413468  0 
1.41768e+06  0.856257  0.418108  0.214064  0 
1.35144e+06  0.874961  0.382495  0.21874  0 
1.64568e+06  0.829624  0.540688  0.207406  0 
1.3932e+06  0.865381  0.404946  0.216345  0 
1.60752e+06  0.82996  0.520172  0.20749  0 
1.32576e+06  0.885789  0.368688  0.221447  0 
1.28016e+06  0.904104  0.344172  0.226026  0 
1.39056e+06  0.866392  0.403527  0.216598  0 
1.21152e+06  0.937641  0.307269  0.23441  0 
1.4772e+06  0.848753  0.450108  0.212188  0 
1.47408e+06  0.848784  0.44843  0.212196  0 
1.16784e+06  0.994016  0.283785  0.248504  0 
1.06008e+06  1.31308  0.225849  0.328269  0 
1.2564e+06  0.926009  0.331398  0.231502  0 
1.50984e+06  0.84288  0.467656  0.21072  0 
1.46544e+06  0.849512  0.443785  0.212378  0 
1.38792e+06  0.867344  0.402108  0.216836  0 
1.31808e+06  0.88744  0.364559  0.22186  0 
1.27728e+06  0.905927  0.342624  0.226482  0 
1.50312e+06  0.843634  0.464043  0.210909  0 
1.19568e+06  0.944319  0.298753  0.23608  0 
1.60104e+06  0.832689  0.516688  0.208172  0 
1.20672e+06  0.939471  0.304688  0.234868  0 
1.26576e+06  0.915467  0.33643  0.228867  0 
1.41672e+06  0.860063  0.417591  0.215016  0 
1.28712e+06  0.902404  0.347914  0.225601  0 
1.49808e+06  0.844714  0.461333  0.211179  0 
1.49664e+06  0.844743  0.460559  0.211186  0 
1.32936e+06  0.884504  0.370624  0.221126  0 
1.5156e+06  0.839248  0.470753  0.209812  0 
1.14432e+06  1.00845  0.27114  0.252113  0 
1.33824e+06  0.883006  0.375398  0.220751  0 
1.38408e+06  0.869527  0.400043  0.217382  0 
1.58616e+06  0.834114  0.508688  0.208529  0 
1.4412e+06  0.855529  0.430753  0.213882  0 
1.38072e+06  0.869981  0.398237  0.217495  0 
1.13664e+06  1.01176  0.267011  0.25294  0 
1.52616e+06  0.837693  0.47643  0.209423  0 
1.95888e+06  0.816445  0.709075  0.204111  0 
1.48272e+06  0.846795  0.453075  0.211699  0 
1.4616e+06  0.852511  0.44172  0.213128  0 
1.47912e+06  0.848587  0.45114  0.212147  0 
1.80888e+06  0.818165  0.62843  0.204541  0 

993600  1.72866  0.190108  0.432165  0 
1.89024e+06  0.814381  0.672172  0.203595  0 
1.46976e+06  0.842584  0.446108  0.210646  0 
1.13208e+06  0.987289  0.264559  0.246822  0 
1.02792e+06  1.46296  0.208559  0.365741  0 
1.05624e+06  1.07186  0.223785  0.267965  0 
1.40712e+06  0.859319  0.41243  0.21483  0 
1.35144e+06  0.874961  0.382495  0.21874  0 
1.30368e+06  0.887135  0.356817  0.221784  0 
1.2624e+06  0.901254  0.334624  0.225314  0 
1.22592e+06  0.920301  0.315011  0.230075  0 
1.1952e+06  0.934726  0.298495  0.233682  0 
1.10112e+06  1.02035  0.247914  0.255087  0 
1.0332e+06  1.34993  0.211398  0.337483  0 
1.01064e+06  1.56931  0.199269  0.392329  0 
1.17744e+06  0.951188  0.288946  0.237797  0 
1.08024e+06  1.03929  0.236688  0.259823  0 
1.1628e+06  0.955077  0.281075  0.238769  0 
1.03944e+06  1.32237  0.214753  0.330593  0 
1.81752e+06  0.816307  0.633075  0.204077  0 
1.7928e+06  0.8171  0.619785  0.204275  0 
1.77528e+06  0.817995  0.610366  0.204499  0 
1.764e+06  0.818094  0.604301  0.204523  0 
1.75224e+06  0.820382  0.597978  0.205095  0 
1.14768e+06  0.966049  0.272946  0.241512  0 
1.73952e+06  0.822299  0.59114  0.205575  0 
1.07088e+06  1.05101  0.231656  0.262754  0 
1.72896e+06  0.824033  0.585462  0.206008  0 
1.71576e+06  0.824049  0.578366  0.206012  0 
1.7052e+06  0.824315  0.572688  0.206079  0 
1.66728e+06  0.825571  0.552301  0.206393  0 
1.63176e+06  0.826111  0.533204  0.206528  0 
1.254e+06  0.905843  0.330108  0.226461  0 
1.46304e+06  0.843027  0.442495  0.210757  0 
1.18752e+06  0.936797  0.294366  0.234199  0 
1.61448e+06  0.828534  0.523914  0.207133  0 
1.39632e+06  0.861046  0.406624  0.215262  0 
1.58112e+06  0.829455  0.505978  0.207364  0 
1.29672e+06  0.888677  0.353075  0.222169  0 
1.45392e+06  0.847574  0.437591  0.211893  0 
1.38648e+06  0.863371  0.401333  0.215843  0 
1.28928e+06  0.88969  0.349075  0.222423  0 
1.44888e+06  0.848091  0.434882  0.212023  0 
1.44192e+06  0.848535  0.43114  0.212134  0 
1.57248e+06  0.832127  0.501333  0.208032  0 
1.34208e+06  0.876979  0.377462  0.219245  0 
1.37976e+06  0.864955  0.39772  0.216239  0 
1.374e+06  0.865102  0.394624  0.216275  0 
1.00632e+06  1.71184  0.196946  0.427961  0 
1.14336e+06  0.9782  0.270624  0.24455  0 
1.5456e+06  0.833543  0.486882  0.208386  0 
1.128e+06  1.00883  0.262366  0.252208  0 
1.42872e+06  0.850936  0.424043  0.212734  0 
1.21944e+06  0.926386  0.311527  0.231596  0 
1.2468e+06  0.911997  0.326237  0.227999  0 
1.0356e+06  1.33344  0.212688  0.333361  0 
1.05264e+06  1.31325  0.221849  0.328312  0 
1.53864e+06  0.834895  0.48314  0.208724  0 
1.33608e+06  0.879567  0.374237  0.219892  0 
1.53504e+06  0.835087  0.481204  0.208772  0 
1.11744e+06  1.01294  0.256688  0.253234  0 
1.51632e+06  0.835296  0.47114  0.208824  0 
1.18008e+06  0.944072  0.290366  0.236018  0 
1.50768e+06  0.835749  0.466495  0.208937  0 
1.06224e+06  1.06511  0.227011  0.266277  0 
1.36536e+06  0.868216  0.389978  0.217054  0 
1.28256e+06  0.894701  0.345462  0.223675  0 
1.13736e+06  0.980807  0.267398  0.245202  0 
1.2768e+06  0.894831  0.342366  0.223708  0 
1.4232e+06  0.853693  0.421075  0.213423  0 
1.32864e+06  0.881796  0.370237  0.220449  0 
1.07784e+06  1.04313  0.235398  0.260782  0 
1.4184e+06  0.855026  0.418495  0.213756  0 
1.3596e+06  0.870705  0.386882  0.217676  0 
1.05456e+06  1.30893  0.222882  0.327233  0 
1.13472e+06  0.983685  0.265978  0.245921  0 
1.31208e+06  0.883615  0.361333  0.220904  0 
1.04808e+06  1.31904  0.219398  0.329761  0 
1.41096e+06  0.856328  0.414495  0.214082  0 
1.2048e+06  0.931738  0.303656  0.232934  0 
1.15704e+06  0.963179  0.277978  0.240795  0 
1.00224e+06  1.72595  0.194753  0.431487  0 
1.00752e+06  1.70915  0.197591  0.427288  0 
1.17048e+06  0.952586  0.285204  0.238146  0 
1.45968e+06  0.845104  0.440688  0.211276  0 
1.09704e+06  1.03686  0.24572  0.259215  0 
1.49616e+06  0.840173  0.460301  0.210043  0 
1.06968e+06  1.06272  0.231011  0.265681  0 
1.34016e+06  0.877239  0.37643  0.21931  0 
1.49088e+06  0.840506  0.457462  0.210127  0 
1.11648e+06  1.01319  0.256172  0.253298  0 
1.14672e+06  0.974307  0.27243  0.243577  0 
1.24488e+06  0.918253  0.325204  0.229563  0 
1.26072e+06  0.90389  0.33372  0.225972  0 
1.04712e+06  1.32074  0.218882  0.330186  0 
1.27056e+06  0.899643  0.339011  0.224911  0 
1.02216e+06  1.56772  0.205462  0.391931  0 
1.30272e+06  0.887153  0.356301  0.221788  0 
1.73304e+06  0.822794  0.587656  0.205699  0 
1.4592e+06  0.845589  0.44043  0.211397  0 

