4.6288e+07  4.4409e+07  24.5419  1.11022e+07  0 
5.48848e+07  5.31487e+07  29.1639  1.32872e+07  0 
2.19368e+07  1.99057e+07  11.4499  4.97643e+06  0 
2.25541e+13  2.25541e+13  1.21259e+07  5.63852e+12  0 
8.25071e+13  8.25071e+13  4.43587e+07  2.06268e+13  0 
4.86775e+07  4.66298e+07  25.8266  1.16574e+07  0 
4.62362e+07  4.4377e+07  24.5141  1.10942e+07  0 
2.59929e+13  2.59929e+13  1.39747e+07  6.49821e+12  0 
5.0057e+07  4.81806e+07  26.5683  1.20452e+07  0 
2.36254e+07  2.16586e+07  12.3578  5.41466e+06  0 
5.92547e+07  5.73375e+07  31.5133  1.43344e+07  0 
4.07719e+07  3.86534e+07  21.5763  9.66334e+06  0 
4.37427e+07  4.18446e+07  23.1735  1.04611e+07  0 
8.51759e+07  8.31278e+07  45.4494  2.07819e+07  0 
4.49912e+07  4.3004e+07  23.8447  1.0751e+07  0 
5.17538e+07  4.96785e+07  27.4805  1.24196e+07  0 
3.79961e+13  3.79961e+13  2.0428e+07  9.49903e+12  0 
6.59411e+13  6.59411e+13  3.54522e+07  1.64853e+13  0 
5.52332e+07  5.34186e+07  29.3512  1.33546e+07  0 
6.91375e+07  6.72648e+07  36.8266  1.68162e+07  0 
5.325e+07  5.14351e+07  28.285  1.28588e+07  0 
4.90843e+07  4.70028e+07  26.0453  1.17507e+07  0 
3.19426e+07  2.99453e+07  16.8294  7.48634e+06  0 
4.61483e+07  4.41959e+07  24.4668  1.1049e+07  0 
2.40756e+07  2.21563e+07  12.5998  5.53908e+06  0 
6.92435e+07  6.73267e+07  36.8836  1.68317e+07  0 
5.31829e+07  5.11878e+07  28.2489  1.27969e+07  0 
2.32979e+08  2.31031e+08  124.914  5.77578e+07  0 
7.85251e+12  7.8525e+12  4.22178e+06  1.96313e+12  0 
4.85244e+07  4.6456e+07  25.7443  1.1614e+07  0 
5.63237e+07  5.4378e+07  29.9375  1.35945e+07  0 
8.00151e+07  7.78383e+07  42.6748  1.94596e+07  0 
1.89843e+13  1.89843e+13  1.02066e+07  4.74608e+12  0 
5.60181e+07  5.40969e+07  29.7732  1.35242e+07  0 
5.8352e+07  5.61838e+07  31.0279  1.4046e+07  0 
2.18531e+13  2.18531e+13  1.1749e+07  5.46326e+12  0 
8.59809e+07  8.39105e+07  45.8822  2.09776e+07  0 
1.06592e+08  1.04709e+08  56.9633  2.61772e+07  0 
5.06204e+07  4.86196e+07  26.8712  1.21549e+07  0 
7.46959e+07  7.24877e+07  39.815  1.81219e+07  0 
5.14357e+07  4.96414e+07  27.3095  1.24104e+07  0 
4.15962e+07  3.95334e+07  22.0195  9.88336e+06  0 
5.00995e+07  4.8197e+07  26.5911  1.20492e+07  0 
4.10474e+07  3.89207e+07  21.7244  9.73018e+06  0 
5.55571e+13  5.55571e+13  2.98694e+07  1.38893e+13  0 
4.89108e+07  4.70464e+07  25.952  1.17616e+07  0 
4.81474e+07  4.61794e+07  25.5416  1.15449e+07  0 
6.14279e+07  5.93195e+07  32.6817  1.48299e+07  0 
2.56547e+07  2.36499e+07  13.4487  5.91248e+06  0 
4.66172e+07  4.46178e+07  24.7189  1.11544e+07  0 
5.24687e+07  5.05849e+07  27.8649  1.26462e+07  0 
5.30613e+07  5.10661e+07  28.1835  1.27665e+07  0 
4.64277e+07  4.4382e+07  24.6171  1.10955e+07  0 
1.06355e+14  1.06355e+14  5.71799e+07  2.65886e+13  0 
4.69254e+07  4.51859e+07  24.8846  1.12965e+07  0 
4.22023e+07  4.01543e+07  22.3453  1.00386e+07  0 
5.62914e+07  5.44678e+07  29.9201  1.3617e+07  0 
4.78539e+07  4.57175e+07  25.3838  1.14294e+07  0 
3.2897e+07  3.07394e+07  17.3425  7.68485e+06  0 
3.08339e+07  2.89216e+07  16.2333  7.2304e+06  0 
1.92173e+07  1.70148e+07  9.98778  4.2537e+06  0 
2.60998e+07  2.3995e+07  13.6881  5.99875e+06  0 
1.18768e+08  1.16985e+08  63.5097  2.92462e+07  0 
4.33242e+07  4.1348e+07  22.9485  1.0337e+07  0 
4.94314e+07  4.75112e+07  26.2319  1.18778e+07  0 
5.03125e+07  4.82087e+07  26.7056  1.20522e+07  0 
4.73294e+07  4.53127e+07  25.1019  1.13282e+07  0 
1.73184e+12  1.73184e+12  931097  4.3296e+11  0 
7.7618e+07  7.56896e+07  41.386  1.89224e+07  0 
2.77969e+07  2.58392e+07  14.6005  6.45981e+06  0 
8.4234e+07  8.21498e+07  44.943  2.05375e+07  0 
6.51751e+07  6.32745e+07  34.6963  1.58186e+07  0 
5.16524e+07  4.98384e+07  27.426  1.24596e+07  0 
3.09322e+07  2.88382e+07  16.2862  7.20956e+06  0 
3.7525e+07  3.5461e+07  19.8307  8.86526e+06  0 
4.54794e+07  4.35601e+07  24.1072  1.089e+07  0 
1.38497e+14  1.38497e+14  7.44609e+07  3.46243e+13  0 
1.95967e+13  1.95967e+13  1.05359e+07  4.89918e+12  0 
4.50223e+07  4.30668e+07  23.8615  1.07667e+07  0 
5.62524e+07  5.42882e+07  29.8991  1.3572e+07  0 
5.62486e+12  5.62486e+12  3.02412e+06  1.40622e+12  0 
4.36943e+07  4.17515e+07  23.1475  1.04379e+07  0 
7.29083e+07  7.09883e+07  38.8539  1.77471e+07  0 
6.3459e+07  6.16758e+07  33.7737  1.5419e+07  0 
4.95339e+07  4.75613e+07  26.287  1.18903e+07  0 
4.1834e+07  3.9802e+07  22.1473  9.95049e+06  0 
4.12285e+07  3.94383e+07  21.8218  9.85958e+06  0 
4.88034e+07  4.67701e+07  25.8943  1.16925e+07  0 
5.5743e+07  5.37885e+07  29.6253  1.34471e+07  0 
1.27854e+14  1.27854e+14  6.87389e+07  3.19636e+13  0 
4.40488e+07  4.20746e+07  23.3381  1.05186e+07  0 
4.67839e+07  4.4807e+07  24.8085  1.12018e+07  0 
5.5861e+13  5.5861e+13  3.00328e+07  1.39653e+13  0 
4.41397e+07  4.2039e+07  23.3869  1.05097e+07  0 
7.14796e+13  7.14796e+13  3.84299e+07  1.78699e+13  0 
5.04282e+07  4.84009e+07  26.7678  1.21002e+07  0 
4.24375e+07  4.03344e+07  22.4718  1.00836e+07  0 
3.70527e+07  3.50504e+07  19.5767  8.76261e+06  0 
3.76075e+13  3.76075e+13  2.02191e+07  9.40187e+12  0 
5.26497e+07  5.0613e+07  27.9622  1.26533e+07  0 

1.32192e+06  1.59938  0.366624  0.399844  0 
2.244e+06  0.937525  0.862366  0.234381  0 
2.10936e+06  2.19637  0.789978  0.549094  1 
4.10606e+06  1.90574e+06  1.86347  476435  3 
8.9591e+06  6.83319e+06  4.47264  1.7083e+06  5 
9.10115e+06  6.89915e+06  4.54901  1.72479e+06  6 
1.20685e+07  9.91135e+06  6.14434  2.47784e+06  9 
1.22813e+07  1.03279e+07  6.25876  2.58199e+06  11 
1.30984e+07  1.09415e+07  6.69806  2.73538e+06  14 
1.69684e+07  1.50088e+07  8.77872  3.7522e+06  22 
2.16312e+07  1.93673e+07  11.2856  4.84183e+06  34 
2.71417e+07  2.49867e+07  14.2482  6.24668e+06  47 
2.75748e+07  2.52888e+07  14.4811  6.32221e+06  48 
4.08382e+07  3.86988e+07  21.6119  9.67471e+06  58 
4.07671e+07  3.87288e+07  21.5737  9.6822e+06  57 
5.57434e+07  5.36847e+07  29.6255  1.34212e+07  76 
1.9421e+07  1.72214e+07  10.0973  4.30536e+06  27 
1.17642e+07  9.69132e+06  5.98075  2.42283e+06  8 
1.43991e+07  1.2331e+07  7.39738  3.08276e+06  16 
2.21413e+07  2.01632e+07  11.5598  5.0408e+06  38 
4.92525e+07  4.71641e+07  26.1358  1.1791e+07  73 
4.12371e+07  3.91234e+07  21.8264  9.78085e+06  59 
2.0833e+07  1.86908e+07  10.8564  4.67269e+06  32 
1.82153e+07  1.60534e+07  9.44911  4.01335e+06  26 
1.63224e+07  1.42719e+07  8.43141  3.56797e+06  19 
2.86551e+06  558394  1.19651  139598  2 
2.56962e+07  2.36018e+07  13.4711  5.90044e+06  46 
1.36259e+07  1.13804e+07  6.98166  2.84511e+06  15 
2.08078e+07  1.86831e+07  10.8429  4.67076e+06  31 
3.85328e+07  3.64313e+07  20.3725  9.10784e+06  52 
2.14518e+07  1.94596e+07  11.1891  4.86489e+06  34 
4.07672e+07  3.86884e+07  21.5738  9.67209e+06  57 
6.18299e+07  5.97625e+07  32.8978  1.49406e+07  78 
6.70815e+07  6.50864e+07  35.7212  1.62716e+07  79 
4.59313e+07  4.40207e+07  24.3502  1.10052e+07  67 
7.70674e+06  5.66843e+06  3.79933  1.41711e+06  4 
1.21258e+07  1.01082e+07  6.17519  2.52704e+06  10 
4.66077e+07  4.4537e+07  24.7138  1.11342e+07  67 
5.58952e+07  5.3766e+07  29.7071  1.34415e+07  77 
2.96436e+07  2.7516e+07  15.5934  6.87901e+06  50 
2.18013e+07  1.98575e+07  11.377  4.96438e+06  36 
2.1353e+07  1.93238e+07  11.136  4.83094e+06  33 
2.296e+07  2.09284e+07  12  5.23209e+06  42 
1.63606e+07  1.43698e+07  8.45194  3.59245e+06  20 
1.6844e+07  1.481e+07  8.71183  3.7025e+06  21 
4.64601e+07  4.41923e+07  24.6345  1.10481e+07  66 
4.19033e+07  3.99615e+07  22.1846  9.99037e+06  63 
1.71884e+07  1.52052e+07  8.89696  3.80131e+06  23 
2.04947e+07  1.84821e+07  10.6746  4.62052e+06  30 
2.07691e+07  1.83753e+07  10.8221  4.59383e+06  30 
2.20988e+07  2.00367e+07  11.537  5.00917e+06  37 
1.6453e+07  1.42253e+07  8.5016  3.55632e+06  19 
2.21331e+07  2.01982e+07  11.5554  5.04955e+06  38 
4.60949e+07  4.41809e+07  24.4381  1.10452e+07  68 
1.54243e+07  1.32727e+07  7.94856  3.31818e+06  17 
5.29255e+07  5.05852e+07  28.1105  1.26463e+07  75 
2.24164e+07  2.03354e+07  11.7078  5.08385e+06  40 
2.2227e+07  2.02494e+07  11.6059  5.06236e+06  39 
1.80913e+07  1.6034e+07  9.38242  4.0085e+06  25 
4.16732e+07  3.97465e+07  22.0609  9.93662e+06  62 
4.75042e+07  4.5169e+07  25.1958  1.12923e+07  70 
4.28213e+07  4.06838e+07  22.6781  1.0171e+07  64 
4.07312e+07  3.85162e+07  21.5544  9.62905e+06  56 
4.97344e+07  4.76862e+07  26.3948  1.19216e+07  74 
2.22541e+07  2.01406e+07  11.6205  5.03516e+06  38 
3.94146e+07  3.73288e+07  20.8466  9.33219e+06  53 
1.79023e+07  1.58978e+07  9.28078  3.97444e+06  24 
1.24924e+07  1.03732e+07  6.37228  2.59331e+06  12 
2.79649e+07  2.59271e+07  14.6908  6.48177e+06  49 
1.07805e+08  1.05648e+08  57.6155  2.64119e+07  80 
2.1736e+07  1.97358e+07  11.3419  4.93396e+06  35 
4.19633e+07  3.98558e+07  22.2168  9.96396e+06  63 
4.05648e+07  3.84636e+07  21.465  9.61591e+06  54 
2.23887e+07  2.01884e+07  11.6929  5.04711e+06  39 
1.95288e+07  1.75255e+07  10.1553  4.38138e+06  28 
8.90153e+06  6.94601e+06  4.44168  1.7365e+06  5 
4.82993e+07  4.61117e+07  25.6233  1.15279e+07  72 
2.36058e+07  2.15247e+07  12.3472  5.38118e+06  43 
1.10619e+07  9.03224e+06  5.60318  2.25806e+06  7 
4.14843e+07  3.94143e+07  21.9593  9.85359e+06  60 
4.68243e+07  4.47147e+07  24.8303  1.11787e+07  68 
2.21133e+07  1.99399e+07  11.5448  4.98497e+06  37 
1.95078e+07  1.72191e+07  10.144  4.30478e+06  27 
4.66141e+07  4.45328e+07  24.7172  1.11332e+07  67 
2.3925e+07  2.18934e+07  12.5188  5.47336e+06  44 
1.99192e+07  1.79125e+07  10.3651  4.47813e+06  29 
4.47374e+07  4.255e+07  23.7083  1.06375e+07  65 
1.56342e+07  1.33249e+07  8.0614  3.33123e+06  18 
4.14302e+07  3.90384e+07  21.9302  9.75959e+06  59 
4.06082e+07  3.8512e+07  21.4883  9.628e+06  55 
4.77065e+07  4.57227e+07  25.3046  1.14307e+07  71 
1.27221e+07  1.06082e+07  6.49576  2.65205e+06  13 
4.1501e+07  3.94377e+07  21.9683  9.85943e+06  61 
3.11134e+07  2.90508e+07  16.3835  7.2627e+06  51 
4.58327e+07  4.3827e+07  24.2972  1.09568e+07  66 
2.53561e+07  2.3187e+07  13.2882  5.79674e+06  45 
4.69842e+07  4.50409e+07  24.9162  1.12602e+07  69 
4.70009e+07  4.485e+07  24.9252  1.12125e+07  69 
1.99427e+07  1.78614e+07  10.3778  4.46535e+06  29 
2.28414e+07  2.07851e+07  11.9363  5.19628e+06  41 

1.23336e+06  1.90423  0.319011  0.476057  0 
2.16624e+06  0.846805  0.820559  0.211701  0 
1.7628e+06  1.13483  0.603656  0.283708  0 
1.584e+06  1.4876  0.507527  0.3719  0 
1.96584e+06  1.06867  0.712817  0.267167  0 
1.71432e+06  1.44101  0.577591  0.360253  0 
1.75416e+06  1.29976  0.599011  0.324939  0 
1.81464e+06  1.24986  0.631527  0.312465  1 
1.96128e+06  1.46872  0.710366  0.367181  2 
1.87008e+06  1.53175  0.661333  0.382937  2 
2.0376e+06  1.33759  0.751398  0.334398  2 
1.84776e+06  1.56164  0.649333  0.390411  2 
1.9008e+06  2.03528  0.677849  0.508821  3 
2.42639e+06  306707  0.960422  76676.7  4 
2.43386e+06  381857  0.964438  95464.2  5 
2.96924e+06  661884  1.25228  165471  6 
3.63912e+06  1.45104e+06  1.61243  362760  8 
3.66542e+06  1.54047e+06  1.62657  385117  9 
3.79854e+06  1.68031e+06  1.69814  420077  10 
4.91878e+06  2.84062e+06  2.30042  710156  11 
5.99111e+06  3.73799e+06  2.87694  934497  12 
6.68537e+06  4.53114e+06  3.2502  1.13278e+06  13 
6.77065e+06  4.57729e+06  3.29605  1.14432e+06  14 
6.89187e+06  4.70667e+06  3.36122  1.17667e+06  15 
6.9941e+06  4.75826e+06  3.41618  1.18957e+06  16 
7.22167e+06  4.89031e+06  3.53853  1.22258e+06  17 
7.26978e+06  5.16739e+06  3.5644  1.29185e+06  18 
7.40128e+06  5.19064e+06  3.63509  1.29766e+06  19 
7.84712e+06  5.55393e+06  3.8748  1.38848e+06  20 
7.93326e+06  5.62302e+06  3.92111  1.40575e+06  21 
8.19517e+06  5.92045e+06  4.06192  1.48011e+06  22 
8.38358e+06  6.05894e+06  4.16321  1.51473e+06  23 
8.57475e+06  6.60099e+06  4.266  1.65025e+06  24 
8.9408e+06  6.79664e+06  4.4628  1.69916e+06  25 
9.05516e+06  6.953e+06  4.52428  1.73825e+06  26 
9.26154e+06  7.27242e+06  4.63524  1.81811e+06  27 
9.69234e+06  7.57339e+06  4.86685  1.89335e+06  29 
9.74486e+06  7.58006e+06  4.89509  1.89502e+06  30 
9.86584e+06  7.78529e+06  4.96013  1.94632e+06  31 
1.0632e+07  8.50971e+06  5.37206  2.12743e+06  32 
1.09847e+07  8.85637e+06  5.56166  2.21409e+06  35 
1.13174e+07  9.00808e+06  5.74052  2.25202e+06  37 
1.1107e+07  9.04977e+06  5.62745  2.26244e+06  37 
1.12671e+07  9.18868e+06  5.71348  2.29717e+06  38 
1.22464e+07  1.01572e+07  6.24  2.5393e+06  40 
1.2274e+07  1.03604e+07  6.25481  2.59011e+06  41 
1.52453e+07  1.31743e+07  7.85229  3.29357e+06  44 
1.65953e+07  1.4508e+07  8.57813  3.62701e+06  47 
1.91332e+07  1.70764e+07  9.94257  4.26909e+06  48 
1.94772e+07  1.73782e+07  10.1275  4.34454e+06  49 
1.99946e+07  1.7843e+07  10.4057  4.46075e+06  51 
2.03813e+07  1.82508e+07  10.6136  4.56271e+06  52 
2.01909e+07  1.83012e+07  10.5113  4.5753e+06  52 
2.04318e+07  1.84012e+07  10.6407  4.60029e+06  53 
2.16734e+07  1.94649e+07  11.3083  4.86622e+06  54 
2.25016e+07  2.03577e+07  11.7535  5.08942e+06  56 
2.23013e+07  2.03689e+07  11.6459  5.09222e+06  56 
2.40524e+07  2.18593e+07  12.5873  5.46481e+06  62 
2.41383e+07  2.18274e+07  12.6335  5.45684e+06  61 
2.44527e+07  2.24984e+07  12.8025  5.6246e+06  63 
2.55481e+07  2.34548e+07  13.3915  5.86371e+06  64 
2.60989e+07  2.39099e+07  13.6876  5.97748e+06  65 
3.37759e+07  3.15352e+07  17.815  7.88381e+06  66 
3.53343e+07  3.31691e+07  18.6529  8.29226e+06  67 
4.15048e+07  3.94111e+07  21.9703  9.85277e+06  71 
4.73383e+07  4.50214e+07  25.1066  1.12553e+07  77 
5.01e+07  4.80795e+07  26.5914  1.20199e+07  79 
8.4444e+07  8.25072e+07  45.0559  2.06268e+07  78 
1.40481e+07  1.19826e+07  7.20865  2.99566e+06  43 
4.20611e+07  3.97372e+07  22.2694  9.9343e+06  72 
3.45006e+06  1.15614e+06  1.51078  289035  7 
4.7872e+07  4.58867e+07  25.3936  1.14717e+07  78 
1.9759e+07  1.76811e+07  10.2791  4.42028e+06  50 
1.07898e+07  8.74402e+06  5.45687  2.18601e+06  33 
3.85801e+07  3.63148e+07  20.3979  9.07869e+06  69 
8.50797e+07  8.2811e+07  45.3977  2.07027e+07  79 
4.02312e+07  3.81785e+07  21.2856  9.54462e+06  70 
3.62285e+07  3.40046e+07  19.1336  8.50116e+06  68 
2.2724e+07  2.06309e+07  11.8731  5.15773e+06  58 
1.1027e+07  8.88048e+06  5.58443  2.22012e+06  36 
2.24371e+07  2.03774e+07  11.7189  5.09435e+06  57 
1.18301e+07  9.62427e+06  6.01619  2.40607e+06  39 
5.80626e+07  5.59703e+07  30.8724  1.39926e+07  27 
1.34061e+07  1.12793e+07  6.86352  2.81982e+06  42 
4.63565e+07  4.43724e+07  24.5788  1.10931e+07  75 
9.17704e+06  6.81977e+06  4.58981  1.70494e+06  26 
5.24815e+07  5.05678e+07  27.8718  1.26419e+07  80 
4.56874e+07  4.36806e+07  24.2191  1.09201e+07  74 
9.66206e+06  7.53038e+06  4.85057  1.88259e+06  28 
1.6657e+07  1.44502e+07  8.61127  3.61254e+06  47 
1.56497e+07  1.3577e+07  8.06971  3.39426e+06  45 
1.40586e+07  1.19576e+07  7.21429  2.9894e+06  43 
2.38682e+07  2.18452e+07  12.4883  5.4613e+06  61 
2.32957e+07  2.11729e+07  12.1805  5.29322e+06  60 
2.17831e+07  1.98756e+07  11.3673  4.96889e+06  55 
4.28048e+07  4.05939e+07  22.6693  1.01485e+07  73 
1.09444e+07  8.7513e+06  5.54001  2.18783e+06  34 
2.3256e+07  2.11661e+07  12.1591  5.29152e+06  59 
4.67823e+07  4.49763e+07  24.8077  1.12441e+07  76 
1.58824e+07  1.37083e+07  8.19486  3.42707e+06  46 

1.17792e+06  1.93915  0.289204  0.484788  0 
2.14464e+06  0.830932  0.808946  0.207733  0 
1.63608e+06  0.994549  0.535527  0.248637  0 
1.34736e+06  1.33179  0.380301  0.332948  0 
1.48032e+06  1.06848  0.451785  0.26712  0 
1.29768e+06  1.83824  0.353591  0.45956  0 
1.41744e+06  1.2419  0.417978  0.310475  0 
2.04408e+06  0.928266  0.754882  0.232066  0 
2.022e+06  0.946323  0.743011  0.236581  0 
1.9572e+06  0.948921  0.708172  0.23723  0 
1.9056e+06  0.965704  0.68043  0.241426  0 
1.34592e+06  1.59506  0.379527  0.398766  0 
1.47696e+06  1.55037  0.449978  0.387594  1 
1.494e+06  1.36912  0.45914  0.342281  1 
1.63896e+06  1.1064  0.537075  0.2766  1 
1.89432e+06  1.04763  0.674366  0.261908  1 
1.9152e+06  1.01271  0.685591  0.253177  1 
1.40484e+06  3723.63  0.411205  930.908  1 
1.41072e+06  1.6618  0.414366  0.41545  1 
1.49232e+06  1.61097  0.458237  0.402741  2 
1.49736e+06  1.52981  0.460946  0.382452  2 
1.7256e+06  1.40931  0.583656  0.352327  2 
1.90272e+06  1.07318  0.678882  0.268296  2 
1.75536e+06  1.15685  0.599656  0.289213  2 
2.21304e+06  1.07106  0.84572  0.267765  2 
1.55904e+06  1.41629  0.494108  0.354072  2 
1.72656e+06  1.25338  0.584172  0.313345  2 
1.46664e+06  1.81913  0.44443  0.454783  2 
1.6908e+06  1.46217  0.564946  0.365542  3 
1.7196e+06  1.45712  0.58043  0.364281  3 
1.78104e+06  1.18525  0.613462  0.296314  3 
1.9344e+06  1.15507  0.695914  0.288768  3 
1.51344e+06  1.67363  0.469591  0.418408  3 
1.71504e+06  1.49094  0.577978  0.372735  4 
1.6968e+06  1.64766  0.568172  0.411915  4 
1.88232e+06  1.21376  0.667914  0.30344  4 
1.81872e+06  1.35945  0.63372  0.339862  4 
2.14368e+06  1.17531  0.80843  0.293826  4 
1.55688e+06  1.75918  0.492946  0.439796  4 
1.82808e+06  1.47186  0.638753  0.367966  5 
1.89672e+06  1.45105  0.675656  0.362762  5 
2.21256e+06  1.22522  0.845462  0.306306  5 
1.59216e+06  1.98725  0.511914  0.496813  5 
2.01408e+06  1.29811  0.738753  0.324528  5 
1.70808e+06  1.82805  0.574237  0.457012  5 
1.76232e+06  1.51287  0.603398  0.378217  5 
2.05992e+06  1.40747  0.763398  0.351867  6 
2.13048e+06  1.32001  0.801333  0.330003  6 
1.80936e+06  1.9509  0.628688  0.487724  6 
2.07528e+06  1.33589  0.771656  0.333972  6 
1.89864e+06  1.45308  0.676688  0.363271  6 
2.124e+06  1.41885  0.797849  0.354712  7 
2.05776e+06  1.74977  0.762237  0.437441  7 
1.8468e+06  2.11699  0.648817  0.529247  7 
2.16456e+06  1.64563  0.819656  0.411407  8 
2.20368e+06  1.60349  0.840688  0.400873  8 
2.63899e+06  268035  1.07473  67008.8  9 
2.54196e+06  330836  1.02256  82709.1  9 
2.47216e+06  433365  0.985034  108341  9 
2.78817e+06  493050  1.15493  123262  10 
2.522e+06  499522  1.01183  124880  10 
2.66176e+06  734079  1.08697  183520  11 
3.10298e+06  780025  1.32418  195006  12 
2.80594e+06  1.04818e+06  1.16448  262045  12 
2.98873e+06  795132  1.26276  198783  12 
3.24361e+06  974651  1.39979  243663  13 
3.36438e+06  1.26822e+06  1.46472  317055  14 
3.63965e+06  1.25717e+06  1.61272  314293  14 
3.73908e+06  1.58173e+06  1.66617  395431  15 
3.83588e+06  1.76228e+06  1.71821  440570  16 
3.98403e+06  1.91476e+06  1.79787  478689  17 
4.05612e+06  1.97052e+06  1.83662  492631  18 
4.08244e+06  1.915e+06  1.85077  478751  18 
4.3152e+06  1.99681e+06  1.97592  499201  19 
4.85625e+06  2.93098e+06  2.2668  732744  20 
5.14616e+06  3.10616e+06  2.42267  776541  21 
5.19024e+06  3.28344e+06  2.44637  820861  22 
5.42229e+06  3.29925e+06  2.57112  824813  23 
5.25595e+06  3.38995e+06  2.48169  847488  23 
5.51832e+06  3.3276e+06  2.62275  831900  24 
5.5006e+06  3.33988e+06  2.61322  834970  24 
5.55037e+06  3.51181e+06  2.63999  877953  25 
5.75348e+06  3.48549e+06  2.74918  871372  25 
6.30623e+06  4.12751e+06  3.04636  1.03188e+06  26 
6.02946e+06  4.23402e+06  2.89756  1.05851e+06  26 
6.31625e+06  4.35065e+06  3.05175  1.08766e+06  27 
6.88812e+06  4.59804e+06  3.35921  1.14951e+06  28 
7.26573e+06  5.02773e+06  3.56222  1.25693e+06  29 
7.17908e+06  5.04188e+06  3.51563  1.26047e+06  29 
7.22275e+06  5.32387e+06  3.53911  1.33097e+06  30 
7.5102e+06  5.54748e+06  3.69365  1.38687e+06  31 
7.89964e+06  5.99308e+06  3.90303  1.49827e+06  32 
8.46603e+06  6.35547e+06  4.20754  1.58887e+06  33 
9.73502e+06  7.53398e+06  4.8898  1.8835e+06  34 
9.84134e+06  7.59758e+06  4.94696  1.8994e+06  35 
9.94757e+06  8.40221e+06  5.00407  2.10055e+06  36 
1.09103e+07  8.8458e+06  5.52165  2.21145e+06  37 
1.127e+07  9.46783e+06  5.71505  2.36696e+06  38 
1.15952e+07  9.71195e+06  5.88991  2.42799e+06  39 
1.93091e+07  1.75283e+07  10.0371  4.38207e+06  40 

1.13256e+06  1.78731  0.264817  0.446828  0 
2.08224e+06  0.828822  0.775398  0.207206  0 
1.64928e+06  0.960328  0.542624  0.240082  0 
1.33608e+06  1.12348  0.374237  0.280869  0 
1.2264e+06  1.45741  0.315269  0.364352  0 
1.24752e+06  1.24596  0.326624  0.31149  0 
1.45032e+06  1.0027  0.435656  0.250674  0 
1.98288e+06  0.852756  0.721978  0.213189  0 
1.88784e+06  0.892465  0.670882  0.223116  0 
1.36104e+06  1.06301  0.387656  0.265753  0 
1.31808e+06  1.16827  0.364559  0.292068  0 
1.23312e+06  1.40094  0.318882  0.350235  0 
1.21776e+06  1.70591  0.310624  0.426476  0 
1.86552e+06  0.947152  0.658882  0.236788  0 
1.69776e+06  0.950492  0.568688  0.237623  0 
1.3584e+06  1.16646  0.386237  0.291615  0 
1.5288e+06  1.04428  0.477849  0.26107  0 
1.24104e+06  1.67682  0.32314  0.419205  0 
1.1844e+06  1.98599  0.292688  0.496498  0 
1.59096e+06  1.00983  0.511269  0.252459  1 
1.44888e+06  1.09653  0.434882  0.274131  1 
1.52448e+06  1.05675  0.475527  0.264187  0 
1.27392e+06  1.29088  0.340817  0.32272  2 
1.72056e+06  0.978349  0.580946  0.244587  1 
1.25088e+06  1.58946  0.32843  0.397365  2 
1.26648e+06  1.49405  0.336817  0.373512  1 
1.22424e+06  1.9107  0.314108  0.477674  4 
1.48968e+06  1.14776  0.456817  0.286941  1 
1.84704e+06  1.01627  0.648946  0.254068  0 
1.40376e+06  1.21906  0.410624  0.304765  0 
1.61184e+06  1.03165  0.522495  0.257912  2 
1.28232e+06  1.56912  0.345333  0.392281  1 
1.46304e+06  1.15464  0.442495  0.288661  2 
1.57392e+06  1.10699  0.502108  0.276747  0 
1.91496e+06  1.00685  0.685462  0.251713  1 
1.86576e+06  1.00695  0.659011  0.251737  0 
1.28496e+06  1.42122  0.346753  0.355306  1 
1.3356e+06  1.3551  0.373978  0.338775  1 
1.42344e+06  1.18067  0.421204  0.295169  1 
1.42008e+06  1.20744  0.419398  0.301859  3 
1.37712e+06  1.23514  0.396301  0.308784  2 
1.44504e+06  1.17526  0.432817  0.293815  1 
1.79064e+06  1.01824  0.618624  0.254559  2 
1.36896e+06  1.28123  0.391914  0.320307  2 
1.5084e+06  1.13309  0.466882  0.283273  2 
1.97736e+06  0.997881  0.719011  0.24947  0 
1.23432e+06  2.04014  0.319527  0.510035  1 
1.2504e+06  1.85843  0.328172  0.464607  3 
1.30008e+06  1.40437  0.354882  0.351094  2 
1.6116e+06  1.07006  0.522366  0.267514  2 
1.28136e+06  1.74595  0.344817  0.436487  1 
1.35912e+06  1.32784  0.386624  0.331961  3 
1.42992e+06  1.23131  0.424688  0.307828  0 
1.24128e+06  2.21631  0.323269  0.554077  2 
1.63128e+06  1.07652  0.532946  0.26913  0 
1.31616e+06  1.65978  0.363527  0.414944  3 
1.50576e+06  1.17488  0.465462  0.293719  0 
1.27248e+06  1.90079  0.340043  0.475198  1 
1.62264e+06  1.09256  0.528301  0.27314  0 
1.47744e+06  1.18551  0.450237  0.296378  0 
1.938e+06  1.02439  0.697849  0.256097  1 
1.40832e+06  1.26081  0.413075  0.315202  1 
1.40544e+06  1.27515  0.411527  0.318787  0 
1.55712e+06  1.14752  0.493075  0.286881  0 
1.78056e+06  1.04991  0.613204  0.262478  1 
1.74024e+06  1.07208  0.591527  0.26802  0 
1.60608e+06  1.11727  0.519398  0.279318  0 
1.34112e+06  1.37335  0.376946  0.343336  3 
1.25136e+06  1.90417  0.328688  0.476042  3 
1.59456e+06  1.12621  0.513204  0.281553  1 
1.43232e+06  1.19919  0.425978  0.299796  2 
1.42968e+06  1.236  0.424559  0.308999  1 
1.3368e+06  1.92542  0.374624  0.481356  0 
1.28856e+06  1.94617  0.348688  0.486542  0 
1.63272e+06  1.1027  0.53372  0.275675  0 
1.39368e+06  1.4926  0.405204  0.373151  0 
1.68096e+06  1.08589  0.559656  0.271474  0 
1.61112e+06  1.15522  0.522108  0.288805  0 
1.52136e+06  1.2173  0.473849  0.304325  3 
1.30344e+06  1.93423  0.356688  0.483558  4 
1.4412e+06  1.27554  0.430753  0.318885  3 
1.34664e+06  1.53847  0.379914  0.384617  3 
1.47216e+06  1.23074  0.447398  0.307686  3 
2.0424e+06  1.08019  0.753978  0.270047  2 
1.59408e+06  1.18198  0.512946  0.295494  3 
1.59816e+06  1.16257  0.51514  0.290643  3 
1.41672e+06  1.39262  0.417591  0.348155  3 
1.64136e+06  1.20195  0.538366  0.300489  4 
1.49928e+06  1.44847  0.461978  0.362118  0 
1.63488e+06  1.20826  0.534882  0.302065  2 
1.88904e+06  1.11896  0.671527  0.27974  5 
1.68024e+06  1.12138  0.559269  0.280344  3 
1.50696e+06  1.29785  0.466108  0.324462  2 
1.3968e+06  1.53644  0.406882  0.38411  4 
1.67544e+06  1.13708  0.556688  0.284269  4 
1.51488e+06  1.27215  0.470366  0.318039  4 
1.35096e+06  1.82664  0.382237  0.456659  4 
1.39272e+06  1.65991  0.404688  0.414979  4 
1.70448e+06  1.12681  0.572301  0.281703  0 
1.43448e+06  1.628  0.42714  0.407  0 

1.09368e+06  1.77269  0.243914  0.443172  0 
2.08488e+06  0.824396  0.776817  0.206099  0 
1.64376e+06  0.891671  0.539656  0.222918  0 
1.29792e+06  1.02615  0.35372  0.256537  0 
1.1304e+06  1.38458  0.263656  0.346144  0 
1.17264e+06  1.1314  0.286366  0.28285  0 
1.58016e+06  0.915305  0.505462  0.228826  0 
1.50936e+06  0.927821  0.467398  0.231955  0 
1.46952e+06  0.949294  0.445978  0.237324  0 
1.42152e+06  0.955656  0.420172  0.238914  0 
2.04168e+06  0.84927  0.753591  0.212317  0 
1.38696e+06  0.986575  0.401591  0.246644  0 
1.27464e+06  1.09334  0.341204  0.273335  0 
1.99032e+06  0.860705  0.725978  0.215176  0 
1.93032e+06  0.867307  0.69372  0.216827  0 
1.41144e+06  0.963583  0.414753  0.240896  0 
1.37184e+06  1.00548  0.393462  0.251371  0 
1.12272e+06  1.65826  0.259527  0.414565  0 
1.16544e+06  1.33426  0.282495  0.333565  0 
1.89864e+06  0.876341  0.676688  0.219085  0 
1.3656e+06  1.00913  0.390108  0.252282  0 
1.76664e+06  0.879334  0.60572  0.219833  0 
1.23672e+06  1.11959  0.320817  0.279897  0 
1.3836e+06  0.989821  0.399785  0.247455  0 
1.28832e+06  1.08628  0.348559  0.271571  0 
1.56456e+06  0.946682  0.497075  0.236671  1 
1.42128e+06  0.975887  0.420043  0.243972  0 
1.572e+06  0.933138  0.501075  0.233284  0 
1.86048e+06  0.88126  0.656172  0.220315  0 
1.8528e+06  0.888035  0.652043  0.222009  0 
1.2036e+06  1.33219  0.303011  0.333049  0 
1.62816e+06  0.918382  0.531269  0.229595  0 
1.1592e+06  1.48271  0.27914  0.370677  1 
1.12464e+06  1.803  0.260559  0.450751  1 
1.94712e+06  0.878064  0.702753  0.219516  1 
1.20864e+06  1.16474  0.30572  0.291184  0 
1.3008e+06  1.07585  0.355269  0.268962  1 
1.3416e+06  1.04234  0.377204  0.260586  1 
1.47408e+06  0.954474  0.44843  0.238619  0 
1.6164e+06  0.932028  0.524946  0.233007  0 
1.67664e+06  0.910854  0.557333  0.227714  1 
1.5108e+06  0.953728  0.468172  0.238432  1 
1.39872e+06  1.01958  0.407914  0.254896  1 
1.71144e+06  0.908466  0.576043  0.227116  1 
1.19856e+06  1.35134  0.300301  0.337835  1 
1.7676e+06  0.893637  0.606237  0.223409  1 
1.17864e+06  1.41909  0.289591  0.354772  1 
1.54176e+06  0.948395  0.484817  0.237099  1 
1.21488e+06  1.25953  0.309075  0.314881  1 
1.71576e+06  0.910871  0.578366  0.227718  2 
1.57824e+06  0.943979  0.50443  0.235995  0 
1.59432e+06  0.936951  0.513075  0.234238  1 
1.40856e+06  1.02183  0.413204  0.255458  1 
1.98792e+06  0.882821  0.724688  0.220705  1 
1.98744e+06  0.888613  0.72443  0.222153  1 
1.37736e+06  1.06668  0.39643  0.26667  2 
1.90056e+06  0.893724  0.67772  0.223431  2 
1.77e+06  0.902557  0.607527  0.225639  2 
1.79472e+06  0.898686  0.620817  0.224671  2 
1.58736e+06  0.940273  0.509333  0.235068  1 
1.96824e+06  0.891859  0.714108  0.222965  2 
1.56552e+06  0.949352  0.497591  0.237338  2 
1.50672e+06  0.9693  0.465978  0.242325  2 
1.28496e+06  1.16527  0.346753  0.291318  1 
1.47168e+06  0.992456  0.44714  0.248114  2 
1.32432e+06  1.096  0.367914  0.274001  1 
1.17912e+06  1.4855  0.289849  0.371374  2 
1.68192e+06  0.921471  0.560172  0.230368  1 
1.30872e+06  1.10741  0.359527  0.276852  1 
1.32864e+06  1.077  0.370237  0.269251  1 
1.16064e+06  1.91875  0.279914  0.479688  2 
1.65408e+06  0.927322  0.545204  0.23183  1 
1.45176e+06  1.00796  0.43643  0.25199  1 
1.67592e+06  0.923271  0.556946  0.230818  1 
1.93128e+06  0.892543  0.694237  0.223136  2 
1.85904e+06  0.895804  0.655398  0.223951  2 
1.26264e+06  1.21823  0.334753  0.304558  0 
1.59624e+06  0.939778  0.514108  0.234944  2 
1.78608e+06  0.915517  0.616172  0.228879  3 
1.74288e+06  0.918135  0.592946  0.229534  3 
1.41264e+06  1.08096  0.415398  0.270239  3 
1.67472e+06  0.934157  0.556301  0.233539  0 
1.41696e+06  1.0393  0.41772  0.259825  2 
1.73568e+06  0.91969  0.589075  0.229922  3 
1.5312e+06  0.971085  0.47914  0.242771  3 
1.65216e+06  0.939118  0.544172  0.234779  0 
1.87824e+06  0.908136  0.66572  0.227034  3 
1.58064e+06  0.959068  0.50572  0.239767  1 
1.22616e+06  1.26704  0.31514  0.316761  1 
2.03472e+06  0.898239  0.749849  0.22456  0 
1.56696e+06  0.964502  0.498366  0.241126  1 
1.31184e+06  1.15543  0.361204  0.288857  2 
1.9596e+06  0.902012  0.709462  0.225503  3 
1.34136e+06  1.11516  0.377075  0.278789  0 
1.32288e+06  1.13405  0.36714  0.283514  2 
1.30992e+06  1.16063  0.360172  0.290159  2 
1.83408e+06  0.914094  0.641978  0.228523  3 
1.66512e+06  0.934724  0.55114  0.233681  0 
2.02488e+06  0.951694  0.744559  0.237923  0 
1.4172e+06  1.28622  0.417849  0.321556  0 

1.0476e+06  2.12756  0.21914  0.53189  0 
2.10432e+06  0.82116  0.787269  0.20529  0 
1.51896e+06  0.885118  0.472559  0.22128  0 
1.12272e+06  1.26368  0.259527  0.315921  0 
1.35432e+06  0.936183  0.384043  0.234046  0 
1.23192e+06  1.01356  0.318237  0.253391  0 
1.06248e+06  1.46102  0.22714  0.365255  0 
1.20408e+06  1.20273  0.303269  0.300683  0 
2.0088e+06  0.826591  0.735914  0.206648  0 
1.32552e+06  0.955818  0.368559  0.238955  0 
1.9212e+06  0.830641  0.688817  0.20766  0 
1.21008e+06  1.1332  0.306495  0.2833  0 
1.49544e+06  0.892119  0.459914  0.22303  0 
1.83192e+06  0.847741  0.640817  0.211935  0 
1.45248e+06  0.902492  0.436817  0.225623  0 
1.81632e+06  0.848434  0.63243  0.212109  0 
1.30104e+06  0.986494  0.355398  0.246624  0 
1.70928e+06  0.861321  0.574882  0.21533  0 
1.67376e+06  0.8694  0.555785  0.21735  0 
1.43736e+06  0.920493  0.428688  0.230123  0 
1.29144e+06  0.998069  0.350237  0.249517  0 
1.22544e+06  1.10665  0.314753  0.276662  0 
1.59384e+06  0.873691  0.512817  0.218423  0 
1.1196e+06  1.30688  0.257849  0.326719  0 
1.7028e+06  0.863258  0.571398  0.215815  0 
1.32288e+06  0.977147  0.36714  0.244287  0 
1.58904e+06  0.879696  0.510237  0.219924  0 
1.41504e+06  0.930866  0.416688  0.232717  0 
1.58424e+06  0.881852  0.507656  0.220463  0 
1.28472e+06  1.01033  0.346624  0.252582  0 
1.29696e+06  0.99505  0.353204  0.248763  0 
1.43616e+06  0.925403  0.428043  0.231351  0 
1.44576e+06  0.918391  0.433204  0.229598  0 
1.99176e+06  0.82904  0.726753  0.20726  0 
1.5624e+06  0.884251  0.495914  0.221063  0 
1.67256e+06  0.873506  0.55514  0.218376  0 
1.1928e+06  1.2721  0.297204  0.318024  1 
1.314e+06  0.986588  0.362366  0.246647  1 
1.29e+06  1.02501  0.349462  0.256252  1 
1.94808e+06  0.841235  0.703269  0.210309  1 
1.7148e+06  0.86954  0.577849  0.217385  1 
1.82712e+06  0.852457  0.638237  0.213114  1 
1.48584e+06  0.907392  0.454753  0.226848  1 
1.74336e+06  0.869148  0.593204  0.217287  1 
1.35672e+06  0.978214  0.385333  0.244554  1 
1.42032e+06  0.93269  0.419527  0.233173  1 
1.37592e+06  0.951525  0.395656  0.237881  1 
1.94784e+06  0.842193  0.70314  0.210548  1 
1.12608e+06  1.28985  0.261333  0.322463  1 
1.31112e+06  0.992926  0.360817  0.248231  1 
1.81656e+06  0.852661  0.632559  0.213165  1 
1.94976e+06  0.836903  0.704172  0.209226  1 
1.22016e+06  1.14102  0.311914  0.285255  1 
1.21008e+06  1.18463  0.306495  0.296157  1 
1.4172e+06  0.940639  0.417849  0.23516  1 
1.3668e+06  0.952332  0.390753  0.238083  1 
1.12584e+06  1.31668  0.261204  0.32917  1 
1.64328e+06  0.876628  0.539398  0.219157  1 
1.17504e+06  1.28664  0.287656  0.32166  1 
1.44744e+06  0.924496  0.434108  0.231124  1 
1.07016e+06  1.70767  0.231269  0.426917  1 
1.62048e+06  0.881861  0.52714  0.220465  1 
1.73688e+06  0.869222  0.58972  0.217306  1 
1.51608e+06  0.899081  0.471011  0.22477  1 
1.52544e+06  0.885653  0.476043  0.221413  1 
1.7676e+06  0.867264  0.606237  0.216816  1 
1.458e+06  0.912023  0.439785  0.228006  1 
1.25112e+06  1.10154  0.328559  0.275384  1 
1.6812e+06  0.873233  0.559785  0.218308  1 
1.41672e+06  0.94954  0.417591  0.237385  1 
1.97712e+06  0.836469  0.718882  0.209117  1 
1.67208e+06  0.875774  0.554882  0.218943  1 
1.61424e+06  0.882254  0.523785  0.220564  1 
2.11176e+06  0.832756  0.791269  0.208189  1 
1.93536e+06  0.845579  0.69643  0.211395  1 
1.78104e+06  0.861879  0.613462  0.21547  1 
1.11744e+06  1.5132  0.256688  0.378301  1 
1.25376e+06  1.07178  0.329978  0.267946  1 
1.20648e+06  1.27057  0.304559  0.317643  1 
1.78704e+06  0.865943  0.616688  0.216486  2 
1.38888e+06  0.973038  0.402624  0.24326  2 
1.5852e+06  0.886735  0.508172  0.221684  2 
1.2192e+06  1.2569  0.311398  0.314225  2 
1.52832e+06  0.910972  0.477591  0.227743  2 
1.21968e+06  1.25687  0.311656  0.314216  2 
1.55664e+06  0.893318  0.492817  0.22333  2 
1.99992e+06  0.840613  0.73114  0.210153  2 
1.12656e+06  1.3505  0.261591  0.337625  2 
1.09896e+06  2.13965  0.246753  0.534914  2 
1.64928e+06  0.879228  0.542624  0.219807  2 
1.38312e+06  0.983878  0.399527  0.24597  2 
1.79808e+06  0.862646  0.622624  0.215661  2 
1.32312e+06  0.997448  0.367269  0.249362  2 
1.54872e+06  0.908528  0.488559  0.227132  2 
1.55376e+06  0.897537  0.491269  0.224384  2 
1.1604e+06  1.29997  0.279785  0.324992  2 
1.38216e+06  0.995347  0.399011  0.248837  2 
1.89672e+06  0.856055  0.675656  0.214014  2 
1.21392e+06  1.28002  0.308559  0.320006  2 
1.2876e+06  1.13598  0.348172  0.283995  2 

1.0368e+06  1.37083  0.213333  0.342707  0 
2.0772e+06  0.813489  0.772688  0.203372  0 
1.79136e+06  0.837918  0.619011  0.20948  0 
1.55112e+06  0.867415  0.489849  0.216854  0 
1.33728e+06  0.922496  0.374882  0.230624  0 
1.188e+06  1.00769  0.294624  0.251924  0 
1.10688e+06  1.16987  0.251011  0.292466  0 
1.30656e+06  0.940213  0.358366  0.235053  0 
1.14312e+06  1.11484  0.270495  0.278709  0 
1.2696e+06  0.953101  0.338495  0.238275  0 
1.52064e+06  0.87436  0.473462  0.21859  0 
1.49352e+06  0.87725  0.458882  0.219312  0 
1.08888e+06  1.2668  0.241333  0.3167  0 
1.1712e+06  1.07011  0.285591  0.267527  0 
1.4568e+06  0.887577  0.43914  0.221894  0 
1.75152e+06  0.840872  0.597591  0.210218  0 
1.43712e+06  0.897302  0.428559  0.224326  0 
1.68744e+06  0.842792  0.56314  0.210698  0 
1.4208e+06  0.898918  0.419785  0.22473  0 
2.05608e+06  0.814752  0.761333  0.203688  0 
1.2504e+06  0.984778  0.328172  0.246195  0 
1.66248e+06  0.84631  0.54972  0.211578  0 
1.07712e+06  1.35004  0.235011  0.337509  0 
2.0304e+06  0.818479  0.747527  0.20462  0 
1.40568e+06  0.903338  0.411656  0.225835  0 
1.36752e+06  0.903403  0.39114  0.225851  0 
1.13136e+06  1.1518  0.264172  0.28795  0 
1.06176e+06  1.35405  0.226753  0.338513  0 
1.96056e+06  0.821644  0.709978  0.205411  0 
1.3296e+06  0.925124  0.370753  0.231281  0 
1.23144e+06  0.994665  0.317978  0.248666  0 
1.93104e+06  0.825078  0.694108  0.20627  0 
1.1004e+06  1.25401  0.247527  0.313503  0 
1.65024e+06  0.855396  0.54314  0.213849  0 
1.29768e+06  0.941841  0.353591  0.23546  0 
1.12632e+06  1.15784  0.261462  0.289459  0 
1.29096e+06  0.942544  0.349978  0.235636  0 
1.10232e+06  1.24016  0.248559  0.310041  0 
1.64376e+06  0.858504  0.539656  0.214626  0 
1.63992e+06  0.859156  0.537591  0.214789  0 
1.4892e+06  0.879374  0.456559  0.219843  0 
1.9212e+06  0.830641  0.688817  0.20766  0 
1.90992e+06  0.831138  0.682753  0.207784  0 
1.08576e+06  1.33469  0.239656  0.333671  0 
1.16808e+06  1.08254  0.283914  0.270636  0 
1.1232e+06  1.16112  0.259785  0.29028  0 
1.3644e+06  0.914645  0.389462  0.228661  0 
1.35696e+06  0.915809  0.385462  0.228952  0 
1.26672e+06  0.970005  0.336946  0.242501  0 
1.614e+06  0.861291  0.523656  0.215323  0 
1.59216e+06  0.861647  0.511914  0.215412  0 
1.89888e+06  0.832369  0.676817  0.208092  0 
1.22928e+06  1.00073  0.316817  0.250182  0 
1.5624e+06  0.863116  0.495914  0.215779  0 
1.83792e+06  0.833929  0.644043  0.208482  0 
1.28544e+06  0.950046  0.347011  0.237512  0 
1.45416e+06  0.8943  0.43772  0.223575  0 
1.7868e+06  0.838113  0.616559  0.209528  0 
1.55784e+06  0.865268  0.493462  0.216317  0 
1.41504e+06  0.901561  0.416688  0.22539  0 
1.33584e+06  0.923717  0.374108  0.230929  0 
1.63896e+06  0.859952  0.537075  0.214988  0 
1.53672e+06  0.873214  0.482108  0.218303  0 
1.53048e+06  0.874  0.478753  0.2185  0 
1.45632e+06  0.894175  0.438882  0.223544  0 
1.9404e+06  0.83388  0.69914  0.20847  0 
1.20408e+06  1.03003  0.303269  0.257508  0 
1.49088e+06  0.879916  0.457462  0.219979  0 
1.3416e+06  0.922773  0.377204  0.230693  0 
2.0364e+06  0.818657  0.750753  0.204664  1 
1.47408e+06  0.890114  0.44843  0.222529  1 
1.76928e+06  0.843704  0.60714  0.210926  1 
1.07976e+06  1.36052  0.23643  0.34013  0 
1.14648e+06  1.14045  0.272301  0.285113  0 
1.98096e+06  0.832713  0.720946  0.208178  0 
1.70592e+06  0.85424  0.573075  0.21356  0 
1.65336e+06  0.863197  0.544817  0.215799  1 
1.60896e+06  0.867394  0.520946  0.216849  1 
1.58904e+06  0.869353  0.510237  0.217338  0 
1.30824e+06  0.972737  0.359269  0.243184  0 
1.39584e+06  0.907264  0.406366  0.226816  0 
1.32288e+06  0.949887  0.36714  0.237472  1 
1.33248e+06  0.934872  0.372301  0.233718  0 
1.61304e+06  0.865089  0.52314  0.216272  0 
1.82472e+06  0.841332  0.636946  0.210333  1 
1.3176e+06  0.972175  0.364301  0.243044  0 
1.66632e+06  0.858992  0.551785  0.214748  1 
1.74288e+06  0.849773  0.592946  0.212443  0 
1.23456e+06  1.00581  0.319656  0.251452  1 
1.5096e+06  0.878013  0.467527  0.219503  0 
1.10952e+06  1.17373  0.25243  0.293432  0 
1.44024e+06  0.905712  0.430237  0.226428  0 
1.58856e+06  0.871042  0.509978  0.217761  0 
1.74696e+06  0.845445  0.59514  0.211361  0 
1.46952e+06  0.890692  0.445978  0.222673  0 
1.53648e+06  0.877549  0.481978  0.219387  0 
1.05024e+06  1.39043  0.220559  0.347608  0 
1.24176e+06  1.00102  0.323527  0.250255  1 
1.16928e+06  1.11472  0.284559  0.278679  1 
1.15896e+06  1.15079  0.279011  0.287697  0 

1.00464e+06  1.37649  0.196043  0.344122  0 
2.04528e+06  0.808123  0.755527  0.202031  0 
1.78776e+06  0.831794  0.617075  0.207949  0 
1.54104e+06  0.857717  0.48443  0.214429  0 
1.32048e+06  0.912296  0.365849  0.228074  0 
1.16136e+06  1.03795  0.280301  0.259487  0 
1.05672e+06  1.15634  0.224043  0.289085  0 
1.27224e+06  0.932779  0.339914  0.233195  0 
1.23e+06  0.949559  0.317204  0.23739  0 
1.18752e+06  0.9582  0.294366  0.23955  0 
1.13064e+06  1.08958  0.263785  0.272394  0 
1.51488e+06  0.861817  0.470366  0.215454  0 
1.03368e+06  1.26166  0.211656  0.315414  0 
1.10832e+06  1.09711  0.251785  0.274278  0 
1.49208e+06  0.864348  0.458108  0.216087  0 
1.47168e+06  0.865722  0.44714  0.21643  0 
1.17024e+06  0.995177  0.285075  0.248794  0 
1.44936e+06  0.875261  0.43514  0.218815  0 
1.42272e+06  0.876411  0.420817  0.219103  0 
1.40544e+06  0.886541  0.411527  0.221635  0 
1.758e+06  0.832311  0.601075  0.208078  0 
1.98e+06  0.809739  0.72043  0.202435  0 
1.08888e+06  1.13469  0.241333  0.283673  0 
1.74096e+06  0.836214  0.591914  0.209054  0 
1.96944e+06  0.810478  0.714753  0.20262  0 
1.7184e+06  0.836497  0.579785  0.209124  0 
1.38408e+06  0.891104  0.400043  0.222776  0 
1.95216e+06  0.813071  0.705462  0.203268  0 
1.29792e+06  0.914783  0.35372  0.228696  0 
1.9152e+06  0.814251  0.685591  0.203563  0 
1.15344e+06  1.0515  0.276043  0.262874  0 
1.9008e+06  0.815601  0.677849  0.2039  0 
1.18008e+06  0.973313  0.290366  0.243328  0 
1.3752e+06  0.896725  0.395269  0.224181  0 
1.69584e+06  0.842535  0.567656  0.210634  0 
1.88736e+06  0.816934  0.670624  0.204234  0 
1.65912e+06  0.843438  0.547914  0.210859  0 
1.2648e+06  0.936385  0.335914  0.234096  0 
1.368e+06  0.899438  0.391398  0.22486  0 
1.88064e+06  0.819106  0.667011  0.204777  0 
1.17072e+06  0.982938  0.285333  0.245734  0 
1.65312e+06  0.846362  0.544688  0.211591  0 
1.35504e+06  0.901007  0.38443  0.225252  0 
1.1652e+06  1.00646  0.282366  0.251615  0 
1.10016e+06  1.12413  0.247398  0.281033  0 
1.34808e+06  0.901741  0.380688  0.225435  0 
1.14864e+06  1.07827  0.273462  0.269568  0 
1.8756e+06  0.821597  0.664301  0.205399  0 
1.34304e+06  0.902336  0.377978  0.225584  0 
1.8672e+06  0.822534  0.659785  0.205633  0 
1.08072e+06  1.14799  0.236946  0.286998  0 
1.85928e+06  0.823457  0.655527  0.205864  0 
1.33584e+06  0.904162  0.374108  0.22604  0 
1.84296e+06  0.823676  0.646753  0.205919  0 
1.22352e+06  0.950305  0.31372  0.237576  0 
1.07112e+06  1.14907  0.231785  0.287267  0 
1.63824e+06  0.850738  0.536688  0.212684  0 
1.63056e+06  0.851711  0.532559  0.212928  0 
1.12584e+06  1.09118  0.261204  0.272794  0 
1.08624e+06  1.13968  0.239914  0.28492  0 
1.24488e+06  0.943942  0.325204  0.235985  0 
1.83552e+06  0.826354  0.642753  0.206588  0 
1.60728e+06  0.852561  0.520043  0.21314  0 
1.1412e+06  1.08522  0.269462  0.271305  0 
1.2216e+06  0.951498  0.312688  0.237875  0 
1.46952e+06  0.871246  0.445978  0.217812  0 
1.18512e+06  0.96936  0.293075  0.24234  0 
1.41096e+06  0.882901  0.414495  0.220725  0 
1.21728e+06  0.95459  0.310366  0.238647  0 
1.20864e+06  0.954829  0.30572  0.238707  0 
1.29168e+06  0.929531  0.350366  0.232383  0 
1.17648e+06  0.979719  0.28843  0.24493  0 
1.5924e+06  0.854509  0.512043  0.213627  0 
1.03248e+06  1.35753  0.211011  0.339383  0 
1.10712e+06  1.11393  0.25114  0.278481  0 
1.53048e+06  0.859638  0.478753  0.214909  0 
1.80792e+06  0.82974  0.627914  0.207435  0 
1.39944e+06  0.889102  0.408301  0.222275  0 
1.7532e+06  0.834224  0.598495  0.208556  0 
1.02768e+06  1.37454  0.20843  0.343636  0 
1.5036e+06  0.862541  0.464301  0.215635  0 
1.79424e+06  0.830089  0.620559  0.207522  0 
1.60632e+06  0.852936  0.519527  0.213234  0 
1.52784e+06  0.860357  0.477333  0.215089  0 
1.37136e+06  0.897983  0.393204  0.224496  0 
1.5192e+06  0.860366  0.472688  0.215092  0 
1.75152e+06  0.834935  0.597591  0.208734  0 
1.10472e+06  1.12292  0.249849  0.28073  0 
1.29024e+06  0.931715  0.349591  0.232929  0 
1.46304e+06  0.874212  0.442495  0.218553  0 
1.14816e+06  1.08314  0.273204  0.270786  0 
1.39872e+06  0.890084  0.407914  0.222521  0 
1.34136e+06  0.903259  0.377075  0.225815  0 
1.7484e+06  0.835499  0.595914  0.208875  0 
1.11792e+06  1.09646  0.256946  0.274115  0 
1.59024e+06  0.857095  0.510882  0.214274  0 
1.17048e+06  0.994016  0.285204  0.248504  0 
1.58832e+06  0.857236  0.509849  0.214309  0 
1.23672e+06  0.949331  0.320817  0.237333  0 
1.08072e+06  1.14799  0.236946  0.286998  0 

995110  2711.43  0.190919  677.857  0 
2.01024e+06  0.80526  0.736688  0.201315  0 
999600  1.3708  0.193333  0.342699  0 
1.72848e+06  0.826791  0.585204  0.206698  0 
1.48368e+06  0.857365  0.453591  0.214341  0 
1.25376e+06  0.912852  0.329978  0.228213  0 
1.10568e+06  1.07082  0.250366  0.267706  0 
1.02432e+06  1.18437  0.206624  0.296091  0 
1.1916e+06  0.949156  0.296559  0.237289  0 
1.14624e+06  0.982404  0.272172  0.245601  0 
1.07544e+06  1.09856  0.234108  0.27464  0 
1.45608e+06  0.862964  0.438753  0.215741  0 
1.1208e+06  1.02183  0.258495  0.255457  0 
1.43016e+06  0.870619  0.424817  0.217655  0 
1.40952e+06  0.877157  0.41372  0.219289  0 
1.04808e+06  1.15047  0.219398  0.287618  0 
1.00872e+06  1.30585  0.198237  0.326462  0 
1.38264e+06  0.883154  0.399269  0.220789  0 
1.24104e+06  0.9238  0.32314  0.23095  0 
1.70088e+06  0.832099  0.570366  0.208025  0 
1.17792e+06  0.958535  0.289204  0.239634  0 
1.13376e+06  0.998169  0.265462  0.249542  0 
1.6872e+06  0.834314  0.563011  0.208579  0 
1.06248e+06  1.12931  0.22714  0.282328  0 
1.36368e+06  0.892145  0.389075  0.223036  0 
1.6728e+06  0.837853  0.555269  0.209463  0 
1.96296e+06  0.807408  0.711269  0.201852  0 
1.35216e+06  0.893826  0.382882  0.223456  0 
1.33176e+06  0.894725  0.371914  0.223681  0 
1.66224e+06  0.839875  0.549591  0.209969  0 
1.92432e+06  0.811256  0.690495  0.202814  0 
1.90896e+06  0.811366  0.682237  0.202841  0 
1.1268e+06  1.00725  0.26172  0.251813  0 
1.65312e+06  0.842927  0.544688  0.210732  0 
1.16952e+06  0.968231  0.284688  0.242058  0 
1.3164e+06  0.899248  0.363656  0.224812  0 
1.64376e+06  0.844124  0.539656  0.211031  0 
1.9032e+06  0.814572  0.67914  0.203643  0 
1.89024e+06  0.815726  0.672172  0.203932  0 
1.23504e+06  0.938263  0.319914  0.234566  0 
1.16448e+06  0.969209  0.281978  0.242302  0 
1.63416e+06  0.846801  0.534495  0.2117  0 
1.08888e+06  1.08831  0.241333  0.272077  0 
1.62696e+06  0.847318  0.530624  0.21183  0 
1.61784e+06  0.847663  0.52572  0.211916  0 
1.60152e+06  0.848068  0.516946  0.212017  0 
1.22856e+06  0.939951  0.31643  0.234988  0 
1.5936e+06  0.84826  0.512688  0.212065  0 
1.87968e+06  0.818104  0.666495  0.204526  0 
1.29792e+06  0.904238  0.35372  0.226059  0 
1.57392e+06  0.850112  0.502108  0.212528  0 
1.87368e+06  0.819837  0.663269  0.204959  0 
1.2108e+06  0.942527  0.306882  0.235632  0 
1.848e+06  0.820221  0.649462  0.205055  0 
1.83432e+06  0.820977  0.642108  0.205244  0 
1.82856e+06  0.821051  0.639011  0.205263  0 
1.07976e+06  1.09283  0.23643  0.273208  0 
1.4484e+06  0.864928  0.434624  0.216232  0 
1.37304e+06  0.886491  0.394108  0.221623  0 
1.0344e+06  1.17883  0.212043  0.294708  0 
1.53552e+06  0.851873  0.481462  0.212968  0 
1.16184e+06  0.977201  0.280559  0.2443  0 
1.04568e+06  1.17227  0.218108  0.293067  0 
1.1244e+06  1.00731  0.26043  0.251829  0 
1.15752e+06  0.977294  0.278237  0.244324  0 
1.16208e+06  0.972401  0.280688  0.2431  0 
1.4772e+06  0.858674  0.450108  0.214669  0 
1.80624e+06  0.822503  0.627011  0.205626  0 
1.42296e+06  0.872883  0.420946  0.218221  0 
1.176e+06  0.964054  0.288172  0.241013  0 
1.46856e+06  0.859209  0.445462  0.214802  0 
1.43688e+06  0.866895  0.42843  0.216724  0 
1.10304e+06  1.08461  0.248946  0.271152  0 
1.40496e+06  0.879525  0.411269  0.219881  0 
1.20912e+06  0.945517  0.305978  0.236379  0 
1.13112e+06  1.00387  0.264043  0.250967  0 
1.29648e+06  0.90734  0.352946  0.226835  0 
1.27968e+06  0.909859  0.343914  0.227465  0 
1.15512e+06  0.979713  0.276946  0.244928  0 
1.14048e+06  0.995501  0.269075  0.248875  0 
1.5048e+06  0.854789  0.464946  0.213697  0 
1.06104e+06  1.14832  0.226366  0.287079  0 
1.66128e+06  0.840713  0.549075  0.210178  0 
1.04712e+06  1.15128  0.218882  0.287821  0 
1.18896e+06  0.956556  0.29514  0.239139  0 
1.41888e+06  0.875264  0.418753  0.218816  0 
1.39632e+06  0.881281  0.406624  0.22032  0 
1.17312e+06  0.966526  0.286624  0.241632  0 
1.50216e+06  0.855813  0.463527  0.213953  0 
1.19088e+06  0.950915  0.296172  0.237729  0 
1.14552e+06  0.982669  0.271785  0.245667  0 
1.68624e+06  0.836333  0.562495  0.209083  0 
1.49616e+06  0.855888  0.460301  0.213972  0 
1.1172e+06  1.06941  0.256559  0.267352  0 
1.07472e+06  1.128  0.23372  0.282  0 
1.38168e+06  0.885213  0.398753  0.221303  0 
1.68144e+06  0.836621  0.559914  0.209155  0 
1.88736e+06  0.816934  0.670624  0.204234  0 
1.18392e+06  0.95745  0.29243  0.239363  0 
1.24752e+06  0.922936  0.326624  0.230734  0 

991920  1.45164  0.189204  0.36291  0 
2.01024e+06  0.80526  0.736688  0.201315  0 
1.70976e+06  0.824631  0.57514  0.206158  0 
1.43592e+06  0.861485  0.427914  0.215371  0 
1.19136e+06  0.939168  0.29643  0.234792  0 
1.04784e+06  1.14521  0.219269  0.286302  0 
1.11528e+06  0.989929  0.255527  0.247482  0 
995520  1.33837  0.19114  0.334593  0 
1.39752e+06  0.875122  0.407269  0.218781  0 
1.06968e+06  1.08186  0.231011  0.270465  0 
1.3656e+06  0.881193  0.390108  0.220298  0 
1.02168e+06  1.25833  0.205204  0.314583  0 
1.32792e+06  0.888517  0.369849  0.222129  0 
1.02432e+06  1.18437  0.206624  0.296091  0 
1.3044e+06  0.899426  0.357204  0.224857  0 
1.66488e+06  0.826745  0.551011  0.206686  0 
1.17576e+06  0.95362  0.288043  0.238405  0 
1.2816e+06  0.906573  0.344946  0.226643  0 
1.63512e+06  0.82983  0.535011  0.207457  0 
1.1016e+06  1.04395  0.248172  0.260989  0 
1.2624e+06  0.91041  0.334624  0.227602  0 
1.16064e+06  0.961528  0.279914  0.240382  0 
1.61592e+06  0.833381  0.524688  0.208345  0 
1.00872e+06  1.30585  0.198237  0.326462  0 
1.2468e+06  0.91303  0.326237  0.228257  0 
1.14936e+06  0.965666  0.273849  0.241416  0 
1.10472e+06  0.994831  0.249849  0.248708  0 
1.03728e+06  1.15938  0.213591  0.289844  0 
1.58952e+06  0.840638  0.510495  0.21016  0 
1.05984e+06  1.12643  0.22572  0.281608  0 
1.23744e+06  0.921539  0.321204  0.230385  0 
1.96296e+06  0.807408  0.711269  0.201852  0 
1.13424e+06  0.972788  0.26572  0.243197  0 
1.94856e+06  0.808019  0.703527  0.202005  0 
1.57824e+06  0.845509  0.50443  0.211377  0 
1.91064e+06  0.809409  0.68314  0.202352  0 
1.22088e+06  0.924512  0.312301  0.231128  0 
1.88856e+06  0.810774  0.671269  0.202694  0 
1.21416e+06  0.925379  0.308688  0.231345  0 
1.09344e+06  1.06821  0.243785  0.267052  0 
1.54776e+06  0.847884  0.488043  0.211971  0 
1.20744e+06  0.925783  0.305075  0.231446  0 
1.5384e+06  0.848824  0.483011  0.212206  0 
1.52808e+06  0.848894  0.477462  0.212224  0 
1.12848e+06  0.973003  0.262624  0.243251  0 
1.51728e+06  0.849896  0.471656  0.212474  0 
1.8828e+06  0.813067  0.668172  0.203267  0 
1.03224e+06  1.17219  0.210882  0.293048  0 
1.18632e+06  0.939877  0.29372  0.234969  0 
1.87776e+06  0.814971  0.665462  0.203743  0 
1.42848e+06  0.865796  0.423914  0.216449  0 
1.51128e+06  0.852176  0.46843  0.213044  0 
1.20072e+06  0.930382  0.301462  0.232595  0 
1.5072e+06  0.85268  0.466237  0.21317  0 
1.42176e+06  0.866405  0.420301  0.216601  0 
1.86264e+06  0.816148  0.657333  0.204037  0 
1.05144e+06  1.1377  0.221204  0.284426  0 
1.17696e+06  0.946163  0.288688  0.236541  0 
1.49424e+06  0.854041  0.459269  0.21351  0 
1.49112e+06  0.854745  0.457591  0.213686  0 
1.04496e+06  1.14754  0.21772  0.286886  0 
1.41888e+06  0.868714  0.418753  0.217179  0 
1.39296e+06  0.875572  0.404817  0.218893  0 
1.488e+06  0.855986  0.455914  0.213996  0 
1.836e+06  0.819408  0.643011  0.204852  0 
1.05744e+06  1.13232  0.22443  0.283081  0 
1.0992e+06  1.06096  0.246882  0.265239  0 
1.164e+06  0.956802  0.28172  0.239201  0 
1.29984e+06  0.902153  0.354753  0.225538  0 
1.45128e+06  0.857103  0.436172  0.214276  0 
1.31496e+06  0.895127  0.362882  0.223782  0 
1.44888e+06  0.857332  0.434882  0.214333  0 
1.09968e+06  1.05624  0.24714  0.26406  0 
1.36056e+06  0.884595  0.387398  0.221149  0 
1.158e+06  0.961864  0.278495  0.240466  0 
1.78416e+06  0.820867  0.61514  0.205217  0 
1.41456e+06  0.871365  0.41643  0.217841  0 
1.27776e+06  0.90671  0.342882  0.226678  0 
1.06536e+06  1.12296  0.228688  0.280741  0 
1.27104e+06  0.906962  0.339269  0.226741  0 
1.65816e+06  0.826817  0.547398  0.206704  0 
1.29216e+06  0.903572  0.350624  0.225893  0 
1.31112e+06  0.896625  0.360817  0.224156  0 
1.152e+06  0.96289  0.275269  0.240722  0 
1.30272e+06  0.899794  0.356301  0.224949  0 
1.0308e+06  1.18215  0.210108  0.295538  0 
1.44168e+06  0.859323  0.431011  0.214831  0 
1.03536e+06  1.17003  0.212559  0.292508  0 
1.37472e+06  0.879042  0.395011  0.219761  0 
1.2912e+06  0.903911  0.350108  0.225978  0 
1.70808e+06  0.824789  0.574237  0.206197  0 
1.14504e+06  0.971169  0.271527  0.242792  0 
1.09848e+06  1.06649  0.246495  0.266621  0 
1.3104e+06  0.89799  0.36043  0.224497  0 
1.41288e+06  0.873853  0.415527  0.218463  0 
1.01376e+06  1.30459  0.200946  0.326148  0 
1.28928e+06  0.905341  0.349075  0.226335  0 
1.57248e+06  0.846663  0.501333  0.211666  0 
1.48992e+06  0.854878  0.456946  0.21372  0 
1.04976e+06  1.14421  0.220301  0.286053  0 

