6.40466e+07  6.20949e+07  34.0896  1.55237e+07  0 
2.16383e+14  2.16383e+14  1.16335e+08  5.40958e+13  0 
5.02967e+07  4.83637e+07  26.6971  1.20909e+07  0 
5.71223e+13  5.71223e+13  3.07109e+07  1.42806e+13  0 
1.27024e+13  1.27024e+13  6.82926e+06  3.17561e+12  0 
5.69654e+07  5.49751e+07  30.2825  1.37438e+07  0 
5.23689e+07  5.05166e+07  27.8113  1.26292e+07  0 
5.22266e+07  5.01689e+07  27.7347  1.25422e+07  0 
5.09771e+07  4.89037e+07  27.0629  1.22259e+07  0 
5.81124e+07  5.61528e+07  30.8991  1.40382e+07  0 
5.49994e+07  5.30614e+07  29.2255  1.32653e+07  0 
5.07828e+07  4.86845e+07  26.9585  1.21711e+07  0 
4.4431e+07  4.23895e+07  23.5435  1.05974e+07  0 
1.35615e+14  1.35615e+14  7.29114e+07  3.39038e+13  0 
5.36674e+07  5.16836e+07  28.5094  1.29209e+07  0 
1.37059e+08  1.35098e+08  73.3438  3.37745e+07  0 
4.90675e+07  4.71247e+07  26.0363  1.17812e+07  0 
1.12064e+13  1.12064e+13  6.02493e+06  2.80159e+12  0 
3.94732e+13  3.94732e+13  2.12221e+07  9.86829e+12  0 
4.95611e+07  4.76685e+07  26.3017  1.19171e+07  0 
6.60945e+07  6.44404e+07  35.1906  1.61101e+07  0 
4.41674e+07  4.22289e+07  23.4018  1.05572e+07  0 
6.88889e+13  6.88889e+13  3.7037e+07  1.72222e+13  0 
2.94491e+07  2.7519e+07  15.4888  6.87976e+06  0 
6.67654e+07  6.48214e+07  35.5513  1.62053e+07  0 
5.50599e+07  5.30369e+07  29.258  1.32592e+07  0 
4.49042e+07  4.28937e+07  23.798  1.07234e+07  0 
4.33718e+07  4.14062e+07  22.9741  1.03515e+07  0 
4.96991e+07  4.76293e+07  26.3758  1.19073e+07  0 
4.88583e+07  4.68502e+07  25.9238  1.17126e+07  0 
8.80124e+13  8.80124e+13  4.73185e+07  2.20031e+13  0 
4.93156e+07  4.72231e+07  26.1697  1.18058e+07  0 
2.34932e+07  2.13112e+07  12.2867  5.32779e+06  0 
5.25378e+13  5.25378e+13  2.82461e+07  1.31344e+13  0 
5.72789e+07  5.52003e+07  30.451  1.38001e+07  0 
4.22303e+07  4.02179e+07  22.3604  1.00545e+07  0 
8.29871e+07  8.09279e+07  44.2726  2.0232e+07  0 
5.30406e+07  5.1105e+07  28.1724  1.27763e+07  0 
7.28966e+07  7.11422e+07  38.8476  1.77855e+07  0 
1.02357e+08  1.00331e+08  54.6866  2.50826e+07  0 
4.91407e+07  4.70546e+07  26.0756  1.17636e+07  0 
5.73544e+07  5.53381e+07  30.4916  1.38345e+07  0 
5.40221e+07  5.20687e+07  28.7  1.30172e+07  0 
4.99597e+07  4.80587e+07  26.516  1.20147e+07  0 
2.48266e+08  2.46298e+08  133.132  6.15744e+07  0 
8.96059e+13  8.96059e+13  4.81752e+07  2.24015e+13  0 
5.12682e+07  4.95472e+07  27.2195  1.23868e+07  0 
2.36093e+13  2.36093e+13  1.26932e+07  5.90232e+12  0 
6.81128e+07  6.61013e+07  36.2757  1.65253e+07  0 
4.92077e+07  4.74116e+07  26.1117  1.18529e+07  0 
6.03549e+07  5.83463e+07  32.1048  1.45866e+07  0 
4.83646e+07  4.64213e+07  25.6584  1.16053e+07  0 
8.86626e+07  8.67426e+07  47.324  2.16857e+07  0 
4.35919e+07  4.17876e+07  23.0924  1.04469e+07  0 
3.20851e+14  3.20851e+14  1.725e+08  8.02127e+13  0 
5.03372e+07  4.84952e+07  26.7189  1.21238e+07  0 
6.62397e+07  6.42345e+07  35.2687  1.60586e+07  0 
5.95334e+07  5.78145e+07  31.6631  1.44536e+07  0 
4.76169e+07  4.57747e+07  25.2564  1.14437e+07  0 
6.73551e+07  6.51536e+07  35.8683  1.62884e+07  0 
4.7833e+13  4.7833e+13  2.57167e+07  1.19582e+13  0 
5.67903e+07  5.49869e+07  30.1883  1.37467e+07  0 
2.52335e+07  2.31035e+07  13.2223  5.77587e+06  0 
4.47264e+07  4.26816e+07  23.7023  1.06704e+07  0 
6.38216e+07  6.18747e+07  33.9686  1.54687e+07  0 
4.9854e+07  4.78316e+07  26.4592  1.19579e+07  0 
4.43987e+13  4.43987e+13  2.38703e+07  1.10997e+13  0 
7.54476e+07  7.35307e+07  40.2191  1.83827e+07  0 
5.23859e+07  5.03627e+07  27.8204  1.25907e+07  0 
6.8365e+07  6.63154e+07  36.4113  1.65789e+07  0 
1.27563e+13  1.27563e+13  6.85824e+06  3.18908e+12  0 
7.61069e+07  7.42558e+07  40.5736  1.85639e+07  0 
1.30931e+08  1.28972e+08  70.049  3.22431e+07  0 
1.02161e+14  1.02161e+14  5.49254e+07  2.55403e+13  0 
4.43654e+13  4.43654e+13  2.38524e+07  1.10914e+13  0 
2.75496e+07  2.55788e+07  14.4675  6.39469e+06  0 
4.72046e+07  4.51975e+07  25.0347  1.12994e+07  0 
5.46406e+07  5.27088e+07  29.0326  1.31772e+07  0 
2.61606e+07  2.40932e+07  13.7208  6.02331e+06  0 
5.79663e+07  5.58452e+07  30.8206  1.39613e+07  0 
1.0637e+08  1.04368e+08  56.844  2.6092e+07  0 
4.91389e+07  4.71101e+07  26.0747  1.17775e+07  0 
1.40584e+14  1.40584e+14  7.5583e+07  3.51461e+13  0 
4.73304e+07  4.54363e+07  25.1024  1.13591e+07  0 
9.92214e+14  9.92214e+14  5.33448e+08  2.48053e+14  0 
6.75296e+07  6.56552e+07  35.9622  1.64138e+07  0 
6.31384e+13  6.31384e+13  3.39454e+07  1.57846e+13  0 
5.48556e+07  5.2729e+07  29.1482  1.31822e+07  0 
4.31016e+07  4.1047e+07  22.8288  1.02617e+07  0 
5.47092e+07  5.25727e+07  29.0695  1.31432e+07  0 
1.27246e+08  1.25069e+08  68.0677  3.12672e+07  0 
4.13399e+07  3.92385e+07  21.8817  9.80962e+06  0 
4.22817e+07  4.04246e+07  22.388  1.01061e+07  0 
8.09935e+07  7.90937e+07  43.2008  1.97734e+07  0 
6.36638e+07  6.15696e+07  33.8838  1.53924e+07  0 
5.96619e+07  5.76193e+07  31.7322  1.44048e+07  0 
1.48893e+14  1.48893e+14  8.00497e+07  3.72231e+13  0 
6.3192e+13  6.3192e+13  3.39742e+07  1.5798e+13  0 
4.99639e+07  4.79834e+07  26.5182  1.19959e+07  0 
6.13191e+07  5.93689e+07  32.6232  1.48422e+07  0 

1.38936e+06  1.5166  0.402882  0.379149  0 
2.20152e+06  0.944067  0.839527  0.236017  0 
2.18232e+06  1.41957  0.829204  0.354894  0 
5.144e+06  3.00824e+06  2.4215  752059  1 
7.18691e+06  5.14427e+06  3.51985  1.28607e+06  2 
7.7387e+06  5.49158e+06  3.81651  1.3729e+06  3 
8.54284e+06  6.13396e+06  4.24884  1.53349e+06  4 
1.5406e+07  1.33124e+07  7.93869  3.32811e+06  16 
1.63919e+07  1.43166e+07  8.46875  3.57915e+06  20 
1.8051e+07  1.60835e+07  9.36077  4.02088e+06  22 
1.92282e+07  1.70296e+07  9.99367  4.25739e+06  25 
1.92313e+07  1.69436e+07  9.99533  4.23591e+06  25 
2.36529e+07  2.17122e+07  12.3725  5.42806e+06  43 
2.55101e+07  2.34149e+07  13.371  5.85372e+06  48 
3.30617e+07  3.0937e+07  17.431  7.73424e+06  50 
4.0983e+07  3.89334e+07  21.6898  9.73335e+06  53 
4.51883e+07  4.3155e+07  23.9507  1.07888e+07  60 
4.61551e+07  4.41789e+07  24.4705  1.10447e+07  63 
2.20006e+07  1.98538e+07  11.4842  4.96344e+06  39 
1.84008e+07  1.62384e+07  9.54879  4.05959e+06  24 
5.89379e+07  5.70285e+07  31.343  1.42571e+07  73 
6.11072e+07  5.9042e+07  32.5093  1.47605e+07  74 
4.14779e+07  3.93364e+07  21.9559  9.8341e+06  55 
4.42001e+07  4.20245e+07  23.4194  1.05061e+07  58 
4.7688e+07  4.56819e+07  25.2946  1.14205e+07  69 
4.70447e+07  4.48086e+07  24.9488  1.12022e+07  66 
5.80703e+07  5.587e+07  30.8765  1.39675e+07  72 
6.15613e+07  5.95283e+07  32.7534  1.48821e+07  75 
4.61276e+07  4.41769e+07  24.4557  1.10442e+07  62 
1.9033e+07  1.70748e+07  9.8887  4.2687e+06  25 
3.77853e+07  3.56229e+07  19.9706  8.90574e+06  52 
1.65626e+07  1.45764e+07  8.56054  3.64409e+06  21 
4.11489e+07  3.91567e+07  21.779  9.78917e+06  54 
2.45508e+07  2.24124e+07  12.8553  5.6031e+06  46 
2.22958e+07  1.9941e+07  11.6429  4.98524e+06  41 
4.19446e+07  3.97793e+07  22.2068  9.94483e+06  56 
3.53263e+07  3.3342e+07  18.6485  8.33549e+06  51 
1.66226e+07  1.44998e+07  8.59281  3.62496e+06  21 
4.67803e+07  4.45682e+07  24.8066  1.11421e+07  65 
1.49682e+07  1.27969e+07  7.70334  3.19923e+06  14 
1.45886e+07  1.23321e+07  7.49923  3.08302e+06  13 
2.36034e+07  2.13635e+07  12.3459  5.34087e+06  42 
4.64093e+07  4.43105e+07  24.6071  1.10776e+07  64 
2.46148e+07  2.25043e+07  12.8897  5.62606e+06  47 
4.69806e+07  4.49593e+07  24.9143  1.12398e+07  66 
4.53278e+07  4.31918e+07  24.0257  1.07979e+07  61 
6.28271e+07  6.0838e+07  33.4339  1.52095e+07  76 
9.59061e+06  7.53765e+06  4.81215  1.88441e+06  6 
2.20475e+07  1.98875e+07  11.5094  4.97188e+06  40 
1.99652e+07  1.79331e+07  10.3899  4.48329e+06  29 
2.22827e+07  2.00101e+07  11.6358  5.00252e+06  41 
4.74692e+07  4.54715e+07  25.177  1.13679e+07  67 
2.13317e+07  1.90109e+07  11.1246  4.75273e+06  35 
2.33863e+07  2.14883e+07  12.2292  5.37209e+06  42 
1.43265e+07  1.19944e+07  7.35833  2.9986e+06  12 
1.91793e+07  1.72197e+07  9.96734  4.30491e+06  26 
2.41805e+07  2.1974e+07  12.6562  5.4935e+06  44 
1.96283e+07  1.7423e+07  10.2088  4.35575e+06  28 
2.38358e+07  2.15236e+07  12.4708  5.3809e+06  43 
4.42442e+07  4.20751e+07  23.4431  1.05188e+07  59 
1.61896e+07  1.4092e+07  8.36002  3.52301e+06  19 
2.22298e+07  2.01068e+07  11.6074  5.02669e+06  41 
1.9269e+07  1.72964e+07  10.0156  4.32411e+06  27 
1.10858e+07  9.05537e+06  5.616  2.26384e+06  7 
1.32364e+07  1.10509e+07  6.77225  2.76274e+06  10 
2.44406e+07  2.23024e+07  12.796  5.57561e+06  45 
1.5716e+07  1.35692e+07  8.10538  3.3923e+06  17 
4.14314e+07  3.93487e+07  21.9309  9.83718e+06  55 
2.12294e+07  1.91181e+07  11.0696  4.77953e+06  35 
4.61546e+07  4.41909e+07  24.4702  1.10477e+07  63 
1.61534e+07  1.395e+07  8.34054  3.48749e+06  18 
2.1603e+07  1.96235e+07  11.2704  4.90587e+06  37 
1.52337e+07  1.31839e+07  7.84608  3.29597e+06  15 
4.75622e+07  4.56304e+07  25.227  1.14076e+07  68 
4.90124e+07  4.67958e+07  26.0067  1.16989e+07  70 
2.12867e+07  1.92414e+07  11.1004  4.81035e+06  36 
4.67035e+07  4.46923e+07  24.7653  1.11731e+07  65 
1.15142e+07  9.2294e+06  5.84634  2.30735e+06  8 
6.87096e+07  6.67591e+07  36.5965  1.66898e+07  77 
9.30439e+06  7.30591e+06  4.65827  1.82648e+06  5 
2.19362e+07  1.97846e+07  11.4496  4.94616e+06  38 
2.08664e+07  1.8813e+07  10.8744  4.70324e+06  32 
1.38318e+07  1.16658e+07  7.09238  2.91646e+06  11 
4.23484e+07  4.01282e+07  22.4239  1.0032e+07  57 
3.20008e+07  2.99443e+07  16.8607  7.48607e+06  49 
2.0506e+07  1.84598e+07  10.6807  4.61494e+06  30 
1.61737e+07  1.42285e+07  8.35147  3.55713e+06  19 
1.28586e+07  1.08589e+07  6.56912  2.71472e+06  9 
4.97419e+07  4.76306e+07  26.3988  1.19076e+07  71 
2.05932e+07  1.85721e+07  10.7275  4.64304e+06  31 
4.6462e+07  4.41988e+07  24.6355  1.10497e+07  64 
2.10219e+07  1.89056e+07  10.958  4.7264e+06  33 
7.46618e+07  7.25832e+07  39.7967  1.81458e+07  78 
4.22258e+07  4.02177e+07  22.3579  1.00544e+07  57 
5.12944e+06  3.28072e+06  2.41368  820181  1 
4.61853e+07  4.41537e+07  24.4867  1.10384e+07  62 
1.61776e+07  1.41652e+07  8.35354  3.5413e+06  19 
2.10319e+07  1.89393e+07  10.9634  4.73483e+06  34 
1.81636e+07  1.61251e+07  9.4213  4.03127e+06  23 
2.42172e+07  2.1874e+07  12.6759  5.46851e+06  44 

1.26432e+06  1.92072  0.335656  0.48018  0 
2.12496e+06  0.939861  0.798366  0.234965  0 
1.68744e+06  1.20825  0.56314  0.302063  0 
1.56984e+06  1.693  0.499914  0.423249  0 
1.63368e+06  1.44312  0.534237  0.36078  0 
1.94976e+06  1.10621  0.704172  0.276552  0 
1.75896e+06  2.05445  0.601591  0.513611  1 
1.84104e+06  1.39618  0.64572  0.349046  1 
1.84992e+06  1.34578  0.650495  0.336445  1 
2.1756e+06  1.16015  0.825591  0.290038  1 
1.89216e+06  1.22434  0.673204  0.306086  1 
1.95504e+06  1.32299  0.707011  0.330749  2 
1.80912e+06  2.11175  0.628559  0.527938  2 
2.07912e+06  1.28558  0.77372  0.321395  2 
2.118e+06  1.28447  0.794624  0.321119  2 
1.9188e+06  2.10738  0.687527  0.526844  2 
2.50185e+06  147926  1.00099  36981.6  3 
2.9971e+06  794381  1.26726  198595  4 
3.0444e+06  989285  1.29269  247321  5 
3.03259e+06  1.00339e+06  1.28634  250847  5 
3.4219e+06  1.3279e+06  1.49564  331974  6 
3.68126e+06  1.44398e+06  1.63509  360996  7 
4.2024e+06  1.9512e+06  1.91527  487801  8 
4.82538e+06  2.51898e+06  2.2502  629745  9 
4.93212e+06  2.87292e+06  2.30759  718230  10 
5.11426e+06  2.8957e+06  2.40551  723925  11 
6.04091e+06  3.99563e+06  2.90371  998907  12 
6.62755e+06  4.49156e+06  3.21912  1.12289e+06  13 
6.98584e+06  4.70128e+06  3.41174  1.17532e+06  14 
7.03929e+06  5.06457e+06  3.44048  1.26614e+06  15 
7.60187e+06  5.41931e+06  3.74294  1.35483e+06  16 
7.94568e+06  5.8296e+06  3.92779  1.4574e+06  18 
8.55257e+06  6.35825e+06  4.25407  1.58956e+06  19 
8.64657e+06  6.48009e+06  4.3046  1.62002e+06  20 
8.93803e+06  6.74971e+06  4.4613  1.68743e+06  21 
8.96976e+06  6.77304e+06  4.47837  1.69326e+06  22 
9.25616e+06  7.02056e+06  4.63234  1.75514e+06  23 
9.40128e+06  7.42656e+06  4.71037  1.85664e+06  26 
9.62722e+06  7.53418e+06  4.83184  1.88355e+06  27 
9.85489e+06  7.63153e+06  4.95424  1.90788e+06  28 
1.00658e+07  7.9869e+06  5.06762  1.99672e+06  29 
1.00392e+07  8.02677e+06  5.05332  2.00669e+06  29 
1.05822e+07  8.32721e+06  5.34529  2.0818e+06  30 
1.15781e+07  9.41737e+06  5.88069  2.35434e+06  34 
1.15699e+07  9.55874e+06  5.87631  2.38969e+06  34 
1.23715e+07  1.04318e+07  6.30724  2.60794e+06  36 
1.40007e+07  1.18479e+07  7.18319  2.96198e+06  38 
1.41864e+07  1.18706e+07  7.28301  2.96766e+06  39 
1.46232e+07  1.24728e+07  7.51784  3.11819e+06  40 
1.50212e+07  1.28504e+07  7.73185  3.21261e+06  42 
1.51594e+07  1.29176e+07  7.80613  3.22939e+06  43 
1.56495e+07  1.34158e+07  8.06962  3.35396e+06  44 
1.58838e+07  1.38666e+07  8.19558  3.46665e+06  45 
1.70423e+07  1.49104e+07  8.81845  3.7276e+06  47 
1.7866e+07  1.56912e+07  9.26131  3.92279e+06  49 
1.91497e+07  1.71992e+07  9.95143  4.29979e+06  51 
1.9746e+07  1.7453e+07  10.272  4.36326e+06  52 
2.05601e+07  1.86905e+07  10.7097  4.67263e+06  53 
2.06577e+07  1.87045e+07  10.7622  4.67613e+06  54 
2.17227e+07  1.97425e+07  11.3348  4.93562e+06  56 
2.18937e+07  1.97462e+07  11.4267  4.93654e+06  57 
2.24415e+07  2.02954e+07  11.7213  5.07386e+06  59 
2.27415e+07  2.0648e+07  11.8825  5.162e+06  60 
2.4274e+07  2.21812e+07  12.7065  5.54531e+06  62 
2.47612e+07  2.28172e+07  12.9684  5.70431e+06  63 
2.88126e+07  2.66708e+07  15.1466  6.66771e+06  64 
3.67837e+07  3.45625e+07  19.4321  8.64063e+06  65 
4.57911e+07  4.35275e+07  24.2748  1.08819e+07  68 
4.58062e+07  4.37446e+07  24.2829  1.09362e+07  69 
4.64689e+07  4.43857e+07  24.6392  1.10964e+07  70 
4.64252e+07  4.44925e+07  24.6157  1.11231e+07  70 
4.71612e+07  4.49391e+07  25.0114  1.12348e+07  73 
4.70469e+07  4.50209e+07  24.95  1.12552e+07  73 
4.72573e+07  4.517e+07  25.0631  1.12925e+07  74 
5.0009e+07  4.79985e+07  26.5425  1.19996e+07  75 
2.1214e+07  1.89076e+07  11.0613  4.72689e+06  55 
1.15886e+07  9.36432e+06  5.88637  2.34108e+06  34 
2.27616e+07  2.08997e+07  11.8933  5.22492e+06  61 
4.67611e+07  4.46551e+07  24.7963  1.11638e+07  71 
4.69506e+07  4.48288e+07  24.8982  1.12072e+07  72 
1.40947e+07  1.19647e+07  7.2337  2.99117e+06  39 
1.14164e+07  9.22788e+06  5.79378  2.30697e+06  33 
1.10368e+07  8.68741e+06  5.58966  2.17185e+06  32 
4.02213e+07  3.84559e+07  21.2803  9.61398e+06  67 
4.01886e+07  3.81155e+07  21.2627  9.52887e+06  66 
9.32895e+06  7.24311e+06  4.67148  1.81078e+06  25 
1.38514e+07  1.18584e+07  7.1029  2.96461e+06  38 
1.27581e+07  1.06144e+07  6.51511  2.65361e+06  37 
7.75319e+07  7.54163e+07  41.3398  1.88541e+07  77 
1.81655e+07  1.61077e+07  9.42231  4.02693e+06  50 
2.21077e+07  2.00039e+07  11.5418  5.00097e+06  58 
1.21219e+07  9.96675e+06  6.17309  2.49169e+06  35 
9.27425e+06  7.13154e+06  4.64207  1.78288e+06  24 
1.61581e+07  1.39746e+07  8.34305  3.49364e+06  46 
1.06861e+07  8.62305e+06  5.40112  2.15576e+06  31 
1.48962e+07  1.26344e+07  7.66461  3.1586e+06  41 
7.04263e+07  6.82092e+07  37.5195  1.70523e+07  76 
1.27591e+07  1.05693e+07  6.51563  2.64233e+06  37 
7.62572e+06  5.4302e+06  3.75576  1.35755e+06  17 
1.76129e+07  1.54983e+07  9.12523  3.87457e+06  48 

1.24464e+06  2.14542  0.325075  0.536356  0 
2.19984e+06  0.869096  0.838624  0.217274  0 
1.63008e+06  1.075  0.532301  0.26875  0 
1.33392e+06  1.41176  0.373075  0.352941  0 
1.38936e+06  1.24691  0.402882  0.311727  0 
1.85088e+06  0.93939  0.651011  0.234847  0 
1.26864e+06  2.05594  0.337978  0.513985  0 
1.57848e+06  1.19703  0.504559  0.299257  0 
1.55832e+06  1.21169  0.49372  0.302923  0 
1.32408e+06  1.73113  0.367785  0.432783  0 
1.57416e+06  1.19747  0.502237  0.299367  0 
1.45512e+06  1.48307  0.438237  0.370767  1 
1.56432e+06  1.33581  0.496946  0.333953  1 
1.7736e+06  1.21324  0.609462  0.30331  1 
1.3764e+06  2.12736  0.395914  0.53184  1 
1.40688e+06  1.51496  0.412301  0.37874  1 
1.66176e+06  1.32431  0.549333  0.331076  1 
1.7184e+06  1.2815  0.579785  0.320376  1 
1.89336e+06  1.09854  0.673849  0.274635  1 
1.40616e+06  1.69193  0.411914  0.422983  1 
1.73856e+06  1.22331  0.590624  0.305828  1 
1.8468e+06  1.11358  0.648817  0.278396  1 
1.95936e+06  1.03165  0.709333  0.257912  1 
1.87872e+06  1.17214  0.665978  0.293035  2 
1.83384e+06  1.21416  0.641849  0.303541  2 
2.08584e+06  1.16175  0.777333  0.290438  2 
1.6524e+06  1.34632  0.544301  0.336579  2 
1.59936e+06  1.47497  0.515785  0.368743  2 
1.47576e+06  1.86948  0.449333  0.46737  2 
1.50816e+06  1.55127  0.466753  0.387818  2 
1.45584e+06  1.93925  0.438624  0.484813  2 
1.55904e+06  1.51427  0.494108  0.378567  2 
1.5072e+06  2.10566  0.466237  0.526415  3 
1.7076e+06  1.34729  0.573978  0.336822  3 
1.94376e+06  1.24035  0.700946  0.310087  3 
1.6512e+06  1.58274  0.543656  0.395684  3 
1.6572e+06  1.51856  0.546882  0.37964  3 
1.55376e+06  1.7919  0.491269  0.447975  3 
1.96224e+06  1.28637  0.710882  0.321593  4 
1.77528e+06  1.52076  0.610366  0.38019  4 
2.24952e+06  1.28265  0.865333  0.320664  4 
1.8048e+06  1.35631  0.626237  0.339076  4 
1.66704e+06  1.91964  0.552172  0.47991  4 
1.73232e+06  1.66349  0.587269  0.415871  4 
1.84536e+06  2.03546  0.648043  0.508864  5 
2.0172e+06  1.32157  0.74043  0.330393  5 
1.70712e+06  2.04781  0.57372  0.511952  5 
1.85568e+06  1.36967  0.653591  0.342419  5 
1.68432e+06  2.04857  0.561462  0.512142  5 
2.1468e+06  1.31208  0.810108  0.32802  5 
1.8672e+06  1.66315  0.659785  0.415788  6 
1.85262e+06  149582  0.651946  37395.4  6 
2.1672e+06  1.3302  0.821075  0.332549  6 
2.01648e+06  1.61803  0.740043  0.404508  6 
1.8816e+06  1.72719  0.667527  0.431796  7 
2.04024e+06  1.69013  0.752817  0.422532  7 
1.89672e+06  1.98307  0.675656  0.495766  8 
2.27827e+06  91395.3  0.880792  22848.8  9 
2.32382e+06  93260.2  0.905279  23315.1  10 
2.29392e+06  164643  0.889205  41160.6  10 
2.35277e+06  239328  0.920842  59832  11 
2.4733e+06  415543  0.985646  103886  12 
2.63167e+06  735675  1.07079  183919  13 
2.80813e+06  768851  1.16566  192213  14 
2.76556e+06  897643  1.14278  224411  14 
2.94998e+06  840379  1.24192  210095  15 
2.96061e+06  888930  1.24764  222232  16 
3.2742e+06  932281  1.41624  233070  17 
3.18752e+06  1.1372e+06  1.36964  284301  17 
3.23737e+06  1.29865e+06  1.39643  324662  18 
3.46603e+06  1.31371e+06  1.51937  328428  19 
3.51762e+06  1.35954e+06  1.54711  339886  20 
3.57315e+06  1.36779e+06  1.57696  341948  21 
3.70195e+06  1.53763e+06  1.64621  384407  22 
3.64531e+06  1.68667e+06  1.61576  421667  22 
3.94496e+06  1.76504e+06  1.77686  441261  23 
4.29429e+06  2.23197e+06  1.96467  557992  24 
4.64084e+06  2.43908e+06  2.15099  609771  25 
4.73499e+06  2.749e+06  2.20161  687249  26 
5.0196e+06  2.80368e+06  2.35462  700920  27 
5.52899e+06  3.52259e+06  2.62849  880647  28 
6.1705e+06  4.04506e+06  2.97339  1.01127e+06  29 
6.73795e+06  4.64515e+06  3.27847  1.16129e+06  30 
7.052e+06  5.02857e+06  3.44731  1.25714e+06  31 
7.28001e+06  5.23449e+06  3.5699  1.30862e+06  32 
7.4192e+06  5.10152e+06  3.64473  1.27538e+06  32 
8.05267e+06  6.257e+06  3.98531  1.56425e+06  33 
8.7504e+06  6.67224e+06  4.36043  1.66806e+06  34 
8.46336e+06  6.68688e+06  4.20611  1.67172e+06  34 
8.62397e+06  7.02557e+06  4.29245  1.75639e+06  35 
9.80936e+06  7.65776e+06  4.92976  1.91444e+06  36 
1.03781e+07  8.3688e+06  5.23553  2.0922e+06  37 
1.14714e+07  9.64159e+06  5.82331  2.4104e+06  38 
1.16956e+07  9.63568e+06  5.94387  2.40892e+06  38 
1.16938e+07  9.75724e+06  5.9429  2.43931e+06  39 
1.44367e+07  1.26221e+07  7.41761  3.15553e+06  40 
1.59331e+07  1.40306e+07  8.22209  3.50765e+06  41 
1.63803e+07  1.43442e+07  8.46254  3.58604e+06  42 
1.61714e+07  1.43769e+07  8.35019  3.59422e+06  42 
2.17468e+07  1.98561e+07  11.3478  4.96403e+06  43 

1.11504e+06  1.46244  0.255398  0.36561  0 
2.286e+06  0.82168  0.884946  0.20542  0 
1.95072e+06  0.878783  0.704688  0.219696  0 
1.61952e+06  0.953958  0.526624  0.23849  0 
1.42368e+06  1.07276  0.421333  0.26819  0 
1.27128e+06  1.17384  0.339398  0.29346  0 
1.55856e+06  0.967842  0.493849  0.24196  0 
1.22304e+06  1.32978  0.313462  0.332445  0 
1.87368e+06  0.890645  0.663269  0.222661  0 
1.52808e+06  1.00951  0.477462  0.252378  0 
1.39992e+06  1.09549  0.408559  0.273872  0 
1.506e+06  1.03156  0.465591  0.257889  0 
1.48968e+06  1.04214  0.456817  0.260535  0 
1.37904e+06  1.15567  0.397333  0.288918  0 
1.26792e+06  1.30522  0.337591  0.326305  0 
1.24464e+06  1.38821  0.325075  0.347053  0 
1.53336e+06  1.02599  0.480301  0.256498  1 
1.22472e+06  1.88063  0.314366  0.470156  1 
1.50984e+06  1.06042  0.467656  0.265106  2 
1.38144e+06  1.16006  0.398624  0.290015  1 
1.48008e+06  1.08996  0.451656  0.272491  1 
1.96152e+06  0.942853  0.710495  0.235713  0 
2.12424e+06  0.925315  0.797978  0.231329  1 
1.206e+06  2.03046  0.304301  0.507616  1 
1.34352e+06  1.17916  0.378237  0.294789  1 
1.59648e+06  0.995947  0.514237  0.248987  1 
1.30752e+06  1.20826  0.358882  0.302066  1 
1.81176e+06  0.978549  0.629978  0.244637  1 
1.73064e+06  0.985208  0.586366  0.246302  1 
1.452e+06  1.11439  0.436559  0.278598  2 
2.00496e+06  0.977256  0.733849  0.244314  1 
1.26432e+06  1.75889  0.335656  0.439721  1 
1.2828e+06  1.44395  0.345591  0.360986  1 
1.26552e+06  1.61897  0.336301  0.404744  1 
1.68576e+06  1.03014  0.562237  0.257536  2 
1.64376e+06  1.04437  0.539656  0.261094  4 
1.72536e+06  1.00899  0.583527  0.252247  2 
1.4676e+06  1.1377  0.444946  0.284426  3 
1.59096e+06  1.07306  0.511269  0.268266  2 
1.43496e+06  1.16777  0.427398  0.291942  2 
1.224e+06  2.04893  0.313978  0.512232  2 
1.85952e+06  0.985181  0.655656  0.246295  2 
1.5192e+06  1.1296  0.472688  0.282401  3 
1.69008e+06  1.02967  0.564559  0.257417  2 
1.63656e+06  1.06404  0.535785  0.266011  3 
1.31952e+06  1.25665  0.365333  0.314162  2 
1.93704e+06  0.983406  0.697333  0.245851  2 
1.96584e+06  0.981546  0.712817  0.245386  2 
1.4328e+06  1.23846  0.426237  0.309614  2 
1.4052e+06  1.25502  0.411398  0.313755  2 
1.2828e+06  1.44815  0.345591  0.362037  2 
1.43448e+06  1.26794  0.42714  0.316985  2 
1.27224e+06  1.63439  0.339914  0.408598  2 
1.24152e+06  2.13592  0.323398  0.533981  2 
1.59e+06  1.17615  0.510753  0.294038  0 
1.2672e+06  1.95132  0.337204  0.487831  2 
1.2456e+06  2.08527  0.325591  0.521316  2 
1.65984e+06  1.12207  0.548301  0.280517  4 
1.6932e+06  1.06976  0.566237  0.26744  3 
1.6116e+06  1.12485  0.522366  0.281212  4 
1.61016e+06  1.16249  0.521591  0.290622  5 
1.36392e+06  1.31566  0.389204  0.328916  3 
1.95312e+06  0.993428  0.705978  0.248357  3 
1.66656e+06  1.10598  0.551914  0.276494  4 
1.45176e+06  1.18835  0.43643  0.297087  2 
1.36608e+06  1.29202  0.390366  0.323004  3 
1.74264e+06  1.04587  0.592817  0.261467  3 
1.776e+06  1.02276  0.610753  0.255691  2 
1.4184e+06  1.29048  0.418495  0.322621  3 
1.71e+06  1.12362  0.575269  0.280904  5 
1.968e+06  1.02703  0.713978  0.256756  3 
1.44072e+06  1.38969  0.430495  0.347423  4 
1.87992e+06  1.03381  0.666624  0.258453  3 
1.27632e+06  1.75257  0.342108  0.438142  3 
1.24968e+06  2.35571  0.327785  0.588928  3 
1.2852e+06  1.50237  0.346882  0.375594  2 
1.3392e+06  1.49117  0.375914  0.372792  3 
1.42392e+06  1.47243  0.421462  0.368107  4 
1.434e+06  1.47037  0.426882  0.367592  2 
1.7448e+06  1.10376  0.593978  0.27594  5 
1.4844e+06  1.23005  0.453978  0.307514  4 
1.6344e+06  1.13485  0.534624  0.283712  4 
1.61376e+06  1.21501  0.523527  0.303754  6 
1.73928e+06  1.11143  0.591011  0.277858  5 
1.78392e+06  1.03784  0.615011  0.25946  4 
2.03112e+06  1.04905  0.747914  0.262262  5 
1.3056e+06  1.68073  0.357849  0.420182  3 
1.85088e+06  1.06891  0.651011  0.267227  5 
1.3404e+06  1.51541  0.376559  0.378853  4 
1.50984e+06  1.23219  0.467656  0.308049  5 
1.69824e+06  1.14834  0.568946  0.287085  5 
1.4892e+06  1.26398  0.456559  0.315996  5 
1.3584e+06  1.49392  0.386237  0.373479  4 
1.76112e+06  1.14466  0.602753  0.286165  1 
1.83888e+06  1.0967  0.644559  0.274174  0 
1.65576e+06  1.16332  0.546108  0.290831  6 
1.8432e+06  1.09601  0.646882  0.274003  5 
1.34256e+06  1.51871  0.37772  0.379677  5 
1.30992e+06  2.0166  0.360172  0.50415  4 
1.67832e+06  1.16822  0.558237  0.292054  5 

1.08312e+06  1.48088  0.238237  0.37022  0 
2.36184e+06  0.815212  0.92572  0.203803  0 
1.99416e+06  0.851697  0.728043  0.212924  0 
1.68624e+06  0.892556  0.562495  0.223139  0 
1.41024e+06  0.958417  0.414108  0.239604  0 
1.23936e+06  1.12001  0.322237  0.280002  0 
1.17144e+06  1.31902  0.28572  0.329755  0 
1.3152e+06  1.0021  0.363011  0.250524  0 
1.18536e+06  1.20345  0.293204  0.300861  0 
1.27248e+06  1.0286  0.340043  0.257151  0 
1.63296e+06  0.898429  0.533849  0.224607  0 
1.14672e+06  1.43072  0.27243  0.357679  0 
1.58256e+06  0.911362  0.506753  0.22784  0 
1.56192e+06  0.915569  0.495656  0.228892  0 
1.17216e+06  1.28633  0.286108  0.321583  0 
1.52064e+06  0.931506  0.473462  0.232876  0 
1.98192e+06  0.86288  0.721462  0.21572  0 
1.91352e+06  0.866553  0.684688  0.216638  0 
1.88736e+06  0.866931  0.670624  0.216733  0 
1.86648e+06  0.869032  0.659398  0.217258  0 
1.26504e+06  1.10511  0.336043  0.276276  0 
1.40352e+06  0.985376  0.410495  0.246344  0 
2.18064e+06  0.838118  0.828301  0.20953  0 
1.47264e+06  0.945784  0.447656  0.236446  0 
1.82592e+06  0.880548  0.637591  0.220137  0 
1.36992e+06  0.990918  0.39243  0.24773  0 
1.78344e+06  0.884621  0.614753  0.221155  0 
1.3644e+06  0.994928  0.389462  0.248732  0 
1.75872e+06  0.887478  0.601462  0.22187  0 
1.55856e+06  0.930898  0.493849  0.232725  0 
1.19472e+06  1.45548  0.298237  0.363871  2 
1.26288e+06  1.13751  0.334882  0.284379  1 
1.32648e+06  1.11176  0.369075  0.277939  0 
1.17576e+06  1.5489  0.288043  0.387225  2 
1.6056e+06  0.914377  0.51914  0.228594  0 
1.90968e+06  0.875145  0.682624  0.218786  0 
1.6716e+06  0.913422  0.554624  0.228356  1 
1.536e+06  0.94332  0.48172  0.23583  0 
1.77792e+06  0.898475  0.611785  0.224619  0 
1.57608e+06  0.941321  0.503269  0.23533  1 
1.5216e+06  0.970184  0.473978  0.242546  0 
2.0208e+06  0.859768  0.742366  0.214942  0 
1.38336e+06  1.02317  0.399656  0.255793  1 
1.43736e+06  0.974358  0.428688  0.243589  0 
1.7028e+06  0.913405  0.571398  0.228351  0 
1.22904e+06  1.26777  0.316688  0.316942  1 
1.35e+06  1.06347  0.38172  0.265867  0 
1.7856e+06  0.898225  0.615914  0.224556  0 
1.86912e+06  0.88269  0.660817  0.220672  1 
1.46904e+06  0.971063  0.44572  0.242766  1 
1.86792e+06  0.887661  0.660172  0.221915  0 
1.14768e+06  1.63479  0.272946  0.408697  1 
1.34904e+06  1.08077  0.381204  0.270192  0 
1.25784e+06  1.18448  0.332172  0.296121  0 
1.80432e+06  0.893211  0.625978  0.223303  0 
1.49688e+06  0.970281  0.460688  0.24257  1 
2.2392e+06  0.843728  0.859785  0.210932  1 
1.25736e+06  1.18545  0.331914  0.296364  2 
1.37904e+06  1.05184  0.397333  0.26296  0 
1.8408e+06  0.88885  0.645591  0.222213  0 
1.77552e+06  0.902399  0.610495  0.2256  0 
1.84032e+06  0.892411  0.645333  0.223103  2 
1.24584e+06  1.22175  0.32572  0.305438  0 
2.21736e+06  0.854188  0.848043  0.213547  1 
1.41576e+06  0.991376  0.417075  0.247844  1 
1.74624e+06  0.903588  0.594753  0.225897  0 
1.27776e+06  1.22111  0.342882  0.305278  2 
1.64016e+06  0.922283  0.53772  0.230571  2 
1.3704e+06  1.06359  0.392688  0.265899  1 
1.53888e+06  0.950435  0.483269  0.237609  1 
1.4508e+06  0.980907  0.435914  0.245227  0 
1.78104e+06  0.911021  0.613462  0.227755  0 
1.60536e+06  0.945068  0.519011  0.236267  0 
1.278e+06  1.17065  0.343011  0.292663  1 
2.04288e+06  0.867871  0.754237  0.216968  0 
1.93728e+06  0.877868  0.697462  0.219467  1 
1.39872e+06  1.03011  0.407914  0.257527  1 
1.60656e+06  0.927813  0.519656  0.231953  0 
1.78464e+06  0.898696  0.615398  0.224674  0 
1.25016e+06  1.25457  0.328043  0.313642  2 
1.67208e+06  0.920288  0.554882  0.230072  3 
1.85568e+06  0.892046  0.653591  0.223012  0 
1.51128e+06  0.972404  0.46843  0.243101  2 
1.8072e+06  0.897058  0.627527  0.224265  0 
1.67328e+06  0.913967  0.555527  0.228492  0 
1.98624e+06  0.880786  0.723785  0.220196  0 
1.58184e+06  0.952135  0.506366  0.238034  2 
1.61136e+06  0.934335  0.522237  0.233584  2 
1.29168e+06  1.40388  0.350366  0.350969  0 
1.85688e+06  0.905884  0.654237  0.226471  0 
1.452e+06  1.00574  0.436559  0.251436  0 
1.48752e+06  0.988744  0.455656  0.247186  2 
1.69776e+06  0.919011  0.568688  0.229753  0 
1.9068e+06  0.893114  0.681075  0.223278  0 
1.28784e+06  1.46482  0.348301  0.366206  0 
1.69152e+06  0.919793  0.565333  0.229948  0 
1.78008e+06  0.915479  0.612946  0.22887  3 
1.54584e+06  0.965349  0.487011  0.241337  1 
1.31664e+06  1.25764  0.363785  0.31441  0 
1.67208e+06  0.926793  0.554882  0.231698  0 

1.06608e+06  1.47968  0.229075  0.36992  0 
2.36184e+06  0.815212  0.92572  0.203803  0 
1.93752e+06  0.823706  0.697591  0.205927  0 
1.64328e+06  0.866594  0.539398  0.216649  0 
1.3872e+06  0.925476  0.40172  0.231369  0 
1.20216e+06  1.05916  0.302237  0.26479  0 
1.13136e+06  1.25976  0.264172  0.314939  0 
1.1508e+06  1.14962  0.274624  0.287405  0 
1.32456e+06  0.968167  0.368043  0.242042  0 
1.29024e+06  0.992007  0.349591  0.248002  0 
1.60848e+06  0.876346  0.520688  0.219087  0 
1.1796e+06  1.10209  0.290108  0.275523  0 
1.58616e+06  0.88074  0.508688  0.220185  0 
1.26408e+06  1.0194  0.335527  0.254851  0 
1.91976e+06  0.831268  0.688043  0.207817  0 
1.8408e+06  0.83146  0.645591  0.207865  0 
1.55544e+06  0.890435  0.492172  0.222609  0 
1.25016e+06  1.02958  0.328043  0.257396  0 
1.54248e+06  0.895465  0.485204  0.223866  0 
1.51656e+06  0.898087  0.471269  0.224522  0 
1.81416e+06  0.840176  0.631269  0.210044  0 
1.2384e+06  1.03338  0.32172  0.258346  0 
1.722e+06  0.844527  0.58172  0.211132  0 
1.35816e+06  0.946461  0.386108  0.236615  0 
1.12176e+06  1.36073  0.259011  0.340182  0 
1.50264e+06  0.905599  0.463785  0.2264  0 
1.49424e+06  0.908406  0.459269  0.227101  0 
1.17216e+06  1.12161  0.286108  0.280403  0 
1.31016e+06  0.977451  0.360301  0.244363  0 
1.45248e+06  0.915299  0.436817  0.228825  0 
1.34784e+06  0.959553  0.380559  0.239888  0 
1.27872e+06  1.01148  0.343398  0.252871  0 
1.44672e+06  0.917624  0.43372  0.229406  0 
1.63968e+06  0.868914  0.537462  0.217229  0 
1.38504e+06  0.932886  0.400559  0.233221  0 
2.2104e+06  0.819439  0.844301  0.20486  0 
1.49304e+06  0.913488  0.458624  0.228372  0 
1.42944e+06  0.923667  0.42443  0.230917  0 
1.58232e+06  0.88867  0.506624  0.222168  0 
1.92792e+06  0.829781  0.69243  0.207445  0 
1.58544e+06  0.887471  0.508301  0.221868  0 
1.81032e+06  0.843663  0.629204  0.210916  0 
1.71744e+06  0.865734  0.579269  0.216433  0 
1.59024e+06  0.879896  0.510882  0.219974  0 
1.57344e+06  0.889955  0.501849  0.222489  0 
1.296e+06  0.993897  0.352688  0.248474  1 
1.74984e+06  0.856807  0.596688  0.214202  1 
1.8156e+06  0.840438  0.632043  0.210109  1 
2.22768e+06  0.82794  0.853591  0.206985  1 
2.38344e+06  0.824066  0.937333  0.206016  1 
1.13496e+06  1.63589  0.266108  0.408973  1 
1.6632e+06  0.880444  0.550108  0.220111  1 
1.92888e+06  0.832425  0.692946  0.208106  1 
1.35912e+06  0.974799  0.386624  0.2437  1 
1.248e+06  1.03578  0.326882  0.258945  1 
1.65648e+06  0.883506  0.546495  0.220876  1 
1.36152e+06  0.949899  0.387914  0.237475  1 
1.14408e+06  1.40538  0.271011  0.351346  1 
1.20408e+06  1.06501  0.303269  0.266253  1 
1.57032e+06  0.894657  0.500172  0.223664  1 
1.41504e+06  0.934673  0.416688  0.233668  1 
1.19232e+06  1.14357  0.296946  0.285892  1 
1.37136e+06  0.949388  0.393204  0.237347  1 
1.32432e+06  0.989246  0.367914  0.247311  1 
1.17624e+06  1.1945  0.288301  0.298625  1 
1.70616e+06  0.871254  0.573204  0.217814  1 
1.17e+06  1.20329  0.284946  0.300823  1 
1.4232e+06  0.931567  0.421075  0.232892  1 
1.71528e+06  0.870225  0.578108  0.217556  1 
1.14336e+06  1.47442  0.270624  0.368604  1 
1.71864e+06  0.867536  0.579914  0.216884  1 
1.73088e+06  0.863331  0.586495  0.215833  1 
1.51344e+06  0.919964  0.469591  0.229991  1 
1.78032e+06  0.848762  0.613075  0.21219  1 
1.2648e+06  1.03225  0.335914  0.258063  1 
1.55112e+06  0.896046  0.489849  0.224011  1 
1.46856e+06  0.921022  0.445462  0.230256  1 
1.59984e+06  0.886584  0.516043  0.221646  1 
1.32624e+06  0.98272  0.368946  0.24568  1 
1.24464e+06  1.04266  0.325075  0.260664  1 
1.52328e+06  0.902941  0.474882  0.225735  1 
1.17408e+06  1.19609  0.28714  0.299023  1 
1.8468e+06  0.836385  0.648817  0.209096  1 
1.5468e+06  0.900948  0.487527  0.225237  1 
1.17168e+06  1.35115  0.285849  0.337786  2 
1.2324e+06  1.06664  0.318495  0.26666  2 
1.25472e+06  1.04293  0.330495  0.260732  2 
1.43304e+06  0.950684  0.426366  0.237671  2 
1.83672e+06  0.844952  0.643398  0.211238  2 
1.79664e+06  0.850209  0.621849  0.212552  2 
1.71912e+06  0.885609  0.580172  0.221402  2 
1.39776e+06  0.95174  0.407398  0.237935  2 
1.21128e+06  1.15255  0.30714  0.288138  2 
1.34328e+06  0.983544  0.378108  0.245886  2 
1.61184e+06  0.89824  0.522495  0.22456  2 
1.70904e+06  0.889228  0.574753  0.222307  2 
2.0016e+06  0.836049  0.732043  0.209012  2 
1.78824e+06  0.858313  0.617333  0.214578  2 
1.3164e+06  1.03303  0.363656  0.258257  2 
1.7424e+06  0.884603  0.592688  0.221151  2 

1.0572e+06  1.43132  0.224301  0.357829  0 
2.09232e+06  0.805379  0.780817  0.201345  0 
1.80336e+06  0.81824  0.625462  0.20456  0 
1.51896e+06  0.854693  0.472559  0.213673  0 
1.28328e+06  0.937908  0.345849  0.234477  0 
1.1304e+06  1.10209  0.263656  0.275521  0 
1.2228e+06  0.978084  0.313333  0.244521  0 
1.18752e+06  0.999814  0.294366  0.249954  0 
1.464e+06  0.871697  0.443011  0.217924  0 
1.16112e+06  1.02636  0.280172  0.256591  0 
1.1052e+06  1.22769  0.250108  0.306922  0 
1.42992e+06  0.884369  0.424688  0.221092  0 
1.39008e+06  0.898987  0.403269  0.224747  0 
1.06992e+06  1.39463  0.23114  0.348658  1 
1.37304e+06  0.902541  0.394108  0.225635  0 
1.14192e+06  1.06853  0.269849  0.267134  0 
1.70544e+06  0.82195  0.572817  0.205487  0 
1.11192e+06  1.19641  0.25372  0.299103  0 
1.3596e+06  0.909061  0.386882  0.227265  0 
1.66488e+06  0.827057  0.551011  0.206764  0 
1.26408e+06  0.951202  0.335527  0.237801  0 
1.25184e+06  0.951807  0.328946  0.237952  0 
1.11864e+06  1.11728  0.257333  0.279319  0 
1.33176e+06  0.913604  0.371914  0.228401  0 
1.31496e+06  0.914186  0.362882  0.228546  0 
1.63656e+06  0.834983  0.535785  0.208746  0 
1.21296e+06  0.981582  0.308043  0.245395  0 
1.24416e+06  0.962831  0.324817  0.240708  0 
1.62816e+06  0.841861  0.531269  0.210465  0 
1.61376e+06  0.842191  0.523527  0.210548  0 
1.5084e+06  0.86056  0.466882  0.21514  0 
1.27824e+06  0.939629  0.34314  0.234907  1 
1.13328e+06  1.09215  0.265204  0.273039  0 
1.59528e+06  0.845356  0.513591  0.211339  0 
1.30368e+06  0.92886  0.356817  0.232215  0 
2.03376e+06  0.810581  0.749333  0.202645  0 
1.99728e+06  0.810702  0.72972  0.202675  0 
1.95216e+06  0.81203  0.705462  0.203008  0 
1.06728e+06  1.42118  0.22972  0.355296  0 
1.2084e+06  0.99414  0.305591  0.248535  0 
1.86168e+06  0.812635  0.656817  0.203159  0 
1.63296e+06  0.836732  0.533849  0.209183  0 
1.49856e+06  0.867052  0.461591  0.216763  0 
1.57248e+06  0.850611  0.501333  0.212653  0 
1.3692e+06  0.906168  0.392043  0.226542  0 
1.69896e+06  0.824991  0.569333  0.206248  0 
1.30248e+06  0.936311  0.356172  0.234078  0 
1.49472e+06  0.871165  0.459527  0.217791  0 
1.31472e+06  0.921218  0.362753  0.230305  0 
1.53816e+06  0.854242  0.482882  0.21356  0 
1.38816e+06  0.902178  0.402237  0.225545  0 
1.66392e+06  0.834908  0.550495  0.208727  0 
1.15248e+06  1.10281  0.275527  0.275703  1 
1.23696e+06  0.987073  0.320946  0.246768  1 
1.24056e+06  0.983266  0.322882  0.245816  1 
1.62624e+06  0.842468  0.530237  0.210617  1 
1.32e+06  0.914416  0.365591  0.228604  0 
1.61904e+06  0.845742  0.526366  0.211436  0 
1.15536e+06  1.09005  0.277075  0.272514  1 
1.0812e+06  1.42761  0.237204  0.356902  0 
1.30248e+06  0.936856  0.356172  0.234214  1 
1.9716e+06  0.812084  0.715914  0.203021  1 
1.16784e+06  1.04021  0.283785  0.260053  1 
1.31976e+06  0.923908  0.365462  0.230977  1 
1.16208e+06  1.07574  0.280688  0.268934  1 
1.40592e+06  0.899348  0.411785  0.224837  0 
1.40472e+06  0.900605  0.41114  0.225151  1 
1.38576e+06  0.907171  0.400946  0.226793  0 
1.3656e+06  0.909222  0.390108  0.227305  1 
1.66968e+06  0.834024  0.553591  0.208506  1 
1.4796e+06  0.876891  0.451398  0.219223  1 
1.20936e+06  1.0007  0.306108  0.250175  0 
1.85784e+06  0.820061  0.654753  0.205015  0 
1.1904e+06  1.02328  0.295914  0.255821  1 
1.70544e+06  0.822693  0.572817  0.205673  1 
1.19736e+06  1.0112  0.299656  0.252799  1 
1.52472e+06  0.856166  0.475656  0.214042  0 
1.0896e+06  1.40036  0.24172  0.350091  0 
1.50672e+06  0.873428  0.465978  0.218357  1 
1.34712e+06  0.91401  0.380172  0.228503  1 
1.10808e+06  1.3216  0.251656  0.330399  1 
1.6092e+06  0.848183  0.521075  0.212046  1 
1.12008e+06  1.16222  0.258108  0.290555  1 
1.13208e+06  1.12277  0.264559  0.280692  0 
1.27176e+06  0.961474  0.339656  0.240369  0 
1.93872e+06  0.815267  0.698237  0.203817  1 
2.14176e+06  0.809122  0.807398  0.20228  1 
1.70232e+06  0.832266  0.57114  0.208067  1 
1.1376e+06  1.12029  0.267527  0.280072  0 
1.51008e+06  0.866515  0.467785  0.216629  1 
1.17096e+06  1.03593  0.285462  0.258984  1 
1.44408e+06  0.887222  0.432301  0.221805  1 
1.70328e+06  0.827896  0.571656  0.206974  0 
1.2324e+06  0.996482  0.318495  0.249121  0 
1.87848e+06  0.818442  0.665849  0.204611  0 
1.62432e+06  0.842733  0.529204  0.210683  0 
1.63368e+06  0.837453  0.534237  0.209363  0 
1.39056e+06  0.900917  0.403527  0.225229  0 
1.59624e+06  0.848629  0.514108  0.212157  0 
1.37928e+06  0.935534  0.397462  0.233884  1 

1.05024e+06  1.40665  0.220559  0.351662  0 
1.9944e+06  0.798496  0.728172  0.199624  0 
1.71096e+06  0.818398  0.575785  0.204599  0 
1.45464e+06  0.857005  0.437978  0.214251  0 
1.22928e+06  0.939574  0.316817  0.234894  0 
1.086e+06  1.08988  0.239785  0.27247  0 
1.176e+06  0.987613  0.288172  0.246903  0 
1.13424e+06  1.01177  0.26572  0.252943  0 
1.4124e+06  0.870569  0.415269  0.217642  0 
1.38168e+06  0.882808  0.398753  0.220702  0 
1.3572e+06  0.887389  0.385591  0.221847  0 
1.33152e+06  0.894276  0.371785  0.223569  0 
1.1088e+06  1.04463  0.252043  0.261158  0 
1.06728e+06  1.36028  0.22972  0.340071  0 
1.6572e+06  0.820906  0.546882  0.205227  0 
1.31424e+06  0.904399  0.362495  0.2261  0 
1.63872e+06  0.823079  0.536946  0.20577  0 
1.61928e+06  0.826149  0.526495  0.206537  0 
1.60272e+06  0.827614  0.517591  0.206903  0 
1.11696e+06  1.01675  0.25643  0.254188  0 
1.21272e+06  0.960318  0.307914  0.24008  0 
1.5912e+06  0.831655  0.511398  0.207914  0 
1.30296e+06  0.905162  0.35643  0.22629  0 
1.57944e+06  0.833576  0.505075  0.208394  0 
1.56696e+06  0.834274  0.498366  0.208568  0 
1.092e+06  1.06851  0.243011  0.267127  0 
1.55544e+06  0.835984  0.492172  0.208996  0 
1.05816e+06  1.38485  0.224817  0.346212  0 
1.98384e+06  0.798935  0.722495  0.199734  0 
1.22064e+06  0.940039  0.312172  0.23501  0 
1.5432e+06  0.838603  0.485591  0.209651  0 
1.88016e+06  0.801  0.666753  0.20025  0 
1.28496e+06  0.922968  0.346753  0.230742  0 
1.20456e+06  0.971332  0.303527  0.242833  0 
1.82544e+06  0.802174  0.637333  0.200544  0 
1.07856e+06  1.17027  0.235785  0.292568  0 
1.19208e+06  0.972097  0.296817  0.243024  0 
1.15992e+06  0.996485  0.279527  0.249121  0 
1.09992e+06  1.05457  0.247269  0.263643  0 
1.07976e+06  1.1057  0.23643  0.276425  0 
1.53432e+06  0.843781  0.480817  0.210945  0 
1.524e+06  0.843853  0.475269  0.210963  0 
1.40208e+06  0.871213  0.40972  0.217803  0 
1.81872e+06  0.80691  0.63372  0.201728  0 
1.806e+06  0.807157  0.626882  0.201789  0 
1.27176e+06  0.928835  0.339656  0.232209  0 
1.50576e+06  0.847046  0.465462  0.211761  0 
1.44936e+06  0.860701  0.43514  0.215175  0 
1.25952e+06  0.929831  0.333075  0.232458  0 
1.43808e+06  0.861271  0.429075  0.215318  0 
1.78272e+06  0.80947  0.614366  0.202367  0 
1.14936e+06  1.00448  0.273849  0.25112  0 
1.39392e+06  0.875615  0.405333  0.218904  0 
1.76376e+06  0.811703  0.604172  0.202926  0 
1.5024e+06  0.850879  0.463656  0.21272  0 
1.18896e+06  0.981573  0.29514  0.245393  0 
1.31592e+06  0.898588  0.363398  0.224647  0 
1.07592e+06  1.34524  0.234366  0.33631  0 
1.34952e+06  0.889026  0.381462  0.222257  0 
1.1148e+06  1.0272  0.255269  0.256799  0 
1.158e+06  0.997139  0.278495  0.249285  0 
1.75104e+06  0.814969  0.597333  0.203742  0 
1.374e+06  0.884065  0.394624  0.221016  0 
1.4316e+06  0.867328  0.425591  0.216832  0 
1.21128e+06  0.966253  0.30714  0.241563  0 
1.74144e+06  0.815662  0.592172  0.203916  0 
1.13976e+06  1.0093  0.268688  0.252324  0 
1.50024e+06  0.854752  0.462495  0.213688  0 
1.6956e+06  0.818786  0.567527  0.204696  0 
1.63776e+06  0.823363  0.53643  0.205841  0 
1.34856e+06  0.891926  0.380946  0.222981  0 
1.2516e+06  0.937683  0.328817  0.234421  0 
1.64952e+06  0.821332  0.542753  0.205333  0 
1.80192e+06  0.807727  0.624688  0.201932  0 
1.49592e+06  0.855332  0.460172  0.213833  0 
1.602e+06  0.828747  0.517204  0.207187  0 
1.52112e+06  0.845612  0.47372  0.211403  0 
1.5396e+06  0.842395  0.483656  0.210599  0 
1.5876e+06  0.832273  0.509462  0.208068  0 
1.3728e+06  0.886103  0.393978  0.221526  0 
1.06488e+06  1.38359  0.22843  0.345898  0 
1.05768e+06  1.40521  0.224559  0.351303  0 
1.61328e+06  0.826618  0.523269  0.206655  0 
1.47624e+06  0.856069  0.449591  0.214017  0 
1.464e+06  0.856082  0.443011  0.21402  0 
1.82256e+06  0.805998  0.635785  0.201499  0 
1.58088e+06  0.832672  0.505849  0.208168  0 
1.2504e+06  0.938692  0.328172  0.234673  0 
1.62984e+06  0.825384  0.532172  0.206346  0 
1.3428e+06  0.893572  0.377849  0.223393  0 
1.308e+06  0.904473  0.35914  0.226118  0 
1.59264e+06  0.831008  0.512172  0.207752  0 
1.3692e+06  0.886773  0.392043  0.221693  0 
1.46328e+06  0.856426  0.442624  0.214106  0 
1.53936e+06  0.842687  0.483527  0.210672  0 
1.22736e+06  0.93972  0.315785  0.23493  0 
1.36344e+06  0.887103  0.388946  0.221776  0 
1.69488e+06  0.820744  0.56714  0.205186  0 
1.10568e+06  1.0545  0.250366  0.263626  0 
1.26936e+06  0.930769  0.338366  0.232692  0 

1.04112e+06  1.5729  0.215656  0.393225  0 
1.87152e+06  0.795852  0.662108  0.198963  0 
1.5288e+06  0.837193  0.477849  0.209298  0 
1.22664e+06  0.930717  0.315398  0.232679  0 
1.04832e+06  1.15307  0.219527  0.288267  0 
1.14624e+06  0.97921  0.272172  0.244802  0 
1.09848e+06  1.03998  0.246495  0.259995  0 
1.48728e+06  0.846227  0.455527  0.211557  0 
1.43856e+06  0.858139  0.429333  0.214535  0 
1.3956e+06  0.865068  0.406237  0.216267  0 
1.36248e+06  0.877202  0.38843  0.2193  0 
1.074e+06  1.10002  0.233333  0.275006  0 
1.3404e+06  0.886187  0.376559  0.221547  0 
1.12752e+06  0.998947  0.262108  0.249737  0 
1.08072e+06  1.05784  0.236946  0.26446  0 
1.31352e+06  0.894168  0.362108  0.223542  0 
1.82544e+06  0.802174  0.637333  0.200544  0 
1.20936e+06  0.945755  0.306108  0.236439  0 
1.79184e+06  0.805034  0.619269  0.201258  0 
1.10928e+06  1.00872  0.252301  0.252179  0 
1.29888e+06  0.902734  0.354237  0.225684  0 
1.284e+06  0.903154  0.346237  0.225788  0 
1.7688e+06  0.809647  0.606882  0.202412  0 
1.74624e+06  0.809895  0.594753  0.202474  0 
1.18368e+06  0.953112  0.292301  0.238278  0 
1.71768e+06  0.812737  0.579398  0.203184  0 
1.26024e+06  0.907318  0.333462  0.226829  0 
1.66704e+06  0.813917  0.552172  0.203479  0 
1.09968e+06  1.01672  0.24714  0.254181  0 
1.6368e+06  0.817545  0.535914  0.204386  0 
1.61928e+06  0.820308  0.526495  0.205077  0 
1.2528e+06  0.914368  0.329462  0.228592  0 
1.0668e+06  1.10666  0.229462  0.276666  0 
1.60872e+06  0.822356  0.520817  0.205589  0 
1.1748e+06  0.965017  0.287527  0.241254  0 
1.60272e+06  0.823921  0.517591  0.20598  0 
1.59624e+06  0.826452  0.514108  0.206613  0 
1.59144e+06  0.827193  0.511527  0.206798  0 
1.58232e+06  0.827525  0.506624  0.206881  0 
1.46304e+06  0.848714  0.442495  0.212178  0 
1.07568e+06  1.0915  0.234237  0.272875  0 
1.52088e+06  0.837774  0.473591  0.209443  0 
1.38936e+06  0.869708  0.402882  0.217427  0 
1.21896e+06  0.938549  0.311269  0.234637  0 
1.57104e+06  0.830031  0.500559  0.207508  0 
1.13976e+06  0.991912  0.268688  0.247978  0 
1.51128e+06  0.839199  0.46843  0.2098  0 
1.12272e+06  1.00177  0.259527  0.250443  0 
1.10256e+06  1.01015  0.248688  0.252538  0 
1.24104e+06  0.924375  0.32314  0.231094  0 
1.04544e+06  1.41739  0.217978  0.354347  0 
1.13376e+06  0.99279  0.265462  0.248198  0 
1.45608e+06  0.852132  0.438753  0.213033  0 
1.21344e+06  0.93991  0.308301  0.234977  0 
1.56384e+06  0.831458  0.496688  0.207864  0 
1.30488e+06  0.897822  0.357462  0.224455  0 
1.50888e+06  0.841515  0.46714  0.210379  0 
1.15872e+06  0.974809  0.278882  0.243702  0 
1.56024e+06  0.832844  0.494753  0.208211  0 
1.35768e+06  0.881957  0.385849  0.220489  0 
1.17936e+06  0.960856  0.289978  0.240214  0 
1.55832e+06  0.832992  0.49372  0.208248  0 
1.50384e+06  0.842508  0.46443  0.210627  0 
1.77936e+06  0.806019  0.612559  0.201505  0 
1.20768e+06  0.949498  0.305204  0.237375  0 
1.17312e+06  0.965981  0.286624  0.241495  0 
1.42824e+06  0.861495  0.423785  0.215374  0 
1.55448e+06  0.833705  0.491656  0.208426  0 
1.3788e+06  0.87375  0.397204  0.218438  0 
1.55016e+06  0.833843  0.489333  0.208461  0 
1.34904e+06  0.883176  0.381204  0.220794  0 
1.54344e+06  0.834319  0.48572  0.20858  0 
1.42392e+06  0.862344  0.421462  0.215586  0 
1.63416e+06  0.817767  0.534495  0.204442  0 
1.09056e+06  1.05534  0.242237  0.263834  0 
1.33224e+06  0.891764  0.372172  0.222941  0 
1.2372e+06  0.928354  0.321075  0.232089  0 
1.74384e+06  0.810442  0.593462  0.202611  0 
1.374e+06  0.874966  0.394624  0.218741  0 
1.49208e+06  0.844028  0.458108  0.211007  0 
1.2048e+06  0.951495  0.303656  0.237874  0 
1.07496e+06  1.09422  0.233849  0.273556  0 
1.23216e+06  0.929179  0.318366  0.232295  0 
1.33008e+06  0.892758  0.371011  0.22319  0 
1.10064e+06  1.01545  0.247656  0.253862  0 
1.53792e+06  0.835935  0.482753  0.208984  0 
1.19904e+06  0.951927  0.300559  0.237982  0 
1.45464e+06  0.857005  0.437978  0.214251  0 
1.60032e+06  0.825345  0.516301  0.206336  0 
1.5816e+06  0.829018  0.506237  0.207255  0 
1.61736e+06  0.821417  0.525462  0.205354  0 
1.60776e+06  0.823118  0.520301  0.20578  0 
1.41936e+06  0.864429  0.419011  0.216107  0 
1.65936e+06  0.81694  0.548043  0.204235  0 
1.19832e+06  0.95264  0.300172  0.23816  0 
1.30296e+06  0.90237  0.35643  0.225592  0 
1.12848e+06  0.99859  0.262624  0.249647  0 
1.41264e+06  0.864739  0.415398  0.216185  0 
1.25256e+06  0.924213  0.329333  0.231053  0 
1.06368e+06  1.15295  0.227785  0.288238  0 

1.04112e+06  1.5729  0.215656  0.393225  0 
1.91064e+06  0.795848  0.68314  0.198962  0 
1.53888e+06  0.828744  0.483269  0.207186  0 
1.23312e+06  0.921137  0.318882  0.230284  0 
1.04832e+06  1.15307  0.219527  0.288267  0 
1.14912e+06  0.973451  0.27372  0.243363  0 
1.09008e+06  1.0102  0.241978  0.252551  0 
1.4916e+06  0.838372  0.457849  0.209593  0 
1.45536e+06  0.843739  0.438366  0.210935  0 
1.4016e+06  0.85686  0.409462  0.214215  0 
1.374e+06  0.866165  0.394624  0.216541  0 
1.06776e+06  1.10605  0.229978  0.276512  0 
1.34712e+06  0.875278  0.380172  0.218819  0 
1.20624e+06  0.932232  0.30443  0.233058  0 
1.32984e+06  0.881708  0.370882  0.220427  0 
1.87152e+06  0.795852  0.662108  0.198963  0 
1.07568e+06  1.05851  0.234237  0.264628  0 
1.8132e+06  0.798245  0.630753  0.199561  0 
1.308e+06  0.890826  0.35914  0.222707  0 
1.13352e+06  0.980863  0.265333  0.245216  0 
1.29072e+06  0.894113  0.349849  0.223528  0 
1.11e+06  0.985689  0.252688  0.246422  0 
1.77912e+06  0.805004  0.61243  0.201251  0 
1.19232e+06  0.950429  0.296946  0.237607  0 
1.17792e+06  0.952011  0.289204  0.238003  0 
1.75728e+06  0.807629  0.600688  0.201907  0 
1.27944e+06  0.900628  0.343785  0.225157  0 
1.74696e+06  0.808584  0.59514  0.202146  0 
1.7304e+06  0.808969  0.586237  0.202242  0 
1.0956e+06  0.991997  0.244946  0.247999  0 
1.70904e+06  0.810664  0.574753  0.202666  0 
1.26312e+06  0.904403  0.335011  0.226101  0 
1.06008e+06  1.10785  0.225849  0.276962  0 
1.66344e+06  0.813856  0.550237  0.203464  0 
1.64904e+06  0.815613  0.542495  0.203903  0 
1.19712e+06  0.937714  0.299527  0.234429  0 
1.6368e+06  0.816217  0.535914  0.204054  0 
1.62624e+06  0.817668  0.530237  0.204417  0 
1.2516e+06  0.91016  0.328817  0.22754  0 
1.04328e+06  1.18864  0.216817  0.29716  0 
1.08504e+06  1.04739  0.239269  0.261847  0 
1.0548e+06  1.14235  0.223011  0.285588  0 
1.6212e+06  0.818743  0.527527  0.204686  0 
1.44552e+06  0.847331  0.433075  0.211833  0 
1.61184e+06  0.819377  0.522495  0.204844  0 
1.24776e+06  0.912787  0.326753  0.228197  0 
1.60128e+06  0.820595  0.516817  0.205149  0 
1.16232e+06  0.966247  0.280817  0.241562  0 
1.584e+06  0.821668  0.507527  0.205417  0 
1.2216e+06  0.926145  0.312688  0.231536  0 
1.36896e+06  0.869281  0.391914  0.21732  0 
1.39896e+06  0.859088  0.408043  0.214772  0 
1.5192e+06  0.832766  0.472688  0.208191  0 
1.23888e+06  0.915582  0.321978  0.228895  0 
1.21896e+06  0.926977  0.311269  0.231744  0 
1.48512e+06  0.839225  0.454366  0.209806  0 
1.20432e+06  0.932604  0.303398  0.233151  0 
1.28808e+06  0.896716  0.34843  0.224179  0 
1.47648e+06  0.839926  0.44972  0.209982  0 
1.31736e+06  0.887041  0.364172  0.22176  0 
1.074e+06  1.10002  0.233333  0.275006  0 
1.21512e+06  0.928711  0.309204  0.232178  0 
1.28232e+06  0.897489  0.345333  0.224372  0 
1.45272e+06  0.844204  0.436946  0.211051  0 
1.51632e+06  0.835271  0.47114  0.208818  0 
1.25928e+06  0.907253  0.332946  0.226813  0 
1.392e+06  0.863362  0.404301  0.215841  0 
1.27344e+06  0.901662  0.340559  0.225415  0 
1.46976e+06  0.841089  0.446108  0.210272  0 
1.31592e+06  0.88851  0.363398  0.222128  0 
1.06968e+06  1.10386  0.231011  0.275966  0 
1.36392e+06  0.873148  0.389204  0.218287  0 
1.17696e+06  0.952325  0.288688  0.238081  0 
1.14816e+06  0.975902  0.273204  0.243975  0 
1.07472e+06  1.09371  0.23372  0.273427  0 
1.32888e+06  0.884818  0.370366  0.221205  0 
1.23792e+06  0.917803  0.321462  0.229451  0 
1.46712e+06  0.841769  0.444688  0.210442  0 
1.14624e+06  0.978967  0.272172  0.244742  0 
1.19616e+06  0.948581  0.299011  0.237145  0 
1.30584e+06  0.892297  0.357978  0.223074  0 
1.17576e+06  0.964474  0.288043  0.241118  0 
1.44048e+06  0.855204  0.430366  0.213801  0 
1.3464e+06  0.879796  0.379785  0.219949  0 
1.08936e+06  1.04421  0.241591  0.261053  0 
1.5804e+06  0.827233  0.505591  0.206808  0 
1.1748e+06  0.965017  0.287527  0.241254  0 
1.45992e+06  0.842523  0.440817  0.210631  0 
1.50912e+06  0.837165  0.467269  0.209291  0 
1.43544e+06  0.855705  0.427656  0.213926  0 
1.47552e+06  0.840008  0.449204  0.210002  0 
1.06032e+06  1.10679  0.225978  0.276697  0 
1.13304e+06  0.982125  0.265075  0.245531  0 
1.38552e+06  0.865165  0.400817  0.216291  0 
1.20216e+06  0.936733  0.302237  0.234183  0 
1.33992e+06  0.880733  0.376301  0.220183  0 
1.77072e+06  0.806799  0.607914  0.2017  0 
1.08072e+06  1.05779  0.236946  0.264448  0 
1.15776e+06  0.97274  0.278366  0.243185  0 
1.04832e+06  1.15307  0.219527  0.288267  0 

