4.48191e+07  4.28573e+07  23.7522  1.07143e+07  0 
7.75723e+07  7.56371e+07  41.3614  1.89093e+07  0 
1.33054e+14  1.33054e+14  7.15343e+07  3.32634e+13  0 
7.89739e+12  7.89738e+12  4.24591e+06  1.97435e+12  0 
4.80553e+07  4.59522e+07  25.4921  1.1488e+07  0 
4.68993e+07  4.4842e+07  24.8706  1.12105e+07  0 
5.23807e+07  5.01888e+07  27.8176  1.25472e+07  0 
4.08906e+13  4.08906e+13  2.19842e+07  1.02227e+13  0 
3.77849e+07  3.5863e+07  19.9704  8.96576e+06  0 
2.91171e+15  2.91171e+15  1.56543e+09  7.27927e+14  0 
6.04314e+07  5.846e+07  32.1459  1.4615e+07  0 
4.8481e+07  4.63344e+07  25.721  1.15836e+07  0 
5.34702e+07  5.15042e+07  28.4034  1.2876e+07  0 
5.38124e+07  5.19575e+07  28.5873  1.29894e+07  0 
4.48389e+07  4.28102e+07  23.7628  1.07025e+07  0 
2.46162e+07  2.24495e+07  12.8904  5.61238e+06  0 
3.712e+07  3.50137e+07  19.6129  8.75343e+06  0 
6.01221e+07  5.81738e+07  31.9796  1.45435e+07  0 
5.57716e+07  5.3853e+07  29.6406  1.34633e+07  0 
3.59738e+07  3.40999e+07  18.9967  8.52498e+06  0 
5.9862e+07  5.78729e+07  31.8398  1.44682e+07  0 
5.77679e+07  5.56442e+07  30.7139  1.3911e+07  0 
5.68447e+07  5.45983e+07  30.2176  1.36496e+07  0 
8.52149e+12  8.52149e+12  4.58145e+06  2.13037e+12  0 
7.1435e+07  6.94255e+07  38.0618  1.73564e+07  0 
1.37968e+13  1.37968e+13  7.41763e+06  3.4492e+12  0 
9.68933e+07  9.48939e+07  51.7491  2.37235e+07  0 
5.41545e+07  5.22882e+07  28.7712  1.30721e+07  0 
5.39253e+07  5.19141e+07  28.648  1.29785e+07  0 
4.72069e+07  4.52811e+07  25.0359  1.13203e+07  0 
4.98535e+07  4.78367e+07  26.4588  1.19592e+07  0 
6.32354e+07  6.12626e+07  33.6535  1.53157e+07  0 
5.56521e+13  5.56521e+13  2.99205e+07  1.3913e+13  0 
4.17547e+07  3.98402e+07  22.1047  9.96005e+06  0 
5.96534e+07  5.76374e+07  31.7276  1.44093e+07  0 
4.3808e+07  4.19703e+07  23.2086  1.04926e+07  0 
4.73404e+07  4.53031e+07  25.1078  1.13258e+07  0 
5.10157e+07  4.90014e+07  27.0837  1.22503e+07  0 
4.97274e+07  4.77968e+07  26.3911  1.19492e+07  0 
5.65234e+13  5.65234e+13  3.03889e+07  1.41309e+13  0 
5.21907e+07  5.01514e+07  27.7154  1.25378e+07  0 
4.73e+07  4.52778e+07  25.086  1.13195e+07  0 
5.07105e+07  4.88692e+07  26.9196  1.22173e+07  0 
2.52772e+07  2.32891e+07  13.2458  5.82227e+06  0 
4.98542e+07  4.78972e+07  26.4592  1.19743e+07  0 
4.43983e+07  4.24668e+07  23.526  1.06167e+07  0 
6.87426e+13  6.87426e+13  3.69584e+07  1.71857e+13  0 
5.0495e+07  4.84377e+07  26.8038  1.21094e+07  0 
1.3438e+14  1.3438e+14  7.22472e+07  3.35949e+13  0 
2.64177e+14  2.64177e+14  1.42031e+08  6.60443e+13  0 
3.57503e+07  3.3554e+07  18.8765  8.38851e+06  0 
4.3164e+13  4.3164e+13  2.32065e+07  1.0791e+13  0 
4.52666e+07  4.33365e+07  23.9928  1.08341e+07  0 
4.95454e+07  4.76667e+07  26.2932  1.19167e+07  0 
1.25322e+14  1.25322e+14  6.73774e+07  3.13305e+13  0 
4.82061e+07  4.63495e+07  25.5732  1.15874e+07  0 
6.52555e+07  6.33804e+07  34.7395  1.58451e+07  0 
4.78594e+07  4.61018e+07  25.3867  1.15255e+07  0 
6.1998e+07  6.01533e+07  32.9881  1.50383e+07  0 
6.3763e+12  6.3763e+12  3.42812e+06  1.59407e+12  0 
2.54125e+14  2.54125e+14  1.36626e+08  6.35313e+13  0 
2.99173e+07  2.80076e+07  15.7405  7.00191e+06  0 
5.67253e+12  5.67253e+12  3.04975e+06  1.41813e+12  0 
5.82367e+07  5.62591e+07  30.966  1.40648e+07  0 
5.9821e+07  5.7817e+07  31.8177  1.44542e+07  0 
7.70959e+07  7.51896e+07  41.1053  1.87974e+07  0 
6.21344e+07  6.03346e+07  33.0615  1.50837e+07  0 
4.82814e+07  4.64629e+07  25.6137  1.16157e+07  0 
5.12426e+07  4.93678e+07  27.2057  1.23419e+07  0 
7.4477e+07  7.24384e+07  39.6973  1.81096e+07  0 
4.81925e+07  4.60923e+07  25.5659  1.15231e+07  0 
5.05141e+07  4.86467e+07  26.814  1.21617e+07  0 
4.36737e+07  4.16205e+07  23.1364  1.04051e+07  0 
5.61384e+13  5.61384e+13  3.01819e+07  1.40346e+13  0 
2.54321e+14  2.54321e+14  1.36732e+08  6.35803e+13  0 
6.3108e+07  6.11537e+07  33.585  1.52884e+07  0 
4.29555e+07  4.09721e+07  22.7503  1.0243e+07  0 
5.21611e+07  5.01165e+07  27.6995  1.25291e+07  0 
3.62174e+13  3.62174e+13  1.94717e+07  9.05436e+12  0 
5.40305e+07  5.20078e+07  28.7046  1.3002e+07  0 
3.79535e+07  3.59466e+07  20.061  8.98666e+06  0 
4.32673e+07  4.12007e+07  22.9179  1.03002e+07  0 
3.19609e+07  3.00023e+07  16.8392  7.50058e+06  0 
7.84336e+07  7.63175e+07  41.8245  1.90794e+07  0 
6.54121e+07  6.36605e+07  34.8237  1.59151e+07  0 
4.95922e+07  4.76662e+07  26.3184  1.19165e+07  0 
1.02011e+15  1.02011e+15  5.48447e+08  2.55028e+14  0 
2.39502e+13  2.39502e+13  1.28764e+07  5.98755e+12  0 
6.2454e+13  6.2454e+13  3.35774e+07  1.56135e+13  0 
5.19625e+07  5.00927e+07  27.5927  1.25232e+07  0 
5.06393e+07  4.85746e+07  26.8814  1.21436e+07  0 
4.96649e+07  4.76753e+07  26.3575  1.19188e+07  0 
4.45888e+07  4.25075e+07  23.6284  1.06269e+07  0 
1.89477e+13  1.89477e+13  1.01869e+07  4.73693e+12  0 
7.18626e+07  6.98456e+07  38.2917  1.74614e+07  0 
4.54807e+07  4.33672e+07  24.1079  1.08418e+07  0 
7.27116e+07  7.07544e+07  38.7482  1.76886e+07  0 
4.2101e+07  4.02321e+07  22.2908  1.0058e+07  0 
3.49844e+07  3.28897e+07  18.4647  8.22242e+06  0 
7.25813e+07  7.06208e+07  38.6781  1.76552e+07  0 

1.32672e+06  2.51355  0.369204  0.628386  0 
2.19768e+06  1.09424  0.837462  0.273561  0 
3.03847e+06  1.0004e+06  1.2895  250099  1 
4.60443e+06  2.41395e+06  2.13141  603488  2 
4.69369e+06  2.54569e+06  2.1794  636422  3 
6.69801e+06  4.59105e+06  3.257  1.14776e+06  4 
7.17309e+06  4.95621e+06  3.51241  1.23905e+06  5 
9.13917e+06  7.03726e+06  4.56945  1.75931e+06  9 
1.32046e+07  1.09954e+07  6.75516  2.74885e+06  16 
1.40577e+07  1.1831e+07  7.21381  2.95774e+06  18 
2.10854e+07  1.87922e+07  10.9922  4.69805e+06  35 
2.12687e+07  1.92083e+07  11.0907  4.80207e+06  43 
2.22666e+07  2.0309e+07  11.6272  5.07724e+06  47 
2.27484e+07  2.05841e+07  11.8862  5.14602e+06  83 
1.08325e+07  8.79996e+06  5.47985  2.19999e+06  11 
2.34414e+07  2.12613e+07  12.2588  5.31531e+06  9 
4.44498e+07  4.22644e+07  23.5537  1.05661e+07  24 
4.11656e+07  3.91904e+07  21.7879  9.79759e+06  50 
3.0815e+07  2.86804e+07  16.2231  7.17011e+06  19 
1.22982e+07  1.03028e+07  6.26784  2.5757e+06  14 
1.4513e+07  1.23345e+07  7.4586  3.08363e+06  20 
1.97116e+07  1.76075e+07  10.2535  4.40188e+06  37 
3.91908e+07  3.72296e+07  20.7263  9.30739e+06  26 
9.37899e+07  9.20888e+07  50.0806  2.30222e+07  83 
2.30721e+07  2.10136e+07  12.0602  5.25339e+06  51 
7.3227e+06  5.31198e+06  3.59285  1.328e+06  6 
2.31298e+07  2.08782e+07  12.0913  5.21954e+06  51 
2.89254e+07  2.67898e+07  15.2072  6.69746e+06  41 
1.42125e+07  1.2108e+07  7.29707  3.027e+06  19 
7.88792e+06  5.876e+06  3.89673  1.469e+06  7 
1.87327e+07  1.64191e+07  9.72725  4.10477e+06  34 
2.8471e+07  2.62791e+07  14.9629  6.56977e+06  54 
2.10193e+07  1.89188e+07  10.9566  4.7297e+06  15 
2.24249e+07  2.01081e+07  11.7123  5.02704e+06  46 
9.21964e+06  6.85948e+06  4.61271  1.71487e+06  9 
2.82967e+07  2.64578e+07  14.8692  6.61445e+06  58 
1.62373e+07  1.40466e+07  8.38564  3.51164e+06  18 
2.31463e+07  2.08493e+07  12.1002  5.21232e+06  51 
1.55253e+07  1.32628e+07  8.00286  3.31571e+06  22 
1.69976e+07  1.50226e+07  8.79439  3.75565e+06  29 
4.24913e+07  4.05631e+07  22.5007  1.01408e+07  44 
7.46388e+06  5.247e+06  3.66875  1.31175e+06  6 
2.17191e+07  1.96566e+07  11.3329  4.91414e+06  45 
2.83925e+07  2.6207e+07  14.9207  6.55176e+06  53 
1.2404e+07  1.03133e+07  6.32471  2.57833e+06  15 
4.66331e+07  4.47028e+07  24.7275  1.11757e+07  70 
2.10049e+07  1.86887e+07  10.9489  4.67217e+06  42 
2.73748e+07  2.50801e+07  14.3735  6.27004e+06  27 
1.46029e+07  1.25257e+07  7.50695  3.13143e+06  21 
1.62009e+07  1.40272e+07  8.36608  3.50681e+06  26 
5.36407e+07  5.16041e+07  28.495  1.2901e+07  55 
2.02986e+07  1.8153e+07  10.5691  4.53824e+06  40 
1.12894e+07  9.09294e+06  5.72549  2.27323e+06  13 
4.71045e+07  4.49836e+07  24.9809  1.12459e+07  40 
2.31626e+07  2.08704e+07  12.1089  5.2176e+06  52 
4.75591e+07  4.54596e+07  25.2253  1.13649e+07  82 
2.24071e+07  2.03781e+07  11.7027  5.09453e+06  53 
2.978e+07  2.79095e+07  15.6667  6.97737e+06  58 
2.05663e+07  1.8654e+07  10.7131  4.6635e+06  9 
2.28706e+07  2.09737e+07  11.9519  5.24341e+06  50 
2.02232e+07  1.80011e+07  10.5286  4.50027e+06  39 
1.55176e+07  1.35007e+07  7.99873  3.37517e+06  22 
2.25324e+07  2.04156e+07  11.7701  5.1039e+06  49 
2.38364e+07  2.18056e+07  12.4712  5.45139e+06  54 
2.39596e+07  2.18049e+07  12.5374  5.45123e+06  54 
1.99e+07  1.7656e+07  10.3548  4.41399e+06  37 
2.53383e+07  2.315e+07  13.2786  5.78749e+06  53 
2.24448e+07  2.05114e+07  11.723  5.12784e+06  49 
1.08901e+07  8.83165e+06  5.51082  2.20791e+06  12 
4.50752e+07  4.30585e+07  23.8899  1.07646e+07  74 
2.07351e+07  1.87371e+07  10.8038  4.68427e+06  42 
3.47025e+07  3.24849e+07  18.3132  8.12122e+06  39 
1.68567e+07  1.46972e+07  8.71866  3.6743e+06  27 
4.11861e+07  3.91657e+07  21.799  9.79143e+06  66 
2.47082e+07  2.25718e+07  12.9399  5.64294e+06  55 
4.30428e+07  4.08242e+07  22.7972  1.02061e+07  65 
2.31671e+07  2.11674e+07  12.1114  5.29186e+06  7 
4.7698e+07  4.55766e+07  25.3  1.13942e+07  50 
9.8254e+06  7.59292e+06  4.93838  1.89823e+06  10 
2.24041e+07  2.03826e+07  11.7011  5.09565e+06  48 
2.26778e+07  2.05615e+07  11.8483  5.14037e+06  46 
1.83795e+07  1.6369e+07  9.53735  4.09225e+06  33 
1.33865e+07  1.12954e+07  6.85296  2.82385e+06  17 
1.97218e+07  1.79062e+07  10.259  4.47655e+06  38 
2.48159e+07  2.24125e+07  12.9978  5.60313e+06  55 
4.60989e+07  4.40551e+07  24.4403  1.10138e+07  13 
9.75678e+06  7.75998e+06  4.90149  1.93999e+06  10 
2.27657e+07  2.08484e+07  11.8956  5.21209e+06  31 
2.02005e+07  1.78535e+07  10.5164  4.46338e+06  38 
2.47443e+07  2.28385e+07  12.9593  5.70962e+06  52 
2.3373e+07  2.11172e+07  12.222  5.2793e+06  30 
2.13446e+07  1.92602e+07  11.1315  4.81505e+06  44 
4.61433e+07  4.39533e+07  24.4641  1.09883e+07  76 
2.24021e+07  2.02368e+07  11.7  5.0592e+06  47 
1.96075e+07  1.73139e+07  10.1976  4.32847e+06  23 
8.01707e+06  6.04955e+06  3.96617  1.51239e+06  8 
1.94568e+07  1.73964e+07  10.1166  4.3491e+06  36 
4.20839e+07  4.02135e+07  22.2816  1.00534e+07  63 
2.83427e+07  2.62873e+07  14.8939  6.57182e+06  58 
4.08904e+07  3.87522e+07  21.64  9.68805e+06  28 

1.29168e+06  2.5543  0.350366  0.638575  0 
2.35488e+06  0.895918  0.921978  0.223979  0 
1.6596e+06  1.0788  0.548172  0.2697  0 
1.4676e+06  1.9851  0.444946  0.496275  0 
1.60032e+06  1.68626  0.516301  0.421566  0 
1.61856e+06  1.63022  0.526108  0.407556  0 
1.73616e+06  1.6357  0.589333  0.408925  1 
1.81944e+06  1.19394  0.634108  0.298484  1 
2.1708e+06  1.13845  0.823011  0.284611  1 
1.81128e+06  1.70954  0.62972  0.427385  2 
1.89072e+06  1.35092  0.67243  0.337731  2 
1.99968e+06  1.8296  0.731011  0.4574  3 
2.04312e+06  1.72041  0.754366  0.430104  3 
2.06856e+06  1.47638  0.768043  0.369095  3 
2.48857e+06  413055  0.993857  103264  4 
2.52236e+06  349643  1.01202  87410.8  4 
3.06152e+06  931521  1.30189  232880  5 
3.33769e+06  1.06081e+06  1.45037  265202  6 
3.34577e+06  1.20786e+06  1.45472  301964  7 
3.66663e+06  1.62255e+06  1.62722  405637  8 
4.34457e+06  2.28945e+06  1.99171  572364  10 
5.47638e+06  3.21654e+06  2.6002  804135  11 
5.52545e+06  3.40697e+06  2.62659  851743  12 
6.10033e+06  3.93362e+06  2.93566  983404  13 
6.10403e+06  3.95291e+06  2.93765  988228  14 
6.13606e+06  3.95662e+06  2.95487  989156  15 
6.45033e+06  4.13049e+06  3.12383  1.03262e+06  16 
6.67003e+06  4.41283e+06  3.24195  1.10321e+06  17 
6.90969e+06  4.75353e+06  3.3708  1.18838e+06  18 
7.14056e+06  4.95632e+06  3.49492  1.23908e+06  19 
7.17914e+06  5.02994e+06  3.51567  1.25748e+06  20 
7.36285e+06  5.02861e+06  3.61444  1.25715e+06  20 
7.31797e+06  5.18437e+06  3.59031  1.29609e+06  21 
7.35038e+06  5.19638e+06  3.60773  1.29909e+06  22 
7.58916e+06  5.38884e+06  3.73611  1.34721e+06  23 
7.61394e+06  5.60514e+06  3.74943  1.40129e+06  24 
8.38121e+06  6.23537e+06  4.16194  1.55884e+06  25 
8.85196e+06  6.68981e+06  4.41503  1.67245e+06  27 
9.90287e+06  7.49879e+06  4.98004  1.8747e+06  30 
9.88254e+06  7.92654e+06  4.96911  1.98164e+06  30 
1.10252e+07  8.88846e+06  5.58343  2.22211e+06  34 
1.1094e+07  8.72062e+06  5.62042  2.18015e+06  34 
1.14488e+07  9.33029e+06  5.81117  2.33257e+06  35 
1.1559e+07  9.50361e+06  5.87041  2.3759e+06  36 
1.17698e+07  9.73417e+06  5.98379  2.43354e+06  37 
1.20596e+07  9.82978e+06  6.13958  2.45744e+06  38 
1.24952e+07  1.04828e+07  6.37377  2.6207e+06  39 
1.27556e+07  1.06988e+07  6.51378  2.67471e+06  40 
1.31742e+07  1.07529e+07  6.73884  2.68822e+06  41 
1.3443e+07  1.13814e+07  6.88332  2.84534e+06  42 
1.50167e+07  1.29261e+07  7.72941  3.23152e+06  44 
1.57399e+07  1.37232e+07  8.11824  3.4308e+06  46 
1.68142e+07  1.47882e+07  8.69582  3.69704e+06  47 
1.74302e+07  1.5329e+07  9.02699  3.83225e+06  49 
1.74743e+07  1.52778e+07  9.0507  3.81946e+06  49 
1.78473e+07  1.57955e+07  9.25121  3.94888e+06  50 
1.93323e+07  1.71641e+07  10.0496  4.29103e+06  51 
1.99698e+07  1.77426e+07  10.3923  4.43564e+06  53 
1.98333e+07  1.77463e+07  10.319  4.43657e+06  52 
2.24244e+07  2.03153e+07  11.712  5.07882e+06  55 
2.35991e+07  2.17118e+07  12.3436  5.42795e+06  58 
2.66804e+07  2.45017e+07  14.0002  6.12543e+06  60 
3.96012e+07  3.74801e+07  20.9469  9.37002e+06  63 
4.0593e+07  3.85539e+07  21.4801  9.63849e+06  64 
4.08599e+07  3.87894e+07  21.6236  9.69735e+06  65 
4.15526e+07  3.94782e+07  21.996  9.86956e+06  66 
4.21581e+07  4.00081e+07  22.3215  1.0002e+07  68 
4.64656e+07  4.42214e+07  24.6374  1.10553e+07  70 
4.75671e+07  4.52928e+07  25.2296  1.13232e+07  71 
4.76597e+07  4.56461e+07  25.2794  1.14115e+07  72 
6.42348e+07  6.20683e+07  34.1907  1.55171e+07  74 
6.96302e+07  6.75894e+07  37.0915  1.68974e+07  76 
7.08039e+07  6.86456e+07  37.7225  1.71614e+07  77 
5.01165e+07  4.82167e+07  26.6003  1.20542e+07  73 
4.75361e+07  4.54992e+07  25.213  1.13748e+07  71 
9.56492e+06  7.27172e+06  4.79834  1.81793e+06  29 
4.17281e+07  3.99049e+07  22.0904  9.97622e+06  67 
2.24747e+07  2.04184e+07  11.7391  5.10459e+06  56 
1.56835e+07  1.37866e+07  8.08791  3.44664e+06  46 
9.93229e+06  7.59301e+06  4.99586  1.89825e+06  31 
8.75153e+06  6.67386e+06  4.36104  1.66846e+06  26 
4.52335e+07  4.30533e+07  23.975  1.07633e+07  69 
6.89969e+07  6.7091e+07  36.751  1.67728e+07  75 
1.52104e+07  1.32748e+07  7.83357  3.31871e+06  45 
8.94814e+06  6.98614e+06  4.46674  1.74653e+06  28 
1.05994e+07  8.44833e+06  5.35454  2.11208e+06  32 
3.99283e+06  1.78507e+06  1.8026  446268  9 
2.34563e+07  2.11624e+07  12.2668  5.2906e+06  57 
1.99292e+07  1.75794e+07  10.3705  4.39484e+06  52 
3.0626e+07  2.84437e+07  16.1215  7.11092e+06  62 
1.09133e+07  8.59584e+06  5.52327  2.14896e+06  33 
9.01095e+06  6.88887e+06  4.50051  1.72222e+06  28 
6.63681e+06  4.62394e+06  3.22409  1.15598e+06  17 
2.15216e+07  1.96071e+07  11.2267  4.90178e+06  54 
1.38715e+07  1.16882e+07  7.11372  2.92206e+06  43 
9.02788e+06  6.86092e+06  4.50961  1.71523e+06  28 
7.3527e+07  7.14753e+07  39.1866  1.78688e+07  78 
2.90646e+07  2.69432e+07  15.282  6.73581e+06  61 
1.7324e+07  1.52197e+07  8.96988  3.80492e+06  48 
2.43161e+07  2.21926e+07  12.7291  5.54815e+06  59 

1.21728e+06  1.90117  0.310366  0.475293  0 
2.24688e+06  0.868534  0.863914  0.217133  0 
1.73784e+06  0.92538  0.590237  0.231345  0 
1.37808e+06  1.23627  0.396817  0.309068  0 
1.63656e+06  0.987833  0.535785  0.246958  0 
1.27896e+06  1.40084  0.343527  0.35021  0 
1.54992e+06  1.1552  0.489204  0.288799  0 
1.4844e+06  1.40788  0.453978  0.351971  1 
1.57848e+06  1.21257  0.504559  0.303143  1 
1.50216e+06  1.28486  0.463527  0.321215  1 
1.38792e+06  1.50929  0.402108  0.377322  1 
1.90152e+06  1.04203  0.678237  0.260508  1 
1.75512e+06  1.12824  0.599527  0.28206  1 
1.64784e+06  1.22153  0.541849  0.305383  2 
1.59264e+06  1.33973  0.512172  0.334933  2 
1.48824e+06  1.70041  0.456043  0.425103  2 
1.48944e+06  1.44798  0.456688  0.361994  2 
2.00976e+06  1.15381  0.73643  0.288453  2 
1.5432e+06  1.4286  0.485591  0.35715  2 
2.1348e+06  1.07683  0.803656  0.269207  2 
1.83264e+06  1.19657  0.641204  0.299144  2 
1.78824e+06  1.20247  0.617333  0.300617  2 
2.02248e+06  1.14032  0.743269  0.285079  2 
1.9308e+06  1.15944  0.693978  0.289859  2 
1.47984e+06  1.81329  0.451527  0.453323  2 
1.64064e+06  1.29987  0.537978  0.324967  2 
1.69416e+06  1.37738  0.566753  0.344345  3 
1.50072e+06  1.46972  0.462753  0.36743  3 
1.69632e+06  1.23445  0.567914  0.308614  3 
1.89312e+06  1.19879  0.67372  0.299697  3 
1.52136e+06  1.68548  0.473849  0.421371  4 
1.84992e+06  1.24895  0.650495  0.312237  4 
1.70736e+06  1.26344  0.573849  0.31586  4 
1.54896e+06  1.68242  0.488688  0.420605  4 
1.70592e+06  1.33331  0.573075  0.333328  4 
2.0088e+06  1.24661  0.735914  0.311653  4 
1.57728e+06  1.64571  0.503914  0.411428  4 
1.55712e+06  2.27524  0.493075  0.568809  5 
1.79088e+06  1.28159  0.618753  0.320398  5 
1.61184e+06  1.94035  0.522495  0.485088  5 
1.70712e+06  1.37549  0.57372  0.343871  5 
1.9092e+06  1.35376  0.682366  0.338441  6 
1.7256e+06  2.29521  0.583656  0.573803  6 
2.06424e+06  1.28826  0.76572  0.322065  6 
1.89576e+06  1.41669  0.67514  0.354173  6 
1.76496e+06  1.43666  0.604817  0.359164  6 
1.8984e+06  1.37962  0.676559  0.344906  6 
2.10768e+06  1.37065  0.789075  0.342662  7 
1.7772e+06  1.49855  0.611398  0.374637  7 
2.11416e+06  1.34005  0.792559  0.335012  7 
1.86e+06  1.44326  0.655914  0.360816  7 
1.93176e+06  1.77785  0.694495  0.444463  8 
1.86792e+06  1.79381  0.660172  0.448451  8 
2.07168e+06  1.56348  0.76972  0.390869  8 
2.09424e+06  1.47062  0.781849  0.367655  8 
2.30304e+06  1.52744  0.894108  0.38186  9 
1.9536e+06  1.84769  0.706237  0.461922  9 
2.05944e+06  1.80834  0.76314  0.452086  9 
2.18307e+06  212670  0.829607  53167.6  10 
2.3693e+06  144978  0.92973  36244.6  10 
2.26879e+06  217507  0.875691  54376.8  11 
2.31281e+06  447052  0.899361  111763  12 
2.52869e+06  519170  1.01542  129792  13 
2.94106e+06  779858  1.23713  194965  14 
3.1028e+06  1.09496e+06  1.32408  273740  15 
3.27078e+06  1.17102e+06  1.4144  292756  16 
3.31836e+06  1.09596e+06  1.43998  273990  16 
3.43449e+06  1.2349e+06  1.50242  308724  17 
3.40814e+06  1.2527e+06  1.48825  313176  17 
3.42309e+06  1.36245e+06  1.49628  340612  18 
3.48688e+06  1.35256e+06  1.53058  338140  18 
3.99654e+06  1.98534e+06  1.80459  496336  19 
4.00086e+06  1.76598e+06  1.80692  441496  19 
4.13399e+06  1.96175e+06  1.87849  490438  20 
4.36386e+06  2.39538e+06  2.00208  598846  21 
4.40238e+06  2.1807e+06  2.02278  545175  21 
4.86357e+06  2.47125e+06  2.27074  617813  22 
4.46298e+06  2.4921e+06  2.05537  623025  22 
4.82462e+06  2.64279e+06  2.2498  660696  23 
4.95001e+06  2.94457e+06  2.31721  736142  24 
5.28814e+06  2.95486e+06  2.499  738715  25 
6.0663e+06  3.8427e+06  2.91737  960676  26 
5.73498e+06  4.00291e+06  2.73924  1.00073e+06  26 
6.27633e+06  4.11969e+06  3.03028  1.02992e+06  27 
6.35545e+06  4.22282e+06  3.07282  1.0557e+06  28 
6.41399e+06  4.27967e+06  3.10429  1.06992e+06  29 
6.41449e+06  4.59098e+06  3.10457  1.14774e+06  30 
6.96659e+06  4.82771e+06  3.40139  1.20693e+06  31 
6.52174e+06  4.8475e+06  3.16223  1.21188e+06  31 
7.04503e+06  5.21143e+06  3.44357  1.30286e+06  32 
7.92615e+06  5.81583e+06  3.91728  1.45396e+06  33 
8.1737e+06  6.04322e+06  4.05038  1.51081e+06  34 
8.39091e+06  6.16539e+06  4.16716  1.54135e+06  35 
8.63841e+06  6.79401e+06  4.30022  1.6985e+06  36 
8.9993e+06  7.02338e+06  4.49424  1.75584e+06  37 
1.12334e+07  9.12354e+06  5.69537  2.28089e+06  38 
1.12639e+07  9.2131e+06  5.71177  2.30327e+06  39 
1.17317e+07  9.9101e+06  5.96328  2.47753e+06  40 
1.31954e+07  1.13712e+07  6.75022  2.84279e+06  41 
1.6383e+07  1.47028e+07  8.46399  3.6757e+06  42 

1.15224e+06  1.53686  0.275398  0.384215  0 
2.26344e+06  0.855472  0.872817  0.213868  0 
1.84872e+06  0.891137  0.649849  0.222784  0 
1.57872e+06  0.988201  0.504688  0.24705  0 
1.32456e+06  1.10499  0.368043  0.276248  0 
1.22112e+06  1.28556  0.31243  0.32139  0 
1.52328e+06  1.02118  0.474882  0.255295  0 
1.81392e+06  0.906556  0.63114  0.226639  0 
1.49256e+06  1.04204  0.458366  0.26051  0 
1.44456e+06  1.0482  0.432559  0.262049  0 
1.2984e+06  1.21852  0.353978  0.304629  0 
1.78488e+06  0.963072  0.615527  0.240768  0 
1.68552e+06  0.970936  0.562108  0.242734  0 
1.48272e+06  1.04376  0.453075  0.26094  0 
1.41408e+06  1.13769  0.416172  0.284422  0 
1.71552e+06  1.02121  0.578237  0.255303  0 
1.35408e+06  1.22177  0.383914  0.305443  1 
1.4544e+06  1.06615  0.437849  0.266537  0 
1.41024e+06  1.22005  0.414108  0.305013  0 
1.73016e+06  0.992085  0.586108  0.248021  0 
1.60776e+06  1.02889  0.520301  0.257222  0 
1.22568e+06  2.26117  0.314882  0.565293  1 
1.25472e+06  1.45856  0.330495  0.364641  1 
1.23528e+06  1.59316  0.320043  0.39829  2 
1.36536e+06  1.22159  0.389978  0.305397  1 
1.24992e+06  1.5653  0.327914  0.391325  1 
1.32144e+06  1.25224  0.366366  0.31306  3 
1.2936e+06  1.33576  0.351398  0.333941  3 
1.44e+06  1.12537  0.430108  0.281342  2 
1.884e+06  0.977502  0.668817  0.244375  2 
1.42368e+06  1.21585  0.421333  0.303963  2 
1.4148e+06  1.29573  0.416559  0.323933  0 
1.36392e+06  1.31277  0.389204  0.328193  1 
1.45344e+06  1.14462  0.437333  0.286156  1 
1.24872e+06  1.64124  0.327269  0.410311  2 
1.58256e+06  1.11879  0.506753  0.279696  0 
1.5624e+06  1.1316  0.495914  0.2829  1 
1.35312e+06  1.41632  0.383398  0.35408  1 
1.75416e+06  0.993822  0.599011  0.248456  1 
1.7436e+06  1.02148  0.593333  0.25537  3 
1.64976e+06  1.05427  0.542882  0.263567  3 
1.32792e+06  1.51281  0.369849  0.378202  3 
1.35576e+06  1.31301  0.384817  0.328252  2 
1.30512e+06  1.58155  0.357591  0.395388  4 
1.56096e+06  1.13217  0.49514  0.283043  0 
1.35288e+06  1.42758  0.383269  0.356894  4 
1.3392e+06  1.50269  0.375914  0.375673  4 
1.35072e+06  1.43335  0.382108  0.358337  4 
1.56576e+06  1.13679  0.49772  0.284198  1 
1.32504e+06  1.66859  0.368301  0.417149  3 
1.78752e+06  1.00596  0.616946  0.251491  3 
1.63272e+06  1.13646  0.53372  0.284116  4 
1.48992e+06  1.1792  0.456946  0.294799  1 
1.80672e+06  0.998311  0.627269  0.249578  0 
1.67016e+06  1.07138  0.553849  0.267844  3 
1.49328e+06  1.15384  0.458753  0.288459  1 
1.25328e+06  1.76092  0.32972  0.44023  2 
1.42272e+06  1.3015  0.420817  0.325374  3 
1.70592e+06  1.05674  0.573075  0.264185  2 
1.35864e+06  1.54392  0.386366  0.385981  5 
1.47528e+06  1.19824  0.449075  0.299561  2 
1.35792e+06  1.65482  0.385978  0.413704  4 
1.404e+06  1.51961  0.410753  0.379902  2 
1.45392e+06  1.22303  0.437591  0.305757  3 
1.48608e+06  1.2644  0.454882  0.3161  4 
1.90968e+06  1.03464  0.682624  0.25866  1 
1.69848e+06  1.10847  0.569075  0.277117  1 
1.31088e+06  1.77681  0.360688  0.444203  3 
1.68168e+06  1.14533  0.560043  0.286333  2 
1.43856e+06  1.33939  0.429333  0.334847  4 
1.49808e+06  1.1782  0.461333  0.29455  3 
1.5192e+06  1.15515  0.472688  0.288787  0 
1.74408e+06  1.1076  0.593591  0.2769  5 
1.51392e+06  1.164  0.469849  0.291001  0 
1.764e+06  1.05961  0.604301  0.264901  2 
1.90032e+06  1.04584  0.677591  0.26146  1 
1.42776e+06  1.4179  0.423527  0.354476  2 
1.26096e+06  1.79283  0.333849  0.448208  2 
1.91976e+06  1.06201  0.688043  0.265502  4 
1.45704e+06  1.37099  0.439269  0.342748  0 
1.77432e+06  1.10483  0.609849  0.276207  0 
1.79088e+06  1.10421  0.618753  0.276053  1 
1.51056e+06  1.26223  0.468043  0.315557  4 
1.4424e+06  1.37284  0.431398  0.34321  4 
2.02824e+06  1.0439  0.746366  0.260975  1 
1.74024e+06  1.12156  0.591527  0.280389  1 
1.8528e+06  1.07466  0.652043  0.268666  1 
1.51272e+06  1.19618  0.469204  0.299045  3 
1.56648e+06  1.15583  0.498108  0.288957  5 
1.43736e+06  1.50665  0.428688  0.376662  6 
1.61472e+06  1.17314  0.524043  0.293285  4 
1.74432e+06  1.12624  0.59372  0.281559  5 
1.71216e+06  1.15728  0.57643  0.289319  0 
1.58568e+06  1.18341  0.50843  0.295852  4 
1.83168e+06  1.11225  0.640688  0.278064  6 
1.5192e+06  1.24164  0.472688  0.31041  4 
2.03184e+06  1.0499  0.748301  0.262475  4 
1.5648e+06  1.21761  0.497204  0.304403  4 
1.90152e+06  1.0871  0.678237  0.271774  3 
1.55448e+06  1.24711  0.491656  0.311778  5 

1.11288e+06  1.53104  0.254237  0.38276  0 
2.19144e+06  0.83861  0.834108  0.209653  0 
1.85112e+06  0.861303  0.65114  0.215326  0 
1.50816e+06  0.910771  0.466753  0.227693  0 
1.27776e+06  1.02749  0.342882  0.256872  0 
1.14864e+06  1.25021  0.273462  0.312552  0 
1.4556e+06  0.93908  0.438495  0.23477  0 
1.22424e+06  1.16964  0.314108  0.292411  0 
1.24848e+06  1.08896  0.32714  0.272239  0 
1.12632e+06  1.42308  0.261462  0.355769  0 
1.39704e+06  0.97985  0.407011  0.244962  0 
1.2012e+06  1.21022  0.30172  0.302555  0 
1.83024e+06  0.87639  0.639914  0.219097  0 
1.3776e+06  0.993992  0.396559  0.248498  0 
1.79784e+06  0.885779  0.622495  0.221445  0 
1.24032e+06  1.13097  0.322753  0.282743  0 
2.15736e+06  0.848992  0.815785  0.212248  0 
1.7352e+06  0.898898  0.588817  0.224724  0 
1.45056e+06  0.966251  0.435785  0.241563  0 
1.68216e+06  0.902978  0.560301  0.225745  0 
1.39272e+06  0.988788  0.404688  0.247197  0 
1.43832e+06  0.976838  0.429204  0.24421  0 
2.13072e+06  0.858757  0.801462  0.214689  0 
1.49904e+06  0.937211  0.461849  0.234303  0 
1.43472e+06  0.978036  0.427269  0.244509  0 
1.45416e+06  0.964631  0.43772  0.241158  0 
1.4916e+06  0.938392  0.457849  0.234598  0 
1.23432e+06  1.23257  0.319527  0.308143  1 
1.52088e+06  0.935133  0.473591  0.233783  1 
1.1724e+06  1.72564  0.286237  0.431409  1 
1.59264e+06  0.925912  0.512172  0.231478  1 
1.68864e+06  0.924767  0.563785  0.231192  1 
2.106e+06  0.864298  0.788172  0.216075  1 
2.09376e+06  0.869566  0.781591  0.217392  1 
1.98792e+06  0.872225  0.724688  0.218056  1 
1.42776e+06  0.984701  0.423527  0.246175  1 
1.27128e+06  1.13218  0.339398  0.283045  1 
1.57296e+06  0.932871  0.501591  0.233218  1 
1.8876e+06  0.887441  0.670753  0.22186  1 
1.20912e+06  1.3838  0.305978  0.34595  1 
1.29048e+06  1.05774  0.34972  0.264434  1 
1.25088e+06  1.18745  0.32843  0.296863  1 
2.20968e+06  0.86324  0.843914  0.21581  1 
1.36416e+06  1.02758  0.389333  0.256896  1 
1.50264e+06  0.941854  0.463785  0.235463  1 
1.70904e+06  0.903973  0.574753  0.225993  1 
1.49616e+06  0.968479  0.460301  0.24212  1 
1.20456e+06  1.55375  0.303527  0.388438  1 
1.83672e+06  0.889599  0.643398  0.2224  1 
1.94712e+06  0.880775  0.702753  0.220194  1 
1.37784e+06  0.999962  0.396688  0.24999  1 
1.16688e+06  1.81574  0.283269  0.453936  1 
1.27344e+06  1.09874  0.340559  0.274684  1 
1.79568e+06  0.901696  0.621333  0.225424  1 
1.464e+06  0.976947  0.443011  0.244237  1 
1.23504e+06  1.32888  0.319914  0.33222  2 
1.2984e+06  1.20873  0.353978  0.302183  2 
1.8336e+06  0.906826  0.64172  0.226707  2 
1.71984e+06  0.922081  0.580559  0.23052  2 
1.2828e+06  1.28136  0.345591  0.32034  2 
1.86288e+06  0.899948  0.657462  0.224987  2 
1.33872e+06  1.06171  0.375656  0.265428  2 
1.49016e+06  0.97902  0.457075  0.244755  2 
1.8984e+06  0.898143  0.676559  0.224536  2 
1.65144e+06  0.927865  0.543785  0.231966  2 
1.64832e+06  0.928319  0.542108  0.23208  2 
1.30728e+06  1.14724  0.358753  0.28681  2 
1.71024e+06  0.923854  0.575398  0.230964  2 
1.79016e+06  0.909259  0.618366  0.227315  2 
1.94232e+06  0.888868  0.700172  0.222217  2 
1.57608e+06  0.949594  0.503269  0.237399  2 
1.44432e+06  1.02225  0.43243  0.255563  2 
1.53144e+06  0.955778  0.479269  0.238945  2 
1.65816e+06  0.927331  0.547398  0.231833  2 
1.43328e+06  1.0276  0.426495  0.2569  2 
1.28448e+06  1.25148  0.346495  0.31287  2 
2.10504e+06  0.869621  0.787656  0.217405  2 
1.47e+06  0.98299  0.446237  0.245747  2 
1.428e+06  1.05162  0.423656  0.262905  2 
2.01648e+06  0.875622  0.740043  0.218905  2 
1.58616e+06  0.935964  0.508688  0.233991  2 
1.31376e+06  1.08178  0.362237  0.270444  2 
1.1964e+06  2.23062  0.29914  0.557654  2 
1.54368e+06  0.95405  0.485849  0.238512  2 
1.46064e+06  0.991951  0.441204  0.247988  2 
1.87824e+06  0.899442  0.66572  0.22486  2 
1.73208e+06  0.916559  0.58714  0.22914  2 
1.58952e+06  0.936605  0.510495  0.234151  3 
1.99944e+06  0.890339  0.730882  0.222585  3 
1.77648e+06  0.92852  0.611011  0.23213  3 
1.47576e+06  1.00516  0.449333  0.251291  3 
2.05632e+06  0.878944  0.761462  0.219736  3 
1.5876e+06  0.952638  0.509462  0.238159  3 
1.45992e+06  1.03679  0.440817  0.259198  3 
1.81656e+06  0.910429  0.632559  0.227607  3 
1.75536e+06  0.935825  0.599656  0.233956  3 
2.05344e+06  0.884913  0.759914  0.221228  3 
1.34544e+06  1.06842  0.379269  0.267104  3 
1.24368e+06  1.38503  0.324559  0.346257  3 
1.57344e+06  0.975653  0.501849  0.243913  3 

1.07496e+06  1.48298  0.233849  0.370746  0 
2.12328e+06  0.830244  0.797462  0.207561  0 
1.82544e+06  0.848554  0.637333  0.212138  0 
1.54728e+06  0.881303  0.487785  0.220326  0 
1.30872e+06  0.972728  0.359527  0.243182  0 
1.1616e+06  1.07385  0.28043  0.268461  0 
1.48608e+06  0.885402  0.454882  0.221351  0 
1.45056e+06  0.898213  0.435785  0.224553  0 
1.27464e+06  0.984902  0.341204  0.246226  0 
1.24536e+06  1.01916  0.325462  0.25479  0 
1.42584e+06  0.929168  0.422495  0.232292  0 
1.14144e+06  1.29816  0.269591  0.324539  0 
1.38936e+06  0.936654  0.402882  0.234164  0 
1.74264e+06  0.852172  0.592817  0.213043  0 
1.14864e+06  1.20731  0.273462  0.301828  0 
1.21632e+06  1.05021  0.309849  0.262552  0 
1.3788e+06  0.950481  0.397204  0.23762  0 
1.70712e+06  0.862233  0.57372  0.215558  0 
1.33824e+06  0.956634  0.375398  0.239158  0 
1.44072e+06  0.913083  0.430495  0.228271  0 
1.6596e+06  0.869428  0.548172  0.217357  0 
1.61568e+06  0.870628  0.524559  0.217657  0 
1.10592e+06  1.47316  0.250495  0.368291  0 
2.05752e+06  0.840741  0.762108  0.210185  0 
2.02104e+06  0.841613  0.742495  0.210403  0 
1.4124e+06  0.929755  0.415269  0.232439  0 
2.01264e+06  0.84268  0.737978  0.21067  0 
1.43496e+06  0.923884  0.427398  0.230971  0 
2.01048e+06  0.843588  0.736817  0.210897  0 
1.97448e+06  0.845267  0.717462  0.211317  0 
1.824e+06  0.849048  0.636559  0.212262  0 
1.24416e+06  1.03819  0.324817  0.259549  0 
1.9032e+06  0.846118  0.67914  0.21153  0 
1.56888e+06  0.880196  0.499398  0.220049  0 
1.27848e+06  1.05255  0.343269  0.263138  1 
1.24104e+06  1.06157  0.32314  0.265392  1 
1.52232e+06  0.890424  0.474366  0.222606  1 
1.37976e+06  0.9505  0.39772  0.237625  1 
1.62432e+06  0.877351  0.529204  0.219338  1 
1.4532e+06  0.902587  0.437204  0.225647  1 
1.22136e+06  1.08225  0.312559  0.270563  1 
1.13688e+06  1.58231  0.26714  0.395578  1 
1.9668e+06  0.847083  0.713333  0.211771  1 
1.80864e+06  0.852974  0.628301  0.213243  1 
1.94064e+06  0.847824  0.699269  0.211956  1 
1.89528e+06  0.851589  0.674882  0.212897  1 
1.22736e+06  1.06919  0.315785  0.267296  1 
1.2804e+06  0.995939  0.344301  0.248985  1 
1.2156e+06  1.08781  0.309462  0.271951  1 
1.69704e+06  0.871235  0.568301  0.217809  1 
2.142e+06  0.835527  0.807527  0.208882  1 
1.3524e+06  0.97455  0.383011  0.243637  1 
1.16664e+06  1.10763  0.28314  0.276906  1 
1.09296e+06  1.68558  0.243527  0.421394  1 
1.3188e+06  0.991844  0.364946  0.247961  1 
1.32288e+06  0.988522  0.36714  0.247131  1 
1.56072e+06  0.884495  0.495011  0.221124  1 
1.42224e+06  0.938107  0.420559  0.234527  1 
2.03832e+06  0.843402  0.751785  0.210851  1 
2.12496e+06  0.836311  0.798366  0.209078  1 
1.77216e+06  0.855275  0.608688  0.213819  1 
2.01384e+06  0.843787  0.738624  0.210947  1 
1.73784e+06  0.863039  0.590237  0.21576  1 
1.50504e+06  0.893337  0.465075  0.223334  1 
1.93608e+06  0.849084  0.696817  0.212271  1 
1.15728e+06  1.281  0.278108  0.32025  1 
1.71192e+06  0.866439  0.576301  0.21661  1 
2.17176e+06  0.834969  0.823527  0.208742  1 
1.14864e+06  1.57056  0.273462  0.39264  1 
1.11192e+06  1.62409  0.25372  0.406021  1 
1.98384e+06  0.845367  0.722495  0.211342  1 
1.722e+06  0.863845  0.58172  0.215961  1 
1.15152e+06  1.68177  0.275011  0.420443  2 
1.39824e+06  0.952515  0.407656  0.238129  2 
1.86936e+06  0.853099  0.660946  0.213275  2 
1.39296e+06  0.961977  0.404817  0.240494  2 
1.8096e+06  0.854083  0.628817  0.213521  2 
1.22832e+06  1.07793  0.316301  0.269481  2 
1.79616e+06  0.857155  0.621591  0.214289  2 
1.18104e+06  1.60387  0.290882  0.400967  2 
2.00808e+06  0.849409  0.735527  0.212352  2 
1.84632e+06  0.85383  0.648559  0.213457  2 
1.37736e+06  0.975707  0.39643  0.243927  2 
1.38096e+06  0.975473  0.398366  0.243868  2 
1.34856e+06  0.992539  0.380946  0.248135  2 
2.02728e+06  0.848442  0.745849  0.212111  2 
1.72944e+06  0.871878  0.58572  0.21797  2 
1.62792e+06  0.878039  0.53114  0.21951  2 
1.3248e+06  0.993939  0.368172  0.248485  2 
1.27368e+06  1.07413  0.340688  0.268532  2 
1.4916e+06  0.910159  0.457849  0.22754  2 
1.42008e+06  0.951551  0.419398  0.237888  2 
2.09112e+06  0.844748  0.780172  0.211187  2 
1.36488e+06  0.97968  0.38972  0.24492  2 
2.02536e+06  0.848605  0.744817  0.212151  2 
1.21104e+06  1.14976  0.307011  0.28744  2 
1.5408e+06  0.892145  0.484301  0.223036  2 
1.28976e+06  1.03483  0.349333  0.258707  2 
1.21272e+06  1.13293  0.307914  0.283233  2 
1.26504e+06  1.13505  0.336043  0.283763  3 

1.06728e+06  1.48159  0.22972  0.370397  0 
2.0568e+06  0.814491  0.76172  0.203623  0 
1.74216e+06  0.842131  0.592559  0.210533  0 
1.46088e+06  0.882044  0.441333  0.220511  0 
1.22304e+06  0.953115  0.313462  0.238279  0 
1.08336e+06  1.09806  0.238366  0.274514  0 
1.1268e+06  1.02961  0.26172  0.257403  0 
1.4244e+06  0.888808  0.42172  0.222202  0 
1.38504e+06  0.890597  0.400559  0.222649  0 
1.36392e+06  0.909056  0.389204  0.227264  0 
1.71792e+06  0.842216  0.579527  0.210554  0 
1.3464e+06  0.912136  0.379785  0.228034  0 
1.67952e+06  0.844721  0.558882  0.21118  1 
1.6152e+06  0.84792  0.524301  0.21198  0 
1.32552e+06  0.919075  0.368559  0.229769  0 
1.10016e+06  1.06628  0.247398  0.266571  0 
1.28976e+06  0.92389  0.349333  0.230972  0 
1.60296e+06  0.85496  0.51772  0.21374  0 
1.9116e+06  0.817477  0.683656  0.204369  0 
1.58016e+06  0.861358  0.505462  0.21534  0 
1.2756e+06  0.93397  0.34172  0.233493  0 
1.56408e+06  0.864545  0.496817  0.216136  0 
1.8432e+06  0.824669  0.646882  0.206167  0 
1.55304e+06  0.865227  0.490882  0.216307  0 
1.5348e+06  0.86558  0.481075  0.216395  0 
1.20864e+06  1.01391  0.30572  0.253478  0 
1.8132e+06  0.827108  0.630753  0.206777  0 
1.78488e+06  0.828314  0.615527  0.207079  0 
1.5288e+06  0.86896  0.477849  0.21724  0 
1.25544e+06  0.941111  0.330882  0.235278  0 
1.37784e+06  0.89743  0.396688  0.224357  0 
1.49568e+06  0.871373  0.460043  0.217843  0 
1.36968e+06  0.898508  0.392301  0.224627  0 
1.24056e+06  0.945768  0.322882  0.236442  0 
1.12368e+06  1.05311  0.260043  0.263278  0 
1.45416e+06  0.882149  0.43772  0.220537  0 
1.2708e+06  0.935519  0.33914  0.23388  0 
1.59384e+06  0.855865  0.512817  0.213966  0 
1.43112e+06  0.884534  0.425333  0.221133  0 
1.7724e+06  0.837901  0.608817  0.209475  0 
1.31736e+06  0.919909  0.364172  0.229977  0 
1.4928e+06  0.878361  0.458495  0.21959  0 
1.4772e+06  0.878413  0.450108  0.219603  0 
1.3416e+06  0.916043  0.377204  0.229011  0 
1.76448e+06  0.839362  0.604559  0.20984  0 
1.47144e+06  0.879897  0.447011  0.219974  0 
1.19736e+06  1.02783  0.299656  0.256957  0 
1.71096e+06  0.843046  0.575785  0.210761  0 
1.57344e+06  0.862949  0.501849  0.215737  0 
1.83888e+06  0.825722  0.644559  0.206431  0 
1.3692e+06  0.904561  0.392043  0.22614  0 
1.36344e+06  0.910905  0.388946  0.227726  0 
1.67328e+06  0.847056  0.555527  0.211764  0 
1.70952e+06  0.843975  0.575011  0.210994  0 
1.52856e+06  0.869849  0.47772  0.217462  0 
1.55664e+06  0.864924  0.492817  0.216231  0 
1.95264e+06  0.820917  0.70572  0.205229  0 
1.68504e+06  0.847551  0.561849  0.211888  1 
1.14408e+06  1.05682  0.271011  0.264205  1 
1.27608e+06  0.941037  0.341978  0.235259  0 
1.12656e+06  1.06265  0.261591  0.265661  1 
1.42632e+06  0.898781  0.422753  0.224695  0 
1.32168e+06  0.924275  0.366495  0.231069  1 
1.71816e+06  0.844545  0.579656  0.211136  1 
1.49904e+06  0.879195  0.461849  0.219799  1 
1.34328e+06  0.921187  0.378108  0.230297  1 
1.50216e+06  0.877115  0.463527  0.219279  1 
1.8096e+06  0.835232  0.628817  0.208808  0 
1.3584e+06  0.913966  0.386237  0.228491  1 
1.57704e+06  0.866229  0.503785  0.216557  0 
1.70352e+06  0.847339  0.571785  0.211835  0 
1.2564e+06  0.943849  0.331398  0.235962  0 
1.97856e+06  0.819472  0.719656  0.204868  0 
1.22352e+06  0.994824  0.31372  0.248706  1 
1.43856e+06  0.891648  0.429333  0.222912  0 
1.18824e+06  1.03276  0.294753  0.258189  0 
1.1688e+06  1.03763  0.284301  0.259409  0 
1.80672e+06  0.83532  0.627269  0.20883  0 
1.58208e+06  0.862536  0.506495  0.215634  0 
1.94016e+06  0.825067  0.699011  0.206267  0 
1.52376e+06  0.871413  0.47514  0.217853  1 
1.47408e+06  0.880317  0.44843  0.220079  0 
1.23312e+06  0.97831  0.318882  0.244578  1 
1.20384e+06  1.03119  0.30314  0.257797  1 
1.3776e+06  0.903575  0.396559  0.225894  1 
1.11072e+06  1.08165  0.253075  0.270413  0 
1.15344e+06  1.04708  0.276043  0.261771  0 
1.65648e+06  0.849303  0.546495  0.212326  1 
1.09128e+06  1.28152  0.242624  0.32038  0 
2.0076e+06  0.819444  0.735269  0.204861  0 
1.68936e+06  0.847439  0.564172  0.21186  0 
1.2744e+06  0.943419  0.341075  0.235855  0 
1.74168e+06  0.843682  0.592301  0.21092  1 
1.3632e+06  0.91228  0.388817  0.22807  0 
1.2804e+06  0.935158  0.344301  0.233789  0 
1.086e+06  1.37171  0.239785  0.342927  0 
1.48872e+06  0.879451  0.456301  0.219863  1 
1.23672e+06  0.975048  0.320817  0.243762  1 
1.45176e+06  0.88634  0.43643  0.221585  0 
1.54104e+06  0.869931  0.48443  0.217483  0 

1.03488e+06  1.60502  0.212301  0.401254  0 
2.0568e+06  0.814491  0.76172  0.203623  0 
1.692e+06  0.831309  0.565591  0.207827  0 
1.35672e+06  0.885592  0.385333  0.221398  0 
1.07784e+06  1.0365  0.235398  0.259125  0 
1.29e+06  0.902553  0.349462  0.225638  0 
1.22016e+06  0.930909  0.311914  0.232727  0 
1.17912e+06  0.95186  0.289849  0.237965  0 
1.05192e+06  1.49161  0.221462  0.372902  0 
1.13952e+06  0.989989  0.268559  0.247497  0 
1.66752e+06  0.840966  0.55243  0.210242  0 
1.6368e+06  0.841755  0.535914  0.210439  0 
1.61232e+06  0.845119  0.522753  0.21128  0 
1.05984e+06  1.11055  0.22572  0.277637  0 
1.58928e+06  0.846983  0.510366  0.211746  0 
1.57224e+06  0.849852  0.501204  0.212463  0 
1.53888e+06  0.852446  0.483269  0.213112  0 
1.52328e+06  0.854709  0.474882  0.213677  0 
1.50024e+06  0.858839  0.462495  0.21471  0 
1.48944e+06  0.862356  0.456688  0.215589  0 
1.16904e+06  0.967215  0.28443  0.241804  0 
1.27752e+06  0.909426  0.342753  0.227356  0 
1.12896e+06  1.01517  0.262882  0.253793  0 
1.2624e+06  0.910367  0.334624  0.227592  0 
1.48008e+06  0.865103  0.451656  0.216276  0 
1.47144e+06  0.867292  0.447011  0.216823  0 
1.1976e+06  0.936078  0.299785  0.234019  0 
1.18824e+06  0.936553  0.294753  0.234138  0 
1.45752e+06  0.870394  0.439527  0.217598  0 
1.43928e+06  0.870484  0.42972  0.217621  0 
1.34808e+06  0.888183  0.380688  0.222046  0 
1.9116e+06  0.817477  0.683656  0.204369  0 
1.8912e+06  0.817524  0.672688  0.204381  0 
1.33896e+06  0.889304  0.375785  0.222326  0 
1.17216e+06  0.954105  0.286108  0.238526  0 
1.40928e+06  0.872681  0.413591  0.21817  0 
1.33296e+06  0.889979  0.372559  0.222495  0 
1.40088e+06  0.874041  0.409075  0.21851  0 
1.326e+06  0.891991  0.368817  0.222998  0 
1.8744e+06  0.821416  0.663656  0.205354  0 
1.86816e+06  0.82219  0.660301  0.205548  0 
1.39608e+06  0.877175  0.406495  0.219294  0 
1.84176e+06  0.822922  0.646108  0.205731  0 
1.812e+06  0.823644  0.630108  0.205911  0 
1.68432e+06  0.83367  0.561462  0.208418  0 
1.67472e+06  0.833681  0.556301  0.20842  0 
1.3908e+06  0.878317  0.403656  0.219579  0 
1.25904e+06  0.922475  0.332817  0.230619  0 
1.11456e+06  1.02947  0.25514  0.257367  0 
1.1364e+06  1.00083  0.266882  0.250207  0 
1.32168e+06  0.896265  0.366495  0.224066  0 
1.3836e+06  0.879539  0.399785  0.219885  0 
1.79496e+06  0.825981  0.620946  0.206495  0 
1.30608e+06  0.897404  0.358108  0.224351  0 
1.24824e+06  0.926026  0.327011  0.231506  0 
1.67184e+06  0.836214  0.554753  0.209054  0 
1.26024e+06  0.915214  0.333462  0.228803  0 
1.37424e+06  0.881074  0.394753  0.220269  0 
1.78656e+06  0.827  0.61643  0.20675  0 
1.36992e+06  0.881426  0.39243  0.220357  0 
1.36416e+06  0.881978  0.389333  0.220494  0 
1.7628e+06  0.827965  0.603656  0.206991  0 
1.13184e+06  1.01187  0.26443  0.252968  0 
1.512e+06  0.855563  0.468817  0.213891  0 
1.30296e+06  0.899797  0.35643  0.224949  0 
1.73064e+06  0.828567  0.586366  0.207142  0 
1.47024e+06  0.867413  0.446366  0.216853  0 
1.48296e+06  0.862608  0.453204  0.215652  0 
1.48176e+06  0.862935  0.452559  0.215734  0 
1.07688e+06  1.10852  0.234882  0.277131  0 
1.35168e+06  0.88621  0.382624  0.221552  0 
1.11144e+06  1.03463  0.253462  0.258659  0 
1.30224e+06  0.900347  0.356043  0.225087  0 
1.62984e+06  0.843694  0.532172  0.210923  0 
1.47696e+06  0.866358  0.449978  0.216589  0 
1.49616e+06  0.861578  0.460301  0.215394  0 
1.26192e+06  0.914532  0.334366  0.228633  0 
1.40832e+06  0.873387  0.413075  0.218347  0 
1.71696e+06  0.830656  0.579011  0.207664  0 
1.4808e+06  0.86458  0.452043  0.216145  0 
1.35936e+06  0.885206  0.386753  0.221301  0 
1.10952e+06  1.03628  0.25243  0.259069  0 
1.39704e+06  0.877001  0.407011  0.21925  0 
1.10376e+06  1.03635  0.249333  0.259086  0 
1.7064e+06  0.831175  0.573333  0.207794  0 
1.39032e+06  0.879417  0.403398  0.219854  0 
1.04544e+06  1.6049  0.217978  0.401224  0 
1.66056e+06  0.841646  0.548688  0.210411  0 
1.3476e+06  0.889213  0.38043  0.222303  0 
1.12608e+06  1.0294  0.261333  0.25735  0 
1.65216e+06  0.841734  0.544172  0.210433  0 
1.65216e+06  0.841734  0.544172  0.210433  0 
1.71696e+06  0.830656  0.579011  0.207664  0 
1.07688e+06  1.10852  0.234882  0.277131  0 
1.27056e+06  0.923154  0.339011  0.230789  0 
1.17384e+06  1.03922  0.287011  0.259804  0 
1.25088e+06  0.938159  0.32843  0.23454  0 
1.36224e+06  0.89735  0.388301  0.224338  0 
1.38432e+06  0.881717  0.400172  0.220429  0 
1.1424e+06  1.04443  0.270108  0.261108  0 

1.026e+06  1.33993  0.207527  0.334983  0 
2.11656e+06  0.8144  0.793849  0.2036  0 
1.8708e+06  0.816753  0.66172  0.204188  0 
1.62384e+06  0.834265  0.528946  0.208566  0 
1.40088e+06  0.874041  0.409075  0.21851  0 
1.206e+06  0.928494  0.304301  0.232124  0 
1.0704e+06  1.0497  0.231398  0.262425  0 
1.1628e+06  0.95952  0.281075  0.23988  0 
1.12416e+06  0.979799  0.260301  0.24495  0 
1.03992e+06  1.28545  0.215011  0.321363  0 
1.0452e+06  1.20332  0.217849  0.30083  0 
1.36728e+06  0.877632  0.391011  0.219408  0 
1.34688e+06  0.883346  0.380043  0.220837  0 
1.326e+06  0.887708  0.368817  0.221927  0 
1.09368e+06  1.01217  0.243914  0.253041  0 
1.60656e+06  0.838162  0.519656  0.20954  0 
1.30248e+06  0.892942  0.356172  0.223236  0 
1.58328e+06  0.839395  0.50714  0.209849  0 
1.0548e+06  1.15393  0.223011  0.288483  0 
1.56624e+06  0.842621  0.497978  0.210655  0 
1.27128e+06  0.898729  0.339398  0.224682  0 
1.54104e+06  0.846126  0.48443  0.211531  0 
1.25856e+06  0.902629  0.332559  0.225657  0 
1.5204e+06  0.848336  0.473333  0.212084  0 
1.18824e+06  0.936553  0.294753  0.234138  0 
1.05984e+06  1.11055  0.22572  0.277637  0 
1.02984e+06  1.29808  0.209591  0.32452  0 
1.24704e+06  0.909567  0.326366  0.227392  0 
1.1796e+06  0.939852  0.290108  0.234963  0 
1.50432e+06  0.855697  0.464688  0.213924  0 
1.49352e+06  0.856154  0.458882  0.214038  0 
1.47936e+06  0.858278  0.451269  0.214569  0 
1.23984e+06  0.911971  0.322495  0.227993  0 
1.15584e+06  0.964846  0.277333  0.241211  0 
1.2312e+06  0.913631  0.317849  0.228408  0 
1.22448e+06  0.914012  0.314237  0.228503  0 
1.83624e+06  0.819909  0.64314  0.204977  0 
1.07784e+06  1.0365  0.235398  0.259125  0 
1.46424e+06  0.861408  0.44314  0.215352  0 
1.45752e+06  0.862055  0.439527  0.215514  0 
1.8132e+06  0.822304  0.630753  0.205576  0 
1.80048e+06  0.823282  0.623914  0.205821  0 
1.77744e+06  0.824246  0.611527  0.206062  0 
1.05024e+06  1.19241  0.220559  0.298102  0 
1.74576e+06  0.824775  0.594495  0.206194  0 
1.72728e+06  0.82596  0.584559  0.20649  0 
1.44984e+06  0.865954  0.435398  0.216489  0 
1.06368e+06  1.10263  0.227785  0.275658  0 
1.03104e+06  1.29026  0.210237  0.322565  0 
1.17432e+06  0.951978  0.287269  0.237994  0 
1.70304e+06  0.826875  0.571527  0.206719  0 
1.44624e+06  0.866653  0.433462  0.216663  0 
1.19712e+06  0.929414  0.299527  0.232353  0 
1.43256e+06  0.867439  0.426108  0.21686  0 
1.1076e+06  1.00558  0.251398  0.251394  0 
1.686e+06  0.828498  0.562366  0.207124  0 
1.22184e+06  0.915995  0.312817  0.228999  0 
1.16952e+06  0.953922  0.284688  0.23848  0 
1.21656e+06  0.923169  0.309978  0.230792  0 
1.15344e+06  0.969278  0.276043  0.24232  0 
1.15008e+06  0.975003  0.274237  0.243751  0 
1.16064e+06  0.960088  0.279914  0.240022  0 
1.32168e+06  0.888348  0.366495  0.222087  0 
1.12152e+06  1.00124  0.258882  0.25031  0 
1.4268e+06  0.869752  0.423011  0.217438  0 
1.30056e+06  0.894258  0.35514  0.223564  0 
1.21464e+06  0.923996  0.308946  0.230999  0 
1.05312e+06  1.17965  0.222108  0.294913  0 
1.422e+06  0.870718  0.42043  0.217679  0 
1.63728e+06  0.831064  0.536172  0.207766  0 
1.6152e+06  0.834988  0.524301  0.208747  0 
1.13856e+06  0.976746  0.268043  0.244186  0 
1.47552e+06  0.85847  0.449204  0.214617  0 
1.26192e+06  0.899906  0.334366  0.224976  0 
1.45632e+06  0.863165  0.438882  0.215791  0 
1.36608e+06  0.880491  0.390366  0.220123  0 
1.3452e+06  0.88513  0.37914  0.221282  0 
1.2552e+06  0.907076  0.330753  0.226769  0 
1.61016e+06  0.835883  0.521591  0.208971  0 
2.0568e+06  0.814491  0.76172  0.203623  0 
1.31112e+06  0.890769  0.360817  0.222692  0 
1.39224e+06  0.875569  0.40443  0.218892  0 
1.53336e+06  0.846327  0.480301  0.211582  0 
1.47432e+06  0.859407  0.448559  0.214852  0 
1.2576e+06  0.905111  0.332043  0.226278  0 
1.4148e+06  0.872126  0.416559  0.218031  0 
1.40784e+06  0.872129  0.412817  0.218032  0 
1.4544e+06  0.864087  0.437849  0.216022  0 
1.34232e+06  0.886062  0.377591  0.221516  0 
1.57872e+06  0.840987  0.504688  0.210247  0 
1.49064e+06  0.85669  0.457333  0.214173  0 
1.56552e+06  0.844067  0.497591  0.211017  0 
2.0436e+06  0.815208  0.754624  0.203802  0 
1.29528e+06  0.89727  0.352301  0.224317  0 
1.24536e+06  0.910528  0.325462  0.227632  0 
1.35624e+06  0.881954  0.385075  0.220489  0 
1.0932e+06  1.03375  0.243656  0.258438  0 
1.38624e+06  0.876701  0.401204  0.219175  0 
1.33008e+06  0.886802  0.371011  0.221701  0 
1.38504e+06  0.876794  0.400559  0.219199  0 

1.01544e+06  1.29823  0.201849  0.324557  0 
2.17008e+06  0.804974  0.822624  0.201243  0 
1.88544e+06  0.81479  0.669591  0.203697  0 
1.6272e+06  0.829441  0.530753  0.20736  0 
1.41936e+06  0.866273  0.419011  0.216568  0 
1.23552e+06  0.902895  0.320172  0.225724  0 
1.09632e+06  1.0041  0.245333  0.251025  0 
1.03392e+06  1.12495  0.211785  0.281238  0 
1.19376e+06  0.918746  0.29772  0.229687  0 
1.06488e+06  1.05049  0.22843  0.262622  0 
1.1616e+06  0.945813  0.28043  0.236453  0 
1.13136e+06  0.955815  0.264172  0.238954  0 
1.60176e+06  0.833007  0.517075  0.208252  0 
1.04976e+06  1.06957  0.220301  0.267392  0 
1.39632e+06  0.871208  0.406624  0.217802  0 
1.58256e+06  0.837043  0.506753  0.209261  0 
1.38096e+06  0.873834  0.398366  0.218459  0 
1.36296e+06  0.876379  0.388688  0.219095  0 
1.11288e+06  0.979247  0.254237  0.244812  0 
1.57104e+06  0.840348  0.500559  0.210087  0 
1.34976e+06  0.878243  0.381591  0.219561  0 
1.548e+06  0.841827  0.488172  0.210457  0 
1.53288e+06  0.842152  0.480043  0.210538  0 
1.08528e+06  1.0117  0.239398  0.252924  0 
1.3392e+06  0.882388  0.375914  0.220597  0 
1.5144e+06  0.84603  0.470108  0.211507  0 
1.32576e+06  0.883613  0.368688  0.220903  0 
1.49712e+06  0.847515  0.460817  0.211879  0 
1.18512e+06  0.927187  0.293075  0.231797  0 
1.07712e+06  1.03315  0.235011  0.258287  0 
1.31712e+06  0.885837  0.364043  0.221459  0 
1.17336e+06  0.929262  0.286753  0.232316  0 
1.4844e+06  0.849869  0.453978  0.212467  0 
1.29576e+06  0.887839  0.352559  0.22196  0 
1.2816e+06  0.88911  0.344946  0.222277  0 
1.47696e+06  0.852937  0.449978  0.213234  0 
1.02408e+06  1.28531  0.206495  0.321328  0 
1.8708e+06  0.816753  0.66172  0.204188  0 
1.8588e+06  0.817097  0.655269  0.204274  0 
1.4676e+06  0.854429  0.444946  0.213607  0 
1.1004e+06  0.992273  0.247527  0.248068  0 
1.272e+06  0.891509  0.339785  0.222877  0 
1.45752e+06  0.855155  0.439527  0.213789  0 
1.07208e+06  1.03684  0.232301  0.25921  0 
1.26624e+06  0.892102  0.336688  0.223026  0 
1.03752e+06  1.11438  0.21372  0.278595  0 
1.7724e+06  0.81923  0.608817  0.204807  0 
1.1268e+06  0.965522  0.26172  0.24138  0 
1.15272e+06  0.94615  0.275656  0.236538  0 
1.02984e+06  1.22539  0.209591  0.306348  0 
1.22232e+06  0.909998  0.313075  0.2275  0 
1.06872e+06  1.04035  0.230495  0.260088  0 
2.14896e+06  0.807657  0.811269  0.201914  0 
1.2624e+06  0.896416  0.334624  0.224104  0 
1.23264e+06  0.904076  0.318624  0.226019  0 
1.25688e+06  0.897051  0.331656  0.224263  0 
1.122e+06  0.973943  0.25914  0.243486  0 
1.21872e+06  0.913565  0.31114  0.228391  0 
1.04736e+06  1.10661  0.219011  0.276654  0 
1.77e+06  0.823592  0.607527  0.205898  0 
1.2504e+06  0.897804  0.328172  0.224451  0 
1.08096e+06  1.02806  0.237075  0.257016  0 
1.75464e+06  0.824525  0.599269  0.206131  0 
1.74576e+06  0.824611  0.594495  0.206153  0 
1.16712e+06  0.941527  0.283398  0.235382  0 
1.05624e+06  1.06528  0.223785  0.266321  0 
1.14984e+06  0.951533  0.274108  0.237883  0 
1.21368e+06  0.914568  0.30843  0.228642  0 
1.45488e+06  0.862194  0.438108  0.215549  0 
1.344e+06  0.878392  0.378495  0.219598  0 
1.74024e+06  0.825476  0.591527  0.206369  0 
1.7352e+06  0.825533  0.588817  0.206383  0 
1.41552e+06  0.86733  0.416946  0.216832  0 
1.59312e+06  0.833288  0.51243  0.208322  0 
2.06856e+06  0.811101  0.768043  0.202775  0 
1.24608e+06  0.899217  0.325849  0.224804  0 
1.72896e+06  0.825891  0.585462  0.206473  0 
1.72296e+06  0.82594  0.582237  0.206485  0 
1.01856e+06  1.29488  0.203527  0.32372  0 
1.69824e+06  0.826643  0.568946  0.206661  0 
1.45056e+06  0.863836  0.435785  0.215959  0 
1.40496e+06  0.868778  0.411269  0.217194  0 
1.44816e+06  0.863944  0.434495  0.215986  0 
1.34304e+06  0.878947  0.377978  0.219737  0 
1.12584e+06  0.96993  0.261204  0.242483  0 
1.5816e+06  0.837069  0.506237  0.209267  0 
1.19088e+06  0.92523  0.296172  0.231308  0 
1.62336e+06  0.831162  0.528688  0.20779  0 
1.1484e+06  0.954029  0.273333  0.238507  0 
1.44408e+06  0.864495  0.432301  0.216124  0 
1.0956e+06  1.00927  0.244946  0.252318  0 
1.3584e+06  0.876757  0.386237  0.219189  0 
1.31976e+06  0.884403  0.365462  0.221101  0 
1.07784e+06  1.03201  0.235398  0.258002  0 
1.57872e+06  0.839213  0.504688  0.209803  0 
1.37424e+06  0.875251  0.394753  0.218813  0 
1.17288e+06  0.940401  0.286495  0.2351  0 
1.26144e+06  0.896445  0.334108  0.224111  0 
1.43208e+06  0.865905  0.425849  0.216476  0 
1.18608e+06  0.927055  0.293591  0.231764  0 

