4.3074e+07  4.09524e+07  22.814  1.02381e+07  0 
4.62762e+07  4.4305e+07  24.5356  1.10763e+07  0 
4.96846e+07  4.76484e+07  26.3681  1.19121e+07  0 
3.77834e+07  3.57266e+07  19.9696  8.93166e+06  0 
3.97614e+13  3.97614e+13  2.13771e+07  9.94034e+12  0 
4.54241e+07  4.35422e+07  24.0775  1.08856e+07  0 
2.66082e+07  2.48915e+07  13.9614  6.22287e+06  0 
4.95231e+07  4.76622e+07  26.2813  1.19155e+07  0 
4.74954e+07  4.56323e+07  25.1911  1.14081e+07  0 
1.94145e+14  1.94145e+14  1.04379e+08  4.85362e+13  0 
1.51036e+16  1.51036e+16  8.12022e+09  3.7759e+15  0 
8.1791e+14  8.1791e+14  4.39737e+08  2.04478e+14  0 
5.97028e+07  5.749e+07  31.7542  1.43725e+07  0 
4.19779e+07  3.98585e+07  22.2247  9.96462e+06  0 
5.11685e+07  4.91604e+07  27.1659  1.22901e+07  0 
5.94667e+07  5.74641e+07  31.6272  1.4366e+07  0 
1.30566e+14  1.30566e+14  7.01966e+07  3.26414e+13  0 
5.87556e+07  5.66304e+07  31.245  1.41576e+07  0 
5.4889e+07  5.29834e+07  29.1661  1.32458e+07  0 
4.35225e+07  4.15627e+07  23.0551  1.03907e+07  0 
2.40305e+07  2.1942e+07  12.5755  5.48551e+06  0 
6.11705e+07  5.93489e+07  32.5433  1.48372e+07  0 
4.50761e+07  4.28789e+07  23.8904  1.07197e+07  0 
3.22145e+07  3.01695e+07  16.9755  7.54237e+06  0 
4.96001e+07  4.75713e+07  26.3226  1.18928e+07  0 
4.94425e+07  4.75554e+07  26.2379  1.18889e+07  0 
1.36286e+14  1.36286e+14  7.32719e+07  3.40715e+13  0 
6.59308e+07  6.42007e+07  35.1026  1.60502e+07  0 
4.71818e+07  4.5269e+07  25.0225  1.13173e+07  0 
1.69354e+14  1.69354e+14  9.10506e+07  4.23385e+13  0 
6.10731e+07  5.89102e+07  32.4909  1.47276e+07  0 
6.90058e+07  6.69591e+07  36.7558  1.67398e+07  0 
6.09148e+07  5.86674e+07  32.4058  1.46669e+07  0 
5.59993e+07  5.39099e+07  29.7631  1.34775e+07  0 
5.45956e+07  5.25376e+07  29.0084  1.31344e+07  0 
4.23059e+07  4.02971e+07  22.401  1.00743e+07  0 
5.61055e+07  5.41414e+07  29.8202  1.35353e+07  0 
6.5551e+07  6.35275e+07  34.8984  1.58819e+07  0 
4.88292e+07  4.67534e+07  25.9082  1.16884e+07  0 
9.02029e+07  8.81082e+07  48.1521  2.2027e+07  0 
6.21987e+07  6.02514e+07  33.0961  1.50628e+07  0 
3.48553e+07  3.29302e+07  18.3953  8.23256e+06  0 
4.89938e+07  4.69254e+07  25.9966  1.17314e+07  0 
8.18579e+07  7.99965e+07  43.6656  1.99991e+07  0 
3.04748e+07  2.83277e+07  16.0402  7.08193e+06  0 
6.86731e+07  6.66566e+07  36.5769  1.66642e+07  0 
4.44511e+07  4.24022e+07  23.5543  1.06005e+07  0 
6.66471e+07  6.47303e+07  35.4877  1.61826e+07  0 
5.08403e+07  4.8832e+07  26.9894  1.2208e+07  0 
2.06021e+12  2.06021e+12  1.10764e+06  5.15052e+11  0 
8.80881e+07  8.61844e+07  47.0151  2.15461e+07  0 
5.05678e+07  4.86089e+07  26.8429  1.21522e+07  0 
6.84843e+07  6.66212e+07  36.4754  1.66553e+07  0 
4.55781e+07  4.36593e+07  24.1603  1.09148e+07  0 
4.68378e+07  4.50537e+07  24.8375  1.12634e+07  0 
7.51703e+07  7.29196e+07  40.0701  1.82299e+07  0 
5.05232e+07  4.85345e+07  26.8189  1.21336e+07  0 
6.41111e+07  6.21534e+07  34.1242  1.55383e+07  0 
4.85786e+07  4.66111e+07  25.7735  1.16528e+07  0 
6.49291e+07  6.30187e+07  34.564  1.57547e+07  0 
2.65114e+13  2.65114e+13  1.42534e+07  6.62785e+12  0 
5.42214e+07  5.23222e+07  28.8072  1.30806e+07  0 
5.18017e+07  5.00329e+07  27.5063  1.25082e+07  0 
4.32251e+07  4.12021e+07  22.8952  1.03005e+07  0 
1.39792e+14  1.39792e+14  7.5157e+07  3.4948e+13  0 
5.06235e+07  4.86671e+07  26.8729  1.21668e+07  0 
4.71836e+07  4.53414e+07  25.0234  1.13353e+07  0 
6.24431e+07  6.05099e+07  33.2275  1.51275e+07  0 
5.92631e+07  5.72022e+07  31.5178  1.43006e+07  0 
5.07096e+07  4.87285e+07  26.9192  1.21821e+07  0 
6.54567e+07  6.33629e+07  34.8477  1.58407e+07  0 
2.36408e+07  2.17396e+07  12.366  5.43489e+06  0 
4.34986e+07  4.16139e+07  23.0422  1.04035e+07  0 
4.82327e+07  4.61726e+07  25.5875  1.15431e+07  0 
2.1631e+07  1.94825e+07  11.2855  4.87063e+06  0 
2.25015e+07  2.04944e+07  11.7535  5.12359e+06  0 
5.55394e+07  5.37502e+07  29.5158  1.34376e+07  0 
4.66548e+07  4.44991e+07  24.7391  1.11248e+07  0 
5.02961e+07  4.83733e+07  26.6968  1.20933e+07  0 
6.59044e+07  6.39918e+07  35.0884  1.5998e+07  0 
2.8645e+07  2.6677e+07  15.0565  6.66925e+06  0 
7.35538e+07  7.1652e+07  39.2009  1.7913e+07  0 
2.47409e+07  2.28667e+07  12.9575  5.71668e+06  0 
2.51113e+07  2.2969e+07  13.1566  5.74226e+06  0 
4.427e+07  4.21489e+07  23.457  1.05372e+07  0 
5.39017e+07  5.19856e+07  28.6353  1.29964e+07  0 
8.61483e+07  8.43065e+07  45.9722  2.10766e+07  0 
4.44284e+07  4.24628e+07  23.5421  1.06157e+07  0 
2.60554e+14  2.60554e+14  1.40083e+08  6.51384e+13  0 
6.25957e+07  6.05893e+07  33.3095  1.51473e+07  0 
8.47651e+07  8.28345e+07  45.2285  2.07086e+07  0 
4.14344e+07  3.94836e+07  21.9324  9.87091e+06  0 
4.82664e+07  4.60682e+07  25.6056  1.15171e+07  0 
2.16259e+07  1.96894e+07  11.2828  4.92234e+06  0 
4.64775e+07  4.47348e+07  24.6438  1.11837e+07  0 
4.84127e+07  4.63833e+07  25.6843  1.15958e+07  0 
2.6914e+07  2.49882e+07  14.1258  6.24706e+06  0 
6.1231e+07  5.91521e+07  32.5758  1.4788e+07  0 
7.67735e+07  7.50196e+07  40.932  1.87549e+07  0 
1.22001e+14  1.22001e+14  6.5592e+07  3.05003e+13  0 

1.33272e+06  1.81311  0.37243  0.453278  0 
2.26944e+06  0.968894  0.876043  0.242224  0 
1.95624e+06  1.30766  0.707656  0.326915  0 
2.00064e+06  1.79444  0.731527  0.448609  1 
4.14688e+06  1.97392e+06  1.88542  493480  2 
5.81073e+06  3.62577e+06  2.77996  906442  3 
7.08407e+06  4.94975e+06  3.46455  1.23744e+06  4 
7.21039e+06  5.13824e+06  3.53247  1.28456e+06  5 
8.79394e+06  6.47506e+06  4.38384  1.61877e+06  7 
9.40736e+06  7.22288e+06  4.71363  1.80572e+06  9 
1.0895e+07  8.7273e+06  5.51343  2.18182e+06  11 
1.11705e+07  9.04646e+06  5.66154  2.26162e+06  12 
1.94605e+07  1.75201e+07  10.1185  4.38002e+06  27 
1.96226e+07  1.74578e+07  10.2057  4.36445e+06  28 
1.99587e+07  1.78325e+07  10.3864  4.45813e+06  31 
2.24585e+07  2.03746e+07  11.7304  5.09364e+06  11 
2.41714e+07  2.21691e+07  12.6513  5.54228e+06  42 
3.14925e+07  2.92372e+07  16.5874  7.30931e+06  26 
4.14667e+07  3.92196e+07  21.9498  9.8049e+06  24 
5.12507e+07  4.91817e+07  27.2101  1.22954e+07  66 
1.97749e+07  1.78009e+07  10.2876  4.45022e+06  30 
2.51872e+07  2.31873e+07  13.1974  5.79682e+06  48 
2.32543e+07  2.10065e+07  12.1582  5.25161e+06  43 
4.07107e+07  3.88322e+07  21.5434  9.70805e+06  61 
4.73815e+07  4.54768e+07  25.1298  1.13692e+07  26 
2.91676e+07  2.69994e+07  15.3374  6.74986e+06  69 
2.2062e+07  2.01177e+07  11.5172  5.02943e+06  38 
2.9709e+07  2.77254e+07  15.6285  6.93135e+06  57 
2.24687e+07  2.0408e+07  11.7358  5.102e+06  42 
4.16828e+07  3.96598e+07  22.066  9.91496e+06  73 
3.28868e+07  3.06985e+07  17.337  7.67462e+06  28 
4.6084e+07  4.38498e+07  24.4322  1.09625e+07  33 
4.08699e+07  3.88008e+07  21.629  9.70021e+06  28 
2.39205e+07  2.17649e+07  12.5164  5.44121e+06  41 
3.87751e+07  3.65925e+07  20.5027  9.14813e+06  65 
2.08446e+07  1.87117e+07  10.8627  4.67792e+06  34 
4.14696e+07  3.92395e+07  21.9514  9.80987e+06  17 
6.70558e+07  6.5138e+07  35.7074  1.62845e+07  84 
1.92391e+07  1.70866e+07  9.99953  4.27164e+06  25 
2.50123e+07  2.32065e+07  13.1034  5.80163e+06  9 
2.21273e+07  2.01319e+07  11.5523  5.03298e+06  41 
1.61604e+07  1.41031e+07  8.34431  3.52578e+06  21 
1.37001e+07  1.15437e+07  7.02154  2.88592e+06  13 
2.20058e+07  1.99283e+07  11.487  4.98208e+06  37 
1.63176e+07  1.42766e+07  8.42881  3.56916e+06  22 
2.11516e+07  1.90778e+07  11.0278  4.76945e+06  36 
2.20675e+07  1.98645e+07  11.5201  4.96613e+06  37 
1.556e+07  1.33284e+07  8.02148  3.33211e+06  18 
2.2643e+07  2.05476e+07  11.8296  5.13689e+06  42 
1.03986e+07  8.12797e+06  5.24657  2.03199e+06  10 
1.5222e+07  1.32147e+07  7.83981  3.30367e+06  17 
2.47185e+07  2.23946e+07  12.9455  5.59865e+06  25 
9.00922e+06  6.68603e+06  4.49958  1.67151e+06  8 
1.8581e+07  1.65991e+07  9.64572  4.14978e+06  24 
2.39347e+07  2.19189e+07  12.524  5.47974e+06  12 
2.3293e+07  2.09489e+07  12.179  5.23724e+06  45 
4.09941e+07  3.90194e+07  21.6957  9.75484e+06  40 
2.22622e+07  2.00023e+07  11.6248  5.00058e+06  38 
2.04349e+07  1.82661e+07  10.6424  4.56652e+06  33 
1.55684e+07  1.33849e+07  8.02603  3.34622e+06  19 
2.00145e+07  1.77465e+07  10.4164  4.43663e+06  31 
4.20125e+07  3.98856e+07  22.2433  9.9714e+06  33 
2.27242e+07  2.0635e+07  11.8732  5.15875e+06  43 
2.51723e+07  2.32875e+07  13.1894  5.82189e+06  29 
1.4954e+07  1.28029e+07  7.6957  3.20072e+06  16 
1.96486e+07  1.76081e+07  10.2197  4.40202e+06  29 
2.22379e+07  2.00789e+07  11.6118  5.01972e+06  38 
5.8533e+07  5.66128e+07  31.1253  1.41532e+07  59 
1.98452e+07  1.75587e+07  10.3254  4.38968e+06  29 
2.0998e+07  1.8932e+07  10.9451  4.73301e+06  35 
1.9309e+07  1.71572e+07  10.0371  4.28929e+06  26 
2.14983e+07  1.93685e+07  11.2141  4.84214e+06  35 
1.8675e+07  1.65059e+07  9.69624  4.12647e+06  24 
4.70297e+07  4.49818e+07  24.9407  1.12455e+07  60 
1.95349e+07  1.73338e+07  10.1585  4.33346e+06  27 
4.72237e+07  4.52495e+07  25.045  1.13124e+07  9 
4.30553e+07  4.07162e+07  22.8039  1.01791e+07  39 
2.37511e+07  2.18129e+07  12.4253  5.45321e+06  41 
4.16969e+07  3.96881e+07  22.0736  9.92204e+06  22 
1.43899e+07  1.23243e+07  7.39244  3.08107e+06  15 
2.63937e+07  2.4471e+07  13.8461  6.11776e+06  50 
1.04812e+07  8.12557e+06  5.29095  2.03139e+06  10 
1.66003e+07  1.4434e+07  8.58078  3.6085e+06  23 
1.98274e+07  1.76477e+07  10.3158  4.41192e+06  30 
4.95272e+07  4.74457e+07  26.2834  1.18614e+07  10 
2.34866e+07  2.14471e+07  12.2831  5.36177e+06  47 
2.02772e+07  1.82636e+07  10.5576  4.56591e+06  32 
2.47154e+07  2.25429e+07  12.9438  5.63573e+06  22 
2.34057e+07  2.12389e+07  12.2396  5.30974e+06  46 
1.58399e+07  1.35607e+07  8.172  3.39016e+06  20 
2.79141e+07  2.61549e+07  14.6635  6.53871e+06  56 
4.11025e+07  3.91544e+07  21.754  9.78861e+06  52 
2.37925e+07  2.16838e+07  12.4476  5.42096e+06  69 
2.36628e+07  2.1654e+07  12.3778  5.41349e+06  9 
7.98019e+06  5.69563e+06  3.94634  1.42391e+06  6 
1.43855e+07  1.22205e+07  7.39007  3.05512e+06  14 
2.18679e+07  1.97302e+07  11.4129  4.93256e+06  36 
5.51516e+07  5.30533e+07  29.3073  1.32633e+07  31 
2.04365e+07  1.82153e+07  10.6433  4.55382e+06  32 
1.55543e+07  1.34824e+07  8.01846  3.37061e+06  18 

1.2636e+06  1.97466  0.335269  0.493665  0 
2.17776e+06  0.930722  0.826753  0.232681  0 
1.80648e+06  1.2022  0.62714  0.300551  0 
1.57632e+06  1.54329  0.503398  0.385823  0 
2.09688e+06  1.03566  0.783269  0.258914  0 
1.68168e+06  1.51194  0.560043  0.377985  0 
1.74048e+06  1.63648  0.591656  0.40912  1 
1.92744e+06  1.22317  0.692172  0.305792  1 
1.97878e+06  23017.4  0.719772  5754.36  2 
2.02824e+06  1.60612  0.746366  0.40153  2 
2.34417e+06  17607  0.916218  4401.75  3 
2.35513e+06  124332  0.922113  31083  4 
2.45279e+06  338388  0.974616  84597  5 
2.66927e+06  416871  1.091  104218  6 
3.20433e+06  965370  1.37867  241342  7 
3.36195e+06  1.20051e+06  1.46341  300128  8 
3.52649e+06  1.31753e+06  1.55188  329383  9 
3.74624e+06  1.55456e+06  1.67002  388641  10 
4.13348e+06  1.9058e+06  1.87821  476449  11 
4.38958e+06  2.25599e+06  2.01591  563997  12 
4.54712e+06  2.34224e+06  2.1006  585561  13 
5.57305e+06  3.45505e+06  2.65218  863763  15 
5.97653e+06  3.61781e+06  2.8691  904453  16 
5.99573e+06  3.72917e+06  2.87943  932293  17 
6.44984e+06  4.21233e+06  3.12357  1.05308e+06  18 
6.73676e+06  4.57413e+06  3.27783  1.14353e+06  19 
7.00475e+06  4.72356e+06  3.42191  1.18089e+06  20 
7.06887e+06  5.00727e+06  3.45638  1.25182e+06  21 
7.4028e+06  5.43624e+06  3.63592  1.35906e+06  22 
7.98818e+06  5.89274e+06  3.95063  1.47319e+06  24 
8.88917e+06  6.73733e+06  4.43504  1.68433e+06  26 
8.99919e+06  6.82455e+06  4.49419  1.70614e+06  27 
9.25356e+06  7.1922e+06  4.63094  1.79805e+06  28 
9.45445e+06  7.21286e+06  4.73895  1.80321e+06  29 
9.81757e+06  7.46797e+06  4.93418  1.86699e+06  30 
1.14914e+07  9.35614e+06  5.8341  2.33904e+06  33 
1.17719e+07  9.73938e+06  5.98491  2.43485e+06  34 
1.15661e+07  9.75409e+06  5.87424  2.43852e+06  34 
1.23151e+07  1.0363e+07  6.27696  2.59075e+06  35 
1.41115e+07  1.22275e+07  7.24276  3.05688e+06  39 
1.4812e+07  1.2573e+07  7.61933  3.14325e+06  41 
1.52325e+07  1.31133e+07  7.84544  3.27833e+06  42 
1.59727e+07  1.38619e+07  8.24339  3.46548e+06  44 
1.65874e+07  1.44665e+07  8.57389  3.61664e+06  45 
1.70751e+07  1.49139e+07  8.83609  3.72848e+06  46 
1.79907e+07  1.59418e+07  9.32834  3.98546e+06  47 
1.87109e+07  1.66248e+07  9.71552  4.1562e+06  48 
1.9279e+07  1.72351e+07  10.0209  4.30878e+06  49 
1.94575e+07  1.74074e+07  10.1169  4.35185e+06  50 
2.17172e+07  1.97708e+07  11.3318  4.94269e+06  54 
2.62088e+07  2.42194e+07  13.7466  6.05485e+06  60 
2.66743e+07  2.46746e+07  13.9969  6.16865e+06  61 
2.7736e+07  2.57769e+07  14.5677  6.44422e+06  63 
3.00711e+07  2.78782e+07  15.8232  6.96956e+06  60 
3.13761e+07  2.93858e+07  16.5248  7.34645e+06  61 
3.30831e+07  3.09536e+07  17.4425  7.7384e+06  62 
4.1759e+07  3.98378e+07  22.107  9.95946e+06  67 
4.20003e+07  4.00393e+07  22.2367  1.00098e+07  65 
4.22307e+07  4.02267e+07  22.3606  1.00567e+07  66 
4.36352e+07  4.15242e+07  23.1157  1.0381e+07  9 
4.73387e+07  4.5214e+07  25.1068  1.13035e+07  73 
4.77322e+07  4.53942e+07  25.3184  1.13485e+07  69 
4.82059e+07  4.59305e+07  25.5731  1.14826e+07  52 
7.08314e+07  6.88814e+07  37.7373  1.72204e+07  77 
8.67215e+07  8.48999e+07  46.2804  2.1225e+07  78 
2.32689e+07  2.11598e+07  12.1661  5.28995e+06  57 
4.13794e+07  3.93773e+07  21.9029  9.84432e+06  65 
4.23125e+07  4.01849e+07  22.4046  1.00462e+07  66 
1.34818e+07  1.12015e+07  6.90419  2.80039e+06  37 
8.21966e+06  5.92958e+06  4.07509  1.4824e+06  25 
8.95212e+06  6.93444e+06  4.46888  1.73361e+06  27 
1.11674e+07  8.99592e+06  5.65992  2.24898e+06  32 
1.42273e+07  1.20856e+07  7.30501  3.02139e+06  39 
1.95935e+07  1.7645e+07  10.1901  4.41124e+06  51 
2.42642e+06  514822  0.960441  128706  5 
2.28995e+07  2.07391e+07  11.9675  5.18477e+06  56 
5.47839e+06  3.16071e+06  2.60129  790178  14 
1.06808e+07  8.42267e+06  5.39829  2.10567e+06  31 
1.3532e+07  1.15033e+07  6.93119  2.87582e+06  38 
4.62278e+07  4.3979e+07  24.5096  1.09948e+07  67 
1.95804e+07  1.73945e+07  10.183  4.34863e+06  50 
2.22341e+07  2.0261e+07  11.6097  5.06526e+06  55 
7.79294e+06  5.4539e+06  3.84567  1.36348e+06  23 
2.04445e+07  1.83521e+07  10.6476  4.58803e+06  53 
1.45082e+07  1.2623e+07  7.45604  3.15576e+06  40 
1.96914e+07  1.75062e+07  10.2427  4.37655e+06  51 
3.56539e+07  3.33698e+07  18.8247  8.34245e+06  9 
2.4439e+07  2.22065e+07  12.7952  5.55163e+06  59 
4.63971e+07  4.43158e+07  24.6006  1.1079e+07  68 
4.72537e+07  4.51581e+07  25.0611  1.12895e+07  69 
4.12225e+07  3.9226e+07  21.8186  9.8065e+06  64 
1.55442e+07  1.32894e+07  8.01301  3.32235e+06  43 
1.45333e+07  1.25288e+07  7.4695  3.1322e+06  40 
1.98886e+07  1.77493e+07  10.3487  4.43732e+06  52 
1.30711e+07  1.10759e+07  6.68336  2.76898e+06  36 
3.44547e+07  3.23564e+07  18.1799  8.08909e+06  63 
4.18192e+07  3.99576e+07  22.1394  9.98939e+06  64 
7.5397e+06  5.41379e+06  3.70952  1.35345e+06  22 
2.71216e+07  2.47235e+07  14.2374  6.18089e+06  62 
2.40376e+07  2.20029e+07  12.5794  5.50073e+06  58 

1.23216e+06  1.96546  0.318366  0.491364  0 
2.0748e+06  0.86991  0.771398  0.217478  0 
1.6104e+06  1.00111  0.52172  0.250278  0 
1.34328e+06  1.41022  0.378108  0.352555  0 
1.51464e+06  1.17206  0.470237  0.293015  0 
1.41816e+06  1.27766  0.418366  0.319416  0 
1.96104e+06  0.926883  0.710237  0.231721  0 
1.52376e+06  1.33155  0.47514  0.332886  1 
1.47072e+06  1.5823  0.446624  0.395575  1 
1.8348e+06  1.15504  0.642366  0.288759  1 
1.5732e+06  1.32523  0.50172  0.331307  1 
1.51992e+06  1.41529  0.473075  0.353823  1 
1.9392e+06  1.02055  0.698495  0.255138  1 
1.90392e+06  1.11089  0.679527  0.277723  1 
1.45104e+06  1.64201  0.436043  0.410502  1 
1.49616e+06  1.46266  0.460301  0.365666  1 
1.39008e+06  1.71268  0.403269  0.42817  1 
1.78176e+06  1.15808  0.613849  0.289521  1 
1.72992e+06  1.18868  0.585978  0.297169  1 
1.71672e+06  1.24032  0.578882  0.31008  1 
1.50744e+06  1.6072  0.466366  0.401801  2 
1.88688e+06  1.187  0.670366  0.29675  2 
1.79496e+06  1.27544  0.620946  0.31886  2 
1.70016e+06  1.33053  0.569978  0.332633  2 
1.57776e+06  1.44894  0.504172  0.362236  2 
1.73544e+06  1.27774  0.588946  0.319435  2 
1.73136e+06  1.3105  0.586753  0.327625  2 
1.66272e+06  1.37739  0.549849  0.344348  2 
1.49664e+06  2.37419  0.460559  0.593546  2 
1.89624e+06  1.26735  0.675398  0.316838  3 
1.90536e+06  1.24959  0.680301  0.312399  3 
1.99032e+06  1.24537  0.725978  0.311342  3 
1.632e+06  1.53853  0.533333  0.384633  3 
1.62288e+06  1.64365  0.52843  0.410913  3 
1.54536e+06  1.64694  0.486753  0.411736  3 
1.6668e+06  1.53239  0.552043  0.383097  3 
1.77456e+06  1.35589  0.609978  0.338973  3 
1.85472e+06  1.30337  0.653075  0.325843  3 
1.90944e+06  1.33798  0.682495  0.334495  4 
1.68456e+06  1.59982  0.561591  0.399956  4 
1.95864e+06  1.26812  0.708946  0.317029  4 
1.55016e+06  2.20825  0.489333  0.552062  4 
1.59096e+06  1.88525  0.511269  0.471313  4 
1.6344e+06  1.6881  0.534624  0.422024  4 
1.66104e+06  2.48857  0.548946  0.622143  5 
1.7268e+06  2.07869  0.584301  0.519672  5 
1.77528e+06  1.66761  0.610366  0.416902  5 
1.91352e+06  1.52969  0.684688  0.382424  5 
1.92672e+06  1.36205  0.691785  0.340513  5 
1.96608e+06  1.30619  0.712946  0.326548  5 
1.77e+06  1.69947  0.607527  0.424868  5 
1.99704e+06  1.46249  0.729591  0.365623  6 
1.93104e+06  1.74642  0.694108  0.436604  6 
2.04072e+06  1.67603  0.753075  0.419009  7 
2.1516e+06  1.48489  0.812688  0.371223  7 
2.0505e+06  384425  0.758335  96106.3  8 
2.19943e+06  94388.8  0.838402  23597.2  8 
2.17613e+06  156768  0.825874  39192  8 
2.42276e+06  152362  0.958473  38090.5  9 
2.28111e+06  307834  0.882318  76958.4  9 
2.17009e+06  434413  0.82263  108603  9 
2.69302e+06  433896  1.10377  108474  10 
2.54016e+06  434161  1.02159  108540  10 
2.55582e+06  482225  1.03001  120556  11 
2.68021e+06  744376  1.09689  186094  12 
2.96557e+06  787808  1.2503  196952  13 
2.87421e+06  830613  1.20119  207653  13 
3.05215e+06  818469  1.29685  204617  14 
2.89933e+06  849974  1.2147  212494  14 
3.08724e+06  828844  1.31572  207211  15 
3.00587e+06  968507  1.27197  242127  15 
3.09052e+06  837878  1.31748  209469  16 
3.36162e+06  1.47859e+06  1.46324  369646  17 
3.41966e+06  1.20686e+06  1.49444  301715  17 
3.46574e+06  1.22462e+06  1.51921  306155  18 
3.8291e+06  1.83567e+06  1.71457  458917  19 
4.03351e+06  1.75303e+06  1.82447  438258  19 
3.95328e+06  1.974e+06  1.78133  493500  20 
4.03264e+06  2.14864e+06  1.824  537160  21 
4.09492e+06  1.97836e+06  1.85749  494591  21 
4.14824e+06  2.62113e+06  1.88615  655282  22 
4.32937e+06  2.32897e+06  1.98353  582244  22 
5.50734e+06  3.2667e+06  2.61685  816675  23 
5.78298e+06  3.7377e+06  2.76504  934425  24 
5.90765e+06  3.80693e+06  2.83207  951733  25 
6.56976e+06  4.57656e+06  3.18804  1.14414e+06  26 
6.8099e+06  4.71926e+06  3.31715  1.17981e+06  27 
7.10887e+06  4.80127e+06  3.47789  1.20032e+06  28 
7.01959e+06  5.11255e+06  3.42989  1.27814e+06  28 
7.1297e+06  5.10194e+06  3.48908  1.27548e+06  29 
7.82861e+06  5.50133e+06  3.86484  1.37533e+06  30 
7.75725e+06  5.67645e+06  3.82648  1.41911e+06  30 
7.88928e+06  5.86656e+06  3.89746  1.46664e+06  31 
8.01139e+06  6.06739e+06  3.96311  1.51685e+06  32 
8.91198e+06  6.80814e+06  4.4473  1.70203e+06  33 
9.13418e+06  7.15011e+06  4.56677  1.78753e+06  34 
9.25288e+06  7.39216e+06  4.63058  1.84804e+06  35 
9.37605e+06  7.4227e+06  4.6968  1.85567e+06  36 
1.10688e+07  9.09027e+06  5.6069  2.27257e+06  37 
1.69155e+07  1.51241e+07  8.75027  3.78104e+06  38 

1.16136e+06  1.49589  0.280301  0.373973  0 
2.19504e+06  0.830495  0.836043  0.207624  0 
1.86384e+06  0.901294  0.657978  0.225323  0 
1.54176e+06  0.95788  0.484817  0.23947  0 
1.38048e+06  1.13049  0.398108  0.282622  0 
1.30392e+06  1.34114  0.356946  0.335285  0 
1.31976e+06  1.19271  0.365462  0.298178  0 
1.42344e+06  1.06126  0.421204  0.265315  0 
1.81632e+06  0.902427  0.63243  0.225607  0 
1.27968e+06  1.363  0.343914  0.34075  0 
1.33632e+06  1.1661  0.374366  0.291526  0 
1.40712e+06  1.11306  0.41243  0.278265  0 
1.31184e+06  1.22233  0.361204  0.305581  0 
1.32624e+06  1.22259  0.368946  0.305649  1 
1.62384e+06  0.963061  0.528946  0.240765  1 
1.28256e+06  1.44663  0.345462  0.361658  1 
1.2468e+06  2.08382  0.326237  0.520956  1 
1.28016e+06  1.46382  0.344172  0.365956  1 
1.30632e+06  1.39659  0.358237  0.349148  1 
1.26864e+06  1.80439  0.337978  0.451097  1 
1.34592e+06  1.17173  0.379527  0.292933  1 
1.96416e+06  0.933032  0.711914  0.233258  1 
1.58256e+06  1.0375  0.506753  0.259376  1 
1.52856e+06  1.08399  0.47772  0.270997  1 
1.23672e+06  2.39035  0.320817  0.597587  1 
1.48536e+06  1.11682  0.454495  0.279205  1 
1.45824e+06  1.12156  0.439914  0.280391  1 
1.28352e+06  1.43522  0.345978  0.358804  1 
1.29144e+06  1.75494  0.350237  0.438735  2 
1.46664e+06  1.15329  0.44443  0.288323  2 
1.64088e+06  1.02546  0.538108  0.256365  2 
1.68888e+06  0.983346  0.563914  0.245837  2 
1.83672e+06  0.975411  0.643398  0.243853  2 
1.3944e+06  1.23277  0.405591  0.308193  2 
1.37352e+06  1.2369  0.394366  0.309226  2 
1.34256e+06  1.26634  0.37772  0.316585  2 
1.33272e+06  1.39194  0.37243  0.347986  2 
1.62696e+06  1.05447  0.530624  0.263617  2 
1.536e+06  1.11658  0.48172  0.279145  2 
1.62264e+06  1.10861  0.528301  0.277153  2 
1.5168e+06  1.13005  0.471398  0.282512  2 
2.22624e+06  0.948322  0.852817  0.237081  2 
1.2672e+06  2.28812  0.337204  0.572029  2 
1.45968e+06  1.23001  0.440688  0.307502  2 
1.4088e+06  1.24779  0.413333  0.311947  3 
1.38096e+06  1.36775  0.398366  0.341937  3 
1.75152e+06  1.06149  0.597591  0.265372  3 
1.75368e+06  1.0527  0.598753  0.263175  3 
2.14704e+06  0.997921  0.810237  0.24948  3 
1.63032e+06  1.10337  0.53243  0.275844  3 
1.38168e+06  1.31872  0.398753  0.329681  3 
1.506e+06  1.15374  0.465591  0.288436  3 
1.48752e+06  1.2015  0.455656  0.300375  3 
1.33272e+06  1.59808  0.37243  0.399519  3 
1.3608e+06  1.41695  0.387527  0.354237  3 
1.70712e+06  1.08387  0.57372  0.270967  3 
1.49544e+06  1.1937  0.459914  0.298425  3 
1.74192e+06  1.08065  0.59243  0.270163  3 
1.78344e+06  1.04848  0.614753  0.26212  3 
1.8684e+06  1.02141  0.66043  0.255352  3 
1.47096e+06  1.27641  0.446753  0.319103  4 
1.44528e+06  1.29051  0.432946  0.322628  4 
1.36344e+06  1.48682  0.388946  0.371704  4 
1.91496e+06  1.03879  0.685462  0.259697  4 
1.49304e+06  1.23098  0.458624  0.307745  4 
2.18112e+06  1.00468  0.828559  0.251169  4 
1.63128e+06  1.13287  0.532946  0.283216  4 
1.73352e+06  1.10706  0.587914  0.276765  4 
1.34568e+06  1.60781  0.379398  0.401954  4 
1.80672e+06  1.07557  0.627269  0.268893  4 
1.6836e+06  1.1135  0.561075  0.278374  4 
1.69848e+06  1.11225  0.569075  0.278064  4 
1.89216e+06  1.05982  0.673204  0.264956  4 
1.52424e+06  1.15445  0.475398  0.288613  4 
1.58496e+06  1.16311  0.508043  0.290778  5 
1.4208e+06  1.51572  0.419785  0.378931  5 
1.51416e+06  1.2384  0.469978  0.309601  5 
1.53312e+06  1.205  0.480172  0.30125  5 
1.686e+06  1.13826  0.562366  0.284566  5 
1.90632e+06  1.11739  0.680817  0.279348  5 
1.66872e+06  1.14663  0.553075  0.286658  5 
1.962e+06  1.11405  0.710753  0.278512  5 
1.45608e+06  1.33498  0.438753  0.333744  5 
1.46088e+06  1.31619  0.441333  0.329049  5 
1.6236e+06  1.24602  0.528817  0.311505  6 
1.45752e+06  1.35415  0.439527  0.338537  6 
1.5252e+06  1.30935  0.475914  0.327338  6 
1.67664e+06  1.15781  0.557333  0.289452  6 
1.70736e+06  1.15613  0.573849  0.289031  6 
1.44768e+06  1.76369  0.434237  0.440923  6 
1.53096e+06  1.27633  0.479011  0.319083  6 
1.51296e+06  1.34331  0.469333  0.335827  6 
1.62984e+06  1.16957  0.532172  0.292391  6 
1.5264e+06  1.27942  0.476559  0.319856  6 
1.69896e+06  1.15945  0.569333  0.289863  7 
1.49328e+06  1.37169  0.458753  0.342922  7 
1.63224e+06  1.19504  0.533462  0.29876  7 
1.47552e+06  1.40014  0.449204  0.350035  7 
1.74624e+06  1.19795  0.594753  0.299487  8 
1.50312e+06  1.98034  0.464043  0.495085  8 

1.05336e+06  1.83472  0.222237  0.45868  0 
2.14608e+06  0.825162  0.80972  0.206291  0 
1.6716e+06  0.901721  0.554624  0.22543  0 
1.2972e+06  1.03425  0.353333  0.258562  0 
1.13112e+06  1.2939  0.264043  0.323474  0 
1.22688e+06  1.10289  0.315527  0.275722  0 
1.58856e+06  0.913966  0.509978  0.228491  0 
1.5216e+06  0.935513  0.473978  0.233878  0 
1.08576e+06  1.66202  0.239656  0.415506  0 
1.16424e+06  1.20202  0.281849  0.300505  0 
1.48272e+06  0.949347  0.453075  0.237337  0 
1.44528e+06  0.951349  0.432946  0.237837  0 
1.41144e+06  0.971046  0.414753  0.242761  0 
1.3632e+06  0.9821  0.388817  0.245525  0 
2.07528e+06  0.862899  0.771656  0.215725  0 
2.04288e+06  0.873194  0.754237  0.218299  0 
1.2672e+06  1.078  0.337204  0.2695  0 
1.34808e+06  1.0094  0.380688  0.252349  0 
1.8936e+06  0.879431  0.673978  0.219858  0 
1.78176e+06  0.881716  0.613849  0.220429  0 
1.56648e+06  0.919209  0.498108  0.229802  0 
1.43808e+06  0.954501  0.429075  0.238625  0 
1.40184e+06  0.976536  0.409591  0.244134  0 
1.63464e+06  0.909152  0.534753  0.227288  0 
1.76832e+06  0.898878  0.606624  0.22472  0 
1.58688e+06  0.917217  0.509075  0.229304  0 
1.74672e+06  0.900665  0.595011  0.225166  0 
1.93296e+06  0.886202  0.69514  0.221551  1 
1.45872e+06  0.973289  0.440172  0.243322  1 
1.58448e+06  0.951203  0.507785  0.237801  1 
1.45392e+06  0.999534  0.437591  0.249883  1 
1.59336e+06  0.94033  0.512559  0.235083  1 
1.69464e+06  0.904755  0.567011  0.226189  1 
1.51128e+06  0.965592  0.46843  0.241398  1 
2.19528e+06  0.878444  0.836172  0.219611  1 
1.67928e+06  0.913742  0.558753  0.228436  1 
1.13808e+06  1.63944  0.267785  0.409861  1 
1.87824e+06  0.889484  0.66572  0.222371  1 
1.18896e+06  1.21821  0.29514  0.304551  1 
2.04984e+06  0.885666  0.757978  0.221416  1 
1.52256e+06  0.952859  0.474495  0.238215  1 
1.34328e+06  1.03539  0.378108  0.258848  1 
1.7568e+06  0.901181  0.60043  0.225295  1 
1.26768e+06  1.18834  0.337462  0.297086  1 
1.6164e+06  0.921938  0.524946  0.230484  1 
1.84176e+06  0.892256  0.646108  0.223064  1 
1.3632e+06  1.02425  0.388817  0.256062  1 
1.11576e+06  1.97907  0.255785  0.494767  1 
1.29624e+06  1.08776  0.352817  0.271939  1 
1.16064e+06  1.36069  0.279914  0.340172  1 
1.32792e+06  1.05832  0.369849  0.264579  1 
1.34928e+06  1.03135  0.381333  0.257838  1 
1.40808e+06  1.00838  0.412946  0.252095  1 
1.49544e+06  0.971669  0.459914  0.242917  1 
1.88688e+06  0.890331  0.670366  0.222583  2 
1.20672e+06  1.53354  0.304688  0.383385  2 
2.09232e+06  0.885859  0.780817  0.221465  2 
1.70544e+06  0.916869  0.572817  0.229217  2 
1.65696e+06  0.931783  0.546753  0.232946  2 
1.48944e+06  0.979633  0.456688  0.244908  2 
1.16352e+06  1.89728  0.281462  0.47432  2 
1.75392e+06  0.913617  0.598882  0.228404  2 
1.57248e+06  0.955176  0.501333  0.238794  2 
1.54536e+06  0.979361  0.486753  0.24484  2 
1.61856e+06  0.934934  0.526108  0.233734  2 
1.19592e+06  1.5788  0.298882  0.3947  2 
1.35936e+06  1.06025  0.386753  0.265062  2 
1.29936e+06  1.11214  0.354495  0.278035  2 
1.36728e+06  1.05515  0.391011  0.263787  2 
1.80264e+06  0.908515  0.625075  0.227129  2 
1.2636e+06  1.27363  0.335269  0.318407  2 
1.29672e+06  1.17287  0.353075  0.293218  2 
1.4448e+06  1.03243  0.432688  0.258107  2 
1.23048e+06  1.50798  0.317462  0.376995  2 
1.39968e+06  1.04925  0.40843  0.262314  2 
1.68912e+06  0.929667  0.564043  0.232417  2 
1.45968e+06  0.987237  0.440688  0.246809  2 
1.43808e+06  1.03644  0.429075  0.259109  2 
1.45464e+06  1.01283  0.437978  0.253207  2 
1.2492e+06  1.28774  0.327527  0.321935  2 
1.22496e+06  1.53023  0.314495  0.382558  2 
1.5576e+06  0.959834  0.493333  0.239958  2 
1.59456e+06  0.951646  0.513204  0.237911  2 
1.6752e+06  0.930964  0.556559  0.232741  2 
1.32816e+06  1.08906  0.369978  0.272265  2 
1.26504e+06  1.24505  0.336043  0.311261  2 
1.85928e+06  0.903  0.655527  0.22575  2 
1.17504e+06  1.74503  0.287656  0.436258  2 
1.49568e+06  1.00226  0.460043  0.250566  3 
1.59288e+06  0.956737  0.512301  0.239184  3 
1.46424e+06  1.00631  0.44314  0.251577  3 
1.2756e+06  1.30666  0.34172  0.326666  3 
1.56504e+06  0.971815  0.497333  0.242954  3 
1.87272e+06  0.906804  0.662753  0.226701  3 
1.31496e+06  1.16047  0.362882  0.290118  3 
1.81536e+06  0.912986  0.631914  0.228246  3 
1.9884e+06  0.890535  0.724946  0.222634  3 
1.7328e+06  0.934087  0.587527  0.233522  3 
1.88352e+06  0.906204  0.668559  0.226551  3 
1.25136e+06  1.39201  0.328688  0.348004  3 

1.03272e+06  1.80131  0.21114  0.450326  0 
2.27064e+06  0.816428  0.876688  0.204107  0 
1.76928e+06  0.848486  0.60714  0.212121  0 
1.3692e+06  0.950044  0.392043  0.237511  0 
1.12008e+06  1.27105  0.258108  0.317762  0 
1.24656e+06  1.02492  0.326108  0.25623  0 
1.17144e+06  1.07731  0.28572  0.269327  0 
1.07376e+06  1.67419  0.233204  0.418547  0 
1.62696e+06  0.857064  0.530624  0.214266  0 
1.59264e+06  0.879014  0.512172  0.219753  0 
1.33152e+06  0.956248  0.371785  0.239062  0 
1.5504e+06  0.883527  0.489462  0.220882  0 
1.48632e+06  0.8949  0.455011  0.223725  0 
1.45776e+06  0.899964  0.439656  0.224991  0 
1.30848e+06  0.975304  0.359398  0.243826  0 
1.09728e+06  1.29558  0.245849  0.323895  0 
1.15032e+06  1.19361  0.274366  0.298403  0 
1.2876e+06  0.989171  0.348172  0.247293  0 
1.23192e+06  1.03751  0.318237  0.259378  0 
1.43928e+06  0.92224  0.42972  0.23056  0 
2.17488e+06  0.823995  0.825204  0.205999  0 
2.1576e+06  0.824009  0.815914  0.206002  0 
1.40376e+06  0.929391  0.410624  0.232348  0 
2.02656e+06  0.82927  0.745462  0.207318  0 
1.37784e+06  0.931614  0.396688  0.232904  0 
1.16328e+06  1.17191  0.281333  0.292978  0 
1.98408e+06  0.834552  0.722624  0.208638  0 
1.22712e+06  1.05115  0.315656  0.262788  0 
1.75848e+06  0.849912  0.601333  0.212478  0 
1.32624e+06  0.968604  0.368946  0.242151  0 
1.4364e+06  0.923587  0.428172  0.230897  0 
1.27872e+06  1.01988  0.343398  0.25497  0 
1.94472e+06  0.843475  0.701462  0.210869  0 
1.61136e+06  0.874117  0.522237  0.218529  0 
1.09512e+06  1.64791  0.244688  0.411978  0 
1.36056e+06  0.95249  0.387398  0.238123  0 
1.14624e+06  1.26767  0.272172  0.316919  0 
1.44504e+06  0.919947  0.432817  0.229987  0 
1.60512e+06  0.877186  0.518882  0.219297  0 
1.38096e+06  0.944349  0.398366  0.236087  0 
1.21032e+06  1.08381  0.306624  0.270952  1 
1.4088e+06  0.940912  0.413333  0.235228  1 
2.01984e+06  0.840923  0.741849  0.210231  0 
1.14528e+06  1.31095  0.271656  0.327737  0 
2.04528e+06  0.835416  0.755527  0.208854  0 
1.13256e+06  1.52925  0.264817  0.382312  1 
1.09944e+06  1.72016  0.247011  0.43004  0 
1.1232e+06  1.56882  0.259785  0.392204  1 
1.9656e+06  0.849567  0.712688  0.212392  1 
1.99488e+06  0.847515  0.72843  0.211879  0 
2.03808e+06  0.839611  0.751656  0.209903  1 
1.28304e+06  1.02575  0.34572  0.256438  1 
1.1208e+06  1.61232  0.258495  0.403081  1 
1.12032e+06  1.65356  0.258237  0.413389  1 
1.57368e+06  0.889074  0.501978  0.222269  0 
1.85304e+06  0.85241  0.652172  0.213102  1 
1.77672e+06  0.853231  0.61114  0.213308  1 
1.76136e+06  0.858509  0.602882  0.214627  1 
1.18008e+06  1.12851  0.290366  0.282127  1 
1.6524e+06  0.874632  0.544301  0.218658  1 
1.28784e+06  1.0048  0.348301  0.251201  1 
1.72992e+06  0.859813  0.585978  0.214953  1 
1.60464e+06  0.887447  0.518624  0.221862  2 
1.48464e+06  0.900902  0.454108  0.225226  1 
1.67904e+06  0.869078  0.558624  0.21727  1 
2.22624e+06  0.832161  0.852817  0.20804  1 
1.23216e+06  1.04178  0.318366  0.260446  1 
1.10568e+06  1.70149  0.250366  0.425374  0 
1.6128e+06  0.882212  0.523011  0.220553  1 
1.69632e+06  0.863223  0.567914  0.215806  1 
1.96776e+06  0.847725  0.713849  0.211931  0 
1.13856e+06  1.40396  0.268043  0.350989  1 
1.66248e+06  0.872897  0.54972  0.218224  0 
1.34376e+06  0.957944  0.378366  0.239486  1 
1.27032e+06  1.03898  0.338882  0.259744  0 
1.4772e+06  0.912737  0.450108  0.228184  1 
1.20504e+06  1.10016  0.303785  0.275039  1 
1.27512e+06  1.03728  0.341462  0.259319  1 
1.54128e+06  0.899107  0.484559  0.224777  0 
1.20816e+06  1.2387  0.305462  0.309674  2 
1.31784e+06  1.01191  0.36443  0.252978  1 
2.0508e+06  0.844158  0.758495  0.21104  0 
1.146e+06  1.31439  0.272043  0.328597  0 
2.15376e+06  0.83591  0.813849  0.208978  1 
1.36488e+06  0.97595  0.38972  0.243988  0 
2.06424e+06  0.840359  0.76572  0.21009  0 
1.51824e+06  0.908497  0.472172  0.227124  1 
1.12104e+06  1.79295  0.258624  0.448237  0 
1.3164e+06  1.02132  0.363656  0.255329  0 
1.7544e+06  0.860372  0.59914  0.215093  0 
1.632e+06  0.891022  0.533333  0.222756  1 
1.57416e+06  0.901725  0.502237  0.225431  0 
1.50048e+06  0.911605  0.462624  0.227901  2 
2.11248e+06  0.838717  0.791656  0.209679  0 
1.82184e+06  0.858718  0.635398  0.21468  2 
1.23864e+06  1.04604  0.321849  0.261511  2 
1.3884e+06  0.965646  0.402366  0.241412  2 
1.73232e+06  0.86118  0.587269  0.215295  2 
1.40016e+06  0.945787  0.408688  0.236447  1 
1.23432e+06  1.28097  0.319527  0.320243  0 

1.00248e+06  1.76423  0.194882  0.441058  0 
2.33112e+06  0.803424  0.909204  0.200856  0 
1.89528e+06  0.829243  0.674882  0.207311  0 
1.47456e+06  0.869879  0.448688  0.21747  0 
1.13328e+06  1.05527  0.265204  0.263817  0 
1.05e+06  1.56141  0.22043  0.390354  0 
1.39992e+06  0.895969  0.408559  0.223992  0 
1.062e+06  1.37608  0.226882  0.344019  0 
1.3332e+06  0.912669  0.372688  0.228167  0 
1.284e+06  0.948007  0.346237  0.237002  0 
1.09032e+06  1.13852  0.242108  0.284629  0 
1.24032e+06  0.971406  0.322753  0.242851  0 
1.0128e+06  1.69102  0.20043  0.422756  0 
1.2108e+06  1.00979  0.306882  0.252449  0 
1.06968e+06  1.28883  0.231011  0.322207  0 
1.10424e+06  1.09985  0.249591  0.274963  0 
1.18992e+06  1.01697  0.295656  0.254243  0 
1.03248e+06  1.61542  0.211011  0.403856  0 
1.84248e+06  0.836453  0.646495  0.209113  0 
1.76544e+06  0.837258  0.605075  0.209315  0 
1.74336e+06  0.838088  0.593204  0.209522  0 
1.71504e+06  0.842971  0.577978  0.210743  0 
1.70328e+06  0.843282  0.571656  0.210821  0 
2.2764e+06  0.804123  0.879785  0.201031  0 
2.25864e+06  0.804404  0.870237  0.201101  0 
1.66512e+06  0.847393  0.55114  0.211848  0 
1.22304e+06  0.98744  0.313462  0.24686  0 
1.26192e+06  0.950568  0.334366  0.237642  0 
1.00464e+06  1.72725  0.196043  0.431812  0 
1.1772e+06  1.03782  0.288817  0.259454  0 
1.64088e+06  0.85402  0.538108  0.213505  0 
1.6152e+06  0.854304  0.524301  0.213576  0 
2.16288e+06  0.813901  0.818753  0.203475  0 
1.43304e+06  0.882949  0.426366  0.220737  0 
1.17072e+06  1.04229  0.285333  0.260574  0 
1.12728e+06  1.06348  0.261978  0.26587  0 
1.25616e+06  0.955032  0.331269  0.238758  0 
1.2852e+06  0.936474  0.346882  0.234118  0 
1.59312e+06  0.859393  0.51243  0.214848  0 
2.08728e+06  0.819374  0.778108  0.204844  0 
2.0508e+06  0.820867  0.758495  0.205217  0 
1.0404e+06  1.60781  0.215269  0.401952  0 
1.55256e+06  0.862558  0.490624  0.215639  0 
2.04336e+06  0.82404  0.754495  0.20601  0 
2.00688e+06  0.824891  0.734882  0.206223  0 
1.8864e+06  0.83304  0.670108  0.20826  0 
1.428e+06  0.892678  0.423656  0.22317  0 
1.65912e+06  0.85088  0.547914  0.21272  0 
1.20744e+06  1.0142  0.305075  0.253551  0 
1.38528e+06  0.910125  0.400688  0.227531  0 
1.59216e+06  0.859686  0.511914  0.214921  0 
1.23e+06  0.985387  0.317204  0.246347  0 
1.5144e+06  0.868072  0.470108  0.217018  0 
1.61328e+06  0.858573  0.523269  0.214643  0 
1.83144e+06  0.836488  0.640559  0.209122  0 
1.18848e+06  1.03726  0.294882  0.259316  0 
1.04016e+06  1.61291  0.21514  0.403229  0 
1.0272e+06  1.69089  0.208172  0.422724  0 
1.98216e+06  0.82919  0.721591  0.207298  0 
1.80984e+06  0.838548  0.628946  0.209637  0 
1.34784e+06  0.916124  0.380559  0.229031  0 
1.06296e+06  1.49283  0.227398  0.373207  0 
1.11528e+06  1.12467  0.255527  0.281168  0 
1.56048e+06  0.866506  0.494882  0.216627  0 
1.71648e+06  0.845437  0.578753  0.211359  0 
1.34016e+06  0.929882  0.37643  0.23247  0 
2.27136e+06  0.807751  0.877075  0.201938  0 
1.4964e+06  0.870443  0.46043  0.217611  0 
1.09536e+06  1.21398  0.244817  0.303496  0 
1.43376e+06  0.889312  0.426753  0.222328  0 
1.71e+06  0.848005  0.575269  0.212001  0 
1.0332e+06  1.62408  0.211398  0.40602  0 
1.57104e+06  0.864901  0.500559  0.216225  0 
2.07576e+06  0.823921  0.771914  0.20598  0 
1.07616e+06  1.48791  0.234495  0.371978  0 
1.41288e+06  0.8981  0.415527  0.224525  0 
1.34472e+06  0.92006  0.378882  0.230015  0 
1.24128e+06  0.974765  0.323269  0.243691  0 
1.57776e+06  0.863041  0.504172  0.21576  0 
1.45248e+06  0.883082  0.436817  0.22077  0 
1.08216e+06  1.37063  0.23772  0.342657  0 
1.59216e+06  0.862283  0.511914  0.215571  0 
1.02384e+06  1.73693  0.206366  0.434232  0 
1.56096e+06  0.865937  0.49514  0.216484  0 
1.26096e+06  0.964256  0.333849  0.241064  0 
2.19576e+06  0.818621  0.83643  0.204655  0 
1.39584e+06  0.910634  0.406366  0.227659  0 
1.57296e+06  0.864573  0.501591  0.216143  0 
1.17648e+06  1.05646  0.28843  0.264115  0 
1.43328e+06  0.893321  0.426495  0.22333  0 
1.06056e+06  1.58025  0.226108  0.395062  0 
1.27584e+06  0.954836  0.341849  0.238709  0 
1.1904e+06  1.04845  0.295914  0.262114  0 
1.20936e+06  1.01687  0.306108  0.254218  0 
1.22496e+06  0.991109  0.314495  0.247777  0 
1.392e+06  0.911234  0.404301  0.227809  0 
1.41744e+06  0.897736  0.417978  0.224434  0 
1.36584e+06  0.912831  0.390237  0.228208  0 
1.29336e+06  0.943577  0.351269  0.235894  0 
1.09056e+06  1.28816  0.242237  0.322041  0 

971520  1.61329  0.178237  0.403323  0 
2.2416e+06  0.796269  0.861075  0.199067  0 
1.87032e+06  0.827097  0.661462  0.206774  0 
1.51248e+06  0.8545  0.469075  0.213625  0 
1.194e+06  0.943544  0.297849  0.235886  0 
1.04352e+06  1.12943  0.216946  0.282357  0 
1.14072e+06  1.02003  0.269204  0.255008  0 
999360  1.41282  0.193204  0.353205  0 
1.47336e+06  0.862225  0.448043  0.215556  0 
1.42872e+06  0.868043  0.424043  0.217011  0 
1.39728e+06  0.877461  0.40714  0.219365  0 
1.36872e+06  0.883468  0.391785  0.220867  0 
1.11384e+06  1.07055  0.254753  0.267636  0 
1.34208e+06  0.888113  0.377462  0.222028  0 
1.3152e+06  0.900593  0.363011  0.225148  0 
1.17744e+06  0.98309  0.288946  0.245773  0 
1.29864e+06  0.908691  0.354108  0.227173  0 
983280  1.56628  0.184559  0.391571  0 
1.27656e+06  0.91138  0.342237  0.227845  0 
1.16232e+06  0.990984  0.280817  0.247746  0 
1.25544e+06  0.914801  0.330882  0.2287  0 
2.10864e+06  0.798865  0.789591  0.199716  0 
1.84608e+06  0.827168  0.64843  0.206792  0 
1.09656e+06  1.10277  0.245462  0.275692  0 
1.12752e+06  1.04396  0.262108  0.260989  0 
1.82688e+06  0.82898  0.638108  0.207245  0 
1.79904e+06  0.830514  0.62314  0.207629  0 
1.24008e+06  0.919952  0.322624  0.229988  0 
1.08576e+06  1.10481  0.239656  0.276203  0 
2.09472e+06  0.805535  0.782108  0.201384  0 
2.04936e+06  0.806316  0.75772  0.201579  0 
1.22808e+06  0.923196  0.316172  0.230799  0 
1.77768e+06  0.834192  0.611656  0.208548  0 
1.96776e+06  0.807054  0.713849  0.201763  0 
1.92936e+06  0.808567  0.693204  0.202142  0 
1.76736e+06  0.836917  0.606108  0.209229  0 
1.73544e+06  0.836938  0.588946  0.209234  0 
1.03608e+06  1.38022  0.212946  0.345054  0 
1.72464e+06  0.840652  0.58314  0.210163  0 
1.12008e+06  1.05698  0.258108  0.264246  0 
1.66152e+06  0.841874  0.549204  0.210469  0 
1.21872e+06  0.932294  0.31114  0.233074  0 
1.62792e+06  0.843727  0.53114  0.210932  0 
1.20696e+06  0.933245  0.304817  0.233311  0 
1.07712e+06  1.11924  0.235011  0.279811  0 
1.1868e+06  0.972994  0.293978  0.243249  0 
1.0656e+06  1.12008  0.228817  0.280021  0 
1.1364e+06  1.02518  0.266882  0.256294  0 
1.60536e+06  0.845589  0.519011  0.211397  0 
987120  1.55759  0.186624  0.389397  0 
1.91472e+06  0.819156  0.685333  0.204789  0 
1.58232e+06  0.846784  0.506624  0.211696  0 
1.20336e+06  0.935862  0.302882  0.233965  0 
1.50384e+06  0.854741  0.46443  0.213685  0 
1.49352e+06  0.856518  0.458882  0.214129  0 
1.4868e+06  0.856662  0.455269  0.214166  0 
1.17504e+06  0.985372  0.287656  0.246343  0 
1.10376e+06  1.09767  0.249333  0.274418  0 
1.30344e+06  0.903601  0.356688  0.2259  0 
1.19184e+06  0.951024  0.296688  0.237756  0 
1.16016e+06  1.00767  0.279656  0.251917  0 
1.4448e+06  0.863552  0.432688  0.215888  0 
1.02144e+06  1.40857  0.205075  0.352143  0 
1.12464e+06  1.05278  0.260559  0.263194  0 
1.48224e+06  0.858319  0.452817  0.21458  0 
1.38072e+06  0.87959  0.398237  0.219898  0 
1.57392e+06  0.850709  0.502108  0.212677  0 
1.27464e+06  0.91147  0.341204  0.227868  0 
1.5516e+06  0.851414  0.490108  0.212854  0 
1.36392e+06  0.885291  0.389204  0.221323  0 
1.34976e+06  0.885492  0.381591  0.221373  0 
1.33152e+06  0.898015  0.371785  0.224504  0 
1.03464e+06  1.40641  0.212172  0.351602  0 
1.26504e+06  0.912741  0.336043  0.228185  0 
1.1184e+06  1.06851  0.257204  0.267128  0 
1.0848e+06  1.11738  0.23914  0.279345  0 
1.29696e+06  0.909582  0.353204  0.227395  0 
1.53168e+06  0.852809  0.479398  0.213202  0 
998640  1.5371  0.192817  0.384276  0 
1.10304e+06  1.10114  0.248946  0.275285  0 
1.39656e+06  0.877719  0.406753  0.21943  0 
1.47672e+06  0.860688  0.449849  0.215172  0 
1.90656e+06  0.825683  0.680946  0.206421  0 
1.1388e+06  1.02378  0.268172  0.255946  0 
1.82496e+06  0.82923  0.637075  0.207307  0 
1.32912e+06  0.899355  0.370495  0.224839  0 
1.41096e+06  0.876262  0.414495  0.219066  0 
1.254e+06  0.918776  0.330108  0.229694  0 
1.824e+06  0.829422  0.636559  0.207355  0 
1.30248e+06  0.907627  0.356172  0.226907  0 
2.10384e+06  0.804546  0.787011  0.201137  0 
1.28808e+06  0.910417  0.34843  0.227604  0 
1.40448e+06  0.87674  0.411011  0.219185  0 
1.84416e+06  0.828333  0.647398  0.207083  0 
1.24968e+06  0.919676  0.327785  0.229919  0 
1.40304e+06  0.877224  0.410237  0.219306  0 
1.36296e+06  0.885293  0.388688  0.221323  0 
1.39728e+06  0.877461  0.40714  0.219365  0 
1.3152e+06  0.900593  0.363011  0.225148  0 
1.20696e+06  0.933245  0.304817  0.233311  0 

968160  1.48854  0.17643  0.372136  0 
2.26944e+06  0.791022  0.876043  0.197755  0 
1.9044e+06  0.801697  0.679785  0.200424  0 
1.5888e+06  0.840767  0.510108  0.210192  0 
1.31016e+06  0.888473  0.360301  0.222118  0 
1.10472e+06  1.04502  0.249849  0.261254  0 
1.01472e+06  1.21163  0.201462  0.302906  0 
1.24488e+06  0.910617  0.325204  0.227654  0 
1.18296e+06  0.925743  0.291914  0.231436  0 
1.04184e+06  1.10291  0.216043  0.275727  0 
1.1484e+06  0.990068  0.273333  0.247517  0 
989280  1.43538  0.187785  0.358844  0 
1.16136e+06  0.943293  0.280301  0.235823  0 
1.5336e+06  0.843486  0.48043  0.210872  0 
1.12056e+06  1.00083  0.258366  0.250207  0 
1.5036e+06  0.851014  0.464301  0.212754  0 
1.0872e+06  1.06963  0.24043  0.267406  0 
1.10496e+06  1.01261  0.249978  0.253151  0 
1.88616e+06  0.808765  0.669978  0.202191  0 
1.4868e+06  0.856662  0.455269  0.214166  0 
1.07088e+06  1.07192  0.231656  0.26798  0 
992160  1.40447  0.189333  0.351119  0 
1.8516e+06  0.811709  0.651398  0.202927  0 
1.47288e+06  0.860741  0.447785  0.215185  0 
1.45512e+06  0.861796  0.438237  0.215449  0 
1.44072e+06  0.861822  0.430495  0.215455  0 
1.02984e+06  1.13319  0.209591  0.283297  0 
1.83744e+06  0.817269  0.643785  0.204317  0 
1.40856e+06  0.86539  0.413204  0.216348  0 
1.82064e+06  0.819942  0.634753  0.204986  0 
1.39896e+06  0.866075  0.408043  0.216519  0 
1.7988e+06  0.820753  0.623011  0.205188  0 
1.38672e+06  0.86871  0.401462  0.217178  0 
1.30248e+06  0.891303  0.356172  0.222826  0 
1.74888e+06  0.824576  0.596172  0.206144  0 
1.374e+06  0.872482  0.394624  0.218121  0 
1.35264e+06  0.874839  0.38314  0.21871  0 
1.06464e+06  1.08484  0.228301  0.271211  0 
1.34616e+06  0.875899  0.379656  0.218975  0 
983760  1.45808  0.184817  0.36452  0 
1.09512e+06  1.05808  0.244688  0.264521  0 
1.29192e+06  0.899082  0.350495  0.22477  0 
1.00752e+06  1.39308  0.197591  0.34827  0 
1.6704e+06  0.830204  0.553978  0.207551  0 
1.34136e+06  0.87781  0.377075  0.219452  0 
2.2368e+06  0.792145  0.858495  0.198036  0 
1.05528e+06  1.09348  0.223269  0.27337  0 
1.13976e+06  0.991582  0.268688  0.247895  0 
2.05752e+06  0.792482  0.762108  0.19812  0 
1.27704e+06  0.901642  0.342495  0.22541  0 
1.21704e+06  0.917089  0.310237  0.229272  0 
1.13112e+06  0.992757  0.264043  0.248189  0 
1.33008e+06  0.880551  0.371011  0.220138  0 
1.158e+06  0.96375  0.278495  0.240937  0 
1.2636e+06  0.903606  0.335269  0.225902  0 
1.6272e+06  0.834425  0.530753  0.208606  0 
1.62072e+06  0.834595  0.527269  0.208649  0 
2.05056e+06  0.797192  0.758366  0.199298  0 
1.32696e+06  0.884426  0.369333  0.221106  0 
1.0932e+06  1.06564  0.243656  0.26641  0 
1.48368e+06  0.856912  0.453591  0.214228  0 
982080  1.48242  0.183914  0.370604  0 
2.02728e+06  0.798195  0.745849  0.199549  0 
1.61688e+06  0.837501  0.525204  0.209375  0 
1.09032e+06  1.06654  0.242108  0.266634  0 
1.17432e+06  0.940673  0.287269  0.235168  0 
1.12992e+06  0.993761  0.263398  0.24844  0 
1.60536e+06  0.8382  0.519011  0.20955  0 
1.48224e+06  0.858319  0.452817  0.21458  0 
1.31856e+06  0.886342  0.364817  0.221586  0 
1.17264e+06  0.941171  0.286366  0.235293  0 
1.95432e+06  0.799577  0.706624  0.199894  0 
991200  1.40647  0.188817  0.351618  0 
1.05432e+06  1.09901  0.222753  0.274752  0 
1.84536e+06  0.815389  0.648043  0.203847  0 
1.07976e+06  1.07006  0.23643  0.267515  0 
1.074e+06  1.07008  0.233333  0.26752  0 
1.4772e+06  0.859005  0.450108  0.214751  0 
1.182e+06  0.939031  0.291398  0.234758  0 
1.38456e+06  0.870928  0.400301  0.217732  0 
1.014e+06  1.3793  0.201075  0.344826  0 
1.2108e+06  0.9242  0.306882  0.23105  0 
1.49352e+06  0.855261  0.458882  0.213815  0 
1.36848e+06  0.873667  0.391656  0.218417  0 
1.1448e+06  0.99044  0.271398  0.24761  0 
1.25352e+06  0.909541  0.329849  0.227385  0 
1.398e+06  0.8679  0.407527  0.216975  0 
1.88496e+06  0.810934  0.669333  0.202733  0 
1.43424e+06  0.864617  0.427011  0.216154  0 
1.02336e+06  1.21086  0.206108  0.302715  0 
1.57416e+06  0.842741  0.502237  0.210685  0 
1.83312e+06  0.819205  0.641462  0.204801  0 
1.01976e+06  1.21089  0.204172  0.302723  0 
1.24464e+06  0.915852  0.325075  0.228963  0 
1.0296e+06  1.19526  0.209462  0.298815  0 
1.18272e+06  0.934115  0.291785  0.233529  0 
1.29768e+06  0.89867  0.353591  0.224668  0 
1.88184e+06  0.811299  0.667656  0.202825  0 
1.4616e+06  0.861419  0.44172  0.215355  0 
1.17216e+06  0.992503  0.286108  0.248126  0 

968160  1.48854  0.17643  0.372136  0 
2.30664e+06  0.788864  0.896043  0.197216  0 
1.944e+06  0.797654  0.701075  0.199413  0 
1.62768e+06  0.830407  0.531011  0.207602  0 
1.32792e+06  0.871799  0.369849  0.21795  0 
1.09176e+06  1.00412  0.242882  0.251031  0 
1.00632e+06  1.24496  0.196946  0.311241  0 
1.0212e+06  1.11717  0.204946  0.279292  0 
1.27344e+06  0.895454  0.340559  0.223863  0 
1.22328e+06  0.911292  0.313591  0.227823  0 
1.17192e+06  0.921417  0.285978  0.230354  0 
1.06248e+06  1.07078  0.22714  0.267695  0 
1.15032e+06  0.962507  0.274366  0.240627  0 
988080  1.40403  0.18714  0.351007  0 
1.58976e+06  0.836228  0.510624  0.209057  0 
1.53456e+06  0.837076  0.480946  0.209269  0 
1.13448e+06  0.970499  0.265849  0.242625  0 
1.92552e+06  0.800975  0.69114  0.200244  0 
1.9044e+06  0.801697  0.679785  0.200424  0 
1.4988e+06  0.844384  0.46172  0.211096  0 
1.04808e+06  1.08983  0.219398  0.272457  0 
1.15968e+06  0.926482  0.279398  0.23162  0 
1.88808e+06  0.804586  0.671011  0.201146  0 
1.08e+06  1.03444  0.236559  0.25861  0 
1.1196e+06  0.981237  0.257849  0.245309  0 
1.83816e+06  0.807552  0.644172  0.201888  0 
1.47384e+06  0.849282  0.448301  0.21232  0 
977760  1.45594  0.181591  0.363986  0 
1.45944e+06  0.852037  0.440559  0.213009  0 
1.8012e+06  0.811481  0.624301  0.20287  0 
1.4292e+06  0.853744  0.424301  0.213436  0 
1.78872e+06  0.812391  0.617591  0.203098  0 
1.31328e+06  0.877797  0.361978  0.219449  0 
1.03464e+06  1.09958  0.212172  0.274896  0 
1.41624e+06  0.855458  0.417333  0.213865  0 
1.3044e+06  0.879643  0.357204  0.219911  0 
1.77672e+06  0.81533  0.61114  0.203833  0 
1.0128e+06  1.22995  0.20043  0.307487  0 
1.01472e+06  1.21163  0.201462  0.302906  0 
1.05312e+06  1.07626  0.222108  0.269065  0 
1.39944e+06  0.85836  0.408301  0.21459  0 
1.75536e+06  0.817501  0.599656  0.204375  0 
1.11408e+06  0.984128  0.254882  0.246032  0 
1.73616e+06  0.818872  0.589333  0.204718  0 
1.26816e+06  0.900154  0.33772  0.225038  0 
1.39104e+06  0.861007  0.403785  0.215252  0 
1.2924e+06  0.884947  0.350753  0.221237  0 
1.73136e+06  0.820263  0.586753  0.205066  0 
1.00248e+06  1.39343  0.194882  0.348357  0 
1.2636e+06  0.903606  0.335269  0.225902  0 
1.25712e+06  0.903634  0.331785  0.225908  0 
1.12896e+06  0.97366  0.262882  0.243415  0 
1.21656e+06  0.91413  0.309978  0.228533  0 
1.08864e+06  1.02184  0.241204  0.255459  0 
1.0032e+06  1.3684  0.195269  0.342101  0 
1.15656e+06  0.947956  0.27772  0.236989  0 
2.26944e+06  0.791022  0.876043  0.197755  0 
990960  1.39745  0.188688  0.349364  0 
1.38816e+06  0.862366  0.402237  0.215592  0 
1.0764e+06  1.06498  0.234624  0.266246  0 
2.2368e+06  0.792145  0.858495  0.198036  0 
978000  1.45053  0.18172  0.362633  0 
2.06688e+06  0.792402  0.76714  0.198101  0 
2.05752e+06  0.792482  0.762108  0.19812  0 
2.04024e+06  0.792796  0.752817  0.198199  0 
1.61904e+06  0.83149  0.526366  0.207872  0 
1.2852e+06  0.891262  0.346882  0.222815  0 
1.21464e+06  0.915562  0.308946  0.228891  0 
1.25232e+06  0.907291  0.329204  0.226823  0 
1.38072e+06  0.86784  0.398237  0.21696  0 
1.04256e+06  1.09563  0.21643  0.273909  0 
1.21056e+06  0.917738  0.306753  0.229435  0 
1.716e+06  0.826898  0.578495  0.206725  0 
1.67088e+06  0.827172  0.554237  0.206793  0 
2.03832e+06  0.7947  0.751785  0.198675  0 
1.524e+06  0.841631  0.475269  0.210408  0 
1.07448e+06  1.0681  0.233591  0.267025  0 
1.36584e+06  0.869505  0.390237  0.217376  0 
1.28088e+06  0.893426  0.344559  0.223357  0 
1.6152e+06  0.834338  0.524301  0.208585  0 
2.02392e+06  0.795864  0.744043  0.198966  0 
1.25136e+06  0.909567  0.328688  0.227392  0 
1.14648e+06  0.968859  0.272301  0.242215  0 
1.07232e+06  1.0692  0.23243  0.2673  0 
1.12824e+06  0.979205  0.262495  0.244801  0 
1.0416e+06  1.09806  0.215914  0.274515  0 
1.90056e+06  0.803118  0.67772  0.200779  0 
1.28016e+06  0.894061  0.344172  0.223515  0 
1.5336e+06  0.840252  0.48043  0.210063  0 
1.75104e+06  0.817653  0.597333  0.204413  0 
1.78416e+06  0.814168  0.61514  0.203542  0 
2.00304e+06  0.796568  0.732817  0.199142  0 
1.19136e+06  0.920459  0.29643  0.230115  0 
1.24488e+06  0.910617  0.325204  0.227654  0 
1.1268e+06  0.980595  0.26172  0.245149  0 
1.35216e+06  0.871161  0.382882  0.21779  0 
1.4592e+06  0.853181  0.44043  0.213295  0 
1.39776e+06  0.860496  0.407398  0.215124  0 
1.32624e+06  0.87764  0.368946  0.21941  0 
1.86432e+06  0.851002  0.658237  0.212751  0 

