3.22301e+07  3.0158e+07  16.9839  7.5395e+06  0 
5.38654e+07  5.17428e+07  28.6158  1.29357e+07  0 
2.18335e+13  2.18335e+13  1.17384e+07  5.45837e+12  0 
6.37219e+07  6.18713e+07  33.915  1.54678e+07  0 
4.20538e+07  3.99507e+07  22.2655  9.98767e+06  0 
5.57981e+07  5.38306e+07  29.6549  1.34576e+07  0 
4.1188e+07  3.92366e+07  21.8  9.80914e+06  0 
1.93701e+14  1.93701e+14  1.0414e+08  4.84253e+13  0 
5.19537e+07  4.9948e+07  27.588  1.2487e+07  0 
4.97008e+07  4.77473e+07  26.3768  1.19368e+07  0 
4.80019e+07  4.60826e+07  25.4634  1.15207e+07  0 
4.71544e+13  4.71544e+13  2.53518e+07  1.17886e+13  0 
5.62551e+07  5.43075e+07  29.9006  1.35769e+07  0 
3.9009e+07  3.69435e+07  20.6285  9.23588e+06  0 
6.00707e+07  5.81262e+07  31.952  1.45316e+07  0 
4.2149e+07  4.02088e+07  22.3167  1.00522e+07  0 
5.88542e+07  5.683e+07  31.2979  1.42075e+07  0 
2.20637e+14  2.20637e+14  1.18622e+08  5.51592e+13  0 
4.41617e+07  4.21567e+07  23.3987  1.05392e+07  0 
3.35593e+13  3.35593e+13  1.80427e+07  8.38983e+12  0 
6.66722e+07  6.4618e+07  35.5012  1.61545e+07  0 
4.96441e+07  4.77832e+07  26.3463  1.19458e+07  0 
6.06549e+07  5.88684e+07  32.2661  1.47171e+07  0 
3.69782e+07  3.47632e+07  19.5367  8.6908e+06  0 
5.07434e+07  4.87243e+07  26.9373  1.21811e+07  0 
1.46101e+14  1.46101e+14  7.85487e+07  3.65251e+13  0 
6.94642e+13  6.94642e+13  3.73464e+07  1.73661e+13  0 
4.69617e+07  4.49963e+07  24.9041  1.12491e+07  0 
5.15303e+07  4.95338e+07  27.3604  1.23834e+07  0 
4.84539e+07  4.66764e+07  25.7064  1.16691e+07  0 
3.37261e+07  3.16822e+07  17.7882  7.92056e+06  0 
4.90495e+07  4.72457e+07  26.0266  1.18114e+07  0 
4.32539e+07  4.12597e+07  22.9107  1.03149e+07  0 
2.67708e+13  2.67708e+13  1.43929e+07  6.69269e+12  0 
4.83151e+07  4.63889e+07  25.6318  1.15972e+07  0 
4.74124e+07  4.54768e+07  25.1465  1.13692e+07  0 
6.59939e+07  6.40348e+07  35.1365  1.60087e+07  0 
5.68756e+07  5.50252e+07  30.2342  1.37563e+07  0 
7.86294e+07  7.66611e+07  41.9298  1.91653e+07  0 
6.80364e+12  6.80364e+12  3.65787e+06  1.70091e+12  0 
4.78135e+07  4.58476e+07  25.3621  1.14619e+07  0 
4.79458e+07  4.59843e+07  25.4332  1.14961e+07  0 
5.68842e+13  5.68842e+13  3.05829e+07  1.4221e+13  0 
3.59839e+14  3.59839e+14  1.93462e+08  8.99597e+13  0 
6.20063e+07  6.01069e+07  32.9926  1.50267e+07  0 
4.91628e+07  4.72037e+07  26.0875  1.18009e+07  0 
7.7147e+07  7.52342e+07  41.1328  1.88086e+07  0 
1.03456e+14  1.03456e+14  5.56214e+07  2.58639e+13  0 
5.87914e+07  5.68193e+07  31.2642  1.42048e+07  0 
1.05548e+14  1.05548e+14  5.67463e+07  2.6387e+13  0 
4.74093e+07  4.55078e+07  25.1448  1.1377e+07  0 
1.96622e+13  1.96622e+13  1.05711e+07  4.91554e+12  0 
7.71407e+07  7.5086e+07  41.1294  1.87715e+07  0 
6.30446e+07  6.10841e+07  33.5509  1.5271e+07  0 
7.88332e+07  7.69151e+07  42.0394  1.92288e+07  0 
4.22728e+13  4.22728e+13  2.27273e+07  1.05682e+13  0 
2.16125e+07  1.95286e+07  11.2755  4.88215e+06  0 
8.77302e+07  8.59389e+07  46.8227  2.14847e+07  0 
3.4777e+07  3.2775e+07  18.3532  8.19374e+06  0 
8.15566e+07  7.96608e+07  43.5035  1.99152e+07  0 
4.90536e+07  4.695e+07  26.0288  1.17375e+07  0 
2.69757e+07  2.49352e+07  14.159  6.2338e+06  0 
1.03739e+14  1.03739e+14  5.57738e+07  2.59348e+13  0 
5.36448e+13  5.36448e+13  2.88413e+07  1.34112e+13  0 
5.6005e+07  5.4079e+07  29.7661  1.35198e+07  0 
5.04905e+07  4.84877e+07  26.8014  1.21219e+07  0 
2.67824e+07  2.48295e+07  14.055  6.20737e+06  0 
1.30574e+13  1.30574e+13  7.02012e+06  3.26436e+12  0 
3.77886e+07  3.59209e+07  19.9724  8.98023e+06  0 
7.588e+15  7.588e+15  4.07957e+09  1.897e+15  0 
2.3566e+07  2.16128e+07  12.3258  5.40321e+06  0 
6.18867e+07  6.00812e+07  32.9283  1.50203e+07  0 
8.07789e+07  7.87874e+07  43.0854  1.96968e+07  0 
4.71745e+07  4.51331e+07  25.0186  1.12833e+07  0 
6.52268e+07  6.33037e+07  34.7241  1.58259e+07  0 
4.96915e+07  4.77192e+07  26.3718  1.19298e+07  0 
3.1932e+07  2.98159e+07  16.8237  7.45398e+06  0 
4.97191e+07  4.75363e+07  26.3866  1.18841e+07  0 
4.90224e+07  4.71573e+07  26.012  1.17893e+07  0 
4.75441e+07  4.56164e+07  25.2172  1.14041e+07  0 
4.7269e+14  4.7269e+14  2.54134e+08  1.18172e+14  0 
7.55428e+07  7.35635e+07  40.2703  1.83909e+07  0 
5.60157e+07  5.40306e+07  29.7719  1.35077e+07  0 
5.04317e+07  4.84944e+07  26.7697  1.21236e+07  0 
5.09841e+07  4.90038e+07  27.0667  1.2251e+07  0 
3.33798e+13  3.33798e+13  1.79461e+07  8.34495e+12  0 
5.97976e+07  5.78462e+07  31.8052  1.44615e+07  0 
4.26887e+07  4.06957e+07  22.6068  1.01739e+07  0 
4.88108e+07  4.68908e+07  25.8983  1.17227e+07  0 
4.02184e+07  3.8249e+07  21.2787  9.56225e+06  0 
4.27135e+07  4.07723e+07  22.6201  1.01931e+07  0 
7.60731e+07  7.39167e+07  40.5554  1.84792e+07  0 
6.50251e+07  6.29844e+07  34.6157  1.57461e+07  0 
2.96157e+13  2.96157e+13  1.59224e+07  7.40393e+12  0 
7.54045e+07  7.33451e+07  40.196  1.83363e+07  0 
4.85937e+07  4.65693e+07  25.7816  1.16423e+07  0 
5.66798e+07  5.47557e+07  30.1289  1.36889e+07  0 
9.10707e+07  8.91521e+07  48.6187  2.2288e+07  0 
5.66479e+07  5.46922e+07  30.1118  1.3673e+07  0 
4.77579e+07  4.57759e+07  25.3322  1.1444e+07  0 

1.21728e+06  2.38264  0.310366  0.59566  0 
2.22936e+06  0.992573  0.854495  0.248143  0 
1.8528e+06  1.33723  0.652043  0.334307  0 
2.90896e+06  939759  1.21987  234940  1 
3.44277e+06  1.32454e+06  1.50687  331134  2 
3.99767e+06  1.59719e+06  1.8052  399298  3 
7.16996e+06  4.84916e+06  3.51073  1.21229e+06  5 
7.70539e+06  5.57035e+06  3.7986  1.39259e+06  6 
1.07078e+07  8.50339e+06  5.41279  2.12585e+06  11 
1.10573e+07  8.90764e+06  5.60071  2.22691e+06  12 
1.38691e+07  1.1814e+07  7.11243  2.9535e+06  16 
1.45621e+07  1.2356e+07  7.48497  3.08899e+06  18 
1.97657e+07  1.76808e+07  10.2826  4.42021e+06  28 
1.99917e+07  1.78989e+07  10.4041  4.47473e+06  30 
2.19454e+07  1.98618e+07  11.4545  4.96544e+06  38 
2.31468e+07  2.12547e+07  12.1004  5.31367e+06  57 
2.75764e+07  2.52608e+07  14.4819  6.31521e+06  52 
2.83072e+07  2.63059e+07  14.8749  6.57647e+06  57 
4.61333e+07  4.4144e+07  24.4588  1.1036e+07  66 
4.72949e+07  4.49674e+07  25.0833  1.12418e+07  74 
2.0637e+07  1.85387e+07  10.7511  4.63467e+06  34 
4.27589e+07  4.09032e+07  22.6446  1.02258e+07  57 
4.55461e+07  4.33446e+07  24.1431  1.08361e+07  61 
4.66312e+07  4.45321e+07  24.7264  1.1133e+07  28 
2.16034e+07  1.95908e+07  11.2706  4.89769e+06  36 
1.86448e+07  1.64262e+07  9.68  4.10656e+06  26 
4.13421e+07  3.91147e+07  21.8829  9.77867e+06  63 
5.19009e+07  4.97298e+07  27.5596  1.24325e+07  77 
5.01344e+07  4.81662e+07  26.6099  1.20415e+07  70 
1.99111e+07  1.77393e+07  10.3608  4.43483e+06  29 
4.32858e+07  4.10833e+07  22.9279  1.02708e+07  60 
4.88052e+07  4.66126e+07  25.8953  1.16531e+07  11 
4.57122e+07  4.38339e+07  24.2323  1.09585e+07  44 
8.45372e+06  6.31245e+06  4.20093  1.57811e+06  8 
2.18988e+07  1.98818e+07  11.4294  4.97045e+06  38 
1.76947e+07  1.55508e+07  9.16919  3.88769e+06  24 
1.2799e+07  1.05905e+07  6.53709  2.64763e+06  14 
1.49265e+07  1.27353e+07  7.6809  3.18382e+06  19 
1.45585e+07  1.23769e+07  7.48305  3.09422e+06  18 
4.24967e+07  4.03266e+07  22.5036  1.00817e+07  65 
8.03455e+07  7.81185e+07  42.8524  1.95296e+07  78 
1.31678e+07  1.11055e+07  6.73539  2.77638e+06  15 
2.48367e+07  2.26978e+07  13.009  5.67445e+06  17 
2.42983e+07  2.19876e+07  12.7195  5.49691e+06  8 
2.21196e+07  1.9949e+07  11.5481  4.98725e+06  41 
2.5497e+07  2.34052e+07  13.364  5.8513e+06  69 
5.11524e+07  4.90677e+07  27.1572  1.22669e+07  72 
4.70259e+07  4.49734e+07  24.9386  1.12433e+07  4 
2.02111e+07  1.81883e+07  10.5221  4.54708e+06  32 
4.13644e+07  3.92123e+07  21.8948  9.80307e+06  62 
4.09579e+06  2.05315e+06  1.85795  513287  4 
4.31623e+07  4.09459e+07  22.8615  1.02365e+07  14 
7.0966e+06  5.02684e+06  3.47129  1.25671e+06  5 
4.82848e+07  4.63156e+07  25.6155  1.15789e+07  69 
1.55906e+07  1.34308e+07  8.03795  3.35771e+06  20 
9.95242e+06  7.92754e+06  5.00668  1.98189e+06  10 
6.06424e+07  5.84133e+07  32.2594  1.46033e+07  75 
4.72052e+07  4.50032e+07  25.0351  1.12508e+07  63 
2.45055e+07  2.22351e+07  12.8309  5.55877e+06  13 
2.19092e+07  1.9892e+07  11.435  4.973e+06  39 
4.81511e+07  4.61598e+07  25.5436  1.15399e+07  26 
9.10407e+06  6.97288e+06  4.55058  1.74322e+06  9 
4.73105e+07  4.51574e+07  25.0917  1.12894e+07  67 
4.13212e+07  3.9256e+07  21.8716  9.81401e+06  61 
2.29403e+07  2.08662e+07  11.9894  5.21656e+06  43 
1.96874e+07  1.76344e+07  10.2405  4.40861e+06  27 
2.02656e+07  1.82532e+07  10.5514  4.5633e+06  33 
2.57161e+07  2.36377e+07  13.4818  5.90943e+06  30 
1.14752e+07  9.29406e+06  5.82536  2.32351e+06  13 
2.19499e+07  1.99466e+07  11.4569  4.98665e+06  40 
1.66094e+07  1.45411e+07  8.58572  3.63528e+06  22 
2.36483e+07  2.16873e+07  12.3701  5.42183e+06  26 
1.40357e+07  1.19719e+07  7.20199  2.99299e+06  17 
2.01339e+07  1.80164e+07  10.4806  4.50411e+06  31 
4.61019e+07  4.40696e+07  24.4419  1.10174e+07  62 
4.7474e+07  4.52878e+07  25.1796  1.1322e+07  68 
4.12467e+07  3.91599e+07  21.8316  9.78998e+06  60 
2.24983e+07  2.02817e+07  11.7518  5.07042e+06  65 
1.55818e+07  1.35341e+07  8.03323  3.38353e+06  20 
2.73671e+07  2.53922e+07  14.3694  6.34804e+06  29 
2.92946e+07  2.70131e+07  15.4057  6.75329e+06  17 
2.30345e+07  2.08087e+07  12.0401  5.20219e+06  43 
1.82765e+07  1.59728e+07  9.48201  3.9932e+06  25 
1.63279e+07  1.44972e+07  8.43434  3.62429e+06  21 
1.68784e+07  1.47458e+07  8.73035  3.68645e+06  23 
2.0007e+07  1.80494e+07  10.4124  4.51234e+06  31 
2.17688e+07  1.98128e+07  11.3596  4.95321e+06  37 
5.04873e+07  4.85687e+07  26.7996  1.21422e+07  71 
2.07693e+07  1.85755e+07  10.8222  4.64387e+06  35 
2.07511e+07  1.85268e+07  10.8124  4.63171e+06  34 
1.64981e+07  1.44338e+07  8.52584  3.60845e+06  21 
4.70555e+07  4.50666e+07  24.9546  1.12667e+07  67 
1.32272e+07  1.08133e+07  6.76731  2.70332e+06  15 
8.18301e+06  6.23085e+06  4.05538  1.55771e+06  7 
2.73003e+07  2.51579e+07  14.3335  6.28946e+06  64 
4.62577e+07  4.41733e+07  24.5257  1.10433e+07  64 
4.21416e+07  3.99751e+07  22.3127  9.99378e+06  23 
2.3589e+07  2.16424e+07  12.3382  5.41059e+06  43 
4.11946e+07  3.91263e+07  21.8035  9.78157e+06  59 
3.35228e+07  3.116e+07  17.6789  7.79e+06  18 

1.1976e+06  2.38402  0.299785  0.596004  0 
2.1672e+06  0.885726  0.821075  0.221431  0 
1.59696e+06  1.24996  0.514495  0.312489  0 
1.92744e+06  0.983824  0.692172  0.245956  0 
1.82808e+06  1.06322  0.638753  0.265806  0 
1.62096e+06  1.62451  0.527398  0.406127  1 
1.67568e+06  1.46932  0.556817  0.367329  1 
1.83864e+06  1.41121  0.64443  0.352803  1 
1.92624e+06  1.35823  0.691527  0.339558  1 
1.97568e+06  1.31188  0.718108  0.32797  1 
1.7556e+06  1.472  0.599785  0.367999  2 
1.70256e+06  2.10617  0.571269  0.526543  2 
1.992e+06  1.43224  0.726882  0.35806  2 
1.79592e+06  1.78008  0.621462  0.445019  3 
2.37613e+06  181329  0.933402  45332.3  4 
2.38194e+06  102424  0.936528  25606.1  4 
2.44893e+06  286292  0.972543  71572.9  5 
2.56936e+06  364960  1.03729  91240.1  6 
3.5427e+06  1.4979e+06  1.56059  374476  7 
4.20104e+06  1.98248e+06  1.91454  495619  8 
4.33701e+06  2.33325e+06  1.98764  583313  9 
5.03087e+06  2.80391e+06  2.36068  700978  11 
5.38381e+06  3.18661e+06  2.55044  796654  12 
5.43888e+06  3.33721e+06  2.58005  834301  13 
5.71811e+06  3.50843e+06  2.73016  877107  14 
7.51638e+06  5.32254e+06  3.69698  1.33064e+06  16 
7.54647e+06  5.3944e+06  3.71316  1.3486e+06  17 
7.96226e+06  5.78883e+06  3.9367  1.44721e+06  19 
8.06009e+06  5.96513e+06  3.9893  1.49128e+06  20 
8.28808e+06  6.13216e+06  4.11187  1.53304e+06  21 
8.32357e+06  6.38029e+06  4.13095  1.59507e+06  22 
8.68635e+06  6.38931e+06  4.326  1.59733e+06  23 
8.91675e+06  6.56499e+06  4.44986  1.64125e+06  24 
8.91663e+06  6.69471e+06  4.4498  1.67368e+06  24 
8.99477e+06  6.90845e+06  4.49181  1.72711e+06  25 
9.58962e+06  7.50907e+06  4.81163  1.87727e+06  27 
9.60714e+06  7.60891e+06  4.82105  1.90223e+06  28 
9.86064e+06  7.73088e+06  4.95733  1.93272e+06  29 
1.06724e+07  8.33765e+06  5.39374  2.08441e+06  31 
1.08271e+07  8.76747e+06  5.47696  2.19187e+06  33 
1.08624e+07  8.96948e+06  5.49589  2.24237e+06  34 
1.16216e+07  9.38764e+06  5.90406  2.34691e+06  35 
1.17713e+07  9.72553e+06  5.98456  2.43138e+06  37 
1.34859e+07  1.13888e+07  6.90641  2.8472e+06  38 
1.34925e+07  1.12877e+07  6.90996  2.82191e+06  38 
1.35295e+07  1.12997e+07  6.92986  2.82493e+06  39 
1.41671e+07  1.18744e+07  7.27265  2.9686e+06  40 
1.43888e+07  1.23898e+07  7.39183  3.09746e+06  42 
1.50888e+07  1.31894e+07  7.76816  3.29736e+06  44 
1.57709e+07  1.3657e+07  8.13488  3.41424e+06  45 
1.68518e+07  1.4657e+07  8.71605  3.66426e+06  46 
1.82013e+07  1.60098e+07  9.44154  4.00246e+06  49 
1.93946e+07  1.71249e+07  10.0831  4.28123e+06  50 
1.93454e+07  1.72199e+07  10.0567  4.30499e+06  50 
1.95911e+07  1.76236e+07  10.1888  4.40589e+06  52 
2.23176e+07  2.0237e+07  11.6546  5.05925e+06  56 
2.23285e+07  2.00838e+07  11.6605  5.02094e+06  55 
2.23065e+07  2.03618e+07  11.6486  5.09044e+06  56 
2.23708e+07  2.03903e+07  11.6832  5.09758e+06  57 
2.25827e+07  2.05269e+07  11.7972  5.13172e+06  58 
2.28603e+07  2.08777e+07  11.9464  5.21943e+06  60 
2.31552e+07  2.10223e+07  12.105  5.25558e+06  61 
2.76023e+07  2.546e+07  14.4958  6.36501e+06  64 
2.93673e+07  2.74521e+07  15.4448  6.86303e+06  65 
3.28415e+07  3.07831e+07  17.3127  7.69577e+06  67 
3.54062e+07  3.32647e+07  18.6915  8.31618e+06  68 
4.07464e+07  3.86877e+07  21.5626  9.67192e+06  69 
4.26188e+07  4.04765e+07  22.5692  1.01191e+07  71 
4.57896e+07  4.36881e+07  24.274  1.0922e+07  72 
4.58624e+07  4.39289e+07  24.3131  1.09822e+07  70 
4.89286e+07  4.66388e+07  25.9616  1.16597e+07  74 
6.01042e+07  5.79197e+07  31.97  1.44799e+07  75 
8.60651e+07  8.39329e+07  45.9275  2.09832e+07  76 
2.0823e+08  2.05956e+08  111.608  5.14889e+07  78 
2.22336e+07  2.0095e+07  11.6095  5.02374e+06  55 
1.99845e+07  1.80222e+07  10.4003  4.50556e+06  53 
2.29097e+07  2.07883e+07  11.9729  5.19708e+06  60 
4.63621e+07  4.4385e+07  24.5818  1.10963e+07  72 
1.48974e+07  1.26443e+07  7.66529  3.16108e+06  43 
1.9484e+07  1.73744e+07  10.1312  4.34361e+06  51 
1.63756e+08  1.61774e+08  87.6969  4.04436e+07  77 
1.16223e+07  9.57388e+06  5.90445  2.39347e+06  36 
1.69525e+07  1.48978e+07  8.77014  3.72446e+06  47 
1.07209e+07  8.71811e+06  5.41984  2.17953e+06  32 
2.26837e+07  2.05842e+07  11.8515  5.14605e+06  59 
6.26966e+06  4.00838e+06  3.0267  1.0021e+06  15 
2.63601e+07  2.40395e+07  13.828  6.00989e+06  63 
2.13928e+07  1.90562e+07  11.1574  4.76404e+06  54 
9.56556e+06  7.26996e+06  4.79869  1.81749e+06  26 
2.40664e+07  2.21569e+07  12.5948  5.53924e+06  62 
1.00457e+07  7.99201e+06  5.05682  1.998e+06  30 
1.42162e+07  1.20108e+07  7.29901  3.0027e+06  41 
4.61512e+07  4.40776e+07  24.4684  1.10194e+07  71 
7.77224e+06  5.49033e+06  3.83454  1.37258e+06  18 
3.0285e+07  2.82289e+07  15.9382  7.05722e+06  66 
4.1607e+07  3.94724e+07  22.0253  9.8681e+06  70 
4.77941e+07  4.56456e+07  25.3517  1.14114e+07  74 
4.75927e+07  4.54891e+07  25.2434  1.13723e+07  73 
1.77267e+07  1.55646e+07  9.18641  3.89114e+06  48 
4.68011e+06  2.40827e+06  2.1721  602067  10 

1.14936e+06  2.37599  0.273849  0.593998  0 
2.45328e+06  0.851957  0.974882  0.212989  0 
1.7652e+06  0.961601  0.604946  0.2404  0 
1.34928e+06  1.40913  0.381333  0.352283  0 
1.54008e+06  1.11618  0.483914  0.279046  0 
1.50744e+06  1.31709  0.466366  0.329274  0 
1.67232e+06  1.05404  0.555011  0.263509  0 
1.43904e+06  1.34773  0.429591  0.336932  0 
1.95552e+06  0.954174  0.707269  0.238544  0 
1.4448e+06  1.72878  0.432688  0.432196  1 
1.47504e+06  1.44138  0.448946  0.360346  1 
1.89552e+06  1.14244  0.675011  0.285611  1 
1.938e+06  1.07707  0.697849  0.269268  1 
1.6308e+06  1.17533  0.532688  0.293833  1 
1.55328e+06  1.25703  0.491011  0.314257  1 
1.37496e+06  2.16973  0.39514  0.542432  1 
1.90104e+06  1.08552  0.677978  0.271379  1 
1.45104e+06  1.74747  0.436043  0.436868  2 
1.44504e+06  2.01709  0.432817  0.504273  2 
1.54104e+06  1.47621  0.48443  0.369052  2 
1.67544e+06  1.2359  0.556688  0.308975  2 
1.72608e+06  1.22952  0.583914  0.307379  2 
1.61856e+06  1.32671  0.526108  0.331678  2 
2.08296e+06  1.19431  0.775785  0.298577  2 
2.22432e+06  1.1147  0.851785  0.278675  2 
1.6812e+06  1.37002  0.559785  0.342504  3 
1.67304e+06  1.40664  0.555398  0.351659  3 
1.824e+06  1.32274  0.636559  0.330684  3 
1.46088e+06  1.80999  0.441333  0.452498  3 
1.87632e+06  1.31323  0.664688  0.328308  3 
1.56024e+06  1.73001  0.494753  0.432502  3 
1.65624e+06  1.46059  0.546366  0.365147  3 
1.62144e+06  1.56862  0.527656  0.392155  3 
1.944e+06  1.25261  0.701075  0.313153  3 
1.98024e+06  1.24864  0.720559  0.312159  3 
2.20608e+06  1.21129  0.841978  0.302823  3 
1.5372e+06  2.07938  0.482366  0.519844  4 
1.83144e+06  1.35976  0.640559  0.339941  4 
1.8888e+06  1.33541  0.671398  0.333853  4 
1.6788e+06  1.43329  0.558495  0.358323  4 
1.67136e+06  1.51303  0.554495  0.378257  4 
2.38728e+06  1.2731  0.939398  0.318275  4 
1.8888e+06  1.38992  0.671398  0.347481  5 
1.68264e+06  1.76786  0.560559  0.441965  5 
1.90584e+06  1.34821  0.680559  0.337053  5 
1.87152e+06  1.6102  0.662108  0.40255  5 
2.00856e+06  1.56963  0.735785  0.392407  6 
2.0856e+06  1.41612  0.777204  0.354031  6 
1.95912e+06  1.73157  0.709204  0.432892  6 
2.13552e+06  1.49994  0.804043  0.374986  7 
2.40619e+06  310508  0.949563  77627.1  8 
2.44105e+06  219372  0.968307  54843.1  8 
2.51333e+06  159172  1.00717  39792.9  8 
2.39658e+06  533467  0.9444  133367  8 
2.55523e+06  453791  1.02969  113448  9 
2.74872e+06  600481  1.13372  150120  10 
2.85703e+06  917836  1.19195  229459  11 
3.44298e+06  1.17666e+06  1.50698  294166  12 
3.10012e+06  1.25644e+06  1.32265  314111  12 
3.15444e+06  1.19988e+06  1.35185  299971  12 
3.3784e+06  1.25848e+06  1.47226  314620  13 
3.43443e+06  1.40979e+06  1.50238  352448  14 
3.64488e+06  1.50144e+06  1.61552  375359  15 
3.66529e+06  1.56793e+06  1.6265  391984  16 
3.81191e+06  1.70927e+06  1.70533  427318  17 
3.95768e+06  1.8152e+06  1.7837  453801  18 
3.8468e+06  1.81904e+06  1.72408  454760  18 
3.89352e+06  2.12737e+06  1.74921  531841  19 
4.09691e+06  1.97292e+06  1.85856  493229  19 
4.17572e+06  2.0714e+06  1.90092  517850  20 
4.46591e+06  2.63183e+06  2.05694  657958  21 
5.04568e+06  2.6104e+06  2.36865  652601  21 
4.70956e+06  2.80637e+06  2.18794  701591  22 
4.92624e+06  2.96184e+06  2.30443  740461  23 
5.06867e+06  3.01259e+06  2.38101  753148  24 
5.3608e+06  3.02104e+06  2.53806  755260  25 
5.48236e+06  3.22756e+06  2.60342  806890  26 
5.59582e+06  3.49582e+06  2.66442  873955  27 
5.73978e+06  3.80826e+06  2.74182  952065  28 
6.09603e+06  3.96651e+06  2.93335  991627  29 
6.36065e+06  4.33889e+06  3.07562  1.08472e+06  30 
6.32903e+06  4.55303e+06  3.05862  1.13826e+06  30 
6.41362e+06  4.43867e+06  3.1041  1.10967e+06  31 
6.77089e+06  4.90609e+06  3.29618  1.22652e+06  32 
7.00108e+06  4.83844e+06  3.41994  1.20961e+06  32 
8.15413e+06  6.50005e+06  4.03985  1.62501e+06  33 
8.34275e+06  6.52884e+06  4.14127  1.63221e+06  34 
8.47838e+06  6.61863e+06  4.21419  1.65466e+06  35 
8.72998e+06  6.65686e+06  4.34945  1.66421e+06  36 
9.3109e+06  7.3717e+06  4.66177  1.84293e+06  37 
1.01225e+07  7.91239e+06  5.09814  1.9781e+06  38 
1.06099e+07  8.8382e+06  5.36015  2.20955e+06  39 
1.07752e+07  8.78031e+06  5.44903  2.19508e+06  39 
1.21704e+07  1.01261e+07  6.19916  2.53153e+06  40 
1.23338e+07  1.00687e+07  6.28701  2.51718e+06  40 
1.25387e+07  1.05441e+07  6.39715  2.63601e+06  41 
1.29013e+07  1.06817e+07  6.59208  2.67044e+06  42 
1.54612e+07  1.34856e+07  7.96841  3.37139e+06  43 
1.92592e+07  1.7116e+07  10.0103  4.279e+06  44 
1.95046e+07  1.76835e+07  10.1423  4.42088e+06  45 

1.12272e+06  2.35461  0.259527  0.588653  0 
2.25768e+06  0.82708  0.86972  0.20677  0 
1.60944e+06  0.968452  0.521204  0.242113  0 
1.22472e+06  1.50694  0.314366  0.376735  0 
1.36368e+06  1.09666  0.389075  0.274166  0 
1.14528e+06  2.12322  0.271656  0.530805  0 
1.2876e+06  1.30846  0.348172  0.327115  0 
1.24272e+06  1.38475  0.324043  0.346187  0 
2.01168e+06  0.883482  0.737462  0.22087  0 
1.92648e+06  0.893386  0.691656  0.223347  0 
1.88136e+06  0.896538  0.667398  0.224135  0 
1.33632e+06  1.2058  0.374366  0.30145  0 
1.54896e+06  1.04146  0.488688  0.260364  0 
1.20528e+06  1.79941  0.303914  0.449853  0 
1.2612e+06  1.35788  0.333978  0.339471  0 
1.59168e+06  1.02993  0.511656  0.257481  0 
1.75704e+06  0.957615  0.600559  0.239404  0 
1.30536e+06  1.34247  0.35772  0.335617  1 
1.45632e+06  1.17838  0.438882  0.294595  2 
1.4568e+06  1.13905  0.43914  0.284762  0 
1.6092e+06  1.05598  0.521075  0.263996  0 
1.34136e+06  1.2529  0.377075  0.313224  0 
1.59888e+06  1.08081  0.515527  0.270202  2 
1.77192e+06  0.967073  0.608559  0.241768  0 
1.20912e+06  2.09852  0.305978  0.524631  0 
1.33848e+06  1.31105  0.375527  0.327762  1 
1.39512e+06  1.18144  0.405978  0.29536  1 
1.66416e+06  0.995051  0.550624  0.248763  1 
1.60488e+06  1.06033  0.518753  0.265083  2 
1.22784e+06  1.67053  0.316043  0.417632  2 
1.19616e+06  2.19481  0.299011  0.548703  3 
1.59336e+06  1.1148  0.512559  0.278701  2 
1.55232e+06  1.12328  0.490495  0.280819  0 
1.2984e+06  1.46225  0.353978  0.365561  2 
1.73808e+06  1.08131  0.590366  0.270326  0 
1.50672e+06  1.1402  0.465978  0.28505  2 
1.47336e+06  1.17867  0.448043  0.294668  3 
1.63464e+06  1.10009  0.534753  0.275022  0 
2.1204e+06  0.985141  0.795914  0.246285  1 
1.2852e+06  1.78321  0.346882  0.445802  3 
1.41888e+06  1.4089  0.418753  0.352225  2 
1.75368e+06  1.00473  0.598753  0.251183  2 
1.35648e+06  1.45438  0.385204  0.363595  2 
1.26552e+06  2.38829  0.336301  0.597073  4 
1.27512e+06  2.11046  0.341462  0.527616  3 
1.33728e+06  1.48379  0.374882  0.370948  5 
1.31568e+06  1.62609  0.363269  0.406522  3 
1.30224e+06  1.72015  0.356043  0.430037  2 
1.84776e+06  1.0536  0.649333  0.2634  5 
1.5288e+06  1.21398  0.477849  0.303495  0 
1.98e+06  1.02743  0.72043  0.256856  3 
1.52544e+06  1.21929  0.476043  0.304823  3 
1.49208e+06  1.24151  0.458108  0.310378  4 
1.69488e+06  1.10507  0.56714  0.276267  2 
1.33152e+06  1.73434  0.371785  0.433585  4 
1.42608e+06  1.42993  0.422624  0.357482  3 
1.34736e+06  1.54702  0.380301  0.386754  1 
1.77336e+06  1.05746  0.609333  0.264364  2 
1.53552e+06  1.16722  0.481462  0.291805  2 
1.31856e+06  1.90516  0.364817  0.47629  4 
1.28856e+06  2.04484  0.348688  0.511209  3 
1.65168e+06  1.11195  0.543914  0.277987  1 
1.48896e+06  1.26252  0.45643  0.31563  0 
1.50312e+06  1.2272  0.464043  0.306801  3 
1.79376e+06  1.1095  0.620301  0.277374  4 
1.50264e+06  1.46933  0.463785  0.367334  5 
1.54392e+06  1.18997  0.485978  0.297493  2 
1.32264e+06  2.06032  0.367011  0.515079  4 
1.48752e+06  1.47717  0.455656  0.369292  5 
1.84392e+06  1.06806  0.647269  0.267015  2 
1.8048e+06  1.08832  0.626237  0.27208  4 
1.46376e+06  1.52005  0.442882  0.380013  0 
1.35288e+06  1.5834  0.383269  0.395851  4 
1.50816e+06  1.2306  0.466753  0.30765  3 
1.67568e+06  1.11216  0.556817  0.278041  3 
1.61088e+06  1.18994  0.521978  0.297486  4 
1.3296e+06  2.25461  0.370753  0.563652  0 
1.43784e+06  1.59997  0.428946  0.399992  4 
1.36152e+06  1.74432  0.387914  0.436081  4 
1.764e+06  1.14771  0.604301  0.286927  1 
1.94256e+06  1.09824  0.700301  0.274559  1 
1.9572e+06  1.09444  0.708172  0.273609  3 
1.8072e+06  1.10505  0.627527  0.276262  4 
1.48728e+06  1.5831  0.455527  0.395775  1 
1.51368e+06  1.29182  0.46972  0.322956  4 
1.63512e+06  1.20358  0.535011  0.300894  5 
1.58256e+06  1.2324  0.506753  0.3081  2 
1.51752e+06  1.34345  0.471785  0.335862  4 
1.6848e+06  1.21172  0.56172  0.302929  1 
1.83408e+06  1.1253  0.641978  0.281325  4 
1.52832e+06  1.30668  0.477591  0.32667  0 
1.8612e+06  1.12505  0.656559  0.281262  5 
1.52592e+06  1.32021  0.476301  0.330052  5 
1.41816e+06  1.75188  0.418366  0.437971  0 
1.96272e+06  1.13071  0.71114  0.282679  6 
1.60032e+06  1.35326  0.516301  0.338314  0 
1.53456e+06  1.42654  0.480946  0.356636  5 
1.52472e+06  1.48165  0.475656  0.370412  6 
1.55472e+06  1.45392  0.491785  0.363481  0 
1.57015e+06  38229.5  0.50008  9557.38  0 

1.10472e+06  2.24376  0.249849  0.560941  0 
2.25768e+06  0.82708  0.86972  0.20677  0 
1.58832e+06  0.929455  0.509849  0.232364  0 
1.17264e+06  1.36028  0.286366  0.340069  0 
1.41312e+06  0.996579  0.415656  0.249145  0 
1.24272e+06  1.07823  0.324043  0.269557  0 
1.10664e+06  2.0733  0.250882  0.518324  0 
1.17984e+06  1.20468  0.290237  0.30117  0 
1.11912e+06  1.95458  0.257591  0.488645  0 
1.13064e+06  1.37646  0.263785  0.344116  0 
1.37256e+06  1.0097  0.393849  0.252426  0 
1.9512e+06  0.869767  0.704946  0.217442  0 
1.54224e+06  0.948217  0.485075  0.237054  0 
1.9116e+06  0.881291  0.683656  0.220323  0 
1.22496e+06  1.12742  0.314495  0.281856  0 
1.52568e+06  0.952353  0.476172  0.238088  0 
1.85904e+06  0.898063  0.655398  0.224516  0 
1.81536e+06  0.899191  0.631914  0.224798  0 
1.4352e+06  0.970683  0.427527  0.242671  0 
1.79736e+06  0.907032  0.622237  0.226758  0 
1.34568e+06  1.05888  0.379398  0.26472  0 
1.788e+06  0.91282  0.617204  0.228205  0 
1.71528e+06  0.913361  0.578108  0.22834  0 
1.32048e+06  1.06255  0.365849  0.265637  0 
1.39872e+06  1.00021  0.407914  0.250053  0 
1.57176e+06  0.938984  0.500946  0.234746  0 
1.5852e+06  0.933967  0.508172  0.233492  0 
1.68696e+06  0.924608  0.562882  0.231152  0 
1.42104e+06  0.994066  0.419914  0.248516  0 
1.31616e+06  1.07599  0.363527  0.268997  0 
1.66872e+06  0.927996  0.553075  0.231999  0 
1.80744e+06  0.906432  0.627656  0.226608  0 
1.6548e+06  0.929032  0.545591  0.232258  0 
1.53096e+06  0.952089  0.479011  0.238022  0 
1.20744e+06  1.62058  0.305075  0.405144  0 
1.3392e+06  1.06687  0.375914  0.266717  0 
1.254e+06  1.17625  0.330108  0.294063  0 
1.39968e+06  1.00537  0.40843  0.251342  0 
1.25952e+06  1.14883  0.333075  0.287206  0 
1.75512e+06  0.923601  0.599527  0.2309  0 
1.3872e+06  1.0552  0.40172  0.263799  0 
1.48464e+06  0.977074  0.454108  0.244268  0 
1.85952e+06  0.914958  0.655656  0.22874  0 
1.53048e+06  0.968736  0.478753  0.242184  0 
1.88112e+06  0.899033  0.667269  0.224758  0 
1.26216e+06  1.12108  0.334495  0.28027  0 
1.2372e+06  1.26341  0.321075  0.315853  0 
1.33776e+06  1.07147  0.37514  0.267867  0 
1.33056e+06  1.07373  0.371269  0.268433  0 
1.22352e+06  1.46252  0.31372  0.365631  0 
1.37808e+06  1.05713  0.396817  0.264282  0 
1.55112e+06  0.957468  0.489849  0.239367  0 
1.5888e+06  0.942804  0.510108  0.235701  0 
1.82136e+06  0.922347  0.63514  0.230587  0 
1.15536e+06  1.63637  0.277075  0.409091  0 
1.92024e+06  0.881603  0.688301  0.220401  0 
1.56912e+06  0.950529  0.499527  0.237632  0 
1.62408e+06  0.929997  0.529075  0.232499  0 
1.8348e+06  0.918671  0.642366  0.229668  0 
1.524e+06  0.973497  0.475269  0.243374  0 
1.13808e+06  2.15649  0.267785  0.539123  0 
2.00616e+06  0.902368  0.734495  0.225592  0 
1.40472e+06  1.04028  0.41114  0.26007  0 
1.19808e+06  2.17026  0.300043  0.542564  0 
1.1844e+06  2.27461  0.292688  0.568653  0 
1.77048e+06  0.924834  0.607785  0.231208  0 
1.20696e+06  2.04687  0.304817  0.511718  0 
1.36056e+06  1.07302  0.387398  0.268256  0 
2.08368e+06  0.893523  0.776172  0.223381  0 
1.53408e+06  0.970483  0.480688  0.242621  0 
1.30752e+06  1.19591  0.358882  0.298978  0 
1.33416e+06  1.1176  0.373204  0.2794  0 
1.49112e+06  0.992042  0.457591  0.248011  0 
1.18512e+06  2.21382  0.293075  0.553454  0 
1.47984e+06  1.01193  0.451527  0.252983  0 
1.308e+06  1.15564  0.35914  0.288909  2 
1.29696e+06  1.19774  0.353204  0.299435  0 
1.2372e+06  1.33722  0.321075  0.334304  0 
1.88448e+06  0.913718  0.669075  0.228429  0 
1.28496e+06  1.26915  0.346753  0.317287  0 
1.27224e+06  1.31971  0.339914  0.329928  1 
1.8984e+06  0.905419  0.676559  0.226355  0 
1.932e+06  0.904573  0.694624  0.226143  0 
1.41504e+06  1.03848  0.416688  0.259619  0 
1.5516e+06  0.963296  0.490108  0.240824  0 
1.704e+06  0.933168  0.572043  0.233292  0 
1.1532e+06  2.30207  0.275914  0.575517  0 
1.40976e+06  1.16971  0.413849  0.292427  0 
1.7148e+06  0.953863  0.577849  0.238466  0 
1.42128e+06  1.05573  0.420043  0.263934  0 
1.92984e+06  0.91155  0.693462  0.227888  0 
1.69512e+06  0.968813  0.567269  0.242203  0 
1.45104e+06  1.05303  0.436043  0.263257  0 
1.25592e+06  1.45273  0.33114  0.363183  0 
1.2948e+06  1.29197  0.352043  0.322992  0 
1.38624e+06  1.2502  0.401204  0.31255  0 
1.91592e+06  0.913716  0.685978  0.228429  0 
1.53672e+06  1.00752  0.482108  0.251881  0 
1.25328e+06  1.53307  0.32972  0.383268  0 
2.01264e+06  0.906028  0.737978  0.226507  0 

1.05528e+06  2.12076  0.223269  0.53019  0 
2.22792e+06  0.81798  0.85372  0.204495  0 
1.63224e+06  0.885706  0.533462  0.221426  0 
1.18824e+06  1.14292  0.294753  0.285729  0 
1.5192e+06  0.911054  0.472688  0.227764  0 
1.41408e+06  0.93118  0.416172  0.232795  0 
1.1052e+06  1.85639  0.250108  0.464097  0 
1.11072e+06  1.69379  0.253075  0.423446  0 
1.1148e+06  1.35172  0.255269  0.33793  0 
1.34088e+06  0.984032  0.376817  0.246008  0 
1.25328e+06  1.02789  0.32972  0.256972  0 
1.13904e+06  1.23328  0.268301  0.308319  0 
1.2048e+06  1.04076  0.303656  0.260191  0 
2.12256e+06  0.823802  0.797075  0.205951  0 
2.05656e+06  0.833358  0.761591  0.208339  0 
2.03232e+06  0.837475  0.748559  0.209369  0 
1.99656e+06  0.838622  0.729333  0.209656  0 
1.08552e+06  2.0196  0.239527  0.504901  0 
1.31376e+06  0.987207  0.362237  0.246802  0 
1.16952e+06  1.18936  0.284688  0.29734  0 
1.9368e+06  0.846374  0.697204  0.211594  0 
1.39848e+06  0.949133  0.407785  0.237283  0 
1.8948e+06  0.852243  0.674624  0.213061  0 
1.794e+06  0.858446  0.62043  0.214612  0 
1.29624e+06  1.00152  0.352817  0.25038  0 
1.35936e+06  0.959244  0.386753  0.239811  0 
1.1964e+06  1.11741  0.29914  0.279351  0 
1.40016e+06  0.931429  0.408688  0.232857  0 
1.77744e+06  0.869834  0.611527  0.217458  0 
1.48512e+06  0.917729  0.454366  0.229432  0 
1.71288e+06  0.872411  0.576817  0.218103  0 
1.58904e+06  0.898712  0.510237  0.224678  0 
1.47864e+06  0.9211  0.450882  0.230275  0 
1.44888e+06  0.923644  0.434882  0.230911  0 
1.5696e+06  0.903797  0.499785  0.225949  0 
1.55616e+06  0.903852  0.492559  0.225963  0 
1.89312e+06  0.854333  0.67372  0.213583  0 
1.35768e+06  0.981351  0.385849  0.245338  0 
1.55496e+06  0.905953  0.491914  0.226488  0 
1.4784e+06  0.921507  0.450753  0.230377  0 
1.62984e+06  0.898424  0.532172  0.224606  0 
1.182e+06  1.21399  0.291398  0.303497  0 
1.42536e+06  0.952318  0.422237  0.238079  0 
1.58712e+06  0.911672  0.509204  0.227918  0 
1.82088e+06  0.866  0.634882  0.2165  0 
1.90728e+06  0.854077  0.681333  0.213519  0 
1.69512e+06  0.885807  0.567269  0.221452  0 
1.32312e+06  1.00285  0.367269  0.250712  0 
1.14864e+06  1.37864  0.273462  0.34466  0 
2.15448e+06  0.833948  0.814237  0.208487  0 
2.04096e+06  0.840857  0.753204  0.210214  0 
1.21584e+06  1.10267  0.309591  0.275668  0 
1.13568e+06  1.65285  0.266495  0.413214  0 
1.36752e+06  0.996963  0.39114  0.249241  0 
1.75392e+06  0.87584  0.598882  0.21896  0 
1.4928e+06  0.921849  0.458495  0.230462  0 
1.25688e+06  1.08524  0.331656  0.271309  0 
1.17792e+06  1.24498  0.289204  0.311246  0 
1.308e+06  1.02008  0.35914  0.255021  1 
1.55712e+06  0.917506  0.493075  0.229376  0 
1.97736e+06  0.850075  0.719011  0.212519  0 
1.15176e+06  1.2883  0.27514  0.322076  0 
1.21488e+06  1.21227  0.309075  0.303067  1 
1.2648e+06  1.06405  0.335914  0.266012  0 
2.12712e+06  0.834494  0.799527  0.208624  0 
1.53072e+06  0.918879  0.478882  0.22972  0 
1.63824e+06  0.88694  0.536688  0.221735  0 
1.92864e+06  0.853317  0.692817  0.213329  0 
1.43424e+06  0.933518  0.427011  0.23338  0 
1.30008e+06  1.04373  0.354882  0.260931  0 
1.35264e+06  0.998026  0.38314  0.249506  1 
1.28664e+06  1.05428  0.347656  0.263571  0 
1.78416e+06  0.873432  0.61514  0.218358  0 
1.1172e+06  1.69359  0.256559  0.423398  0 
1.56648e+06  0.914422  0.498108  0.228605  0 
1.85736e+06  0.858517  0.654495  0.214629  0 
1.73976e+06  0.88211  0.591269  0.220528  0 
1.58928e+06  0.900781  0.510366  0.225195  0 
1.1124e+06  2.10306  0.253978  0.525765  0 
1.74912e+06  0.881909  0.596301  0.220477  0 
1.46736e+06  0.923872  0.444817  0.230968  0 
2.07576e+06  0.837334  0.771914  0.209333  0 
1.40448e+06  0.997973  0.411011  0.249493  0 
2.06808e+06  0.841494  0.767785  0.210374  0 
1.6644e+06  0.891475  0.550753  0.222869  0 
1.578e+06  0.921646  0.504301  0.230412  0 
1.38336e+06  1.0018  0.399656  0.250451  0 
1.48848e+06  0.924273  0.456172  0.231068  0 
1.87728e+06  0.867245  0.665204  0.216811  0 
1.77024e+06  0.883783  0.607656  0.220946  0 
2.184e+06  0.838857  0.830108  0.209714  0 
1.20984e+06  1.58042  0.306366  0.395105  0 
1.4256e+06  0.977559  0.422366  0.24439  0 
1.374e+06  1.02115  0.394624  0.255289  0 
1.90752e+06  0.862471  0.681462  0.215618  0 
1.25688e+06  1.22277  0.331656  0.305693  0 
1.60704e+06  0.901665  0.519914  0.225416  0 
1.28016e+06  1.07081  0.344172  0.267704  0 
1.6008e+06  0.908757  0.516559  0.227189  0 
1.21896e+06  1.33666  0.311269  0.334165  0 

988800  1.88418  0.187527  0.471044  0 
2.14776e+06  0.805353  0.810624  0.201338  0 
1.668e+06  0.85845  0.552688  0.214613  0 
1.23816e+06  0.960357  0.321591  0.240089  0 
1.02432e+06  1.4304  0.206624  0.3576  0 
1.09896e+06  1.15666  0.246753  0.289164  0 
1.17312e+06  1.01746  0.286624  0.254366  0 
1.05312e+06  1.29672  0.222108  0.324181  0 
1.5948e+06  0.862517  0.513333  0.215629  0 
1.51728e+06  0.874472  0.471656  0.218618  0 
1.47216e+06  0.890431  0.447398  0.222608  0 
1.14144e+06  1.05846  0.269591  0.264614  0 
1.43304e+06  0.895131  0.426366  0.223783  0 
1.11168e+06  1.09552  0.253591  0.273879  0 
1.40904e+06  0.910972  0.413462  0.227743  0 
1.3788e+06  0.911662  0.397204  0.227915  0 
2.08848e+06  0.813102  0.778753  0.203275  0 
2.03904e+06  0.813352  0.752172  0.203338  0 
1.97064e+06  0.818734  0.715398  0.204683  0 
1.03488e+06  1.36669  0.212301  0.341672  0 
1.3452e+06  0.924719  0.37914  0.23118  0 
1.92264e+06  0.822879  0.689591  0.20572  0 
1.84872e+06  0.827238  0.649849  0.206809  0 
1.08576e+06  1.20242  0.239656  0.300606  0 
1.0704e+06  1.26866  0.231398  0.317164  0 
1.31568e+06  0.932735  0.363269  0.233184  0 
1.83768e+06  0.833474  0.643914  0.208369  0 
1.14264e+06  1.03593  0.270237  0.258983  0 
1.01304e+06  1.86264  0.200559  0.465659  0 
1.22952e+06  0.973735  0.316946  0.243434  0 
1.7892e+06  0.840172  0.617849  0.210043  0 
1.3008e+06  0.942226  0.355269  0.235557  0 
1.27704e+06  0.943677  0.342495  0.235919  0 
1.7808e+06  0.842109  0.613333  0.210527  0 
1.1916e+06  1.0019  0.296559  0.250475  0 
1.76832e+06  0.842982  0.606624  0.210745  0 
1.73256e+06  0.844078  0.587398  0.211019  0 
1.01832e+06  1.57169  0.203398  0.392923  0 
1.0656e+06  1.27933  0.228817  0.319832  0 
1.4988e+06  0.881259  0.46172  0.220315  0 
1.4196e+06  0.902914  0.41914  0.225729  0 
1.7268e+06  0.850942  0.584301  0.212736  0 
1.37112e+06  0.917669  0.393075  0.229417  0 
1.18512e+06  1.01048  0.293075  0.252619  0 
1.71504e+06  0.851826  0.577978  0.212956  0 
1.1808e+06  1.01104  0.290753  0.252761  0 
1.17024e+06  1.02579  0.285075  0.256448  0 
1.58712e+06  0.869379  0.509204  0.217345  0 
1.41744e+06  0.904249  0.417978  0.226062  0 
1.36896e+06  0.918694  0.391914  0.229673  0 
1.92e+06  0.823069  0.688172  0.205767  0 
1.3104e+06  0.938639  0.36043  0.23466  0 
1.65384e+06  0.858999  0.545075  0.21475  0 
1.26384e+06  0.957068  0.335398  0.239267  0 
1.8312e+06  0.837543  0.64043  0.209386  0 
1.41024e+06  0.908913  0.414108  0.227228  0 
1.67568e+06  0.856494  0.556817  0.214123  0 
1.58016e+06  0.872525  0.505462  0.218131  0 
1.57176e+06  0.873033  0.500946  0.218258  0 
1.63656e+06  0.861118  0.535785  0.215279  0 
1.36488e+06  0.923476  0.38972  0.230869  0 
1.2756e+06  0.955929  0.34172  0.238982  0 
1.22904e+06  0.999243  0.316688  0.249811  0 
1.3632e+06  0.92402  0.388817  0.231005  0 
1.56648e+06  0.873841  0.498108  0.21846  0 
1.33536e+06  0.9322  0.373849  0.23305  0 
1.39344e+06  0.911524  0.405075  0.227881  0 
2.07144e+06  0.813266  0.769591  0.203316  0 
1.40928e+06  0.914787  0.413591  0.228697  0 
1.04352e+06  1.49241  0.216946  0.373103  0 
1.19712e+06  1.00305  0.299527  0.250763  0 
1.87704e+06  0.829261  0.665075  0.207315  0 
1.2516e+06  0.972738  0.328817  0.243185  0 
1.47696e+06  0.894582  0.449978  0.223646  0 
1.9476e+06  0.827438  0.703011  0.206859  0 
1.32456e+06  0.943264  0.368043  0.235816  0 
1.37352e+06  0.921865  0.394366  0.230466  0 
1.71816e+06  0.852474  0.579656  0.213119  0 
2.05032e+06  0.817372  0.758237  0.204343  0 
1.3572e+06  0.927834  0.385591  0.231958  0 
1.35768e+06  0.925103  0.385849  0.231276  0 
1.06776e+06  1.3143  0.229978  0.328575  1 
1.66008e+06  0.866267  0.54843  0.216567  0 
1.66512e+06  0.865479  0.55114  0.21637  1 
1.284e+06  0.95376  0.346237  0.23844  0 
1.02456e+06  1.85556  0.206753  0.46389  0 
1.46664e+06  0.902798  0.44443  0.2257  0 
1.05408e+06  1.3382  0.222624  0.33455  0 
1.82352e+06  0.842681  0.636301  0.21067  0 
1.73904e+06  0.851115  0.590882  0.212779  0 
1.31352e+06  0.945998  0.362108  0.236499  0 
1.2744e+06  0.96568  0.341075  0.24142  0 
1.73928e+06  0.844675  0.591011  0.211169  0 
2.00376e+06  0.821919  0.733204  0.20548  0 
1.01496e+06  1.86341  0.201591  0.465853  0 
1.1952e+06  1.01042  0.298495  0.252604  0 
1.16208e+06  1.05673  0.280688  0.264183  0 
1.08936e+06  1.27334  0.241591  0.318336  0 
1.40472e+06  0.919829  0.41114  0.229957  0 
1.05792e+06  1.32561  0.224688  0.331402  0 

983760  1.88141  0.184817  0.470353  0 
2.19696e+06  0.799428  0.837075  0.199857  0 
1.7028e+06  0.835894  0.571398  0.208974  0 
1.25904e+06  0.935781  0.332817  0.233945  0 
1.00416e+06  1.31963  0.195785  0.329908  0 
1.12416e+06  1.03278  0.260301  0.258195  0 
1.04736e+06  1.1145  0.219011  0.278624  0 
1.6524e+06  0.845417  0.544301  0.211354  0 
1.6128e+06  0.846745  0.523011  0.211686  0 
1.21008e+06  0.949877  0.306495  0.237469  0 
1.56504e+06  0.857856  0.497333  0.214464  0 
1.51512e+06  0.859045  0.470495  0.214761  0 
1.44816e+06  0.872218  0.434495  0.218055  0 
1.17696e+06  0.971804  0.288688  0.242951  0 
1.40448e+06  0.879654  0.411011  0.219914  0 
1.36992e+06  0.886243  0.39243  0.221561  0 
1.02528e+06  1.27391  0.20714  0.318478  0 
1.08816e+06  1.07506  0.240946  0.268766  0 
1.33824e+06  0.898763  0.375398  0.224691  0 
2.1744e+06  0.801781  0.824946  0.200445  0 
2.15112e+06  0.802264  0.81243  0.200566  0 
1.1592e+06  1.00009  0.27914  0.250022  0 
1.07064e+06  1.08363  0.231527  0.270908  0 
2.03856e+06  0.805441  0.751914  0.20136  0 
2.01912e+06  0.808256  0.741462  0.202064  0 
1.95744e+06  0.810603  0.708301  0.202651  0 
1.92888e+06  0.812536  0.692946  0.203134  0 
1.11216e+06  1.05189  0.253849  0.262971  0 
1.3128e+06  0.913109  0.36172  0.228277  0 
1.86216e+06  0.813461  0.657075  0.203365  0 
1.8216e+06  0.813791  0.635269  0.203448  0 
1.30152e+06  0.918618  0.355656  0.229654  0 
1.14072e+06  1.01566  0.269204  0.253914  0 
1.0152e+06  1.30301  0.20172  0.325752  0 
1.80864e+06  0.819543  0.628301  0.204886  0 
1.8e+06  0.820059  0.623656  0.205015  0 
1.12752e+06  1.01804  0.262108  0.254509  0 
1.29024e+06  0.921438  0.349591  0.230359  0 
1.24872e+06  0.936419  0.327269  0.234105  0 
1.7856e+06  0.822743  0.615914  0.205686  0 
1.11888e+06  1.03447  0.257462  0.258617  0 
1.5084e+06  0.861065  0.466882  0.215266  0 
1.20408e+06  0.960734  0.303269  0.240184  0 
1.494e+06  0.861446  0.45914  0.215361  0 
1.28544e+06  0.926372  0.347011  0.231593  0 
1.76472e+06  0.826964  0.604688  0.206741  0 
1.24464e+06  0.93675  0.325075  0.234187  0 
1.75464e+06  0.827306  0.599269  0.206827  0 
1.74024e+06  0.827335  0.591527  0.206834  0 
1.10832e+06  1.06505  0.251785  0.266262  0 
1.73064e+06  0.827659  0.586366  0.206915  0 
1.2312e+06  0.942007  0.317849  0.235502  0 
1.71912e+06  0.829483  0.580172  0.207371  0 
1.27056e+06  0.929574  0.339011  0.232394  0 
1.2012e+06  0.96185  0.30172  0.240462  0 
1.60848e+06  0.851723  0.520688  0.212931  0 
1.58232e+06  0.852093  0.506624  0.213023  0 
1.15656e+06  1.01029  0.27772  0.252573  0 
1.15296e+06  1.01048  0.275785  0.252621  0 
1.69992e+06  0.840595  0.569849  0.210149  0 
1.69272e+06  0.840741  0.565978  0.210185  0 
1.33632e+06  0.908162  0.374366  0.227041  0 
1.49232e+06  0.864591  0.458237  0.216148  0 
1.22136e+06  0.946735  0.312559  0.236684  0 
1.6908e+06  0.842382  0.564946  0.210596  0 
1.33104e+06  0.910298  0.371527  0.227574  0 
1.68936e+06  0.842952  0.564172  0.210738  0 
1.3116e+06  0.916169  0.361075  0.229042  0 
1.67112e+06  0.842982  0.554366  0.210746  0 
1.19112e+06  0.969799  0.296301  0.24245  0 
1.13976e+06  1.01615  0.268688  0.254038  0 
1.66248e+06  0.843599  0.54972  0.2109  0 
2.0328e+06  0.806507  0.748817  0.201627  0 
1.06992e+06  1.09452  0.23114  0.273629  0 
1.63992e+06  0.845487  0.537591  0.211372  0 
1.20816e+06  0.959685  0.305462  0.239921  0 
1.27008e+06  0.934149  0.338753  0.233537  0 
1.31112e+06  0.91635  0.360817  0.229088  0 
1.43424e+06  0.878675  0.427011  0.219669  0 
1.06464e+06  1.11359  0.228301  0.278397  0 
1.05312e+06  1.11363  0.222108  0.278407  0 
1.08528e+06  1.08296  0.239398  0.270739  0 
2.13912e+06  0.80479  0.805978  0.201197  0 
1.02384e+06  1.30239  0.206366  0.325598  0 
1.7964e+06  0.822165  0.62172  0.205541  0 
1.15896e+06  1.00857  0.279011  0.252142  0 
1.48728e+06  0.871852  0.455527  0.217963  0 
1.76328e+06  0.826974  0.603914  0.206743  0 
1.73736e+06  0.82738  0.589978  0.206845  0 
1.85664e+06  0.813521  0.654108  0.20338  0 
1.55064e+06  0.858896  0.489591  0.214724  0 
1.10928e+06  1.06499  0.252301  0.266246  0 
1.13424e+06  1.01803  0.26572  0.254509  0 
1.06992e+06  1.09452  0.23114  0.273629  0 
1.06992e+06  1.09452  0.23114  0.273629  0 
1.44816e+06  0.872218  0.434495  0.218055  0 
1.71912e+06  0.829483  0.580172  0.207371  0 
1.36992e+06  0.886243  0.39243  0.221561  0 
1.1592e+06  1.00009  0.27914  0.250022  0 
1.14072e+06  1.01566  0.269204  0.253914  0 

962880  1.89651  0.173591  0.474128  0 
2.24208e+06  0.796829  0.861333  0.199207  0 
1.73304e+06  0.822703  0.587656  0.205676  0 
1.26624e+06  0.905847  0.336688  0.226462  0 
1.002e+06  1.27653  0.194624  0.319131  0 
1.12704e+06  0.989058  0.261849  0.247265  0 
1.03776e+06  1.09427  0.213849  0.273567  0 
1.6908e+06  0.832088  0.564946  0.208022  0 
1.64304e+06  0.835155  0.539269  0.208789  0 
970320  1.46188  0.177591  0.36547  0 
1.60536e+06  0.839912  0.519011  0.209978  0 
1.09872e+06  1.00833  0.246624  0.252082  0 
1.56552e+06  0.846304  0.497591  0.211576  0 
1.23888e+06  0.924002  0.321978  0.231  0 
1.53504e+06  0.853329  0.481204  0.213332  0 
1.46664e+06  0.858245  0.44443  0.214561  0 
1.428e+06  0.863768  0.423656  0.215942  0 
1.21848e+06  0.947698  0.311011  0.236925  0 
982800  1.39684  0.184301  0.34921  0 
1.19544e+06  0.949134  0.298624  0.237284  0 
1.01952e+06  1.22482  0.204043  0.306205  0 
1.3956e+06  0.870258  0.406237  0.217565  0 
1.1784e+06  0.958515  0.289462  0.239629  0 
1.0848e+06  1.04574  0.23914  0.261436  0 
1.37496e+06  0.876243  0.39514  0.219061  0 
1.02624e+06  1.1782  0.207656  0.294551  0 
1.00848e+06  1.24819  0.198108  0.312047  0 
2.19696e+06  0.799428  0.837075  0.199857  0 
1.06632e+06  1.07142  0.229204  0.267855  0 
1.362e+06  0.883074  0.388172  0.220769  0 
2.15208e+06  0.801135  0.812946  0.200284  0 
1.99248e+06  0.80239  0.72714  0.200597  0 
1.1676e+06  0.969062  0.283656  0.242265  0 
1.15512e+06  0.969793  0.276946  0.242448  0 
974640  1.44404  0.179914  0.36101  0 
1.34184e+06  0.890013  0.377333  0.222503  0 
1.33224e+06  0.890906  0.372172  0.222726  0 
1.96848e+06  0.808449  0.714237  0.202112  0 
1.05648e+06  1.0814  0.223914  0.270349  0 
1.95744e+06  0.810603  0.708301  0.202651  0 
1.23288e+06  0.936522  0.318753  0.234131  0 
1.22712e+06  0.936599  0.315656  0.23415  0 
1.0212e+06  1.21019  0.204946  0.302548  0 
1.86888e+06  0.812453  0.660688  0.203113  0 
1.14576e+06  0.978878  0.271914  0.244719  0 
1.86264e+06  0.812937  0.657333  0.203234  0 
1.2588e+06  0.914434  0.332688  0.228609  0 
1.8216e+06  0.813791  0.635269  0.203448  0 
1.25424e+06  0.915667  0.330237  0.228917  0 
1.80816e+06  0.814398  0.628043  0.203599  0 
1.05048e+06  1.08623  0.220688  0.271557  0 
1.11792e+06  1.00034  0.256946  0.250086  0 
1.78392e+06  0.815534  0.615011  0.203884  0 
1.77528e+06  0.81554  0.610366  0.203885  0 
976320  1.43713  0.180817  0.359283  0 
1.35768e+06  0.883151  0.385849  0.220788  0 
1.13832e+06  0.982746  0.267914  0.245686  0 
1.32192e+06  0.899603  0.366624  0.224901  0 
1.00272e+06  1.27076  0.195011  0.31769  0 
1.11384e+06  1.00257  0.254753  0.250642  0 
1.30848e+06  0.900135  0.359398  0.225034  0 
1.10712e+06  1.00267  0.25114  0.250668  0 
1.25184e+06  0.919316  0.328946  0.229829  0 
1.56336e+06  0.847693  0.49643  0.211923  0 
1.70784e+06  0.827453  0.574108  0.206863  0 
1.22232e+06  0.943941  0.313075  0.235985  0 
1.29696e+06  0.90216  0.353204  0.22554  0 
1.53288e+06  0.854609  0.480043  0.213652  0 
1.37328e+06  0.878616  0.394237  0.219654  0 
1.00032e+06  1.38337  0.19372  0.345842  0 
1.42104e+06  0.866722  0.419914  0.216681  0 
1.28328e+06  0.902405  0.345849  0.225601  0 
1.2768e+06  0.902734  0.342366  0.225683  0 
1.54584e+06  0.850226  0.487011  0.212556  0 
1.52616e+06  0.855272  0.47643  0.213818  0 
1.59576e+06  0.843379  0.513849  0.210845  0 
1.356e+06  0.887247  0.384946  0.221812  0 
1.51392e+06  0.855586  0.469849  0.213897  0 
1.67784e+06  0.832821  0.557978  0.208205  0 
1.46568e+06  0.86091  0.443914  0.215228  0 
1.09344e+06  1.04375  0.243785  0.260936  0 
1.70448e+06  0.830606  0.572301  0.207652  0 
1.21176e+06  0.947714  0.307398  0.236928  0 
1.638e+06  0.838721  0.536559  0.20968  0 
1.23696e+06  0.935403  0.320946  0.233851  0 
1.20672e+06  0.948103  0.304688  0.237026  0 
992400  1.39582  0.189462  0.348956  0 
1.22136e+06  0.946735  0.312559  0.236684  0 
1.18584e+06  0.957863  0.293462  0.239466  0 
1.34088e+06  0.890463  0.376817  0.222616  0 
1.37304e+06  0.882646  0.394108  0.220662  0 
1.32144e+06  0.899722  0.366366  0.224931  0 
1.02048e+06  1.22445  0.204559  0.306114  0 
1.00944e+06  1.24807  0.198624  0.312019  0 
1.66968e+06  0.835094  0.553591  0.208773  0 
1.08984e+06  1.04571  0.241849  0.261427  0 
1.09872e+06  1.00833  0.246624  0.252082  0 
1.06632e+06  1.07142  0.229204  0.267855  0 
1.11168e+06  1.09889  0.253591  0.274722  0 
1.13928e+06  0.984908  0.26843  0.246227  0 

962880  1.89651  0.173591  0.474128  0 
2.26512e+06  0.795508  0.87372  0.198877  0 
1.75728e+06  0.814378  0.600688  0.203594  0 
1.2828e+06  0.896127  0.345591  0.224032  0 
998880  1.24749  0.192946  0.311873  0 
1.14672e+06  0.960337  0.27243  0.240084  0 
1.05672e+06  1.05975  0.224043  0.264938  0 
1.02024e+06  1.15726  0.20443  0.289315  0 
1.71264e+06  0.818667  0.576688  0.204667  0 
965040  1.52355  0.174753  0.380889  0 
1.66632e+06  0.826168  0.551785  0.206542  0 
1.02408e+06  1.09027  0.206495  0.272567  0 
1.11552e+06  0.993067  0.255656  0.248267  0 
1.6116e+06  0.833083  0.522366  0.208271  0 
969840  1.44161  0.177333  0.360404  0 
1.55784e+06  0.840539  0.493462  0.210135  0 
1.25112e+06  0.908462  0.328559  0.227115  0 
1.524e+06  0.844593  0.475269  0.211148  0 
1.4904e+06  0.850736  0.457204  0.212684  0 
976080  1.39746  0.180688  0.349366  0 
1.23072e+06  0.90911  0.317591  0.227278  0 
1.09224e+06  1.01668  0.24314  0.25417  0 
1.46664e+06  0.858245  0.44443  0.214561  0 
1.44744e+06  0.860717  0.434108  0.215179  0 
1.428e+06  0.863768  0.423656  0.215942  0 
1.00728e+06  1.18174  0.197462  0.295436  0 
1.40328e+06  0.869006  0.410366  0.217252  0 
1.38792e+06  0.86939  0.402108  0.217348  0 
1.21464e+06  0.934786  0.308946  0.233696  0 
1.13304e+06  0.96966  0.265075  0.242415  0 
988080  1.29677  0.18714  0.324193  0 
1.37424e+06  0.874477  0.394753  0.218619  0 
1.04448e+06  1.07188  0.217462  0.267969  0 
2.22528e+06  0.796196  0.852301  0.199049  0 
1.35504e+06  0.878964  0.38443  0.219741  0 
1.20672e+06  0.935819  0.304688  0.233955  0 
1.06464e+06  1.04317  0.228301  0.260792  0 
2.18736e+06  0.799277  0.831914  0.199819  0 
1.12248e+06  0.978496  0.259398  0.244624  0 
1.19712e+06  0.946309  0.299527  0.236577  0 
1.10712e+06  1.00267  0.25114  0.250668  0 
1.22136e+06  0.920936  0.312559  0.230234  0 
2.15184e+06  0.800825  0.812817  0.200206  0 
2.04e+06  0.801012  0.752688  0.200253  0 
1.32888e+06  0.883506  0.370366  0.220876  0 
1.99248e+06  0.80239  0.72714  0.200597  0 
1.18752e+06  0.948573  0.294366  0.237143  0 
1.27704e+06  0.897058  0.342495  0.224265  0 
1.3164e+06  0.8849  0.363656  0.221225  0 
1.03944e+06  1.0787  0.214753  0.269676  0 
1.03368e+06  1.0797  0.211656  0.269924  0 
1.30968e+06  0.885769  0.360043  0.221442  0 
1.97256e+06  0.80408  0.71643  0.20102  0 
1.09608e+06  1.00732  0.245204  0.25183  0 
1.93392e+06  0.805624  0.695656  0.201406  0 
1.92336e+06  0.805737  0.689978  0.201434  0 
1.2732e+06  0.897286  0.34043  0.224322  0 
1.89936e+06  0.807223  0.677075  0.201806  0 
1.18272e+06  0.953674  0.291785  0.238418  0 
1.6944e+06  0.820121  0.566882  0.20503  0 
1.26936e+06  0.902935  0.338366  0.225734  0 
1.26432e+06  0.903045  0.335656  0.225761  0 
1.26048e+06  0.903181  0.333591  0.225795  0 
985680  1.39021  0.185849  0.347553  0 
1.83696e+06  0.80951  0.643527  0.202378  0 
1.11984e+06  0.988494  0.257978  0.247123  0 
1.00536e+06  1.24375  0.19643  0.310937  0 
968160  1.46392  0.17643  0.365981  0 
1.37256e+06  0.875437  0.393849  0.218859  0 
1.35e+06  0.880492  0.38172  0.220123  0 
1.42344e+06  0.866011  0.421204  0.216503  0 
1.83048e+06  0.811503  0.640043  0.202876  0 
1.60536e+06  0.837725  0.519011  0.209431  0 
1.3692e+06  0.876217  0.392043  0.219054  0 
1.47576e+06  0.855558  0.449333  0.21389  0 
1.65312e+06  0.830902  0.544688  0.207726  0 
1.52016e+06  0.848562  0.473204  0.21214  0 
1.6884e+06  0.824051  0.563656  0.206013  0 
1.4748e+06  0.85576  0.448817  0.21394  0 
1.37928e+06  0.872557  0.397462  0.218139  0 
1.17816e+06  0.958441  0.289333  0.23961  0 
1.53768e+06  0.842862  0.482624  0.210715  0 
1.61088e+06  0.835505  0.521978  0.208876  0 
1.1868e+06  0.948593  0.293978  0.237148  0 
1.81008e+06  0.812978  0.629075  0.203245  0 
1.4628e+06  0.859322  0.442366  0.21483  0 
1.11432e+06  1.00128  0.255011  0.25032  0 
1.42056e+06  0.867632  0.419656  0.216908  0 
1.37832e+06  0.873435  0.396946  0.218359  0 
975600  1.41697  0.18043  0.354242  0 
1.06416e+06  1.05522  0.228043  0.263806  0 
1.12824e+06  0.977485  0.262495  0.244371  0 
1.1736e+06  0.95946  0.286882  0.239865  0 
1.2048e+06  0.945465  0.303656  0.236366  0 
1.78416e+06  0.813682  0.61514  0.203421  0 
1.3032e+06  0.895578  0.356559  0.223895  0 
1.43496e+06  0.863392  0.427398  0.215848  0 
1.24608e+06  0.908742  0.325849  0.227186  0 
1.24368e+06  0.90901  0.324559  0.227252  0 
1.77552e+06  0.814319  0.610495  0.20358  0 

