2.79019e+07  2.60611e+07  14.6569  6.51527e+06  0 
4.45474e+07  4.26934e+07  23.6061  1.06734e+07  0 
5.84607e+07  5.65234e+07  31.0864  1.41308e+07  0 
2.47342e+15  2.47342e+15  1.3298e+09  6.18355e+14  0 
3.23683e+07  3.0276e+07  17.0582  7.569e+06  0 
9.03811e+13  9.03811e+13  4.8592e+07  2.25953e+13  0 
2.95115e+14  2.95115e+14  1.58664e+08  7.37788e+13  0 
1.23942e+13  1.23942e+13  6.66357e+06  3.09856e+12  0 
6.1647e+13  6.1647e+13  3.31435e+07  1.54117e+13  0 
5.03275e+07  4.85146e+07  26.7137  1.21286e+07  0 
4.99591e+07  4.79133e+07  26.5156  1.19783e+07  0 
8.80494e+07  8.61042e+07  46.9943  2.1526e+07  0 
4.89139e+07  4.69303e+07  25.9537  1.17326e+07  0 
3.83931e+07  3.65158e+07  20.2974  9.12896e+06  0 
3.9465e+13  3.9465e+13  2.12178e+07  9.86626e+12  0 
3.39256e+07  3.18254e+07  17.8955  7.95634e+06  0 
4.32701e+13  4.32701e+13  2.32635e+07  1.08175e+13  0 
4.17692e+15  4.17692e+15  2.24566e+09  1.04423e+15  0 
4.13445e+07  3.92832e+07  21.8842  9.8208e+06  0 
5.76205e+07  5.56074e+07  30.6347  1.39019e+07  0 
1.48312e+14  1.48312e+14  7.97375e+07  3.70779e+13  0 
4.56134e+07  4.36298e+07  24.1792  1.09074e+07  0 
4.33387e+07  4.11737e+07  22.9563  1.02934e+07  0 
4.67682e+07  4.49601e+07  24.8001  1.124e+07  0 
2.66516e+07  2.47177e+07  13.9847  6.17943e+06  0 
4.1942e+07  3.99042e+07  22.2054  9.97604e+06  0 
5.64206e+07  5.43275e+07  29.9896  1.35819e+07  0 
4.91456e+07  4.72319e+07  26.0783  1.1808e+07  0 
1.12727e+14  1.12727e+14  6.06059e+07  2.81817e+13  0 
8.21552e+13  8.21552e+13  4.41695e+07  2.05388e+13  0 
5.84268e+07  5.65485e+07  31.0682  1.41371e+07  0 
2.71405e+07  2.5191e+07  14.2476  6.29774e+06  0 
6.25387e+07  6.05585e+07  33.2789  1.51396e+07  0 
1.1709e+14  1.1709e+14  6.29518e+07  2.92726e+13  0 
1.90934e+13  1.90934e+13  1.02653e+07  4.77336e+12  0 
9.73363e+13  9.73363e+13  5.23313e+07  2.43341e+13  0 
4.57715e+07  4.3804e+07  24.2643  1.0951e+07  0 
4.7888e+07  4.59507e+07  25.4021  1.14877e+07  0 
9.66418e+07  9.46345e+07  51.6139  2.36586e+07  0 
4.90333e+07  4.72664e+07  26.0179  1.18166e+07  0 
2.15953e+07  1.94048e+07  11.2663  4.8512e+06  0 
2.423e+13  2.423e+13  1.30269e+07  6.05751e+12  0 
1.18029e+14  1.18029e+14  6.34564e+07  2.95072e+13  0 
1.64438e+14  1.64438e+14  8.84076e+07  4.11095e+13  0 
5.16239e+13  5.16239e+13  2.77548e+07  1.2906e+13  0 
4.71558e+07  4.50599e+07  25.0085  1.1265e+07  0 
4.45312e+07  4.25452e+07  23.5974  1.06363e+07  0 
4.16438e+07  3.9707e+07  22.045  9.92674e+06  0 
1.71684e+14  1.71684e+14  9.2303e+07  4.29209e+13  0 
3.37694e+07  3.15945e+07  17.8115  7.89862e+06  0 
5.02017e+07  4.81192e+07  26.6461  1.20298e+07  0 
8.70858e+14  8.70858e+14  4.68203e+08  2.17714e+14  0 
5.72537e+07  5.55034e+07  30.4375  1.38759e+07  0 
4.33447e+07  4.12183e+07  22.9595  1.03046e+07  0 
4.80775e+07  4.60075e+07  25.504  1.15019e+07  0 
9.51426e+07  9.33327e+07  50.8078  2.33332e+07  0 
6.07783e+12  6.07783e+12  3.26765e+06  1.51946e+12  0 
4.43101e+07  4.2429e+07  23.4785  1.06072e+07  0 
4.83256e+07  4.62487e+07  25.6374  1.15622e+07  0 
5.67778e+07  5.46601e+07  30.1816  1.3665e+07  0 
4.36306e+07  4.16929e+07  23.1133  1.04232e+07  0 
5.30936e+07  5.087e+07  28.2008  1.27175e+07  0 
4.39288e+07  4.20138e+07  23.2735  1.05035e+07  0 
5.03093e+07  4.81896e+07  26.7039  1.20474e+07  0 
5.39362e+07  5.19795e+07  28.6539  1.29949e+07  0 
9.68247e+07  9.49592e+07  51.7122  2.37398e+07  0 
4.26921e+07  4.0756e+07  22.6087  1.0189e+07  0 
1.14232e+14  1.14232e+14  6.14152e+07  2.85581e+13  0 
1.53016e+14  1.53016e+14  8.22666e+07  3.8254e+13  0 
4.36069e+07  4.17428e+07  23.1005  1.04357e+07  0 
4.79432e+13  4.79432e+13  2.57759e+07  1.19858e+13  0 
7.56252e+07  7.35303e+07  40.3146  1.83826e+07  0 
5.38191e+07  5.16459e+07  28.5909  1.29115e+07  0 
5.22201e+07  5.01984e+07  27.7313  1.25496e+07  0 
2.29559e+07  2.09015e+07  11.9978  5.22538e+06  0 
5.63568e+07  5.4438e+07  29.9553  1.36095e+07  0 
3.88108e+07  3.68742e+07  20.5219  9.21856e+06  0 
1.42272e+14  1.42272e+14  7.64905e+07  3.55681e+13  0 
8.78733e+07  8.59886e+07  46.8996  2.14972e+07  0 
2.52258e+07  2.33255e+07  13.2182  5.83136e+06  0 
4.72176e+07  4.5298e+07  25.0417  1.13245e+07  0 
5.27985e+07  5.06952e+07  28.0422  1.26738e+07  0 
5.91175e+07  5.72098e+07  31.4395  1.43024e+07  0 
6.53196e+13  6.53196e+13  3.5118e+07  1.63299e+13  0 
5.11461e+07  4.91709e+07  27.1538  1.22927e+07  0 
6.10657e+07  5.92342e+07  32.4869  1.48086e+07  0 
5.52802e+07  5.31775e+07  29.3764  1.32944e+07  0 
9.20098e+13  9.20098e+13  4.94676e+07  2.30025e+13  0 
4.93146e+07  4.72864e+07  26.1692  1.18216e+07  0 
4.29237e+13  4.29237e+13  2.30773e+07  1.07309e+13  0 
4.45987e+07  4.24529e+07  23.6337  1.06132e+07  0 
5.01418e+07  4.82724e+07  26.6139  1.20681e+07  0 
4.6335e+07  4.43795e+07  24.5672  1.10949e+07  0 
4.7343e+07  4.53006e+07  25.1091  1.13251e+07  0 
5.98863e+07  5.76404e+07  31.8529  1.44101e+07  0 
3.5286e+07  3.33413e+07  18.6269  8.33533e+06  0 
5.15607e+07  4.95438e+07  27.3767  1.23859e+07  0 
7.64745e+07  7.44964e+07  40.7712  1.86241e+07  0 
6.40228e+07  6.20107e+07  34.0768  1.55027e+07  0 
7.75452e+07  7.5379e+07  41.3469  1.88447e+07  0 

1.35768e+06  1.48243  0.385849  0.370608  0 
2.41776e+06  1.17063  0.955785  0.292657  0 
2.10912e+06  1.44331  0.789849  0.360826  0 
1.97472e+06  2.06562  0.717591  0.516406  1 
4.20278e+06  2.11551e+06  1.91548  528876  2 
7.40102e+06  5.10206e+06  3.63496  1.27551e+06  4 
8.539e+06  6.4306e+06  4.24677  1.60765e+06  5 
9.64394e+06  7.56291e+06  4.84083  1.89073e+06  8 
1.03502e+07  8.3308e+06  5.22051  2.0827e+06  10 
1.04827e+07  8.28699e+06  5.2918  2.07175e+06  10 
1.30771e+07  1.07359e+07  6.68664  2.68399e+06  14 
1.705e+07  1.49015e+07  8.82257  3.72538e+06  19 
1.98405e+07  1.73745e+07  10.3228  4.34362e+06  23 
2.038e+07  1.8208e+07  10.6129  4.552e+06  26 
2.31477e+07  2.10484e+07  12.1009  5.26211e+06  38 
4.01167e+07  3.80587e+07  21.224  9.51467e+06  53 
4.30892e+07  4.10511e+07  22.8222  1.02628e+07  62 
4.66846e+07  4.44295e+07  24.7551  1.11074e+07  68 
4.7135e+07  4.51032e+07  24.9973  1.12758e+07  69 
8.19256e+07  7.99999e+07  43.702  2e+07  80 
3.26084e+07  3.06587e+07  17.1873  7.66467e+06  49 
6.53744e+06  4.26248e+06  3.17066  1.06562e+06  3 
4.14974e+07  3.94992e+07  21.9664  9.8748e+06  57 
7.34966e+07  7.14479e+07  39.1702  1.7862e+07  77 
2.01748e+07  1.80839e+07  10.5026  4.52098e+06  24 
2.25001e+07  2.03932e+07  11.7528  5.09829e+06  33 
1.18027e+07  9.75093e+06  6.00144  2.43773e+06  12 
2.21776e+07  2.01757e+07  11.5793  5.04393e+06  31 
2.14915e+07  1.90875e+07  11.2105  4.77186e+06  29 
3.70762e+07  3.50213e+07  19.5893  8.75532e+06  51 
2.26846e+07  2.07015e+07  11.8519  5.17537e+06  36 
2.25882e+07  2.05504e+07  11.8001  5.1376e+06  35 
2.37695e+07  2.16834e+07  12.4352  5.42085e+06  39 
2.08693e+07  1.8885e+07  10.876  4.72125e+06  28 
1.82384e+07  1.60849e+07  9.4615  4.02122e+06  21 
2.51361e+07  2.31503e+07  13.1699  5.78757e+06  43 
3.3566e+07  3.11946e+07  17.7022  7.79865e+06  50 
4.16638e+07  3.95947e+07  22.0558  9.89868e+06  58 
4.71814e+07  4.48783e+07  25.0222  1.12196e+07  69 
4.19087e+07  3.98663e+07  22.1874  9.96656e+06  59 
1.67388e+07  1.44634e+07  8.65529  3.61585e+06  17 
2.14524e+07  1.93893e+07  11.1894  4.84733e+06  29 
2.55478e+07  2.32208e+07  13.3913  5.80519e+06  44 
4.53265e+07  4.33091e+07  24.025  1.08273e+07  65 
1.21375e+07  1.00543e+07  6.18145  2.51358e+06  13 
2.73333e+07  2.50319e+07  14.3512  6.25797e+06  46 
4.87697e+07  4.65435e+07  25.8762  1.16359e+07  71 
6.81959e+07  6.61425e+07  36.3204  1.65356e+07  76 
2.05119e+07  1.8517e+07  10.6838  4.62926e+06  27 
5.00158e+07  4.78398e+07  26.5461  1.19599e+07  73 
4.0738e+07  3.86659e+07  21.5581  9.66647e+06  54 
7.79115e+07  7.57364e+07  41.5438  1.89341e+07  79 
2.20472e+07  1.96767e+07  11.5092  4.91917e+06  30 
2.19458e+07  1.98144e+07  11.4547  4.95359e+06  30 
4.85208e+07  4.66092e+07  25.7424  1.16523e+07  71 
2.28454e+07  2.09458e+07  11.9384  5.23644e+06  37 
2.29439e+07  2.08027e+07  11.9914  5.20066e+06  37 
5.15683e+07  4.92938e+07  27.3808  1.23235e+07  74 
4.92717e+07  4.7339e+07  26.1461  1.18348e+07  72 
2.08859e+07  1.86114e+07  10.8849  4.65285e+06  28 
1.55663e+07  1.35265e+07  8.02487  3.38163e+06  16 
4.26553e+07  4.05805e+07  22.5889  1.01451e+07  61 
1.86148e+07  1.6478e+07  9.66385  4.11951e+06  22 
4.08518e+07  3.8765e+07  21.6192  9.69124e+06  55 
5.37852e+07  5.17615e+07  28.5727  1.29404e+07  75 
4.60879e+07  4.383e+07  24.4343  1.09575e+07  67 
1.67453e+07  1.47646e+07  8.65875  3.69114e+06  18 
9.13758e+06  7.05726e+06  4.56859  1.76431e+06  7 
2.87791e+07  2.6514e+07  15.1285  6.62849e+06  47 
2.23905e+07  2.01664e+07  11.6938  5.04159e+06  32 
2.2503e+07  2.0421e+07  11.7543  5.10526e+06  34 
4.20632e+07  4.00385e+07  22.2705  1.00096e+07  60 
4.10218e+07  3.90798e+07  21.7107  9.76994e+06  56 
1.65624e+07  1.4496e+07  8.56044  3.624e+06  17 
2.38953e+07  2.1762e+07  12.5029  5.44049e+06  40 
1.48666e+07  1.2774e+07  7.64869  3.1935e+06  15 
4.40696e+07  4.20987e+07  23.3492  1.05247e+07  64 
1.75841e+07  1.54904e+07  9.10975  3.87259e+06  20 
1.11064e+08  1.08878e+08  59.3679  2.72196e+07  81 
2.5689e+07  2.37172e+07  13.4672  5.92929e+06  45 
1.97071e+07  1.73779e+07  10.2511  4.34447e+06  23 
1.02564e+07  8.16768e+06  5.1701  2.04192e+06  9 
4.6042e+07  4.37797e+07  24.4097  1.09449e+07  66 
1.28956e+07  1.07495e+07  6.58904  2.68738e+06  14 
1.15552e+07  9.47657e+06  5.86839  2.36914e+06  11 
2.3098e+07  2.11012e+07  12.0742  5.27531e+06  38 
3.87944e+07  3.65518e+07  20.5131  9.13796e+06  52 
8.83707e+06  6.58731e+06  4.40702  1.64683e+06  6 
4.3795e+07  4.16636e+07  23.2016  1.04159e+07  63 
2.4637e+07  2.24801e+07  12.9016  5.62003e+06  41 
1.70381e+07  1.49108e+07  8.81621  3.7277e+06  19 
2.47862e+07  2.26507e+07  12.9818  5.66268e+06  42 
1.57579e+07  1.34932e+07  8.12789  3.37331e+06  16 
4.36622e+07  4.16846e+07  23.1302  1.04212e+07  63 
4.76028e+07  4.56684e+07  25.2488  1.14171e+07  70 
2.27782e+07  2.05779e+07  11.9023  5.14448e+06  36 
3.24235e+07  3.03048e+07  17.0879  7.5762e+06  48 
2.02463e+07  1.819e+07  10.541  4.5475e+06  25 
2.23138e+07  2.00594e+07  11.6526  5.01486e+06  31 
2.269e+07  2.04904e+07  11.8548  5.12259e+06  35 

1.2444e+06  1.86076  0.324946  0.46519  0 
1.97448e+06  0.963638  0.717462  0.240909  0 
1.71168e+06  1.08531  0.576172  0.271329  0 
1.64952e+06  1.67974  0.542753  0.419935  0 
1.71672e+06  1.31927  0.578882  0.329818  1 
1.76712e+06  1.23078  0.605978  0.307696  1 
2.11512e+06  1.1177  0.793075  0.279425  1 
1.76352e+06  1.75896  0.604043  0.439739  2 
1.85136e+06  1.4458  0.651269  0.361449  2 
1.96032e+06  1.30567  0.709849  0.326418  2 
1.8792e+06  1.76679  0.666237  0.441697  3 
2.04216e+06  1.31767  0.753849  0.329417  3 
1.97064e+06  1.60895  0.715398  0.402238  3 
1.83744e+06  2.01544  0.643785  0.503859  3 
2.35923e+06  69629.7  0.924316  17407.4  4 
2.60384e+06  336082  1.05583  84020.4  5 
2.95522e+06  913786  1.24474  228447  6 
3.0911e+06  825019  1.31779  206255  6 
3.67896e+06  1.4076e+06  1.63385  351901  7 
3.78881e+06  1.48025e+06  1.69291  370062  8 
4.3088e+06  2.0012e+06  1.97247  500300  9 
4.14003e+06  2.04075e+06  1.88174  510188  9 
4.84822e+06  2.73886e+06  2.26248  684715  11 
5.14341e+06  2.75709e+06  2.42119  689273  12 
5.02397e+06  2.81117e+06  2.35697  702793  12 
5.48139e+06  3.31155e+06  2.6029  827888  13 
6.05841e+06  3.76185e+06  2.91312  940463  14 
6.54752e+06  4.48929e+06  3.17609  1.12232e+06  15 
6.83681e+06  4.71761e+06  3.33162  1.1794e+06  16 
6.90131e+06  4.84859e+06  3.3663  1.21215e+06  17 
7.0385e+06  4.90658e+06  3.44005  1.22664e+06  18 
7.05454e+06  4.9435e+06  3.44868  1.23588e+06  19 
7.11393e+06  4.99569e+06  3.48061  1.24892e+06  20 
7.16832e+06  4.94448e+06  3.50985  1.23612e+06  20 
7.2264e+06  5.0784e+06  3.54107  1.2696e+06  21 
7.38284e+06  5.14676e+06  3.62518  1.28669e+06  22 
7.54951e+06  5.29831e+06  3.71479  1.32458e+06  23 
7.57193e+06  5.53722e+06  3.72685  1.3843e+06  24 
7.90234e+06  5.90963e+06  3.90449  1.47741e+06  25 
8.26415e+06  6.43751e+06  4.099  1.60938e+06  27 
8.79838e+06  6.64606e+06  4.38623  1.66152e+06  28 
8.72672e+06  6.73305e+06  4.3477  1.68326e+06  28 
9.27696e+06  7.2348e+06  4.64353  1.8087e+06  30 
9.38681e+06  7.22969e+06  4.70259  1.80742e+06  30 
9.43197e+06  7.52541e+06  4.72686  1.88135e+06  31 
1.0365e+07  8.30868e+06  5.2285  2.07717e+06  32 
1.05278e+07  8.48017e+06  5.31605  2.12004e+06  33 
1.0993e+07  8.82892e+06  5.56613  2.20723e+06  35 
1.10942e+07  9.04697e+06  5.62052  2.26174e+06  36 
1.21853e+07  9.95718e+06  6.20717  2.48929e+06  38 
1.30203e+07  1.07038e+07  6.65605  2.67594e+06  39 
1.32488e+07  1.10314e+07  6.77892  2.75786e+06  40 
1.65855e+07  1.4402e+07  8.57287  3.6005e+06  42 
1.69145e+07  1.47653e+07  8.74972  3.69132e+06  44 
1.73911e+07  1.52882e+07  9.00598  3.82206e+06  45 
1.8585e+07  1.66372e+07  9.64786  4.1593e+06  46 
1.90351e+07  1.69891e+07  9.88985  4.24728e+06  47 
1.92107e+07  1.71181e+07  9.98423  4.27953e+06  49 
1.93616e+07  1.72918e+07  10.0654  4.32296e+06  51 
2.04673e+07  1.85387e+07  10.6599  4.63467e+06  54 
2.14552e+07  1.90943e+07  11.191  4.77359e+06  55 
2.17115e+07  1.97997e+07  11.3288  4.94992e+06  56 
2.24162e+07  2.04607e+07  11.7076  5.11517e+06  58 
2.25993e+07  2.06215e+07  11.8061  5.15537e+06  59 
2.28734e+07  2.07413e+07  11.9535  5.18532e+06  60 
2.33737e+07  2.12905e+07  12.2224  5.32262e+06  61 
2.33914e+07  2.126e+07  12.2319  5.31499e+06  61 
2.55871e+07  2.35492e+07  13.4124  5.88731e+06  62 
2.63518e+07  2.4189e+07  13.8236  6.04724e+06  64 
3.7159e+07  3.50293e+07  19.6339  8.75732e+06  66 
4.21269e+07  4.00098e+07  22.3048  1.00025e+07  69 
4.46237e+07  4.25681e+07  23.6471  1.0642e+07  71 
4.59439e+07  4.40129e+07  24.3569  1.10032e+07  72 
4.66012e+07  4.44386e+07  24.7103  1.11096e+07  73 
4.67053e+07  4.48929e+07  24.7663  1.12232e+07  74 
2.03217e+07  1.81709e+07  10.5816  4.54272e+06  53 
7.96965e+06  5.89821e+06  3.94067  1.47455e+06  25 
1.73754e+07  1.53114e+07  8.99752  3.82785e+06  45 
1.97828e+07  1.76775e+07  10.2918  4.41939e+06  52 
2.21179e+07  2.00032e+07  11.5472  5.00081e+06  57 
1.90691e+07  1.70198e+07  9.90812  4.25494e+06  48 
9.21458e+06  6.95306e+06  4.60999  1.73827e+06  29 
4.83151e+07  4.61407e+07  25.6318  1.15352e+07  77 
1.16157e+07  9.58888e+06  5.9009  2.39722e+06  37 
1.92666e+07  1.7206e+07  10.0143  4.30149e+06  50 
4.32384e+06  2.20873e+06  1.98056  552182  10 
1.75416e+06  1.9951  0.599011  0.498774  2 
2.58456e+07  2.37987e+07  13.5514  5.94967e+06  63 
4.13205e+07  3.92006e+07  21.8713  9.80016e+06  67 
8.1689e+06  5.9033e+06  4.04779  1.47582e+06  26 
4.72077e+07  4.49042e+07  25.0364  1.12261e+07  75 
6.71162e+07  6.51077e+07  35.7399  1.62769e+07  78 
4.14352e+07  3.94934e+07  21.9329  9.87335e+06  68 
4.4236e+07  4.20381e+07  23.4387  1.05095e+07  70 
9.43339e+06  7.26595e+06  4.72763  1.81649e+06  31 
4.77384e+07  4.55493e+07  25.3217  1.13873e+07  76 
2.95932e+07  2.7533e+07  15.5662  6.88325e+06  65 
1.36252e+07  1.13918e+07  6.9813  2.84794e+06  41 
1.66267e+07  1.44838e+07  8.59501  3.62094e+06  43 
1.07414e+07  8.49958e+06  5.43087  2.1249e+06  34 

1.20288e+06  1.83075  0.302624  0.457688  0 
2.09688e+06  0.864053  0.783269  0.216013  0 
1.68288e+06  0.976986  0.560688  0.244246  0 
1.3836e+06  1.23881  0.399785  0.309702  0 
1.29624e+06  1.41937  0.352817  0.354841  0 
1.55328e+06  1.09018  0.491011  0.272544  0 
1.52616e+06  1.14573  0.47643  0.286433  0 
1.36368e+06  1.36206  0.389075  0.340515  0 
1.50744e+06  1.20771  0.466366  0.301928  0 
1.67256e+06  1.0681  0.55514  0.267024  0 
1.43016e+06  1.38887  0.424817  0.347218  1 
1.84104e+06  1.02358  0.64572  0.255894  1 
1.61904e+06  1.25963  0.526366  0.314908  1 
1.71216e+06  1.16417  0.57643  0.291042  1 
1.68768e+06  1.19995  0.563269  0.299987  1 
1.61712e+06  1.35007  0.525333  0.337517  1 
1.64976e+06  1.20079  0.542882  0.300198  1 
1.50384e+06  1.54949  0.46443  0.387373  2 
1.64328e+06  1.28924  0.539398  0.32231  2 
1.79256e+06  1.19097  0.619656  0.297742  2 
1.44288e+06  2.044  0.431656  0.511  2 
1.92528e+06  1.17648  0.691011  0.294119  2 
2.046e+06  1.17252  0.755914  0.293129  2 
1.66992e+06  1.25067  0.55372  0.312668  2 
1.55976e+06  1.9253  0.494495  0.481326  3 
1.65168e+06  1.58385  0.543914  0.395963  3 
1.8732e+06  1.21951  0.663011  0.304876  3 
1.6644e+06  1.56606  0.550753  0.391516  3 
2.02608e+06  1.1901  0.745204  0.297525  3 
1.66536e+06  1.30266  0.551269  0.325664  3 
1.75776e+06  1.26746  0.600946  0.316865  3 
1.6224e+06  1.76088  0.528172  0.440219  3 
1.72392e+06  1.35558  0.582753  0.338894  4 
1.6956e+06  1.54607  0.567527  0.386516  4 
1.79232e+06  1.29495  0.619527  0.323737  4 
1.89888e+06  1.2785  0.676817  0.319625  4 
1.77072e+06  1.53287  0.607914  0.383217  5 
1.71648e+06  1.58684  0.578753  0.39671  5 
1.78656e+06  1.36368  0.61643  0.34092  5 
1.90344e+06  1.31225  0.679269  0.328062  5 
1.78032e+06  1.95478  0.613075  0.488696  6 
1.82088e+06  1.80167  0.634882  0.450419  6 
1.82232e+06  1.42332  0.635656  0.355831  6 
2.03544e+06  1.31682  0.750237  0.329205  6 
1.9776e+06  1.35184  0.71914  0.337961  6 
1.9716e+06  1.42998  0.715914  0.357495  7 
1.9212e+06  1.45752  0.688817  0.364381  7 
1.82448e+06  1.63169  0.636817  0.407923  7 
2.13768e+06  1.42029  0.805204  0.355072  7 
1.91832e+06  1.56464  0.687269  0.39116  7 
1.84584e+06  1.71108  0.648301  0.427771  8 
1.97688e+06  1.71059  0.718753  0.427649  8 
2.12688e+06  1.48689  0.799398  0.371723  8 
1.914e+06  1.7345  0.684946  0.433626  9 
1.91472e+06  2.11979  0.685333  0.529948  10 
2.25504e+06  1.81439  0.868301  0.453597  10 
2.29611e+06  235709  0.89038  58927.2  11 
2.50386e+06  229624  1.00208  57405.9  11 
2.30874e+06  421857  0.897169  105464  12 
2.70712e+06  514485  1.11136  128621  13 
2.74585e+06  428173  1.13218  107043  13 
2.76404e+06  464600  1.14196  116150  14 
2.83797e+06  737729  1.1817  184432  15 
3.00404e+06  881966  1.27099  220491  16 
2.98323e+06  961956  1.2598  240489  16 
3.05618e+06  975866  1.29902  243966  17 
3.26887e+06  1.02727e+06  1.41337  256818  18 
3.47916e+06  1.26012e+06  1.52643  315030  19 
3.42624e+06  1.45896e+06  1.49798  364740  19 
3.44244e+06  1.32756e+06  1.50669  331890  19 
3.48402e+06  1.33938e+06  1.52904  334846  20 
3.81191e+06  1.48895e+06  1.70533  372237  21 
3.82783e+06  1.60567e+06  1.71388  401417  22 
3.89785e+06  1.84729e+06  1.75153  461822  23 
3.88238e+06  1.91222e+06  1.74322  478056  23 
4.05565e+06  2.02813e+06  1.83637  507034  24 
4.55607e+06  2.37303e+06  2.10541  593257  25 
4.6545e+06  2.76882e+06  2.15833  692206  26 
4.63809e+06  2.78793e+06  2.14951  696982  26 
4.93525e+06  2.82253e+06  2.30927  705633  27 
4.96779e+06  2.77948e+06  2.32677  694869  27 
4.98669e+06  3.00957e+06  2.33693  752392  28 
5.41028e+06  3.33548e+06  2.56467  833871  29 
5.63923e+06  3.47395e+06  2.68776  868487  30 
6.49963e+06  4.32163e+06  3.15034  1.08041e+06  31 
6.17195e+06  4.36331e+06  2.97417  1.09083e+06  31 
6.8807e+06  4.61726e+06  3.35521  1.15431e+06  32 
6.73388e+06  4.82156e+06  3.27628  1.20539e+06  32 
6.71235e+06  4.86123e+06  3.2647  1.21531e+06  32 
6.7927e+06  4.91686e+06  3.3079  1.22922e+06  33 
7.07491e+06  4.77907e+06  3.45963  1.19477e+06  33 
7.05184e+06  5.19088e+06  3.44722  1.29772e+06  34 
7.20871e+06  5.03455e+06  3.53157  1.25864e+06  34 
7.62877e+06  5.41573e+06  3.7574  1.35393e+06  35 
7.60363e+06  5.70835e+06  3.74389  1.42709e+06  35 
8.90556e+06  6.6702e+06  4.44385  1.66755e+06  36 
8.75293e+06  6.88837e+06  4.36179  1.72209e+06  36 
9.43774e+06  7.63054e+06  4.72997  1.90764e+06  37 
9.84967e+06  7.94552e+06  4.95144  1.98638e+06  38 
1.12614e+07  9.39231e+06  5.71045  2.34808e+06  39 

1.14552e+06  1.74105  0.271785  0.435263  0 
2.09088e+06  0.843113  0.780043  0.210778  0 
1.6956e+06  0.943372  0.567527  0.235843  0 
1.37232e+06  1.03572  0.39372  0.258929  0 
1.22352e+06  1.41205  0.31372  0.353012  0 
1.27296e+06  1.17912  0.340301  0.294781  0 
1.65e+06  0.958232  0.543011  0.239558  0 
1.56264e+06  0.982839  0.496043  0.24571  0 
2.0136e+06  0.894787  0.738495  0.223697  0 
1.35408e+06  1.13483  0.383914  0.283708  0 
1.5564e+06  0.996149  0.492688  0.249037  0 
1.34784e+06  1.153  0.380559  0.28825  0 
1.21824e+06  1.72764  0.310882  0.431911  0 
1.77816e+06  0.932264  0.611914  0.233066  0 
1.21296e+06  1.74069  0.308043  0.435172  0 
1.28616e+06  1.49295  0.347398  0.373237  2 
1.54752e+06  1.0817  0.487914  0.270426  0 
1.73448e+06  0.967958  0.58843  0.241989  1 
1.5384e+06  1.09325  0.483011  0.273312  1 
1.37088e+06  1.3401  0.392946  0.335026  2 
1.58664e+06  1.07168  0.508946  0.26792  0 
2.03088e+06  0.960439  0.747785  0.24011  1 
1.37256e+06  1.13577  0.393849  0.283943  1 
2.0772e+06  0.902209  0.772688  0.225552  1 
1.1928e+06  1.8105  0.297204  0.452626  1 
1.23432e+06  1.74669  0.319527  0.436672  1 
1.34736e+06  1.43292  0.380301  0.358229  2 
1.3692e+06  1.43186  0.392043  0.357965  3 
1.668e+06  1.01499  0.552688  0.253747  1 
1.6452e+06  1.06104  0.54043  0.265261  1 
1.65576e+06  1.02289  0.546108  0.255723  2 
1.61856e+06  1.12054  0.526108  0.280134  2 
1.31016e+06  1.57347  0.360301  0.393368  1 
1.3824e+06  1.37224  0.39914  0.343061  4 
1.68216e+06  1.11722  0.560301  0.279306  3 
1.28256e+06  1.82198  0.345462  0.455495  2 
1.35648e+06  1.57229  0.385204  0.393072  3 
1.39416e+06  1.19629  0.405462  0.299073  2 
1.7628e+06  0.975266  0.603656  0.243817  2 
1.61784e+06  1.16266  0.52572  0.290665  2 
1.5192e+06  1.18635  0.472688  0.296589  2 
1.56504e+06  1.16761  0.497333  0.291904  2 
1.56168e+06  1.17785  0.495527  0.294463  2 
1.37448e+06  1.4247  0.394882  0.356174  3 
1.71648e+06  1.04366  0.578753  0.260914  4 
1.73544e+06  1.07318  0.588946  0.268295  3 
1.60608e+06  1.18346  0.519398  0.295865  3 
1.71096e+06  1.12416  0.575785  0.281039  4 
1.67352e+06  1.14391  0.555656  0.285977  3 
1.41264e+06  1.26639  0.415398  0.316598  3 
1.8624e+06  1.00134  0.657204  0.250335  3 
1.39824e+06  1.28477  0.407656  0.321192  3 
1.86e+06  1.03766  0.655914  0.259414  3 
1.38552e+06  1.40585  0.400817  0.351463  3 
1.93536e+06  0.998897  0.69643  0.249724  3 
1.7868e+06  1.04135  0.616559  0.260339  3 
1.5444e+06  1.24381  0.486237  0.310952  4 
1.30392e+06  1.83383  0.356946  0.458456  3 
1.55664e+06  1.2023  0.492817  0.300574  3 
1.7376e+06  1.06565  0.590108  0.266412  3 
1.68072e+06  1.13307  0.559527  0.283268  4 
1.57128e+06  1.20226  0.500688  0.300565  3 
1.338e+06  1.5997  0.375269  0.399924  2 
1.30536e+06  1.96383  0.35772  0.490958  4 
1.57296e+06  1.23963  0.501591  0.309908  4 
1.56024e+06  1.25558  0.494753  0.313896  4 
1.68696e+06  1.14706  0.562882  0.286766  4 
1.79448e+06  1.06123  0.620688  0.265306  3 
1.93368e+06  1.01089  0.695527  0.252722  4 
1.38936e+06  1.4464  0.402882  0.3616  4 
1.78704e+06  1.07972  0.616688  0.269929  4 
1.48392e+06  1.26912  0.45372  0.317281  4 
1.38216e+06  1.64586  0.399011  0.411466  0 
1.42728e+06  1.29967  0.423269  0.324917  4 
1.70112e+06  1.17167  0.570495  0.292917  5 
1.59e+06  1.26985  0.510753  0.317461  5 
2.01744e+06  1.04054  0.740559  0.260134  5 
1.68888e+06  1.20396  0.563914  0.300991  3 
1.42776e+06  1.35602  0.423527  0.339006  5 
1.67352e+06  1.25283  0.555656  0.313208  5 
1.55184e+06  1.34276  0.490237  0.335691  5 
2.01216e+06  1.10328  0.73772  0.275819  5 
1.3824e+06  1.67257  0.39914  0.418142  5 
1.47504e+06  1.34731  0.448946  0.336829  5 
1.40928e+06  1.50894  0.413591  0.377234  4 
1.87392e+06  1.13169  0.663398  0.282923  5 
1.45728e+06  1.36999  0.439398  0.342497  6 
1.40064e+06  1.67722  0.408946  0.419305  6 
1.57104e+06  1.36851  0.500559  0.342129  6 
2.01504e+06  1.15968  0.739269  0.28992  6 
1.5972e+06  1.3325  0.514624  0.333124  6 
1.434e+06  1.43258  0.426882  0.358146  6 
1.5828e+06  1.34386  0.506882  0.335964  6 
1.59936e+06  1.27048  0.515785  0.317619  6 
1.82208e+06  1.28814  0.635527  0.322035  4 
1.5216e+06  1.37037  0.473978  0.342593  7 
1.44504e+06  1.64106  0.432817  0.410266  7 
1.60128e+06  1.32429  0.516817  0.331073  4 
1.46136e+06  1.38064  0.441591  0.345159  7 
1.46952e+06  1.47701  0.445978  0.369252  8 

1.07568e+06  1.86351  0.234237  0.465878  0 
2.05536e+06  0.841424  0.760946  0.210356  0 
1.60176e+06  0.892587  0.517075  0.223147  0 
1.24728e+06  1.10072  0.326495  0.275179  0 
1.11144e+06  1.35535  0.253462  0.338838  0 
1.50888e+06  0.919745  0.46714  0.229936  0 
1.17384e+06  1.18968  0.287011  0.29742  0 
1.43256e+06  0.958248  0.426108  0.239562  0 
1.35e+06  0.991529  0.38172  0.247882  0 
1.21464e+06  1.11574  0.308946  0.278934  0 
1.30824e+06  1.05139  0.359269  0.262848  0 
1.8948e+06  0.857475  0.674624  0.214369  0 
1.81824e+06  0.860216  0.633462  0.215054  0 
1.10304e+06  1.71418  0.248946  0.428545  0 
1.40064e+06  0.97442  0.408946  0.243605  0 
1.47096e+06  0.956531  0.446753  0.239133  1 
1.33704e+06  1.05081  0.374753  0.262704  0 
1.284e+06  1.10519  0.346237  0.276298  1 
1.33992e+06  1.06197  0.376301  0.265494  1 
1.4088e+06  1.0187  0.413333  0.254675  1 
1.58976e+06  0.930282  0.510624  0.23257  0 
1.27272e+06  1.12695  0.340172  0.281738  2 
1.32024e+06  1.07532  0.36572  0.268829  1 
1.90968e+06  0.859316  0.682624  0.214829  1 
1.54944e+06  0.941794  0.488946  0.235449  2 
1.76328e+06  0.899931  0.603914  0.224983  0 
1.13616e+06  1.5231  0.266753  0.380776  1 
1.83912e+06  0.892488  0.644688  0.223122  1 
1.85304e+06  0.892028  0.652172  0.223007  0 
1.428e+06  0.976209  0.423656  0.244052  1 
1.7988e+06  0.895187  0.623011  0.223797  0 
1.19016e+06  1.19748  0.295785  0.299369  1 
1.17816e+06  1.25121  0.289333  0.312803  2 
1.15368e+06  1.46416  0.276172  0.36604  2 
1.2264e+06  1.14984  0.315269  0.28746  1 
1.1328e+06  1.76478  0.264946  0.441194  1 
1.38648e+06  1.0402  0.401333  0.26005  1 
1.37328e+06  1.04445  0.394237  0.261113  1 
1.5252e+06  0.974575  0.475914  0.243644  2 
1.70112e+06  0.906741  0.570495  0.226685  0 
1.3908e+06  1.02008  0.403656  0.25502  1 
1.54776e+06  0.967391  0.488043  0.241848  2 
1.55016e+06  0.959698  0.489333  0.239924  2 
1.6104e+06  0.93275  0.52172  0.233187  1 
1.62216e+06  0.931895  0.528043  0.232974  1 
1.33008e+06  1.08296  0.371011  0.27074  0 
1.3212e+06  1.09836  0.366237  0.274589  1 
1.86408e+06  0.899179  0.658108  0.224795  1 
1.73136e+06  0.91919  0.586753  0.229798  1 
1.9308e+06  0.894709  0.693978  0.223677  1 
1.76568e+06  0.912314  0.605204  0.228078  1 
1.17576e+06  1.50279  0.288043  0.375699  1 
1.27776e+06  1.2238  0.342882  0.305951  0 
1.5972e+06  0.939692  0.514624  0.234923  1 
1.85424e+06  0.910412  0.652817  0.227603  1 
1.85496e+06  0.902584  0.653204  0.225646  1 
1.56408e+06  0.952255  0.496817  0.238064  2 
1.8108e+06  0.911506  0.629462  0.227877  1 
1.42824e+06  0.978932  0.423785  0.244733  2 
1.20816e+06  1.33646  0.305462  0.334115  2 
1.1796e+06  1.4226  0.290108  0.35565  2 
2.03592e+06  0.889768  0.750495  0.222442  2 
1.14504e+06  1.52832  0.271527  0.382081  2 
1.37712e+06  1.05944  0.396301  0.264859  2 
1.48824e+06  0.976382  0.456043  0.244096  1 
1.88016e+06  0.905662  0.666753  0.226415  2 
1.21176e+06  1.70117  0.307398  0.425293  0 
1.23456e+06  1.40119  0.319656  0.350298  3 
1.59312e+06  0.960178  0.51243  0.240044  2 
1.48584e+06  0.997514  0.454753  0.249378  3 
1.42944e+06  1.0014  0.42443  0.25035  1 
1.51992e+06  0.984808  0.473075  0.246202  0 
1.28304e+06  1.32717  0.34572  0.331793  3 
1.26912e+06  1.36887  0.338237  0.342218  3 
1.52736e+06  0.984165  0.477075  0.246041  3 
1.24704e+06  1.37144  0.326366  0.342859  3 
1.87248e+06  0.905888  0.662624  0.226472  2 
1.77576e+06  0.917786  0.610624  0.229447  3 
2.05848e+06  0.890275  0.762624  0.222569  1 
1.6188e+06  0.943119  0.526237  0.23578  1 
1.83792e+06  0.913382  0.644043  0.228345  0 
1.92456e+06  0.903032  0.690624  0.225758  2 
1.36008e+06  1.09369  0.38714  0.273421  2 
1.64112e+06  0.933183  0.538237  0.233296  2 
1.76304e+06  0.927432  0.603785  0.231858  1 
1.5516e+06  0.961018  0.490108  0.240255  2 
1.74864e+06  0.930392  0.596043  0.232598  2 
1.362e+06  1.08962  0.388172  0.272404  1 
2.13912e+06  0.890022  0.805978  0.222505  2 
1.41672e+06  1.07175  0.417591  0.267936  0 
1.32528e+06  1.15278  0.36843  0.288196  2 
1.33296e+06  1.17961  0.372559  0.294903  2 
1.56144e+06  1.08991  0.495398  0.272476  0 
1.91928e+06  0.922787  0.687785  0.230697  0 
1.57536e+06  0.968454  0.502882  0.242113  2 
1.90704e+06  0.924876  0.681204  0.231219  0 
1.668e+06  0.960285  0.552688  0.240071  0 
1.278e+06  1.8635  0.343011  0.465874  0 
1.43784e+06  1.09444  0.428946  0.27361  0 
1.84896e+06  0.933117  0.649978  0.233279  0 

1.07232e+06  1.86787  0.23243  0.466969  0 
1.99056e+06  0.835011  0.726108  0.208753  0 
1.52208e+06  0.88752  0.474237  0.22188  0 
1.18224e+06  1.10594  0.291527  0.276485  0 
1.08216e+06  1.36428  0.23772  0.341071  0 
1.41984e+06  0.916877  0.419269  0.229219  0 
1.30848e+06  0.919559  0.359398  0.22989  0 
1.22496e+06  0.961011  0.314495  0.240253  0 
1.11864e+06  1.19865  0.257333  0.299662  0 
1.09464e+06  1.31609  0.24443  0.329023  0 
1.96632e+06  0.843401  0.713075  0.21085  0 
1.8432e+06  0.849671  0.646882  0.212418  0 
1.20864e+06  1.04194  0.30572  0.260485  0 
1.76856e+06  0.855581  0.606753  0.213895  0 
1.74192e+06  0.859269  0.59243  0.214817  0 
1.71744e+06  0.861779  0.579269  0.215445  0 
1.17384e+06  1.17768  0.287011  0.294419  0 
1.48392e+06  0.900734  0.45372  0.225184  0 
1.66464e+06  0.874284  0.550882  0.218571  0 
1.63416e+06  0.875272  0.534495  0.218818  0 
1.47864e+06  0.9097  0.450882  0.227425  0 
1.46472e+06  0.909937  0.443398  0.227484  0 
1.60584e+06  0.881891  0.519269  0.220473  0 
1.95696e+06  0.845756  0.708043  0.211439  0 
1.9548e+06  0.846957  0.706882  0.211739  0 
1.71144e+06  0.872028  0.576043  0.218007  0 
1.30752e+06  0.955693  0.358882  0.238923  0 
1.48296e+06  0.907789  0.453204  0.226947  0 
1.18176e+06  1.16466  0.291269  0.291166  0 
1.38264e+06  0.918785  0.399269  0.229696  0 
1.4364e+06  0.91651  0.428172  0.229128  0 
1.32576e+06  0.970585  0.368688  0.242646  1 
1.38744e+06  0.937195  0.401849  0.234299  1 
1.25184e+06  1.02347  0.328946  0.255868  1 
1.692e+06  0.874624  0.565591  0.218656  1 
1.6476e+06  0.876582  0.54172  0.219145  1 
1.85736e+06  0.854318  0.654495  0.213579  1 
1.56624e+06  0.892464  0.497978  0.223116  1 
1.48536e+06  0.915471  0.454495  0.228868  1 
1.18704e+06  1.16169  0.294108  0.290422  1 
1.22592e+06  1.04764  0.315011  0.261911  1 
1.46136e+06  0.918139  0.441591  0.229535  1 
1.79568e+06  0.861268  0.621333  0.215317  1 
1.32e+06  0.970856  0.365591  0.242714  1 
1.96968e+06  0.845479  0.714882  0.21137  1 
1.17216e+06  1.20462  0.286108  0.301155  1 
1.73256e+06  0.86696  0.587398  0.21674  1 
1.35744e+06  0.949253  0.38572  0.237313  1 
1.59048e+06  0.890805  0.511011  0.222701  1 
1.21824e+06  1.10281  0.310882  0.275703  1 
1.48656e+06  0.911866  0.45514  0.227967  1 
1.41576e+06  0.920849  0.417075  0.230212  1 
1.82232e+06  0.856726  0.635656  0.214181  1 
1.94448e+06  0.849866  0.701333  0.212467  1 
1.37952e+06  0.941657  0.397591  0.235414  1 
1.55904e+06  0.896934  0.494108  0.224234  1 
1.72704e+06  0.868995  0.58443  0.217249  1 
1.6884e+06  0.876031  0.563656  0.219008  1 
1.27104e+06  1.00776  0.339269  0.25194  1 
1.5408e+06  0.900834  0.484301  0.225208  1 
1.27728e+06  1.00761  0.342624  0.251904  1 
1.47552e+06  0.917829  0.449204  0.229457  1 
1.41528e+06  0.92457  0.416817  0.231143  1 
1.29192e+06  1.00321  0.350495  0.250802  1 
1.7532e+06  0.865872  0.598495  0.216468  1 
2.0964e+06  0.841231  0.783011  0.210308  1 
1.81872e+06  0.859528  0.63372  0.214882  1 
1.50528e+06  0.904184  0.465204  0.226046  1 
1.12392e+06  1.2508  0.260172  0.3127  1 
1.104e+06  1.94082  0.249462  0.485204  1 
1.39704e+06  0.933665  0.407011  0.233416  1 
1.20432e+06  1.14547  0.303398  0.286367  1 
1.11648e+06  1.32791  0.256172  0.331978  1 
1.62072e+06  0.882073  0.527269  0.220518  1 
1.55832e+06  0.898935  0.49372  0.224734  1 
1.8012e+06  0.86033  0.624301  0.215083  1 
1.43304e+06  0.918399  0.426366  0.2296  1 
1.79952e+06  0.869147  0.623398  0.217287  2 
1.27008e+06  1.03539  0.338753  0.258848  2 
1.5336e+06  0.916514  0.48043  0.229129  2 
1.2252e+06  1.10478  0.314624  0.276196  2 
1.54128e+06  0.908213  0.484559  0.227053  2 
1.86264e+06  0.861145  0.657333  0.215286  2 
1.50912e+06  0.916558  0.467269  0.229139  2 
1.6356e+06  0.885024  0.535269  0.221256  2 
1.42776e+06  0.930625  0.423527  0.232656  2 
1.26096e+06  1.04286  0.333849  0.260715  2 
1.18848e+06  1.1828  0.294882  0.295699  2 
1.23744e+06  1.10166  0.321204  0.275416  2 
1.14552e+06  1.25485  0.271785  0.313711  2 
1.40784e+06  0.941421  0.412817  0.235355  2 
1.54704e+06  0.906351  0.487656  0.226588  2 
1.50888e+06  0.916987  0.46714  0.229247  2 
2.02008e+06  0.849064  0.741978  0.212266  2 
1.42176e+06  0.931  0.420301  0.23275  2 
1.29408e+06  1.01267  0.351656  0.253168  2 
1.80288e+06  0.863397  0.625204  0.215849  2 
1.17624e+06  1.21223  0.288301  0.303057  2 
1.69344e+06  0.875175  0.566366  0.218794  2 
1.65552e+06  0.881422  0.545978  0.220356  2 

1.04592e+06  1.46888  0.218237  0.36722  0 
2.06112e+06  0.813786  0.764043  0.203447  0 
1.74552e+06  0.838795  0.594366  0.209699  0 
1.47096e+06  0.880267  0.446753  0.220067  0 
1.22016e+06  0.959306  0.311914  0.239826  0 
1.1028e+06  1.19544  0.248817  0.298859  0 
1.16184e+06  1.05456  0.280559  0.263641  0 
1.43424e+06  0.886812  0.427011  0.221703  0 
1.07232e+06  1.33906  0.23243  0.334765  0 
1.19112e+06  0.991833  0.296301  0.247958  0 
1.37064e+06  0.897929  0.392817  0.224482  0 
1.34496e+06  0.901589  0.379011  0.225397  0 
1.13616e+06  1.11022  0.266753  0.277555  0 
1.31856e+06  0.908655  0.364817  0.227164  0 
1.08192e+06  1.23993  0.237591  0.309982  0 
1.17024e+06  1.01076  0.285075  0.25269  0 
1.72056e+06  0.845998  0.580946  0.2115  0 
1.686e+06  0.846892  0.562366  0.211723  0 
1.6656e+06  0.847706  0.551398  0.211926  0 
1.6392e+06  0.849072  0.537204  0.212268  0 
1.29216e+06  0.92823  0.350624  0.232058  0 
1.59216e+06  0.84992  0.511914  0.21248  0 
1.1196e+06  1.16523  0.257849  0.291306  0 
1.57944e+06  0.859106  0.505075  0.214777  0 
2.04168e+06  0.819722  0.753591  0.204931  0 
2.0304e+06  0.821482  0.747527  0.205371  0 
2.01768e+06  0.821643  0.740688  0.205411  0 
1.55688e+06  0.863137  0.492946  0.215784  0 
1.9176e+06  0.821996  0.686882  0.205499  0 
1.1796e+06  0.996839  0.290108  0.24921  0 
1.26648e+06  0.945924  0.336817  0.236481  0 
1.16376e+06  1.04131  0.281591  0.260328  0 
1.89984e+06  0.825837  0.677333  0.206459  0 
1.54224e+06  0.867892  0.485075  0.216973  0 
1.86888e+06  0.826787  0.660688  0.206697  0 
1.24608e+06  0.948034  0.325849  0.237009  0 
1.14888e+06  1.09911  0.273591  0.274778  0 
1.41984e+06  0.88813  0.419269  0.222032  0 
1.52688e+06  0.871177  0.476817  0.217794  0 
1.51968e+06  0.872202  0.472946  0.218051  0 
1.41648e+06  0.889487  0.417462  0.222372  0 
1.45296e+06  0.881323  0.437075  0.220331  0 
1.51032e+06  0.875856  0.467914  0.218964  0 
1.82832e+06  0.835241  0.638882  0.20881  0 
1.07328e+06  1.33566  0.232946  0.333916  0 
1.57536e+06  0.860773  0.502882  0.215193  0 
1.5024e+06  0.878738  0.463656  0.219685  0 
1.81968e+06  0.837505  0.634237  0.209376  0 
2.03496e+06  0.82034  0.749978  0.205085  0 
1.48248e+06  0.879217  0.452946  0.219804  0 
1.5564e+06  0.865638  0.492688  0.216409  0 
1.24224e+06  0.958302  0.323785  0.239576  0 
1.79784e+06  0.83799  0.622495  0.209498  0 
1.51008e+06  0.877291  0.467785  0.219323  0 
1.73808e+06  0.845516  0.590366  0.211379  0 
1.13304e+06  1.1649  0.265075  0.291225  0 
1.36464e+06  0.901434  0.389591  0.225358  0 
1.8396e+06  0.83566  0.644946  0.208915  1 
1.3896e+06  0.900062  0.403011  0.225016  1 
1.26432e+06  0.954584  0.335656  0.238646  1 
1.22736e+06  0.987895  0.315785  0.246974  1 
1.54344e+06  0.86953  0.48572  0.217382  1 
1.2144e+06  0.994382  0.308817  0.248596  1 
1.32144e+06  0.92135  0.366366  0.230337  1 
1.2996e+06  0.939373  0.354624  0.234843  1 
2.02584e+06  0.826133  0.745075  0.206533  1 
1.1676e+06  1.05075  0.283656  0.262689  1 
1.44312e+06  0.887315  0.431785  0.221829  1 
1.54512e+06  0.868775  0.486624  0.217194  1 
1.77528e+06  0.845067  0.610366  0.211267  1 
1.30104e+06  0.938138  0.355398  0.234534  1 
1.33128e+06  0.912667  0.371656  0.228167  1 
1.39056e+06  0.898932  0.403527  0.224733  1 
1.87296e+06  0.830862  0.662882  0.207716  1 
1.27128e+06  0.949284  0.339398  0.237321  1 
1.3308e+06  0.915048  0.371398  0.228762  1 
1.16496e+06  1.10954  0.282237  0.277386  1 
1.12824e+06  1.21425  0.262495  0.303562  1 
1.26504e+06  0.952962  0.336043  0.23824  1 
2.06952e+06  0.816775  0.768559  0.204194  1 
1.56e+06  0.867872  0.494624  0.216968  1 
1.83072e+06  0.838071  0.640172  0.209518  1 
1.11576e+06  1.22186  0.255785  0.305465  1 
1.05288e+06  1.52197  0.221978  0.380492  1 
1.58304e+06  0.862781  0.507011  0.215695  1 
1.6188e+06  0.851423  0.526237  0.212856  1 
1.19424e+06  1.02242  0.297978  0.255605  1 
1.15512e+06  1.15607  0.276946  0.289018  1 
1.09536e+06  1.24053  0.244817  0.310132  1 
1.08672e+06  1.32544  0.240172  0.331361  1 
1.14264e+06  1.16247  0.270237  0.290618  1 
1.67592e+06  0.848963  0.556946  0.212241  1 
1.9548e+06  0.828823  0.706882  0.207206  1 
1.34544e+06  0.903559  0.379269  0.22589  1 
1.5684e+06  0.867676  0.49914  0.216919  1 
1.5228e+06  0.872206  0.474624  0.218052  1 
1.4952e+06  0.880962  0.459785  0.220241  1 
1.59768e+06  0.854156  0.514882  0.213539  1 
1.3548e+06  0.90246  0.384301  0.225615  1 
1.13832e+06  1.34922  0.267914  0.337306  2 

1.04592e+06  1.46888  0.218237  0.36722  0 
2.14008e+06  0.808773  0.806495  0.202193  0 
1.82904e+06  0.823569  0.639269  0.205892  0 
1.52544e+06  0.851235  0.476043  0.212809  0 
1.25688e+06  0.918158  0.331656  0.22954  0 
1.10904e+06  1.05571  0.252172  0.263929  0 
1.04856e+06  1.34376  0.219656  0.33594  0 
1.2036e+06  0.953161  0.303011  0.23829  0 
1.07496e+06  1.22462  0.233849  0.306156  0 
1.17096e+06  0.958703  0.285462  0.239676  0 
1.47456e+06  0.858214  0.448688  0.214554  0 
1.44e+06  0.865257  0.430108  0.216314  0 
1.41024e+06  0.869925  0.414108  0.217481  0 
1.15056e+06  1.01743  0.274495  0.254356  0 
1.0572e+06  1.29944  0.224301  0.32486  0 
1.37424e+06  0.885804  0.394753  0.221451  0 
1.08816e+06  1.19234  0.240946  0.298085  0 
1.13688e+06  1.02324  0.26714  0.255811  0 
1.35672e+06  0.889168  0.385333  0.222292  0 
1.3404e+06  0.890287  0.376559  0.222572  0 
1.15824e+06  0.986809  0.278624  0.246702  0 
1.79616e+06  0.824455  0.621591  0.206114  0 
1.78248e+06  0.825929  0.614237  0.206482  0 
1.76736e+06  0.825946  0.606108  0.206486  0 
1.71816e+06  0.828432  0.579656  0.207108  0 
1.32984e+06  0.891884  0.370882  0.222971  0 
1.23888e+06  0.93198  0.321978  0.232995  0 
1.32024e+06  0.898763  0.36572  0.224691  0 
1.68096e+06  0.834346  0.559656  0.208587  0 
1.12344e+06  1.04092  0.259914  0.260229  0 
2.12784e+06  0.809357  0.799914  0.202339  0 
1.30872e+06  0.904009  0.359527  0.226002  0 
1.09608e+06  1.17827  0.245204  0.294567  0 
1.30008e+06  0.904528  0.354882  0.226132  0 
1.67208e+06  0.837677  0.554882  0.209419  0 
1.65216e+06  0.838809  0.544172  0.209702  0 
1.23096e+06  0.940762  0.31772  0.235191  0 
1.25112e+06  0.918292  0.328559  0.229573  0 
1.9884e+06  0.811813  0.724946  0.202953  0 
1.93944e+06  0.814399  0.698624  0.2036  0 
1.11768e+06  1.04671  0.256817  0.261677  0 
1.64496e+06  0.842559  0.540301  0.21064  0 
1.63632e+06  0.842782  0.535656  0.210696  0 
1.0836e+06  1.21622  0.238495  0.304054  0 
1.1544e+06  0.996837  0.276559  0.249209  0 
1.91352e+06  0.81571  0.684688  0.203928  0 
1.626e+06  0.845024  0.530108  0.211256  0 
1.2972e+06  0.906774  0.353333  0.226693  0 
1.22208e+06  0.947066  0.312946  0.236767  0 
1.27296e+06  0.91219  0.340301  0.228048  0 
1.61712e+06  0.845532  0.525333  0.211383  0 
1.22856e+06  0.940774  0.31643  0.235193  0 
1.45656e+06  0.860706  0.439011  0.215177  0 
1.19544e+06  0.9542  0.298624  0.23855  0 
1.08072e+06  1.22024  0.236946  0.305061  0 
1.13088e+06  1.03672  0.263914  0.259181  0 
1.13496e+06  1.03052  0.266108  0.257631  0 
1.21632e+06  0.949461  0.309849  0.237365  0 
1.3212e+06  0.895482  0.366237  0.223871  0 
1.18752e+06  0.955606  0.294366  0.238901  0 
1.18176e+06  0.95579  0.291269  0.238947  0 
1.60368e+06  0.848704  0.518108  0.212176  0 
1.50816e+06  0.855913  0.466753  0.213978  0 
1.37304e+06  0.886884  0.394108  0.221721  0 
1.5936e+06  0.848957  0.512688  0.212239  0 
1.63392e+06  0.842799  0.534366  0.2107  0 
1.1496e+06  1.01802  0.273978  0.254504  0 
1.434e+06  0.867901  0.426882  0.216975  0 
1.20984e+06  0.951267  0.306366  0.237817  0 
1.45416e+06  0.863412  0.43772  0.215853  0 
1.11672e+06  1.05389  0.256301  0.263471  0 
1.4532e+06  0.863479  0.437204  0.21587  0 
1.42536e+06  0.868148  0.422237  0.217037  0 
1.6164e+06  0.84625  0.524946  0.211563  0 
1.86744e+06  0.822096  0.659914  0.205524  0 
1.11264e+06  1.05437  0.254108  0.263593  0 
1.23528e+06  0.93956  0.320043  0.23489  0 
1.78752e+06  0.824823  0.616946  0.206206  0 
1.12296e+06  1.04205  0.259656  0.260512  0 
1.398e+06  0.88483  0.407527  0.221208  0 
1.58808e+06  0.850284  0.50972  0.212571  0 
1.7844e+06  0.825101  0.615269  0.206275  0 
1.2696e+06  0.917433  0.338495  0.229358  0 
1.15416e+06  1.01602  0.27643  0.254006  0 
1.14888e+06  1.02274  0.273591  0.255685  0 
1.35576e+06  0.890133  0.384817  0.222533  0 
1.19496e+06  0.95551  0.298366  0.238877  0 
1.19424e+06  0.955556  0.297978  0.238889  0 
1.22184e+06  0.949448  0.312817  0.237362  0 
1.08792e+06  1.21622  0.240817  0.304054  0 
1.44e+06  0.865257  0.430108  0.216314  0 
1.47456e+06  0.858214  0.448688  0.214554  0 
2.14008e+06  0.808773  0.806495  0.202193  0 
1.19496e+06  0.95551  0.298366  0.238877  0 
1.63632e+06  0.842782  0.535656  0.210696  0 
1.2972e+06  0.906774  0.353333  0.226693  0 
1.22208e+06  0.947066  0.312946  0.236767  0 
1.27296e+06  0.91219  0.340301  0.228048  0 
1.72416e+06  0.853984  0.582882  0.213496  0 
1.80024e+06  0.850313  0.623785  0.212578  0 

991200  1.82738  0.188817  0.456845  0 
2.13384e+06  0.807012  0.80314  0.201753  0 
1.64712e+06  0.831423  0.541462  0.207856  0 
1.21896e+06  0.929207  0.311269  0.232302  0 
1.02528e+06  1.40974  0.20714  0.352436  0 
1.09608e+06  1.03895  0.245204  0.259738  0 
1.04568e+06  1.3051  0.218108  0.326276  0 
1.1736e+06  0.943119  0.286882  0.23578  0 
1.58856e+06  0.835874  0.509978  0.208969  0 
1.54896e+06  0.842295  0.488688  0.210574  0 
1.50096e+06  0.849119  0.462882  0.21228  0 
1.06272e+06  1.2218  0.227269  0.30545  0 
1.45728e+06  0.858346  0.439398  0.214586  0 
1.14048e+06  0.969793  0.269075  0.242448  0 
1.42584e+06  0.864887  0.422495  0.216222  0 
1.38336e+06  0.873459  0.399656  0.218365  0 
1.36152e+06  0.883143  0.387914  0.220786  0 
1.33728e+06  0.885414  0.374882  0.221354  0 
1.116e+06  0.995455  0.255914  0.248864  0 
1.31808e+06  0.888375  0.364559  0.222094  0 
1.07856e+06  1.18404  0.235785  0.296009  0 
1.28448e+06  0.898905  0.346495  0.224726  0 
1.0116e+06  1.72278  0.199785  0.430695  0 
1.104e+06  1.00004  0.249462  0.250009  0 
2.1084e+06  0.809103  0.789462  0.202276  0 
2.09592e+06  0.809718  0.782753  0.20243  0 
2.07696e+06  0.80978  0.772559  0.202445  0 
2.05008e+06  0.809865  0.758108  0.202466  0 
1.26696e+06  0.907843  0.337075  0.226961  0 
1.9884e+06  0.811813  0.724946  0.202953  0 
1.16496e+06  0.946648  0.282237  0.236662  0 
1.90512e+06  0.813267  0.680172  0.203317  0 
1.07136e+06  1.20294  0.231914  0.300734  0 
1.86336e+06  0.81641  0.65772  0.204103  0 
1.25784e+06  0.914234  0.332172  0.228558  0 
1.056e+06  1.24186  0.223656  0.310465  0 
1.13424e+06  0.98104  0.26572  0.24526  0 
999840  1.81438  0.193462  0.453594  0 
1.2084e+06  0.930398  0.305591  0.2326  0 
1.83816e+06  0.819362  0.644172  0.204841  0 
1.15728e+06  0.958707  0.278108  0.239677  0 
1.25016e+06  0.918147  0.328043  0.229537  0 
1.20264e+06  0.932066  0.302495  0.233016  0 
1.8228e+06  0.820807  0.635914  0.205202  0 
1.2348e+06  0.919396  0.319785  0.229849  0 
1.04064e+06  1.40057  0.215398  0.350141  0 
1.81512e+06  0.822522  0.631785  0.20563  0 
1.79712e+06  0.823394  0.622108  0.205849  0 
1.49472e+06  0.85097  0.459527  0.212743  0 
1.19016e+06  0.936004  0.295785  0.234001  0 
1.03392e+06  1.40279  0.211785  0.350698  0 
1.02216e+06  1.71263  0.205462  0.428156  0 
1.78752e+06  0.824823  0.616946  0.206206  0 
1.77984e+06  0.825268  0.612817  0.206317  0 
1.77312e+06  0.825616  0.609204  0.206404  0 
1.14672e+06  0.963999  0.27243  0.241  0 
1.31544e+06  0.893155  0.36314  0.223289  0 
1.76256e+06  0.825796  0.603527  0.206449  0 
1.75296e+06  0.826301  0.598366  0.206575  0 
1.44264e+06  0.859867  0.431527  0.214967  0 
1.13784e+06  0.97616  0.267656  0.24404  0 
1.13208e+06  0.98956  0.264559  0.24739  0 
1.41984e+06  0.868974  0.419269  0.217243  0 
1.53984e+06  0.844667  0.483785  0.211167  0 
1.01664e+06  1.71845  0.202495  0.429612  0 
1.05336e+06  1.30091  0.222237  0.325226  0 
1.00968e+06  1.80603  0.198753  0.451508  0 
1.092e+06  1.18016  0.243011  0.295039  0 
1.27488e+06  0.904203  0.341333  0.226051  0 
1.13616e+06  0.976934  0.266753  0.244234  0 
1.71432e+06  0.827825  0.577591  0.206956  0 
1.41024e+06  0.869949  0.414108  0.217487  0 
1.47744e+06  0.854907  0.450237  0.213727  0 
1.11096e+06  0.996764  0.253204  0.249191  0 
1.40232e+06  0.8703  0.409849  0.217575  0 
1.2012e+06  0.932265  0.30172  0.233066  0 
1.04832e+06  1.30205  0.219527  0.325513  0 
1.2612e+06  0.911266  0.333978  0.227816  0 
1.23072e+06  0.926487  0.317591  0.231622  0 
1.07016e+06  1.20946  0.231269  0.302366  0 
1.04448e+06  1.31399  0.217462  0.328499  0 
1.31424e+06  0.894929  0.362495  0.223732  0 
1.0284e+06  1.4073  0.208817  0.351824  0 
1.08288e+06  1.18179  0.238108  0.295448  0 
1.53888e+06  0.844696  0.483269  0.211174  0 
1.13952e+06  0.969868  0.268559  0.242467  0 
1.1448e+06  0.967816  0.271398  0.241954  0 
1.06008e+06  1.23991  0.225849  0.309979  0 
1.47648e+06  0.856399  0.44972  0.2141  0 
1.55808e+06  0.840388  0.493591  0.210097  0 
1.68072e+06  0.82958  0.559527  0.207395  0 
1.26024e+06  0.912495  0.333462  0.228124  0 
1.55136e+06  0.840571  0.489978  0.210143  0 
1.43016e+06  0.863312  0.424817  0.215828  0 
1.13352e+06  0.986153  0.265333  0.246538  0 
1.18032e+06  0.941627  0.290495  0.235407  0 
1.512e+06  0.847694  0.468817  0.211923  0 
1.12272e+06  0.994198  0.259527  0.248549  0 
1.05912e+06  1.24074  0.225333  0.310185  0 
1.83336e+06  0.819742  0.641591  0.204936  0 

984240  1.81817  0.185075  0.454543  0 
2.12808e+06  0.803988  0.800043  0.200997  0 
1.6404e+06  0.826347  0.537849  0.206587  0 
1.224e+06  0.921393  0.313978  0.230348  0 
1.00464e+06  1.36458  0.196043  0.341145  0 
1.07016e+06  1.0437  0.231269  0.260924  0 
1.16472e+06  0.93968  0.282108  0.23492  0 
1.58784e+06  0.835284  0.509591  0.208821  0 
1.52952e+06  0.841941  0.478237  0.210485  0 
1.03536e+06  1.26627  0.212559  0.316567  0 
1.12608e+06  0.969613  0.261333  0.242403  0 
1.48848e+06  0.848427  0.456172  0.212107  0 
1.45872e+06  0.85766  0.440172  0.214415  0 
1.42128e+06  0.859193  0.420043  0.214798  0 
1.3956e+06  0.868012  0.406237  0.217003  0 
1.10352e+06  0.991186  0.249204  0.247796  0 
1.36032e+06  0.873315  0.387269  0.218329  0 
1.34136e+06  0.881898  0.377075  0.220474  0 
1.0536e+06  1.16412  0.222366  0.291029  0 
1.31616e+06  0.888259  0.363527  0.222065  0 
1.01592e+06  1.33329  0.202108  0.333322  0 
1.30152e+06  0.891262  0.355656  0.222815  0 
992880  1.63631  0.18972  0.409078  0 
1.1532e+06  0.942033  0.275914  0.235508  0 
1.2864e+06  0.898184  0.347527  0.224546  0 
1.14168e+06  0.946482  0.26972  0.236621  0 
2.1012e+06  0.804426  0.785591  0.201107  0 
2.08872e+06  0.805445  0.778882  0.201361  0 
1.06128e+06  1.07682  0.226495  0.269204  0 
1.04064e+06  1.24763  0.215398  0.311907  0 
1.27776e+06  0.898898  0.342882  0.224725  0 
2.06256e+06  0.808371  0.764817  0.202093  0 
1.11672e+06  0.974023  0.256301  0.243506  0 
1.26912e+06  0.904723  0.338237  0.226181  0 
2.05008e+06  0.809865  0.758108  0.202466  0 
1.9032e+06  0.810323  0.67914  0.202581  0 
1.87344e+06  0.810837  0.66314  0.202709  0 
1.09704e+06  1.02646  0.24572  0.256616  0 
1.26024e+06  0.90784  0.333462  0.22696  0 
1.21752e+06  0.926501  0.310495  0.231625  0 
998880  1.36649  0.192946  0.341622  0 
1.09776e+06  1.01245  0.246108  0.253112  0 
1.85592e+06  0.81612  0.65372  0.20403  0 
1.25424e+06  0.911264  0.330237  0.227816  0 
1.20816e+06  0.929574  0.305462  0.232393  0 
1.23384e+06  0.911881  0.319269  0.22797  0 
1.19184e+06  0.930352  0.296688  0.232588  0 
1.82928e+06  0.817151  0.639398  0.204288  0 
1.09824e+06  1.00335  0.246366  0.250838  0 
1.788e+06  0.817448  0.617204  0.204362  0 
1.03128e+06  1.32318  0.210366  0.330796  0 
1.18728e+06  0.932421  0.294237  0.233105  0 
1.13832e+06  0.953822  0.267914  0.238456  0 
1.4088e+06  0.861349  0.413333  0.215337  0 
1.68312e+06  0.819822  0.560817  0.204955  0 
1.57584e+06  0.837063  0.50314  0.209266  0 
1.3368e+06  0.883499  0.374624  0.220875  0 
1.34688e+06  0.877287  0.380043  0.219322  0 
1.29312e+06  0.894068  0.35114  0.223517  0 
1.18512e+06  0.935603  0.293075  0.233901  0 
1.08168e+06  1.0397  0.237462  0.259925  0 
1.38312e+06  0.869351  0.399527  0.217338  0 
1.33344e+06  0.884497  0.372817  0.221124  0 
1.47144e+06  0.854008  0.447011  0.213502  0 
1.18344e+06  0.93568  0.292172  0.23392  0 
1.04928e+06  1.24413  0.220043  0.311031  0 
1.32888e+06  0.884858  0.370366  0.221214  0 
1.40616e+06  0.864693  0.411914  0.216173  0 
1.21968e+06  0.923454  0.311656  0.230863  0 
1.40016e+06  0.864987  0.408688  0.216247  0 
1.56648e+06  0.839108  0.498108  0.209777  0 
1.34496e+06  0.87907  0.379011  0.219768  0 
1.02744e+06  1.33057  0.208301  0.332643  0 
1.1016e+06  1.00065  0.248172  0.250162  0 
1.29192e+06  0.894953  0.350495  0.223738  0 
1.1784e+06  0.937133  0.289462  0.234283  0 
1.38048e+06  0.870942  0.398108  0.217735  0 
1.4676e+06  0.8554  0.444946  0.21385  0 
1.06896e+06  1.07475  0.230624  0.268687  0 
1.1772e+06  0.937722  0.288817  0.23443  0 
1.22808e+06  0.919459  0.316172  0.229865  0 
1.52232e+06  0.846558  0.474366  0.211639  0 
1.12344e+06  0.972294  0.259914  0.243073  0 
1.21368e+06  0.927849  0.30843  0.231962  0 
1.09632e+06  1.02976  0.245333  0.257441  0 
1.03464e+06  1.31201  0.212172  0.328003  0 
1.63896e+06  0.833788  0.537075  0.208447  0 
1.6128e+06  0.833877  0.523011  0.208469  0 
1.30368e+06  0.889908  0.356817  0.222477  0 
1.39464e+06  0.868062  0.40572  0.217015  0 
1.13112e+06  0.968428  0.264043  0.242107  0 
1.3776e+06  0.872155  0.396559  0.218039  0 
1.46184e+06  0.856519  0.441849  0.21413  0 
1.52064e+06  0.847459  0.473462  0.211865  0 
1.51872e+06  0.847526  0.47243  0.211881  0 
1.39752e+06  0.867121  0.407269  0.21678  0 
1.14672e+06  0.945604  0.27243  0.236401  0 
1.44792e+06  0.858327  0.434366  0.214582  0 
1.512e+06  0.847667  0.468817  0.211917  0 
1.2072e+06  0.929725  0.304946  0.232431  0 

