7.2105e+07  7.00727e+07  38.422  1.75182e+07  0 
5.16554e+07  4.94529e+07  27.4276  1.23632e+07  0 
4.28486e+07  4.10395e+07  22.6928  1.02599e+07  0 
6.37288e+07  6.16069e+07  33.9187  1.54017e+07  0 
6.65169e+07  6.46497e+07  35.4177  1.61624e+07  0 
1.94835e+12  1.94835e+12  1.0475e+06  4.87087e+11  0 
5.37749e+07  5.15582e+07  28.5671  1.28896e+07  0 
7.38271e+07  7.17893e+07  39.3479  1.79473e+07  0 
7.7077e+07  7.52162e+07  41.0951  1.88041e+07  0 
2.90267e+14  2.90267e+14  1.56057e+08  7.25667e+13  0 
5.07488e+07  4.86704e+07  26.9402  1.21676e+07  0 
4.78301e+07  4.5794e+07  25.371  1.14485e+07  0 
1.27794e+14  1.27794e+14  6.87064e+07  3.19485e+13  0 
8.96033e+07  8.77548e+07  47.8297  2.19387e+07  0 
4.69739e+07  4.50307e+07  24.9107  1.12577e+07  0 
4.25083e+07  4.04119e+07  22.5099  1.0103e+07  0 
4.8977e+07  4.6882e+07  25.9876  1.17205e+07  0 
7.27674e+07  7.07746e+07  38.7782  1.76937e+07  0 
1.50398e+13  1.50398e+13  8.08593e+06  3.75995e+12  0 
9.90819e+13  9.90819e+13  5.32699e+07  2.47705e+13  0 
7.44549e+07  7.24372e+07  39.6854  1.81093e+07  0 
5.26844e+07  5.07e+07  27.9808  1.2675e+07  0 
1.59095e+13  1.59095e+13  8.55349e+06  3.97737e+12  0 
4.92466e+07  4.72673e+07  26.1326  1.18168e+07  0 
1.04993e+14  1.04993e+14  5.64477e+07  2.62482e+13  0 
4.95933e+07  4.76476e+07  26.319  1.19119e+07  0 
4.17855e+07  3.98201e+07  22.1212  9.95503e+06  0 
7.71653e+07  7.51325e+07  41.1426  1.87831e+07  0 
5.69454e+07  5.4902e+07  30.2717  1.37255e+07  0 
5.19245e+13  5.19245e+13  2.79164e+07  1.29811e+13  0 
8.53964e+14  8.53964e+14  4.5912e+08  2.13491e+14  0 
5.28602e+07  5.09207e+07  28.0754  1.27302e+07  0 
4.48793e+07  4.28678e+07  23.7846  1.0717e+07  0 
5.41148e+07  5.23268e+07  28.7499  1.30817e+07  0 
5.96102e+07  5.77125e+07  31.7044  1.44281e+07  0 
1.30489e+13  1.30489e+13  7.01554e+06  3.26223e+12  0 
5.12255e+07  4.91819e+07  27.1965  1.22955e+07  0 
6.21441e+07  5.99789e+07  33.0667  1.49947e+07  0 
3.43115e+07  3.23413e+07  18.1029  8.08533e+06  0 
2.62298e+07  2.41848e+07  13.758  6.04619e+06  0 
2.06e+13  2.06e+13  1.10753e+07  5.14999e+12  0 
7.88748e+13  7.88748e+13  4.24058e+07  1.97187e+13  0 
5.07653e+07  4.88091e+07  26.9491  1.22023e+07  0 
4.86556e+07  4.66557e+07  25.8148  1.16639e+07  0 
1.33978e+15  1.33978e+15  7.20314e+08  3.34946e+14  0 
1.00805e+08  9.89397e+07  53.8522  2.47349e+07  0 
4.98904e+07  4.79188e+07  26.4787  1.19797e+07  0 
5.3189e+07  5.12899e+07  28.2522  1.28225e+07  0 
4.51805e+07  4.33034e+07  23.9465  1.08259e+07  0 
4.21815e+07  4.02044e+07  22.3341  1.00511e+07  0 
5.0304e+07  4.83e+07  26.7011  1.2075e+07  0 
4.34818e+07  4.13431e+07  23.0332  1.03358e+07  0 
4.09852e+14  4.09852e+14  2.20351e+08  1.02463e+14  0 
4.83542e+07  4.65293e+07  25.6528  1.16323e+07  0 
5.2809e+07  5.07838e+07  28.0478  1.2696e+07  0 
6.66606e+07  6.4677e+07  35.4949  1.61692e+07  0 
5.15991e+07  4.95257e+07  27.3974  1.23814e+07  0 
1.00771e+14  1.00771e+14  5.41779e+07  2.51927e+13  0 
3.42794e+07  3.20433e+07  18.0857  8.01082e+06  0 
1.61735e+14  1.61735e+14  8.69544e+07  4.04338e+13  0 
4.91207e+07  4.71182e+07  26.0649  1.17795e+07  0 
2.74944e+14  2.74944e+14  1.4782e+08  6.87361e+13  0 
4.14846e+07  3.95538e+07  21.9595  9.88845e+06  0 
4.98867e+07  4.79963e+07  26.4767  1.19991e+07  0 
2.88252e+07  2.68217e+07  15.1533  6.70542e+06  0 
1.10698e+08  1.08692e+08  59.171  2.71731e+07  0 
4.69684e+07  4.50206e+07  24.9077  1.12551e+07  0 
6.16209e+07  5.96277e+07  32.7855  1.49069e+07  0 
8.94191e+07  8.74288e+07  47.7307  2.18572e+07  0 
3.76794e+13  3.76794e+13  2.02577e+07  9.41985e+12  0 
2.41393e+13  2.41393e+13  1.29781e+07  6.03484e+12  0 
6.67152e+07  6.48857e+07  35.5243  1.62214e+07  0 
1.47316e+13  1.47316e+13  7.92024e+06  3.68291e+12  0 
5.04447e+07  4.84496e+07  26.7767  1.21124e+07  0 
3.15372e+07  2.95472e+07  16.6114  7.38679e+06  0 
2.79521e+07  2.6017e+07  14.6839  6.50424e+06  0 
4.82758e+07  4.64538e+07  25.6107  1.16134e+07  0 
1.32361e+08  1.30287e+08  70.8177  3.25718e+07  0 
8.00235e+07  7.83305e+07  42.6793  1.95826e+07  0 
5.01394e+07  4.81244e+07  26.6126  1.20311e+07  0 
3.58152e+07  3.38141e+07  18.9114  8.45351e+06  0 
4.30854e+07  4.1254e+07  22.8201  1.03135e+07  0 
5.84143e+07  5.63966e+07  31.0614  1.40992e+07  0 
5.30735e+07  5.12135e+07  28.1901  1.28034e+07  0 
4.95616e+07  4.7487e+07  26.3019  1.18718e+07  0 
1.18821e+13  1.18821e+13  6.38822e+06  2.97052e+12  0 
2.01409e+07  1.8037e+07  10.4843  4.50926e+06  0 
7.04737e+07  6.84582e+07  37.545  1.71145e+07  0 
4.43086e+07  4.23672e+07  23.4777  1.05918e+07  0 
5.03466e+07  4.84347e+07  26.724  1.21087e+07  0 
4.65976e+07  4.45968e+07  24.7084  1.11492e+07  0 
5.49731e+07  5.32029e+07  29.2113  1.33007e+07  0 
4.88836e+07  4.70274e+07  25.9374  1.17568e+07  0 
6.24015e+07  6.06344e+07  33.2051  1.51586e+07  0 
4.74268e+07  4.53995e+07  25.1542  1.13499e+07  0 
5.11242e+07  4.91324e+07  27.142  1.22831e+07  0 
5.21541e+07  5.01465e+07  27.6958  1.25366e+07  0 
2.0189e+07  1.82647e+07  10.5102  4.56617e+06  0 
8.30638e+07  8.11289e+07  44.3138  2.02822e+07  0 
5.50419e+07  5.30494e+07  29.2483  1.32624e+07  0 

1.2144e+06  1.41458  0.308817  0.353645  0 
2.26584e+06  0.980082  0.874108  0.24502  0 
2.14152e+06  1.19201  0.807269  0.298004  0 
5.03207e+06  2.88791e+06  2.36133  721977  1 
5.55611e+06  3.3906e+06  2.64307  847649  2 
7.24243e+06  5.17651e+06  3.54969  1.29413e+06  7 
8.34532e+06  6.16588e+06  4.14265  1.54147e+06  8 
8.73079e+06  6.50215e+06  4.34989  1.62554e+06  10 
8.64606e+06  6.58231e+06  4.30434  1.64558e+06  10 
1.10319e+07  8.97125e+06  5.58704  2.24281e+06  17 
1.11354e+07  8.99271e+06  5.64271  2.24818e+06  18 
1.61706e+07  1.41094e+07  8.34976  3.52736e+06  27 
1.70288e+07  1.50581e+07  8.81116  3.76453e+06  29 
1.79186e+07  1.58203e+07  9.28956  3.95507e+06  32 
2.22854e+07  2.01698e+07  11.6373  5.04245e+06  43 
3.96658e+07  3.75684e+07  20.9816  9.3921e+06  55 
4.7204e+07  4.51664e+07  25.0344  1.12916e+07  66 
5.42819e+07  5.2349e+07  28.8398  1.30872e+07  78 
6.53266e+07  6.32417e+07  34.7777  1.58104e+07  80 
2.29215e+07  2.08491e+07  11.9793  5.21226e+06  47 
2.52559e+07  2.32073e+07  13.2344  5.80182e+06  51 
5.18913e+07  4.97577e+07  27.5545  1.24394e+07  75 
3.25183e+07  3.04584e+07  17.1389  7.6146e+06  53 
4.59557e+07  4.38632e+07  24.3633  1.09658e+07  62 
2.10206e+07  1.89307e+07  10.9573  4.73268e+06  38 
5.80087e+07  5.607e+07  30.8434  1.40175e+07  79 
4.54281e+07  4.3403e+07  24.0796  1.08507e+07  61 
4.12908e+07  3.94495e+07  21.8553  9.86237e+06  58 
3.89353e+07  3.67602e+07  20.5889  9.19006e+06  54 
4.97373e+07  4.76491e+07  26.3964  1.19123e+07  73 
6.98816e+07  6.77374e+07  37.2267  1.69344e+07  86 
4.52998e+07  4.3124e+07  24.0107  1.0781e+07  60 
1.74872e+07  1.55336e+07  9.05765  3.88341e+06  30 
4.6062e+07  4.4102e+07  24.4204  1.10255e+07  64 
4.7742e+07  4.57639e+07  25.3237  1.1441e+07  67 
1.9522e+07  1.75626e+07  10.1516  4.39065e+06  35 
6.06333e+06  4.03125e+06  2.91577  1.00781e+06  3 
4.94466e+07  4.72722e+07  26.2401  1.18181e+07  71 
4.51104e+07  4.33272e+07  23.9088  1.08318e+07  60 
4.77412e+07  4.58097e+07  25.3232  1.14524e+07  67 
1.54316e+07  1.30791e+07  7.95246  3.26978e+06  23 
1.60144e+07  1.39101e+07  8.26579  3.47751e+06  26 
5.42717e+07  5.20671e+07  28.8343  1.30168e+07  77 
4.66712e+07  4.44509e+07  24.7479  1.11127e+07  65 
2.20954e+07  1.99753e+07  11.5352  4.99382e+06  42 
1.00266e+07  7.90694e+06  5.04657  1.97674e+06  14 
2.19271e+07  1.9889e+07  11.4447  4.97226e+06  41 
8.85047e+06  6.73727e+06  4.41423  1.68432e+06  11 
6.83427e+07  6.6564e+07  36.3993  1.6641e+07  85 
1.79104e+07  1.57886e+07  9.28517  3.94714e+06  31 
2.41349e+07  2.2259e+07  12.6316  5.56476e+06  50 
4.96392e+07  4.73443e+07  26.3437  1.18361e+07  72 
1.12709e+07  9.01222e+06  5.71552  2.25306e+06  19 
4.65866e+07  4.45826e+07  24.7025  1.11456e+07  65 
6.8179e+06  4.7047e+06  3.32145  1.17618e+06  4 
5.31544e+07  5.11069e+07  28.2335  1.27767e+07  76 
4.71472e+07  4.52613e+07  25.0039  1.13153e+07  66 
7.82421e+07  7.60547e+07  41.7216  1.90137e+07  87 
4.60464e+07  4.394e+07  24.4121  1.0985e+07  63 
2.08683e+07  1.856e+07  10.8754  4.63999e+06  37 
4.1301e+07  3.89936e+07  21.8607  9.7484e+06  56 
1.1134e+07  8.93852e+06  5.64195  2.23463e+06  17 
2.11301e+07  1.90221e+07  11.0162  4.75554e+06  40 
4.59854e+07  4.40537e+07  24.3793  1.10134e+07  63 
4.815e+07  4.60351e+07  25.543  1.15088e+07  68 
5.01943e+07  4.81286e+07  26.6421  1.20321e+07  74 
4.49215e+07  4.2828e+07  23.8073  1.0707e+07  59 
1.06769e+07  8.59152e+06  5.39617  2.14788e+06  16 
8.53408e+06  6.45232e+06  4.24413  1.61308e+06  9 
1.09621e+07  8.98208e+06  5.54951  2.24552e+06  17 
1.80224e+07  1.60551e+07  9.34536  4.01377e+06  34 
4.11527e+07  3.90484e+07  21.781  9.76211e+06  56 
2.10423e+07  1.88939e+07  10.969  4.72347e+06  39 
4.12434e+07  3.90592e+07  21.8298  9.76479e+06  57 
1.40866e+07  1.19478e+07  7.22938  2.98694e+06  22 
2.2751e+07  2.06246e+07  11.8876  5.15615e+06  46 
2.78389e+07  2.58896e+07  14.6231  6.47241e+06  52 
2.81536e+07  2.58093e+07  14.7923  6.45232e+06  52 
2.24976e+07  2.04492e+07  11.7514  5.11231e+06  45 
2.22539e+07  2.03663e+07  11.6204  5.09157e+06  43 
1.14146e+07  9.24691e+06  5.79279  2.31173e+06  20 
8.35755e+07  8.14786e+07  44.589  2.03697e+07  88 
1.79681e+07  1.60273e+07  9.31621  4.00682e+06  33 
1.70127e+07  1.49324e+07  8.80255  3.7331e+06  28 
4.65301e+07  4.46492e+07  24.6721  1.11623e+07  65 
1.57142e+07  1.35679e+07  8.10443  3.39198e+06  25 
2.04337e+07  1.81808e+07  10.6418  4.54521e+06  36 
4.86592e+07  4.65136e+07  25.8168  1.16284e+07  69 
7.22437e+06  5.00485e+06  3.53998  1.25121e+06  6 
2.2455e+07  2.03781e+07  11.7285  5.09452e+06  44 
7.07059e+06  4.91011e+06  3.45731  1.22753e+06  5 
2.30896e+07  2.0908e+07  12.0697  5.227e+06  48 
9.00831e+06  6.90808e+06  4.49909  1.72702e+06  12 
1.36663e+07  1.13939e+07  7.00337  2.84849e+06  21 
2.31412e+07  2.10865e+07  12.0974  5.27163e+06  49 
9.98079e+06  7.68999e+06  5.02193  1.9225e+06  13 
1.0103e+07  7.93266e+06  5.08762  1.98317e+06  15 
4.88471e+07  4.65642e+07  25.9178  1.1641e+07  70 
2.10298e+07  1.87951e+07  10.9622  4.69878e+06  38 
1.54607e+07  1.3196e+07  7.96811  3.29901e+06  24 

1.16544e+06  1.65027  0.282495  0.412568  0 
2.24568e+06  0.97906  0.863269  0.244765  0 
1.8636e+06  1.05302  0.657849  0.263254  0 
1.67928e+06  1.29888  0.558753  0.32472  0 
1.7712e+06  1.14403  0.608172  0.286008  0 
1.60248e+06  1.51516  0.517462  0.378791  0 
1.6728e+06  1.34466  0.555269  0.336165  0 
1.73712e+06  1.6938  0.589849  0.423451  1 
1.7844e+06  1.21285  0.615269  0.303212  1 
2.256e+06  1.11236  0.868817  0.278091  1 
1.8264e+06  1.89429  0.637849  0.473573  2 
2.04048e+06  1.62315  0.752946  0.405787  2 
1.93992e+06  1.83523  0.698882  0.458808  2 
2.26416e+06  2.07122  0.873204  0.517806  3 
2.20861e+06  6611.85  0.843339  1652.96  3 
3.13488e+06  1.14073e+06  1.34134  285181  5 
3.18461e+06  1.03542e+06  1.36807  258854  5 
3.99802e+06  1.84306e+06  1.80539  460765  6 
4.02034e+06  1.82002e+06  1.81739  455005  6 
4.11675e+06  1.98315e+06  1.86922  495787  7 
4.28606e+06  1.85126e+06  1.96025  462815  7 
4.45667e+06  2.175e+06  2.05197  543749  8 
4.59496e+06  2.51392e+06  2.12632  628481  9 
5.0819e+06  2.94158e+06  2.38812  735395  10 
5.57605e+06  3.32653e+06  2.65379  831632  11 
5.72875e+06  3.3494e+06  2.73589  837349  12 
5.76501e+06  3.53638e+06  2.75538  884094  13 
6.15262e+06  3.70678e+06  2.96378  926696  14 
6.73583e+06  4.48775e+06  3.27733  1.12194e+06  15 
6.78808e+06  4.61344e+06  3.30542  1.15336e+06  16 
7.12756e+06  5.09596e+06  3.48794  1.27399e+06  17 
7.45704e+06  5.14465e+06  3.66508  1.28616e+06  18 
7.55208e+06  5.32465e+06  3.71617  1.33116e+06  19 
8.138e+06  5.948e+06  4.03118  1.487e+06  20 
8.21656e+06  6.06856e+06  4.07342  1.51714e+06  21 
8.36463e+06  6.41944e+06  4.15303  1.60486e+06  22 
8.51695e+06  6.53359e+06  4.23492  1.6334e+06  23 
8.90461e+06  6.70501e+06  4.44334  1.67625e+06  24 
8.74433e+06  6.71465e+06  4.35716  1.67866e+06  24 
9.02052e+06  6.92508e+06  4.50566  1.73127e+06  25 
9.52912e+06  7.56856e+06  4.7791  1.89214e+06  26 
9.89727e+06  7.60575e+06  4.97703  1.90144e+06  27 
9.67131e+06  7.62556e+06  4.85555  1.90639e+06  27 
1.06455e+07  8.33187e+06  5.37929  2.08297e+06  29 
1.10387e+07  8.81293e+06  5.59069  2.20323e+06  30 
1.10021e+07  8.93398e+06  5.571  2.23349e+06  30 
1.11318e+07  8.84986e+06  5.64074  2.21247e+06  31 
1.11781e+07  9.04786e+06  5.66565  2.26197e+06  32 
1.12483e+07  9.20714e+06  5.70341  2.30179e+06  33 
1.12732e+07  9.12157e+06  5.71676  2.28039e+06  33 
1.14616e+07  9.38343e+06  5.81806  2.34586e+06  34 
1.15957e+07  9.50245e+06  5.89018  2.37561e+06  35 
1.21198e+07  1.00246e+07  6.17194  2.50615e+06  37 
1.33503e+07  1.10847e+07  6.83351  2.77118e+06  38 
1.38034e+07  1.16782e+07  7.07709  2.91955e+06  40 
1.39317e+07  1.1692e+07  7.14606  2.923e+06  41 
1.39768e+07  1.18276e+07  7.17031  2.9569e+06  42 
1.4812e+07  1.27631e+07  7.61933  3.19077e+06  43 
1.49488e+07  1.29745e+07  7.69289  3.24364e+06  44 
1.60038e+07  1.38911e+07  8.2601  3.47277e+06  45 
1.69508e+07  1.48378e+07  8.76925  3.70946e+06  47 
1.88521e+07  1.67914e+07  9.79144  4.19786e+06  48 
1.89951e+07  1.70336e+07  9.86834  4.2584e+06  49 
2.05003e+07  1.84073e+07  10.6776  4.60181e+06  52 
2.24659e+07  2.05094e+07  11.7343  5.12734e+06  55 
2.30808e+07  2.10513e+07  12.0649  5.26283e+06  56 
2.31437e+07  2.08884e+07  12.0988  5.22211e+06  56 
2.33995e+07  2.14024e+07  12.2363  5.35061e+06  57 
2.81078e+07  2.60659e+07  14.7676  6.51647e+06  60 
3.22433e+07  3.01745e+07  16.991  7.54363e+06  61 
3.80848e+07  3.59083e+07  20.1316  8.97706e+06  62 
3.95465e+07  3.75e+07  20.9175  9.37501e+06  63 
4.03687e+07  3.82768e+07  21.3595  9.56921e+06  64 
4.10904e+07  3.89335e+07  21.7475  9.73338e+06  66 
4.21644e+07  4.01527e+07  22.3249  1.00382e+07  68 
4.55834e+07  4.37315e+07  24.1631  1.09329e+07  69 
4.61537e+07  4.40201e+07  24.4697  1.1005e+07  70 
4.7229e+07  4.5146e+07  25.0478  1.12865e+07  71 
5.58568e+07  5.37354e+07  29.6864  1.34339e+07  74 
5.72937e+07  5.53495e+07  30.459  1.38374e+07  75 
2.08172e+07  1.88629e+07  10.848  4.71573e+06  53 
2.45222e+06  183980  0.974311  45995  4 
4.07298e+07  3.86377e+07  21.5536  9.65942e+06  65 
2.10254e+07  1.88397e+07  10.9599  4.70992e+06  53 
2.28957e+06  201569  0.886865  50392.3  4 
1.1958e+07  9.77303e+06  6.08494  2.44326e+06  36 
1.66433e+07  1.46227e+07  8.60392  3.65568e+06  46 
1.98937e+07  1.77299e+07  10.3515  4.43247e+06  51 
4.07576e+07  3.89804e+07  21.5686  9.74509e+06  66 
4.83798e+07  4.62603e+07  25.6665  1.15651e+07  72 
1.93513e+07  1.73691e+07  10.0598  4.34228e+06  50 
1.02171e+07  8.07967e+06  5.14898  2.01992e+06  28 
2.19418e+07  1.97624e+07  11.4526  4.9406e+06  54 
1.9744e+07  1.80328e+07  10.271  4.5082e+06  51 
2.76599e+07  2.55376e+07  14.5268  6.38439e+06  59 
4.9773e+07  4.7824e+07  26.4156  1.1956e+07  73 
1.34306e+07  1.12068e+07  6.87667  2.80169e+06  39 
2.3825e+07  2.17362e+07  12.465  5.43406e+06  58 
4.13439e+07  3.91794e+07  21.8838  9.79484e+06  67 
2.26051e+07  2.04689e+07  11.8092  5.11722e+06  55 

1.09632e+06  1.8192  0.245333  0.454801  0 
2.23368e+06  0.882701  0.856817  0.220675  0 
1.7724e+06  0.969101  0.608817  0.242275  0 
1.48152e+06  1.23575  0.45243  0.308937  0 
1.33872e+06  1.4642  0.375656  0.36605  0 
1.6452e+06  1.04895  0.54043  0.262238  0 
1.50888e+06  1.0909  0.46714  0.272725  0 
1.37976e+06  1.32048  0.39772  0.33012  0 
1.45848e+06  1.25618  0.440043  0.314046  0 
1.74936e+06  1.00884  0.59643  0.252209  0 
1.5564e+06  1.25688  0.492688  0.31422  1 
1.43856e+06  1.86082  0.429333  0.465205  1 
1.488e+06  1.52799  0.455914  0.381998  1 
2.26128e+06  1.07973  0.871656  0.269931  1 
2.19312e+06  1.1466  0.835011  0.286649  1 
2.01648e+06  1.15445  0.740043  0.288611  1 
1.48632e+06  1.55439  0.455011  0.388597  1 
1.51464e+06  1.32953  0.470237  0.332382  1 
1.6176e+06  1.20484  0.525591  0.30121  1 
1.7556e+06  1.17209  0.599785  0.293023  1 
1.44696e+06  1.55749  0.433849  0.389373  1 
1.40112e+06  2.04634  0.409204  0.511586  1 
1.73832e+06  1.20295  0.590495  0.300737  1 
1.48488e+06  1.83002  0.454237  0.457505  2 
1.57752e+06  1.25875  0.504043  0.314686  2 
1.55808e+06  1.31129  0.493591  0.327822  2 
1.52832e+06  1.39168  0.477591  0.347919  2 
1.53144e+06  1.3784  0.479269  0.3446  2 
1.53744e+06  1.6849  0.482495  0.421226  3 
1.5132e+06  1.84557  0.469462  0.461394  3 
1.54704e+06  1.38258  0.487656  0.345646  3 
1.7304e+06  1.2981  0.586237  0.324524  3 
2.00136e+06  1.28984  0.731914  0.322459  3 
1.68456e+06  1.36525  0.561591  0.341312  3 
1.55568e+06  1.54634  0.492301  0.386585  4 
1.76496e+06  1.33072  0.604817  0.332681  4 
1.6296e+06  1.3986  0.532043  0.34965  4 
1.58832e+06  1.55725  0.509849  0.389313  5 
1.63464e+06  1.43754  0.534753  0.359386  5 
1.82304e+06  1.34683  0.636043  0.336707  5 
1.60248e+06  2.14871  0.517462  0.537177  6 
1.72176e+06  1.49828  0.581591  0.374569  6 
1.9596e+06  1.35724  0.709462  0.339309  6 
1.69776e+06  1.53712  0.568688  0.384281  6 
1.88904e+06  1.43177  0.671527  0.357943  6 
1.65816e+06  1.70567  0.547398  0.426417  6 
1.72104e+06  1.67095  0.581204  0.417737  7 
1.99968e+06  1.60212  0.731011  0.40053  7 
1.7664e+06  1.63439  0.605591  0.408598  7 
2.04864e+06  1.42811  0.757333  0.357027  7 
1.87656e+06  1.65924  0.664817  0.41481  8 
2.06782e+06  81097.5  0.767643  20274.4  9 
2.1624e+06  2.0667  0.818495  0.516675  9 
2.30092e+06  135398  0.892966  33849.4  10 
2.279e+06  192437  0.88118  48109.3  10 
2.33542e+06  219104  0.911518  54776  11 
2.49941e+06  348531  0.999683  87132.7  12 
2.83852e+06  579404  1.182  144851  13 
2.74403e+06  696107  1.1312  174027  13 
2.78893e+06  606373  1.15534  151593  13 
3.1386e+06  878285  1.34334  219571  14 
2.77084e+06  1.16956e+06  1.14561  292390  14 
3.28198e+06  1.15222e+06  1.42042  288055  15 
3.41908e+06  1.3474e+06  1.49413  336849  16 
3.54689e+06  1.3473e+06  1.56285  336824  16 
3.55712e+06  1.49144e+06  1.56834  372860  17 
3.45961e+06  1.50097e+06  1.51592  375243  17 
3.6825e+06  1.52034e+06  1.63575  380085  18 
3.55199e+06  1.56983e+06  1.56559  392458  18 
3.88822e+06  1.74046e+06  1.74635  435115  19 
4.01151e+06  1.83903e+06  1.81264  459758  20 
4.13723e+06  2.04971e+06  1.88023  512427  21 
4.70711e+06  2.5008e+06  2.18662  625199  22 
4.79242e+06  2.72674e+06  2.23248  681686  23 
4.8913e+06  2.70898e+06  2.28564  677245  23 
5.15112e+06  3.07561e+06  2.42534  768902  24 
5.12963e+06  3.07811e+06  2.41378  769527  24 
5.35584e+06  3.20185e+06  2.5354  800461  25 
5.65018e+06  3.53842e+06  2.69364  884604  26 
5.69667e+06  3.48196e+06  2.71864  870489  26 
5.84485e+06  3.80653e+06  2.79831  951633  27 
6.25566e+06  4.17582e+06  3.01917  1.04396e+06  28 
6.32045e+06  4.52237e+06  3.05401  1.13059e+06  29 
6.79509e+06  4.59765e+06  3.30919  1.14941e+06  30 
7.20628e+06  5.21164e+06  3.53026  1.30291e+06  31 
7.23921e+06  5.20665e+06  3.54796  1.30166e+06  31 
7.27148e+06  5.13788e+06  3.56531  1.28447e+06  31 
7.41679e+06  5.36911e+06  3.64344  1.34228e+06  32 
7.77807e+06  5.89839e+06  3.83767  1.4746e+06  33 
8.00026e+06  5.87147e+06  3.95713  1.46787e+06  33 
7.93702e+06  6.0127e+06  3.92313  1.50318e+06  34 
8.08504e+06  6.25408e+06  4.00271  1.56352e+06  35 
9.27586e+06  7.39354e+06  4.64293  1.84838e+06  36 
9.84409e+06  7.55689e+06  4.94843  1.88922e+06  37 
1.04297e+07  8.40294e+06  5.2633  2.10073e+06  38 
1.08791e+07  9.38002e+06  5.50487  2.34501e+06  39 
1.16717e+07  9.60509e+06  5.93104  2.40127e+06  40 
1.29975e+07  1.0902e+07  6.6438  2.72551e+06  41 
1.3244e+07  1.12772e+07  6.77636  2.81931e+06  42 
1.48694e+07  1.27907e+07  7.6502  3.19768e+06  43 

1.0692e+06  1.87954  0.230753  0.469885  0 
2.22696e+06  0.849281  0.853204  0.21232  0 
1.7496e+06  0.893852  0.596559  0.223463  0 
1.36584e+06  1.06222  0.390237  0.265554  0 
1.16904e+06  1.3708  0.28443  0.342699  0 
1.2948e+06  1.20546  0.352043  0.301366  0 
1.64232e+06  0.923342  0.538882  0.230835  0 
1.22976e+06  1.26592  0.317075  0.316481  0 
1.3236e+06  1.13214  0.367527  0.283036  0 
1.57512e+06  0.995934  0.502753  0.248984  0 
1.5324e+06  1.0394  0.479785  0.259849  0 
1.31424e+06  1.17545  0.362495  0.293863  0 
1.51032e+06  1.05335  0.467914  0.263336  0 
1.4904e+06  1.05957  0.457204  0.264891  0 
1.4748e+06  1.06136  0.448817  0.265341  0 
1.27872e+06  1.37148  0.343398  0.342869  1 
1.96656e+06  0.953657  0.713204  0.238414  1 
1.50048e+06  1.06258  0.462624  0.265646  1 
1.69128e+06  1.00404  0.565204  0.251009  2 
1.22712e+06  1.89364  0.315656  0.473411  1 
1.41528e+06  1.08443  0.416817  0.271106  1 
1.72344e+06  1.00257  0.582495  0.250641  1 
1.3728e+06  1.1585  0.393978  0.289624  1 
1.24464e+06  1.42239  0.325075  0.355598  2 
1.68792e+06  1.03889  0.563398  0.259723  2 
1.73664e+06  0.969472  0.589591  0.242368  1 
1.9344e+06  0.967843  0.695914  0.241961  0 
1.3488e+06  1.2569  0.381075  0.314224  1 
1.36392e+06  1.2224  0.389204  0.305599  1 
1.34664e+06  1.30808  0.379914  0.327021  2 
1.34616e+06  1.35997  0.379656  0.339993  2 
1.36296e+06  1.23126  0.388688  0.307814  1 
1.6428e+06  1.05602  0.53914  0.264005  1 
1.83168e+06  0.969178  0.640688  0.242295  1 
1.5744e+06  1.09675  0.502366  0.274187  2 
1.82664e+06  1.00232  0.637978  0.25058  1 
1.338e+06  1.42972  0.375269  0.35743  3 
1.37352e+06  1.16618  0.394366  0.291546  1 
1.57272e+06  1.13636  0.501462  0.284091  3 
1.72488e+06  1.04401  0.583269  0.261004  3 
1.2708e+06  1.53978  0.33914  0.384944  1 
1.24488e+06  1.66569  0.325204  0.416422  1 
1.81656e+06  1.0193  0.632559  0.254824  2 
1.54992e+06  1.16387  0.489204  0.290968  4 
1.3488e+06  1.38367  0.381075  0.345917  3 
1.56456e+06  1.15202  0.497075  0.288005  3 
1.35192e+06  1.30032  0.382753  0.32508  0 
1.662e+06  1.06132  0.549462  0.265331  3 
1.644e+06  1.13187  0.539785  0.282968  3 
1.42848e+06  1.24479  0.423914  0.311197  3 
1.37664e+06  1.31639  0.396043  0.329097  3 
1.94064e+06  1.01169  0.699269  0.252923  4 
1.7112e+06  1.09466  0.575914  0.273665  4 
1.32048e+06  1.55409  0.365849  0.388522  3 
1.2852e+06  1.7124  0.346882  0.428099  2 
1.26984e+06  1.73634  0.338624  0.434085  2 
1.40016e+06  1.30561  0.408688  0.326403  2 
1.4196e+06  1.2466  0.41914  0.311649  1 
1.79664e+06  1.07236  0.621849  0.26809  5 
1.43568e+06  1.21483  0.427785  0.303708  4 
1.35216e+06  1.37876  0.382882  0.34469  1 
1.25904e+06  1.79921  0.332817  0.449803  3 
1.30344e+06  1.5758  0.356688  0.393949  2 
1.4556e+06  1.18871  0.438495  0.297179  3 
1.69488e+06  1.11386  0.56714  0.278464  0 
1.83648e+06  1.06135  0.643269  0.265338  0 
1.92744e+06  1.08043  0.692172  0.270108  5 
1.36032e+06  1.421  0.387269  0.35525  4 
1.71312e+06  1.10302  0.576946  0.275756  1 
1.5132e+06  1.23302  0.469462  0.308255  5 
1.4268e+06  1.31253  0.423011  0.328133  3 
1.52616e+06  1.20483  0.47643  0.301208  4 
1.40688e+06  1.34443  0.412301  0.336107  4 
1.46472e+06  1.23488  0.443398  0.30872  4 
1.25976e+06  1.89281  0.333204  0.473203  2 
1.3284e+06  1.55447  0.370108  0.388618  3 
1.58544e+06  1.18888  0.508301  0.297221  4 
1.26e+06  1.85609  0.333333  0.464022  2 
1.42296e+06  1.31657  0.420946  0.329143  4 
1.6584e+06  1.14269  0.547527  0.285673  1 
1.42944e+06  1.27785  0.42443  0.319464  4 
1.39968e+06  1.51152  0.40843  0.377879  5 
1.55184e+06  1.22693  0.490237  0.306732  5 
1.4592e+06  1.31583  0.44043  0.328957  5 
1.38048e+06  1.62524  0.398108  0.40631  5 
1.48152e+06  1.24524  0.45243  0.311311  5 
1.46568e+06  1.30592  0.443914  0.32648  6 
1.32456e+06  1.93046  0.368043  0.482615  4 
1.60944e+06  1.20622  0.521204  0.301556  5 
1.88664e+06  1.12772  0.670237  0.281929  3 
1.34112e+06  1.85166  0.376946  0.462915  4 
1.3968e+06  1.59978  0.406882  0.399946  5 
1.36008e+06  1.68561  0.38714  0.421402  4 
1.35168e+06  1.76932  0.382624  0.442329  4 
1.40856e+06  1.39987  0.413204  0.349968  5 
1.48032e+06  1.3011  0.451785  0.325276  5 
1.70568e+06  1.18009  0.572946  0.295023  5 
1.37952e+06  1.74918  0.397591  0.437296  5 
1.53072e+06  1.25661  0.478882  0.314152  6 
1.38288e+06  1.68764  0.399398  0.42191  6 

1.03848e+06  1.8817  0.214237  0.470425  0 
2.2728e+06  0.839895  0.877849  0.209974  0 
1.72704e+06  0.885442  0.58443  0.221361  0 
1.32984e+06  0.988299  0.370882  0.247075  0 
1.1412e+06  1.42599  0.269462  0.356498  0 
1.2168e+06  1.14879  0.310108  0.287198  0 
1.5912e+06  0.889113  0.511398  0.222278  0 
1.28928e+06  1.05907  0.349075  0.264767  0 
1.18128e+06  1.30505  0.291011  0.326262  0 
1.5504e+06  0.923013  0.489462  0.230753  0 
1.52136e+06  0.933618  0.473849  0.233404  0 
1.24368e+06  1.0954  0.324559  0.27385  0 
1.48944e+06  0.93736  0.456688  0.23434  0 
2.11656e+06  0.850059  0.793849  0.212515  0 
1.47384e+06  0.955059  0.448301  0.238765  0 
2.06784e+06  0.856353  0.767656  0.214088  0 
1.12776e+06  1.80098  0.262237  0.450245  0 
1.46088e+06  0.961043  0.441333  0.240261  0 
1.44312e+06  0.963845  0.431785  0.240961  0 
1.42728e+06  0.964506  0.423269  0.241127  0 
1.96008e+06  0.865599  0.70972  0.2164  0 
1.30632e+06  1.04351  0.358237  0.260878  0 
1.94424e+06  0.870064  0.701204  0.217516  0 
1.92408e+06  0.87513  0.690366  0.218783  0 
1.5324e+06  0.92337  0.479785  0.230843  0 
1.3764e+06  0.982699  0.395914  0.245675  0 
1.91088e+06  0.879999  0.683269  0.22  0 
1.48344e+06  0.950505  0.453462  0.237626  0 
1.2816e+06  1.09957  0.344946  0.274894  0 
1.52544e+06  0.938682  0.476043  0.234671  0 
1.33872e+06  1.04414  0.375656  0.261036  0 
1.67616e+06  0.906171  0.557075  0.226543  0 
1.2468e+06  1.13143  0.326237  0.282856  0 
1.42632e+06  0.990598  0.422753  0.247649  2 
1.38312e+06  1.0107  0.399527  0.252676  0 
1.75056e+06  0.88819  0.597075  0.222048  0 
1.35144e+06  1.03256  0.382495  0.25814  1 
1.22136e+06  1.21362  0.312559  0.303405  0 
1.4628e+06  0.969621  0.442366  0.242405  0 
1.4232e+06  1.00086  0.421075  0.250215  1 
1.2372e+06  1.1541  0.321075  0.288525  0 
1.20864e+06  1.32446  0.30572  0.331115  0 
1.6344e+06  0.921482  0.534624  0.230371  0 
1.27248e+06  1.11784  0.340043  0.279459  1 
1.95216e+06  0.886219  0.705462  0.221555  0 
1.18224e+06  1.38213  0.291527  0.345532  0 
1.46424e+06  0.96588  0.44314  0.24147  0 
1.95576e+06  0.870844  0.707398  0.217711  0 
1.15152e+06  1.56039  0.275011  0.390097  1 
1.31592e+06  1.04953  0.363398  0.262383  1 
1.16064e+06  1.47869  0.279914  0.369672  0 
2.10168e+06  0.865734  0.785849  0.216434  0 
1.5132e+06  0.95348  0.469462  0.23837  0 
1.31016e+06  1.06944  0.360301  0.26736  2 
1.55352e+06  0.935834  0.49114  0.233959  1 
1.8348e+06  0.887419  0.642366  0.221855  0 
1.43664e+06  0.984816  0.428301  0.246204  1 
1.4928e+06  0.963628  0.458495  0.240907  1 
1.94448e+06  0.887185  0.701333  0.221796  0 
1.50768e+06  0.954977  0.466495  0.238744  0 
1.11864e+06  2.0473  0.257333  0.511826  1 
1.4568e+06  0.985484  0.43914  0.246371  0 
1.53888e+06  0.942489  0.483269  0.235622  0 
1.7952e+06  0.889857  0.621075  0.222464  0 
1.50024e+06  0.965329  0.462495  0.241332  0 
1.24248e+06  1.28489  0.323914  0.321222  2 
1.7832e+06  0.898682  0.614624  0.22467  0 
1.55088e+06  0.942146  0.48972  0.235536  1 
1.46352e+06  0.975177  0.442753  0.243794  0 
1.34856e+06  1.08344  0.380946  0.270861  0 
1.38312e+06  1.01946  0.399527  0.254865  0 
1.97784e+06  0.886119  0.719269  0.22153  0 
1.22352e+06  1.32219  0.31372  0.330547  1 
1.37904e+06  1.04564  0.397333  0.261411  2 
1.28928e+06  1.11456  0.349075  0.27864  1 
1.67952e+06  0.916338  0.558882  0.229085  2 
1.49088e+06  0.967026  0.457462  0.241756  0 
1.33584e+06  1.08615  0.374108  0.271538  1 
1.6644e+06  0.937094  0.550753  0.234273  0 
1.7652e+06  0.902503  0.604946  0.225626  0 
1.3284e+06  1.08787  0.370108  0.271968  0 
1.2576e+06  1.14573  0.332043  0.286434  0 
1.79016e+06  0.895752  0.618366  0.223938  0 
1.20576e+06  1.55669  0.304172  0.389174  0 
1.73496e+06  0.908023  0.588688  0.227006  0 
1.77696e+06  0.91509  0.611269  0.228773  0 
1.25856e+06  1.21041  0.332559  0.302603  2 
1.23792e+06  1.35198  0.321462  0.337995  0 
1.74552e+06  0.942855  0.594366  0.235714  0 
1.25136e+06  1.3209  0.328688  0.330225  0 
2.00784e+06  0.890674  0.735398  0.222669  0 
1.52712e+06  0.992889  0.476946  0.248222  0 
1.55832e+06  0.951029  0.49372  0.237757  0 
1.78656e+06  0.902017  0.61643  0.225504  0 
1.5504e+06  0.956176  0.489462  0.239044  0 
1.9068e+06  0.890992  0.681075  0.222748  0 
1.21152e+06  1.80788  0.307269  0.451971  0 
1.38888e+06  1.03767  0.402624  0.259417  2 
1.45992e+06  1.05359  0.440817  0.263397  0 
1.55208e+06  0.972444  0.490366  0.243111  0 

1.02888e+06  1.87156  0.209075  0.46789  0 
2.15016e+06  0.812985  0.811914  0.203246  0 
1.65312e+06  0.864975  0.544688  0.216244  0 
1.25736e+06  1.02886  0.331914  0.257214  0 
1.10376e+06  1.28182  0.249333  0.320454  0 
1.58256e+06  0.875327  0.506753  0.218832  0 
1.48896e+06  0.885613  0.45643  0.221403  0 
1.1772e+06  1.14148  0.288817  0.285371  0 
1.04712e+06  1.74608  0.218882  0.43652  0 
1.42392e+06  0.908326  0.421462  0.227081  0 
1.05264e+06  1.59916  0.221849  0.399789  0 
1.36584e+06  0.929661  0.390237  0.232415  0 
1.20144e+06  1.07477  0.301849  0.268693  0 
1.32624e+06  0.976356  0.368946  0.244089  0 
1.2324e+06  1.03794  0.318495  0.259486  0 
1.28688e+06  0.995056  0.347785  0.248764  0 
2.10792e+06  0.83174  0.789204  0.207935  0 
2.07168e+06  0.837253  0.76972  0.209313  0 
2.0508e+06  0.838734  0.758495  0.209683  0 
2.02488e+06  0.840487  0.744559  0.210122  0 
1.8696e+06  0.840647  0.661075  0.210162  0 
1.41192e+06  0.91087  0.415011  0.227717  0 
1.82592e+06  0.851142  0.637591  0.212785  0 
1.78752e+06  0.854349  0.616946  0.213587  0 
1.344e+06  0.966041  0.378495  0.24151  0 
1.278e+06  1.01899  0.343011  0.254747  0 
1.4076e+06  0.916717  0.412688  0.229179  0 
1.7544e+06  0.856535  0.59914  0.214134  0 
2.14128e+06  0.82374  0.80714  0.205935  0 
1.46952e+06  0.900672  0.445978  0.225168  0 
1.6944e+06  0.857787  0.566882  0.214447  0 
1.3824e+06  0.922866  0.39914  0.230716  0 
1.61904e+06  0.868899  0.526366  0.217225  0 
1.46808e+06  0.905759  0.445204  0.22644  0 
1.36536e+06  0.964543  0.389978  0.241136  0 
2.06712e+06  0.837779  0.767269  0.209445  0 
1.6836e+06  0.864774  0.561075  0.216194  0 
1.10784e+06  1.38691  0.251527  0.346728  1 
1.88232e+06  0.847895  0.667914  0.211974  1 
1.37136e+06  0.937741  0.393204  0.234435  1 
1.93368e+06  0.840695  0.695527  0.210174  1 
2.26776e+06  0.817884  0.87514  0.204471  1 
1.74024e+06  0.858998  0.591527  0.21475  1 
1.57176e+06  0.888288  0.500946  0.222072  1 
1.45152e+06  0.910138  0.436301  0.227534  1 
2.08824e+06  0.840555  0.778624  0.210139  1 
1.56888e+06  0.890765  0.499398  0.222691  1 
1.16712e+06  1.28344  0.283398  0.320859  1 
1.48344e+06  0.902082  0.453462  0.225521  1 
2.11512e+06  0.837182  0.793075  0.209296  1 
1.47e+06  0.908279  0.446237  0.22707  1 
1.47336e+06  0.905328  0.448043  0.226332  1 
1.77216e+06  0.856867  0.608688  0.214217  1 
1.62168e+06  0.875072  0.527785  0.218768  1 
1.06056e+06  1.87212  0.226108  0.46803  1 
1.32984e+06  1.01621  0.370882  0.254054  1 
1.65432e+06  0.869466  0.545333  0.217366  1 
1.71e+06  0.864827  0.575269  0.216207  1 
1.22832e+06  1.13838  0.316301  0.284595  1 
1.33488e+06  0.991  0.373591  0.24775  1 
1.6236e+06  0.869947  0.528817  0.217487  1 
1.24392e+06  1.08196  0.324688  0.27049  1 
1.18464e+06  1.19973  0.292817  0.299933  1 
2.14488e+06  0.831014  0.809075  0.207754  1 
1.30632e+06  1.02637  0.358237  0.256592  1 
1.206e+06  1.16961  0.304301  0.292402  1 
1.29816e+06  1.03058  0.353849  0.257646  1 
1.55712e+06  0.893527  0.493075  0.223382  1 
1.65792e+06  0.869  0.547269  0.21725  1 
1.53168e+06  0.900461  0.479398  0.225115  1 
1.49832e+06  0.901951  0.461462  0.225488  1 
1.27032e+06  1.04783  0.338882  0.261959  1 
1.10496e+06  1.66468  0.249978  0.416171  1 
1.84176e+06  0.851379  0.646108  0.212845  1 
1.82904e+06  0.855778  0.639269  0.213944  1 
1.73448e+06  0.862169  0.58843  0.215542  1 
1.08528e+06  1.73641  0.239398  0.434102  1 
1.59096e+06  0.885895  0.511269  0.221474  1 
2.18304e+06  0.82149  0.829591  0.205373  1 
1.43592e+06  0.919401  0.427914  0.22985  1 
1.6188e+06  0.877261  0.526237  0.219315  1 
1.58664e+06  0.892884  0.508946  0.223221  2 
1.5228e+06  0.913268  0.474624  0.228317  2 
1.71456e+06  0.875884  0.57772  0.218971  2 
1.11816e+06  1.65026  0.257075  0.412565  2 
1.47264e+06  0.91385  0.447656  0.228463  2 
1.30512e+06  1.03774  0.357591  0.259435  2 
1.18224e+06  1.45751  0.291527  0.364379  2 
1.74864e+06  0.865283  0.596043  0.216321  2 
2.14128e+06  0.842273  0.80714  0.210568  2 
1.18392e+06  1.37775  0.29243  0.344438  2 
2.1012e+06  0.84899  0.785591  0.212247  2 
1.34592e+06  1.02793  0.379527  0.256984  2 
1.2336e+06  1.20212  0.31914  0.300529  2 
1.39488e+06  0.957322  0.405849  0.239331  2 
1.41792e+06  0.957267  0.418237  0.239317  2 
1.12896e+06  1.46002  0.262882  0.365005  2 
1.3848e+06  0.960532  0.40043  0.240133  2 
1.76736e+06  0.862426  0.606108  0.215606  2 
1.16688e+06  1.4591  0.283269  0.364776  2 

1.01256e+06  1.7874  0.200301  0.446851  0 
2.19648e+06  0.798773  0.836817  0.199693  0 
1.73064e+06  0.841148  0.586366  0.210287  0 
1.32552e+06  0.917517  0.368559  0.229379  0 
1.09224e+06  1.28383  0.24314  0.320958  0 
1.19472e+06  1.00422  0.298237  0.251054  0 
1.11264e+06  1.09089  0.254108  0.272722  0 
1.0344e+06  1.664  0.212043  0.416  0 
1.29048e+06  0.920643  0.34972  0.230161  0 
1.68624e+06  0.847706  0.562495  0.211927  0 
1.62864e+06  0.848215  0.531527  0.212054  0 
1.58256e+06  0.84848  0.506753  0.21212  0 
1.06536e+06  1.30966  0.228688  0.327416  0 
1.54008e+06  0.860924  0.483914  0.215231  0 
1.26312e+06  0.952441  0.335011  0.23811  0 
1.17096e+06  1.03491  0.285462  0.258728  0 
1.51704e+06  0.875244  0.471527  0.218811  0 
2.12352e+06  0.800408  0.797591  0.200102  0 
1.49328e+06  0.880175  0.458753  0.220044  0 
1.24128e+06  0.970782  0.323269  0.242696  0 
1.4784e+06  0.883622  0.450753  0.220905  0 
2.08104e+06  0.809496  0.774753  0.202374  0 
1.46208e+06  0.887687  0.441978  0.221922  0 
2.06136e+06  0.813431  0.764172  0.203358  0 
2.0436e+06  0.81438  0.754624  0.203595  0 
1.97184e+06  0.814656  0.716043  0.203664  0 
1.44888e+06  0.893137  0.434882  0.223284  0 
1.4364e+06  0.893212  0.428172  0.223303  0 
1.40376e+06  0.895634  0.410624  0.223909  0 
1.94688e+06  0.822361  0.702624  0.20559  0 
1.18224e+06  1.01639  0.291527  0.254098  0 
1.39032e+06  0.899063  0.403398  0.224766  0 
1.16256e+06  1.05098  0.280946  0.262745  0 
1.10208e+06  1.26623  0.24843  0.316557  0 
1.926e+06  0.824809  0.691398  0.206202  0 
1.10568e+06  1.20655  0.250366  0.301638  0 
1.22688e+06  0.989475  0.315527  0.247369  0 
1.3836e+06  0.901741  0.399785  0.225435  0 
1.36056e+06  0.903324  0.387398  0.225831  0 
1.9128e+06  0.830555  0.684301  0.207639  0 
1.89792e+06  0.830818  0.676301  0.207704  0 
1.06056e+06  1.62935  0.226108  0.407337  0 
1.16544e+06  1.04129  0.282495  0.260323  0 
1.35408e+06  0.908875  0.383914  0.227219  0 
2.11152e+06  0.801477  0.79114  0.200369  0 
1.35048e+06  0.909254  0.381978  0.227313  0 
1.17336e+06  1.0279  0.286753  0.256975  0 
1.22328e+06  0.997444  0.313591  0.249361  0 
1.87848e+06  0.835361  0.665849  0.20884  0 
1.49184e+06  0.880383  0.457978  0.220096  0 
1.0908e+06  1.29174  0.242366  0.322935  0 
1.5156e+06  0.876953  0.470753  0.219238  0 
1.45296e+06  0.890088  0.437075  0.222522  0 
1.83912e+06  0.838357  0.644688  0.209589  0 
1.28856e+06  0.950365  0.348688  0.237591  0 
1.51008e+06  0.878397  0.467785  0.219599  0 
1.23744e+06  0.987753  0.321204  0.246938  0 
1.70784e+06  0.846196  0.574108  0.211549  0 
1.572e+06  0.859507  0.501075  0.214877  0 
1.7868e+06  0.840457  0.616559  0.210114  0 
1.4016e+06  0.898445  0.409462  0.224611  0 
1.34328e+06  0.917031  0.378108  0.229258  0 
1.27296e+06  0.952039  0.340301  0.23801  0 
1.65624e+06  0.848197  0.546366  0.212049  0 
1.10784e+06  1.28435  0.251527  0.321089  0 
1.54536e+06  0.880893  0.486753  0.220223  0 
1.04424e+06  1.77869  0.217333  0.444672  0 
1.24392e+06  1.02494  0.324688  0.256235  0 
1.13256e+06  1.23451  0.264817  0.308627  0 
1.48032e+06  0.893575  0.451785  0.223394  0 
1.25856e+06  0.98945  0.332559  0.247363  0 
1.53864e+06  0.883674  0.48314  0.220919  0 
1.57704e+06  0.861905  0.503785  0.215476  0 
1.17216e+06  1.09253  0.286108  0.273131  0 
1.5096e+06  0.883682  0.467527  0.22092  0 
1.4172e+06  0.897686  0.417849  0.224421  0 
1.02504e+06  1.89641  0.207011  0.474104  0 
1.15968e+06  1.09511  0.279398  0.273778  0 
1.29384e+06  0.949179  0.351527  0.237295  0 
1.26072e+06  0.971809  0.33372  0.242952  0 
1.40976e+06  0.89896  0.413849  0.22474  0 
1.3104e+06  0.934875  0.36043  0.233719  0 
1.27344e+06  0.958112  0.340559  0.239528  0 
1.3668e+06  0.904773  0.390753  0.226193  0 
1.30776e+06  0.944472  0.359011  0.236118  0 
2.09664e+06  0.813927  0.78314  0.203482  0 
1.90392e+06  0.833012  0.679527  0.208253  0 
1.46232e+06  0.89449  0.442108  0.223622  0 
1.07112e+06  1.75057  0.231785  0.437642  0 
1.95e+06  0.828452  0.704301  0.207113  0 
1.15896e+06  1.10335  0.279011  0.275839  0 
1.60944e+06  0.854198  0.521204  0.213549  0 
1.54896e+06  0.877382  0.488688  0.219345  0 
1.20552e+06  1.03477  0.304043  0.258692  0 
2.03136e+06  0.816801  0.748043  0.2042  0 
1.31184e+06  0.932212  0.361204  0.233053  0 
1.17912e+06  1.06152  0.289849  0.26538  0 
1.56648e+06  0.874787  0.498108  0.218697  0 
1.1304e+06  1.28335  0.263656  0.320839  0 
1.81632e+06  0.852153  0.63243  0.213038  0 

1.00488e+06  1.86795  0.196172  0.466987  0 
2.19648e+06  0.798773  0.836817  0.199693  0 
1.7112e+06  0.830718  0.575914  0.20768  0 
1.26936e+06  0.915875  0.338366  0.228969  0 
1.0512e+06  1.34619  0.221075  0.336548  0 
1.11768e+06  1.03168  0.256817  0.257919  0 
1.05888e+06  1.19833  0.225204  0.299584  0 
1.6704e+06  0.834983  0.553978  0.208746  0 
1.01256e+06  1.7874  0.200301  0.446851  0 
1.22928e+06  0.955085  0.316817  0.238771  0 
1.62744e+06  0.841112  0.530882  0.210278  0 
1.56336e+06  0.847646  0.49643  0.211911  0 
1.0884e+06  1.11545  0.241075  0.278861  0 
1.19376e+06  0.971644  0.29772  0.242911  0 
1.52688e+06  0.858573  0.476817  0.214643  0 
1.0272e+06  1.73304  0.208172  0.43326  0 
1.50192e+06  0.864583  0.463398  0.216146  0 
1.47624e+06  0.865038  0.449591  0.216259  0 
1.44528e+06  0.869625  0.432946  0.217406  0 
1.03008e+06  1.53534  0.20972  0.383835  0 
1.17024e+06  0.995988  0.285075  0.248997  0 
1.42296e+06  0.884421  0.420946  0.221105  0 
2.12352e+06  0.800408  0.797591  0.200102  0 
1.146e+06  1.00244  0.272043  0.250609  0 
2.094e+06  0.801708  0.78172  0.200427  0 
1.10448e+06  1.08192  0.24972  0.270479  0 
1.40184e+06  0.887927  0.409591  0.221982  0 
1.07544e+06  1.16848  0.234108  0.292121  0 
2.0304e+06  0.803109  0.747527  0.200777  0 
1.37352e+06  0.890851  0.394366  0.222713  0 
2.016e+06  0.80677  0.739785  0.201693  0 
1.36344e+06  0.895915  0.388946  0.223979  0 
1.18008e+06  0.976652  0.290366  0.244163  0 
1.34568e+06  0.896636  0.379398  0.224159  0 
1.06656e+06  1.17155  0.229333  0.292888  0 
1.25616e+06  0.936097  0.331269  0.234024  0 
1.01904e+06  1.75387  0.203785  0.438468  0 
1.33512e+06  0.899371  0.37372  0.224843  0 
1.97184e+06  0.814656  0.716043  0.203664  0 
1.3272e+06  0.900545  0.369462  0.225136  0 
1.09488e+06  1.10124  0.244559  0.275311  0 
1.94784e+06  0.817822  0.70314  0.204455  0 
1.3176e+06  0.903206  0.364301  0.225801  0 
1.31208e+06  0.903497  0.361333  0.225874  0 
1.07832e+06  1.15669  0.235656  0.289172  0 
1.43736e+06  0.873106  0.428688  0.218277  0 
1.91328e+06  0.82087  0.684559  0.205217  0 
1.25112e+06  0.945709  0.328559  0.236427  0 
1.308e+06  0.906478  0.35914  0.226619  0 
1.30128e+06  0.907402  0.355527  0.226851  0 
1.87296e+06  0.823313  0.662882  0.205828  0 
1.5528e+06  0.85125  0.490753  0.212813  0 
1.85736e+06  0.823964  0.654495  0.205991  0 
1.75632e+06  0.824388  0.600172  0.206097  0 
1.056e+06  1.31507  0.223656  0.328766  0 
1.2444e+06  0.948942  0.324946  0.237236  0 
1.22664e+06  0.963389  0.315398  0.240847  0 
1.11504e+06  1.07634  0.255398  0.269086  0 
1.25352e+06  0.940169  0.329849  0.235042  0 
1.29696e+06  0.910378  0.353204  0.227594  0 
1.6224e+06  0.842192  0.528172  0.210548  0 
1.284e+06  0.910765  0.346237  0.227691  0 
1.65432e+06  0.836215  0.545333  0.209054  0 
1.212e+06  0.966813  0.307527  0.241703  0 
1.27896e+06  0.91159  0.343527  0.227897  0 
1.26264e+06  0.931833  0.334753  0.232958  0 
1.19064e+06  0.972463  0.296043  0.243116  0 
1.24248e+06  0.94916  0.323914  0.23729  0 
1.54416e+06  0.854788  0.486108  0.213697  0 
1.47192e+06  0.865865  0.447269  0.216466  0 
1.0932e+06  1.10651  0.243656  0.276628  0 
1.1652e+06  0.999165  0.282366  0.249791  0 
1.10304e+06  1.09646  0.248946  0.274116  0 
1.65288e+06  0.838103  0.544559  0.209526  0 
1.24056e+06  0.952228  0.322882  0.238057  0 
1.5144e+06  0.861986  0.470108  0.215497  0 
1.61832e+06  0.845127  0.525978  0.211282  0 
1.60968e+06  0.845157  0.521333  0.211289  0 
1.25184e+06  0.943321  0.328946  0.23583  0 
1.29912e+06  0.90822  0.354366  0.227055  0 
1.26168e+06  0.932123  0.334237  0.233031  0 
1.18968e+06  0.97411  0.295527  0.243527  0 
1.51248e+06  0.862904  0.469075  0.215726  0 
1.43184e+06  0.882846  0.42572  0.220712  0 
1.05528e+06  1.34464  0.223269  0.336159  0 
1.20912e+06  0.970205  0.305978  0.242551  0 
1.75152e+06  0.829316  0.597591  0.207329  0 
1.3416e+06  0.8982  0.377204  0.22455  0 
1.18608e+06  0.975506  0.293591  0.243876  0 
1.3116e+06  0.90568  0.361075  0.22642  0 
1.3284e+06  0.899769  0.370108  0.224942  0 
1.73832e+06  0.82995  0.590495  0.207487  0 
1.28208e+06  0.910927  0.345204  0.227732  0 
1.03872e+06  1.53472  0.214366  0.38368  0 
1.13088e+06  1.03117  0.263914  0.257791  0 
2.11104e+06  0.801202  0.790882  0.2003  0 
1.23888e+06  0.954585  0.321978  0.238646  0 
1.4868e+06  0.864911  0.455269  0.216228  0 
1.05888e+06  1.19833  0.225204  0.299584  0 
1.1592e+06  1.03676  0.27914  0.259189  0 

981840  1.74323  0.183785  0.435806  0 
2.19648e+06  0.798773  0.836817  0.199693  0 
1.7652e+06  0.818276  0.604946  0.204569  0 
1.36224e+06  0.880589  0.388301  0.220147  0 
1.06704e+06  1.11274  0.229591  0.278184  0 
1.26528e+06  0.912313  0.336172  0.228078  0 
1.19184e+06  0.955998  0.296688  0.238999  0 
1.00032e+06  1.5666  0.19372  0.39165  0 
1.13736e+06  0.997398  0.267398  0.24935  0 
1.00896e+06  1.46562  0.198366  0.366406  0 
1.02048e+06  1.36354  0.204559  0.340886  0 
1.10424e+06  1.02334  0.249591  0.255835  0 
1.7328e+06  0.820661  0.587527  0.205165  0 
1.04064e+06  1.17195  0.215398  0.292988  0 
1.7016e+06  0.831235  0.570753  0.207809  0 
1.66152e+06  0.83333  0.549204  0.208333  0 
1.6392e+06  0.835009  0.537204  0.208752  0 
1.5948e+06  0.83887  0.513333  0.209718  0 
1.57584e+06  0.840212  0.50314  0.210053  0 
1.5444e+06  0.845464  0.486237  0.211366  0 
1.2492e+06  0.912692  0.327527  0.228173  0 
1.16688e+06  0.963761  0.283269  0.24094  0 
1.52544e+06  0.849367  0.476043  0.212342  0 
1.08696e+06  1.08183  0.240301  0.270458  0 
1.02648e+06  1.3128  0.207785  0.328199  0 
1.22928e+06  0.926935  0.316817  0.231734  0 
1.50912e+06  0.854026  0.467269  0.213506  0 
1.34304e+06  0.887129  0.377978  0.221782  0 
1.33152e+06  0.88778  0.371785  0.221945  0 
1.49544e+06  0.85705  0.459914  0.214263  0 
986880  1.72032  0.186495  0.43008  0 
1.21488e+06  0.934023  0.309075  0.233506  0 
2.1468e+06  0.79898  0.810108  0.199745  0 
1.46616e+06  0.861469  0.444172  0.215367  0 
2.12352e+06  0.800408  0.797591  0.200102  0 
2.00568e+06  0.8011  0.734237  0.200275  0 
1.31616e+06  0.895322  0.363527  0.223831  0 
1.91616e+06  0.80152  0.686108  0.20038  0 
1.44576e+06  0.865936  0.433204  0.216484  0 
1.3092e+06  0.89817  0.359785  0.224542  0 
1.07376e+06  1.09873  0.233204  0.274683  0 
1.1604e+06  0.978349  0.279785  0.244587  0 
993840  1.67888  0.190237  0.419719  0 
1.14792e+06  0.983777  0.273075  0.245944  0 
1.87992e+06  0.805271  0.666624  0.201318  0 
1.41864e+06  0.867589  0.418624  0.216897  0 
1.2072e+06  0.943374  0.304946  0.235843  0 
1.29792e+06  0.901057  0.35372  0.225264  0 
1.28832e+06  0.903142  0.348559  0.225785  0 
1.41336e+06  0.871855  0.415785  0.217964  0 
1.1328e+06  1.01555  0.264946  0.253889  0 
1.06344e+06  1.12524  0.227656  0.281309  0 
1.19808e+06  0.948381  0.300043  0.237095  0 
1.27872e+06  0.905  0.343398  0.22625  0 
1.87344e+06  0.811024  0.66314  0.202756  0 
1.16352e+06  0.966612  0.281462  0.241653  0 
1.12536e+06  1.01613  0.260946  0.254032  0 
1.04736e+06  1.16476  0.219011  0.29119  0 
1.72248e+06  0.824226  0.581978  0.206056  0 
1.40592e+06  0.87368  0.411785  0.21842  0 
1.86288e+06  0.811467  0.657462  0.202867  0 
1.13424e+06  0.99821  0.26572  0.249553  0 
1.40088e+06  0.873928  0.409075  0.218482  0 
997440  1.61303  0.192172  0.403257  0 
1.38936e+06  0.874914  0.402882  0.218729  0 
1.18776e+06  0.959127  0.294495  0.239782  0 
1.18272e+06  0.959157  0.291785  0.239789  0 
1.38072e+06  0.876057  0.398237  0.219014  0 
1.20456e+06  0.943962  0.303527  0.235991  0 
1.49184e+06  0.85711  0.457978  0.214277  0 
1.4604e+06  0.862043  0.441075  0.215511  0 
1.32768e+06  0.891511  0.36972  0.222878  0 
1.84176e+06  0.814704  0.646108  0.203676  0 
1.72032e+06  0.827748  0.580817  0.206937  0 
1.23792e+06  0.923676  0.321462  0.230919  0 
1.3788e+06  0.877625  0.397204  0.219406  0 
1.11912e+06  1.02066  0.257591  0.255165  0 
1.16496e+06  0.964157  0.282237  0.241039  0 
1.27488e+06  0.91001  0.341333  0.227502  0 
1.07088e+06  1.11063  0.231656  0.277659  0 
1.0728e+06  1.09906  0.232688  0.274764  0 
1.41768e+06  0.867613  0.418108  0.216903  0 
1.23696e+06  0.923739  0.320946  0.230935  0 
1.21392e+06  0.936145  0.308559  0.234036  0 
1.03368e+06  1.3108  0.211656  0.327699  0 
1.11696e+06  1.02137  0.25643  0.255344  0 
1.03272e+06  1.31106  0.21114  0.327765  0 
1.22352e+06  0.932322  0.31372  0.23308  0 
1.2732e+06  0.910694  0.34043  0.227673  0 
1.69848e+06  0.831727  0.569075  0.207932  0 
1.91544e+06  0.802269  0.68572  0.200567  0 
1.75464e+06  0.819143  0.599269  0.204786  0 
1.56744e+06  0.84443  0.498624  0.211107  0 
1.82856e+06  0.817309  0.639011  0.204327  0 
998400  1.61212  0.192688  0.40303  0 
1.16136e+06  0.977477  0.280301  0.244369  0 
1.79112e+06  0.817415  0.618882  0.204354  0 
1.10232e+06  1.08102  0.248559  0.270255  0 
1.51968e+06  0.853389  0.472946  0.213347  0 
1.63608e+06  0.83824  0.535527  0.20956  0 

978720  1.64184  0.182108  0.41046  0 
2.16912e+06  0.787292  0.822108  0.196823  0 
1.77408e+06  0.814569  0.60972  0.203642  0 
1.40568e+06  0.866805  0.411656  0.216701  0 
1.11048e+06  1.01444  0.252946  0.253611  0 
1.01544e+06  1.3833  0.201849  0.345825  0 
1.04064e+06  1.17195  0.215398  0.292988  0 
1.33608e+06  0.880223  0.374237  0.220056  0 
1.27968e+06  0.90345  0.343914  0.225863  0 
1.22448e+06  0.924397  0.314237  0.231099  0 
1.07424e+06  1.09126  0.233462  0.272816  0 
1.19472e+06  0.938454  0.298237  0.234614  0 
1.16616e+06  0.959318  0.282882  0.23983  0 
1.0464e+06  1.11692  0.218495  0.279231  0 
1.71672e+06  0.81669  0.578882  0.204173  0 
1.01856e+06  1.31542  0.203527  0.328856  0 
993840  1.57537  0.190237  0.393841  0 
1.69512e+06  0.820498  0.567269  0.205124  0 
1.66392e+06  0.823522  0.550495  0.205881  0 
1.64328e+06  0.824316  0.539398  0.206079  0 
1.14816e+06  0.970871  0.273204  0.242718  0 
1.59912e+06  0.829488  0.515656  0.207372  0 
1.09416e+06  1.02114  0.244172  0.255285  0 
1.5732e+06  0.834789  0.50172  0.208697  0 
998880  1.54456  0.192946  0.38614  0 
1.55376e+06  0.838799  0.491269  0.2097  0 
2.07936e+06  0.789881  0.773849  0.19747  0 
1.53024e+06  0.843833  0.478624  0.210958  0 
2.0364e+06  0.793308  0.750753  0.198327  0 
1.0056e+06  1.49853  0.196559  0.374633  0 
1.99776e+06  0.794863  0.729978  0.198716  0 
1.512e+06  0.847444  0.468817  0.211861  0 
1.26912e+06  0.905756  0.338237  0.226439  0 
1.13952e+06  0.976782  0.268559  0.244195  0 
1.50072e+06  0.84849  0.462753  0.212122  0 
1.0608e+06  1.09908  0.226237  0.274769  0 
1.26048e+06  0.907653  0.333591  0.226913  0 
1.48896e+06  0.850554  0.45643  0.212638  0 
1.94328e+06  0.799016  0.700688  0.199754  0 
1.3248e+06  0.888074  0.368172  0.222019  0 
1.46976e+06  0.851842  0.446108  0.21296  0 
1.31232e+06  0.889364  0.361462  0.222341  0 
1.00896e+06  1.46562  0.198366  0.366406  0 
1.08768e+06  1.07413  0.240688  0.268532  0 
1.24824e+06  0.910958  0.327011  0.227739  0 
1.91616e+06  0.80152  0.686108  0.20038  0 
1.13352e+06  0.996315  0.265333  0.249079  0 
1.12344e+06  1.00156  0.259914  0.250391  0 
1.90344e+06  0.802135  0.679269  0.200534  0 
1.386e+06  0.868117  0.401075  0.217029  0 
1.2396e+06  0.912482  0.322366  0.22812  0 
1.8864e+06  0.80386  0.670108  0.200965  0 
1.87992e+06  0.805271  0.666624  0.201318  0 
1.8588e+06  0.806037  0.655269  0.201509  0 
995040  1.5475  0.190882  0.386876  0 
1.0368e+06  1.27688  0.213333  0.31922  0 
1.44864e+06  0.858725  0.434753  0.214681  0 
1.84896e+06  0.806736  0.649978  0.201684  0 
1.37208e+06  0.872652  0.393591  0.218163  0 
1.30656e+06  0.89597  0.358366  0.223993  0 
1.44288e+06  0.859325  0.431656  0.214831  0 
1.20912e+06  0.930987  0.305978  0.232747  0 
1.8312e+06  0.808023  0.64043  0.202006  0 
1.29792e+06  0.897484  0.35372  0.224371  0 
1.2012e+06  0.932516  0.30172  0.233129  0 
1.03344e+06  1.30955  0.211527  0.327387  0 
1.43808e+06  0.860957  0.429075  0.215239  0 
1.11648e+06  1.00931  0.256172  0.252327  0 
1.16088e+06  0.965773  0.280043  0.241443  0 
1.42752e+06  0.861918  0.423398  0.21548  0 
1.2912e+06  0.89873  0.350108  0.224682  0 
1.3632e+06  0.875559  0.388817  0.21889  0 
1.22232e+06  0.925372  0.313075  0.231343  0 
1.18056e+06  0.954984  0.290624  0.238746  0 
1.28928e+06  0.898884  0.349075  0.224721  0 
1.7976e+06  0.810909  0.622366  0.202727  0 
1.4256e+06  0.863477  0.422366  0.215869  0 
1.05744e+06  1.11368  0.22443  0.27842  0 
1.3584e+06  0.87712  0.386237  0.21928  0 
1.19976e+06  0.935201  0.300946  0.2338  0 
1.02624e+06  1.31243  0.207656  0.328107  0 
1.42296e+06  0.864049  0.420946  0.216012  0 
1.55088e+06  0.841456  0.48972  0.210364  0 
1.35288e+06  0.878136  0.383269  0.219534  0 
1.17144e+06  0.957254  0.28572  0.239314  0 
1.16496e+06  0.963748  0.282237  0.240937  0 
1.26432e+06  0.905895  0.335656  0.226474  0 
1.57104e+06  0.837058  0.500559  0.209264  0 
1.27872e+06  0.904081  0.343398  0.22602  0 
1.56936e+06  0.837164  0.499656  0.209291  0 
1.41816e+06  0.86519  0.418366  0.216297  0 
1.46904e+06  0.855908  0.44572  0.213977  0 
1.01784e+06  1.34894  0.20314  0.337236  0 
1.08696e+06  1.08183  0.240301  0.270458  0 
1.49952e+06  0.849105  0.462108  0.212276  0 
1.0596e+06  1.11226  0.225591  0.278066  0 
1.35192e+06  0.878832  0.382753  0.219708  0 
1.03272e+06  1.31106  0.21114  0.327765  0 
1.79136e+06  0.81326  0.619011  0.203315  0 
1.76712e+06  0.815486  0.605978  0.203872  0 

