7.0952e+07  6.89141e+07  37.8021  1.72285e+07  0 
5.11524e+07  4.93157e+07  27.1572  1.23289e+07  0 
4.63987e+07  4.43752e+07  24.6014  1.10938e+07  0 
4.6592e+07  4.45676e+07  24.7054  1.11419e+07  0 
4.19979e+07  3.99874e+07  22.2354  9.99684e+06  0 
5.32138e+07  5.11047e+07  28.2655  1.27762e+07  0 
4.74193e+07  4.55221e+07  25.1502  1.13805e+07  0 
5.02601e+07  4.83022e+07  26.6775  1.20755e+07  0 
1.51786e+14  1.51786e+14  8.16056e+07  3.79466e+13  0 
4.88833e+07  4.68193e+07  25.9373  1.17048e+07  0 
2.72312e+07  2.52771e+07  14.2963  6.31928e+06  0 
7.84807e+13  7.84807e+13  4.21939e+07  1.96202e+13  0 
6.58377e+07  6.37975e+07  35.0525  1.59494e+07  0 
4.92726e+07  4.73773e+07  26.1465  1.18443e+07  0 
4.78435e+07  4.56612e+07  25.3782  1.14153e+07  0 
5.26046e+13  5.26046e+13  2.8282e+07  1.31511e+13  0 
7.1373e+11  7.13728e+11  383725  1.78432e+11  0 
5.5766e+07  5.37435e+07  29.6376  1.34359e+07  0 
9.86156e+07  9.67325e+07  52.675  2.41831e+07  0 
8.67371e+07  8.46873e+07  46.2888  2.11718e+07  0 
4.98565e+07  4.79723e+07  26.4605  1.19931e+07  0 
5.73075e+07  5.55059e+07  30.4664  1.38765e+07  0 
4.22029e+07  4.01782e+07  22.3456  1.00446e+07  0 
7.62498e+07  7.42456e+07  40.6505  1.85614e+07  0 
5.16245e+07  4.96239e+07  27.411  1.2406e+07  0 
8.33432e+13  8.33432e+13  4.48082e+07  2.08358e+13  0 
8.63952e+07  8.44015e+07  46.1049  2.11004e+07  0 
6.50118e+07  6.3043e+07  34.6085  1.57608e+07  0 
7.60233e+07  7.41261e+07  40.5287  1.85315e+07  0 
1.02552e+08  1.00479e+08  54.7911  2.51198e+07  0 
4.98485e+07  4.79179e+07  26.4562  1.19795e+07  0 
5.61132e+07  5.42337e+07  29.8243  1.35584e+07  0 
4.79668e+07  4.58918e+07  25.4445  1.14729e+07  0 
5.81033e+07  5.62999e+07  30.8942  1.4075e+07  0 
4.7571e+07  4.56906e+07  25.2317  1.14226e+07  0 
8.82143e+07  8.61824e+07  47.0829  2.15456e+07  0 
4.55785e+07  4.35853e+07  24.1605  1.08963e+07  0 
4.07593e+07  3.87399e+07  21.5695  9.68498e+06  0 
2.37333e+13  2.37333e+13  1.27598e+07  5.93332e+12  0 
8.19813e+07  8.00498e+07  43.7319  2.00124e+07  0 
4.44287e+07  4.24442e+07  23.5423  1.0611e+07  0 
4.46962e+07  4.27702e+07  23.6861  1.06926e+07  0 
1.49355e+14  1.49355e+14  8.02983e+07  3.73387e+13  0 
3.14941e+13  3.14941e+13  1.69323e+07  7.87353e+12  0 
6.02137e+07  5.80155e+07  32.0289  1.45039e+07  0 
4.34736e+07  4.12826e+07  23.0288  1.03207e+07  0 
6.50316e+07  6.31872e+07  34.6191  1.57968e+07  0 
5.00661e+07  4.80876e+07  26.5732  1.20219e+07  0 
5.93374e+07  5.74162e+07  31.5577  1.4354e+07  0 
5.24691e+07  5.04538e+07  27.8651  1.26135e+07  0 
4.13874e+12  4.13874e+12  2.22513e+06  1.03469e+12  0 
4.91785e+07  4.71409e+07  26.096  1.17852e+07  0 
1.9149e+07  1.70466e+07  9.95109  4.26166e+06  0 
3.60016e+07  3.40434e+07  19.0116  8.51086e+06  0 
8.35059e+07  8.16851e+07  44.5516  2.04213e+07  0 
4.98881e+12  4.9888e+12  2.68215e+06  1.2472e+12  0 
1.22619e+14  1.22619e+14  6.59244e+07  3.06548e+13  0 
8.13558e+14  8.13558e+14  4.37397e+08  2.0339e+14  0 
5.19001e+07  4.98478e+07  27.5592  1.2462e+07  0 
3.81751e+07  3.61096e+07  20.1802  9.02741e+06  0 
4.87972e+07  4.6635e+07  25.891  1.16588e+07  0 
4.39969e+07  4.18739e+07  23.3102  1.04685e+07  0 
5.08918e+07  4.89673e+07  27.0171  1.22418e+07  0 
4.97564e+07  4.77164e+07  26.4067  1.19291e+07  0 
5.83281e+07  5.64573e+07  31.0151  1.41143e+07  0 
5.96572e+07  5.74994e+07  31.7297  1.43748e+07  0 
6.60144e+12  6.60144e+12  3.54916e+06  1.65036e+12  0 
9.04423e+13  9.04423e+13  4.86249e+07  2.26106e+13  0 
5.10289e+07  4.89649e+07  27.0908  1.22412e+07  0 
1.28944e+14  1.28944e+14  6.93247e+07  3.2236e+13  0 
4.93987e+07  4.75193e+07  26.2144  1.18798e+07  0 
4.97489e+07  4.77226e+07  26.4026  1.19306e+07  0 
5.73691e+07  5.54071e+07  30.4995  1.38518e+07  0 
8.00103e+07  7.80774e+07  42.6722  1.95193e+07  0 
4.33618e+13  4.33618e+13  2.33128e+07  1.08405e+13  0 
5.38333e+07  5.20789e+07  28.5985  1.30197e+07  0 
5.31481e+07  5.12543e+07  28.2302  1.28136e+07  0 
4.31138e+07  4.13301e+07  22.8354  1.03325e+07  0 
4.92245e+07  4.72815e+07  26.1207  1.18204e+07  0 
8.88329e+07  8.69494e+07  47.4155  2.17373e+07  0 
1.47766e+14  1.47766e+14  7.9444e+07  3.69415e+13  0 
4.1545e+07  3.96684e+07  21.9919  9.91711e+06  0 
5.42592e+13  5.42592e+13  2.91716e+07  1.35648e+13  0 
1.63986e+14  1.63986e+14  8.81644e+07  4.09965e+13  0 
1.23285e+14  1.23285e+14  6.62825e+07  3.08214e+13  0 
5.55707e+07  5.36327e+07  29.5327  1.34082e+07  0 
5.75189e+07  5.54328e+07  30.5801  1.38582e+07  0 
4.39401e+07  4.21553e+07  23.2796  1.05388e+07  0 
5.77636e+07  5.5811e+07  30.7116  1.39527e+07  0 
1.63889e+13  1.63889e+13  8.81125e+06  4.09723e+12  0 
4.92237e+07  4.72679e+07  26.1202  1.1817e+07  0 
5.88003e+07  5.6749e+07  31.269  1.41873e+07  0 
3.57289e+07  3.37496e+07  18.865  8.4374e+06  0 
5.01827e+07  4.80842e+07  26.6359  1.2021e+07  0 
1.3554e+15  1.3554e+15  7.2871e+08  3.3885e+14  0 
2.5089e+13  2.5089e+13  1.34887e+07  6.27225e+12  0 
8.15776e+07  7.95167e+07  43.5148  1.98792e+07  0 
5.00827e+07  4.80679e+07  26.5821  1.2017e+07  0 
7.78468e+07  7.59312e+07  41.5091  1.89828e+07  0 
7.04293e+13  7.04293e+13  3.78652e+07  1.76073e+13  0 

1.29792e+06  2.42504  0.35372  0.606259  0 
2.28936e+06  0.859621  0.886753  0.214905  0 
1.92912e+06  1.26427  0.693075  0.316067  0 
3.82838e+06  1.39791e+06  1.71419  349477  1 
6.2376e+06  4.0368e+06  3.00946  1.0092e+06  2 
6.30603e+06  4.24851e+06  3.04625  1.06213e+06  3 
8.49178e+06  6.50362e+06  4.22139  1.62591e+06  5 
9.56205e+06  7.49181e+06  4.7968  1.87295e+06  6 
9.90736e+06  7.90648e+06  4.98245  1.97662e+06  8 
1.46845e+07  1.26075e+07  7.5508  3.15188e+06  14 
1.79333e+07  1.5942e+07  9.29745  3.9855e+06  17 
1.90678e+07  1.68409e+07  9.90744  4.21022e+06  20 
1.97802e+07  1.78837e+07  10.2904  4.47092e+06  26 
2.0641e+07  1.85206e+07  10.7532  4.63016e+06  49 
2.15269e+07  1.93009e+07  11.2295  4.82523e+06  24 
2.23183e+07  2.01648e+07  11.655  5.0412e+06  41 
2.24005e+07  2.02552e+07  11.6992  5.06379e+06  39 
2.24948e+07  2.04169e+07  11.7499  5.10422e+06  38 
2.55343e+07  2.3419e+07  13.384  5.85474e+06  25 
2.62677e+07  2.41077e+07  13.7783  6.02692e+06  19 
4.17831e+07  3.95259e+07  22.1199  9.88146e+06  11 
5.22385e+07  5.01628e+07  27.7411  1.25407e+07  22 
4.1693e+07  3.96484e+07  22.0715  9.91211e+06  59 
2.37124e+07  2.16621e+07  12.4045  5.41552e+06  46 
1.18949e+08  1.16702e+08  63.6071  2.91755e+07  83 
4.59914e+07  4.40937e+07  24.3824  1.10234e+07  64 
2.37053e+07  2.16939e+07  12.4007  5.42346e+06  5 
8.38134e+06  6.21294e+06  4.16201  1.55323e+06  4 
1.19371e+07  9.86232e+06  6.07372  2.46558e+06  10 
3.88815e+07  3.68379e+07  20.5599  9.20947e+06  56 
1.30612e+07  1.08246e+07  6.67807  2.70616e+06  12 
5.02931e+07  4.81089e+07  26.6952  1.20272e+07  77 
4.71144e+07  4.51462e+07  24.9862  1.12865e+07  38 
2.21446e+07  2.00055e+07  11.5616  5.00137e+06  45 
2.04827e+07  1.83806e+07  10.6681  4.59514e+06  9 
2.4022e+07  2.19705e+07  12.571  5.49261e+06  47 
1.5005e+07  1.2942e+07  7.72313  3.2355e+06  15 
2.22541e+07  2.03334e+07  11.6205  5.08334e+06  38 
4.74386e+07  4.5311e+07  25.1605  1.13277e+07  12 
1.34721e+07  1.12787e+07  6.89896  2.81968e+06  13 
2.29499e+07  2.0848e+07  11.9946  5.21201e+06  44 
4.20874e+07  4.00766e+07  22.2835  1.00192e+07  59 
4.32722e+07  4.1335e+07  22.9206  1.03337e+07  61 
3.76115e+07  3.5332e+07  19.8772  8.833e+06  56 
4.11629e+07  3.92316e+07  21.7865  9.8079e+06  66 
2.80258e+07  2.60127e+07  14.7235  6.50317e+06  69 
1.19947e+07  9.97626e+06  6.10465  2.49406e+06  11 
1.9601e+07  1.75682e+07  10.1941  4.39204e+06  22 
2.6049e+07  2.42236e+07  13.6608  6.05589e+06  49 
2.92787e+07  2.72601e+07  15.3971  6.81501e+06  51 
4.6487e+07  4.42108e+07  24.6489  1.10527e+07  66 
4.09821e+07  3.86889e+07  21.6893  9.67224e+06  18 
2.3065e+07  2.07603e+07  12.0564  5.19007e+06  62 
1.82537e+07  1.63179e+07  9.46976  4.07948e+06  18 
2.84592e+07  2.64645e+07  14.9566  6.61614e+06  58 
2.01919e+07  1.8103e+07  10.5118  4.52574e+06  32 
9.62121e+06  7.45761e+06  4.82861  1.8644e+06  6 
2.1378e+07  1.94155e+07  11.1495  4.85388e+06  35 
2.01947e+07  1.82315e+07  10.5133  4.55786e+06  29 
4.69633e+07  4.47191e+07  24.905  1.11798e+07  8 
4.0571e+07  3.8554e+07  21.4683  9.63851e+06  79 
4.66774e+07  4.45901e+07  24.7513  1.11475e+07  13 
3.6327e+07  3.42906e+07  19.1866  8.57265e+06  55 
2.46031e+07  2.25401e+07  12.8834  5.63503e+06  74 
4.62951e+07  4.42827e+07  24.5457  1.10707e+07  63 
1.95211e+07  1.7362e+07  10.1511  4.34051e+06  21 
4.01937e+07  3.81516e+07  21.2654  9.53789e+06  57 
2.23076e+07  2.00766e+07  11.6492  5.01914e+06  43 
2.25973e+07  2.04836e+07  11.805  5.1209e+06  48 
2.49165e+07  2.28779e+07  13.0519  5.71949e+06  50 
8.68259e+07  8.4682e+07  46.3365  2.11705e+07  81 
4.68275e+07  4.50361e+07  24.832  1.1259e+07  36 
2.35582e+07  2.15898e+07  12.3216  5.39744e+06  45 
3.08925e+07  2.87457e+07  16.2648  7.18643e+06  72 
2.03096e+07  1.82303e+07  10.5751  4.55757e+06  33 
2.27583e+07  2.06249e+07  11.8916  5.15623e+06  42 
7.75909e+07  7.5656e+07  41.3714  1.8914e+07  80 
1.97236e+07  1.76819e+07  10.26  4.42047e+06  23 
2.57139e+07  2.36259e+07  13.4806  5.90647e+06  13 
2.03524e+07  1.82733e+07  10.5981  4.56833e+06  34 
2.34381e+07  2.1401e+07  12.257  5.35025e+06  18 
4.90147e+07  4.67849e+07  26.0079  1.16962e+07  75 
1.98743e+07  1.79262e+07  10.341  4.48155e+06  54 
4.25957e+07  4.05617e+07  22.5568  1.01404e+07  60 
9.8081e+06  7.67978e+06  4.92908  1.91994e+06  7 
4.09546e+07  3.8934e+07  21.6745  9.7335e+06  58 
1.18943e+07  9.56872e+06  6.05071  2.39218e+06  9 
2.4341e+07  2.23329e+07  12.7425  5.58323e+06  48 
4.73849e+07  4.53097e+07  25.1317  1.13274e+07  82 
5.07462e+07  4.86212e+07  26.9388  1.21553e+07  15 
1.89675e+07  1.67228e+07  9.85351  4.1807e+06  19 
2.17566e+07  1.97149e+07  11.353  4.92872e+06  36 
4.24644e+07  4.05511e+07  22.4862  1.01378e+07  78 
1.52004e+07  1.29536e+07  7.8282  3.23839e+06  16 
2.17259e+07  1.96667e+07  11.3365  4.91667e+06  5 
3.86577e+07  3.65385e+07  20.4396  9.13463e+06  71 
4.63833e+07  4.41029e+07  24.5932  1.10257e+07  73 
1.79893e+07  1.5859e+07  9.32756  3.96476e+06  17 
4.6285e+07  4.43266e+07  24.5403  1.10816e+07  67 
1.31144e+07  1.06988e+07  6.70664  2.67469e+06  12 

1.24913e+06  4255.23  0.327491  1063.81  0 
2.26728e+06  0.852792  0.874882  0.213198  0 
1.54176e+06  1.14673  0.484817  0.286684  0 
2.03472e+06  0.936167  0.749849  0.234042  0 
1.73064e+06  2.13606  0.586366  0.534014  1 
2.0496e+06  1.32633  0.757849  0.331583  1 
1.86312e+06  1.36721  0.657591  0.341804  1 
1.9044e+06  1.36255  0.679785  0.340637  1 
2.31768e+06  1.54844  0.901978  0.38711  2 
2.59137e+06  209133  1.04912  52283.3  3 
2.70643e+06  463632  1.11098  115908  4 
2.64735e+06  569430  1.07922  142357  4 
2.69491e+06  544272  1.10479  136068  4 
3.16981e+06  1.08325e+06  1.36011  270813  5 
3.64652e+06  1.61156e+06  1.61641  402890  6 
3.83935e+06  1.64719e+06  1.72008  411798  7 
4.11413e+06  1.7595e+06  1.86781  439874  8 
4.28727e+06  2.04231e+06  1.9609  510578  9 
4.99451e+06  2.85059e+06  2.34114  712648  10 
5.27869e+06  3.12661e+06  2.49392  781652  12 
5.84962e+06  3.71002e+06  2.80087  927506  13 
5.91886e+06  3.65207e+06  2.8381  913016  13 
6.67183e+06  4.60615e+06  3.24292  1.15154e+06  14 
6.8599e+06  4.68214e+06  3.34403  1.17053e+06  15 
6.95299e+06  4.81027e+06  3.39408  1.20257e+06  16 
6.95781e+06  4.83501e+06  3.39667  1.20875e+06  17 
7.4157e+06  5.29818e+06  3.64285  1.32454e+06  19 
7.30175e+06  5.40383e+06  3.58159  1.35096e+06  19 
7.5554e+06  5.48756e+06  3.71796  1.37189e+06  20 
7.63553e+06  5.31449e+06  3.76104  1.32862e+06  20 
7.68806e+06  5.6135e+06  3.78928  1.40337e+06  21 
7.79168e+06  5.50496e+06  3.84499  1.37624e+06  21 
8.22321e+06  6.28857e+06  4.07699  1.57214e+06  23 
8.53188e+06  6.47868e+06  4.24295  1.61967e+06  24 
9.09704e+06  7.02032e+06  4.54679  1.75508e+06  27 
9.47779e+06  7.19635e+06  4.7515  1.79909e+06  28 
1.03833e+07  8.45921e+06  5.23833  2.1148e+06  29 
1.19367e+07  9.81625e+06  6.07347  2.45406e+06  30 
1.33475e+07  1.13226e+07  6.83199  2.83065e+06  32 
1.39819e+07  1.17811e+07  7.17306  2.94527e+06  34 
1.46411e+07  1.24847e+07  7.52746  3.12117e+06  35 
1.47287e+07  1.2394e+07  7.57458  3.0985e+06  35 
1.50837e+07  1.31639e+07  7.76542  3.29098e+06  36 
1.51577e+07  1.3002e+07  7.8052  3.2505e+06  36 
1.53206e+07  1.33521e+07  7.89279  3.33803e+06  37 
1.56742e+07  1.34595e+07  8.08292  3.36488e+06  38 
1.66373e+07  1.45032e+07  8.6007  3.6258e+06  41 
1.64543e+07  1.45374e+07  8.50231  3.63435e+06  41 
1.68462e+07  1.46267e+07  8.71303  3.65668e+06  42 
1.80847e+07  1.59403e+07  9.37886  3.98507e+06  44 
1.88768e+07  1.69199e+07  9.80474  4.22997e+06  45 
1.9036e+07  1.66204e+07  9.8903  4.15509e+06  45 
1.89142e+07  1.69796e+07  9.82484  4.24489e+06  46 
1.94244e+07  1.73296e+07  10.0991  4.33241e+06  48 
1.95746e+07  1.7344e+07  10.1799  4.33601e+06  49 
1.97494e+07  1.7671e+07  10.2739  4.41774e+06  50 
2.00754e+07  1.78785e+07  10.4491  4.46961e+06  52 
2.01259e+07  1.79292e+07  10.4763  4.48229e+06  53 
2.0897e+07  1.86482e+07  10.8909  4.66206e+06  56 
2.23053e+07  2.04618e+07  11.648  5.11546e+06  58 
2.28904e+07  2.08878e+07  11.9626  5.22195e+06  59 
2.37165e+07  2.15918e+07  12.4067  5.39795e+06  61 
2.51133e+07  2.30135e+07  13.1577  5.75339e+06  62 
2.60447e+07  2.37762e+07  13.6584  5.94404e+06  63 
2.75033e+07  2.52878e+07  14.4426  6.32196e+06  65 
3.22397e+07  3.00358e+07  16.9891  7.50895e+06  66 
3.25935e+07  3.03421e+07  17.1793  7.58552e+06  67 
3.36499e+07  3.15455e+07  17.7472  7.88639e+06  68 
3.73485e+07  3.53145e+07  19.7357  8.82862e+06  70 
4.12025e+07  3.91944e+07  21.8078  9.7986e+06  71 
4.55809e+07  4.35971e+07  24.1618  1.08993e+07  17 
4.89616e+07  4.69696e+07  25.9793  1.17424e+07  80 
5.83202e+07  5.62639e+07  31.0108  1.4066e+07  43 
7.97184e+07  7.75104e+07  42.5153  1.93776e+07  82 
1.32696e+07  1.12087e+07  6.79008  2.80217e+06  31 
4.50364e+07  4.28532e+07  23.8691  1.07133e+07  26 
2.69346e+07  2.49633e+07  14.1369  6.24082e+06  64 
2.25677e+07  2.04492e+07  11.7891  5.11231e+06  58 
1.725e+07  1.49928e+07  8.93009  3.74819e+06  43 
1.92822e+07  1.72374e+07  10.0227  4.30934e+06  47 
9.00959e+06  6.92567e+06  4.49978  1.73142e+06  25 
2.09259e+07  1.86851e+07  10.9064  4.67126e+06  57 
1.64051e+07  1.43041e+07  8.47586  3.57603e+06  40 
1.67534e+07  1.48118e+07  8.66314  3.70296e+06  42 
2.01443e+07  1.80172e+07  10.4862  4.5043e+06  54 
1.99671e+07  1.7797e+07  10.3909  4.44926e+06  51 
8.01214e+06  5.95487e+06  3.96352  1.48872e+06  22 
8.40031e+06  6.06703e+06  4.17221  1.51676e+06  23 
2.08771e+07  1.86031e+07  10.8802  4.65078e+06  55 
1.59363e+07  1.37523e+07  8.22382  3.43808e+06  39 
2.31067e+07  2.10571e+07  12.0789  5.26427e+06  60 
5.36949e+07  5.15188e+07  28.5241  1.28797e+07  81 
4.36473e+07  4.15545e+07  23.1222  1.03886e+07  72 
1.3738e+07  1.16077e+07  7.04193  2.90194e+06  33 
3.60247e+07  3.4062e+07  19.0241  8.51551e+06  69 
5.0039e+06  2.93054e+06  2.34618  732636  11 
9.04338e+06  6.95802e+06  4.51795  1.73951e+06  26 
2.0268e+06  1.56553  0.745591  0.391382  2 
4.64141e+07  4.43004e+07  24.6097  1.10751e+07  78 
7.21464e+06  5.13768e+06  3.53475  1.28442e+06  18 

1.18858e+06  4180.36  0.294934  1045.09  0 
2.26872e+06  0.842536  0.875656  0.210634  0 
1.28688e+06  1.86981  0.347785  0.467453  0 
1.64208e+06  0.997255  0.538753  0.249314  0 
1.3764e+06  1.41686  0.395914  0.354215  0 
1.5204e+06  1.17678  0.473333  0.294195  0 
1.43184e+06  1.24573  0.42572  0.311432  0 
2.13192e+06  0.888098  0.802108  0.222024  0 
1.3836e+06  1.64832  0.399785  0.41208  1 
1.47072e+06  1.64153  0.446624  0.410382  1 
1.6944e+06  1.15003  0.566882  0.287506  1 
1.47456e+06  1.51596  0.448688  0.378991  1 
1.5744e+06  1.27388  0.502366  0.318471  1 
1.83576e+06  1.09097  0.642882  0.272743  1 
2.15856e+06  1.0128  0.81643  0.253201  1 
1.67256e+06  1.22734  0.55514  0.306836  1 
1.66248e+06  1.22787  0.54972  0.306968  1 
1.51704e+06  1.47429  0.471527  0.368572  1 
1.79016e+06  1.19634  0.618366  0.299084  2 
1.58616e+06  1.38029  0.508688  0.345073  2 
1.6488e+06  1.33741  0.542366  0.334354  2 
1.49904e+06  1.54405  0.461849  0.386013  2 
1.4976e+06  1.67706  0.461075  0.419266  2 
1.52952e+06  1.48527  0.478237  0.371317  2 
1.76376e+06  1.23819  0.604172  0.309546  2 
1.69752e+06  1.24353  0.568559  0.310883  2 
1.42944e+06  1.71825  0.42443  0.429564  2 
2.16096e+06  1.08986  0.81772  0.272465  2 
2.0232e+06  1.09255  0.743656  0.273137  2 
1.86624e+06  1.10684  0.659269  0.276709  2 
1.93752e+06  1.2132  0.697591  0.303299  3 
1.51176e+06  2.19061  0.468688  0.547652  3 
1.8816e+06  1.27447  0.667527  0.318616  3 
1.63608e+06  1.40438  0.535527  0.351095  3 
1.5384e+06  1.81518  0.483011  0.453795  3 
2.03832e+06  1.1931  0.751785  0.298275  3 
1.73472e+06  1.39623  0.588559  0.349059  3 
1.55472e+06  1.72658  0.491785  0.431645  3 
1.72176e+06  1.50352  0.581591  0.375879  4 
2.19264e+06  1.28578  0.834753  0.321446  4 
2.28984e+06  1.22872  0.887011  0.307179  4 
1.66536e+06  2.18701  0.551269  0.546754  4 
1.86216e+06  1.40215  0.657075  0.350537  4 
1.6836e+06  2.08037  0.561075  0.520093  4 
1.79928e+06  1.45995  0.623269  0.364988  4 
2.13216e+06  1.47848  0.802237  0.36962  5 
1.74072e+06  1.53078  0.591785  0.382694  5 
1.7364e+06  1.87202  0.589462  0.468004  5 
1.908e+06  1.50731  0.68172  0.376827  5 
1.8516e+06  1.76653  0.651398  0.441633  6 
2.11992e+06  1.5816  0.795656  0.3954  6 
1.8552e+06  1.63678  0.653333  0.409195  6 
1.8852e+06  1.66275  0.669462  0.415687  7 
1.89504e+06  1.65477  0.674753  0.413694  7 
2.08095e+06  19595  0.774706  4898.75  8 
2.1141e+06  75540.9  0.792526  18885.2  9 
2.36722e+06  168820  0.928612  42205.1  10 
2.27991e+06  227189  0.881671  56797.2  10 
2.38284e+06  348365  0.937012  87091.2  11 
2.53442e+06  318977  1.0185  79744.2  11 
2.59842e+06  492662  1.05291  123166  12 
2.69199e+06  531990  1.10322  132998  13 
2.64291e+06  533069  1.07683  133267  13 
2.97755e+06  743869  1.25675  185967  14 
3.11054e+06  741979  1.32825  185495  14 
3.26083e+06  916749  1.40905  229187  15 
3.50251e+06  1.28299e+06  1.53898  320748  16 
3.4887e+06  1.41151e+06  1.53156  352876  16 
3.5573e+06  1.73522e+06  1.56844  433804  17 
3.61726e+06  1.49806e+06  1.60068  374515  17 
4.13623e+06  2.02015e+06  1.87969  505038  18 
4.50868e+06  2.21812e+06  2.07993  554530  19 
4.3582e+06  2.37268e+06  1.99903  593171  19 
4.40502e+06  2.38134e+06  2.0242  595336  20 
4.46175e+06  2.49135e+06  2.0547  622837  21 
4.44963e+06  2.61243e+06  2.04819  653107  21 
4.72841e+06  2.62697e+06  2.19807  656742  22 
4.90119e+06  2.75751e+06  2.29096  689379  23 
5.0584e+06  2.70401e+06  2.37549  676001  23 
5.08492e+06  2.821e+06  2.38974  705250  24 
5.07224e+06  2.93672e+06  2.38293  734181  24 
5.49982e+06  3.43606e+06  2.61281  859016  25 
5.53857e+06  3.34089e+06  2.63364  835223  25 
5.7777e+06  3.79602e+06  2.7622  949004  26 
6.20367e+06  4.33431e+06  2.99122  1.08358e+06  27 
6.77244e+06  4.74156e+06  3.29701  1.18539e+06  28 
6.95128e+06  4.76704e+06  3.39316  1.19176e+06  29 
7.2352e+06  5.01425e+06  3.54581  1.25356e+06  30 
7.71618e+06  5.78994e+06  3.8044  1.44748e+06  31 
7.99178e+06  5.9657e+06  3.95257  1.49143e+06  32 
8.73126e+06  6.5559e+06  4.35014  1.63898e+06  33 
8.65117e+06  6.74701e+06  4.30708  1.68675e+06  33 
9.64746e+06  7.5465e+06  4.84272  1.88663e+06  34 
9.44981e+06  7.56822e+06  4.73646  1.89205e+06  34 
9.92759e+06  7.86863e+06  4.99333  1.96716e+06  35 
1.03198e+07  8.52413e+06  5.2042  2.13103e+06  36 
1.05052e+07  8.46497e+06  5.30388  2.11624e+06  36 
1.27628e+07  1.08608e+07  6.51761  2.71519e+06  37 
1.42543e+07  1.19998e+07  7.31953  2.99994e+06  38 
1.44941e+07  1.27332e+07  7.44843  3.1833e+06  39 

1.1184e+06  1.94948  0.257204  0.487371  0 
2.292e+06  0.835303  0.888172  0.208826  0 
1.75248e+06  0.930269  0.598108  0.232567  0 
1.36224e+06  1.14641  0.388301  0.286603  0 
1.18368e+06  1.5306  0.292301  0.382649  0 
1.26696e+06  1.31524  0.337075  0.328811  0 
1.66128e+06  0.993302  0.549075  0.248326  0 
1.57704e+06  0.998545  0.503785  0.249636  0 
1.50696e+06  1.05279  0.466108  0.263198  0 
1.31952e+06  1.2268  0.365333  0.306701  0 
1.46808e+06  1.08777  0.445204  0.271943  0 
1.24896e+06  1.34454  0.327398  0.336135  0 
2.04936e+06  0.902711  0.75772  0.225678  0 
2.00328e+06  0.921796  0.732946  0.230449  0 
1.54536e+06  1.05125  0.486753  0.262813  0 
1.37664e+06  1.15633  0.396043  0.289082  0 
1.57752e+06  1.00758  0.504043  0.251895  1 
1.37496e+06  1.22527  0.39514  0.306318  0 
1.2852e+06  1.39573  0.346882  0.348932  1 
1.49832e+06  1.12942  0.461462  0.282356  1 
1.32912e+06  1.30168  0.370495  0.325421  1 
1.2552e+06  1.49164  0.330753  0.37291  1 
1.92456e+06  0.999313  0.690624  0.249828  1 
1.93488e+06  0.969556  0.696172  0.242389  1 
1.21752e+06  1.88449  0.310495  0.471121  1 
1.55784e+06  1.06816  0.493462  0.267041  1 
1.35e+06  1.24857  0.38172  0.312143  1 
1.24704e+06  1.72529  0.326366  0.431321  1 
1.782e+06  1.00433  0.613978  0.251082  2 
1.49568e+06  1.16372  0.460043  0.29093  2 
1.83624e+06  1.03382  0.64314  0.258456  2 
1.416e+06  1.23115  0.417204  0.307787  1 
1.40784e+06  1.23165  0.412817  0.307912  1 
1.43856e+06  1.22851  0.429333  0.307126  1 
1.44984e+06  1.22611  0.435398  0.306529  2 
1.3992e+06  1.26507  0.408172  0.316267  2 
1.30536e+06  1.48674  0.35772  0.371686  2 
1.32192e+06  1.46751  0.366624  0.366879  3 
1.39536e+06  1.44922  0.406108  0.362304  3 
1.34256e+06  1.45411  0.37772  0.363527  2 
1.72008e+06  1.04625  0.580688  0.261563  2 
1.6776e+06  1.05007  0.557849  0.262519  2 
1.76088e+06  1.03826  0.602624  0.259566  2 
1.58112e+06  1.16283  0.505978  0.290709  2 
1.59072e+06  1.11382  0.51114  0.278456  2 
1.8444e+06  1.02012  0.647527  0.255029  2 
1.25784e+06  1.63382  0.332172  0.408455  2 
1.24056e+06  2.14554  0.322882  0.536384  2 
1.27272e+06  1.59004  0.340172  0.397511  2 
1.49544e+06  1.19656  0.459914  0.29914  3 
1.42728e+06  1.27397  0.423269  0.318492  3 
1.30776e+06  1.71086  0.359011  0.427715  3 
1.47768e+06  1.27103  0.450366  0.317757  3 
1.64472e+06  1.12474  0.540172  0.281186  3 
1.75272e+06  1.07997  0.598237  0.269993  3 
1.42272e+06  1.28645  0.420817  0.321613  3 
1.76712e+06  1.07467  0.605978  0.268669  3 
1.2816e+06  1.94162  0.344946  0.485405  4 
1.6428e+06  1.13809  0.53914  0.284523  3 
1.51536e+06  1.2155  0.470624  0.303874  4 
1.5252e+06  1.1903  0.475914  0.297574  3 
1.3308e+06  1.53231  0.371398  0.383077  3 
1.40856e+06  1.42917  0.413204  0.357292  3 
1.7016e+06  1.11196  0.570753  0.277989  3 
1.74912e+06  1.10055  0.596301  0.275136  3 
1.60896e+06  1.15707  0.520946  0.289267  3 
1.53e+06  1.18119  0.478495  0.295296  3 
1.33752e+06  1.48168  0.375011  0.370421  2 
1.36272e+06  1.70098  0.388559  0.425245  5 
1.68216e+06  1.16557  0.560301  0.291392  4 
1.37712e+06  1.63892  0.396301  0.40973  4 
1.71048e+06  1.12342  0.575527  0.280855  4 
1.2888e+06  1.98867  0.348817  0.497168  5 
1.518e+06  1.25568  0.472043  0.313919  5 
1.4124e+06  1.53367  0.415269  0.383418  4 
1.33512e+06  1.91564  0.37372  0.47891  4 
1.77624e+06  1.09078  0.610882  0.272696  4 
1.4436e+06  1.32011  0.432043  0.330027  3 
1.6224e+06  1.18505  0.528172  0.296263  4 
1.44888e+06  1.31883  0.434882  0.329706  3 
1.344e+06  1.74165  0.378495  0.435412  4 
1.40448e+06  1.55711  0.411011  0.389276  4 
1.44288e+06  1.38099  0.431656  0.345246  4 
1.55016e+06  1.20222  0.489333  0.300555  4 
1.53744e+06  1.25356  0.482495  0.313391  5 
1.83192e+06  1.10496  0.640817  0.27624  4 
1.44672e+06  1.41509  0.43372  0.353772  5 
1.81872e+06  1.12645  0.63372  0.281612  5 
2.0424e+06  1.10364  0.753978  0.275909  4 
1.45896e+06  1.3191  0.440301  0.329775  4 
1.57344e+06  1.22381  0.501849  0.305953  5 
1.71288e+06  1.16555  0.576817  0.291388  5 
1.73568e+06  1.13702  0.589075  0.284255  5 
1.362e+06  1.75902  0.388172  0.439755  5 
1.48488e+06  1.43177  0.454237  0.357942  0 
1.38792e+06  1.99219  0.402108  0.498047  6 
1.71864e+06  1.23032  0.579914  0.307579  6 
1.9596e+06  1.11734  0.709462  0.279335  5 
1.80696e+06  1.15566  0.627398  0.288915  6 
1.72728e+06  1.20378  0.584559  0.300946  1 

1.104e+06  1.96283  0.249462  0.490708  0 
2.27856e+06  0.834657  0.880946  0.208664  0 
1.76352e+06  0.884649  0.604043  0.221162  0 
1.32e+06  1.01304  0.365591  0.25326  0 
1.14216e+06  1.4328  0.269978  0.358199  0 
1.20888e+06  1.19896  0.305849  0.29974  0 
1.26528e+06  1.07967  0.336172  0.269916  0 
1.65e+06  0.906756  0.543011  0.226689  0 
1.56192e+06  0.915399  0.495656  0.22885  0 
1.17696e+06  1.35168  0.288688  0.33792  0 
1.51872e+06  0.945637  0.47243  0.236409  0 
1.49088e+06  0.954431  0.457462  0.238608  0 
1.44768e+06  0.955517  0.434237  0.238879  0 
1.23048e+06  1.14761  0.317462  0.286903  0 
1.12776e+06  1.78752  0.262237  0.44688  0 
2.10168e+06  0.85474  0.785849  0.213685  0 
1.28424e+06  1.05335  0.346366  0.263336  0 
1.19664e+06  1.32544  0.299269  0.331359  0 
2.01336e+06  0.868988  0.738366  0.217247  0 
1.1844e+06  1.33754  0.292688  0.334384  0 
1.75608e+06  0.892933  0.600043  0.223233  0 
1.2612e+06  1.11906  0.333978  0.279765  0 
1.41e+06  1.0045  0.413978  0.251124  0 
1.55088e+06  0.937116  0.48972  0.234279  0 
1.88616e+06  0.876685  0.669978  0.219171  0 
1.26288e+06  1.11096  0.334882  0.27774  0 
1.44408e+06  1.00047  0.432301  0.250116  0 
1.7364e+06  0.905916  0.589462  0.226479  0 
1.20768e+06  1.55213  0.305204  0.388033  0 
1.76784e+06  0.905485  0.606366  0.226371  0 
1.91448e+06  0.879522  0.685204  0.219881  0 
1.39848e+06  1.02098  0.407785  0.255244  0 
1.39272e+06  1.04291  0.404688  0.260728  0 
1.47168e+06  0.965771  0.44714  0.241443  0 
1.2564e+06  1.15582  0.331398  0.288955  0 
1.69872e+06  0.907793  0.569204  0.226948  0 
1.80432e+06  0.891826  0.625978  0.222956  0 
1.46712e+06  0.992549  0.444688  0.248137  0 
1.296e+06  1.07665  0.352688  0.269163  0 
1.66752e+06  0.913885  0.55243  0.228471  0 
1.43856e+06  1.0183  0.429333  0.254575  0 
1.39608e+06  1.0348  0.406495  0.2587  0 
1.17168e+06  1.5832  0.285849  0.395799  0 
1.52232e+06  0.956933  0.474366  0.239233  0 
1.86288e+06  0.887196  0.657462  0.221799  0 
1.46616e+06  1.01292  0.444172  0.25323  0 
1.57656e+06  0.944023  0.503527  0.236006  0 
1.36464e+06  1.04758  0.389591  0.261895  0 
1.73928e+06  0.906458  0.591011  0.226614  0 
2.09736e+06  0.87532  0.783527  0.21883  0 
1.23288e+06  1.28955  0.318753  0.322387  0 
1.62384e+06  0.925844  0.528946  0.231461  0 
1.20816e+06  1.42955  0.305462  0.357388  0 
1.27776e+06  1.11891  0.342882  0.279727  0 
1.4484e+06  1.01364  0.434624  0.25341  0 
1.656e+06  0.922019  0.546237  0.230505  0 
1.6008e+06  0.935378  0.516559  0.233845  0 
1.52712e+06  0.956212  0.476946  0.239053  0 
1.71048e+06  0.911818  0.575527  0.227954  0 
1.54104e+06  0.962179  0.48443  0.240545  0 
1.37856e+06  1.04843  0.397075  0.262106  0 
1.32504e+06  1.15336  0.368301  0.288341  1 
1.50072e+06  0.984781  0.462753  0.246195  0 
2.0568e+06  0.881291  0.76172  0.220323  0 
1.47312e+06  1.01389  0.447914  0.253473  0 
1.25184e+06  1.30413  0.328946  0.326033  3 
1.20744e+06  1.78274  0.305075  0.445685  2 
1.27248e+06  1.18673  0.340043  0.296683  0 
1.70808e+06  0.913293  0.574237  0.228323  0 
1.33032e+06  1.12242  0.37114  0.280606  2 
1.31568e+06  1.17586  0.363269  0.293965  0 
1.6548e+06  0.927266  0.545591  0.231817  0 
1.33536e+06  1.0877  0.373849  0.271926  0 
1.63296e+06  0.928864  0.533849  0.232216  0 
1.20024e+06  1.89927  0.301204  0.474819  1 
1.57752e+06  0.959434  0.504043  0.239858  0 
1.8492e+06  0.905631  0.650108  0.226408  0 
1.39488e+06  1.04683  0.405849  0.261707  0 
1.68408e+06  0.920456  0.561333  0.230114  0 
1.23312e+06  1.47307  0.318882  0.368269  0 
1.90128e+06  0.892322  0.678108  0.22308  0 
1.48512e+06  0.985597  0.454366  0.246399  0 
1.44648e+06  1.02343  0.433591  0.255859  0 
2.01816e+06  0.887237  0.740946  0.221809  0 
1.242e+06  1.38903  0.323656  0.347257  0 
1.41168e+06  1.04686  0.414882  0.261715  2 
1.50264e+06  0.992535  0.463785  0.248134  0 
1.9284e+06  0.897206  0.692688  0.224301  0 
1.68912e+06  0.929072  0.564043  0.232268  0 
1.48488e+06  1.01989  0.454237  0.254973  0 
2.0952e+06  0.888516  0.782366  0.222129  0 
1.61376e+06  0.972087  0.523527  0.243022  0 
1.65096e+06  0.943256  0.543527  0.235814  0 
1.72488e+06  0.91556  0.583269  0.22889  0 
1.49208e+06  1.00578  0.458108  0.251445  0 
1.40016e+06  1.10042  0.408688  0.275104  0 
1.60224e+06  0.987708  0.517333  0.246927  0 
1.28088e+06  1.261  0.344559  0.315249  0 
1.6548e+06  0.933479  0.545591  0.23337  0 
1.54968e+06  0.988896  0.489075  0.247224  0 

1.10256e+06  1.40078  0.248688  0.350195  0 
2.18352e+06  0.834187  0.829849  0.208547  0 
1.89384e+06  0.850963  0.674108  0.212741  0 
1.64064e+06  0.873529  0.537978  0.218382  0 
1.4172e+06  0.936506  0.417849  0.234126  0 
1.24248e+06  1.04202  0.323914  0.260506  0 
1.16976e+06  1.24668  0.284817  0.311669  0 
1.18128e+06  1.11841  0.291011  0.279601  0 
1.36416e+06  0.947139  0.389333  0.236785  0 
1.32984e+06  0.965713  0.370882  0.241428  0 
1.29144e+06  0.977771  0.350237  0.244443  0 
1.55544e+06  0.889843  0.492172  0.222461  0 
1.20864e+06  1.07289  0.30572  0.268222  0 
1.53144e+06  0.900439  0.479269  0.22511  0 
1.47384e+06  0.903779  0.448301  0.225945  0 
1.15872e+06  1.28859  0.278882  0.322147  0 
1.17144e+06  1.15052  0.28572  0.287631  0 
1.27752e+06  1.02564  0.342753  0.256411  0 
1.77024e+06  0.85832  0.607656  0.21458  0 
2.06184e+06  0.837253  0.76443  0.209313  0 
1.16448e+06  1.27671  0.281978  0.319176  0 
1.76304e+06  0.865235  0.603785  0.216309  0 
1.72056e+06  0.865308  0.580946  0.216327  0 
1.88904e+06  0.851049  0.671527  0.212762  0 
1.45272e+06  0.930972  0.436946  0.232743  0 
1.93392e+06  0.846809  0.695656  0.211702  0 
1.44576e+06  0.934033  0.433204  0.233508  0 
1.63776e+06  0.887708  0.53643  0.221927  0 
1.70544e+06  0.873391  0.572817  0.218348  0 
1.68504e+06  0.873432  0.561849  0.218358  0 
1.56624e+06  0.901994  0.497978  0.225499  1 
1.34904e+06  0.977595  0.381204  0.244399  0 
1.37616e+06  0.955004  0.395785  0.238751  1 
1.5132e+06  0.918077  0.469462  0.229519  0 
1.65912e+06  0.887318  0.547914  0.221829  0 
1.518e+06  0.907225  0.472043  0.226806  0 
1.62336e+06  0.895974  0.528688  0.223993  1 
1.29672e+06  1.04721  0.353075  0.261803  1 
1.15872e+06  1.30876  0.278882  0.32719  0 
1.51704e+06  0.916364  0.471527  0.229091  1 
1.2348e+06  1.10049  0.319785  0.275122  0 
1.83816e+06  0.858697  0.644172  0.214674  0 
1.812e+06  0.865048  0.630108  0.216262  0 
1.2096e+06  1.19241  0.306237  0.298103  1 
1.21248e+06  1.13969  0.307785  0.284923  0 
1.39368e+06  0.949301  0.405204  0.237325  0 
1.61976e+06  0.89792  0.526753  0.22448  0 
1.44696e+06  0.943067  0.433849  0.235767  1 
1.7124e+06  0.878643  0.576559  0.219661  2 
1.47792e+06  0.921417  0.450495  0.230354  1 
1.21632e+06  1.11721  0.309849  0.279303  1 
1.2672e+06  1.06399  0.337204  0.265997  1 
1.46592e+06  0.939704  0.444043  0.234926  1 
1.67832e+06  0.880812  0.558237  0.220203  1 
1.67016e+06  0.885375  0.553849  0.221344  1 
1.62624e+06  0.890016  0.530237  0.222504  1 
1.4844e+06  0.918709  0.453978  0.229677  1 
1.95456e+06  0.851992  0.706753  0.212998  1 
2.11728e+06  0.844646  0.794237  0.211162  1 
1.97712e+06  0.849464  0.718882  0.212366  1 
1.47552e+06  0.932372  0.449204  0.233093  1 
2.0076e+06  0.847684  0.735269  0.211921  1 
1.74768e+06  0.8659  0.595527  0.216475  1 
1.7016e+06  0.878656  0.570753  0.219664  1 
1.72272e+06  0.871418  0.582108  0.217855  1 
1.29912e+06  1.01946  0.354366  0.254866  1 
1.89264e+06  0.853072  0.673462  0.213268  1 
1.30344e+06  0.988737  0.356688  0.247184  1 
1.66008e+06  0.899955  0.54843  0.224989  0 
1.51344e+06  0.921032  0.469591  0.230258  0 
1.6296e+06  0.901485  0.532043  0.225371  0 
1.33008e+06  1.01673  0.371011  0.254182  0 
1.37256e+06  0.979164  0.393849  0.244791  1 
1.15944e+06  1.59966  0.279269  0.399914  1 
1.57776e+06  0.906822  0.504172  0.226706  1 
1.57704e+06  0.909112  0.503785  0.227278  1 
1.98816e+06  0.858636  0.724817  0.214659  0 
1.28952e+06  1.1391  0.349204  0.284776  0 
1.37616e+06  0.979056  0.395785  0.244764  1 
1.36248e+06  1.0091  0.38843  0.252276  0 
1.54056e+06  0.912568  0.484172  0.228142  1 
1.83816e+06  0.860012  0.644172  0.215003  0 
1.3176e+06  1.04272  0.364301  0.26068  1 
1.76496e+06  0.866299  0.604817  0.216575  0 
1.61568e+06  0.904678  0.524559  0.22617  1 
1.23288e+06  1.23826  0.318753  0.309564  0 
1.37976e+06  0.976452  0.39772  0.244113  1 
1.38288e+06  0.971043  0.399398  0.242761  1 
1.55568e+06  0.910398  0.492301  0.2276  1 
1.48008e+06  0.922216  0.451656  0.230554  2 
1.73424e+06  0.876748  0.588301  0.219187  0 
1.4688e+06  0.941194  0.445591  0.235299  0 
1.45848e+06  0.949194  0.440043  0.237299  1 
1.17192e+06  1.38904  0.285978  0.347261  2 
1.66104e+06  0.888425  0.548946  0.222106  1 
1.164e+06  1.40168  0.28172  0.35042  1 
1.2024e+06  1.34127  0.302366  0.335317  2 
1.39704e+06  0.957102  0.407011  0.239275  1 
1.29312e+06  1.18949  0.35114  0.297374  0 
1.50192e+06  0.953251  0.463398  0.238313  1 

1.06872e+06  1.40558  0.230495  0.351395  0 
2.04648e+06  0.820159  0.756172  0.20504  0 
1.78248e+06  0.837652  0.614237  0.209413  0 
1.52208e+06  0.865206  0.474237  0.216302  0 
1.29672e+06  0.916631  0.353075  0.229158  0 
1.15488e+06  1.05278  0.276817  0.263196  0 
1.09824e+06  1.28147  0.246366  0.320368  0 
1.24632e+06  0.948061  0.325978  0.237015  0 
1.2144e+06  0.979644  0.308817  0.244911  0 
1.1232e+06  1.20194  0.259785  0.300485  0 
1.10064e+06  1.2226  0.247656  0.30565  0 
1.134e+06  1.14037  0.265591  0.285092  0 
1.50072e+06  0.873508  0.462753  0.218377  0 
1.48152e+06  0.877783  0.45243  0.219446  0 
1.19736e+06  1.0065  0.299656  0.251625  0 
1.44768e+06  0.880625  0.434237  0.220156  0 
1.42752e+06  0.885529  0.423398  0.221382  0 
1.40592e+06  0.885883  0.411785  0.221471  0 
1.75704e+06  0.840443  0.600559  0.210111  0 
1.73664e+06  0.843711  0.589591  0.210928  0 
1.72608e+06  0.843914  0.583914  0.210978  0 
1.18776e+06  1.03121  0.294495  0.257804  0 
1.67112e+06  0.845428  0.554366  0.211357  0 
1.3968e+06  0.895788  0.406882  0.223947  0 
1.66104e+06  0.846809  0.548946  0.211702  0 
1.38096e+06  0.899792  0.398366  0.224948  0 
1.28928e+06  0.931307  0.349075  0.232827  0 
2.00808e+06  0.822122  0.735527  0.20553  0 
1.58952e+06  0.851046  0.510495  0.212761  0 
1.37136e+06  0.903591  0.393204  0.225898  0 
1.95816e+06  0.826303  0.708688  0.206576  0 
1.86552e+06  0.826558  0.658882  0.206639  0 
1.33344e+06  0.90556  0.372817  0.22639  0 
1.27704e+06  0.93886  0.342495  0.234715  0 
1.18416e+06  1.04221  0.292559  0.260551  0 
1.236e+06  0.972087  0.32043  0.243022  0 
1.5048e+06  0.86727  0.464946  0.216817  0 
1.5708e+06  0.859815  0.50043  0.214954  0 
1.5564e+06  0.859993  0.492688  0.214998  0 
1.26432e+06  0.94437  0.335656  0.236092  0 
1.6596e+06  0.847528  0.548172  0.211882  0 
1.65768e+06  0.848732  0.54714  0.212183  0 
1.1964e+06  1.02691  0.29914  0.256727  0 
1.58832e+06  0.857823  0.509849  0.214456  0 
2.00592e+06  0.824369  0.734366  0.206092  0 
1.50264e+06  0.871629  0.463785  0.217907  0 
1.44576e+06  0.883838  0.433204  0.220959  0 
1.84248e+06  0.836456  0.646495  0.209114  0 
1.83384e+06  0.836537  0.641849  0.209134  0 
1.71912e+06  0.844714  0.580172  0.211178  0 
1.65504e+06  0.850456  0.54572  0.212614  0 
1.098e+06  1.38121  0.246237  0.345303  0 
1.47744e+06  0.880142  0.450237  0.220035  0 
1.43952e+06  0.885245  0.429849  0.221311  0 
1.47504e+06  0.880373  0.448946  0.220093  0 
1.21536e+06  0.979393  0.309333  0.244848  0 
1.6308e+06  0.851713  0.532688  0.212928  0 
1.1736e+06  1.125  0.286882  0.281251  0 
1.78296e+06  0.8383  0.614495  0.209575  0 
1.3224e+06  0.921129  0.366882  0.230282  0 
1.76544e+06  0.840692  0.605075  0.210173  0 
1.28808e+06  0.94803  0.34843  0.237008  0 
1.44792e+06  0.883692  0.434366  0.220923  0 
1.5996e+06  0.854324  0.515914  0.213581  0 
1.29192e+06  0.933057  0.350495  0.233264  0 
1.2096e+06  1.03403  0.306237  0.258508  0 
1.14912e+06  1.14092  0.27372  0.285229  0 
1.25064e+06  0.961611  0.328301  0.240403  0 
1.65816e+06  0.849118  0.547398  0.212279  0 
1.48728e+06  0.881768  0.455527  0.220442  0 
1.4052e+06  0.89945  0.411398  0.224863  0 
1.5816e+06  0.862515  0.506237  0.215629  0 
1.59888e+06  0.855021  0.515527  0.213755  0 
1.51776e+06  0.870794  0.471914  0.217698  0 
1.10256e+06  1.41633  0.248688  0.354081  0 
1.40592e+06  0.88919  0.411785  0.222297  0 
1.42392e+06  0.886336  0.421462  0.221584  0 
1.6824e+06  0.848808  0.56043  0.212202  0 
1.4784e+06  0.881828  0.450753  0.220457  0 
1.23312e+06  0.986013  0.318882  0.246503  0 
2.02728e+06  0.822848  0.745849  0.205712  0 
1.50888e+06  0.876623  0.46714  0.219156  0 
1.74576e+06  0.847634  0.594495  0.211908  0 
1.22568e+06  1.00238  0.314882  0.250595  0 
1.33464e+06  0.915038  0.373462  0.22876  0 
1.38672e+06  0.904828  0.401462  0.226207  0 
1.4988e+06  0.880429  0.46172  0.220107  0 
1.91424e+06  0.830708  0.685075  0.207677  0 
1.75056e+06  0.84481  0.597075  0.211203  0 
1.12824e+06  1.23894  0.262495  0.309736  0 
1.2444e+06  0.975671  0.324946  0.243918  0 
1.3524e+06  0.911014  0.383011  0.227754  0 
1.22016e+06  1.00346  0.311914  0.250866  0 
1.8912e+06  0.833218  0.672688  0.208305  0 
1.18992e+06  1.0341  0.295656  0.258525  0 
1.10544e+06  1.37978  0.250237  0.344945  0 
1.6608e+06  0.84899  0.548817  0.212247  0 
1.51248e+06  0.874231  0.469075  0.218558  0 
1.31856e+06  0.930363  0.364817  0.232591  0 
1.11576e+06  1.25084  0.255785  0.31271  0 

1.03392e+06  1.73353  0.211785  0.433381  0 
1.98792e+06  0.81113  0.724688  0.202783  0 
1.57176e+06  0.840135  0.500946  0.210034  0 
1.20768e+06  0.951079  0.305204  0.23777  0 
1.04112e+06  1.36751  0.215656  0.341878  0 
1.0992e+06  1.12874  0.246882  0.282186  0 
1.15128e+06  1.00991  0.274882  0.252478  0 
1.51896e+06  0.84957  0.472559  0.212393  0 
1.05144e+06  1.27485  0.221204  0.318711  0 
1.47528e+06  0.863065  0.449075  0.215766  0 
1.4304e+06  0.873752  0.424946  0.218438  0 
1.38408e+06  0.883032  0.400043  0.220758  0 
1.3512e+06  0.886384  0.382366  0.221596  0 
1.32384e+06  0.894935  0.367656  0.223734  0 
1.29264e+06  0.899632  0.350882  0.224908  0 
1.07424e+06  1.22732  0.233462  0.30683  0 
1.18392e+06  0.971633  0.29243  0.242908  0 
1.08216e+06  1.15326  0.23772  0.288316  0 
1.27632e+06  0.907005  0.342108  0.226751  0 
1.13712e+06  1.10076  0.267269  0.27519  0 
1.25208e+06  0.924252  0.329075  0.231063  0 
1.97352e+06  0.813853  0.716946  0.203463  0 
1.90464e+06  0.817289  0.679914  0.204322  0 
1.17336e+06  0.986477  0.286753  0.246619  0 
1.14072e+06  1.01765  0.269204  0.254412  0 
1.79688e+06  0.81834  0.621978  0.204585  0 
1.23648e+06  0.929893  0.320688  0.232473  0 
1.76928e+06  0.820559  0.60714  0.20514  0 
1.19904e+06  0.953322  0.300559  0.23833  0 
1.75728e+06  0.824959  0.600688  0.20624  0 
1.74888e+06  0.825472  0.596172  0.206368  0 
1.73616e+06  0.825474  0.589333  0.206369  0 
1.72992e+06  0.825737  0.585978  0.206434  0 
1.51248e+06  0.850248  0.469075  0.212562  0 
1.06848e+06  1.25745  0.230366  0.314363  0 
1.49712e+06  0.85086  0.460817  0.212715  0 
1.7112e+06  0.828201  0.575914  0.20705  0 
1.16856e+06  0.996354  0.284172  0.249088  0 
1.46808e+06  0.864034  0.445204  0.216009  0 
1.09008e+06  1.14377  0.241978  0.285942  0 
1.67688e+06  0.830853  0.557462  0.207713  0 
1.5516e+06  0.840474  0.490108  0.210119  0 
1.07808e+06  1.20693  0.235527  0.301731  0 
1.44576e+06  0.865214  0.433204  0.216303  0 
1.06248e+06  1.26631  0.22714  0.316577  0 
1.4268e+06  0.875229  0.423011  0.218807  0 
1.27224e+06  0.917086  0.339914  0.229272  0 
1.62648e+06  0.833055  0.530366  0.208264  0 
1.28592e+06  0.900101  0.347269  0.225025  0 
1.19592e+06  0.953398  0.298882  0.23835  0 
1.494e+06  0.853638  0.45914  0.213409  0 
1.34352e+06  0.888358  0.378237  0.22209  0 
1.49088e+06  0.856661  0.457462  0.214165  0 
1.12944e+06  1.12255  0.26314  0.280637  0 
1.23384e+06  0.940648  0.319269  0.235162  0 
1.41144e+06  0.878314  0.414753  0.219578  0 
1.22568e+06  0.946363  0.314882  0.236591  0 
1.34064e+06  0.890782  0.376688  0.222696  0 
1.48896e+06  0.859094  0.45643  0.214773  0 
1.22064e+06  0.947132  0.312172  0.236783  0 
1.61568e+06  0.836417  0.524559  0.209104  0 
1.33656e+06  0.891249  0.374495  0.222812  0 
1.28424e+06  0.902368  0.346366  0.225592  0 
1.03944e+06  1.72881  0.214753  0.432204  0 
1.04976e+06  1.32335  0.220301  0.330838  0 
1.31832e+06  0.896065  0.364688  0.224016  0 
1.33416e+06  0.891455  0.373204  0.222864  0 
1.61208e+06  0.836679  0.522624  0.20917  0 
1.16136e+06  1.00658  0.280301  0.251645  0 
1.58952e+06  0.836882  0.510495  0.209221  0 
1.48152e+06  0.859952  0.45243  0.214988  0 
1.36536e+06  0.883297  0.389978  0.220824  0 
1.42464e+06  0.875349  0.421849  0.218837  0 
1.39944e+06  0.880572  0.408301  0.220143  0 
1.26888e+06  0.921945  0.338108  0.230486  0 
1.54008e+06  0.847265  0.483914  0.211816  0 
1.96656e+06  0.815123  0.713204  0.203781  0 
1.06752e+06  1.2627  0.229849  0.315675  0 
1.30272e+06  0.897841  0.356301  0.22446  0 
1.15992e+06  1.00819  0.279527  0.252047  0 
1.34232e+06  0.889209  0.377591  0.222302  0 
1.21776e+06  0.949692  0.310624  0.237423  0 
1.53912e+06  0.848239  0.483398  0.21206  0 
1.21416e+06  0.949835  0.308688  0.237459  0 
1.03704e+06  1.73241  0.213462  0.433103  0 
1.48104e+06  0.861673  0.452172  0.215418  0 
1.98312e+06  0.812852  0.722108  0.203213  0 
1.47384e+06  0.863082  0.448301  0.21577  0 
1.58856e+06  0.839272  0.509978  0.209818  0 
1.76592e+06  0.824132  0.605333  0.206033  0 
1.23288e+06  0.945559  0.318753  0.23639  0 
1.28136e+06  0.90635  0.344817  0.226587  0 
1.57944e+06  0.839515  0.505075  0.209879  0 
1.52664e+06  0.848965  0.476688  0.212241  0 
1.24416e+06  0.929361  0.324817  0.23234  0 
1.5132e+06  0.849746  0.469462  0.212436  0 
1.50816e+06  0.850409  0.466753  0.212602  0 
1.20648e+06  0.953055  0.304559  0.238264  0 
1.27392e+06  0.916964  0.340817  0.229241  0 
1.33656e+06  0.891249  0.374495  0.222812  0 

990480  1.60219  0.18843  0.400547  0 
1.84752e+06  0.801131  0.649204  0.200283  0 
1.47984e+06  0.845638  0.451527  0.211409  0 
1.17912e+06  0.950838  0.289849  0.237709  0 
1.026e+06  1.16922  0.207527  0.292305  0 
1.10424e+06  1.04597  0.249591  0.261491  0 
1.42944e+06  0.861034  0.42443  0.215259  0 
1.39104e+06  0.871139  0.403785  0.217785  0 
1.06752e+06  1.08724  0.229849  0.271811  0 
1.34664e+06  0.873172  0.379914  0.218293  0 
1.31184e+06  0.881386  0.361204  0.220347  0 
1.28208e+06  0.890366  0.345204  0.222591  0 
998880  1.48588  0.192946  0.371469  0 
1.25256e+06  0.89651  0.329333  0.224127  0 
1.15488e+06  0.985093  0.276817  0.246273  0 
1.2312e+06  0.906141  0.317849  0.226535  0 
1.00776e+06  1.27902  0.19772  0.319756  0 
1.76616e+06  0.806735  0.605462  0.201684  0 
1.73952e+06  0.808159  0.59114  0.20204  0 
1.69368e+06  0.808899  0.566495  0.202225  0 
1.21584e+06  0.908253  0.309591  0.227063  0 
1.67904e+06  0.814698  0.558624  0.203675  0 
1.1316e+06  1.01674  0.264301  0.254186  0 
1.64856e+06  0.821031  0.542237  0.205258  0 
1.16544e+06  0.9618  0.282495  0.24045  0 
1.63632e+06  0.82272  0.535656  0.20568  0 
1.206e+06  0.922985  0.304301  0.230746  0 
1.62456e+06  0.825107  0.529333  0.206277  0 
1.60776e+06  0.825295  0.520301  0.206324  0 
1.09248e+06  1.06775  0.243269  0.266938  0 
1.08384e+06  1.06788  0.238624  0.266969  0 
1.05696e+06  1.15268  0.224172  0.288169  0 
1.57488e+06  0.829413  0.502624  0.207353  0 
1.1568e+06  0.969533  0.277849  0.242383  0 
1.55952e+06  0.834069  0.494366  0.208517  0 
1.07904e+06  1.07263  0.236043  0.268157  0 
1.55208e+06  0.835397  0.490366  0.208849  0 
1.14432e+06  1.00672  0.27114  0.25168  0 
1.47e+06  0.851215  0.446237  0.212804  0 
1.00344e+06  1.45719  0.195398  0.364298  0 
1.41936e+06  0.862164  0.419011  0.215541  0 
1.45848e+06  0.852251  0.440043  0.213063  0 
1.044e+06  1.16085  0.217204  0.290213  0 
1.19544e+06  0.942498  0.298624  0.235625  0 
1.12776e+06  1.02064  0.262237  0.25516  0 
1.15128e+06  0.998296  0.274882  0.249574  0 
1.41576e+06  0.863069  0.417075  0.215767  0 
1.44936e+06  0.853686  0.43514  0.213421  0 
1.53504e+06  0.839018  0.481204  0.209754  0 
1.52952e+06  0.839242  0.478237  0.209811  0 
1.4388e+06  0.854753  0.429462  0.213688  0 
1.52352e+06  0.839439  0.475011  0.20986  0 
1.3044e+06  0.884602  0.357204  0.22115  0 
1.24584e+06  0.900544  0.32572  0.225136  0 
1.39896e+06  0.865696  0.408043  0.216424  0 
1.27872e+06  0.891394  0.343398  0.222848  0 
1.27224e+06  0.891812  0.339914  0.222953  0 
1.29768e+06  0.886026  0.353591  0.221507  0 
1.0548e+06  1.15666  0.223011  0.289166  0 
1.2672e+06  0.892506  0.337204  0.223126  0 
1.29384e+06  0.886418  0.351527  0.221605  0 
1.19376e+06  0.943106  0.29772  0.235777  0 
1.21248e+06  0.919518  0.307785  0.22988  0 
1.2924e+06  0.887224  0.350753  0.221806  0 
1.2048e+06  0.935014  0.303656  0.233754  0 
1.23888e+06  0.903574  0.321978  0.225894  0 
1.34496e+06  0.878965  0.379011  0.219741  0 
1.284e+06  0.887968  0.346237  0.221992  0 
1.63296e+06  0.822927  0.533849  0.205732  0 
1.15584e+06  0.975909  0.277333  0.243977  0 
1.25856e+06  0.894524  0.332559  0.223631  0 
1.39008e+06  0.871285  0.403269  0.217821  0 
1.19256e+06  0.948974  0.297075  0.237243  0 
1.22784e+06  0.9064  0.316043  0.2266  0 
1.33512e+06  0.879542  0.37372  0.219885  0 
1.07616e+06  1.08548  0.234495  0.27137  0 
1.38144e+06  0.871515  0.398624  0.217879  0 
1.03272e+06  1.16759  0.21114  0.291898  0 
1.22688e+06  0.90664  0.315527  0.22666  0 
1.3296e+06  0.879815  0.370753  0.219954  0 
1.31688e+06  0.879864  0.363914  0.219966  0 
1.16952e+06  0.960314  0.284688  0.240078  0 
1.47624e+06  0.85005  0.449591  0.212512  0 
1.23792e+06  0.905035  0.321462  0.226259  0 
1.06704e+06  1.15039  0.229591  0.287598  0 
1.16496e+06  0.968466  0.282237  0.242116  0 
1.04352e+06  1.16439  0.216946  0.291097  0 
1.4664e+06  0.851221  0.444301  0.212805  0 
1.45608e+06  0.852758  0.438753  0.21319  0 
1.08e+06  1.07179  0.236559  0.267947  0 
1.6284e+06  0.824271  0.531398  0.206068  0 
1.09752e+06  1.06698  0.245978  0.266744  0 
1.14336e+06  1.01601  0.270624  0.254002  0 
1.69344e+06  0.814145  0.566366  0.203536  0 
1.42704e+06  0.861665  0.42314  0.215416  0 
1.84752e+06  0.801131  0.649204  0.200283  0 
1.22784e+06  0.9064  0.316043  0.2266  0 
1.206e+06  0.922985  0.304301  0.230746  0 
1.21248e+06  0.919518  0.307785  0.22988  0 
1.08864e+06  1.18017  0.241204  0.295042  0 

975120  1.53273  0.180172  0.383182  0 
1.9092e+06  0.796462  0.682366  0.199115  0 
1.5684e+06  0.822609  0.49914  0.205652  0 
1.25352e+06  0.89133  0.329849  0.222833  0 
1.06272e+06  1.12225  0.227269  0.280563  0 
979440  1.23  0.182495  0.3075  0 
1.1688e+06  0.943395  0.284301  0.235849  0 
1.10976e+06  1.01471  0.252559  0.253676  0 
1.02216e+06  1.14621  0.205462  0.286552  0 
1.53648e+06  0.830442  0.481978  0.20761  0 
1.07712e+06  1.06472  0.235011  0.26618  0 
1.50216e+06  0.838451  0.463527  0.209613  0 
1.47624e+06  0.842488  0.449591  0.210622  0 
1.14648e+06  0.961354  0.272301  0.240339  0 
1.4484e+06  0.847865  0.434624  0.211966  0 
1.22736e+06  0.901925  0.315785  0.225481  0 
1.4292e+06  0.85212  0.424301  0.21303  0 
1.40616e+06  0.855309  0.411914  0.213827  0 
1.2048e+06  0.908407  0.303656  0.227102  0 
1.00608e+06  1.18194  0.196817  0.295486  0 
1.12968e+06  0.983101  0.263269  0.245775  0 
1.39224e+06  0.862277  0.40443  0.215569  0 
1.37304e+06  0.866828  0.394108  0.216707  0 
1.86192e+06  0.79854  0.656946  0.199635  0 
1.06656e+06  1.08702  0.229333  0.271756  0 
1.18224e+06  0.921081  0.291527  0.23027  0 
1.7328e+06  0.800708  0.587527  0.200177  0 
1.0488e+06  1.12432  0.219785  0.281079  0 
1.33632e+06  0.87125  0.374366  0.217812  0 
1.09752e+06  1.04647  0.245978  0.261618  0 
1.00824e+06  1.16413  0.197978  0.291034  0 
1.04016e+06  1.12878  0.21514  0.282196  0 
1.68792e+06  0.805877  0.563398  0.201469  0 
1.32072e+06  0.875065  0.365978  0.218766  0 
1.67928e+06  0.807199  0.558753  0.2018  0 
1.134e+06  0.968742  0.265591  0.242185  0 
1.11912e+06  1.00038  0.257591  0.250095  0 
1.66584e+06  0.80879  0.551527  0.202198  0 
1.16016e+06  0.947801  0.279656  0.23695  0 
1.0344e+06  1.13287  0.212043  0.283218  0 
1.09176e+06  1.04882  0.242882  0.262205  0 
1.66008e+06  0.809302  0.54843  0.202325  0 
1.31472e+06  0.879231  0.362753  0.219808  0 
1.65528e+06  0.811737  0.545849  0.202934  0 
1.19472e+06  0.910922  0.298237  0.22773  0 
1.29864e+06  0.881474  0.354108  0.220368  0 
1.01544e+06  1.15513  0.201849  0.288784  0 
1.15056e+06  0.952414  0.274495  0.238103  0 
1.24824e+06  0.89307  0.327011  0.223267  0 
1.62648e+06  0.814692  0.530366  0.203673  0 
1.56264e+06  0.822689  0.496043  0.205672  0 
1.29288e+06  0.883696  0.351011  0.220924  0 
1.12392e+06  0.993437  0.260172  0.248359  0 
1.62288e+06  0.816441  0.52843  0.20411  0 
1.40232e+06  0.856244  0.409849  0.214061  0 
1.10328e+06  1.04054  0.249075  0.260136  0 
1.28136e+06  0.885403  0.344817  0.221351  0 
1.03152e+06  1.14036  0.210495  0.285091  0 
1.39584e+06  0.856828  0.406366  0.214207  0 
1.55976e+06  0.825042  0.494495  0.206261  0 
1.12728e+06  0.984239  0.261978  0.24606  0 
1.55472e+06  0.825337  0.491785  0.206334  0 
1.4676e+06  0.843523  0.444946  0.210881  0 
1.17168e+06  0.939095  0.285849  0.234774  0 
1.27944e+06  0.886952  0.343785  0.221738  0 
1.5312e+06  0.835055  0.47914  0.208764  0 
1.52952e+06  0.835123  0.478237  0.208781  0 
1.0068e+06  1.16913  0.197204  0.292283  0 
1.43496e+06  0.849059  0.427398  0.212265  0 
1.52712e+06  0.835417  0.476946  0.208854  0 
1.55016e+06  0.827441  0.489333  0.20686  0 
1.27152e+06  0.888615  0.339527  0.222154  0 
1.42248e+06  0.852896  0.420688  0.213224  0 
1.5156e+06  0.836239  0.470753  0.20906  0 
1.22184e+06  0.906225  0.312817  0.226556  0 
1.60392e+06  0.820485  0.518237  0.205121  0 
1.1592e+06  0.948037  0.27914  0.237009  0 
1.31976e+06  0.875224  0.365462  0.218806  0 
1.05864e+06  1.12253  0.225075  0.280631  0 
1.72632e+06  0.804152  0.584043  0.201038  0 
998880  1.22838  0.192946  0.307096  0 
1.3884e+06  0.865229  0.402366  0.216307  0 
1.03944e+06  1.13098  0.214753  0.282745  0 
1.24752e+06  0.897207  0.326624  0.224302  0 
1.07616e+06  1.08548  0.234495  0.27137  0 
1.51272e+06  0.837078  0.469204  0.20927  0 
1.08384e+06  1.06342  0.238624  0.265856  0 
1.4628e+06  0.846641  0.442366  0.21166  0 
1.85616e+06  0.799627  0.653849  0.199907  0 
1.1292e+06  0.98311  0.263011  0.245778  0 
1.07544e+06  1.086  0.234108  0.2715  0 
1.38456e+06  0.865935  0.400301  0.216484  0 
996720  1.22913  0.191785  0.307282  0 
1.24248e+06  0.901076  0.323914  0.225269  0 
1.02888e+06  1.14544  0.209075  0.286361  0 
1.6872e+06  0.806579  0.563011  0.201645  0 
1.65336e+06  0.814376  0.544817  0.203594  0 
1.58304e+06  0.822383  0.507011  0.205596  0 
1.25256e+06  0.892883  0.329333  0.223221  0 
1.1292e+06  0.98311  0.263011  0.245778  0 

