4.29003e+07  4.09743e+07  22.7206  1.02436e+07  0 
4.91051e+07  4.70989e+07  26.0565  1.17747e+07  0 
4.8669e+07  4.66775e+07  25.822  1.16694e+07  0 
3.14471e+07  2.94165e+07  16.563  7.35412e+06  0 
6.37134e+07  6.15546e+07  33.9104  1.53886e+07  0 
3.38056e+13  3.38056e+13  1.81751e+07  8.4514e+12  0 
3.70512e+07  3.50638e+07  19.5759  8.76594e+06  0 
6.79011e+07  6.59017e+07  36.1619  1.64754e+07  0 
4.41427e+07  4.21557e+07  23.3885  1.05389e+07  0 
2.79683e+07  2.62441e+07  14.6926  6.56102e+06  0 
5.12333e+13  5.12333e+13  2.75448e+07  1.28083e+13  0 
8.66763e+07  8.45993e+07  46.2561  2.11498e+07  0 
2.35627e+07  2.16199e+07  12.3241  5.40498e+06  0 
5.04138e+07  4.84043e+07  26.7601  1.21011e+07  0 
1.25066e+08  1.22967e+08  66.8957  3.07418e+07  0 
6.01181e+07  5.79581e+07  31.9775  1.44895e+07  0 
4.2543e+07  4.055e+07  22.5285  1.01375e+07  0 
5.28072e+07  5.06472e+07  28.0469  1.26618e+07  0 
6.94838e+07  6.74253e+07  37.0128  1.68563e+07  0 
5.1596e+13  5.1596e+13  2.77398e+07  1.2899e+13  0 
5.15407e+07  4.96538e+07  27.366  1.24135e+07  0 
7.87185e+07  7.68828e+07  41.9777  1.92207e+07  0 
3.68637e+07  3.47483e+07  19.4751  8.68707e+06  0 
3.11312e+13  3.11312e+13  1.67372e+07  7.78281e+12  0 
6.17691e+07  5.98268e+07  32.8651  1.49567e+07  0 
1.683e+14  1.683e+14  9.04841e+07  4.20751e+13  0 
5.96615e+07  5.75925e+07  31.732  1.43981e+07  0 
1.57722e+07  1.3743e+07  8.13558  3.43574e+06  0 
4.65348e+07  4.46537e+07  24.6746  1.11634e+07  0 
4.8487e+07  4.65583e+07  25.7242  1.16396e+07  0 
4.94574e+07  4.74765e+07  26.2459  1.18691e+07  0 
5.32018e+07  5.12204e+07  28.2591  1.28051e+07  0 
9.36111e+12  9.36111e+12  5.03286e+06  2.34028e+12  0 
4.99528e+14  4.99528e+14  2.68564e+08  1.24882e+14  0 
2.32349e+07  2.11815e+07  12.1478  5.29538e+06  0 
3.98444e+13  3.98444e+13  2.14217e+07  9.96109e+12  0 
4.16908e+07  3.97864e+07  22.0703  9.94661e+06  0 
4.92836e+07  4.72666e+07  26.1525  1.18167e+07  0 
5.65935e+07  5.46824e+07  30.0825  1.36706e+07  0 
5.12265e+07  4.93744e+07  27.1971  1.23436e+07  0 
4.51287e+07  4.33267e+07  23.9186  1.08317e+07  0 
1.07553e+08  1.05634e+08  57.4802  2.64084e+07  0 
2.32697e+07  2.12748e+07  12.1665  5.3187e+06  0 
4.55426e+07  4.35393e+07  24.1412  1.08848e+07  0 
4.43318e+07  4.2411e+07  23.4902  1.06028e+07  0 
4.25174e+07  4.03617e+07  22.5147  1.00904e+07  0 
5.32624e+07  5.13023e+07  28.2916  1.28256e+07  0 
8.74512e+12  8.74512e+12  4.70168e+06  2.18628e+12  0 
2.11594e+07  1.92034e+07  11.0319  4.80085e+06  0 
7.61379e+07  7.39981e+07  40.5903  1.84995e+07  0 
5.3283e+07  5.15162e+07  28.3027  1.2879e+07  0 
5.53047e+13  5.53047e+13  2.97337e+07  1.38262e+13  0 
4.793e+07  4.58485e+07  25.4247  1.14621e+07  0 
6.14333e+07  5.93738e+07  32.6846  1.48435e+07  0 
5.01917e+07  4.81368e+07  26.6407  1.20342e+07  0 
5.84459e+07  5.67215e+07  31.0784  1.41804e+07  0 
2.91222e+07  2.7087e+07  15.313  6.77174e+06  0 
9.1447e+12  9.1447e+12  4.91651e+06  2.28618e+12  0 
6.5709e+07  6.38965e+07  34.9833  1.59741e+07  0 
1.09782e+13  1.09782e+13  5.90224e+06  2.74454e+12  0 
4.85118e+07  4.66823e+07  25.7375  1.16706e+07  0 
8.5639e+07  8.35206e+07  45.6984  2.08801e+07  0 
4.51969e+07  4.33892e+07  23.9553  1.08473e+07  0 
4.30186e+07  4.11594e+07  22.7842  1.02898e+07  0 
6.9449e+07  6.75679e+07  36.9941  1.6892e+07  0 
4.62317e+07  4.43894e+07  24.5117  1.10974e+07  0 
5.77733e+07  5.5716e+07  30.7168  1.3929e+07  0 
4.25194e+13  4.25194e+13  2.28599e+07  1.06298e+13  0 
6.08286e+07  5.87624e+07  32.3594  1.46906e+07  0 
4.26442e+07  4.07124e+07  22.5829  1.01781e+07  0 
4.56902e+07  4.35762e+07  24.2205  1.08941e+07  0 
1.33662e+14  1.33662e+14  7.18612e+07  3.34154e+13  0 
1.81262e+14  1.81262e+14  9.74528e+07  4.53155e+13  0 
8.30685e+07  8.122e+07  44.3164  2.0305e+07  0 
4.7784e+07  4.59864e+07  25.3462  1.14966e+07  0 
2.93597e+07  2.73339e+07  15.4407  6.83347e+06  0 
5.87288e+07  5.68136e+07  31.2305  1.42034e+07  0 
1.14949e+14  1.14949e+14  6.18003e+07  2.87372e+13  0 
4.38751e+07  4.18863e+07  23.2447  1.04716e+07  0 
3.4581e+07  3.2623e+07  18.2478  8.15576e+06  0 
4.84206e+07  4.63254e+07  25.6885  1.15813e+07  0 
1.28852e+14  1.28852e+14  6.92754e+07  3.22131e+13  0 
4.33311e+07  4.14018e+07  22.9522  1.03504e+07  0 
4.59749e+07  4.39656e+07  24.3736  1.09914e+07  0 
4.59626e+07  4.39154e+07  24.367  1.09789e+07  0 
5.3578e+07  5.1628e+07  28.4613  1.2907e+07  0 
4.98487e+07  4.78695e+07  26.4563  1.19674e+07  0 
5.17467e+07  4.98183e+07  27.4767  1.24546e+07  0 
4.93449e+07  4.7416e+07  26.1854  1.1854e+07  0 
5.86012e+07  5.67054e+07  31.1619  1.41763e+07  0 
1.04271e+08  1.02239e+08  55.7156  2.55597e+07  0 
1.22552e+14  1.22552e+14  6.58879e+07  3.06379e+13  0 
5.97858e+07  5.78598e+07  31.7988  1.44649e+07  0 
5.86913e+07  5.66887e+07  31.2104  1.41722e+07  0 
1.37728e+14  1.37728e+14  7.40471e+07  3.44319e+13  0 
4.76842e+07  4.59074e+07  25.2926  1.14769e+07  0 
4.39075e+07  4.19707e+07  23.2621  1.04927e+07  0 
2.79051e+14  2.79051e+14  1.50027e+08  6.97626e+13  0 
7.88247e+13  7.88247e+13  4.23789e+07  1.97062e+13  0 
3.44566e+13  3.44566e+13  1.85251e+07  8.61416e+12  0 

1.19784e+06  1.59646  0.299914  0.399114  0 
2.36712e+06  0.920809  0.928559  0.230202  0 
2.064e+06  1.11037  0.765591  0.277592  0 
2.07646e+06  92384.6  0.772292  23096.2  1 
3.24853e+06  1.11829e+06  1.40244  279573  2 
6.84238e+06  4.83982e+06  3.33461  1.20995e+06  4 
7.42861e+06  5.21269e+06  3.64979  1.30317e+06  5 
1.67466e+07  1.44311e+07  8.65945  3.60776e+06  21 
1.7503e+07  1.55386e+07  9.06612  3.88465e+06  24 
1.96964e+07  1.73238e+07  10.2454  4.33094e+06  32 
2.40364e+07  2.20219e+07  12.5787  5.50546e+06  49 
2.42849e+07  2.20997e+07  12.7123  5.52493e+06  58 
2.42192e+07  2.21871e+07  12.677  5.54679e+06  54 
4.06603e+07  3.86001e+07  21.5163  9.65003e+06  64 
4.1797e+07  3.96473e+07  22.1274  9.91183e+06  62 
4.18647e+07  3.9858e+07  22.1638  9.96451e+06  65 
4.64319e+07  4.44872e+07  24.6193  1.11218e+07  74 
7.31849e+07  7.10503e+07  39.0026  1.77626e+07  83 
4.07574e+07  3.88214e+07  21.5685  9.70534e+06  59 
8.27364e+06  5.99148e+06  4.10411  1.49787e+06  8 
2.12384e+07  1.91014e+07  11.0744  4.77536e+06  38 
2.07664e+07  1.88476e+07  10.8206  4.71189e+06  37 
4.63396e+07  4.4195e+07  24.5697  1.10487e+07  73 
1.92459e+07  1.71394e+07  10.0032  4.28485e+06  30 
3.57106e+06  1.23634e+06  1.57584  309085  3 
2.01288e+07  1.8068e+07  10.4779  4.51699e+06  36 
2.27918e+07  2.06395e+07  11.9096  5.15987e+06  44 
1.67758e+07  1.45498e+07  8.67515  3.63745e+06  22 
4.63257e+07  4.43236e+07  24.5622  1.10809e+07  73 
9.35782e+07  9.15396e+07  49.9668  2.28849e+07  84 
4.2603e+07  4.0371e+07  22.5608  1.00928e+07  67 
4.19458e+07  3.98395e+07  22.2074  9.95989e+06  53 
4.14979e+07  3.94048e+07  21.9666  9.85121e+06  63 
4.87166e+07  4.67375e+07  25.8476  1.16844e+07  16 
1.44004e+07  1.22891e+07  7.39808  3.07229e+06  18 
4.5985e+07  4.38876e+07  24.379  1.09719e+07  70 
1.06312e+07  8.48774e+06  5.3716  2.12194e+06  10 
7.61587e+06  5.54059e+06  3.75047  1.38515e+06  6 
4.5199e+07  4.3116e+07  23.9564  1.0779e+07  35 
2.04748e+07  1.82858e+07  10.6639  4.57145e+06  25 
3.01604e+07  2.79887e+07  15.8712  6.99716e+06  23 
1.75241e+07  1.54164e+07  9.07745  3.85409e+06  24 
2.29727e+07  2.08175e+07  12.0068  5.20438e+06  45 
4.26179e+07  4.04104e+07  22.5688  1.01026e+07  34 
2.21609e+07  2.02788e+07  11.5704  5.0697e+06  43 
4.60516e+07  4.40358e+07  24.4148  1.1009e+07  71 
4.96692e+07  4.773e+07  26.3598  1.19325e+07  78 
1.99583e+07  1.76365e+07  10.3862  4.40913e+06  50 
1.87046e+07  1.66098e+07  9.71213  4.15246e+06  28 
1.56402e+07  1.35032e+07  8.06462  3.37581e+06  20 
8.88878e+06  6.74774e+06  4.43483  1.68693e+06  9 
4.65188e+07  4.45124e+07  24.666  1.11281e+07  7 
4.66008e+07  4.4448e+07  24.7101  1.1112e+07  74 
7.19929e+07  6.99359e+07  38.3618  1.7484e+07  82 
2.02408e+07  1.80978e+07  10.5381  4.52446e+06  35 
4.86507e+07  4.63503e+07  25.8122  1.15876e+07  46 
7.31125e+06  5.22109e+06  3.58669  1.30527e+06  5 
7.85357e+06  5.62373e+06  3.87826  1.40593e+06  7 
4.64404e+07  4.44587e+07  24.6239  1.11147e+07  42 
2.17956e+07  1.97643e+07  11.374  4.94107e+06  40 
2.22417e+07  2.01503e+07  11.6138  5.03757e+06  41 
4.22953e+07  4.0286e+07  22.3953  1.00715e+07  66 
4.17884e+07  3.98357e+07  22.1228  9.95893e+06  64 
4.80126e+07  4.56011e+07  25.4691  1.14003e+07  76 
2.89164e+07  2.68376e+07  15.2024  6.70939e+06  55 
1.27095e+07  1.04516e+07  6.489  2.61291e+06  13 
3.82761e+07  3.62697e+07  20.2345  9.06743e+06  57 
4.83266e+07  4.62825e+07  25.6379  1.15706e+07  77 
2.84183e+07  2.63432e+07  14.9345  6.5858e+06  52 
2.37378e+07  2.17364e+07  12.4181  5.4341e+06  48 
2.86648e+07  2.65614e+07  15.0671  6.64036e+06  56 
3.56015e+07  3.37024e+07  18.7965  8.4256e+06  56 
1.4589e+07  1.26299e+07  7.49948  3.15748e+06  19 
6.99269e+07  6.77611e+07  37.251  1.69403e+07  81 
1.14343e+07  9.17091e+06  5.80341  2.29273e+06  11 
1.99408e+07  1.77416e+07  10.3768  4.43541e+06  33 
1.96602e+07  1.7413e+07  10.2259  4.35326e+06  32 
2.78056e+07  2.57476e+07  14.6052  6.43691e+06  60 
1.30672e+07  1.09291e+07  6.6813  2.73227e+06  15 
5.1065e+07  4.88374e+07  27.1102  1.22093e+07  79 
2.07366e+07  1.87213e+07  10.8046  4.68032e+06  39 
4.54656e+07  4.3411e+07  24.0998  1.08528e+07  69 
1.1219e+07  9.26826e+06  5.68762  2.31706e+06  11 
1.826e+07  1.61772e+07  9.4731  4.04431e+06  27 
4.38926e+07  4.19541e+07  23.2541  1.04885e+07  68 
1.22222e+07  9.92758e+06  6.227  2.48189e+06  12 
1.71793e+07  1.50589e+07  8.89212  3.76474e+06  23 
1.40622e+07  1.18501e+07  7.21625  2.96253e+06  17 
1.9301e+07  1.70524e+07  10.0328  4.26311e+06  61 
4.51831e+07  4.2906e+07  23.9479  1.07265e+07  34 
5.13104e+07  4.93057e+07  27.2422  1.23264e+07  80 
4.3111e+07  4.09798e+07  22.8339  1.02449e+07  75 
4.61748e+07  4.41943e+07  24.4811  1.10486e+07  72 
1.3261e+07  1.10662e+07  6.7855  2.76656e+06  16 
1.28578e+07  1.06359e+07  6.5687  2.65897e+06  14 
1.76414e+07  1.56055e+07  9.14055  3.90138e+06  25 
1.78257e+07  1.57423e+07  9.23965  3.93558e+06  26 
1.6509e+07  1.44342e+07  8.5317  3.60854e+06  21 
2.30902e+07  2.10078e+07  12.07  5.25194e+06  51 
2.09765e+07  1.88275e+07  10.9336  4.70687e+06  37 

1.17384e+06  1.67945  0.287011  0.419862  0 
2.07864e+06  0.901062  0.773462  0.225266  0 
1.81152e+06  1.12562  0.629849  0.281405  0 
1.62096e+06  1.35033  0.527398  0.337582  0 
1.67016e+06  1.34279  0.553849  0.335697  0 
1.85736e+06  1.30976  0.654495  0.327439  1 
1.7688e+06  1.8379  0.606882  0.459474  1 
1.71264e+06  1.86047  0.576688  0.465117  1 
1.85232e+06  1.38152  0.651785  0.345379  1 
2.08656e+06  1.32848  0.77772  0.332119  2 
2.06328e+06  1.47931  0.765204  0.369827  2 
1.76256e+06  2.12132  0.603527  0.530329  2 
2.10024e+06  1.73573  0.785075  0.433934  3 
2.1888e+06  1.3904  0.832688  0.3476  3 
2.2716e+06  1.96779  0.877204  0.491948  4 
2.92075e+06  532752  1.22621  133188  5 
2.64818e+06  571936  1.07966  142984  5 
4.45772e+06  2.31932e+06  2.05254  579831  6 
5.11294e+06  2.91934e+06  2.4048  729835  8 
4.88826e+06  2.98458e+06  2.28401  746145  8 
5.44255e+06  3.15151e+06  2.58201  787877  9 
5.70744e+06  3.67584e+06  2.72443  918961  10 
5.9056e+06  3.75401e+06  2.83097  938501  11 
6.05418e+06  3.79723e+06  2.91085  949307  12 
5.93985e+06  3.96706e+06  2.84938  991764  12 
5.95486e+06  3.82942e+06  2.85745  957355  12 
6.86139e+06  4.78419e+06  3.34483  1.19605e+06  14 
6.8626e+06  4.6102e+06  3.34548  1.15255e+06  14 
6.96501e+06  4.65933e+06  3.40054  1.16483e+06  15 
7.14533e+06  5.11277e+06  3.49749  1.27819e+06  17 
7.27894e+06  5.07406e+06  3.56932  1.26852e+06  17 
7.38975e+06  5.27031e+06  3.6289  1.31758e+06  18 
7.52097e+06  5.36626e+06  3.69945  1.34156e+06  19 
7.62881e+06  5.54273e+06  3.75743  1.38568e+06  20 
7.74744e+06  5.5488e+06  3.82121  1.3872e+06  21 
7.92309e+06  5.59029e+06  3.91564  1.39757e+06  22 
8.07856e+06  5.81968e+06  3.99922  1.45492e+06  23 
9.12127e+06  6.93703e+06  4.55982  1.73426e+06  26 
9.47077e+06  7.25365e+06  4.74773  1.81341e+06  28 
1.03175e+07  8.24512e+06  5.20297  2.06128e+06  30 
1.04134e+07  8.23256e+06  5.25454  2.05814e+06  30 
1.05316e+07  8.44339e+06  5.31808  2.11085e+06  31 
1.06202e+07  8.63247e+06  5.36567  2.15812e+06  32 
1.18709e+07  9.96218e+06  6.03812  2.49054e+06  33 
1.23856e+07  1.03293e+07  6.31483  2.58232e+06  35 
1.3016e+07  1.09602e+07  6.65379  2.74005e+06  36 
1.39564e+07  1.19145e+07  7.15935  2.97862e+06  37 
1.41877e+07  1.20078e+07  7.2837  3.00194e+06  38 
1.48238e+07  1.26189e+07  7.62571  3.15473e+06  39 
1.4906e+07  1.27803e+07  7.66987  3.19507e+06  41 
1.50034e+07  1.29795e+07  7.72227  3.24487e+06  42 
1.53235e+07  1.29615e+07  7.89438  3.24037e+06  42 
1.55599e+07  1.33253e+07  8.02147  3.33132e+06  43 
1.58252e+07  1.3777e+07  8.16408  3.44426e+06  44 
1.58922e+07  1.38104e+07  8.20009  3.4526e+06  45 
1.67718e+07  1.47625e+07  8.67299  3.69062e+06  46 
1.68286e+07  1.48359e+07  8.70353  3.70896e+06  47 
1.7864e+07  1.58687e+07  9.26022  3.96716e+06  50 
1.831e+07  1.61323e+07  9.50001  4.03307e+06  51 
1.88604e+07  1.68686e+07  9.79591  4.21716e+06  52 
2.00655e+07  1.81884e+07  10.4438  4.54711e+06  55 
2.21126e+07  2.00021e+07  11.5444  5.00052e+06  56 
2.26474e+07  2.06182e+07  11.8319  5.15454e+06  58 
2.2667e+07  2.07436e+07  11.8425  5.18591e+06  59 
2.30842e+07  2.1048e+07  12.0668  5.262e+06  60 
2.38724e+07  2.1643e+07  12.4905  5.41075e+06  62 
2.48966e+07  2.27647e+07  13.0412  5.69117e+06  63 
4.12247e+07  3.89546e+07  21.8197  9.73864e+06  66 
4.5626e+07  4.34243e+07  24.186  1.08561e+07  69 
4.6389e+07  4.42995e+07  24.5962  1.10749e+07  71 
4.72975e+07  4.49748e+07  25.0847  1.12437e+07  72 
4.90451e+07  4.69756e+07  26.0243  1.17439e+07  74 
7.31533e+07  7.12866e+07  38.9856  1.78216e+07  75 
2.23136e+07  2.01207e+07  11.6524  5.03017e+06  57 
8.84202e+06  6.7977e+06  4.40969  1.69943e+06  24 
9.04174e+06  6.82102e+06  4.51707  1.70526e+06  25 
7.83094e+06  5.9971e+06  3.8661  1.49927e+06  22 
1.94134e+07  1.73871e+07  10.0932  4.34676e+06  54 
6.66134e+06  4.40102e+06  3.23728  1.10025e+06  13 
1.22818e+07  1.02367e+07  6.25902  2.55919e+06  34 
4.62887e+07  4.39828e+07  24.5423  1.09957e+07  70 
7.65252e+07  7.46657e+07  40.7985  1.86664e+07  76 
4.62648e+06  2.4684e+06  2.14327  617101  7 
1.48288e+07  1.26839e+07  7.62837  3.17097e+06  40 
4.094e+07  3.86651e+07  21.6667  9.66627e+06  65 
4.78453e+07  4.57155e+07  25.3792  1.14289e+07  73 
4.20463e+07  4.00855e+07  22.2615  1.00214e+07  68 
1.93749e+07  1.72538e+07  10.0725  4.31345e+06  53 
1.0231e+07  7.99416e+06  5.15643  1.99854e+06  29 
9.41005e+06  7.13269e+06  4.71508  1.78317e+06  27 
1.69004e+07  1.46281e+07  8.74216  3.65702e+06  46 
4.18731e+07  3.97662e+07  22.1684  9.94154e+06  67 
2.23005e+07  2.01386e+07  11.6454  5.03465e+06  57 
7.11072e+06  4.90104e+06  3.47888  1.22526e+06  16 
1.91905e+07  1.73142e+07  9.97339  4.32855e+06  53 
1.74153e+07  1.52013e+07  9.01899  3.80033e+06  48 
1.75355e+07  1.54192e+07  9.08363  3.85481e+06  49 
8.21721e+07  8.00081e+07  43.8345  2.0002e+07  77 
2.54057e+07  2.33895e+07  13.3149  5.84737e+06  64 
2.34172e+07  2.11948e+07  12.2458  5.29871e+06  61 

1.14216e+06  1.54998  0.269978  0.387495  0 
2.15424e+06  0.872119  0.814108  0.21803  0 
1.85208e+06  0.994122  0.651656  0.24853  0 
1.65336e+06  1.11913  0.544817  0.279782  0 
1.49808e+06  1.20584  0.461333  0.301461  0 
1.42896e+06  1.274  0.424172  0.318501  0 
1.62312e+06  1.15283  0.528559  0.288207  0 
1.82256e+06  1.07257  0.635785  0.268142  0 
1.4616e+06  1.43875  0.44172  0.359687  1 
1.82352e+06  1.18652  0.636301  0.296631  1 
1.43496e+06  1.50385  0.427398  0.375961  1 
1.53408e+06  1.34532  0.480688  0.336329  1 
1.67424e+06  1.22806  0.556043  0.307015  1 
1.89768e+06  1.10007  0.676172  0.275017  1 
1.8768e+06  1.17608  0.664946  0.29402  1 
1.53744e+06  1.3042  0.482495  0.326049  1 
1.49328e+06  1.40718  0.458753  0.351794  1 
1.97784e+06  1.09061  0.719269  0.272652  1 
1.54032e+06  1.38722  0.484043  0.346805  2 
1.82832e+06  1.19746  0.638882  0.299364  2 
1.87224e+06  1.19035  0.662495  0.297587  2 
1.44264e+06  1.632  0.431527  0.407999  2 
1.67736e+06  1.2575  0.55772  0.314375  2 
2.2344e+06  1.15996  0.857204  0.289991  2 
1.85544e+06  1.22334  0.653462  0.305836  3 
1.67904e+06  1.28019  0.558624  0.320048  3 
1.54608e+06  1.64159  0.48714  0.410397  3 
1.61328e+06  1.55174  0.523269  0.387936  3 
1.82928e+06  1.36739  0.639398  0.341847  4 
1.98528e+06  1.28957  0.723269  0.322393  4 
1.70544e+06  1.51099  0.572817  0.377748  4 
1.81584e+06  1.37116  0.632172  0.342791  4 
1.59336e+06  1.66967  0.512559  0.417417  4 
1.83816e+06  1.34203  0.644172  0.335508  4 
1.69824e+06  1.66254  0.568946  0.415634  4 
1.55856e+06  1.8577  0.493849  0.464426  4 
1.73184e+06  1.508  0.587011  0.377001  4 
1.6992e+06  1.8331  0.569462  0.458274  5 
1.74216e+06  1.55991  0.592559  0.389977  5 
1.99392e+06  1.3294  0.727914  0.332351  5 
1.99656e+06  1.29587  0.729333  0.323969  5 
1.86264e+06  1.379  0.657333  0.344751  5 
1.7004e+06  1.74764  0.570108  0.43691  5 
2.02128e+06  1.58291  0.742624  0.395728  6 
1.7544e+06  1.87224  0.59914  0.468059  6 
2.022e+06  1.32495  0.743011  0.331237  6 
1.7652e+06  1.6975  0.604946  0.424374  6 
1.76352e+06  1.84985  0.604043  0.462462  6 
1.81104e+06  2.15641  0.629591  0.539102  7 
2.0556e+06  1.55202  0.761075  0.388005  7 
2.1576e+06  1.35741  0.815914  0.339354  7 
2.14968e+06  1.77523  0.811656  0.443807  8 
2.1444e+06  2.06755  0.808817  0.516888  8 
2.122e+06  71199.1  0.796773  17799.8  8 
2.28633e+06  244892  0.885124  61222.9  9 
2.32083e+06  127707  0.90367  31926.7  9 
2.2411e+06  320619  0.860805  80154.8  9 
2.37242e+06  297857  0.931406  74464.3  10 
2.46361e+06  310335  0.980438  77583.7  11 
2.55665e+06  349611  1.03046  87402.9  12 
2.56339e+06  478511  1.03408  119628  13 
2.64436e+06  453400  1.07761  113350  13 
2.85958e+06  855582  1.19332  213895  14 
3.05258e+06  783863  1.29709  195966  14 
3.09231e+06  1.00383e+06  1.31845  250958  15 
3.25165e+06  1.36669e+06  1.40411  341672  16 
3.38351e+06  1.76279e+06  1.475  440697  17 
3.40972e+06  1.4266e+06  1.48909  356649  17 
3.51939e+06  1.47844e+06  1.54806  369609  18 
3.67412e+06  2.0762e+06  1.63125  519050  19 
3.73159e+06  1.75327e+06  1.66214  438317  19 
3.9959e+06  1.89902e+06  1.80425  474755  20 
4.20903e+06  1.84599e+06  1.91883  461497  20 
4.1591e+06  2.1083e+06  1.89199  527075  21 
4.30314e+06  2.0949e+06  1.96943  523725  21 
4.36868e+06  2.13117e+06  2.00467  532792  22 
4.5418e+06  2.48885e+06  2.09774  622211  23 
4.82034e+06  2.60226e+06  2.24749  650565  24 
4.75368e+06  2.76337e+06  2.21166  690841  24 
5.55365e+06  3.47117e+06  2.64175  867793  25 
5.49974e+06  3.74871e+06  2.61277  937177  25 
6.35099e+06  4.13651e+06  3.07043  1.03413e+06  26 
6.95563e+06  4.99867e+06  3.3955  1.24967e+06  27 
7.53558e+06  5.36503e+06  3.7073  1.34126e+06  28 
7.67476e+06  5.4898e+06  3.78213  1.37245e+06  29 
7.70611e+06  5.71891e+06  3.79898  1.42973e+06  30 
8.20026e+06  6.18714e+06  4.06466  1.54679e+06  31 
8.29729e+06  6.09217e+06  4.11682  1.52304e+06  31 
8.3268e+06  6.3324e+06  4.13269  1.5831e+06  32 
8.39534e+06  6.55862e+06  4.16954  1.63966e+06  33 
8.80002e+06  7.00026e+06  4.38711  1.75006e+06  34 
9.04594e+06  7.5133e+06  4.51932  1.87833e+06  35 
9.65618e+06  7.61571e+06  4.84741  1.90393e+06  36 
1.02184e+07  7.96821e+06  5.1497  1.99205e+06  37 
1.04644e+07  8.23431e+06  5.28193  2.05858e+06  38 
1.09912e+07  8.73928e+06  5.56516  2.18482e+06  39 
1.11666e+07  8.85855e+06  5.65948  2.21464e+06  40 
1.20331e+07  1.01275e+07  6.12534  2.53188e+06  41 
1.38375e+07  1.20214e+07  7.09541  3.00535e+06  42 
4.17583e+06  2.10224e+06  1.90099  525559  21 

1.13304e+06  1.80499  0.265075  0.451248  0 
2.20608e+06  0.857671  0.841978  0.214418  0 
1.78704e+06  0.919877  0.616688  0.229969  0 
1.39368e+06  1.02306  0.405204  0.255766  0 
1.20936e+06  1.29757  0.306108  0.324394  0 
1.29768e+06  1.21759  0.353591  0.304397  0 
1.746e+06  0.981772  0.594624  0.245443  0 
1.65888e+06  0.9828  0.547785  0.2457  0 
1.19856e+06  1.43181  0.300301  0.357953  0 
1.31352e+06  1.351  0.362108  0.337749  1 
1.36008e+06  1.23597  0.38714  0.308993  0 
1.45848e+06  1.21542  0.440043  0.303856  2 
1.56456e+06  1.0827  0.497075  0.270675  1 
1.296e+06  1.52909  0.352688  0.382272  3 
1.23744e+06  1.80503  0.321204  0.451257  1 
1.22856e+06  2.37025  0.31643  0.592561  2 
1.70904e+06  1.04146  0.574753  0.260366  1 
1.2756e+06  1.56642  0.34172  0.391604  2 
1.99992e+06  0.983028  0.73114  0.245757  1 
1.23936e+06  1.67407  0.322237  0.418518  2 
1.62024e+06  1.05305  0.527011  0.263261  1 
1.32288e+06  1.28331  0.36714  0.320829  0 
1.464e+06  1.0928  0.443011  0.2732  1 
1.45656e+06  1.21693  0.439011  0.304232  5 
1.7532e+06  1.00916  0.598495  0.252291  0 
1.30944e+06  1.48238  0.359914  0.370595  2 
1.914e+06  1.02523  0.684946  0.256307  2 
1.60512e+06  1.08619  0.518882  0.271547  4 
1.38072e+06  1.27928  0.398237  0.319821  2 
1.38864e+06  1.25431  0.402495  0.313577  1 
1.39536e+06  1.24082  0.406108  0.310204  1 
1.41576e+06  1.23861  0.417075  0.309653  2 
1.86864e+06  1.02719  0.660559  0.256798  1 
1.46352e+06  1.21585  0.442753  0.303963  2 
1.32312e+06  1.37275  0.367269  0.343189  0 
1.7736e+06  1.06479  0.609462  0.266196  2 
1.34664e+06  1.34073  0.379914  0.335183  2 
1.81416e+06  1.04621  0.631269  0.261553  1 
1.30392e+06  1.67083  0.356946  0.417708  2 
1.25616e+06  1.86096  0.331269  0.46524  3 
1.47408e+06  1.12959  0.44843  0.282397  1 
1.24512e+06  1.9059  0.325333  0.476476  4 
1.29744e+06  1.68515  0.353462  0.421289  3 
1.51728e+06  1.11637  0.471656  0.279092  1 
1.3632e+06  1.28732  0.388817  0.321829  2 
1.26288e+06  1.75253  0.334882  0.438132  3 
1.2372e+06  2.5391  0.321075  0.634775  3 
1.35768e+06  1.40326  0.385849  0.350815  3 
1.39824e+06  1.38999  0.407656  0.347497  0 
1.30368e+06  1.7275  0.356817  0.431876  2 
1.64496e+06  1.21671  0.540301  0.304177  5 
1.49184e+06  1.23635  0.457978  0.309087  4 
1.33704e+06  1.50377  0.374753  0.375943  3 
1.3548e+06  1.43642  0.384301  0.359105  0 
1.90728e+06  1.04249  0.681333  0.260623  1 
1.6536e+06  1.09897  0.544946  0.274743  3 
1.85712e+06  1.0905  0.654366  0.272626  2 
1.39944e+06  1.2798  0.408301  0.319949  3 
1.65096e+06  1.20924  0.543527  0.302309  0 
2.02872e+06  1.03456  0.746624  0.25864  2 
1.46184e+06  1.24719  0.441849  0.311799  3 
1.42824e+06  1.25906  0.423785  0.314766  3 
1.6164e+06  1.22514  0.524946  0.306286  2 
1.29936e+06  1.9391  0.354495  0.484774  5 
1.33896e+06  1.73605  0.375785  0.434013  0 
1.56336e+06  1.24518  0.49643  0.311294  0 
1.662e+06  1.09949  0.549462  0.274871  2 
1.58736e+06  1.24118  0.509333  0.310296  5 
1.4244e+06  1.39108  0.42172  0.347771  4 
1.36104e+06  1.65534  0.387656  0.413834  5 
1.46232e+06  1.25234  0.442108  0.313085  3 
1.3068e+06  1.74154  0.358495  0.435384  3 
1.42704e+06  1.33686  0.42314  0.334214  3 
1.30032e+06  2.33765  0.355011  0.584414  4 
1.97736e+06  1.07928  0.719011  0.26982  3 
2.12496e+06  1.07517  0.798366  0.268791  3 
1.9956e+06  1.07627  0.728817  0.269068  3 
1.53096e+06  1.25226  0.479011  0.313066  6 
1.65672e+06  1.13689  0.546624  0.284223  0 
1.43784e+06  1.28518  0.428946  0.321294  3 
1.40976e+06  1.49419  0.413849  0.373547  4 
1.76688e+06  1.14859  0.605849  0.287147  2 
1.41768e+06  1.69843  0.418108  0.424608  5 
1.56288e+06  1.26591  0.496172  0.316478  4 
1.47936e+06  1.28166  0.451269  0.320414  2 
1.43256e+06  1.43456  0.426108  0.358641  4 
1.66728e+06  1.14891  0.552301  0.287228  5 
1.34592e+06  1.7394  0.379527  0.43485  3 
1.33848e+06  1.9125  0.375527  0.478126  5 
1.9752e+06  1.14172  0.717849  0.28543  5 
1.44696e+06  1.32732  0.433849  0.33183  2 
1.3248e+06  2.49431  0.368172  0.623578  5 
2.0052e+06  1.11794  0.733978  0.279484  3 
1.3536e+06  1.73771  0.383656  0.434427  4 
1.63344e+06  1.27009  0.534108  0.317523  6 
1.67424e+06  1.20551  0.556043  0.301377  6 
1.4952e+06  1.28306  0.459785  0.320765  1 
1.72392e+06  1.16217  0.582753  0.290542  6 
1.44432e+06  1.58647  0.43243  0.396617  2 
1.4772e+06  1.40626  0.450108  0.351566  4 

1.09776e+06  1.74774  0.246108  0.436936  0 
2.11896e+06  0.847528  0.79514  0.211882  0 
1.66848e+06  0.89908  0.552946  0.22477  0 
1.32048e+06  1.0323  0.365849  0.258075  0 
1.13736e+06  1.38023  0.267398  0.345058  0 
1.2204e+06  1.17353  0.312043  0.293383  0 
1.58616e+06  0.916829  0.508688  0.229207  0 
1.53096e+06  0.942006  0.479011  0.235501  0 
1.2852e+06  1.072  0.346882  0.267999  0 
1.49688e+06  0.953305  0.460688  0.238326  0 
1.18896e+06  1.2983  0.29514  0.324575  0 
1.24152e+06  1.11364  0.323398  0.27841  0 
1.44456e+06  0.972954  0.432559  0.243239  0 
2.08128e+06  0.857993  0.774882  0.214498  0 
1.37928e+06  0.998224  0.397462  0.249556  0 
1.8996e+06  0.871142  0.677204  0.217785  0 
1.30872e+06  1.04254  0.359527  0.260635  0 
1.1964e+06  1.27325  0.29914  0.318313  0 
1.55256e+06  0.923192  0.490624  0.230798  0 
1.84344e+06  0.89101  0.647011  0.222753  0 
1.2972e+06  1.06667  0.353333  0.266668  0 
1.75368e+06  0.89621  0.598753  0.224053  0 
1.24632e+06  1.28492  0.325978  0.321229  1 
1.24776e+06  1.17037  0.326753  0.292593  1 
1.4532e+06  0.976171  0.437204  0.244043  1 
1.61544e+06  0.926512  0.52443  0.231628  1 
1.43472e+06  1.00772  0.427269  0.251929  1 
1.20456e+06  1.31727  0.303527  0.329318  1 
1.36872e+06  1.05279  0.391785  0.263198  1 
1.83648e+06  0.901655  0.643269  0.225414  1 
1.2588e+06  1.13758  0.332688  0.284395  1 
1.38864e+06  1.04329  0.402495  0.260823  1 
1.2024e+06  1.43637  0.302366  0.359092  1 
1.70808e+06  0.903667  0.574237  0.225917  1 
1.68096e+06  0.912612  0.559656  0.228153  1 
1.93416e+06  0.879733  0.695785  0.219933  1 
1.43304e+06  1.04282  0.426366  0.260705  1 
1.56912e+06  0.954901  0.499527  0.238725  1 
1.3416e+06  1.1141  0.377204  0.278524  1 
1.18296e+06  1.63094  0.291914  0.407736  1 
1.51536e+06  0.960044  0.470624  0.240011  1 
1.56744e+06  0.955713  0.498624  0.238928  1 
1.13304e+06  1.82764  0.265075  0.456909  1 
2.004e+06  0.878958  0.733333  0.219739  1 
2.08872e+06  0.863469  0.778882  0.215867  1 
1.878e+06  0.89245  0.665591  0.223113  1 
1.58904e+06  0.949386  0.510237  0.237346  1 
1.3392e+06  1.12339  0.375914  0.280848  1 
2.19288e+06  0.865027  0.834882  0.216257  2 
1.37496e+06  1.09872  0.39514  0.27468  2 
1.34496e+06  1.12448  0.379011  0.281119  2 
1.53576e+06  0.972302  0.481591  0.243075  2 
1.78344e+06  0.904284  0.614753  0.226071  2 
2.12544e+06  0.871466  0.798624  0.217867  2 
1.63584e+06  0.940365  0.535398  0.235091  2 
1.84368e+06  0.902778  0.64714  0.225695  2 
1.64472e+06  0.929324  0.540172  0.232331  2 
1.31184e+06  1.14231  0.361204  0.285577  2 
1.40688e+06  1.04867  0.412301  0.262167  2 
1.64088e+06  0.937887  0.538108  0.234472  2 
1.26552e+06  1.18709  0.336301  0.296771  2 
1.96464e+06  0.890196  0.712172  0.222549  2 
1.46664e+06  0.985088  0.44443  0.246272  2 
1.392e+06  1.06261  0.404301  0.265653  2 
1.52256e+06  0.978475  0.474495  0.244619  2 
1.97016e+06  0.882605  0.71514  0.220651  2 
1.68672e+06  0.914825  0.562753  0.228706  2 
1.41528e+06  1.0435  0.416817  0.260876  2 
1.61544e+06  0.94725  0.52443  0.236813  2 
1.22088e+06  1.35956  0.312301  0.339889  2 
1.15344e+06  1.84758  0.276043  0.461895  2 
1.79808e+06  0.917308  0.622624  0.229327  3 
1.65024e+06  0.93611  0.54314  0.234028  3 
1.62288e+06  0.953897  0.52843  0.238474  3 
1.48536e+06  0.988832  0.454495  0.247208  3 
1.9656e+06  0.891575  0.712688  0.222894  3 
1.27224e+06  1.33572  0.339914  0.333929  3 
1.37856e+06  1.15551  0.397075  0.288878  3 
1.28448e+06  1.23403  0.346495  0.308507  3 
1.25856e+06  1.73486  0.332559  0.433714  3 
1.71624e+06  0.932227  0.578624  0.233057  3 
1.638e+06  0.950866  0.536559  0.237716  3 
1.4676e+06  1.00572  0.444946  0.251431  3 
2.09304e+06  0.888047  0.781204  0.222012  3 
2.22432e+06  0.86856  0.851785  0.21714  3 
1.91712e+06  0.906002  0.686624  0.2265  3 
1.74192e+06  0.928473  0.59243  0.232118  3 
1.72248e+06  0.931089  0.581978  0.232772  3 
1.7436e+06  0.923076  0.593333  0.230769  3 
1.86912e+06  0.915834  0.660817  0.228959  3 
2.06448e+06  0.888693  0.765849  0.222173  3 
2.03448e+06  0.89106  0.74972  0.222765  3 
1.54176e+06  1.02309  0.484817  0.255774  4 
1.55616e+06  0.994579  0.492559  0.248645  4 
1.48536e+06  1.03604  0.454495  0.259011  4 
1.66152e+06  0.949731  0.549204  0.237433  4 
1.70904e+06  0.936116  0.574753  0.234029  4 
1.46808e+06  1.07186  0.445204  0.267964  4 
1.63848e+06  0.963751  0.536817  0.240938  4 
1.4052e+06  1.28647  0.411398  0.321617  4 

1.05216e+06  1.48508  0.221591  0.37127  0 
2.15256e+06  0.834622  0.813204  0.208655  0 
1.85328e+06  0.858518  0.652301  0.214629  0 
1.56432e+06  0.896475  0.496946  0.224119  0 
1.32528e+06  0.98428  0.36843  0.24607  0 
1.16088e+06  1.0867  0.280043  0.271675  0 
1.11624e+06  1.28662  0.256043  0.321656  0 
1.26744e+06  0.990703  0.337333  0.247676  0 
1.50384e+06  0.901237  0.46443  0.225309  0 
1.46568e+06  0.909325  0.443914  0.227331  0 
1.13544e+06  1.22347  0.266366  0.305867  0 
1.43832e+06  0.932394  0.429204  0.233099  0 
1.41312e+06  0.946209  0.415656  0.236552  0 
1.81752e+06  0.861375  0.633075  0.215344  0 
1.7736e+06  0.863933  0.609462  0.215983  0 
1.36464e+06  0.952979  0.389591  0.238245  0 
1.72368e+06  0.867106  0.582624  0.216777  0 
1.62216e+06  0.873163  0.528043  0.218291  0 
1.23672e+06  1.06453  0.320817  0.266133  0 
2.07576e+06  0.843581  0.771914  0.210895  0 
1.45608e+06  0.917805  0.438753  0.229451  0 
2.06616e+06  0.847014  0.766753  0.211754  0 
1.35768e+06  0.972846  0.385849  0.243211  0 
1.13016e+06  1.25518  0.263527  0.313795  0 
2.05992e+06  0.84809  0.763398  0.212022  0 
1.60824e+06  0.887743  0.520559  0.221936  0 
1.49952e+06  0.901346  0.462108  0.225337  0 
2.03016e+06  0.851714  0.747398  0.212928  0 
1.9584e+06  0.851926  0.708817  0.212981  0 
1.59912e+06  0.890051  0.515656  0.222513  0 
1.44984e+06  0.926513  0.435398  0.231628  0 
1.40112e+06  0.94835  0.409204  0.237087  0 
1.31256e+06  0.98681  0.361591  0.246702  0 
1.9548e+06  0.855161  0.706882  0.21379  0 
1.58184e+06  0.893159  0.506366  0.22329  0 
1.95696e+06  0.852024  0.708043  0.213006  0 
1.88256e+06  0.855695  0.668043  0.213924  0 
1.19112e+06  1.08403  0.296301  0.271007  0 
1.54392e+06  0.89906  0.485978  0.224765  0 
1.49904e+06  0.90464  0.461849  0.22616  0 
1.62e+06  0.887108  0.526882  0.221777  0 
2.1204e+06  0.84674  0.795914  0.211685  1 
1.2552e+06  1.08798  0.330753  0.271994  1 
1.57224e+06  0.896942  0.501204  0.224235  1 
1.48296e+06  0.915501  0.453204  0.228875  1 
1.27488e+06  1.02772  0.341333  0.256929  1 
1.41384e+06  0.958726  0.416043  0.239682  1 
1.31712e+06  1.01593  0.364043  0.253982  1 
1.80696e+06  0.86619  0.627398  0.216548  1 
1.16664e+06  1.2053  0.28314  0.301324  1 
1.7244e+06  0.874915  0.583011  0.218729  1 
1.18776e+06  1.11432  0.294495  0.27858  1 
1.38216e+06  0.967658  0.399011  0.241914  1 
1.7652e+06  0.867976  0.604946  0.216994  1 
1.63896e+06  0.877102  0.537075  0.219276  1 
1.13016e+06  1.3313  0.263527  0.332825  1 
1.63512e+06  0.879634  0.535011  0.219909  1 
1.26264e+06  1.07014  0.334753  0.267535  1 
1.45152e+06  0.935786  0.436301  0.233946  1 
1.96632e+06  0.854294  0.713075  0.213573  1 
1.67376e+06  0.875014  0.555785  0.218753  1 
1.51728e+06  0.906339  0.471656  0.226585  1 
1.86e+06  0.861839  0.655914  0.21546  1 
1.27368e+06  1.03148  0.340688  0.25787  1 
1.1232e+06  1.37854  0.259785  0.344634  1 
1.16616e+06  1.21541  0.282882  0.303852  1 
1.56072e+06  0.901622  0.495011  0.225405  1 
1.41144e+06  0.959872  0.414753  0.239968  1 
1.61616e+06  0.888247  0.524817  0.222062  1 
1.07928e+06  1.99182  0.236172  0.497955  1 
1.47504e+06  0.934344  0.448946  0.233586  1 
1.51848e+06  0.903254  0.472301  0.225813  1 
1.8984e+06  0.860049  0.676559  0.215012  1 
2.11896e+06  0.847528  0.79514  0.211882  1 
1.08432e+06  1.80339  0.238882  0.450847  1 
1.32672e+06  1.00708  0.369204  0.251769  1 
1.1568e+06  1.27253  0.277849  0.318132  1 
2.24088e+06  0.838699  0.860688  0.209675  1 
1.4184e+06  0.957801  0.418495  0.23945  1 
1.92432e+06  0.859593  0.690495  0.214898  1 
2.10144e+06  0.851906  0.78572  0.212976  1 
1.752e+06  0.871138  0.597849  0.217785  1 
2.20584e+06  0.845344  0.841849  0.211336  1 
1.56984e+06  0.897949  0.499914  0.224487  1 
1.3464e+06  0.999557  0.379785  0.249889  1 
1.34832e+06  0.991927  0.380817  0.247982  1 
1.6092e+06  0.892684  0.521075  0.223171  1 
1.3188e+06  1.01084  0.364946  0.252711  1 
1.5012e+06  0.94788  0.463011  0.23697  2 
1.54128e+06  0.903597  0.484559  0.225899  2 
1.24032e+06  1.24345  0.322753  0.310862  2 
1.26864e+06  1.15247  0.337978  0.288118  2 
1.63848e+06  0.899848  0.536817  0.224962  2 
1.41336e+06  0.972692  0.415785  0.243173  2 
1.5192e+06  0.939404  0.472688  0.234851  2 
1.95e+06  0.863069  0.704301  0.215767  2 
1.6884e+06  0.875445  0.563656  0.218861  2 
1.15032e+06  1.48036  0.274366  0.37009  2 
1.91928e+06  0.866429  0.687785  0.216607  2 
1.97784e+06  0.861288  0.719269  0.215322  2 

1.03656e+06  1.50576  0.213204  0.37644  0 
2.05296e+06  0.829127  0.759656  0.207282  0 
1.74504e+06  0.844431  0.594108  0.211108  0 
1.42512e+06  0.896961  0.422108  0.22424  0 
1.19472e+06  1.0037  0.298237  0.250924  0 
1.0536e+06  1.20613  0.222366  0.301533  0 
1.1328e+06  1.08042  0.264946  0.270106  0 
1.38048e+06  0.921097  0.398108  0.230274  0 
1.0716e+06  1.12917  0.232043  0.282293  0 
1.32816e+06  0.934235  0.369978  0.233559  0 
1.29888e+06  0.953665  0.354237  0.238416  0 
1.722e+06  0.848227  0.58172  0.212057  0 
1.26552e+06  0.957242  0.336301  0.23931  0 
1.6908e+06  0.853952  0.564946  0.213488  0 
1.66824e+06  0.855884  0.552817  0.213971  0 
1.24152e+06  0.967921  0.323398  0.24198  0 
1.608e+06  0.862694  0.52043  0.215673  0 
1.1784e+06  1.05096  0.289462  0.262739  0 
1.15536e+06  1.05148  0.277075  0.262871  0 
1.57704e+06  0.868357  0.503785  0.217089  0 
1.04064e+06  1.32365  0.215398  0.330912  0 
1.55856e+06  0.871486  0.493849  0.217871  0 
1.11792e+06  1.10405  0.256946  0.276013  0 
1.39728e+06  0.899033  0.40714  0.224758  0 
1.21728e+06  0.983325  0.310366  0.245831  0 
1.53696e+06  0.87772  0.482237  0.21943  0 
1.18704e+06  1.03238  0.294108  0.258096  0 
1.51968e+06  0.881513  0.472946  0.220378  0 
1.50864e+06  0.882092  0.467011  0.220523  0 
1.11192e+06  1.10578  0.25372  0.276446  0 
1.1436e+06  1.06789  0.270753  0.266973  0 
1.88208e+06  0.834056  0.667785  0.208514  0 
1.50384e+06  0.886989  0.46443  0.221747  0 
1.23504e+06  0.974063  0.319914  0.243516  0 
1.49496e+06  0.887986  0.459656  0.221996  0 
1.48728e+06  0.888684  0.455527  0.222171  0 
1.3224e+06  0.945481  0.366882  0.23637  0 
1.37688e+06  0.925541  0.396172  0.231385  0 
1.83096e+06  0.836738  0.640301  0.209185  0 
1.37328e+06  0.926564  0.394237  0.231641  0 
1.12968e+06  1.09186  0.263269  0.272965  0 
1.31808e+06  0.947079  0.364559  0.23677  0 
1.3632e+06  0.928059  0.388817  0.232015  0 
1.39296e+06  0.914941  0.404817  0.228735  0 
1.7184e+06  0.848491  0.579785  0.212123  0 
1.3896e+06  0.916006  0.403011  0.229002  0 
1.36128e+06  0.930593  0.387785  0.232648  0 
1.53384e+06  0.87814  0.480559  0.219535  0 
1.55544e+06  0.874446  0.492172  0.218612  0 
1.1256e+06  1.10099  0.261075  0.275247  0 
1.8288e+06  0.841877  0.63914  0.210469  0 
1.70208e+06  0.851555  0.571011  0.212889  0 
1.25376e+06  0.965639  0.329978  0.24141  0 
1.79448e+06  0.842215  0.620688  0.210554  0 
1.23312e+06  0.98126  0.318882  0.245315  0 
1.57608e+06  0.869107  0.503269  0.217277  0 
1.71744e+06  0.849477  0.579269  0.212369  0 
1.35216e+06  0.93245  0.382882  0.233112  0 
1.65528e+06  0.861043  0.545849  0.215261  0 
1.29336e+06  0.955911  0.351269  0.238978  0 
1.46976e+06  0.895893  0.446108  0.223973  0 
1.79112e+06  0.84339  0.618882  0.210847  0 
1.32768e+06  0.935459  0.36972  0.233865  0 
1.10328e+06  1.12828  0.249075  0.282071  0 
1.31064e+06  0.952927  0.360559  0.238232  0 
1.29264e+06  0.956653  0.350882  0.239163  0 
1.38024e+06  0.922495  0.397978  0.230624  0 
1.29192e+06  0.956833  0.350495  0.239208  0 
1.23288e+06  0.982976  0.318753  0.245744  0 
1.07976e+06  1.17112  0.23643  0.292779  0 
1.488e+06  0.900215  0.455914  0.225054  0 
1.09464e+06  1.13172  0.24443  0.282929  0 
1.15632e+06  1.08185  0.277591  0.270462  0 
1.12848e+06  1.10513  0.262624  0.276284  0 
1.30632e+06  0.954887  0.358237  0.238722  0 
1.85472e+06  0.842044  0.653075  0.210511  0 
1.11816e+06  1.11809  0.257075  0.279522  0 
1.32432e+06  0.953528  0.367914  0.238382  0 
1.92816e+06  0.834415  0.692559  0.208604  0 
1.10328e+06  1.12934  0.249075  0.282335  0 
1.70304e+06  0.853018  0.571527  0.213254  0 
1.75152e+06  0.84959  0.597591  0.212397  0 
1.18824e+06  1.03378  0.294753  0.258446  0 
1.91904e+06  0.83757  0.687656  0.209393  0 
1.40784e+06  0.917477  0.412817  0.229369  0 
1.58064e+06  0.871262  0.50572  0.217815  0 
1.58352e+06  0.868558  0.507269  0.21714  0 
1.218e+06  0.987296  0.310753  0.246824  0 
1.35768e+06  0.933478  0.385849  0.23337  0 
1.33704e+06  0.939097  0.374753  0.234774  0 
1.07616e+06  1.28524  0.234495  0.32131  0 
1.64256e+06  0.863313  0.539011  0.215828  0 
1.266e+06  0.964688  0.336559  0.241172  0 
1.70232e+06  0.853711  0.57114  0.213428  0 
1.78416e+06  0.847257  0.61514  0.211814  0 
1.47192e+06  0.901704  0.447269  0.225426  0 
1.33416e+06  0.94203  0.373204  0.235507  0 
1.49304e+06  0.889148  0.458624  0.222287  0 
1.38168e+06  0.92229  0.398753  0.230573  0 
1.4136e+06  0.907454  0.415914  0.226864  0 

1.03368e+06  1.50217  0.211656  0.375542  0 
1.92816e+06  0.813258  0.692559  0.203314  0 
1.61976e+06  0.842497  0.526753  0.210624  0 
1.33848e+06  0.904992  0.375527  0.226248  0 
1.11624e+06  1.03072  0.256043  0.257681  0 
1.03992e+06  1.24488  0.215011  0.31122  0 
1.05408e+06  1.09677  0.222624  0.274194  0 
1.28184e+06  0.923658  0.345075  0.230915  0 
1.2372e+06  0.936912  0.321075  0.234228  0 
1.19664e+06  0.950112  0.299269  0.237528  0 
1.58496e+06  0.842802  0.508043  0.210701  0 
1.17024e+06  0.963182  0.285075  0.240796  0 
1.56096e+06  0.856862  0.49514  0.214216  0 
1.52784e+06  0.859417  0.477333  0.214854  0 
1.50792e+06  0.860919  0.466624  0.21523  0 
1.48536e+06  0.864547  0.454495  0.216137  0 
1.46568e+06  0.864896  0.443914  0.216224  0 
1.15272e+06  0.992548  0.275656  0.248137  0 
1.09104e+06  1.06049  0.242495  0.265123  0 
1.43616e+06  0.872459  0.428043  0.218115  0 
1.87704e+06  0.817112  0.665075  0.204278  0 
1.85016e+06  0.817628  0.650624  0.204407  0 
1.13664e+06  1.00708  0.267011  0.251771  0 
1.08024e+06  1.06779  0.236688  0.266947  0 
1.83312e+06  0.819522  0.641462  0.20488  0 
1.79664e+06  0.820609  0.621849  0.205152  0 
1.7844e+06  0.821483  0.615269  0.205371  0 
1.41024e+06  0.884044  0.414108  0.221011  0 
1.104e+06  1.04123  0.249462  0.260309  0 
1.0452e+06  1.21019  0.217849  0.302547  0 
1.38792e+06  0.886609  0.402108  0.221652  0 
1.04712e+06  1.14319  0.218882  0.285798  0 
1.69464e+06  0.827674  0.567011  0.206919  0 
1.37832e+06  0.890181  0.396946  0.222545  0 
1.33176e+06  0.910298  0.371914  0.227575  0 
1.16496e+06  0.976515  0.282237  0.244129  0 
1.326e+06  0.91247  0.368817  0.228118  0 
1.1592e+06  0.981476  0.27914  0.245369  0 
1.30392e+06  0.912866  0.356946  0.228216  0 
1.67856e+06  0.831825  0.558366  0.207956  0 
1.07184e+06  1.08638  0.232172  0.271596  0 
1.12608e+06  1.02174  0.261333  0.255434  0 
1.2696e+06  0.92855  0.338495  0.232138  0 
1.65456e+06  0.834562  0.545462  0.208641  0 
1.572e+06  0.849177  0.501075  0.212294  0 
1.4328e+06  0.874173  0.426237  0.218543  0 
1.14576e+06  0.999995  0.271914  0.249999  0 
1.4292e+06  0.877127  0.424301  0.219282  0 
1.08768e+06  1.06114  0.240688  0.265284  0 
1.65144e+06  0.836  0.543785  0.209  0 
1.07736e+06  1.07477  0.23514  0.268693  0 
1.15584e+06  0.986832  0.277333  0.246708  0 
1.06944e+06  1.08937  0.230882  0.272343  0 
1.22112e+06  0.945005  0.31243  0.236251  0 
1.46184e+06  0.867429  0.441849  0.216857  0 
1.63488e+06  0.837591  0.534882  0.209398  0 
1.29456e+06  0.919577  0.351914  0.229894  0 
1.278e+06  0.924865  0.343011  0.231216  0 
1.37664e+06  0.897943  0.396043  0.224486  0 
1.35e+06  0.901657  0.38172  0.225414  0 
1.1004e+06  1.05737  0.247527  0.264344  0 
1.23576e+06  0.939885  0.320301  0.234971  0 
1.21704e+06  0.94723  0.310237  0.236807  0 
1.21032e+06  0.947456  0.306624  0.236864  0 
1.632e+06  0.839859  0.533333  0.209965  0 
1.2684e+06  0.934276  0.337849  0.233569  0 
1.07616e+06  1.08072  0.234495  0.270179  0 
1.2552e+06  0.934872  0.330753  0.233718  0 
1.06656e+06  1.09487  0.229333  0.273717  0 
1.05912e+06  1.09501  0.225333  0.273753  0 
1.19328e+06  0.961489  0.297462  0.240372  0 
1.56e+06  0.857852  0.494624  0.214463  0 
1.77816e+06  0.826119  0.611914  0.20653  0 
1.29384e+06  0.920149  0.351527  0.230037  0 
1.25016e+06  0.935376  0.328043  0.233844  0 
1.33488e+06  0.908787  0.373591  0.227197  0 
1.29024e+06  0.922199  0.349591  0.23055  0 
1.32744e+06  0.91111  0.369591  0.227778  0 
1.58424e+06  0.847848  0.507656  0.211962  0 
1.55496e+06  0.858428  0.491914  0.214607  0 
1.548e+06  0.858531  0.488172  0.214633  0 
1.50216e+06  0.863699  0.463527  0.215925  0 
1.30248e+06  0.918734  0.356172  0.229684  0 
1.16688e+06  0.975921  0.283269  0.24398  0 
1.49352e+06  0.864003  0.458882  0.216001  0 
1.1964e+06  0.957698  0.29914  0.239425  0 
1.524e+06  0.860588  0.475269  0.215147  0 
1.12488e+06  1.03054  0.260688  0.257635  0 
1.34304e+06  0.904813  0.377978  0.226203  0 
1.176e+06  0.96304  0.288172  0.24076  0 
1.11504e+06  1.04114  0.255398  0.260285  0 
1.60536e+06  0.842785  0.519011  0.210696  0 
1.3248e+06  0.912858  0.368172  0.228215  0 
1.60536e+06  0.842785  0.519011  0.210696  0 
1.09104e+06  1.06049  0.242495  0.265123  0 
1.12488e+06  1.03054  0.260688  0.257635  0 
1.7844e+06  0.821483  0.615269  0.205371  0 
1.16496e+06  0.976515  0.282237  0.244129  0 
1.2684e+06  0.934276  0.337849  0.233569  0 
1.08768e+06  1.06114  0.240688  0.265284  0 

1.00152e+06  1.3939  0.194366  0.348474  0 
1.99992e+06  0.808888  0.73114  0.202222  0 
1.70712e+06  0.82119  0.57372  0.205297  0 
1.45248e+06  0.863573  0.436817  0.215893  0 
1.23336e+06  0.932285  0.319011  0.233071  0 
1.06128e+06  1.0377  0.226495  0.259425  0 
1.00656e+06  1.27523  0.197075  0.318807  0 
1.18536e+06  0.949244  0.293204  0.237311  0 
1.02552e+06  1.18885  0.207269  0.297212  0 
1.14576e+06  0.971087  0.271914  0.242772  0 
1.03032e+06  1.12859  0.209849  0.282147  0 
1.42176e+06  0.873482  0.420301  0.21837  0 
1.3908e+06  0.875722  0.403656  0.218931  0 
1.36656e+06  0.879401  0.390624  0.21985  0 
1.34496e+06  0.892548  0.379011  0.223137  0 
1.67136e+06  0.824329  0.554495  0.206082  0 
1.12848e+06  1.00263  0.262624  0.250656  0 
1.32552e+06  0.898426  0.368559  0.224607  0 
1.65144e+06  0.83007  0.543785  0.207517  0 
1.04688e+06  1.05868  0.218753  0.264671  0 
1.61016e+06  0.833222  0.521591  0.208305  0 
1.10304e+06  1.00885  0.248946  0.252212  0 
1.31208e+06  0.9039  0.361333  0.225975  0 
1.2912e+06  0.905144  0.350108  0.226286  0 
1.57728e+06  0.837735  0.503914  0.209434  0 
1.272e+06  0.90935  0.339785  0.227337  0 
1.56096e+06  0.842628  0.49514  0.210657  0 
1.55136e+06  0.843122  0.489978  0.21078  0 
1.09392e+06  1.01141  0.244043  0.252853  0 
1.53696e+06  0.844156  0.482237  0.211039  0 
1.13712e+06  0.971808  0.267269  0.242952  0 
1.26336e+06  0.910075  0.33514  0.227519  0 
1.03848e+06  1.10924  0.214237  0.277311  0 
1.17288e+06  0.954185  0.286495  0.238546  0 
1.22424e+06  0.933994  0.314108  0.233499  0 
1.25424e+06  0.917304  0.330237  0.229326  0 
1.53e+06  0.84554  0.478495  0.211385  0 
1.0548e+06  1.04412  0.223011  0.26103  0 
1.52184e+06  0.850863  0.474108  0.212716  0 
1.96464e+06  0.810873  0.712172  0.202718  0 
1.50504e+06  0.853355  0.465075  0.213339  0 
1.21512e+06  0.939232  0.309204  0.234808  0 
1.44e+06  0.863704  0.430108  0.215926  0 
1.16712e+06  0.961449  0.283398  0.240362  0 
1.19976e+06  0.940589  0.300946  0.235147  0 
1.4952e+06  0.85519  0.459785  0.213798  0 
1.43232e+06  0.865177  0.425978  0.216294  0 
1.02e+06  1.26699  0.204301  0.316748  0 
1.90392e+06  0.81314  0.679527  0.203285  0 
1.1616e+06  0.963447  0.28043  0.240862  0 
1.15488e+06  0.963868  0.276817  0.240967  0 
1.48824e+06  0.856491  0.456043  0.214123  0 
1.8384e+06  0.814217  0.644301  0.203554  0 
1.36176e+06  0.885639  0.388043  0.22141  0 
1.0272e+06  1.14051  0.208172  0.285127  0 
1.0908e+06  1.02309  0.242366  0.255772  0 
1.19568e+06  0.942815  0.298753  0.235704  0 
1.33728e+06  0.892579  0.374882  0.223145  0 
1.42848e+06  0.868594  0.423914  0.217148  0 
1.08864e+06  1.03244  0.241204  0.25811  0 
1.35912e+06  0.888283  0.386624  0.222071  0 
1.48296e+06  0.859323  0.453204  0.214831  0 
1.1796e+06  0.950251  0.290108  0.237563  0 
1.3188e+06  0.90005  0.364946  0.225013  0 
1.07184e+06  1.03409  0.232172  0.258523  0 
1.7988e+06  0.817597  0.623011  0.204399  0 
1.33032e+06  0.895591  0.37114  0.223898  0 
1.35432e+06  0.889838  0.384043  0.22246  0 
1.28712e+06  0.907271  0.347914  0.226818  0 
1.42752e+06  0.868621  0.423398  0.217155  0 
1.22328e+06  0.935211  0.313591  0.233803  0 
1.25328e+06  0.927956  0.32972  0.231989  0 
1.31784e+06  0.900464  0.36443  0.225116  0 
1.57632e+06  0.839841  0.503398  0.20996  0 
1.70448e+06  0.822544  0.572301  0.205636  0 
1.46688e+06  0.861839  0.444559  0.21546  0 
1.5984e+06  0.836185  0.515269  0.209046  0 
1.76496e+06  0.819809  0.604817  0.204952  0 
1.12488e+06  1.00753  0.260688  0.251883  0 
1.50264e+06  0.853996  0.463785  0.213499  0 
1.3008e+06  0.903964  0.355269  0.225991  0 
1.04496e+06  1.10813  0.21772  0.277033  0 
1.43928e+06  0.864088  0.42972  0.216022  0 
1.038e+06  1.12223  0.213978  0.280557  0 
1.0464e+06  1.09832  0.218495  0.27458  0 
1.17096e+06  0.960598  0.285462  0.240149  0 
1.17e+06  0.960609  0.284946  0.240152  0 
1.24752e+06  0.931527  0.326624  0.232882  0 
1.22184e+06  0.938573  0.312817  0.234643  0 
1.57536e+06  0.842087  0.502882  0.210522  0 
1.2396e+06  0.931751  0.322366  0.232938  0 
1.23096e+06  0.933516  0.31772  0.233379  0 
1.23e+06  0.933531  0.317204  0.233383  0 
1.12128e+06  1.00839  0.258753  0.252097  0 
1.0368e+06  1.12814  0.213333  0.282034  0 
1.34952e+06  0.892357  0.381462  0.223089  0 
1.42752e+06  0.868621  0.423398  0.217155  0 
1.07184e+06  1.03409  0.232172  0.258523  0 
1.46688e+06  0.861839  0.444559  0.21546  0 
1.14552e+06  0.974069  0.271785  0.243517  0 

968400  1.23135  0.176559  0.307837  0 
2.02056e+06  0.796552  0.742237  0.199138  0 
1.80336e+06  0.814464  0.625462  0.203616  0 
1.61472e+06  0.827192  0.524043  0.206798  0 
1.43928e+06  0.858729  0.42972  0.214682  0 
1.28136e+06  0.906826  0.344817  0.226707  0 
1.15272e+06  0.960467  0.275656  0.240117  0 
1.06008e+06  1.03081  0.225849  0.257702  0 
1.00656e+06  1.11884  0.197075  0.27971  0 
1.10784e+06  0.979632  0.251527  0.244908  0 
1.25616e+06  0.910204  0.331269  0.227551  0 
1.23576e+06  0.916282  0.320301  0.22907  0 
1.4172e+06  0.864206  0.417849  0.216052  0 
1.038e+06  1.07876  0.213978  0.269691  0 
1.39224e+06  0.869766  0.40443  0.217441  0 
1.08744e+06  0.994159  0.240559  0.24854  0 
1.04448e+06  1.04439  0.217462  0.261097  0 
1.21896e+06  0.929033  0.311269  0.232258  0 
1.37784e+06  0.874646  0.396688  0.218661  0 
1.02312e+06  1.0898  0.205978  0.272449  0 
1.3656e+06  0.879421  0.390108  0.219855  0 
983760  1.20588  0.184817  0.301469  0 
1.56096e+06  0.833752  0.49514  0.208438  0 
1.07592e+06  1.00618  0.234366  0.251545  0 
1.19976e+06  0.935931  0.300946  0.233983  0 
1.18656e+06  0.937253  0.293849  0.234313  0 
1.54992e+06  0.836366  0.489204  0.209091  0 
1.53168e+06  0.836949  0.479398  0.209237  0 
1.356e+06  0.883469  0.384946  0.220867  0 
1.3452e+06  0.886262  0.37914  0.221565  0 
1.51632e+06  0.838876  0.47114  0.209719  0 
997440  1.13492  0.192172  0.283729  0 
1.33032e+06  0.891697  0.37114  0.222924  0 
1.94448e+06  0.80016  0.701333  0.20004  0 
1.14624e+06  0.964121  0.272172  0.24103  0 
1.06848e+06  1.01774  0.230366  0.254435  0 
1.92336e+06  0.801696  0.689978  0.200424  0 
1.79688e+06  0.814579  0.621978  0.203645  0 
1.31328e+06  0.894245  0.361978  0.223561  0 
1.22712e+06  0.916747  0.315656  0.229187  0 
1.17192e+06  0.948413  0.285978  0.237103  0 
1.76328e+06  0.8152  0.603914  0.2038  0 
1.01784e+06  1.09807  0.20314  0.274517  0 
1.05168e+06  1.03329  0.221333  0.258323  0 
1.1604e+06  0.949377  0.279785  0.237344  0 
1.13856e+06  0.968717  0.268043  0.242179  0 
1.50624e+06  0.848889  0.46572  0.212222  0 
1.49952e+06  0.848903  0.462108  0.212226  0 
1.7592e+06  0.815801  0.60172  0.20395  0 
1.89768e+06  0.806567  0.676172  0.201642  0 
1.7544e+06  0.820285  0.59914  0.205071  0 
1.72032e+06  0.820482  0.580817  0.205121  0 
1.48392e+06  0.852363  0.45372  0.213091  0 
1.30488e+06  0.900565  0.357462  0.225141  0 
1.10496e+06  0.983783  0.249978  0.245946  0 
1.70712e+06  0.82119  0.57372  0.205297  0 
1.30152e+06  0.900963  0.355656  0.225241  0 
1.69464e+06  0.821339  0.567011  0.205335  0 
1.00344e+06  1.12924  0.195398  0.28231  0 
1.0848e+06  1.00025  0.23914  0.250063  0 
1.89288e+06  0.808803  0.673591  0.202201  0 
1.13328e+06  0.974289  0.265204  0.243572  0 
1.48128e+06  0.853456  0.452301  0.213364  0 
1.2972e+06  0.901581  0.353333  0.225395  0 
1.24416e+06  0.911687  0.324817  0.227922  0 
1.18344e+06  0.94399  0.292172  0.235998  0 
1.4064e+06  0.865496  0.412043  0.216374  0 
1.20768e+06  0.931829  0.305204  0.232957  0 
1.4724e+06  0.854732  0.447527  0.213683  0 
1.45176e+06  0.854879  0.43643  0.21372  0 
1.3428e+06  0.887912  0.377849  0.221978  0 
1.24248e+06  0.912327  0.323914  0.228082  0 
1.29456e+06  0.903284  0.351914  0.225821  0 
1.01184e+06  1.11548  0.199914  0.278871  0 
1.60872e+06  0.830543  0.520817  0.207636  0 
1.65624e+06  0.824125  0.546366  0.206031  0 
1.27752e+06  0.907346  0.342753  0.226836  0 
1.28856e+06  0.904107  0.348688  0.226027  0 
1.43352e+06  0.861528  0.426624  0.215382  0 
1.8744e+06  0.81179  0.663656  0.202948  0 
1.04784e+06  1.04177  0.219269  0.260443  0 
1.51248e+06  0.846299  0.469075  0.211575  0 
1.13712e+06  0.971808  0.267269  0.242952  0 
1.3116e+06  0.898297  0.361075  0.224574  0 
1.01088e+06  1.11648  0.199398  0.27912  0 
1.24152e+06  0.913919  0.323398  0.22848  0 
1.26864e+06  0.908186  0.337978  0.227046  0 
1.554e+06  0.834394  0.491398  0.208598  0 
1.0992e+06  0.992267  0.246882  0.248067  0 
1.86288e+06  0.812587  0.657462  0.203147  0 
1.18152e+06  0.946743  0.29114  0.236686  0 
1.24056e+06  0.91466  0.322882  0.228665  0 
1.42656e+06  0.862609  0.422882  0.215652  0 
1.37712e+06  0.87724  0.396301  0.21931  0 
1.21824e+06  0.930077  0.310882  0.232519  0 
1.1556e+06  0.958949  0.277204  0.239737  0 
1.07184e+06  1.01623  0.232172  0.254056  0 
1.3752e+06  0.877906  0.395269  0.219476  0 
1.0296e+06  1.08836  0.209462  0.272091  0 
1.3452e+06  0.886262  0.37914  0.221565  0 

