32424130184251.074219 32424128198012.640625 1986240.000000 1.567856 3242413.819801 17432327.711963 8106032049503.160156 32424128198011.074219 80 
46052413.384837 44116815.494611 1935600.000000 2.109774 5.411681 24.415276 11029203.873653 44116813.384837 27 
50210530.706038 48111253.733359 2099280.000000 3.027321 5.811125 26.650823 12027813.433340 48111250.706038 40 
156459883014399.312500 156459880980640.562500 2033760.000000 1.236486 15645989.098064 84118216.330322 39114970245160.140625 156459880980639.312500 87 
43737872.360370 41785954.157558 1951920.000000 1.797188 5.178595 23.170899 10446488.539389 41785952.360370 21 
50243000.918714 48324923.108686 1918080.000000 2.189971 5.832492 26.668280 12081230.777171 48324920.918714 41 
25286711834160.050781 25286710013282.031250 1820880.000000 1.979424 2528672.001328 13595006.018366 6321677503320.507812 25286710013280.050781 79 
44339042.826912 42440404.447895 1898640.000000 1.620983 5.244040 23.494109 10610101.111974 42440402.826912 24 
51951324183664.085938 51951322226466.484375 1957200.000000 2.397053 5195133.222646 27930819.109497 12987830556616.621094 51951322226464.085938 81 
24532537.753413 22509339.083021 2023200.000000 1.329609 3.250934 12.845450 5627334.770755 22509337.753413 4 
61463291.898745 59526493.350794 1936800.000000 1.452049 6.952649 32.700695 14881623.337699 59526491.898745 52 
22430503675253.218750 22430501588214.531250 2087040.000000 1.313483 2243051.158821 12059410.234007 5607625397053.632812 22430501588213.218750 76 
72445103.425021 70361184.791014 2083920.000000 1.365993 8.036118 38.604894 17590296.197754 70361183.425021 59 
31460743.009275 29503544.544944 1957200.000000 1.535670 3.950354 16.570292 7375886.136236 29503543.009275 8 
60279527.214895 58293529.106964 1986000.000000 1.892069 6.829353 32.064262 14573382.276741 58293527.214895 50 
44939651.247328 43168453.042080 1771200.000000 1.794752 5.316845 23.817017 10792113.260520 43168451.247328 26 
70017356.415303 68114398.632226 1902960.000000 2.216924 7.811440 37.299654 17028599.658057 68114396.415303 57 
342811947110365.062500 342811945248927.000000 1861440.000000 1.948767 34281195.524893 184307498.102347 85702986312231.750000 342811945248925.062500 91 
60851019.290310 58860700.593956 1990320.000000 1.303646 6.886070 32.371516 14715175.148489 58860699.290310 51 
46865671.897719 44945673.244829 1920000.000000 1.347110 5.494567 24.852512 11236418.311207 44945671.897719 31 
142049680.751329 139959042.663178 2090640.000000 1.911849 14.995904 76.026710 34989760.665794 139959040.751329 71 
69584157194384.898438 69584155239826.695312 1954560.000000 1.796494 6958416.523982 37410836.857196 17396038809956.673828 69584155239824.898438 83 
137208865974360.656250 137208864066362.734375 1908000.000000 2.084531 13720887.406636 73768207.169011 34302216016590.683594 137208864066360.656250 85 
65053611.956500 63197933.409339 1855680.000000 1.452839 7.319793 34.630974 15799483.352335 63197931.956500 54 
23954349.439861 22008430.890476 1945920.000000 1.450616 3.200843 12.534596 5502107.722619 22008429.439861 2 
41969757.604951 40087199.059610 1882560.000000 1.454659 5.008720 22.220300 10021799.764903 40087197.604951 17 
36479501.429381 34350462.983030 2129040.000000 1.553649 4.435046 19.268549 8587615.745758 34350461.429381 12 
40330484.590009 38227846.455004 2102640.000000 1.864995 4.822784 21.338970 9556961.613751 38227844.590009 16 
57701616.564883 55862738.495826 1838880.000000 1.930944 6.586274 30.678288 13965684.623957 55862736.564883 47 
22749526432863.781250 22749524392145.789062 2040720.000000 2.006143 2274953.439214 12230927.845626 5687381098036.447266 22749524392143.781250 77 
42626942.824490 40801984.336616 1824960.000000 1.512126 5.080198 22.573625 10200496.084154 40801982.824490 19 
59933423.264929 57948384.936191 1985040.000000 1.671262 6.794838 31.878185 14487096.234048 57948383.264929 48 
46677887.284131 44551008.740440 2126880.000000 1.456309 5.455101 24.751552 11137752.185110 44551007.284131 30 
15125390578977.197266 15125388552178.992188 2026800.000000 1.794823 1512539.855218 8131930.074719 3781347138044.748047 15125388552177.197266 74 
49286832.638709 47340915.086577 1945920.000000 2.447869 5.734091 26.154211 11835228.771644 47340912.638709 36 
25154732247174.578125 25154730270775.980469 1976400.000000 1.401460 2515474.027077 13524049.251169 6288682567693.995117 25154730270774.578125 78 
73913923.227328 71983365.504456 1930560.000000 2.277128 8.198336 39.394582 17995841.376114 71983363.227328 60 
35514209.287501 33458131.626240 2056080.000000 2.338739 4.345813 18.749575 8364532.906560 33458129.287501 11 
44160667.447131 41886668.595505 2274000.000000 1.148374 5.188667 23.398208 10471667.148876 41886667.447131 22 
53395601.456812 51400483.937124 1995120.000000 2.480313 6.140048 28.363227 12850120.984281 51400481.456812 44 
47939938.202602 45917219.470981 2022720.000000 1.268379 5.591722 25.430074 11479304.867745 45917218.202602 33 
44458879.569256 42463761.493593 1995120.000000 1.924337 5.246376 23.558537 10615940.373398 42463759.569256 25 
97456453.770528 95540536.229986 1915920.000000 2.459458 10.554053 52.051857 23885134.057497 95540533.770528 69 
15445725788070.925781 15445723815032.775391 1973040.000000 1.848969 1544573.381503 8304153.305414 3861430953758.193848 15445723815030.925781 75 
11483041789953.500000 11483039720675.173828 2069280.000000 1.673054 1148304.972067 6173678.037609 2870759930168.793457 11483039720673.500000 73 
76555497.536319 74628299.398341 1927200.000000 1.862023 8.462830 40.814784 18657074.849585 74628297.536319 62 
54998633.043888 52832394.196063 2166240.000000 1.152176 6.283239 29.225072 13208098.549016 52832393.043888 46 
86141012.840028 84134374.595843 2006640.000000 1.755815 9.413437 45.968286 21033593.648961 84134372.840028 67 
67210529.780267 65265571.311451 1944960.000000 1.531184 7.526557 35.790607 16316392.827863 65265569.780267 55 
46102461.063861 44129664.286782 1972800.000000 3.222921 5.412966 24.442183 11032416.071695 44129661.063861 28 
154134907106557.500000 154134905093440.531250 2013120.000000 3.030896 15413491.509344 82868229.283095 38533726273360.132812 154134905093437.500000 86 
38061135.785690 35967137.391623 2094000.000000 1.605933 4.596714 20.118890 8991784.347906 35967135.785690 14 
48321350.864121 46211273.354813 2110080.000000 2.490692 5.621127 25.635135 11552818.338703 46211270.864121 34 
30045736.087645 28074377.658832 1971360.000000 1.571187 3.807438 15.809536 7018594.414708 28074376.087645 7 
24480020.759074 22407142.315418 2072880.000000 1.556344 3.240714 12.817215 5601785.578855 22407140.759074 3 
48241268.367455 46357509.524942 1883760.000000 1.157486 5.635751 25.592080 11589377.381235 46357508.367455 34 
78685996.822808 76729998.699439 1956000.000000 1.876631 8.673000 41.960213 19182499.674860 76729996.822808 64 
80494636.493990 78271998.104119 2222640.000000 1.610129 8.827200 42.932600 19567999.526030 78271996.493990 65 
41992468.976833 40050630.435049 1941840.000000 1.458216 5.005063 22.232510 10012657.608762 40050628.976833 17 
76594171.574537 74803053.440962 1791120.000000 1.866426 8.480305 40.835576 18700763.360241 74803051.574537 63 
44329641.867700 42411323.675750 1918320.000000 1.808050 5.241132 23.489055 10602830.918937 42411321.867700 23 
70662078.351731 68824160.700863 1837920.000000 2.349132 7.882416 37.646279 17206040.175216 68824158.351731 58 
36907795.957044 34907397.536559 2000400.000000 1.579516 4.490740 19.498815 8726849.384140 34907395.957044 13 
117676707.517201 115505189.255482 2171520.000000 1.738281 12.550519 62.922961 28876297.313870 115505187.517201 70 
159038801461872.562500 159038799494833.718750 1967040.000000 1.153648 15903880.949483 85504731.624663 39759699873708.429688 159038799494832.562500 88 
43401321.129209 41581642.510454 1819680.000000 1.381245 5.158164 22.989958 10395410.627614 41581641.129209 20 
63648712.894903 61588554.315067 2060160.000000 1.420163 7.158855 33.875652 15397138.578767 61588552.894903 53 
49972468.632912 48037110.525902 1935360.000000 1.892989 5.803711 26.522833 12009277.631475 48037108.632912 39 
29143219.755495 27203781.126825 1939440.000000 1.371330 3.720378 15.324312 6800945.281706 27203779.755495 6 
69983721.420696 68030602.897145 1953120.000000 1.476450 7.803060 37.281571 17007650.724286 68030601.420696 56 
54117402.523566 51988604.108933 2128800.000000 1.585368 6.198860 28.751292 12997151.027233 51988602.523566 45 
80953812968358.421875 80953810863800.218750 2104560.000000 1.789288 8095382.086380 43523555.015246 20238452715950.054688 80953810863798.421875 84 
74419698.742019 72372019.964292 2047680.000000 1.222273 8.237202 39.666505 18093004.991073 72372018.742019 61 
33656983.548519 31714425.209659 1942560.000000 1.661140 4.171442 17.751066 7928606.302415 31714423.548519 9 
59949023.366475 57973345.968386 1975680.000000 2.601911 6.797334 31.886572 14493336.492097 57973343.366475 49 
49792320.585001 47908322.709812 1884000.000000 2.124811 5.790832 26.425979 11977080.677453 47908320.585001 38 
49340520.813103 47391962.312990 1948560.000000 1.499887 5.739196 26.183076 11847990.578248 47391960.813103 37 
47627590.774539 45579192.134714 2048400.000000 1.360175 5.557919 25.262146 11394798.033678 45579190.774539 32 
49474654.468170 47321376.013923 2153280.000000 1.545753 5.732137 26.255191 11830344.003481 47321374.468170 36 
5819474240249.878906 5819472369931.466797 1870320.000000 1.587995 581948.236993 3128749.247446 1454868092482.866699 5819472369929.878906 72 
46536727.438991 44667608.948009 1869120.000000 1.509017 5.466761 24.675660 11166902.237002 44667607.438991 29 
34600592.631586 32632353.987818 1968240.000000 1.356233 4.263235 18.258383 8158088.496955 32632352.631586 10 
83161691.520864 81129373.559228 2032320.000000 2.038364 9.112937 44.366501 20282343.389807 81129371.520864 66 
197148133367344.906250 197148131451426.375000 1915920.000000 1.457719 19714814.145142 105993619.745884 49287032862856.593750 197148131451424.906250 89 
47786151.141793 45509032.216646 2277120.000000 1.074853 5.550903 25.347393 11377258.054161 45509031.141793 32 
23013559.953087 20932281.347140 2081280.000000 1.394054 3.093228 12.028796 5233070.336785 20932279.953087 1 
46583962.666199 44410284.337239 2173680.000000 1.671040 5.441028 24.701055 11102571.084310 44410282.666199 29 
213062554268455.468750 213062552237576.843750 2030880.000000 1.364046 21306256.223758 114549760.015299 53265638059394.210938 213062552237575.468750 90 
52715140.588270 50682341.775467 2032800.000000 1.187197 6.068234 27.997387 12670585.443867 50682340.588270 43 
48672598.057338 46895160.083532 1777440.000000 2.026194 5.689516 25.823977 11723790.020883 46895158.057338 35 
52090566.695365 50010727.961879 2079840.000000 1.266515 6.001073 27.661595 12502681.990470 50010726.695365 42 
42490262.001578 40465383.816149 2024880.000000 1.814571 5.046538 22.500141 10116345.954037 40465382.001578 18 
43899640.711036 41912442.535277 1987200.000000 1.824241 5.191244 23.257871 10478110.633819 41912440.711036 22 
96868545.426341 94741666.762681 2126880.000000 1.336341 10.474167 51.735777 23685416.690670 94741665.426341 68 
38323535.272990 36298416.613391 2025120.000000 1.340400 4.629842 20.259965 9074604.153348 36298415.272990 15 
60320570.724041 58129131.655657 2191440.000000 0.931615 6.812913 32.086328 14532282.913914 58129130.724041 50 
24856840.159355 22877322.876612 1979520.000000 2.717256 3.287732 13.019807 5719330.719153 22877320.159355 5 
20664571.598888 18458973.181292 2205600.000000 1.582404 2.845897 10.765899 4614743.295323 18458971.598888 0 
794780340436583.750000 794780338486825.500000 1949760.000000 1.776334 79478034.848682 427301257.955153 198695084621706.375000 794780338486823.750000 92 
68849303985227.117188 68849302110828.695312 1874400.000000 1.576229 6884931.211083 37015754.486681 17212325527707.173828 68849302110827.117188 82 
#Generacion: 1 
#Distancia: 782.619899 
1558320.000000 0.870516 1558320.000000 0.870516 0.996824 0.493720 0.217629 0.000000 0 
1485600.000000 0.878227 1485600.000000 0.878227 0.987716 0.454624 0.219557 0.000000 0 
1210800.000000 0.981449 1210800.000000 0.981449 0.995401 0.306882 0.245362 0.000000 0 
1736160.000000 0.854528 1736160.000000 0.854528 0.989385 0.589333 0.213632 0.000000 0 
1175280.000000 0.996984 1175280.000000 0.996984 0.998531 0.287785 0.249246 0.000000 0 
1280160.000000 0.938592 1280160.000000 0.938592 0.995074 0.344172 0.234648 0.000000 0 
1166880.000000 1.011255 1166880.000000 1.011255 0.995557 0.283269 0.252814 0.000000 0 
1201920.000000 0.994652 1201920.000000 0.994652 0.990908 0.302108 0.248663 0.000000 0 
1490160.000000 0.876510 1490160.000000 0.876510 0.981209 0.457075 0.219128 0.000000 0 
1382160.000000 0.897306 1382160.000000 0.897306 0.990720 0.399011 0.224326 0.000000 0 
1264320.000000 0.945643 1264320.000000 0.945643 0.991930 0.335656 0.236411 0.000000 0 
1210560.000000 0.993255 1210560.000000 0.993255 0.999340 0.306753 0.248314 0.000000 0 
1761840.000000 0.850979 1761840.000000 0.850979 0.959730 0.603140 0.212745 0.000000 0 
1160880.000000 1.012764 1160880.000000 1.012764 0.999928 0.280043 0.253191 0.000000 0 
1264320.000000 0.945643 1264320.000000 0.945643 0.991930 0.335656 0.236411 0.000000 0 
1643760.000000 0.856222 1643760.000000 0.856222 0.970873 0.539656 0.214055 0.000000 0 
1135920.000000 1.014473 1135920.000000 1.014473 0.995194 0.266624 0.253618 0.000000 0 
1237440.000000 0.964723 1237440.000000 0.964723 0.997721 0.321204 0.241181 0.000000 0 
1484640.000000 0.878245 1484640.000000 0.878245 0.987759 0.454108 0.219561 0.000000 0 
1083120.000000 1.096674 1083120.000000 1.096674 0.995172 0.238237 0.274169 0.000000 0 
1264320.000000 0.945643 1264320.000000 0.945643 0.991930 0.335656 0.236411 0.000000 0 
1428480.000000 0.886477 1428480.000000 0.886477 0.959119 0.423914 0.221619 0.000000 0 
1167360.000000 1.008946 1167360.000000 1.008946 0.991918 0.283527 0.252237 0.000000 0 
1040160.000000 1.439359 1040160.000000 1.439359 0.997121 0.215140 0.359840 0.000000 0 
1193520.000000 0.996487 1193520.000000 0.996487 0.998826 0.297591 0.249122 0.000000 0 
1394640.000000 0.887665 1394640.000000 0.887665 0.955629 0.405720 0.221916 0.000000 0 
1535520.000000 0.870787 1535520.000000 0.870787 0.988106 0.481462 0.217697 0.000000 0 
1254720.000000 0.957314 1254720.000000 0.957314 0.996424 0.330495 0.239329 0.000000 0 
1040160.000000 1.439359 1040160.000000 1.439359 0.997121 0.215140 0.359840 0.000000 0 
1485600.000000 0.878227 1485600.000000 0.878227 0.987716 0.454624 0.219557 0.000000 0 
1274400.000000 0.944982 1274400.000000 0.944982 0.984175 0.341075 0.236246 0.000000 0 
1263840.000000 0.956286 1263840.000000 0.956286 0.993825 0.335398 0.239072 0.000000 0 
1290240.000000 0.934868 1290240.000000 0.934868 0.987887 0.349591 0.233717 0.000000 0 
1394640.000000 0.887665 1394640.000000 0.887665 0.955629 0.405720 0.221916 0.000000 0 
1531680.000000 0.871306 1531680.000000 0.871306 0.986849 0.479398 0.217826 0.000000 0 
1578960.000000 0.863221 1578960.000000 0.863221 0.993147 0.504817 0.215805 0.000000 0 
1014720.000000 1.569585 1014720.000000 1.569585 0.997365 0.201462 0.392396 0.000000 0 
1292880.000000 0.928188 1292880.000000 0.928188 0.990895 0.351011 0.232047 0.000000 0 
1181280.000000 0.996974 1181280.000000 0.996974 0.999689 0.291011 0.249244 0.000000 0 
1460160.000000 0.883144 1460160.000000 0.883144 0.955107 0.440946 0.220786 0.000000 0 
1643760.000000 0.856222 1643760.000000 0.856222 0.970873 0.539656 0.214055 0.000000 0 
1628640.000000 0.856720 1628640.000000 0.856720 0.971895 0.531527 0.214180 0.000000 0 
1068240.000000 1.403746 1068240.000000 1.403746 0.999293 0.230237 0.350936 0.000000 0 
1101840.000000 1.078355 1101840.000000 1.078355 0.998833 0.248301 0.269589 0.000000 0 
1368480.000000 0.898186 1368480.000000 0.898186 0.992537 0.391656 0.224546 0.000000 0 
1470960.000000 0.881155 1470960.000000 0.881155 0.985824 0.446753 0.220289 0.000000 0 
1062720.000000 1.438601 1062720.000000 1.438601 0.971235 0.227269 0.359650 0.000000 0 
1309920.000000 0.924445 1309920.000000 0.924445 0.999709 0.360172 0.231111 0.000000 0 
1361760.000000 0.904727 1361760.000000 0.904727 0.993319 0.388043 0.226182 0.000000 0 
1135920.000000 1.014473 1135920.000000 1.014473 0.995194 0.266624 0.253618 0.000000 0 
1198560.000000 0.994812 1198560.000000 0.994812 0.989752 0.300301 0.248703 0.000000 0 
1492800.000000 0.872897 1492800.000000 0.872897 0.970215 0.458495 0.218224 0.000000 0 
1421520.000000 0.886561 1421520.000000 0.886561 0.957646 0.420172 0.221640 0.000000 0 
1318320.000000 0.908254 1318320.000000 0.908254 0.995048 0.364688 0.227063 0.000000 0 
1623120.000000 0.858692 1623120.000000 0.858692 0.963013 0.528559 0.214673 0.000000 0 
1174320.000000 1.007547 1174320.000000 1.007547 0.997137 0.287269 0.251887 0.000000 0 
1126080.000000 1.034281 1126080.000000 1.034281 0.999970 0.261333 0.258570 0.000000 0 
1434240.000000 0.884553 1434240.000000 0.884553 0.971357 0.427011 0.221138 0.000000 0 
1314720.000000 0.913201 1314720.000000 0.913201 0.977770 0.362753 0.228300 0.000000 0 
1802880.000000 0.838348 1802880.000000 0.838348 0.962976 0.625204 0.209587 0.000000 0 
1070160.000000 1.125895 1070160.000000 1.125895 0.997643 0.231269 0.281474 0.000000 0 
1166880.000000 1.011255 1166880.000000 1.011255 0.995557 0.283269 0.252814 0.000000 0 
1030080.000000 1.543636 1030080.000000 1.543636 0.998073 0.209720 0.385909 0.000000 0 
1350000.000000 0.904745 1350000.000000 0.904745 0.999820 0.381720 0.226186 0.000000 0 
1470960.000000 0.881155 1470960.000000 0.881155 0.985824 0.446753 0.220289 0.000000 0 
1022640.000000 1.543905 1022640.000000 1.543905 0.995616 0.205720 0.385976 0.000000 0 
1421520.000000 0.886561 1421520.000000 0.886561 0.957646 0.420172 0.221640 0.000000 0 
1033440.000000 1.439916 1033440.000000 1.439916 0.997322 0.211527 0.359979 0.000000 0 
1497600.000000 0.871377 1497600.000000 0.871377 0.981678 0.461075 0.217844 0.000000 0 
1216320.000000 0.978328 1216320.000000 0.978328 0.996821 0.309849 0.244582 0.000000 0 
2073600.000000 0.842362 2073600.000000 0.842362 0.993955 0.770753 0.210590 0.000000 1 
1025280.000000 1.651893 1025280.000000 1.651893 0.988909 0.207140 0.412973 0.000000 1 
1077600.000000 1.385795 1077600.000000 1.385795 0.991895 0.235269 0.346449 0.000000 1 
1786800.000000 0.851436 1786800.000000 0.851436 0.978674 0.616559 0.212859 0.000000 1 
1084320.000000 1.126984 1084320.000000 1.126984 0.996773 0.238882 0.281746 0.000000 1 
1999680.000000 0.844424 1999680.000000 0.844424 0.985163 0.731011 0.211106 0.000000 1 
1036560.000000 1.557379 1036560.000000 1.557379 0.997844 0.213204 0.389345 0.000000 1 
1632720.000000 0.856845 1632720.000000 0.856845 0.962873 0.533720 0.214211 0.000000 1 
1051680.000000 1.470878 1051680.000000 1.470878 0.998221 0.221333 0.367720 0.000000 1 
1038720.000000 1.536438 1038720.000000 1.536438 0.990522 0.214366 0.384110 0.000000 1 
1440960.000000 0.885027 1440960.000000 0.885027 0.996415 0.430624 0.221257 0.000000 1 
1073280.000000 1.427349 1073280.000000 1.427349 0.992038 0.232946 0.356837 0.000000 1 
1371840.000000 0.903211 1371840.000000 0.903211 0.994342 0.393462 0.225803 0.000000 1 
1171680.000000 1.010894 1171680.000000 1.010894 0.992704 0.285849 0.252723 0.000000 1 
1551840.000000 0.871102 1551840.000000 0.871102 0.998353 0.490237 0.217776 0.000000 1 
1597200.000000 0.869810 1597200.000000 0.869810 0.981638 0.514624 0.217452 0.000000 1 
1148160.000000 1.042533 1148160.000000 1.042533 0.996871 0.273204 0.260633 0.000000 1 
1214640.000000 0.982933 1214640.000000 0.982933 0.994984 0.308946 0.245733 0.000000 1 
1130640.000000 1.050696 1130640.000000 1.050696 0.999934 0.263785 0.262674 0.000000 1 
1502400.000000 0.874830 1502400.000000 0.874830 0.999316 0.463656 0.218707 0.000000 1 
1243200.000000 0.964912 1243200.000000 0.964912 0.991472 0.324301 0.241228 0.000000 1 
1196400.000000 0.999855 1196400.000000 0.999855 0.992706 0.299140 0.249964 0.000000 1 
1288080.000000 0.941500 1288080.000000 0.941500 0.984701 0.348430 0.235375 0.000000 1 
1116240.000000 1.084550 1116240.000000 1.084550 0.999389 0.256043 0.271138 0.000000 1 
1305840.000000 0.929182 1305840.000000 0.929182 0.985174 0.357978 0.232296 0.000000 1 
1264320.000000 0.957674 1264320.000000 0.957674 0.999963 0.335656 0.239419 0.000000 1 
1482480.000000 0.881835 1482480.000000 0.881835 0.980504 0.452946 0.220459 0.000000 1 
1087440.000000 1.109910 1087440.000000 1.109910 0.998696 0.240559 0.277478 0.000000 1 
1108080.000000 1.093583 1108080.000000 1.093583 0.996257 0.251656 0.273396 0.000000 1 
1327440.000000 0.912231 1327440.000000 0.912231 0.995350 0.369591 0.228058 0.000000 1 
#Generacion: 500 
#Distancia: 338.267778 
962880.000000 1.486344 962880.000000 1.486344 0.990201 0.173591 0.371586 0.000000 0 
1696800.000000 0.829414 1696800.000000 0.829414 0.945397 0.568172 0.207354 0.000000 0 
962880.000000 1.486344 962880.000000 1.486344 0.990201 0.173591 0.371586 0.000000 0 
1016640.000000 1.319026 1016640.000000 1.319026 0.989488 0.202495 0.329756 0.000000 0 
1020000.000000 1.178473 1020000.000000 1.178473 0.997733 0.204301 0.294618 0.000000 0 
979920.000000 1.385290 979920.000000 1.385290 0.994337 0.182753 0.346323 0.000000 0 
972480.000000 1.485109 972480.000000 1.485109 0.986657 0.178753 0.371277 0.000000 0 
1631040.000000 0.843125 1631040.000000 0.843125 0.999851 0.532817 0.210781 0.000000 0 
1548720.000000 0.844891 1548720.000000 0.844891 0.974256 0.488559 0.211223 0.000000 0 
1061760.000000 1.077125 1061760.000000 1.077125 0.998337 0.226753 0.269281 0.000000 0 
1074960.000000 1.056624 1074960.000000 1.056624 0.998292 0.233849 0.264156 0.000000 0 
1650960.000000 0.835353 1650960.000000 0.835353 0.958728 0.543527 0.208838 0.000000 0 
1086960.000000 1.032399 1086960.000000 1.032399 0.993747 0.240301 0.258100 0.000000 0 
1696800.000000 0.829414 1696800.000000 0.829414 0.945397 0.568172 0.207354 0.000000 0 
1016400.000000 1.353551 1016400.000000 1.353551 0.992455 0.202366 0.338388 0.000000 0 
1125600.000000 1.004098 1125600.000000 1.004098 0.999823 0.261075 0.251024 0.000000 0 
1057200.000000 1.109856 1057200.000000 1.109856 0.998521 0.224301 0.277464 0.000000 0 
1406640.000000 0.877784 1406640.000000 0.877784 0.981413 0.412172 0.219446 0.000000 0 
1131600.000000 0.976516 1131600.000000 0.976516 0.996516 0.264301 0.244129 0.000000 0 
1041360.000000 1.117345 1041360.000000 1.117345 0.996251 0.215785 0.279336 0.000000 0 
1039680.000000 1.148583 1039680.000000 1.148583 0.999305 0.214882 0.287146 0.000000 0 
1095360.000000 1.023993 1095360.000000 1.023993 0.997309 0.244817 0.255998 0.000000 0 
1188000.000000 0.932093 1188000.000000 0.932093 0.988867 0.294624 0.233023 0.000000 0 
1530720.000000 0.856527 1530720.000000 0.856527 0.992095 0.478882 0.214132 0.000000 0 
1232880.000000 0.917706 1232880.000000 0.917706 0.998365 0.318753 0.229426 0.000000 0 
1382160.000000 0.884437 1382160.000000 0.884437 0.986574 0.399011 0.221109 0.000000 0 
1038480.000000 1.173786 1038480.000000 1.173786 0.997488 0.214237 0.293447 0.000000 0 
1357680.000000 0.886952 1357680.000000 0.886952 0.998272 0.385849 0.221738 0.000000 0 
1424880.000000 0.869360 1424880.000000 0.869360 0.983316 0.421978 0.217340 0.000000 0 
1546080.000000 0.852058 1546080.000000 0.852058 0.998749 0.487140 0.213015 0.000000 0 
1137840.000000 0.975565 1137840.000000 0.975565 0.997906 0.267656 0.243891 0.000000 0 
1039680.000000 1.148583 1039680.000000 1.148583 0.999305 0.214882 0.287146 0.000000 0 
1517760.000000 0.857398 1517760.000000 0.857398 0.959242 0.471914 0.214349 0.000000 0 
1232400.000000 0.929075 1232400.000000 0.929075 0.972087 0.318495 0.232269 0.000000 0 
1423920.000000 0.877033 1423920.000000 0.877033 0.998392 0.421462 0.219258 0.000000 0 
1110000.000000 1.020369 1110000.000000 1.020369 0.988857 0.252688 0.255092 0.000000 0 
1219440.000000 0.930717 1219440.000000 0.930717 0.980602 0.311527 0.232679 0.000000 0 
1246320.000000 0.911087 1246320.000000 0.911087 0.996212 0.325978 0.227772 0.000000 0 
1267440.000000 0.909327 1267440.000000 0.909327 0.997617 0.337333 0.227332 0.000000 0 
1328640.000000 0.893962 1328640.000000 0.893962 0.989938 0.370237 0.223490 0.000000 0 
1480320.000000 0.865375 1480320.000000 0.865375 0.998468 0.451785 0.216344 0.000000 0 
1490400.000000 0.861436 1490400.000000 0.861436 0.986595 0.457204 0.215359 0.000000 0 
1316640.000000 0.898285 1316640.000000 0.898285 0.997350 0.363785 0.224571 0.000000 0 
1057200.000000 1.109856 1057200.000000 1.109856 0.998521 0.224301 0.277464 0.000000 0 
1041360.000000 1.117345 1041360.000000 1.117345 0.996251 0.215785 0.279336 0.000000 0 
993360.000000 1.382679 993360.000000 1.382679 0.997542 0.189978 0.345670 0.000000 0 
1140000.000000 0.956568 1140000.000000 0.956568 0.998339 0.268817 0.239142 0.000000 0 
1251360.000000 0.910283 1251360.000000 0.910283 0.998824 0.328688 0.227571 0.000000 0 
1446960.000000 0.869146 1446960.000000 0.869146 0.999511 0.433849 0.217287 0.000000 0 
1451520.000000 0.868485 1451520.000000 0.868485 0.972788 0.436301 0.217121 0.000000 0 
1388640.000000 0.880424 1388640.000000 0.880424 0.980127 0.402495 0.220106 0.000000 0 
1012800.000000 1.368314 1012800.000000 1.368314 0.990696 0.200430 0.342078 0.000000 0 
1164000.000000 0.949944 1164000.000000 0.949944 0.994627 0.281720 0.237486 0.000000 0 
1467840.000000 0.868052 1467840.000000 0.868052 0.997449 0.445075 0.217013 0.000000 0 
1187280.000000 0.946842 1187280.000000 0.946842 0.999270 0.294237 0.236711 0.000000 0 
1116000.000000 1.012701 1116000.000000 1.012701 0.998994 0.255914 0.253175 0.000000 0 
1204080.000000 0.931154 1204080.000000 0.931154 0.983762 0.303269 0.232788 0.000000 0 
1003440.000000 1.375271 1003440.000000 1.375271 0.985536 0.195398 0.343818 0.000000 0 
1123680.000000 1.006244 1123680.000000 1.006244 0.999000 0.260043 0.251561 0.000000 0 
1148640.000000 0.952887 1148640.000000 0.952887 0.996616 0.273462 0.238222 0.000000 0 
1641600.000000 0.842987 1641600.000000 0.842987 0.999886 0.538495 0.210747 0.000000 0 
1299360.000000 0.901666 1299360.000000 0.901666 0.999341 0.354495 0.225416 0.000000 0 
1031520.000000 1.175927 1031520.000000 1.175927 0.999186 0.210495 0.293982 0.000000 0 
1500480.000000 0.860130 1500480.000000 0.860130 0.966887 0.462624 0.215032 0.000000 0 
1016400.000000 1.353551 1016400.000000 1.353551 0.992455 0.202366 0.338388 0.000000 0 
1165440.000000 0.949257 1165440.000000 0.949257 0.999269 0.282495 0.237314 0.000000 0 
1206960.000000 0.930990 1206960.000000 0.930990 0.986645 0.304817 0.232747 0.000000 0 
1296000.000000 0.903274 1296000.000000 0.903274 0.990067 0.352688 0.225818 0.000000 0 
1471680.000000 0.867979 1471680.000000 0.867979 0.973480 0.447140 0.216995 0.000000 0 
1277280.000000 0.904784 1277280.000000 0.904784 0.996925 0.342624 0.226196 0.000000 0 
1353120.000000 0.887593 1353120.000000 0.887593 0.991717 0.383398 0.221898 0.000000 0 
1272480.000000 0.905407 1272480.000000 0.905407 0.997995 0.340043 0.226352 0.000000 0 
1112400.000000 1.014523 1112400.000000 1.014523 0.998920 0.253978 0.253631 0.000000 0 
1504800.000000 0.859274 1504800.000000 0.859274 0.961439 0.464946 0.214819 0.000000 0 
1178880.000000 0.948853 1178880.000000 0.948853 0.997049 0.289720 0.237213 0.000000 0 
1140000.000000 0.956568 1140000.000000 0.956568 0.998339 0.268817 0.239142 0.000000 0 
1148640.000000 0.952887 1148640.000000 0.952887 0.996616 0.273462 0.238222 0.000000 0 
1336080.000000 0.892291 1336080.000000 0.892291 0.995529 0.374237 0.223073 0.000000 0 
1308000.000000 0.898359 1308000.000000 0.898359 0.993077 0.359140 0.224590 0.000000 0 
1345920.000000 0.890137 1345920.000000 0.890137 0.991036 0.379527 0.222534 0.000000 0 
1000080.000000 1.382299 1000080.000000 1.382299 0.996409 0.193591 0.345575 0.000000 0 
1387920.000000 0.883697 1387920.000000 0.883697 0.966812 0.402108 0.220924 0.000000 0 
1641600.000000 0.842987 1641600.000000 0.842987 0.999886 0.538495 0.210747 0.000000 0 
1186080.000000 0.948818 1186080.000000 0.948818 0.998732 0.293591 0.237205 0.000000 0 
1339200.000000 0.892161 1339200.000000 0.892161 0.991893 0.375914 0.223040 0.000000 0 
1286880.000000 0.904542 1286880.000000 0.904542 0.998328 0.347785 0.226136 0.000000 0 
1286880.000000 0.904542 1286880.000000 0.904542 0.998328 0.347785 0.226136 0.000000 0 
1345440.000000 0.891184 1345440.000000 0.891184 0.994866 0.379269 0.222796 0.000000 0 
1308000.000000 0.898359 1308000.000000 0.898359 0.993077 0.359140 0.224590 0.000000 0 
1011840.000000 1.368516 1011840.000000 1.368516 0.991092 0.199914 0.342129 0.000000 0 
1007280.000000 1.371175 1007280.000000 1.371175 0.999495 0.197462 0.342794 0.000000 0 
1007280.000000 1.371175 1007280.000000 1.371175 0.999495 0.197462 0.342794 0.000000 0 
1131600.000000 0.976516 1131600.000000 0.976516 0.996516 0.264301 0.244129 0.000000 0 
1178880.000000 0.948853 1178880.000000 0.948853 0.997049 0.289720 0.237213 0.000000 0 
1000080.000000 1.382299 1000080.000000 1.382299 0.996409 0.193591 0.345575 0.000000 0 
1504800.000000 0.859274 1504800.000000 0.859274 0.961439 0.464946 0.214819 0.000000 0 
1035360.000000 1.174158 1035360.000000 1.174158 0.996249 0.212559 0.293540 0.000000 0 
1033440.000000 1.174870 1033440.000000 1.174870 0.997022 0.211527 0.293717 0.000000 0 
1446960.000000 0.869146 1446960.000000 0.869146 0.999511 0.433849 0.217287 0.000000 0 
1388640.000000 0.880424 1388640.000000 0.880424 0.980127 0.402495 0.220106 0.000000 0 
#Generacion: 1000 
#Distancia: 300.365455 
917520.000000 1.813228 917520.000000 1.813228 0.991277 0.149204 0.453307 0.000000 0 
1779360.000000 0.816737 1779360.000000 0.816737 0.985331 0.612559 0.204184 0.000000 0 
989760.000000 1.235591 989760.000000 1.235591 0.998052 0.188043 0.308898 0.000000 0 
939360.000000 1.508739 939360.000000 1.508739 0.997584 0.160946 0.377185 0.000000 0 
928800.000000 1.642328 928800.000000 1.642328 0.987707 0.155269 0.410582 0.000000 0 
988080.000000 1.380187 988080.000000 1.380187 0.999137 0.187140 0.345047 0.000000 0 
1622160.000000 0.830938 1622160.000000 0.830938 0.971451 0.528043 0.207734 0.000000 0 
923040.000000 1.680546 923040.000000 1.680546 0.990125 0.152172 0.420136 0.000000 0 
1562160.000000 0.833943 1562160.000000 0.833943 0.977364 0.495785 0.208486 0.000000 0 
1684800.000000 0.828889 1684800.000000 0.828889 0.951221 0.561720 0.207222 0.000000 0 
1303200.000000 0.875560 1303200.000000 0.875560 0.998417 0.356559 0.218890 0.000000 0 
1329120.000000 0.874143 1329120.000000 0.874143 0.996981 0.370495 0.218536 0.000000 0 
1449840.000000 0.849577 1449840.000000 0.849577 0.977053 0.435398 0.212394 0.000000 0 
1509600.000000 0.849443 1509600.000000 0.849443 0.989950 0.467527 0.212361 0.000000 0 
994800.000000 1.186126 994800.000000 1.186126 0.996466 0.190753 0.296531 0.000000 0 
964080.000000 1.413271 964080.000000 1.413271 0.991583 0.174237 0.353318 0.000000 0 
1371120.000000 0.872473 1371120.000000 0.872473 0.987752 0.393075 0.218118 0.000000 0 
1023360.000000 1.154975 1023360.000000 1.154975 0.996204 0.206108 0.288744 0.000000 0 
1269120.000000 0.887331 1269120.000000 0.887331 0.989965 0.338237 0.221833 0.000000 0 
960720.000000 1.484190 960720.000000 1.484190 0.987716 0.172430 0.371047 0.000000 0 
1026720.000000 1.100214 1026720.000000 1.100214 0.999154 0.207914 0.275053 0.000000 0 
1166640.000000 0.937524 1166640.000000 0.937524 0.982670 0.283140 0.234381 0.000000 0 
962400.000000 1.433945 962400.000000 1.433945 0.993946 0.173333 0.358486 0.000000 0 
1185120.000000 0.918052 1185120.000000 0.918052 0.985441 0.293075 0.229513 0.000000 0 
978480.000000 1.382183 978480.000000 1.382183 0.999994 0.181978 0.345546 0.000000 0 
1761120.000000 0.822501 1761120.000000 0.822501 0.991581 0.602753 0.205625 0.000000 0 
1735200.000000 0.822585 1735200.000000 0.822585 0.968487 0.588817 0.205646 0.000000 0 
1187760.000000 0.912121 1187760.000000 0.912121 0.976488 0.294495 0.228030 0.000000 0 
1517520.000000 0.841134 1517520.000000 0.841134 0.995865 0.471785 0.210284 0.000000 0 
1211760.000000 0.908612 1211760.000000 0.908612 0.990600 0.307398 0.227153 0.000000 0 
1095600.000000 0.999965 1095600.000000 0.999965 0.987514 0.244946 0.249991 0.000000 0 
1127760.000000 0.959624 1127760.000000 0.959624 0.992919 0.262237 0.239906 0.000000 0 
1065840.000000 1.036602 1065840.000000 1.036602 0.989944 0.228946 0.259151 0.000000 0 
1396080.000000 0.860114 1396080.000000 0.860114 0.980734 0.406495 0.215029 0.000000 0 
1422960.000000 0.859078 1422960.000000 0.859078 0.954451 0.420946 0.214769 0.000000 0 
1540080.000000 0.840088 1540080.000000 0.840088 0.940003 0.483914 0.210022 0.000000 0 
1030080.000000 1.074939 1030080.000000 1.074939 0.996696 0.209720 0.268735 0.000000 0 
1140000.000000 0.956568 1140000.000000 0.956568 0.998339 0.268817 0.239142 0.000000 0 
1242240.000000 0.900649 1242240.000000 0.900649 0.985329 0.323785 0.225162 0.000000 0 
1115040.000000 0.983777 1115040.000000 0.983777 0.996003 0.255398 0.245944 0.000000 0 
1026720.000000 1.100214 1026720.000000 1.100214 0.999154 0.207914 0.275053 0.000000 0 
1437120.000000 0.857716 1437120.000000 0.857716 0.981989 0.428559 0.214429 0.000000 0 
1076880.000000 1.024110 1076880.000000 1.024110 0.998155 0.234882 0.256028 0.000000 0 
1081680.000000 1.003630 1081680.000000 1.003630 0.987593 0.237462 0.250908 0.000000 0 
958320.000000 1.489221 958320.000000 1.489221 0.986851 0.171140 0.372305 0.000000 0 
1105200.000000 0.994515 1105200.000000 0.994515 0.995522 0.250108 0.248629 0.000000 0 
928080.000000 1.660681 928080.000000 1.660681 0.992299 0.154882 0.415170 0.000000 0 
1009920.000000 1.156247 1009920.000000 1.156247 0.995751 0.198882 0.289062 0.000000 0 
1079520.000000 1.008838 1079520.000000 1.008838 0.985646 0.236301 0.252210 0.000000 0 
1725360.000000 0.827187 1725360.000000 0.827187 0.964988 0.583527 0.206797 0.000000 0 
923760.000000 1.662935 923760.000000 1.662935 0.986415 0.152559 0.415734 0.000000 0 
1692720.000000 0.828382 1692720.000000 0.828382 0.947573 0.565978 0.207095 0.000000 0 
1037520.000000 1.072466 1037520.000000 1.072466 0.994287 0.213720 0.268117 0.000000 0 
1232880.000000 0.901135 1232880.000000 0.901135 0.987694 0.318753 0.225284 0.000000 0 
1256400.000000 0.897891 1256400.000000 0.897891 0.995909 0.331398 0.224473 0.000000 0 
1384560.000000 0.871140 1384560.000000 0.871140 0.992755 0.400301 0.217785 0.000000 0 
1716960.000000 0.827421 1716960.000000 0.827421 0.978154 0.579011 0.206855 0.000000 0 
1448400.000000 0.856913 1448400.000000 0.856913 0.963738 0.434624 0.214228 0.000000 0 
962400.000000 1.433945 962400.000000 1.433945 0.993946 0.173333 0.358486 0.000000 0 
954240.000000 1.504047 954240.000000 1.504047 0.994259 0.168946 0.376012 0.000000 0 
1063440.000000 1.044004 1063440.000000 1.044004 0.993664 0.227656 0.261001 0.000000 0 
1385760.000000 0.865489 1385760.000000 0.865489 0.996206 0.400946 0.216372 0.000000 0 
1264080.000000 0.893084 1264080.000000 0.893084 0.998850 0.335527 0.223271 0.000000 0 
1121520.000000 0.971133 1121520.000000 0.971133 0.997200 0.258882 0.242783 0.000000 0 
1120560.000000 0.971671 1120560.000000 0.971671 0.996953 0.258366 0.242918 0.000000 0 
1051440.000000 1.060082 1051440.000000 1.060082 0.993665 0.221204 0.265020 0.000000 0 
1055520.000000 1.045965 1055520.000000 1.045965 0.999638 0.223398 0.261491 0.000000 0 
954240.000000 1.504047 954240.000000 1.504047 0.994259 0.168946 0.376012 0.000000 0 
1007040.000000 1.170616 1007040.000000 1.170616 0.994699 0.197333 0.292654 0.000000 0 
1148640.000000 0.952887 1148640.000000 0.952887 0.996616 0.273462 0.238222 0.000000 0 
1044480.000000 1.063816 1044480.000000 1.063816 0.993615 0.217462 0.265954 0.000000 0 
1052400.000000 1.050928 1052400.000000 1.050928 0.995520 0.221720 0.262732 0.000000 0 
1162560.000000 0.945173 1162560.000000 0.945173 0.998427 0.280946 0.236293 0.000000 0 
923040.000000 1.680546 923040.000000 1.680546 0.990125 0.152172 0.420136 0.000000 0 
1225200.000000 0.904904 1225200.000000 0.904904 0.988023 0.314624 0.226226 0.000000 0 
1157520.000000 0.945673 1157520.000000 0.945673 0.996327 0.278237 0.236418 0.000000 0 
1424880.000000 0.858254 1424880.000000 0.858254 0.981776 0.421978 0.214563 0.000000 0 
1150080.000000 0.949059 1150080.000000 0.949059 0.999896 0.274237 0.237265 0.000000 0 
1512240.000000 0.845240 1512240.000000 0.845240 0.990860 0.468946 0.211310 0.000000 0 
1543920.000000 0.838140 1543920.000000 0.838140 0.943187 0.485978 0.209535 0.000000 0 
1394880.000000 0.861853 1394880.000000 0.861853 0.973807 0.405849 0.215463 0.000000 0 
1016640.000000 1.155393 1016640.000000 1.155393 0.996514 0.202495 0.288848 0.000000 0 
1002480.000000 1.178729 1002480.000000 1.178729 0.999062 0.194882 0.294682 0.000000 0 
1773600.000000 0.820932 1773600.000000 0.820932 0.957016 0.609462 0.205233 0.000000 0 
1076880.000000 1.024110 1076880.000000 1.024110 0.998155 0.234882 0.256028 0.000000 0 
1704960.000000 0.827451 1704960.000000 0.827451 0.950651 0.572559 0.206863 0.000000 0 
1550640.000000 0.834851 1550640.000000 0.834851 0.955777 0.489591 0.208713 0.000000 0 
1221120.000000 0.905916 1221120.000000 0.905916 0.986617 0.312430 0.226479 0.000000 0 
1704960.000000 0.827451 1704960.000000 0.827451 0.950651 0.572559 0.206863 0.000000 0 
1257600.000000 0.894492 1257600.000000 0.894492 0.995250 0.332043 0.223623 0.000000 0 
1215840.000000 0.908104 1215840.000000 0.908104 0.993794 0.309591 0.227026 0.000000 0 
1006080.000000 1.171030 1006080.000000 1.171030 0.996855 0.196817 0.292758 0.000000 0 
978480.000000 1.382183 978480.000000 1.382183 0.999994 0.181978 0.345546 0.000000 0 
1002480.000000 1.178729 1002480.000000 1.178729 0.999062 0.194882 0.294682 0.000000 0 
1045680.000000 1.062854 1045680.000000 1.062854 0.997620 0.218108 0.265714 0.000000 0 
1106640.000000 0.985485 1106640.000000 0.985485 0.999321 0.250882 0.246371 0.000000 0 
1031040.000000 1.072610 1031040.000000 1.072610 0.997735 0.210237 0.268152 0.000000 0 
1550640.000000 0.834851 1550640.000000 0.834851 0.955777 0.489591 0.208713 0.000000 0 
1773600.000000 0.820932 1773600.000000 0.820932 0.957016 0.609462 0.205233 0.000000 0 
1779360.000000 0.816737 1779360.000000 0.816737 0.985331 0.612559 0.204184 0.000000 0 
#Generacion: 1500 
#Distancia: 309.917576 
1870560.000000 0.811390 1870560.000000 0.811390 0.989596 0.661591 0.202848 0.000000 0 
899040.000000 1.760362 899040.000000 1.760362 0.992591 0.139269 0.440091 0.000000 0 
899040.000000 1.760362 899040.000000 1.760362 0.992591 0.139269 0.440091 0.000000 0 
973440.000000 1.400313 973440.000000 1.400313 0.995677 0.179269 0.350078 0.000000 0 
975600.000000 1.201351 975600.000000 1.201351 0.988509 0.180430 0.300338 0.000000 0 
949680.000000 1.454067 949680.000000 1.454067 0.996713 0.166495 0.363517 0.000000 0 
924000.000000 1.598852 924000.000000 1.598852 0.997713 0.152688 0.399713 0.000000 0 
939360.000000 1.508739 939360.000000 1.508739 0.997584 0.160946 0.377185 0.000000 0 
1003680.000000 1.137878 1003680.000000 1.137878 0.995146 0.195527 0.284470 0.000000 0 
1674960.000000 0.821521 1674960.000000 0.821521 0.996782 0.556430 0.205380 0.000000 0 
923760.000000 1.662935 923760.000000 1.662935 0.986415 0.152559 0.415734 0.000000 0 
912240.000000 1.751292 912240.000000 1.751292 0.997831 0.146366 0.437823 0.000000 0 
1016640.000000 1.087778 1016640.000000 1.087778 0.997282 0.202495 0.271945 0.000000 0 
1614000.000000 0.825540 1614000.000000 0.825540 0.988141 0.523656 0.206385 0.000000 0 
918000.000000 1.679866 918000.000000 1.679866 0.991657 0.149462 0.419966 0.000000 0 
957840.000000 1.401551 957840.000000 1.401551 0.997271 0.170882 0.350388 0.000000 0 
1516320.000000 0.835595 1516320.000000 0.835595 0.962563 0.471140 0.208899 0.000000 0 
1788000.000000 0.813941 1788000.000000 0.813941 0.987854 0.617204 0.203485 0.000000 0 
1762800.000000 0.814461 1762800.000000 0.814461 0.972670 0.603656 0.203615 0.000000 0 
1698240.000000 0.818986 1698240.000000 0.818986 0.979215 0.568946 0.204747 0.000000 0 
927600.000000 1.548388 927600.000000 1.548388 0.995767 0.154624 0.387097 0.000000 0 
933120.000000 1.545450 933120.000000 1.545450 0.999164 0.157591 0.386362 0.000000 0 
1824960.000000 0.813939 1824960.000000 0.813939 0.981553 0.637075 0.203485 0.000000 0 
1550640.000000 0.834851 1550640.000000 0.834851 0.955777 0.489591 0.208713 0.000000 0 
1371120.000000 0.857511 1371120.000000 0.857511 0.998075 0.393075 0.214378 0.000000 0 
1562160.000000 0.833943 1562160.000000 0.833943 0.977364 0.495785 0.208486 0.000000 0 
1055520.000000 1.045965 1055520.000000 1.045965 0.999638 0.223398 0.261491 0.000000 0 
1837440.000000 0.813086 1837440.000000 0.813086 0.980689 0.643785 0.203271 0.000000 0 
1069440.000000 1.018038 1069440.000000 1.018038 0.989374 0.230882 0.254510 0.000000 0 
1464240.000000 0.847048 1464240.000000 0.847048 0.989367 0.443140 0.211762 0.000000 0 
1594320.000000 0.833624 1594320.000000 0.833624 0.953775 0.513075 0.208406 0.000000 0 
1077600.000000 0.995699 1077600.000000 0.995699 0.999858 0.235269 0.248925 0.000000 0 
1254000.000000 0.899293 1254000.000000 0.899293 0.988648 0.330108 0.224823 0.000000 0 
1434960.000000 0.849170 1434960.000000 0.849170 0.958208 0.427398 0.212293 0.000000 0 
998400.000000 1.163519 998400.000000 1.163519 0.996682 0.192688 0.290880 0.000000 0 
1728960.000000 0.817446 1728960.000000 0.817446 0.983976 0.585462 0.204362 0.000000 0 
1350240.000000 0.861636 1350240.000000 0.861636 0.984487 0.381849 0.215409 0.000000 0 
1411920.000000 0.852675 1411920.000000 0.852675 0.976964 0.415011 0.213169 0.000000 0 
1098960.000000 0.985286 1098960.000000 0.985286 0.999797 0.246753 0.246322 0.000000 0 
1862640.000000 0.812289 1862640.000000 0.812289 0.980302 0.657333 0.203072 0.000000 0 
979920.000000 1.176211 979920.000000 1.176211 0.983820 0.182753 0.294053 0.000000 0 
1229280.000000 0.899788 1229280.000000 0.899788 0.979464 0.316817 0.224947 0.000000 0 
1061760.000000 1.018463 1061760.000000 1.018463 0.990466 0.226753 0.254616 0.000000 0 
1728960.000000 0.817446 1728960.000000 0.817446 0.983976 0.585462 0.204362 0.000000 0 
1489440.000000 0.840692 1489440.000000 0.840692 0.999750 0.456688 0.210173 0.000000 0 
1084320.000000 0.995438 1084320.000000 0.995438 0.999672 0.238882 0.248859 0.000000 0 
1181520.000000 0.922833 1181520.000000 0.922833 0.992428 0.291140 0.230708 0.000000 0 
1187760.000000 0.912121 1187760.000000 0.912121 0.976488 0.294495 0.228030 0.000000 0 
1024560.000000 1.073608 1024560.000000 1.073608 0.998605 0.206753 0.268402 0.000000 0 
1307520.000000 0.875451 1307520.000000 0.875451 0.990043 0.358882 0.218863 0.000000 0 
975600.000000 1.201351 975600.000000 1.201351 0.988509 0.180430 0.300338 0.000000 0 
1259760.000000 0.892976 1259760.000000 0.892976 0.989596 0.333204 0.223244 0.000000 0 
1269120.000000 0.887331 1269120.000000 0.887331 0.989965 0.338237 0.221833 0.000000 0 
1164480.000000 0.937778 1164480.000000 0.937778 0.992312 0.281978 0.234444 0.000000 0 
1117440.000000 0.969439 1117440.000000 0.969439 0.998256 0.256688 0.242360 0.000000 0 
1213680.000000 0.905683 1213680.000000 0.905683 0.988461 0.308430 0.226421 0.000000 0 
1387440.000000 0.853503 1387440.000000 0.853503 0.998392 0.401849 0.213376 0.000000 0 
1140000.000000 0.956568 1140000.000000 0.956568 0.998339 0.268817 0.239142 0.000000 0 
1157520.000000 0.945673 1157520.000000 0.945673 0.996327 0.278237 0.236418 0.000000 0 
1392480.000000 0.853192 1392480.000000 0.853192 0.993049 0.404559 0.213298 0.000000 0 
1107840.000000 0.973633 1107840.000000 0.973633 0.999893 0.251527 0.243408 0.000000 0 
1475280.000000 0.843294 1475280.000000 0.843294 0.997850 0.449075 0.210823 0.000000 0 
1127760.000000 0.959624 1127760.000000 0.959624 0.992919 0.262237 0.239906 0.000000 0 
918000.000000 1.679866 918000.000000 1.679866 0.991657 0.149462 0.419966 0.000000 0 
1339920.000000 0.873226 1339920.000000 0.873226 0.999649 0.376301 0.218306 0.000000 0 
910560.000000 1.759249 910560.000000 1.759249 0.991704 0.145462 0.439812 0.000000 0 
1349040.000000 0.871541 1349040.000000 0.871541 0.983109 0.381204 0.217885 0.000000 0 
1606080.000000 0.831511 1606080.000000 0.831511 0.989843 0.519398 0.207878 0.000000 0 
1222560.000000 0.902226 1222560.000000 0.902226 0.984359 0.313204 0.225556 0.000000 0 
990480.000000 1.170086 990480.000000 1.170086 0.980017 0.188430 0.292522 0.000000 0 
1427520.000000 0.852496 1427520.000000 0.852496 0.963631 0.423398 0.213124 0.000000 0 
1106880.000000 0.983180 1106880.000000 0.983180 0.998851 0.251011 0.245795 0.000000 0 
1171920.000000 0.927061 1171920.000000 0.927061 0.993301 0.285978 0.231765 0.000000 0 
1121280.000000 0.960962 1121280.000000 0.960962 0.997869 0.258753 0.240240 0.000000 0 
1279680.000000 0.885855 1279680.000000 0.885855 0.999990 0.343914 0.221464 0.000000 0 
1300080.000000 0.875533 1300080.000000 0.875533 0.981465 0.354882 0.218883 0.000000 0 
1199520.000000 0.910222 1199520.000000 0.910222 0.987046 0.300817 0.227556 0.000000 0 
1045680.000000 1.062854 1045680.000000 1.062854 0.997620 0.218108 0.265714 0.000000 0 
1051440.000000 1.060082 1051440.000000 1.060082 0.993665 0.221204 0.265020 0.000000 0 
1203120.000000 0.908586 1203120.000000 0.908586 0.975472 0.302753 0.227146 0.000000 0 
1052400.000000 1.050928 1052400.000000 1.050928 0.995520 0.221720 0.262732 0.000000 0 
1169040.000000 0.930794 1169040.000000 0.930794 0.991798 0.284430 0.232699 0.000000 0 
1150320.000000 0.948770 1150320.000000 0.948770 0.983194 0.274366 0.237192 0.000000 0 
1146960.000000 0.953332 1146960.000000 0.953332 0.995595 0.272559 0.238333 0.000000 0 
973440.000000 1.400313 973440.000000 1.400313 0.995677 0.179269 0.350078 0.000000 0 
984240.000000 1.175775 984240.000000 1.175775 0.984004 0.185075 0.293944 0.000000 0 
1489440.000000 0.840692 1489440.000000 0.840692 0.999750 0.456688 0.210173 0.000000 0 
1041840.000000 1.069207 1041840.000000 1.069207 0.997802 0.216043 0.267302 0.000000 0 
1031760.000000 1.072772 1031760.000000 1.072772 0.994413 0.210624 0.268193 0.000000 0 
1286640.000000 0.884769 1286640.000000 0.884769 0.987852 0.347656 0.221192 0.000000 0 
1290960.000000 0.878540 1290960.000000 0.878540 0.990755 0.349978 0.219635 0.000000 0 
1470480.000000 0.845803 1470480.000000 0.845803 0.998681 0.446495 0.211451 0.000000 0 
993600.000000 1.164135 993600.000000 1.164135 0.997072 0.190108 0.291034 0.000000 0 
1600080.000000 0.833276 1600080.000000 0.833276 0.973681 0.516172 0.208319 0.000000 0 
1038960.000000 1.072363 1038960.000000 1.072363 0.995139 0.214495 0.268091 0.000000 0 
899040.000000 1.760362 899040.000000 1.760362 0.992591 0.139269 0.440091 0.000000 0 
1429200.000000 0.849197 1429200.000000 0.849197 0.996693 0.424301 0.212299 0.000000 0 
1288560.000000 0.879228 1288560.000000 0.879228 0.999000 0.348688 0.219807 0.000000 0 
927600.000000 1.548388 927600.000000 1.548388 0.995767 0.154624 0.387097 0.000000 0 
1324080.000000 0.874086 1324080.000000 0.874086 0.992351 0.367785 0.218521 0.000000 0 
#Generacion: 2000 
#Distancia: 313.399899 
1865040.000000 0.803277 1865040.000000 0.803277 0.972811 0.658624 0.200819 0.000000 0 
899040.000000 1.760362 899040.000000 1.760362 0.992591 0.139269 0.440091 0.000000 0 
899040.000000 1.760362 899040.000000 1.760362 0.992591 0.139269 0.440091 0.000000 0 
914880.000000 1.583020 914880.000000 1.583020 0.998378 0.147785 0.395755 0.000000 0 
959520.000000 1.239002 959520.000000 1.239002 0.998316 0.171785 0.309751 0.000000 0 
954240.000000 1.369955 954240.000000 1.369955 0.990366 0.168946 0.342489 0.000000 0 
912720.000000 1.705167 912720.000000 1.705167 0.999388 0.146624 0.426292 0.000000 0 
1688400.000000 0.818445 1688400.000000 0.818445 0.990914 0.563656 0.204611 0.000000 0 
1581360.000000 0.820574 1581360.000000 0.820574 0.998663 0.506108 0.205143 0.000000 0 
1779600.000000 0.808169 1779600.000000 0.808169 0.981454 0.612688 0.202042 0.000000 0 
1852320.000000 0.808117 1852320.000000 0.808117 0.972746 0.651785 0.202029 0.000000 0 
904800.000000 1.707127 904800.000000 1.707127 0.999066 0.142366 0.426782 0.000000 0 
1011600.000000 1.136405 1011600.000000 1.136405 0.994194 0.199785 0.284101 0.000000 0 
943200.000000 1.463091 943200.000000 1.463091 0.990832 0.163011 0.365773 0.000000 0 
950400.000000 1.432539 950400.000000 1.432539 0.991785 0.166882 0.358135 0.000000 0 
1350240.000000 0.861636 1350240.000000 0.861636 0.984487 0.381849 0.215409 0.000000 0 
1016640.000000 1.087778 1016640.000000 1.087778 0.997282 0.202495 0.271945 0.000000 0 
1469520.000000 0.843168 1469520.000000 0.843168 0.997547 0.445978 0.210792 0.000000 0 
927120.000000 1.559786 927120.000000 1.559786 0.999198 0.154366 0.389946 0.000000 0 
979920.000000 1.176211 979920.000000 1.176211 0.983820 0.182753 0.294053 0.000000 0 
1002000.000000 1.163371 1002000.000000 1.163371 0.997090 0.194624 0.290843 0.000000 0 
1709040.000000 0.817173 1709040.000000 0.817173 0.987059 0.574753 0.204293 0.000000 0 
1426800.000000 0.844385 1426800.000000 0.844385 0.999568 0.423011 0.211096 0.000000 0 
1325760.000000 0.867138 1325760.000000 0.867138 0.997034 0.368688 0.216784 0.000000 0 
938160.000000 1.500645 938160.000000 1.500645 0.999527 0.160301 0.375161 0.000000 0 
972960.000000 1.234725 972960.000000 1.234725 0.994511 0.179011 0.308681 0.000000 0 
1267200.000000 0.881304 1267200.000000 0.881304 0.997118 0.337204 0.220326 0.000000 0 
1026720.000000 1.059890 1026720.000000 1.059890 0.999316 0.207914 0.264973 0.000000 0 
1290960.000000 0.878540 1290960.000000 0.878540 0.990755 0.349978 0.219635 0.000000 0 
1073520.000000 1.015509 1073520.000000 1.015509 0.993001 0.233075 0.253877 0.000000 0 
1516320.000000 0.835595 1516320.000000 0.835595 0.962563 0.471140 0.208899 0.000000 0 
1022160.000000 1.077240 1022160.000000 1.077240 0.996129 0.205462 0.269310 0.000000 0 
943920.000000 1.445935 943920.000000 1.445935 0.989150 0.163398 0.361484 0.000000 0 
1061760.000000 1.018463 1061760.000000 1.018463 0.990466 0.226753 0.254616 0.000000 0 
953520.000000 1.399042 953520.000000 1.399042 0.999731 0.168559 0.349761 0.000000 0 
1003680.000000 1.137878 1003680.000000 1.137878 0.995146 0.195527 0.284470 0.000000 0 
975600.000000 1.201351 975600.000000 1.201351 0.988509 0.180430 0.300338 0.000000 0 
1731360.000000 0.816042 1731360.000000 0.816042 0.984410 0.586753 0.204011 0.000000 0 
990480.000000 1.170086 990480.000000 1.170086 0.980017 0.188430 0.292522 0.000000 0 
1034640.000000 1.050078 1034640.000000 1.050078 0.999705 0.212172 0.262519 0.000000 0 
1561200.000000 0.831052 1561200.000000 0.831052 0.997576 0.495269 0.207763 0.000000 0 
1537200.000000 0.833069 1537200.000000 0.833069 0.995355 0.482366 0.208267 0.000000 0 
1077600.000000 0.995699 1077600.000000 0.995699 0.999858 0.235269 0.248925 0.000000 0 
1199520.000000 0.910222 1199520.000000 0.910222 0.987046 0.300817 0.227556 0.000000 0 
1150320.000000 0.948770 1150320.000000 0.948770 0.983194 0.274366 0.237192 0.000000 0 
1239600.000000 0.898158 1239600.000000 0.898158 0.983677 0.322366 0.224539 0.000000 0 
1057440.000000 1.036349 1057440.000000 1.036349 0.998098 0.224430 0.259087 0.000000 0 
1213680.000000 0.905683 1213680.000000 0.905683 0.988461 0.308430 0.226421 0.000000 0 
1578000.000000 0.830451 1578000.000000 0.830451 0.992388 0.504301 0.207613 0.000000 0 
1252320.000000 0.891292 1252320.000000 0.891292 0.991185 0.329204 0.222823 0.000000 0 
934320.000000 1.525629 934320.000000 1.525629 0.992550 0.158237 0.381407 0.000000 0 
1369920.000000 0.856475 1369920.000000 0.856475 0.997915 0.392430 0.214119 0.000000 0 
953520.000000 1.399042 953520.000000 1.399042 0.999731 0.168559 0.349761 0.000000 0 
954240.000000 1.369955 954240.000000 1.369955 0.990366 0.168946 0.342489 0.000000 0 
975600.000000 1.201351 975600.000000 1.201351 0.988509 0.180430 0.300338 0.000000 0 
938160.000000 1.500645 938160.000000 1.500645 0.999527 0.160301 0.375161 0.000000 0 
1753680.000000 0.811106 1753680.000000 0.811106 0.997791 0.598753 0.202776 0.000000 0 
1107840.000000 0.973633 1107840.000000 0.973633 0.999893 0.251527 0.243408 0.000000 0 
933120.000000 1.545450 933120.000000 1.545450 0.999164 0.157591 0.386362 0.000000 0 
1171920.000000 0.927061 1171920.000000 0.927061 0.993301 0.285978 0.231765 0.000000 0 
1045200.000000 1.043661 1045200.000000 1.043661 0.996243 0.217849 0.260915 0.000000 0 
1742880.000000 0.815130 1742880.000000 0.815130 0.989323 0.592946 0.203782 0.000000 0 
1134960.000000 0.953029 1134960.000000 0.953029 0.987170 0.266108 0.238257 0.000000 0 
1320480.000000 0.874882 1320480.000000 0.874882 0.989358 0.365849 0.218720 0.000000 0 
1181520.000000 0.922833 1181520.000000 0.922833 0.992428 0.291140 0.230708 0.000000 0 
1114560.000000 0.963643 1114560.000000 0.963643 0.999521 0.255140 0.240911 0.000000 0 
1412160.000000 0.848348 1412160.000000 0.848348 0.994548 0.415140 0.212087 0.000000 0 
1546080.000000 0.832434 1546080.000000 0.832434 0.993131 0.487140 0.208109 0.000000 0 
1256640.000000 0.884621 1256640.000000 0.884621 0.980998 0.331527 0.221155 0.000000 0 
1405200.000000 0.848783 1405200.000000 0.848783 0.989592 0.411398 0.212196 0.000000 0 
1163040.000000 0.932181 1163040.000000 0.932181 0.998599 0.281204 0.233045 0.000000 0 
1121280.000000 0.960962 1121280.000000 0.960962 0.997869 0.258753 0.240240 0.000000 0 
1098960.000000 0.985112 1098960.000000 0.985112 0.999399 0.246753 0.246278 0.000000 0 
1091520.000000 0.992308 1091520.000000 0.992308 0.995438 0.242753 0.248077 0.000000 0 
1502400.000000 0.836527 1502400.000000 0.836527 0.994500 0.463656 0.209132 0.000000 0 
1392480.000000 0.853192 1392480.000000 0.853192 0.993049 0.404559 0.213298 0.000000 0 
1132800.000000 0.958186 1132800.000000 0.958186 0.997500 0.264946 0.239546 0.000000 0 
1222560.000000 0.902226 1222560.000000 0.902226 0.984359 0.313204 0.225556 0.000000 0 
1485840.000000 0.840226 1485840.000000 0.840226 0.986572 0.454753 0.210057 0.000000 0 
933360.000000 1.526026 933360.000000 1.526026 0.998698 0.157720 0.381507 0.000000 0 
1229280.000000 0.899788 1229280.000000 0.899788 0.979464 0.316817 0.224947 0.000000 0 
1387440.000000 0.853503 1387440.000000 0.853503 0.998392 0.401849 0.213376 0.000000 0 
1374960.000000 0.856222 1374960.000000 0.856222 0.990201 0.395140 0.214056 0.000000 0 
927600.000000 1.548388 927600.000000 1.548388 0.995767 0.154624 0.387097 0.000000 0 
1105680.000000 0.982944 1105680.000000 0.982944 0.992582 0.250366 0.245736 0.000000 0 
1495680.000000 0.838102 1495680.000000 0.838102 0.992531 0.460043 0.209525 0.000000 0 
1307520.000000 0.875451 1307520.000000 0.875451 0.990043 0.358882 0.218863 0.000000 0 
1301760.000000 0.876265 1301760.000000 0.876265 0.991849 0.355785 0.219066 0.000000 0 
1152480.000000 0.938663 1152480.000000 0.938663 0.998181 0.275527 0.234666 0.000000 0 
1052400.000000 1.040336 1052400.000000 1.040336 0.999622 0.221720 0.260084 0.000000 0 
1477200.000000 0.840919 1477200.000000 0.840919 0.991818 0.450108 0.210230 0.000000 0 
1426800.000000 0.844385 1426800.000000 0.844385 0.999568 0.423011 0.211096 0.000000 0 
1187760.000000 0.912121 1187760.000000 0.912121 0.976488 0.294495 0.228030 0.000000 0 
967920.000000 1.235663 967920.000000 1.235663 0.998517 0.176301 0.308916 0.000000 0 
1862160.000000 0.806564 1862160.000000 0.806564 0.976077 0.657075 0.201641 0.000000 0 
1085040.000000 0.994279 1085040.000000 0.994279 0.991470 0.239269 0.248570 0.000000 0 
1159200.000000 0.938086 1159200.000000 0.938086 0.999434 0.279140 0.234521 0.000000 0 
1187040.000000 0.915736 1187040.000000 0.915736 0.986193 0.294108 0.228934 0.000000 0 
1016640.000000 1.087778 1016640.000000 1.087778 0.997282 0.202495 0.271945 0.000000 0 
1753680.000000 0.811106 1753680.000000 0.811106 0.997791 0.598753 0.202776 0.000000 0 
#Generacion: 2500 
#Distancia: 309.344545 
1911840.000000 0.801010 1911840.000000 0.801010 0.993218 0.683785 0.200253 0.000000 0 
899040.000000 1.760362 899040.000000 1.760362 0.992591 0.139269 0.440091 0.000000 0 
899040.000000 1.760362 899040.000000 1.760362 0.992591 0.139269 0.440091 0.000000 0 
959520.000000 1.239002 959520.000000 1.239002 0.998316 0.171785 0.309751 0.000000 0 
954240.000000 1.369870 954240.000000 1.369870 0.993915 0.168946 0.342468 0.000000 0 
912720.000000 1.705167 912720.000000 1.705167 0.999388 0.146624 0.426292 0.000000 0 
913920.000000 1.583590 913920.000000 1.583590 0.999268 0.147269 0.395897 0.000000 0 
916800.000000 1.535888 916800.000000 1.535888 0.992055 0.148817 0.383972 0.000000 0 
1518000.000000 0.830964 1518000.000000 0.830964 0.985951 0.472043 0.207741 0.000000 0 
941760.000000 1.441028 941760.000000 1.441028 0.994494 0.162237 0.360257 0.000000 0 
1562400.000000 0.821440 1562400.000000 0.821440 0.999532 0.495914 0.205360 0.000000 0 
1581360.000000 0.820574 1581360.000000 0.820574 0.998663 0.506108 0.205143 0.000000 0 
904800.000000 1.707127 904800.000000 1.707127 0.999066 0.142366 0.426782 0.000000 0 
1635120.000000 0.819922 1635120.000000 0.819922 0.992109 0.535011 0.204980 0.000000 0 
938880.000000 1.456070 938880.000000 1.456070 0.992369 0.160688 0.364018 0.000000 0 
1498800.000000 0.833336 1498800.000000 0.833336 0.992350 0.461720 0.208334 0.000000 0 
1061760.000000 1.018463 1061760.000000 1.018463 0.990466 0.226753 0.254616 0.000000 0 
1464240.000000 0.835486 1464240.000000 0.835486 0.999962 0.443140 0.208871 0.000000 0 
949200.000000 1.394813 949200.000000 1.394813 0.999031 0.166237 0.348703 0.000000 0 
914880.000000 1.583020 914880.000000 1.583020 0.998378 0.147785 0.395755 0.000000 0 
1831200.000000 0.804053 1831200.000000 0.804053 0.971516 0.640430 0.201013 0.000000 0 
972960.000000 1.234725 972960.000000 1.234725 0.994511 0.179011 0.308681 0.000000 0 
1714560.000000 0.811982 1714560.000000 0.811982 0.961724 0.577720 0.202996 0.000000 0 
1065120.000000 0.989074 1065120.000000 0.989074 0.998750 0.228559 0.247268 0.000000 0 
974640.000000 1.203564 974640.000000 1.203564 0.993150 0.179914 0.300891 0.000000 0 
1453680.000000 0.843471 1453680.000000 0.843471 0.992678 0.437462 0.210868 0.000000 0 
1426800.000000 0.844385 1426800.000000 0.844385 0.999568 0.423011 0.211096 0.000000 0 
1325760.000000 0.867138 1325760.000000 0.867138 0.997034 0.368688 0.216784 0.000000 0 
1016640.000000 1.087778 1016640.000000 1.087778 0.997282 0.202495 0.271945 0.000000 0 
1300800.000000 0.871376 1300800.000000 0.871376 0.996828 0.355269 0.217844 0.000000 0 
1025760.000000 1.059965 1025760.000000 1.059965 0.999679 0.207398 0.264991 0.000000 0 
988800.000000 1.169262 988800.000000 1.169262 0.987722 0.187527 0.292315 0.000000 0 
918240.000000 1.512697 918240.000000 1.512697 0.996454 0.149591 0.378174 0.000000 0 
936000.000000 1.491327 936000.000000 1.491327 0.991149 0.159140 0.372832 0.000000 0 
936000.000000 1.491327 936000.000000 1.491327 0.991149 0.159140 0.372832 0.000000 0 
1776000.000000 0.809370 1776000.000000 0.809370 0.982318 0.610753 0.202343 0.000000 0 
1691040.000000 0.812486 1691040.000000 0.812486 0.966882 0.565075 0.203121 0.000000 0 
1742160.000000 0.810366 1742160.000000 0.810366 0.976885 0.592559 0.202592 0.000000 0 
1022160.000000 1.077240 1022160.000000 1.077240 0.996129 0.205462 0.269310 0.000000 0 
979920.000000 1.176211 979920.000000 1.176211 0.983820 0.182753 0.294053 0.000000 0 
1892640.000000 0.802603 1892640.000000 0.802603 0.993305 0.673462 0.200651 0.000000 0 
1092000.000000 0.984483 1092000.000000 0.984483 0.998522 0.243011 0.246121 0.000000 0 
1034640.000000 1.050078 1034640.000000 1.050078 0.999705 0.212172 0.262519 0.000000 0 
1152480.000000 0.937470 1152480.000000 0.937470 0.991788 0.275527 0.234368 0.000000 0 
1015200.000000 1.111877 1015200.000000 1.111877 0.997080 0.201720 0.277969 0.000000 0 
1865040.000000 0.803277 1865040.000000 0.803277 0.972811 0.658624 0.200819 0.000000 0 
979200.000000 1.196239 979200.000000 1.196239 0.987361 0.182366 0.299060 0.000000 0 
1145280.000000 0.949051 1145280.000000 0.949051 0.985433 0.271656 0.237263 0.000000 0 
949200.000000 1.394813 949200.000000 1.394813 0.999031 0.166237 0.348703 0.000000 0 
995520.000000 1.127305 995520.000000 1.127305 0.998733 0.191140 0.281826 0.000000 0 
1057440.000000 1.036349 1057440.000000 1.036349 0.998098 0.224430 0.259087 0.000000 0 
1278480.000000 0.876862 1278480.000000 0.876862 0.989793 0.343269 0.219215 0.000000 0 
1239600.000000 0.898158 1239600.000000 0.898158 0.983677 0.322366 0.224539 0.000000 0 
1075920.000000 0.987265 1075920.000000 0.987265 0.998697 0.234366 0.246816 0.000000 0 
954240.000000 1.369870 954240.000000 1.369870 0.993915 0.168946 0.342468 0.000000 0 
1252320.000000 0.891292 1252320.000000 0.891292 0.991185 0.329204 0.222823 0.000000 0 
1364160.000000 0.861349 1364160.000000 0.861349 0.994656 0.389333 0.215337 0.000000 0 
1163040.000000 0.932181 1163040.000000 0.932181 0.998599 0.281204 0.233045 0.000000 0 
1339680.000000 0.864181 1339680.000000 0.864181 0.995244 0.376172 0.216045 0.000000 0 
1266000.000000 0.880685 1266000.000000 0.880685 0.988256 0.336559 0.220171 0.000000 0 
1678320.000000 0.815247 1678320.000000 0.815247 0.984232 0.558237 0.203812 0.000000 0 
1739040.000000 0.811787 1739040.000000 0.811787 0.991543 0.590882 0.202947 0.000000 0 
1008480.000000 1.113376 1008480.000000 1.113376 0.999298 0.198108 0.278344 0.000000 0 
1392480.000000 0.853192 1392480.000000 0.853192 0.993049 0.404559 0.213298 0.000000 0 
1794720.000000 0.807653 1794720.000000 0.807653 0.994386 0.620817 0.201913 0.000000 0 
1865040.000000 0.803277 1865040.000000 0.803277 0.972811 0.658624 0.200819 0.000000 0 
1291200.000000 0.874008 1291200.000000 0.874008 0.997564 0.350108 0.218502 0.000000 0 
1045200.000000 1.043661 1045200.000000 1.043661 0.996243 0.217849 0.260915 0.000000 0 
1002240.000000 1.127238 1002240.000000 1.127238 0.998427 0.194753 0.281810 0.000000 0 
1813680.000000 0.804457 1813680.000000 0.804457 0.968848 0.631011 0.201114 0.000000 0 
1350240.000000 0.861636 1350240.000000 0.861636 0.984487 0.381849 0.215409 0.000000 0 
1099200.000000 0.974563 1099200.000000 0.974563 0.999814 0.246882 0.243641 0.000000 0 
990480.000000 1.148013 990480.000000 1.148013 0.996687 0.188430 0.287003 0.000000 0 
1107840.000000 0.973633 1107840.000000 0.973633 0.999893 0.251527 0.243408 0.000000 0 
1114560.000000 0.963643 1114560.000000 0.963643 0.999521 0.255140 0.240911 0.000000 0 
1412160.000000 0.848348 1412160.000000 0.848348 0.994548 0.415140 0.212087 0.000000 0 
918240.000000 1.512697 918240.000000 1.512697 0.996454 0.149591 0.378174 0.000000 0 
1171920.000000 0.927061 1171920.000000 0.927061 0.993301 0.285978 0.231765 0.000000 0 
1645680.000000 0.819063 1645680.000000 0.819063 0.995330 0.540688 0.204766 0.000000 0 
1374960.000000 0.856222 1374960.000000 0.856222 0.990201 0.395140 0.214056 0.000000 0 
1256640.000000 0.884621 1256640.000000 0.884621 0.980998 0.331527 0.221155 0.000000 0 
1405200.000000 0.848783 1405200.000000 0.848783 0.989592 0.411398 0.212196 0.000000 0 
990480.000000 1.148013 990480.000000 1.148013 0.996687 0.188430 0.287003 0.000000 0 
1121280.000000 0.960962 1121280.000000 0.960962 0.997869 0.258753 0.240240 0.000000 0 
1658160.000000 0.817405 1658160.000000 0.817405 0.987345 0.547398 0.204351 0.000000 0 
1178400.000000 0.922386 1178400.000000 0.922386 0.980117 0.289462 0.230596 0.000000 0 
1665600.000000 0.816526 1665600.000000 0.816526 0.974705 0.551398 0.204132 0.000000 0 
1806960.000000 0.807204 1806960.000000 0.807204 0.998926 0.627398 0.201801 0.000000 0 
1213680.000000 0.905683 1213680.000000 0.905683 0.988461 0.308430 0.226421 0.000000 0 
1197360.000000 0.910842 1197360.000000 0.910842 0.975236 0.299656 0.227711 0.000000 0 
1134960.000000 0.953029 1134960.000000 0.953029 0.987170 0.266108 0.238257 0.000000 0 
1132800.000000 0.958186 1132800.000000 0.958186 0.997500 0.264946 0.239546 0.000000 0 
1229280.000000 0.899788 1229280.000000 0.899788 0.979464 0.316817 0.224947 0.000000 0 
1219440.000000 0.899900 1219440.000000 0.899900 0.991095 0.311527 0.224975 0.000000 0 
1207920.000000 0.910120 1207920.000000 0.910120 0.974606 0.305333 0.227530 0.000000 0 
1900320.000000 0.801635 1900320.000000 0.801635 0.972950 0.677591 0.200409 0.000000 0 
1381920.000000 0.854326 1381920.000000 0.854326 0.986286 0.398882 0.213582 0.000000 0 
1779600.000000 0.808169 1779600.000000 0.808169 0.981454 0.612688 0.202042 0.000000 0 
1186080.000000 0.919086 1186080.000000 0.919086 0.994634 0.293591 0.229772 0.000000 0 
1187760.000000 0.912121 1187760.000000 0.912121 0.976488 0.294495 0.228030 0.000000 0 
#Generacion: 3000 
#Distancia: 332.732323 
897360.000000 1.760989 897360.000000 1.760989 0.997972 0.138366 0.440247 0.000000 0 
1861440.000000 0.794871 1861440.000000 0.794871 0.981459 0.656688 0.198718 0.000000 0 
906000.000000 1.569674 906000.000000 1.569674 0.999212 0.143011 0.392419 0.000000 0 
904320.000000 1.712851 904320.000000 1.712851 0.996804 0.142108 0.428213 0.000000 0 
958560.000000 1.365468 958560.000000 1.365468 0.994383 0.171269 0.341367 0.000000 0 
959520.000000 1.239002 959520.000000 1.239002 0.998316 0.171785 0.309751 0.000000 0 
1517520.000000 0.821404 1517520.000000 0.821404 0.990329 0.471785 0.205351 0.000000 0 
941760.000000 1.441028 941760.000000 1.441028 0.994494 0.162237 0.360257 0.000000 0 
911040.000000 1.535692 911040.000000 1.535692 0.998922 0.145720 0.383923 0.000000 0 
1580400.000000 0.820805 1580400.000000 0.820805 0.998764 0.505591 0.205201 0.000000 0 
944640.000000 1.379431 944640.000000 1.379431 0.996768 0.163785 0.344858 0.000000 0 
922800.000000 1.507240 922800.000000 1.507240 0.999745 0.152043 0.376810 0.000000 0 
1779600.000000 0.808169 1779600.000000 0.808169 0.981454 0.612688 0.202042 0.000000 0 
1725840.000000 0.808208 1725840.000000 0.808208 0.971685 0.583785 0.202052 0.000000 0 
1408320.000000 0.838088 1408320.000000 0.838088 0.993824 0.413075 0.209522 0.000000 0 
1488720.000000 0.833150 1488720.000000 0.833150 0.999822 0.456301 0.208288 0.000000 0 
903120.000000 1.759966 903120.000000 1.759966 0.994479 0.141462 0.439991 0.000000 0 
1445280.000000 0.837722 1445280.000000 0.837722 0.995660 0.432946 0.209430 0.000000 0 
928560.000000 1.460165 928560.000000 1.460165 0.993971 0.155140 0.365041 0.000000 0 
1065120.000000 0.989074 1065120.000000 0.989074 0.998750 0.228559 0.247268 0.000000 0 
972480.000000 1.203180 972480.000000 1.203180 0.999183 0.178753 0.300795 0.000000 0 
959520.000000 1.239002 959520.000000 1.239002 0.998316 0.171785 0.309751 0.000000 0 
904320.000000 1.712851 904320.000000 1.712851 0.996804 0.142108 0.428213 0.000000 0 
1457760.000000 0.834703 1457760.000000 0.834703 0.995728 0.439656 0.208676 0.000000 0 
1336080.000000 0.856752 1336080.000000 0.856752 0.999914 0.374237 0.214188 0.000000 0 
1813680.000000 0.804457 1813680.000000 0.804457 0.968848 0.631011 0.201114 0.000000 0 
1581360.000000 0.820574 1581360.000000 0.820574 0.998663 0.506108 0.205143 0.000000 0 
1057440.000000 1.036349 1057440.000000 1.036349 0.998098 0.224430 0.259087 0.000000 0 
1163040.000000 0.932181 1163040.000000 0.932181 0.998599 0.281204 0.233045 0.000000 0 
1835040.000000 0.801105 1835040.000000 0.801105 0.960076 0.642495 0.200276 0.000000 0 
1620960.000000 0.819508 1620960.000000 0.819508 0.974029 0.527398 0.204877 0.000000 0 
1509360.000000 0.830913 1509360.000000 0.830913 0.993395 0.467398 0.207728 0.000000 0 
918240.000000 1.512697 918240.000000 1.512697 0.996454 0.149591 0.378174 0.000000 0 
1393440.000000 0.845341 1393440.000000 0.845341 0.991638 0.405075 0.211335 0.000000 0 
1673760.000000 0.812972 1673760.000000 0.812972 0.967025 0.555785 0.203243 0.000000 0 
1652640.000000 0.813820 1652640.000000 0.813820 0.972497 0.544430 0.203455 0.000000 0 
1785120.000000 0.805724 1785120.000000 0.805724 0.975139 0.615656 0.201431 0.000000 0 
1640160.000000 0.818679 1640160.000000 0.818679 0.980258 0.537720 0.204670 0.000000 0 
994560.000000 1.129459 994560.000000 1.129459 0.999300 0.190624 0.282365 0.000000 0 
978960.000000 1.176769 978960.000000 1.176769 0.984809 0.182237 0.294192 0.000000 0 
983760.000000 1.148957 983760.000000 1.148957 0.996310 0.184817 0.287239 0.000000 0 
1178400.000000 0.922386 1178400.000000 0.922386 0.980117 0.289462 0.230596 0.000000 0 
1034640.000000 1.050078 1034640.000000 1.050078 0.999705 0.212172 0.262519 0.000000 0 
1361280.000000 0.853353 1361280.000000 0.853353 0.986258 0.387785 0.213338 0.000000 0 
1376400.000000 0.846164 1376400.000000 0.846164 0.983614 0.395914 0.211541 0.000000 0 
1025760.000000 1.059965 1025760.000000 1.059965 0.999679 0.207398 0.264991 0.000000 0 
1146240.000000 0.948129 1146240.000000 0.948129 0.985557 0.272172 0.237032 0.000000 0 
972480.000000 1.203180 972480.000000 1.203180 0.999183 0.178753 0.300795 0.000000 0 
1152480.000000 0.937470 1152480.000000 0.937470 0.991788 0.275527 0.234368 0.000000 0 
1061760.000000 1.018463 1061760.000000 1.018463 0.990466 0.226753 0.254616 0.000000 0 
980400.000000 1.174147 980400.000000 1.174147 0.996935 0.183011 0.293537 0.000000 0 
932400.000000 1.441848 932400.000000 1.441848 0.996957 0.157204 0.360462 0.000000 0 
1113600.000000 0.963631 1113600.000000 0.963631 0.999647 0.254624 0.240908 0.000000 0 
1691040.000000 0.812486 1691040.000000 0.812486 0.966882 0.565075 0.203121 0.000000 0 
1278480.000000 0.876862 1278480.000000 0.876862 0.989793 0.343269 0.219215 0.000000 0 
1213680.000000 0.905683 1213680.000000 0.905683 0.988461 0.308430 0.226421 0.000000 0 
990480.000000 1.147888 990480.000000 1.147888 0.996519 0.188430 0.286972 0.000000 0 
1266000.000000 0.880685 1266000.000000 0.880685 0.988256 0.336559 0.220171 0.000000 0 
1080480.000000 0.985686 1080480.000000 0.985686 0.998757 0.236817 0.246421 0.000000 0 
954240.000000 1.369870 954240.000000 1.369870 0.993915 0.168946 0.342468 0.000000 0 
1291200.000000 0.874008 1291200.000000 0.874008 0.997564 0.350108 0.218502 0.000000 0 
1015200.000000 1.111877 1015200.000000 1.111877 0.997080 0.201720 0.277969 0.000000 0 
1251600.000000 0.885820 1251600.000000 0.885820 0.985800 0.328817 0.221455 0.000000 0 
1229280.000000 0.899788 1229280.000000 0.899788 0.979464 0.316817 0.224947 0.000000 0 
1311360.000000 0.870058 1311360.000000 0.870058 0.998890 0.360946 0.217514 0.000000 0 
1015680.000000 1.090779 1015680.000000 1.090779 0.995304 0.201978 0.272695 0.000000 0 
1099680.000000 0.971513 1099680.000000 0.971513 0.993448 0.247140 0.242878 0.000000 0 
1121280.000000 0.960962 1121280.000000 0.960962 0.997869 0.258753 0.240240 0.000000 0 
1829280.000000 0.803511 1829280.000000 0.803511 0.969938 0.639398 0.200878 0.000000 0 
1300800.000000 0.871376 1300800.000000 0.871376 0.996828 0.355269 0.217844 0.000000 0 
1134960.000000 0.953029 1134960.000000 0.953029 0.987170 0.266108 0.238257 0.000000 0 
1703760.000000 0.810923 1703760.000000 0.810923 0.966137 0.571914 0.202731 0.000000 0 
1324560.000000 0.863835 1324560.000000 0.863835 0.989899 0.368043 0.215959 0.000000 0 
1089840.000000 0.984582 1089840.000000 0.984582 0.999274 0.241849 0.246146 0.000000 0 
1361760.000000 0.847993 1361760.000000 0.847993 0.990999 0.388043 0.211998 0.000000 0 
1061760.000000 1.018463 1061760.000000 1.018463 0.990466 0.226753 0.254616 0.000000 0 
928560.000000 1.460165 928560.000000 1.460165 0.993971 0.155140 0.365041 0.000000 0 
1022160.000000 1.077240 1022160.000000 1.077240 0.996129 0.205462 0.269310 0.000000 0 
1132800.000000 0.957677 1132800.000000 0.957677 0.986733 0.264946 0.239419 0.000000 0 
1219440.000000 0.899900 1219440.000000 0.899900 0.991095 0.311527 0.224975 0.000000 0 
1198560.000000 0.909299 1198560.000000 0.909299 0.982561 0.300301 0.227325 0.000000 0 
1022880.000000 1.072080 1022880.000000 1.072080 0.999618 0.205849 0.268020 0.000000 0 
1239120.000000 0.893525 1239120.000000 0.893525 0.997706 0.322108 0.223381 0.000000 0 
1620960.000000 0.819508 1620960.000000 0.819508 0.974029 0.527398 0.204877 0.000000 0 
1016640.000000 1.087778 1016640.000000 1.087778 0.997282 0.202495 0.271945 0.000000 0 
1186080.000000 0.919086 1186080.000000 0.919086 0.994634 0.293591 0.229772 0.000000 0 
1256640.000000 0.884621 1256640.000000 0.884621 0.980998 0.331527 0.221155 0.000000 0 
1187760.000000 0.912121 1187760.000000 0.912121 0.976488 0.294495 0.228030 0.000000 0 
1005840.000000 1.125848 1005840.000000 1.125848 0.997922 0.196688 0.281462 0.000000 0 
1095360.000000 0.977932 1095360.000000 0.977932 0.988011 0.244817 0.244483 0.000000 0 
1043520.000000 1.041715 1043520.000000 1.041715 0.996584 0.216946 0.260429 0.000000 0 
944640.000000 1.379431 944640.000000 1.379431 0.996768 0.163785 0.344858 0.000000 0 
1012560.000000 1.115328 1012560.000000 1.115328 0.993792 0.200301 0.278832 0.000000 0 
1710960.000000 0.809474 1710960.000000 0.809474 0.999459 0.575785 0.202369 0.000000 0 
1043520.000000 1.041715 1043520.000000 1.041715 0.996584 0.216946 0.260429 0.000000 0 
1006080.000000 1.121556 1006080.000000 1.121556 0.993641 0.196817 0.280389 0.000000 0 
1719360.000000 0.808491 1719360.000000 0.808491 0.973709 0.580301 0.202123 0.000000 0 
1239120.000000 0.893525 1239120.000000 0.893525 0.997706 0.322108 0.223381 0.000000 0 
1321920.000000 0.866513 1321920.000000 0.866513 0.998605 0.366624 0.216628 0.000000 0 
1197360.000000 0.910842 1197360.000000 0.910842 0.975236 0.299656 0.227711 0.000000 0 
#Generacion: 3500 
#Distancia: 309.399495 
886560.000000 1.979449 886560.000000 1.979449 0.999932 0.132559 0.494862 0.000000 0 
886560.000000 1.979449 886560.000000 1.979449 0.999932 0.132559 0.494862 0.000000 0 
1861440.000000 0.794871 1861440.000000 0.794871 0.981459 0.656688 0.198718 0.000000 0 
906000.000000 1.569674 906000.000000 1.569674 0.999212 0.143011 0.392419 0.000000 0 
892080.000000 1.778209 892080.000000 1.778209 0.998217 0.135527 0.444552 0.000000 0 
1698480.000000 0.799602 1698480.000000 0.799602 0.988313 0.569075 0.199901 0.000000 0 
1861440.000000 0.794871 1861440.000000 0.794871 0.981459 0.656688 0.198718 0.000000 0 
902400.000000 1.759656 902400.000000 1.759656 0.997429 0.141075 0.439914 0.000000 0 
959520.000000 1.239002 959520.000000 1.239002 0.998316 0.171785 0.309751 0.000000 0 
954240.000000 1.369870 954240.000000 1.369870 0.993915 0.168946 0.342468 0.000000 0 
1604640.000000 0.812817 1604640.000000 0.812817 0.987422 0.518624 0.203204 0.000000 0 
944640.000000 1.379431 944640.000000 1.379431 0.996768 0.163785 0.344858 0.000000 0 
1636560.000000 0.811996 1636560.000000 0.811996 0.986798 0.535785 0.202999 0.000000 0 
1576320.000000 0.816715 1576320.000000 0.816715 0.979227 0.503398 0.204179 0.000000 0 
922800.000000 1.507240 922800.000000 1.507240 0.999745 0.152043 0.376810 0.000000 0 
1660320.000000 0.807796 1660320.000000 0.807796 0.994909 0.548559 0.201949 0.000000 0 
928560.000000 1.460165 928560.000000 1.460165 0.993971 0.155140 0.365041 0.000000 0 
1061760.000000 1.018463 1061760.000000 1.018463 0.990466 0.226753 0.254616 0.000000 0 
972480.000000 1.176634 972480.000000 1.176634 0.995271 0.178753 0.294159 0.000000 0 
971040.000000 1.233767 971040.000000 1.233767 0.998659 0.177978 0.308442 0.000000 0 
1408320.000000 0.838088 1408320.000000 0.838088 0.993824 0.413075 0.209522 0.000000 0 
1552080.000000 0.817287 1552080.000000 0.817287 0.981529 0.490366 0.204322 0.000000 0 
938640.000000 1.425896 938640.000000 1.425896 0.996637 0.160559 0.356474 0.000000 0 
1517520.000000 0.821404 1517520.000000 0.821404 0.990329 0.471785 0.205351 0.000000 0 
1016640.000000 1.087778 1016640.000000 1.087778 0.997282 0.202495 0.271945 0.000000 0 
983760.000000 1.148957 983760.000000 1.148957 0.996310 0.184817 0.287239 0.000000 0 
1496400.000000 0.828250 1496400.000000 0.828250 0.978669 0.460430 0.207063 0.000000 0 
1393440.000000 0.845341 1393440.000000 0.845341 0.991638 0.405075 0.211335 0.000000 0 
1012560.000000 1.115328 1012560.000000 1.115328 0.993792 0.200301 0.278832 0.000000 0 
1435680.000000 0.837951 1435680.000000 0.837951 0.992020 0.427785 0.209488 0.000000 0 
1065120.000000 0.989074 1065120.000000 0.989074 0.998750 0.228559 0.247268 0.000000 0 
1216560.000000 0.896551 1216560.000000 0.896551 0.991135 0.309978 0.224138 0.000000 0 
1239120.000000 0.893525 1239120.000000 0.893525 0.997706 0.322108 0.223381 0.000000 0 
972480.000000 1.176634 972480.000000 1.176634 0.995271 0.178753 0.294159 0.000000 0 
911040.000000 1.535692 911040.000000 1.535692 0.998922 0.145720 0.383923 0.000000 0 
1353360.000000 0.854670 1353360.000000 0.854670 0.984668 0.383527 0.213668 0.000000 0 
1022160.000000 1.077240 1022160.000000 1.077240 0.996129 0.205462 0.269310 0.000000 0 
932400.000000 1.441848 932400.000000 1.441848 0.996957 0.157204 0.360462 0.000000 0 
1052160.000000 1.033384 1052160.000000 1.033384 0.992856 0.221591 0.258346 0.000000 0 
1308480.000000 0.866154 1308480.000000 0.866154 0.983749 0.359398 0.216538 0.000000 0 
1168560.000000 0.922927 1168560.000000 0.922927 0.980996 0.284172 0.230732 0.000000 0 
1457760.000000 0.834703 1457760.000000 0.834703 0.995728 0.439656 0.208676 0.000000 0 
1006080.000000 1.121556 1006080.000000 1.121556 0.993641 0.196817 0.280389 0.000000 0 
1034640.000000 1.050078 1034640.000000 1.050078 0.999705 0.212172 0.262519 0.000000 0 
1336080.000000 0.856752 1336080.000000 0.856752 0.999914 0.374237 0.214188 0.000000 0 
988800.000000 1.147029 988800.000000 1.147029 0.990840 0.187527 0.286757 0.000000 0 
1324560.000000 0.863835 1324560.000000 0.863835 0.989899 0.368043 0.215959 0.000000 0 
1200240.000000 0.908512 1200240.000000 0.908512 0.972578 0.301204 0.227128 0.000000 0 
1163040.000000 0.932181 1163040.000000 0.932181 0.998599 0.281204 0.233045 0.000000 0 
1213680.000000 0.905683 1213680.000000 0.905683 0.988461 0.308430 0.226421 0.000000 0 
897360.000000 1.760989 897360.000000 1.760989 0.997972 0.138366 0.440247 0.000000 0 
1258320.000000 0.881314 1258320.000000 0.881314 0.988501 0.332430 0.220329 0.000000 0 
914640.000000 1.519059 914640.000000 1.519059 0.995640 0.147656 0.379765 0.000000 0 
1679520.000000 0.801030 1679520.000000 0.801030 0.992321 0.558882 0.200257 0.000000 0 
1445280.000000 0.837722 1445280.000000 0.837722 0.995660 0.432946 0.209430 0.000000 0 
1361760.000000 0.847993 1361760.000000 0.847993 0.990999 0.388043 0.211998 0.000000 0 
1131840.000000 0.959990 1131840.000000 0.959990 0.998936 0.264430 0.239998 0.000000 0 
1270080.000000 0.877669 1270080.000000 0.877669 0.994321 0.338753 0.219417 0.000000 0 
1376400.000000 0.846164 1376400.000000 0.846164 0.983614 0.395914 0.211541 0.000000 0 
1095360.000000 0.977932 1095360.000000 0.977932 0.988011 0.244817 0.244483 0.000000 0 
1178400.000000 0.915113 1178400.000000 0.915113 0.985222 0.289462 0.228778 0.000000 0 
1471920.000000 0.834653 1471920.000000 0.834653 0.998006 0.447269 0.208663 0.000000 0 
1038480.000000 1.041308 1038480.000000 1.041308 0.998335 0.214237 0.260327 0.000000 0 
1134960.000000 0.948207 1134960.000000 0.948207 0.989833 0.266108 0.237052 0.000000 0 
1087200.000000 0.984442 1087200.000000 0.984442 0.997767 0.240430 0.246110 0.000000 0 
994560.000000 1.129459 994560.000000 1.129459 0.999300 0.190624 0.282365 0.000000 0 
1121280.000000 0.960962 1121280.000000 0.960962 0.997869 0.258753 0.240240 0.000000 0 
1484640.000000 0.828681 1484640.000000 0.828681 0.996912 0.454108 0.207170 0.000000 0 
1298640.000000 0.869909 1298640.000000 0.869909 0.994135 0.354108 0.217477 0.000000 0 
1532640.000000 0.818926 1532640.000000 0.818926 0.998104 0.479914 0.204731 0.000000 0 
1143120.000000 0.947630 1143120.000000 0.947630 0.983096 0.270495 0.236908 0.000000 0 
1154640.000000 0.937836 1154640.000000 0.937836 0.984776 0.276688 0.234459 0.000000 0 
1190640.000000 0.909648 1190640.000000 0.909648 0.981117 0.296043 0.227412 0.000000 0 
1109280.000000 0.971174 1109280.000000 0.971174 0.994654 0.252301 0.242793 0.000000 0 
1113600.000000 0.963631 1113600.000000 0.963631 0.999647 0.254624 0.240908 0.000000 0 
1047360.000000 1.038966 1047360.000000 1.038966 0.996159 0.219011 0.259742 0.000000 0 
1698480.000000 0.799602 1698480.000000 0.799602 0.988313 0.569075 0.199901 0.000000 0 
1679520.000000 0.801030 1679520.000000 0.801030 0.992321 0.558882 0.200257 0.000000 0 
1147680.000000 0.938456 1147680.000000 0.938456 0.996790 0.272946 0.234614 0.000000 0 
1099680.000000 0.971513 1099680.000000 0.971513 0.993448 0.247140 0.242878 0.000000 0 
938640.000000 1.425896 938640.000000 1.425896 0.996637 0.160559 0.356474 0.000000 0 
1251600.000000 0.885820 1251600.000000 0.885820 0.985800 0.328817 0.221455 0.000000 0 
931200.000000 1.454880 931200.000000 1.454880 0.997997 0.156559 0.363720 0.000000 0 
1245120.000000 0.888332 1245120.000000 0.888332 0.984178 0.325333 0.222083 0.000000 0 
1291920.000000 0.871495 1291920.000000 0.871495 0.994759 0.350495 0.217874 0.000000 0 
1071840.000000 0.987632 1071840.000000 0.987632 0.998888 0.232172 0.246908 0.000000 0 
995520.000000 1.129380 995520.000000 1.129380 0.998962 0.191140 0.282345 0.000000 0 
1080480.000000 0.985686 1080480.000000 0.985686 0.998757 0.236817 0.246421 0.000000 0 
917280.000000 1.512771 917280.000000 1.512771 0.994745 0.149075 0.378193 0.000000 0 
1283520.000000 0.874059 1283520.000000 0.874059 0.999663 0.345978 0.218515 0.000000 0 
1025760.000000 1.059965 1025760.000000 1.059965 0.999679 0.207398 0.264991 0.000000 0 
1477680.000000 0.831285 1477680.000000 0.831285 0.985745 0.450366 0.207821 0.000000 0 
954240.000000 1.369870 954240.000000 1.369870 0.993915 0.168946 0.342468 0.000000 0 
1329600.000000 0.859650 1329600.000000 0.859650 0.999272 0.370753 0.214913 0.000000 0 
911040.000000 1.535692 911040.000000 1.535692 0.998922 0.145720 0.383923 0.000000 0 
1532640.000000 0.818926 1532640.000000 0.818926 0.998104 0.479914 0.204731 0.000000 0 
1025760.000000 1.059965 1025760.000000 1.059965 0.999679 0.207398 0.264991 0.000000 0 
1182000.000000 0.911200 1182000.000000 0.911200 0.976204 0.291398 0.227800 0.000000 0 
1278480.000000 0.876862 1278480.000000 0.876862 0.989793 0.343269 0.219215 0.000000 0 
1371360.000000 0.847094 1371360.000000 0.847094 0.993558 0.393204 0.211773 0.000000 0 
#Generacion: 4000 
#Distancia: 283.448182 
881760.000000 1.977851 881760.000000 1.977851 0.998549 0.129978 0.494463 0.000000 0 
881760.000000 1.977851 881760.000000 1.977851 0.998549 0.129978 0.494463 0.000000 0 
1855920.000000 0.790252 1855920.000000 0.790252 0.991596 0.653720 0.197563 0.000000 0 
897360.000000 1.760989 897360.000000 1.760989 0.997972 0.138366 0.440247 0.000000 0 
890400.000000 1.977526 890400.000000 1.977526 0.998951 0.134624 0.494381 0.000000 0 
892080.000000 1.778209 892080.000000 1.778209 0.998217 0.135527 0.444552 0.000000 0 
899280.000000 1.570778 899280.000000 1.570778 0.998928 0.139398 0.392694 0.000000 0 
954240.000000 1.369870 954240.000000 1.369870 0.993915 0.168946 0.342468 0.000000 0 
959520.000000 1.239002 959520.000000 1.239002 0.998316 0.171785 0.309751 0.000000 0 
1800240.000000 0.794165 1800240.000000 0.794165 0.977505 0.623785 0.198541 0.000000 0 
1730160.000000 0.799160 1730160.000000 0.799160 0.988070 0.586108 0.199790 0.000000 0 
917040.000000 1.451628 917040.000000 1.451628 0.999170 0.148946 0.362907 0.000000 0 
914640.000000 1.519059 914640.000000 1.519059 0.995640 0.147656 0.379765 0.000000 0 
969840.000000 1.232861 969840.000000 1.232861 0.999935 0.177333 0.308215 0.000000 0 
1813920.000000 0.792828 1813920.000000 0.792828 0.982156 0.631140 0.198207 0.000000 0 
944640.000000 1.379431 944640.000000 1.379431 0.996768 0.163785 0.344858 0.000000 0 
942480.000000 1.423647 942480.000000 1.423647 0.993745 0.162624 0.355912 0.000000 0 
972480.000000 1.176634 972480.000000 1.176634 0.995271 0.178753 0.294159 0.000000 0 
905760.000000 1.549657 905760.000000 1.549657 0.994683 0.142882 0.387414 0.000000 0 
1588560.000000 0.815532 1588560.000000 0.815532 0.996244 0.509978 0.203883 0.000000 0 
1529040.000000 0.817964 1529040.000000 0.817964 0.983441 0.477978 0.204491 0.000000 0 
1854720.000000 0.791004 1854720.000000 0.791004 0.985725 0.653075 0.197751 0.000000 0 
1660320.000000 0.807796 1660320.000000 0.807796 0.994909 0.548559 0.201949 0.000000 0 
1632960.000000 0.809551 1632960.000000 0.809551 0.983535 0.533849 0.202388 0.000000 0 
1279440.000000 0.872124 1279440.000000 0.872124 0.989601 0.343785 0.218031 0.000000 0 
983760.000000 1.148957 983760.000000 1.148957 0.996310 0.184817 0.287239 0.000000 0 
1061520.000000 1.014306 1061520.000000 1.014306 0.991356 0.226624 0.253576 0.000000 0 
1258320.000000 0.881314 1258320.000000 0.881314 0.988501 0.332430 0.220329 0.000000 0 
1034640.000000 1.050078 1034640.000000 1.050078 0.999705 0.212172 0.262519 0.000000 0 
1146480.000000 0.928281 1146480.000000 0.928281 0.989808 0.272301 0.232070 0.000000 0 
1216560.000000 0.896551 1216560.000000 0.896551 0.991135 0.309978 0.224138 0.000000 0 
1552800.000000 0.815857 1552800.000000 0.815857 0.982701 0.490753 0.203964 0.000000 0 
1484640.000000 0.828681 1484640.000000 0.828681 0.996912 0.454108 0.207170 0.000000 0 
1443840.000000 0.834266 1443840.000000 0.834266 0.997389 0.432172 0.208567 0.000000 0 
1509120.000000 0.818776 1509120.000000 0.818776 0.998321 0.467269 0.204694 0.000000 0 
1239120.000000 0.893525 1239120.000000 0.893525 0.997706 0.322108 0.223381 0.000000 0 
1168560.000000 0.922927 1168560.000000 0.922927 0.980996 0.284172 0.230732 0.000000 0 
1025760.000000 1.059965 1025760.000000 1.059965 0.999679 0.207398 0.264991 0.000000 0 
972480.000000 1.176634 972480.000000 1.176634 0.995271 0.178753 0.294159 0.000000 0 
907920.000000 1.519507 907920.000000 1.519507 0.999236 0.144043 0.379877 0.000000 0 
1022160.000000 1.077240 1022160.000000 1.077240 0.996129 0.205462 0.269310 0.000000 0 
1004880.000000 1.105940 1004880.000000 1.105940 0.994609 0.196172 0.276485 0.000000 0 
1329600.000000 0.859650 1329600.000000 0.859650 0.999272 0.370753 0.214913 0.000000 0 
1497600.000000 0.823045 1497600.000000 0.823045 0.978141 0.461075 0.205761 0.000000 0 
993600.000000 1.127212 993600.000000 1.127212 0.998611 0.190108 0.281803 0.000000 0 
1065120.000000 0.989074 1065120.000000 0.989074 0.998750 0.228559 0.247268 0.000000 0 
1698480.000000 0.799602 1698480.000000 0.799602 0.988313 0.569075 0.199901 0.000000 0 
1730160.000000 0.799160 1730160.000000 0.799160 0.988070 0.586108 0.199790 0.000000 0 
1376400.000000 0.846164 1376400.000000 0.846164 0.983614 0.395914 0.211541 0.000000 0 
1679520.000000 0.801030 1679520.000000 0.801030 0.992321 0.558882 0.200257 0.000000 0 
1047360.000000 1.038966 1047360.000000 1.038966 0.996159 0.219011 0.259742 0.000000 0 
1408320.000000 0.838088 1408320.000000 0.838088 0.993824 0.413075 0.209522 0.000000 0 
1361760.000000 0.847993 1361760.000000 0.847993 0.990999 0.388043 0.211998 0.000000 0 
999840.000000 1.120761 999840.000000 1.120761 0.985321 0.193462 0.280190 0.000000 0 
923040.000000 1.429840 923040.000000 1.429840 0.999080 0.152172 0.357460 0.000000 0 
1343760.000000 0.855256 1343760.000000 0.855256 0.982841 0.378366 0.213814 0.000000 0 
988800.000000 1.147029 988800.000000 1.147029 0.990840 0.187527 0.286757 0.000000 0 
1424400.000000 0.837073 1424400.000000 0.837073 0.990484 0.421720 0.209268 0.000000 0 
1317120.000000 0.862590 1317120.000000 0.862590 0.999386 0.364043 0.215648 0.000000 0 
1119360.000000 0.951611 1119360.000000 0.951611 0.992564 0.257720 0.237903 0.000000 0 
1620480.000000 0.810205 1620480.000000 0.810205 0.990647 0.527140 0.202551 0.000000 0 
1211280.000000 0.906100 1211280.000000 0.906100 0.994042 0.307140 0.226525 0.000000 0 
1552080.000000 0.817287 1552080.000000 0.817287 0.981529 0.490366 0.204322 0.000000 0 
1466160.000000 0.830681 1466160.000000 0.830681 0.994829 0.444172 0.207670 0.000000 0 
1113600.000000 0.958174 1113600.000000 0.958174 0.989986 0.254624 0.239544 0.000000 0 
1014720.000000 1.087373 1014720.000000 1.087373 0.996783 0.201462 0.271843 0.000000 0 
1050960.000000 1.019856 1050960.000000 1.019856 0.998335 0.220946 0.254964 0.000000 0 
1012800.000000 1.096550 1012800.000000 1.096550 0.999061 0.200430 0.274138 0.000000 0 
1129680.000000 0.946345 1129680.000000 0.946345 0.999888 0.263269 0.236586 0.000000 0 
1392000.000000 0.846109 1392000.000000 0.846109 0.998772 0.404301 0.211527 0.000000 0 
1101120.000000 0.960162 1101120.000000 0.960162 0.994159 0.247914 0.240040 0.000000 0 
1672320.000000 0.805848 1672320.000000 0.805848 0.975000 0.555011 0.201462 0.000000 0 
1608480.000000 0.811078 1608480.000000 0.811078 0.996362 0.520688 0.202769 0.000000 0 
934800.000000 1.428185 934800.000000 1.428185 0.993551 0.158495 0.357046 0.000000 0 
1308480.000000 0.866154 1308480.000000 0.866154 0.983749 0.359398 0.216538 0.000000 0 
1182000.000000 0.911200 1182000.000000 0.911200 0.976204 0.291398 0.227800 0.000000 0 
1352160.000000 0.853354 1352160.000000 0.853354 0.990579 0.382882 0.213339 0.000000 0 
921600.000000 1.445899 921600.000000 1.445899 0.997198 0.151398 0.361475 0.000000 0 
900960.000000 1.569567 900960.000000 1.569567 0.998006 0.140301 0.392392 0.000000 0 
1597680.000000 0.812461 1597680.000000 0.812461 0.992582 0.514882 0.203115 0.000000 0 
1199520.000000 0.906967 1199520.000000 0.906967 0.996969 0.300817 0.226742 0.000000 0 
1095360.000000 0.977932 1095360.000000 0.977932 0.988011 0.244817 0.244483 0.000000 0 
1173600.000000 0.918497 1173600.000000 0.918497 0.999513 0.286882 0.229624 0.000000 0 
1399440.000000 0.843914 1399440.000000 0.843914 0.982315 0.408301 0.210979 0.000000 0 
1432560.000000 0.834404 1432560.000000 0.834404 0.996890 0.426108 0.208601 0.000000 0 
1145760.000000 0.941855 1145760.000000 0.941855 0.997257 0.271914 0.235464 0.000000 0 
1087200.000000 0.984442 1087200.000000 0.984442 0.997767 0.240430 0.246110 0.000000 0 
1291920.000000 0.871495 1291920.000000 0.871495 0.994759 0.350495 0.217874 0.000000 0 
1190640.000000 0.909648 1190640.000000 0.909648 0.981117 0.296043 0.227412 0.000000 0 
1298640.000000 0.869909 1298640.000000 0.869909 0.994135 0.354108 0.217477 0.000000 0 
1099680.000000 0.971513 1099680.000000 0.971513 0.993448 0.247140 0.242878 0.000000 0 
1698480.000000 0.799602 1698480.000000 0.799602 0.988313 0.569075 0.199901 0.000000 0 
1466160.000000 0.830681 1466160.000000 0.830681 0.994829 0.444172 0.207670 0.000000 0 
1137120.000000 0.942805 1137120.000000 0.942805 0.997111 0.267269 0.235701 0.000000 0 
892800.000000 1.776762 892800.000000 1.776762 0.996683 0.135914 0.444191 0.000000 0 
1048800.000000 1.029417 1048800.000000 1.029417 0.993463 0.219785 0.257354 0.000000 0 
1251600.000000 0.885820 1251600.000000 0.885820 0.985800 0.328817 0.221455 0.000000 0 
1245120.000000 0.888332 1245120.000000 0.888332 0.984178 0.325333 0.222083 0.000000 0 
1071840.000000 0.987632 1071840.000000 0.987632 0.998888 0.232172 0.246908 0.000000 0 
1080480.000000 0.985686 1080480.000000 0.985686 0.998757 0.236817 0.246421 0.000000 0 
#Generacion: 4500 
#Distancia: 302.219293 
881760.000000 1.977712 881760.000000 1.977712 0.998111 0.129978 0.494428 0.000000 0 
1855920.000000 0.790252 1855920.000000 0.790252 0.991596 0.653720 0.197563 0.000000 0 
881760.000000 1.977712 881760.000000 1.977712 0.998111 0.129978 0.494428 0.000000 0 
887040.000000 1.750727 887040.000000 1.750727 0.999464 0.132817 0.437682 0.000000 0 
888720.000000 1.730555 888720.000000 1.730555 0.998962 0.133720 0.432639 0.000000 0 
893280.000000 1.568558 893280.000000 1.568558 0.999789 0.136172 0.392140 0.000000 0 
959520.000000 1.239002 959520.000000 1.239002 0.998316 0.171785 0.309751 0.000000 0 
954240.000000 1.369870 954240.000000 1.369870 0.993915 0.168946 0.342468 0.000000 0 
1462800.000000 0.825802 1462800.000000 0.825802 0.984405 0.442366 0.206450 0.000000 0 
1789680.000000 0.794778 1789680.000000 0.794778 0.977443 0.618108 0.198694 0.000000 0 
909840.000000 1.514398 909840.000000 1.514398 0.997536 0.145075 0.378599 0.000000 0 
911760.000000 1.447277 911760.000000 1.447277 0.999424 0.146108 0.361819 0.000000 0 
1730160.000000 0.799160 1730160.000000 0.799160 0.988070 0.586108 0.199790 0.000000 0 
944640.000000 1.379431 944640.000000 1.379431 0.996768 0.163785 0.344858 0.000000 0 
1606800.000000 0.809246 1606800.000000 0.809246 0.998959 0.519785 0.202311 0.000000 0 
1497600.000000 0.823045 1497600.000000 0.823045 0.978141 0.461075 0.205761 0.000000 0 
972480.000000 1.176634 972480.000000 1.176634 0.995271 0.178753 0.294159 0.000000 0 
969840.000000 1.232861 969840.000000 1.232861 0.999935 0.177333 0.308215 0.000000 0 
1431360.000000 0.833621 1431360.000000 0.833621 0.990723 0.425462 0.208405 0.000000 0 
1159200.000000 0.918113 1159200.000000 0.918113 0.997766 0.279140 0.229528 0.000000 0 
937200.000000 1.418867 937200.000000 1.418867 0.999028 0.159785 0.354717 0.000000 0 
1094400.000000 0.962154 1094400.000000 0.962154 0.993454 0.244301 0.240539 0.000000 0 
898320.000000 1.566847 898320.000000 1.566847 0.998394 0.138882 0.391712 0.000000 0 
1529040.000000 0.817964 1529040.000000 0.817964 0.983441 0.477978 0.204491 0.000000 0 
1830960.000000 0.790746 1830960.000000 0.790746 0.991334 0.640301 0.197686 0.000000 0 
1075440.000000 0.979695 1075440.000000 0.979695 0.999983 0.234108 0.244924 0.000000 0 
1647840.000000 0.807404 1647840.000000 0.807404 0.991083 0.541849 0.201851 0.000000 0 
983760.000000 1.148957 983760.000000 1.148957 0.996310 0.184817 0.287239 0.000000 0 
903600.000000 1.526412 903600.000000 1.526412 0.998146 0.141720 0.381603 0.000000 0 
1182000.000000 0.911200 1182000.000000 0.911200 0.976204 0.291398 0.227800 0.000000 0 
1061520.000000 1.014306 1061520.000000 1.014306 0.991356 0.226624 0.253576 0.000000 0 
1022160.000000 1.077240 1022160.000000 1.077240 0.996129 0.205462 0.269310 0.000000 0 
1117680.000000 0.943188 1117680.000000 0.943188 0.992851 0.256817 0.235797 0.000000 0 
972480.000000 1.176634 972480.000000 1.176634 0.995271 0.178753 0.294159 0.000000 0 
1813920.000000 0.792828 1813920.000000 0.792828 0.982156 0.631140 0.198207 0.000000 0 
1216560.000000 0.896551 1216560.000000 0.896551 0.991135 0.309978 0.224138 0.000000 0 
1064160.000000 0.988755 1064160.000000 0.988755 0.998450 0.228043 0.247189 0.000000 0 
1729200.000000 0.799456 1729200.000000 0.799456 0.986251 0.585591 0.199864 0.000000 0 
1376400.000000 0.846164 1376400.000000 0.846164 0.983614 0.395914 0.211541 0.000000 0 
1361760.000000 0.847993 1361760.000000 0.847993 0.990999 0.388043 0.211998 0.000000 0 
1147680.000000 0.926247 1147680.000000 0.926247 0.998310 0.272946 0.231562 0.000000 0 
1679520.000000 0.800976 1679520.000000 0.800976 0.992302 0.558882 0.200244 0.000000 0 
923040.000000 1.429840 923040.000000 1.429840 0.999080 0.152172 0.357460 0.000000 0 
1698480.000000 0.799602 1698480.000000 0.799602 0.988313 0.569075 0.199901 0.000000 0 
1595520.000000 0.815423 1595520.000000 0.815423 0.987091 0.513720 0.203856 0.000000 0 
1408320.000000 0.838088 1408320.000000 0.838088 0.993824 0.413075 0.209522 0.000000 0 
1137120.000000 0.939264 1137120.000000 0.939264 0.995484 0.267269 0.234816 0.000000 0 
1329600.000000 0.859650 1329600.000000 0.859650 0.999272 0.370753 0.214913 0.000000 0 
1012800.000000 1.096550 1012800.000000 1.096550 0.999061 0.200430 0.274138 0.000000 0 
1246800.000000 0.883917 1246800.000000 0.883917 0.997339 0.326237 0.220979 0.000000 0 
992640.000000 1.138472 992640.000000 1.138472 0.999614 0.189591 0.284618 0.000000 0 
1258320.000000 0.881314 1258320.000000 0.881314 0.988501 0.332430 0.220329 0.000000 0 
996960.000000 1.120823 996960.000000 1.120823 0.992296 0.191914 0.280206 0.000000 0 
1272720.000000 0.880365 1272720.000000 0.880365 0.996908 0.340172 0.220091 0.000000 0 
1048800.000000 1.029417 1048800.000000 1.029417 0.993463 0.219785 0.257354 0.000000 0 
1424400.000000 0.837073 1424400.000000 0.837073 0.990484 0.421720 0.209268 0.000000 0 
1279440.000000 0.872124 1279440.000000 0.872124 0.989601 0.343785 0.218031 0.000000 0 
1317120.000000 0.862590 1317120.000000 0.862590 0.999386 0.364043 0.215648 0.000000 0 
1038240.000000 1.035592 1038240.000000 1.035592 0.995146 0.214108 0.258898 0.000000 0 
1349760.000000 0.852171 1349760.000000 0.852171 0.995880 0.381591 0.213043 0.000000 0 
1340880.000000 0.854640 1340880.000000 0.854640 0.999688 0.376817 0.213660 0.000000 0 
1569360.000000 0.815512 1569360.000000 0.815512 0.999854 0.499656 0.203878 0.000000 0 
1023840.000000 1.047336 1023840.000000 1.047336 0.999378 0.206366 0.261834 0.000000 0 
1106640.000000 0.945958 1106640.000000 0.945958 0.994349 0.250882 0.236489 0.000000 0 
1004880.000000 1.105940 1004880.000000 1.105940 0.994609 0.196172 0.276485 0.000000 0 
1800240.000000 0.794165 1800240.000000 0.794165 0.977505 0.623785 0.198541 0.000000 0 
1662240.000000 0.806753 1662240.000000 0.806753 0.980782 0.549591 0.201688 0.000000 0 
921600.000000 1.445899 921600.000000 1.445899 0.997198 0.151398 0.361475 0.000000 0 
1104000.000000 0.958160 1104000.000000 0.958160 0.992454 0.249462 0.239540 0.000000 0 
1552080.000000 0.817287 1552080.000000 0.817287 0.981529 0.490366 0.204322 0.000000 0 
1019760.000000 1.087315 1019760.000000 1.087315 0.994952 0.204172 0.271829 0.000000 0 
1050960.000000 1.017799 1050960.000000 1.017799 0.993703 0.220946 0.254450 0.000000 0 
1238160.000000 0.894107 1238160.000000 0.894107 0.997708 0.321591 0.223527 0.000000 0 
1392000.000000 0.846109 1392000.000000 0.846109 0.998772 0.404301 0.211527 0.000000 0 
1308480.000000 0.866154 1308480.000000 0.866154 0.983749 0.359398 0.216538 0.000000 0 
1030800.000000 1.039722 1030800.000000 1.039722 0.998889 0.210108 0.259931 0.000000 0 
933600.000000 1.422776 933600.000000 1.422776 0.993626 0.157849 0.355694 0.000000 0 
1399440.000000 0.843914 1399440.000000 0.843914 0.982315 0.408301 0.210979 0.000000 0 
1672320.000000 0.805848 1672320.000000 0.805848 0.975000 0.555011 0.201462 0.000000 0 
1144560.000000 0.938690 1144560.000000 0.938690 0.983249 0.271269 0.234673 0.000000 0 
1291920.000000 0.871495 1291920.000000 0.871495 0.994759 0.350495 0.217874 0.000000 0 
1190640.000000 0.909648 1190640.000000 0.909648 0.981117 0.296043 0.227412 0.000000 0 
1298640.000000 0.869909 1298640.000000 0.869909 0.994135 0.354108 0.217477 0.000000 0 
1509120.000000 0.818776 1509120.000000 0.818776 0.998321 0.467269 0.204694 0.000000 0 
999360.000000 1.111678 999360.000000 1.111678 0.997885 0.193204 0.277920 0.000000 0 
1698480.000000 0.799602 1698480.000000 0.799602 0.988313 0.569075 0.199901 0.000000 0 
1552800.000000 0.815857 1552800.000000 0.815857 0.982701 0.490753 0.203964 0.000000 0 
1071840.000000 0.987632 1071840.000000 0.987632 0.998888 0.232172 0.246908 0.000000 0 
1208640.000000 0.897759 1208640.000000 0.897759 0.991729 0.305720 0.224440 0.000000 0 
1199520.000000 0.906967 1199520.000000 0.906967 0.996969 0.300817 0.226742 0.000000 0 
990480.000000 1.148324 990480.000000 1.148324 0.996964 0.188430 0.287081 0.000000 0 
954240.000000 1.369870 954240.000000 1.369870 0.993915 0.168946 0.342468 0.000000 0 
1239120.000000 0.893525 1239120.000000 0.893525 0.997706 0.322108 0.223381 0.000000 0 
1569360.000000 0.815512 1569360.000000 0.815512 0.999854 0.499656 0.203878 0.000000 0 
1205520.000000 0.905846 1205520.000000 0.905846 0.980852 0.304043 0.226462 0.000000 0 
1597680.000000 0.812461 1597680.000000 0.812461 0.992582 0.514882 0.203115 0.000000 0 
903600.000000 1.526412 903600.000000 1.526412 0.998146 0.141720 0.381603 0.000000 0 
969840.000000 1.232861 969840.000000 1.232861 0.999935 0.177333 0.308215 0.000000 0 
1509120.000000 0.818776 1509120.000000 0.818776 0.998321 0.467269 0.204694 0.000000 0 
1647840.000000 0.807404 1647840.000000 0.807404 0.991083 0.541849 0.201851 0.000000 0 
#Generacion: 5000 
#Distancia: 307.690404 
