43903723.130446 41926124.649026 1977600.000000 1.518580 5.192612 23.260066 10481531.162256 41926123.130446 17 
54281961.243146 52141643.029831 2140320.000000 1.786685 6.214164 28.839764 13035410.757458 52141641.243146 42 
80994695.317971 79177417.101572 1817280.000000 1.783600 8.917742 43.201449 19794354.275393 79177415.317971 64 
51554445.267592 49658446.758682 1896000.000000 1.491090 5.965845 27.373358 12414611.689670 49658445.267592 36 
74814180686139.687500 74814178744781.609375 1941360.000000 1.919339 7481418.874478 40222677.444161 18703544686195.402344 74814178744779.687500 82 
28119072.008604 26189233.315435 1929840.000000 1.306831 3.618923 14.773695 6547308.328859 26189232.008604 3 
53744595.907593 51555078.333297 2189520.000000 2.425704 6.155508 28.550858 12888769.583324 51555075.907593 41 
34797980.725473 32842942.225756 1955040.000000 1.500283 4.284294 18.364506 8210735.556439 32842940.725473 5 
63474947510770.398438 63474945462132.406250 2048640.000000 2.005882 6347495.546213 34126315.521920 15868736365533.101562 63474945462130.398438 80 
67936756.884143 65983878.390426 1952880.000000 1.506283 7.598388 36.181052 16495969.597607 65983876.884143 57 
46337166.320010 44431567.895955 1905600.000000 1.575945 5.443157 24.568369 11107891.973989 44431566.320010 22 
43709429.751705 41589991.059503 2119440.000000 1.307798 5.158999 23.155607 10397497.764876 41589989.751705 15 
48680221.806889 46544223.234432 2136000.000000 1.427543 5.654422 25.828076 11636055.808608 46544221.806889 28 
55539641.842931 53617963.477803 1921680.000000 1.634872 6.361796 29.515936 13404490.869451 53617961.842931 44 
94874646.476370 92761687.675237 2112960.000000 1.198867 10.276169 50.663788 23190421.918809 92761686.476370 72 
1252078657352546.750000 1252078655365588.500000 1986960.000000 1.811396 125207866.536559 673160568.125025 313019663841397.125000 1252078655365586.750000 91 
57315465.850298 55300427.022039 2015040.000000 1.171741 6.530043 30.470681 13825106.755510 55300425.850298 49 
76230880.351861 74387922.046657 1842960.000000 1.694796 8.438792 40.640258 18596980.511664 74387920.351861 61 
26036134.455992 24122136.399156 1914000.000000 1.943164 3.412213 13.653836 6030534.099789 24122134.455992 2 
71086341.697184 69164663.552931 1921680.000000 1.855748 7.916466 37.874377 17291165.888233 69164661.697184 59 
46604730.821823 44561372.541244 2043360.000000 1.719421 5.456137 24.712221 11140343.135311 44561370.821823 23 
42422492.440318 40415854.187843 2006640.000000 1.747526 5.041585 22.463706 10103963.546961 40415852.440318 10 
66688005.876152 64743047.792517 1944960.000000 1.916365 7.474305 35.509681 16185761.948129 64743045.876152 56 
210186424469409.187500 210186422482930.562500 1986480.000000 1.377758 21018643.248293 113003453.671725 52546605620732.640625 210186422482929.187500 88 
69811659.724473 67921661.841412 1890000.000000 2.116939 7.792166 37.189064 16980415.460353 67921659.724473 58 
21275579.191216 19333021.178794 1942560.000000 1.987578 2.933302 11.094397 4833255.294699 19333019.191216 0 
617912914144812.000000 617912912042893.250000 2101920.000000 1.297135 61791292.204289 332211243.819791 154478228010723.312500 617912912042892.000000 90 
90648412.276576 88751934.548175 1896480.000000 2.271599 9.875193 48.391620 22187983.637044 88751932.276576 70 
13080416918640.716797 13080414826082.363281 2092560.000000 1.645898 1308042.482608 7032481.870237 3270103706520.590820 13080414826080.716797 75 
38628827316075.757812 38628825411678.046875 1904400.000000 2.290333 3862883.541168 20768186.384987 9657206352919.511719 38628825411675.757812 79 
44987361.397409 43054642.979319 1932720.000000 1.581910 5.305464 23.842667 10763660.744830 43054641.397409 19 
49862578.865083 48060421.266139 1802160.000000 2.401056 5.806042 26.463752 12015105.316535 48060418.865083 32 
45335065.287209 43382427.647353 1952640.000000 2.360145 5.338243 24.029605 10845606.911838 43382425.287209 20 
40240635.712000 38269277.465841 1971360.000000 1.753841 4.826928 21.290664 9567319.366460 38269275.712000 7 
56427558.033779 54328519.662047 2099040.000000 1.628268 6.432852 29.993311 13582129.915512 54328518.033779 45 
77403214.378106 75433776.738273 1969440.000000 2.360167 8.543377 41.270545 18858444.184568 75433774.378106 62 
41795393.883026 39791875.508771 2003520.000000 1.625745 4.979187 22.126556 9947968.877193 39791873.883026 9 
41600461.812115 39568383.501507 2032080.000000 1.689392 4.956838 22.021754 9892095.875377 39568381.812115 8 
53665618.415283 51529619.701023 2136000.000000 1.285741 6.152962 28.508397 12882404.925256 51529618.415283 40 
51870974.183953 50011935.584424 1859040.000000 1.400471 6.001193 27.543535 12502983.896106 50011934.183953 37 
44570625.084767 42406547.272840 2164080.000000 2.188073 5.240655 23.618616 10601636.818210 42406545.084767 18 
90218012.841537 88370255.861906 1847760.000000 3.020369 9.837025 48.160222 22092563.965476 88370252.841537 69 
261405466750477.937500 261405464745039.093750 2005440.000000 1.159768 26140547.474504 140540573.177676 65351366186259.773438 261405464745037.937500 89 
48983858.683394 46861779.747662 2122080.000000 1.064268 5.686178 25.991322 11715444.936915 46861778.683394 29 
47916178.788618 45824580.483084 2091600.000000 1.694466 5.582458 25.417300 11456145.120771 45824578.788618 27 
85978353.235719 84067235.152663 1911120.000000 1.916944 9.406723 45.880835 21016808.788166 84067233.235719 65 
43155950.737520 41071312.684649 2084640.000000 1.947129 5.107131 22.858038 10267828.171162 41071310.737520 13 
36386816186731.617188 36386814177694.398438 2009040.000000 2.780097 3638682.417769 19562804.057383 9096703544423.599609 36386814177691.617188 78 
48939063.584202 46970585.102952 1968480.000000 1.518751 5.697058 25.967238 11742646.275738 46970583.584202 29 
88802732.010848 86629773.973244 2172960.000000 1.962396 9.662977 47.399318 21657443.493311 86629772.010848 67 
46685997.920066 44645279.562725 2040720.000000 1.642659 5.464528 24.755913 11161319.890681 44645277.920066 24 
89739072.313951 87697393.741267 2041680.000000 1.427316 9.769739 47.902727 21924348.435317 87697392.313951 68 
66715729.721495 64692051.372713 2023680.000000 1.651219 7.469205 35.524586 16173012.843178 64692049.721495 56 
56864029.923373 54903231.639502 1960800.000000 1.716129 6.490323 30.227973 13725807.909876 54903229.923373 46 
60322690.349957 58345331.968373 1977360.000000 1.618415 6.834533 32.087468 14586332.992093 58345330.349957 52 
50551552.179332 48515154.085109 2036400.000000 1.905777 5.851515 26.834168 12128788.521277 48515152.179332 34 
43274608.110068 41428050.050177 1846560.000000 1.940109 5.142805 22.921832 10357012.512544 41428048.110068 14 
50103132.097981 48197054.381798 1906080.000000 2.283817 5.819705 26.593082 12049263.595450 48197052.097981 33 
42568094.757525 40390576.867537 2177520.000000 2.110012 5.039057 22.541986 10097644.216884 40390574.757525 10 
56812401.998593 54995123.734470 1817280.000000 1.735877 6.499512 30.200216 13748780.933617 54995121.998593 46 
119473934778163.015625 119473932856724.093750 1921440.000000 1.074195 11947394.285672 64233297.923744 29868483214181.023438 119473932856723.015625 84 
60183406.090739 58175567.900725 2007840.000000 1.809986 6.817557 32.012584 14543891.975181 58175566.090739 51 
87589317.749381 85678919.935809 1910400.000000 2.186428 9.567892 46.746945 21419729.983952 85678917.749381 66 
159864549917477.437500 159864547917799.343750 1999680.000000 1.906823 15986455.791780 85948682.407246 39966136979449.835938 159864547917797.437500 86 
53337049.471590 51111770.820372 2225280.000000 1.348782 6.111177 28.331747 12777942.705093 51111769.471590 39 
58789424.895433 56984146.551736 1805280.000000 1.656304 6.698414 31.263132 14246036.637934 56984144.895433 50 
81001026.922988 78927908.600561 2073120.000000 1.677573 8.892791 43.204853 19731977.150140 78927906.922988 64 
62610238.409579 60570720.344040 2039520.000000 1.934461 7.057072 33.317332 15142680.086010 60570718.409579 55 
93455004.819688 91418126.690145 2036880.000000 1.870457 10.141812 49.900540 22854531.672536 91418124.819688 71 
60378544.291787 58652465.643836 1726080.000000 1.352048 6.865246 32.117497 14663116.410959 58652464.291787 53 
42535995.124330 40514236.932193 2021760.000000 1.807863 5.051424 22.524729 10128559.233048 40514235.124330 11 
61387745.065782 59462466.862322 1925280.000000 1.796540 6.946247 32.660078 14865616.715580 59462465.065782 54 
5175618285685407.000000 5175618283794689.000000 1890720.000000 1.811669 517561829.379469 2782590475.830864 1293904570948672.250000 5175618283794687.000000 92 
252679479828.387787 252677285509.468842 2194320.000000 1.081056 25268.728551 135848.838617 63169321377.367210 252677285508.387787 74 
57086160.671082 55137123.751888 1949040.000000 3.080806 6.513712 30.347398 13784280.937972 55137120.671082 47 
43043103.825491 41049665.219319 1993440.000000 1.393828 5.104966 22.797368 10262416.304830 41049663.825491 12 
46234330.475193 44375772.371983 1858560.000000 1.896791 5.437577 24.513081 11093943.092996 44375770.475193 21 
36785575.647398 34771498.056827 2014080.000000 2.409429 4.477150 19.433105 8692874.514207 34771495.647398 6 
46699607.017080 44697048.953903 2002560.000000 1.936823 5.469705 24.763230 11174262.238476 44697047.017080 25 
74497500058670.687500 74497498041232.250000 2017440.000000 1.561481 7449750.804123 40052419.042296 18624374510308.062500 74497498041230.687500 81 
49405121.170586 47428482.656034 1976640.000000 1.485448 5.742848 26.217807 11857120.664008 47428481.170586 31 
74104144.707759 72023826.905399 2080320.000000 2.197640 8.202382 39.496852 18005956.726350 72023824.707759 60 
54688518.720532 52709960.999598 1978560.000000 2.279066 6.270996 29.058343 13177490.249899 52709958.720532 43 
41692878.909011 39560000.765885 2132880.000000 1.856875 4.956000 22.071440 9890000.191471 39559998.909011 8 
43860746.842985 41752109.055195 2108640.000000 2.212211 5.175211 23.236961 10438027.263799 41752106.842985 16 
24307276925723.328125 24307274704525.734375 2221200.000000 2.405883 2430728.470452 13068428.110604 6076818676131.433594 24307274704523.328125 76 
100455239.052443 98547001.094113 1908240.000000 2.041670 10.854700 53.664107 24636750.273528 98546999.052443 73 
52452843.703433 50369646.018997 2083200.000000 2.315565 6.036964 27.856368 12592411.504749 50369643.703433 38 
50997560.106525 48779241.546294 2218320.000000 1.439769 5.877924 27.073957 12194810.386573 48779240.106525 35 
44557903.363213 42558224.833045 1999680.000000 1.469832 5.255822 23.611776 10639556.208261 42558223.363213 18 
31950000.522519 29809922.011803 2140080.000000 1.489284 3.980992 16.833334 7452480.502951 29809920.522519 4 
26079611532224.699219 26079609650147.152344 1882080.000000 2.452219 2607961.965014 14021296.178615 6519902412536.788086 26079609650144.699219 77 
95543968059681.187500 95543965956563.093750 2103120.000000 1.906106 9554397.595656 51367724.419183 23885991489140.773438 95543965956561.187500 83 
57215400.548395 55192921.970321 2022480.000000 1.421926 6.519292 30.416882 13798230.492580 55192920.548395 48 
49201109.044339 47227830.619796 1973280.000000 1.575457 5.722783 26.108123 11806957.654949 47227829.044339 30 
78491863.344869 76628506.198678 1863360.000000 2.853809 8.662850 41.855841 19157126.549669 76628503.344869 63 
176689037420590.156250 176689035277631.406250 2142960.000000 1.241215 17668904.527763 94994105.796016 44172258819407.851562 176689035277630.156250 87 
24180684.202458 21835885.434557 2344800.000000 1.232099 3.183588 12.656282 5458971.358639 21835884.202458 1 
47889930.608462 45704733.728161 2185200.000000 3.119700 5.570473 25.403188 11426183.432040 45704730.608462 26 
155007158066976.125000 155007155892098.500000 2174880.000000 2.390368 15500716.589210 83337181.412353 38751788973024.625000 155007155892096.125000 85 
#Generacion: 1 
#Distancia: 789.174141 
1117680.000000 1.068105 1117680.000000 1.068105 0.965549 0.256817 0.267026 0.000000 0 
1132800.000000 1.048882 1132800.000000 1.048882 0.974344 0.264946 0.262221 0.000000 0 
1083120.000000 1.117236 1083120.000000 1.117236 0.987578 0.238237 0.279309 0.000000 0 
1568880.000000 0.878395 1568880.000000 0.878395 0.995585 0.499398 0.219599 0.000000 0 
1700160.000000 0.865584 1700160.000000 0.865584 0.990551 0.569978 0.216396 0.000000 0 
1123440.000000 1.067383 1123440.000000 1.067383 0.984643 0.259914 0.266846 0.000000 0 
1698240.000000 0.865919 1698240.000000 0.865919 0.995724 0.568946 0.216480 0.000000 0 
1313520.000000 0.949435 1313520.000000 0.949435 0.992821 0.362108 0.237359 0.000000 0 
1526400.000000 0.880842 1526400.000000 0.880842 0.988541 0.476559 0.220211 0.000000 0 
1478400.000000 0.895369 1478400.000000 0.895369 0.991375 0.450753 0.223842 0.000000 0 
1932480.000000 0.847346 1932480.000000 0.847346 0.989571 0.694882 0.211836 0.000000 0 
1117680.000000 1.068105 1117680.000000 1.068105 0.965549 0.256817 0.267026 0.000000 0 
1483440.000000 0.891068 1483440.000000 0.891068 0.985460 0.453462 0.222767 0.000000 0 
1490640.000000 0.888714 1490640.000000 0.888714 0.991472 0.457333 0.222178 0.000000 0 
1392240.000000 0.923904 1392240.000000 0.923904 0.996031 0.404430 0.230976 0.000000 0 
1279920.000000 0.963499 1279920.000000 0.963499 0.997957 0.344043 0.240875 0.000000 0 
1603920.000000 0.872692 1603920.000000 0.872692 0.998853 0.518237 0.218173 0.000000 0 
1269600.000000 0.966512 1269600.000000 0.966512 0.999160 0.338495 0.241628 0.000000 0 
1492320.000000 0.887332 1492320.000000 0.887332 0.992432 0.458237 0.221833 0.000000 0 
1347120.000000 0.942457 1347120.000000 0.942457 0.982440 0.380172 0.235614 0.000000 0 
1871040.000000 0.849265 1871040.000000 0.849265 0.992690 0.661849 0.212316 0.000000 0 
1093680.000000 1.069441 1093680.000000 1.069441 0.962107 0.243914 0.267360 0.000000 0 
1566000.000000 0.879770 1566000.000000 0.879770 0.988537 0.497849 0.219943 0.000000 0 
1047600.000000 1.205083 1047600.000000 1.205083 0.996596 0.219140 0.301271 0.000000 0 
1126320.000000 1.066209 1126320.000000 1.066209 0.969290 0.261462 0.266552 0.000000 0 
984960.000000 1.551084 984960.000000 1.551084 0.985748 0.185462 0.387771 0.000000 0 
1129440.000000 1.055170 1129440.000000 1.055170 0.995204 0.263140 0.263793 0.000000 0 
1288560.000000 0.952296 1288560.000000 0.952296 0.993889 0.348688 0.238074 0.000000 0 
1431840.000000 0.907274 1431840.000000 0.907274 0.983106 0.425720 0.226819 0.000000 0 
1988400.000000 0.843894 1988400.000000 0.843894 0.996417 0.724946 0.210974 0.000000 0 
1199280.000000 1.017944 1199280.000000 1.017944 0.994608 0.300688 0.254486 0.000000 0 
1213440.000000 1.004076 1213440.000000 1.004076 0.996643 0.308301 0.251019 0.000000 0 
1011840.000000 1.419031 1011840.000000 1.419031 0.994534 0.199914 0.354758 0.000000 0 
1444800.000000 0.896260 1444800.000000 0.896260 0.989287 0.432688 0.224065 0.000000 0 
1202160.000000 1.016633 1202160.000000 1.016633 0.990702 0.302237 0.254158 0.000000 0 
983760.000000 1.642929 983760.000000 1.642929 0.999423 0.184817 0.410732 0.000000 0 
1156320.000000 1.031337 1156320.000000 1.031337 0.990033 0.277591 0.257834 0.000000 0 
1109040.000000 1.068122 1109040.000000 1.068122 0.961468 0.252172 0.267030 0.000000 0 
1257600.000000 0.967148 1257600.000000 0.967148 0.999029 0.332043 0.241787 0.000000 0 
1961760.000000 0.846204 1961760.000000 0.846204 0.998051 0.710624 0.211551 0.000000 0 
1207680.000000 1.008002 1207680.000000 1.008002 0.999946 0.305204 0.252000 0.000000 0 
1041840.000000 1.205388 1041840.000000 1.205388 0.997397 0.216043 0.301347 0.000000 0 
1013280.000000 1.394893 1013280.000000 1.394893 0.997968 0.200688 0.348723 0.000000 0 
1352880.000000 0.939822 1352880.000000 0.939822 0.988432 0.383269 0.234955 0.000000 0 
1006800.000000 1.432569 1006800.000000 1.432569 0.999926 0.197204 0.358142 0.000000 0 
1183920.000000 1.020075 1183920.000000 1.020075 0.994696 0.292430 0.255019 0.000000 0 
1225920.000000 0.973276 1225920.000000 0.973276 0.993549 0.315011 0.243319 0.000000 0 
2051040.000000 0.839405 2051040.000000 0.839405 0.998521 0.758624 0.209851 0.000000 0 
1726320.000000 0.856883 1726320.000000 0.856883 0.981054 0.584043 0.214221 0.000000 0 
1148640.000000 1.031499 1148640.000000 1.031499 0.994572 0.273462 0.257875 0.000000 0 
1225200.000000 0.974271 1225200.000000 0.974271 0.994535 0.314624 0.243568 0.000000 0 
1438800.000000 0.907157 1438800.000000 0.907157 0.999646 0.429462 0.226789 0.000000 0 
1037040.000000 1.302251 1037040.000000 1.302251 0.987575 0.213462 0.325563 0.000000 0 
1039920.000000 1.246980 1039920.000000 1.246980 0.981513 0.215011 0.311745 0.000000 0 
1074480.000000 1.119165 1074480.000000 1.119165 0.969567 0.233591 0.279791 0.000000 0 
1024560.000000 1.310367 1024560.000000 1.310367 0.966195 0.206753 0.327592 0.000000 0 
1810800.000000 0.851623 1810800.000000 0.851623 0.997649 0.629462 0.212906 0.000000 0 
1639200.000000 0.866126 1639200.000000 0.866126 0.985361 0.537204 0.216532 0.000000 0 
1057440.000000 1.139451 1057440.000000 1.139451 0.996471 0.224430 0.284863 0.000000 0 
1001520.000000 1.436686 1001520.000000 1.436686 0.983320 0.194366 0.359172 0.000000 0 
1196880.000000 1.018507 1196880.000000 1.018507 0.999010 0.299398 0.254627 0.000000 0 
1062480.000000 1.138292 1062480.000000 1.138292 0.991347 0.227140 0.284573 0.000000 0 
1053600.000000 1.201858 1053600.000000 1.201858 0.972405 0.222366 0.300465 0.000000 0 
1740720.000000 0.855848 1740720.000000 0.855848 0.997156 0.591785 0.213962 0.000000 0 
1092480.000000 1.069512 1092480.000000 1.069512 0.994293 0.243269 0.267378 0.000000 0 
1639200.000000 0.866126 1639200.000000 0.866126 0.985361 0.537204 0.216532 0.000000 0 
1090080.000000 1.110500 1090080.000000 1.110500 0.993944 0.241978 0.277625 0.000000 0 
2019120.000000 0.841384 2019120.000000 0.841384 0.995068 0.741462 0.210346 0.000000 0 
1639200.000000 0.866126 1639200.000000 0.866126 0.985361 0.537204 0.216532 0.000000 0 
2025600.000000 0.841070 2025600.000000 0.841070 0.999366 0.744946 0.210267 0.000000 0 
1008960.000000 1.535003 1008960.000000 1.535003 0.988683 0.198366 0.383751 0.000000 1 
2014800.000000 0.845234 2014800.000000 0.845234 0.995821 0.739140 0.211309 0.000000 1 
1014240.000000 1.475413 1014240.000000 1.475413 0.981088 0.201204 0.368853 0.000000 1 
1096080.000000 1.082999 1096080.000000 1.082999 0.969286 0.245204 0.270750 0.000000 1 
1060800.000000 1.234271 1060800.000000 1.234271 0.950607 0.226237 0.308568 0.000000 1 
1402320.000000 0.929265 1402320.000000 0.929265 0.994542 0.409849 0.232316 0.000000 1 
1445760.000000 0.908949 1445760.000000 0.908949 0.979536 0.433204 0.227237 0.000000 1 
1937520.000000 0.849266 1937520.000000 0.849266 0.995046 0.697591 0.212316 0.000000 1 
1892640.000000 0.852488 1892640.000000 0.852488 0.988041 0.673462 0.213122 0.000000 1 
1275120.000000 0.966593 1275120.000000 0.966593 0.993766 0.341462 0.241648 0.000000 1 
1484160.000000 0.891389 1484160.000000 0.891389 0.984031 0.453849 0.222847 0.000000 1 
1355040.000000 0.941912 1355040.000000 0.941912 0.997929 0.384430 0.235478 0.000000 1 
1615440.000000 0.873560 1615440.000000 0.873560 0.994938 0.524430 0.218390 0.000000 1 
1237200.000000 0.974394 1237200.000000 0.974394 0.995354 0.321075 0.243598 0.000000 1 
1049040.000000 1.235123 1049040.000000 1.235123 0.988109 0.219914 0.308781 0.000000 1 
1531440.000000 0.883285 1531440.000000 0.883285 0.996867 0.479269 0.220821 0.000000 1 
1566960.000000 0.880161 1566960.000000 0.880161 0.999167 0.498366 0.220040 0.000000 1 
1185360.000000 1.034127 1185360.000000 1.034127 0.998364 0.293204 0.258532 0.000000 1 
1225440.000000 1.002974 1225440.000000 1.002974 0.993345 0.314753 0.250743 0.000000 1 
1127520.000000 1.067776 1127520.000000 1.067776 0.965992 0.262108 0.266944 0.000000 1 
1030800.000000 1.329164 1030800.000000 1.329164 0.993911 0.210108 0.332291 0.000000 1 
1208160.000000 1.018095 1208160.000000 1.018095 0.961974 0.305462 0.254524 0.000000 1 
1069920.000000 1.141772 1069920.000000 1.141772 0.995915 0.231140 0.285443 0.000000 1 
1149360.000000 1.045019 1149360.000000 1.045019 0.996488 0.273849 0.261255 0.000000 1 
1703520.000000 0.866295 1703520.000000 0.866295 0.995741 0.571785 0.216574 0.000000 1 
1040640.000000 1.250621 1040640.000000 1.250621 0.996837 0.215398 0.312655 0.000000 1 
1730640.000000 0.864890 1730640.000000 0.864890 0.998375 0.586366 0.216223 0.000000 1 
1065840.000000 1.179129 1065840.000000 1.179129 0.994216 0.228946 0.294782 0.000000 1 
1782960.000000 0.860645 1782960.000000 0.860645 0.969640 0.614495 0.215161 0.000000 1 
1030560.000000 1.389159 1030560.000000 1.389159 0.971994 0.209978 0.347290 0.000000 1 
#Generacion: 500 
#Distancia: 406.430808 
2045520.000000 0.812725 2045520.000000 0.812725 0.992137 0.755656 0.203181 0.000000 0 
917520.000000 2.069952 917520.000000 2.069952 0.994698 0.149204 0.517488 0.000000 0 
943680.000000 1.751288 943680.000000 1.751288 0.998748 0.163269 0.437822 0.000000 0 
1821360.000000 0.833602 1821360.000000 0.833602 0.999157 0.635140 0.208401 0.000000 0 
930720.000000 1.967085 930720.000000 1.967085 0.991811 0.156301 0.491771 0.000000 0 
961920.000000 1.473370 961920.000000 1.473370 0.999760 0.173075 0.368342 0.000000 0 
957600.000000 1.613179 957600.000000 1.613179 0.985579 0.170753 0.403295 0.000000 0 
2004000.000000 0.830579 2004000.000000 0.830579 0.992520 0.733333 0.207645 0.000000 0 
949440.000000 1.624255 949440.000000 1.624255 0.999406 0.166366 0.406064 0.000000 0 
985680.000000 1.329480 985680.000000 1.329480 0.990419 0.185849 0.332370 0.000000 0 
941280.000000 1.878501 941280.000000 1.878501 0.987540 0.161978 0.469625 0.000000 0 
1720320.000000 0.842350 1720320.000000 0.842350 0.998306 0.580817 0.210588 0.000000 0 
1013520.000000 1.265845 1013520.000000 1.265845 0.982498 0.200817 0.316461 0.000000 0 
978720.000000 1.406012 978720.000000 1.406012 0.997210 0.182108 0.351503 0.000000 0 
924240.000000 2.069323 924240.000000 2.069323 0.988276 0.152817 0.517331 0.000000 0 
1908480.000000 0.831303 1908480.000000 0.831303 0.997608 0.681978 0.207826 0.000000 0 
1900560.000000 0.832209 1900560.000000 0.832209 0.990289 0.677720 0.208052 0.000000 0 
1012800.000000 1.311254 1012800.000000 1.311254 0.991417 0.200430 0.327814 0.000000 0 
931440.000000 1.891210 931440.000000 1.891210 0.971731 0.156688 0.472803 0.000000 0 
1060560.000000 1.076029 1060560.000000 1.076029 0.972307 0.226108 0.269007 0.000000 0 
1023840.000000 1.204630 1023840.000000 1.204630 0.993082 0.206366 0.301157 0.000000 0 
1218000.000000 0.946908 1218000.000000 0.946908 0.983412 0.310753 0.236727 0.000000 0 
1261920.000000 0.946114 1261920.000000 0.946114 0.998012 0.334366 0.236529 0.000000 0 
1662000.000000 0.850254 1662000.000000 0.850254 0.997811 0.549462 0.212563 0.000000 0 
2022000.000000 0.823871 2022000.000000 0.823871 0.995367 0.743011 0.205968 0.000000 0 
1032960.000000 1.200048 1032960.000000 1.200048 0.996921 0.211269 0.300012 0.000000 0 
1035600.000000 1.145801 1035600.000000 1.145801 0.990852 0.212688 0.286450 0.000000 0 
1138800.000000 1.036745 1138800.000000 1.036745 0.979452 0.268172 0.259186 0.000000 0 
1057200.000000 1.125476 1057200.000000 1.125476 0.992919 0.224301 0.281369 0.000000 0 
1292640.000000 0.933306 1292640.000000 0.933306 0.986823 0.350882 0.233326 0.000000 0 
1621440.000000 0.854219 1621440.000000 0.854219 0.997522 0.527656 0.213555 0.000000 0 
1162800.000000 1.020745 1162800.000000 1.020745 0.994875 0.281075 0.255186 0.000000 0 
1527840.000000 0.865422 1527840.000000 0.865422 0.998511 0.477333 0.216355 0.000000 0 
966960.000000 1.441534 966960.000000 1.441534 0.998688 0.175785 0.360383 0.000000 0 
1442400.000000 0.887756 1442400.000000 0.887756 0.997497 0.431398 0.221939 0.000000 0 
1172400.000000 1.002502 1172400.000000 1.002502 0.991087 0.286237 0.250626 0.000000 0 
1145520.000000 1.022174 1145520.000000 1.022174 0.974358 0.271785 0.255544 0.000000 0 
974160.000000 1.435405 974160.000000 1.435405 0.982127 0.179656 0.358851 0.000000 0 
1207440.000000 0.974971 1207440.000000 0.974971 0.983214 0.305075 0.243743 0.000000 0 
1330320.000000 0.919704 1330320.000000 0.919704 0.981775 0.371140 0.229926 0.000000 0 
1212960.000000 0.963954 1212960.000000 0.963954 0.992847 0.308043 0.240989 0.000000 0 
1074240.000000 1.061652 1074240.000000 1.061652 0.988163 0.233462 0.265413 0.000000 0 
1342320.000000 0.914486 1342320.000000 0.914486 0.978585 0.377591 0.228621 0.000000 0 
1096320.000000 1.046958 1096320.000000 1.046958 0.978208 0.245333 0.261740 0.000000 0 
1511280.000000 0.868816 1511280.000000 0.868816 0.971105 0.468430 0.217204 0.000000 0 
1399920.000000 0.896074 1399920.000000 0.896074 0.988853 0.408559 0.224018 0.000000 0 
1049760.000000 1.140567 1049760.000000 1.140567 0.993445 0.220301 0.285142 0.000000 0 
1114560.000000 1.043766 1114560.000000 1.043766 0.978353 0.255140 0.260942 0.000000 0 
1466640.000000 0.884648 1466640.000000 0.884648 0.974888 0.444430 0.221162 0.000000 0 
1695120.000000 0.844789 1695120.000000 0.844789 0.998576 0.567269 0.211197 0.000000 0 
1569840.000000 0.862641 1569840.000000 0.862641 0.998633 0.499914 0.215660 0.000000 0 
1587360.000000 0.862075 1587360.000000 0.862075 0.994386 0.509333 0.215519 0.000000 0 
1418880.000000 0.892879 1418880.000000 0.892879 0.999288 0.418753 0.223220 0.000000 0 
1718400.000000 0.842944 1718400.000000 0.842944 0.995256 0.579785 0.210736 0.000000 0 
1080720.000000 1.053704 1080720.000000 1.053704 0.992974 0.236946 0.263426 0.000000 0 
1382400.000000 0.901511 1382400.000000 0.901511 0.971202 0.399140 0.225378 0.000000 0 
1503600.000000 0.874687 1503600.000000 0.874687 0.990452 0.464301 0.218672 0.000000 0 
1355520.000000 0.909459 1355520.000000 0.909459 0.988362 0.384688 0.227365 0.000000 0 
1675200.000000 0.849239 1675200.000000 0.849239 0.999976 0.556559 0.212310 0.000000 0 
1548960.000000 0.865157 1548960.000000 0.865157 0.992567 0.488688 0.216289 0.000000 0 
1549680.000000 0.863596 1549680.000000 0.863596 0.997351 0.489075 0.215899 0.000000 0 
1615200.000000 0.854590 1615200.000000 0.854590 0.999633 0.524301 0.213648 0.000000 0 
1375920.000000 0.906971 1375920.000000 0.906971 0.986272 0.395656 0.226743 0.000000 0 
1360320.000000 0.907521 1360320.000000 0.907521 0.969733 0.387269 0.226880 0.000000 0 
1279680.000000 0.941251 1279680.000000 0.941251 0.998895 0.343914 0.235313 0.000000 0 
1278960.000000 0.943168 1278960.000000 0.943168 0.993293 0.343527 0.235792 0.000000 0 
1407840.000000 0.894078 1407840.000000 0.894078 0.997904 0.412817 0.223520 0.000000 0 
1053120.000000 1.129587 1053120.000000 1.129587 0.991815 0.222108 0.282397 0.000000 0 
936240.000000 1.883337 936240.000000 1.883337 0.989405 0.159269 0.470834 0.000000 0 
1106400.000000 1.046001 1106400.000000 1.046001 0.987288 0.250753 0.261500 0.000000 0 
1035600.000000 1.145801 1035600.000000 1.145801 0.990852 0.212688 0.286450 0.000000 0 
954480.000000 1.613809 954480.000000 1.613809 0.970102 0.169075 0.403452 0.000000 0 
1576560.000000 0.862227 1576560.000000 0.862227 0.998274 0.503527 0.215557 0.000000 0 
1599840.000000 0.856848 1599840.000000 0.856848 0.999720 0.516043 0.214212 0.000000 0 
1599840.000000 0.856848 1599840.000000 0.856848 0.999720 0.516043 0.214212 0.000000 0 
1483920.000000 0.880430 1483920.000000 0.880430 0.983063 0.453720 0.220108 0.000000 0 
1432320.000000 0.890227 1432320.000000 0.890227 0.991545 0.425978 0.222557 0.000000 0 
1492800.000000 0.876759 1492800.000000 0.876759 0.983952 0.458495 0.219190 0.000000 0 
949440.000000 1.624255 949440.000000 1.624255 0.999406 0.166366 0.406064 0.000000 0 
1466880.000000 0.882698 1466880.000000 0.882698 0.992203 0.444559 0.220675 0.000000 0 
1077120.000000 1.056044 1077120.000000 1.056044 0.994149 0.235011 0.264011 0.000000 0 
1684320.000000 0.848458 1684320.000000 0.848458 0.983052 0.561462 0.212115 0.000000 0 
1030560.000000 1.201456 1030560.000000 1.201456 0.995840 0.209978 0.300364 0.000000 0 
972720.000000 1.441373 972720.000000 1.441373 0.996655 0.178882 0.360343 0.000000 0 
1432320.000000 0.890227 1432320.000000 0.890227 0.991545 0.425978 0.222557 0.000000 0 
1491600.000000 0.878465 1491600.000000 0.878465 0.998143 0.457849 0.219616 0.000000 0 
1478400.000000 0.882105 1478400.000000 0.882105 0.987722 0.450753 0.220526 0.000000 0 
1381440.000000 0.905618 1381440.000000 0.905618 0.994655 0.398624 0.226405 0.000000 0 
1685760.000000 0.845963 1685760.000000 0.845963 0.999809 0.562237 0.211491 0.000000 0 
1692480.000000 0.845943 1692480.000000 0.845943 0.999784 0.565849 0.211486 0.000000 0 
1113600.000000 1.043978 1113600.000000 1.043978 0.978344 0.254624 0.260995 0.000000 0 
1023840.000000 1.204630 1023840.000000 1.204630 0.993082 0.206366 0.301157 0.000000 0 
941040.000000 1.879251 941040.000000 1.879251 0.968595 0.161849 0.469813 0.000000 0 
1057200.000000 1.125476 1057200.000000 1.125476 0.992919 0.224301 0.281369 0.000000 0 
1478400.000000 0.882105 1478400.000000 0.882105 0.987722 0.450753 0.220526 0.000000 0 
1178640.000000 0.984637 1178640.000000 0.984637 0.977904 0.289591 0.246159 0.000000 0 
1302480.000000 0.932921 1302480.000000 0.932921 0.992967 0.356172 0.233230 0.000000 0 
1305360.000000 0.927389 1305360.000000 0.927389 0.983603 0.357720 0.231847 0.000000 0 
1196640.000000 0.986512 1196640.000000 0.986512 0.992296 0.299269 0.246628 0.000000 1 
1320960.000000 0.930999 1320960.000000 0.930999 0.981488 0.366108 0.232750 0.000000 1 
#Generacion: 1000 
#Distancia: 384.157273 
902880.000000 2.035059 902880.000000 2.035059 0.992316 0.141333 0.508765 0.000000 0 
2150640.000000 0.809570 2150640.000000 0.809570 0.985342 0.812172 0.202393 0.000000 0 
919440.000000 1.952990 919440.000000 1.952990 0.979600 0.150237 0.488248 0.000000 0 
919680.000000 1.773757 919680.000000 1.773757 0.988140 0.150366 0.443439 0.000000 0 
923760.000000 1.611149 923760.000000 1.611149 0.989082 0.152559 0.402787 0.000000 0 
921600.000000 1.773418 921600.000000 1.773418 0.986418 0.151398 0.443354 0.000000 0 
1895520.000000 0.824915 1895520.000000 0.824915 0.993939 0.675011 0.206229 0.000000 0 
1947840.000000 0.821709 1947840.000000 0.821709 0.994191 0.703140 0.205427 0.000000 0 
1003200.000000 1.225545 1003200.000000 1.225545 0.990075 0.195269 0.306386 0.000000 0 
1818480.000000 0.829122 1818480.000000 0.829122 0.998209 0.633591 0.207280 0.000000 0 
2074080.000000 0.810175 2074080.000000 0.810175 0.984469 0.771011 0.202544 0.000000 0 
907920.000000 2.031097 907920.000000 2.031097 0.992881 0.144043 0.507774 0.000000 0 
944400.000000 1.427470 944400.000000 1.427470 0.995631 0.163656 0.356867 0.000000 0 
912960.000000 1.953830 912960.000000 1.953830 0.983044 0.146753 0.488458 0.000000 0 
2015760.000000 0.817680 2015760.000000 0.817680 0.997007 0.739656 0.204420 0.000000 0 
996480.000000 1.297784 996480.000000 1.297784 0.984645 0.191656 0.324446 0.000000 0 
1720320.000000 0.842350 1720320.000000 0.842350 0.998306 0.580817 0.210588 0.000000 0 
1595040.000000 0.851501 1595040.000000 0.851501 0.992568 0.513462 0.212875 0.000000 0 
943920.000000 1.500751 943920.000000 1.500751 0.999465 0.163398 0.375188 0.000000 0 
1779120.000000 0.839805 1779120.000000 0.839805 0.999020 0.612430 0.209951 0.000000 0 
934560.000000 1.568705 934560.000000 1.568705 0.998304 0.158366 0.392176 0.000000 0 
1252080.000000 0.943396 1252080.000000 0.943396 0.996239 0.329075 0.235849 0.000000 0 
1026960.000000 1.148692 1026960.000000 1.148692 0.990584 0.208043 0.287173 0.000000 0 
1014720.000000 1.191173 1014720.000000 1.191173 0.994005 0.201462 0.297793 0.000000 0 
1218000.000000 0.946908 1218000.000000 0.946908 0.983412 0.310753 0.236727 0.000000 0 
941280.000000 1.548607 941280.000000 1.548607 0.998235 0.161978 0.387152 0.000000 0 
926880.000000 1.609968 926880.000000 1.609968 0.986368 0.154237 0.402492 0.000000 0 
1634400.000000 0.850174 1634400.000000 0.850174 0.984463 0.534624 0.212543 0.000000 0 
1560480.000000 0.852087 1560480.000000 0.852087 0.995901 0.494882 0.213022 0.000000 0 
1456800.000000 0.872557 1456800.000000 0.872557 0.999873 0.439140 0.218139 0.000000 0 
943920.000000 1.500751 943920.000000 1.500751 0.999465 0.163398 0.375188 0.000000 0 
1502880.000000 0.863704 1502880.000000 0.863704 0.991282 0.463914 0.215926 0.000000 0 
1272960.000000 0.935066 1272960.000000 0.935066 0.987498 0.340301 0.233767 0.000000 0 
1337040.000000 0.902133 1337040.000000 0.902133 0.998525 0.374753 0.225533 0.000000 0 
1428960.000000 0.874805 1428960.000000 0.874805 0.999847 0.424172 0.218701 0.000000 0 
996480.000000 1.297784 996480.000000 1.297784 0.984645 0.191656 0.324446 0.000000 0 
985680.000000 1.329480 985680.000000 1.329480 0.990419 0.185849 0.332370 0.000000 0 
1691520.000000 0.844358 1691520.000000 0.844358 0.998888 0.565333 0.211089 0.000000 0 
1048560.000000 1.101688 1048560.000000 1.101688 0.989838 0.219656 0.275422 0.000000 0 
1366320.000000 0.900994 1366320.000000 0.900994 0.983010 0.390495 0.225248 0.000000 0 
977040.000000 1.386685 977040.000000 1.386685 0.967934 0.181204 0.346671 0.000000 0 
1030800.000000 1.117295 1030800.000000 1.117295 0.981396 0.210108 0.279324 0.000000 0 
1810560.000000 0.835011 1810560.000000 0.835011 0.997448 0.629333 0.208753 0.000000 0 
1212960.000000 0.963954 1212960.000000 0.963954 0.992847 0.308043 0.240989 0.000000 0 
1389120.000000 0.886388 1389120.000000 0.886388 0.990622 0.402753 0.221597 0.000000 0 
1370400.000000 0.893923 1370400.000000 0.893923 0.999136 0.392688 0.223481 0.000000 0 
979680.000000 1.358286 979680.000000 1.358286 0.983626 0.182624 0.339572 0.000000 0 
1053360.000000 1.075889 1053360.000000 1.075889 0.969839 0.222237 0.268972 0.000000 0 
1130880.000000 1.017705 1130880.000000 1.017705 0.973789 0.263914 0.254426 0.000000 0 
1021200.000000 1.173172 1021200.000000 1.173172 0.973782 0.204946 0.293293 0.000000 0 
1785840.000000 0.836584 1785840.000000 0.836584 0.969422 0.616043 0.209146 0.000000 0 
1667520.000000 0.847415 1667520.000000 0.847415 0.999891 0.552430 0.211854 0.000000 0 
1292640.000000 0.933306 1292640.000000 0.933306 0.986823 0.350882 0.233326 0.000000 0 
983760.000000 1.356389 983760.000000 1.356389 0.979309 0.184817 0.339097 0.000000 0 
954000.000000 1.420378 954000.000000 1.420378 0.993350 0.168817 0.355095 0.000000 0 
1103520.000000 1.042903 1103520.000000 1.042903 0.968086 0.249204 0.260726 0.000000 0 
2026800.000000 0.813788 2026800.000000 0.813788 0.995209 0.745591 0.203447 0.000000 0 
1168320.000000 0.992513 1168320.000000 0.992513 0.978462 0.284043 0.248128 0.000000 0 
2045520.000000 0.812725 2045520.000000 0.812725 0.992137 0.755656 0.203181 0.000000 0 
1481520.000000 0.867113 1481520.000000 0.867113 0.996293 0.452430 0.216778 0.000000 0 
1309680.000000 0.909244 1309680.000000 0.909244 0.994838 0.360043 0.227311 0.000000 0 
1137120.000000 1.008559 1137120.000000 1.008559 0.999897 0.267269 0.252140 0.000000 0 
1110480.000000 1.026613 1110480.000000 1.026613 0.965707 0.252946 0.256653 0.000000 0 
1413600.000000 0.874809 1413600.000000 0.874809 0.999797 0.415914 0.218702 0.000000 0 
2059920.000000 0.812659 2059920.000000 0.812659 0.997482 0.763398 0.203165 0.000000 0 
1080720.000000 1.053704 1080720.000000 1.053704 0.992974 0.236946 0.263426 0.000000 0 
1174080.000000 0.973461 1174080.000000 0.973461 0.998522 0.287140 0.243365 0.000000 0 
1523280.000000 0.857877 1523280.000000 0.857877 0.997168 0.474882 0.214469 0.000000 0 
1705920.000000 0.843259 1705920.000000 0.843259 0.998847 0.573075 0.210815 0.000000 0 
1147680.000000 1.001900 1147680.000000 1.001900 0.989259 0.272946 0.250475 0.000000 0 
1476720.000000 0.870588 1476720.000000 0.870588 0.995449 0.449849 0.217647 0.000000 0 
1179120.000000 0.972651 1179120.000000 0.972651 0.997689 0.289849 0.243163 0.000000 0 
961440.000000 1.399209 961440.000000 1.399209 0.999499 0.172817 0.349802 0.000000 0 
1111440.000000 1.019342 1111440.000000 1.019342 0.989516 0.253462 0.254835 0.000000 0 
985680.000000 1.329480 985680.000000 1.329480 0.990419 0.185849 0.332370 0.000000 0 
956160.000000 1.404532 956160.000000 1.404532 0.967933 0.169978 0.351133 0.000000 0 
1068720.000000 1.059940 1068720.000000 1.059940 0.978280 0.230495 0.264985 0.000000 0 
1038960.000000 1.102840 1038960.000000 1.102840 0.980648 0.214495 0.275710 0.000000 0 
968400.000000 1.387476 968400.000000 1.387476 0.965638 0.176559 0.346869 0.000000 0 
935520.000000 1.549210 935520.000000 1.549210 0.991324 0.158882 0.387303 0.000000 0 
1302960.000000 0.921683 1302960.000000 0.921683 0.996292 0.356430 0.230421 0.000000 0 
1646880.000000 0.849453 1646880.000000 0.849453 0.987524 0.541333 0.212363 0.000000 0 
1197120.000000 0.966948 1197120.000000 0.966948 0.982897 0.299527 0.241737 0.000000 0 
1065840.000000 1.067207 1065840.000000 1.067207 0.980684 0.228946 0.266802 0.000000 0 
1527600.000000 0.857548 1527600.000000 0.857548 0.991427 0.477204 0.214387 0.000000 0 
1016160.000000 1.173964 1016160.000000 1.173964 0.992100 0.202237 0.293491 0.000000 0 
1405920.000000 0.883274 1405920.000000 0.883274 0.999911 0.411785 0.220819 0.000000 0 
1035840.000000 1.117290 1035840.000000 1.117290 0.984185 0.212817 0.279322 0.000000 0 
1659120.000000 0.847898 1659120.000000 0.847898 0.988723 0.547914 0.211975 0.000000 0 
1092480.000000 1.052734 1092480.000000 1.052734 0.994845 0.243269 0.263184 0.000000 0 
1300320.000000 0.926631 1300320.000000 0.926631 0.994228 0.355011 0.231658 0.000000 0 
1057200.000000 1.074014 1057200.000000 1.074014 0.989589 0.224301 0.268504 0.000000 0 
1096320.000000 1.046958 1096320.000000 1.046958 0.978208 0.245333 0.261740 0.000000 0 
1324800.000000 0.907396 1324800.000000 0.907396 0.999770 0.368172 0.226849 0.000000 0 
1157760.000000 0.998543 1157760.000000 0.998543 0.992463 0.278366 0.249636 0.000000 0 
1544880.000000 0.854476 1544880.000000 0.854476 0.997395 0.486495 0.213619 0.000000 0 
1400880.000000 0.885902 1400880.000000 0.885902 0.993379 0.409075 0.221476 0.000000 0 
1198800.000000 0.966155 1198800.000000 0.966155 0.990414 0.300430 0.241539 0.000000 0 
1544880.000000 0.854476 1544880.000000 0.854476 0.997395 0.486495 0.213619 0.000000 0 
1323120.000000 0.909114 1323120.000000 0.909114 0.993186 0.367269 0.227279 0.000000 0 
#Generacion: 1500 
#Distancia: 384.566667 
882240.000000 2.341089 882240.000000 2.341089 0.989506 0.130237 0.585272 0.000000 0 
1975680.000000 0.808270 1975680.000000 0.808270 0.988651 0.718108 0.202068 0.000000 0 
891840.000000 1.648846 891840.000000 1.648846 0.991897 0.135398 0.412212 0.000000 0 
1823760.000000 0.815950 1823760.000000 0.815950 0.999153 0.636430 0.203987 0.000000 0 
1932240.000000 0.813676 1932240.000000 0.813676 0.995302 0.694753 0.203419 0.000000 0 
919200.000000 1.520207 919200.000000 1.520207 0.974233 0.150108 0.380052 0.000000 0 
1654800.000000 0.835091 1654800.000000 0.835091 0.982232 0.545591 0.208773 0.000000 0 
1717440.000000 0.834763 1717440.000000 0.834763 0.981774 0.579269 0.208691 0.000000 0 
968160.000000 1.317765 968160.000000 1.317765 0.997587 0.176430 0.329441 0.000000 0 
1749840.000000 0.829109 1749840.000000 0.829109 0.983090 0.596688 0.207277 0.000000 0 
918480.000000 1.593059 918480.000000 1.593059 0.991974 0.149720 0.398265 0.000000 0 
1386000.000000 0.883216 1386000.000000 0.883216 0.999725 0.401075 0.220804 0.000000 0 
1645680.000000 0.838820 1645680.000000 0.838820 0.971286 0.540688 0.209705 0.000000 0 
1036560.000000 1.079087 1036560.000000 1.079087 0.990672 0.213204 0.269772 0.000000 0 
1602720.000000 0.842406 1602720.000000 0.842406 0.982333 0.517591 0.210601 0.000000 0 
1318080.000000 0.891974 1318080.000000 0.891974 0.997923 0.364559 0.222994 0.000000 0 
990480.000000 1.245921 990480.000000 1.245921 0.990611 0.188430 0.311480 0.000000 0 
1552080.000000 0.847904 1552080.000000 0.847904 0.967963 0.490366 0.211976 0.000000 0 
976560.000000 1.273211 976560.000000 1.273211 0.985929 0.180946 0.318303 0.000000 0 
1789200.000000 0.825629 1789200.000000 0.825629 0.983577 0.617849 0.206407 0.000000 0 
1351440.000000 0.883687 1351440.000000 0.883687 0.999477 0.382495 0.220922 0.000000 0 
1015680.000000 1.116509 1015680.000000 1.116509 0.989817 0.201978 0.279127 0.000000 0 
1296480.000000 0.903495 1296480.000000 0.903495 0.997625 0.352946 0.225874 0.000000 0 
928800.000000 1.471161 928800.000000 1.471161 0.973660 0.155269 0.367790 0.000000 0 
1218000.000000 0.946908 1218000.000000 0.946908 0.983412 0.310753 0.236727 0.000000 0 
1024320.000000 1.113867 1024320.000000 1.113867 0.986576 0.206624 0.278467 0.000000 0 
959280.000000 1.354014 959280.000000 1.354014 0.985840 0.171656 0.338503 0.000000 0 
1234560.000000 0.938451 1234560.000000 0.938451 0.994391 0.319656 0.234613 0.000000 0 
1194960.000000 0.951233 1194960.000000 0.951233 0.993263 0.298366 0.237808 0.000000 0 
1796880.000000 0.824459 1796880.000000 0.824459 0.998020 0.621978 0.206115 0.000000 0 
949680.000000 1.386283 949680.000000 1.386283 0.989016 0.166495 0.346571 0.000000 0 
934560.000000 1.425974 934560.000000 1.425974 0.973015 0.158366 0.356493 0.000000 0 
912000.000000 1.614571 912000.000000 1.614571 0.993844 0.146237 0.403643 0.000000 0 
1008720.000000 1.162023 1008720.000000 1.162023 0.989188 0.198237 0.290506 0.000000 0 
1473600.000000 0.863813 1473600.000000 0.863813 0.984674 0.448172 0.215953 0.000000 0 
929520.000000 1.465698 929520.000000 1.465698 0.978062 0.155656 0.366424 0.000000 0 
1582320.000000 0.847436 1582320.000000 0.847436 0.996225 0.506624 0.211859 0.000000 0 
996720.000000 1.204379 996720.000000 1.204379 0.997338 0.191785 0.301095 0.000000 0 
1509840.000000 0.853796 1509840.000000 0.853796 0.976156 0.467656 0.213449 0.000000 0 
966480.000000 1.347707 966480.000000 1.347707 0.972811 0.175527 0.336927 0.000000 0 
1001760.000000 1.171996 1001760.000000 1.171996 0.991686 0.194495 0.292999 0.000000 0 
1530960.000000 0.849465 1530960.000000 0.849465 0.978378 0.479011 0.212366 0.000000 0 
911280.000000 1.647482 911280.000000 1.647482 0.989177 0.145849 0.411870 0.000000 0 
1408560.000000 0.882941 1408560.000000 0.882941 0.982588 0.413204 0.220735 0.000000 0 
1168320.000000 0.992513 1168320.000000 0.992513 0.978462 0.284043 0.248128 0.000000 0 
1155120.000000 0.993629 1155120.000000 0.993629 0.989516 0.276946 0.248407 0.000000 0 
1283760.000000 0.913055 1283760.000000 0.913055 0.988162 0.346108 0.228264 0.000000 0 
1191360.000000 0.969296 1191360.000000 0.969296 0.982396 0.296430 0.242324 0.000000 0 
1730640.000000 0.831743 1730640.000000 0.831743 0.979324 0.586366 0.207936 0.000000 0 
1450320.000000 0.865694 1450320.000000 0.865694 0.999832 0.435656 0.216423 0.000000 0 
1487760.000000 0.854482 1487760.000000 0.854482 0.988012 0.455785 0.213621 0.000000 0 
1109040.000000 1.017783 1109040.000000 1.017783 0.986609 0.252172 0.254446 0.000000 0 
942720.000000 1.414551 942720.000000 1.414551 0.982730 0.162753 0.353638 0.000000 0 
996720.000000 1.204379 996720.000000 1.204379 0.997338 0.191785 0.301095 0.000000 0 
1255200.000000 0.937298 1255200.000000 0.937298 0.991546 0.330753 0.234325 0.000000 0 
943680.000000 1.389583 943680.000000 1.389583 0.995814 0.163269 0.347396 0.000000 0 
1434480.000000 0.869237 1434480.000000 0.869237 0.994111 0.427140 0.217309 0.000000 0 
1272720.000000 0.914212 1272720.000000 0.914212 0.990307 0.340172 0.228553 0.000000 0 
1174080.000000 0.973461 1174080.000000 0.973461 0.998522 0.287140 0.243365 0.000000 0 
1422240.000000 0.870319 1422240.000000 0.870319 0.999606 0.420559 0.217580 0.000000 0 
1520400.000000 0.851276 1520400.000000 0.851276 0.978436 0.473333 0.212819 0.000000 0 
1336560.000000 0.885401 1336560.000000 0.885401 0.999114 0.374495 0.221350 0.000000 0 
1137120.000000 1.008038 1137120.000000 1.008038 0.980683 0.267269 0.252010 0.000000 0 
1413600.000000 0.874809 1413600.000000 0.874809 0.999797 0.415914 0.218702 0.000000 0 
912480.000000 1.593759 912480.000000 1.593759 0.985361 0.146495 0.398440 0.000000 0 
987600.000000 1.265806 987600.000000 1.265806 0.989004 0.186882 0.316451 0.000000 0 
1179120.000000 0.972651 1179120.000000 0.972651 0.997689 0.289849 0.243163 0.000000 0 
1142880.000000 1.001517 1142880.000000 1.001517 0.992097 0.270366 0.250379 0.000000 0 
1084800.000000 1.043451 1084800.000000 1.043451 0.997012 0.239140 0.260863 0.000000 0 
1256400.000000 0.929713 1256400.000000 0.929713 0.992365 0.331398 0.232428 0.000000 0 
1069680.000000 1.056498 1069680.000000 1.056498 0.994811 0.231011 0.264125 0.000000 0 
1447920.000000 0.868779 1447920.000000 0.868779 0.996643 0.434366 0.217195 0.000000 0 
1596240.000000 0.844166 1596240.000000 0.844166 0.975933 0.514108 0.211042 0.000000 0 
1092960.000000 1.032182 1092960.000000 1.032182 0.990164 0.243527 0.258046 0.000000 0 
1103520.000000 1.031776 1103520.000000 1.031776 0.989991 0.249204 0.257944 0.000000 0 
984000.000000 1.266062 984000.000000 1.266062 0.993698 0.184946 0.316516 0.000000 0 
936240.000000 1.418867 936240.000000 1.418867 0.979030 0.159269 0.354717 0.000000 0 
1087920.000000 1.033722 1087920.000000 1.033722 0.989734 0.240817 0.258430 0.000000 0 
1337520.000000 0.885292 1337520.000000 0.885292 0.998411 0.375011 0.221323 0.000000 0 
1107840.000000 1.029244 1107840.000000 1.029244 0.991413 0.251527 0.257311 0.000000 0 
1722720.000000 0.834460 1722720.000000 0.834460 0.974092 0.582108 0.208615 0.000000 0 
1079280.000000 1.048906 1079280.000000 1.048906 0.985873 0.236172 0.262226 0.000000 0 
1006560.000000 1.170305 1006560.000000 1.170305 0.990629 0.197075 0.292576 0.000000 0 
1068720.000000 1.059940 1068720.000000 1.059940 0.978280 0.230495 0.264985 0.000000 0 
891840.000000 1.648846 891840.000000 1.648846 0.991897 0.135398 0.412212 0.000000 0 
902640.000000 1.648643 902640.000000 1.648643 0.990037 0.141204 0.412161 0.000000 0 
1142160.000000 1.002958 1142160.000000 1.002958 0.992967 0.269978 0.250739 0.000000 0 
1587840.000000 0.846166 1587840.000000 0.846166 0.995999 0.509591 0.211542 0.000000 0 
902640.000000 1.648643 902640.000000 1.648643 0.990037 0.141204 0.412161 0.000000 0 
1079280.000000 1.048906 1079280.000000 1.048906 0.985873 0.236172 0.262226 0.000000 0 
1008720.000000 1.162023 1008720.000000 1.162023 0.989188 0.198237 0.290506 0.000000 0 
1053120.000000 1.060470 1053120.000000 1.060470 0.995586 0.222108 0.265117 0.000000 0 
1074000.000000 1.054449 1074000.000000 1.054449 0.995136 0.233333 0.263612 0.000000 0 
1109520.000000 1.009526 1109520.000000 1.009526 0.992055 0.252430 0.252381 0.000000 0 
1316400.000000 0.901545 1316400.000000 0.901545 0.992587 0.363656 0.225386 0.000000 0 
1485120.000000 0.856050 1485120.000000 0.856050 0.983135 0.454366 0.214013 0.000000 0 
1262880.000000 0.914711 1262880.000000 0.914711 0.990479 0.334882 0.228678 0.000000 0 
1000320.000000 1.195210 1000320.000000 1.195210 0.996302 0.193720 0.298802 0.000000 0 
1941120.000000 0.810774 1941120.000000 0.810774 0.981758 0.699527 0.202693 0.000000 0 
1962960.000000 0.811351 1962960.000000 0.811351 0.987602 0.711269 0.202838 0.000000 1 
#Generacion: 2000 
#Distancia: 344.619596 
1931280.000000 0.804514 1931280.000000 0.804514 0.984693 0.694237 0.201128 0.000000 0 
866400.000000 2.342409 866400.000000 2.342409 0.997314 0.121720 0.585602 0.000000 0 
882240.000000 2.341089 882240.000000 2.341089 0.989506 0.130237 0.585272 0.000000 0 
891840.000000 1.648846 891840.000000 1.648846 0.995327 0.135398 0.412212 0.000000 0 
1751040.000000 0.819967 1751040.000000 0.819967 0.995007 0.597333 0.204992 0.000000 0 
1554960.000000 0.844311 1554960.000000 0.844311 0.988606 0.491914 0.211078 0.000000 0 
1857360.000000 0.814726 1857360.000000 0.814726 0.995891 0.654495 0.203682 0.000000 0 
1687680.000000 0.820762 1687680.000000 0.820762 0.997815 0.563269 0.205190 0.000000 0 
898800.000000 1.559792 898800.000000 1.559792 0.989607 0.139140 0.389948 0.000000 0 
964800.000000 1.284598 964800.000000 1.284598 0.999900 0.174624 0.321149 0.000000 0 
891840.000000 1.648846 891840.000000 1.648846 0.995327 0.135398 0.412212 0.000000 0 
1464240.000000 0.851425 1464240.000000 0.851425 0.985282 0.443140 0.212856 0.000000 0 
1794960.000000 0.815470 1794960.000000 0.815470 0.999356 0.620946 0.203868 0.000000 0 
1208640.000000 0.923759 1208640.000000 0.923759 0.982005 0.305720 0.230940 0.000000 0 
955920.000000 1.349540 955920.000000 1.349540 0.988537 0.169849 0.337385 0.000000 0 
1602720.000000 0.842406 1602720.000000 0.842406 0.982333 0.517591 0.210601 0.000000 0 
907440.000000 1.514108 907440.000000 1.514108 0.999046 0.143785 0.378527 0.000000 0 
1381680.000000 0.879090 1381680.000000 0.879090 0.999836 0.398753 0.219773 0.000000 0 
985200.000000 1.234897 985200.000000 1.234897 0.988350 0.185591 0.308724 0.000000 0 
1881840.000000 0.814271 1881840.000000 0.814271 0.974212 0.667656 0.203568 0.000000 0 
1149840.000000 0.978407 1149840.000000 0.978407 0.993087 0.274108 0.244602 0.000000 0 
1510560.000000 0.845903 1510560.000000 0.845903 0.987127 0.468043 0.211476 0.000000 0 
1905840.000000 0.810182 1905840.000000 0.810182 0.992558 0.680559 0.202545 0.000000 0 
1339920.000000 0.880252 1339920.000000 0.880252 0.999370 0.376301 0.220063 0.000000 0 
990000.000000 1.173209 990000.000000 1.173209 0.991771 0.188172 0.293302 0.000000 0 
1281360.000000 0.906745 1281360.000000 0.906745 0.994375 0.344817 0.226686 0.000000 0 
1510560.000000 0.845903 1510560.000000 0.845903 0.987127 0.468043 0.211476 0.000000 0 
1246560.000000 0.922670 1246560.000000 0.922670 0.998028 0.326108 0.230668 0.000000 0 
1170480.000000 0.964282 1170480.000000 0.964282 0.999670 0.285204 0.241070 0.000000 0 
1789200.000000 0.819482 1789200.000000 0.819482 0.992780 0.617849 0.204870 0.000000 0 
995520.000000 1.128903 995520.000000 1.128903 0.997410 0.191140 0.282226 0.000000 0 
1133280.000000 1.008601 1133280.000000 1.008601 0.981541 0.265204 0.252150 0.000000 0 
899760.000000 1.558083 899760.000000 1.558083 0.990812 0.139656 0.389521 0.000000 0 
1262640.000000 0.910874 1262640.000000 0.910874 0.995162 0.334753 0.227719 0.000000 0 
1303200.000000 0.902445 1303200.000000 0.902445 0.999572 0.356559 0.225611 0.000000 0 
1107840.000000 1.009419 1107840.000000 1.009419 0.994966 0.251527 0.252355 0.000000 0 
990000.000000 1.173209 990000.000000 1.173209 0.991771 0.188172 0.293302 0.000000 0 
1672080.000000 0.830233 1672080.000000 0.830233 0.992789 0.554882 0.207558 0.000000 0 
1404240.000000 0.871612 1404240.000000 0.871612 0.997397 0.410882 0.217903 0.000000 0 
1182960.000000 0.964273 1182960.000000 0.964273 0.991032 0.291914 0.241068 0.000000 0 
1617360.000000 0.840136 1617360.000000 0.840136 0.987483 0.525462 0.210034 0.000000 0 
1197840.000000 0.949821 1197840.000000 0.949821 0.995271 0.299914 0.237455 0.000000 0 
915840.000000 1.458109 915840.000000 1.458109 0.983963 0.148301 0.364527 0.000000 0 
929520.000000 1.431330 929520.000000 1.431330 0.985909 0.155656 0.357833 0.000000 0 
1042320.000000 1.061574 1042320.000000 1.061574 0.993402 0.216301 0.265394 0.000000 0 
1928640.000000 0.809860 1928640.000000 0.809860 0.981556 0.692817 0.202465 0.000000 0 
1028160.000000 1.100545 1028160.000000 1.100545 0.990975 0.208688 0.275136 0.000000 0 
945600.000000 1.365860 945600.000000 1.365860 0.989214 0.164301 0.341465 0.000000 0 
1446960.000000 0.860430 1446960.000000 0.860430 0.999981 0.433849 0.215107 0.000000 0 
1393920.000000 0.877048 1393920.000000 0.877048 0.995512 0.405333 0.219262 0.000000 0 
1425840.000000 0.863300 1425840.000000 0.863300 0.999560 0.422495 0.215825 0.000000 0 
942720.000000 1.414551 942720.000000 1.414551 0.982730 0.162753 0.353638 0.000000 0 
1053120.000000 1.060470 1053120.000000 1.060470 0.995586 0.222108 0.265117 0.000000 0 
911520.000000 1.483590 911520.000000 1.483590 0.984559 0.145978 0.370897 0.000000 0 
1633440.000000 0.839128 1633440.000000 0.839128 0.994512 0.534108 0.209782 0.000000 0 
1640400.000000 0.835210 1640400.000000 0.835210 0.987340 0.537849 0.208802 0.000000 0 
1194960.000000 0.951233 1194960.000000 0.951233 0.993263 0.298366 0.237808 0.000000 0 
936240.000000 1.418867 936240.000000 1.418867 0.979030 0.159269 0.354717 0.000000 0 
1036560.000000 1.079087 1036560.000000 1.079087 0.990672 0.213204 0.269772 0.000000 0 
1247280.000000 0.914794 1247280.000000 0.914794 0.994254 0.326495 0.228699 0.000000 0 
1326000.000000 0.887790 1326000.000000 0.887790 0.999655 0.368817 0.221948 0.000000 0 
1079280.000000 1.047613 1079280.000000 1.047613 0.990797 0.236172 0.261903 0.000000 0 
1448160.000000 0.854853 1448160.000000 0.854853 0.995045 0.434495 0.213713 0.000000 0 
1035360.000000 1.087257 1035360.000000 1.087257 0.998090 0.212559 0.271814 0.000000 0 
1144320.000000 0.999333 1144320.000000 0.999333 0.986717 0.271140 0.249833 0.000000 0 
1421280.000000 0.867794 1421280.000000 0.867794 0.990245 0.420043 0.216949 0.000000 0 
1088400.000000 1.040948 1088400.000000 1.040948 0.984165 0.241075 0.260237 0.000000 0 
1316400.000000 0.901545 1316400.000000 0.901545 0.992587 0.363656 0.225386 0.000000 0 
913200.000000 1.483570 913200.000000 1.483570 0.988279 0.146882 0.370893 0.000000 0 
1099920.000000 1.026019 1099920.000000 1.026019 0.987515 0.247269 0.256505 0.000000 0 
1089360.000000 1.030056 1089360.000000 1.030056 0.999923 0.241591 0.257514 0.000000 0 
952080.000000 1.360847 952080.000000 1.360847 0.994631 0.167785 0.340212 0.000000 0 
922560.000000 1.441949 922560.000000 1.441949 0.983888 0.151914 0.360487 0.000000 0 
1008000.000000 1.118189 1008000.000000 1.118189 0.990426 0.197849 0.279547 0.000000 0 
969120.000000 1.266431 969120.000000 1.266431 0.993811 0.176946 0.316608 0.000000 0 
1022160.000000 1.109949 1022160.000000 1.109949 0.988235 0.205462 0.277487 0.000000 0 
1074000.000000 1.054449 1074000.000000 1.054449 0.995136 0.233333 0.263612 0.000000 0 
1102320.000000 1.017117 1102320.000000 1.017117 0.996364 0.248559 0.254279 0.000000 0 
1337520.000000 0.885292 1337520.000000 0.885292 0.998411 0.375011 0.221323 0.000000 0 
1318080.000000 0.891974 1318080.000000 0.891974 0.997923 0.364559 0.222994 0.000000 0 
1660320.000000 0.831361 1660320.000000 0.831361 0.997286 0.548559 0.207840 0.000000 0 
973920.000000 1.261517 973920.000000 1.261517 0.999158 0.179527 0.315379 0.000000 0 
1001280.000000 1.128788 1001280.000000 1.128788 0.997120 0.194237 0.282197 0.000000 0 
943680.000000 1.389583 943680.000000 1.389583 0.995814 0.163269 0.347396 0.000000 0 
943680.000000 1.389583 943680.000000 1.389583 0.995814 0.163269 0.347396 0.000000 0 
916560.000000 1.443505 916560.000000 1.443505 0.986234 0.148688 0.360876 0.000000 0 
1142880.000000 1.001517 1142880.000000 1.001517 0.992097 0.270366 0.250379 0.000000 0 
1654560.000000 0.832368 1654560.000000 0.832368 0.990975 0.545462 0.208092 0.000000 0 
1068480.000000 1.060258 1068480.000000 1.060258 0.994878 0.230366 0.265064 0.000000 0 
978240.000000 1.246848 978240.000000 1.246848 0.985340 0.181849 0.311712 0.000000 0 
983760.000000 1.244301 983760.000000 1.244301 0.989367 0.184817 0.311075 0.000000 0 
1007040.000000 1.118296 1007040.000000 1.118296 0.989969 0.197333 0.279574 0.000000 0 
1022160.000000 1.109949 1022160.000000 1.109949 0.988235 0.205462 0.277487 0.000000 0 
872160.000000 2.342142 872160.000000 2.342142 0.996130 0.124817 0.585536 0.000000 0 
877200.000000 2.342110 877200.000000 2.342110 0.989923 0.127527 0.585528 0.000000 0 
1068480.000000 1.060258 1068480.000000 1.060258 0.994878 0.230366 0.265064 0.000000 0 
1792080.000000 0.818111 1792080.000000 0.818111 0.999271 0.619398 0.204528 0.000000 0 
972240.000000 1.265574 972240.000000 1.265574 0.991089 0.178624 0.316393 0.000000 0 
1423440.000000 0.866502 1423440.000000 0.866502 0.999130 0.421204 0.216625 0.000000 0 
978720.000000 1.246178 978720.000000 1.246178 0.989070 0.182108 0.311545 0.000000 0 
#Generacion: 2500 
#Distancia: 344.722323 
866400.000000 2.342409 866400.000000 2.342409 0.997314 0.121720 0.585602 0.000000 0 
1931280.000000 0.804514 1931280.000000 0.804514 0.984693 0.694237 0.201128 0.000000 0 
884160.000000 1.643672 884160.000000 1.643672 0.999253 0.131269 0.410918 0.000000 0 
882240.000000 2.313660 882240.000000 2.313660 0.998386 0.130237 0.578415 0.000000 0 
1774080.000000 0.814093 1774080.000000 0.814093 0.995043 0.609720 0.203523 0.000000 0 
1878240.000000 0.812751 1878240.000000 0.812751 0.992544 0.665720 0.203188 0.000000 0 
1573680.000000 0.835882 1573680.000000 0.835882 0.991526 0.501978 0.208970 0.000000 0 
1719360.000000 0.819992 1719360.000000 0.819992 0.991565 0.580301 0.204998 0.000000 0 
1188960.000000 0.938670 1188960.000000 0.938670 0.998553 0.295140 0.234667 0.000000 0 
978000.000000 1.200462 978000.000000 1.200462 0.991959 0.181720 0.300115 0.000000 0 
1208640.000000 0.923759 1208640.000000 0.923759 0.982005 0.305720 0.230940 0.000000 0 
1626720.000000 0.835723 1626720.000000 0.835723 0.998883 0.530495 0.208931 0.000000 0 
898800.000000 1.559792 898800.000000 1.559792 0.989607 0.139140 0.389948 0.000000 0 
939600.000000 1.373528 939600.000000 1.373528 0.990186 0.161075 0.343382 0.000000 0 
1394400.000000 0.875335 1394400.000000 0.875335 0.997459 0.405591 0.218834 0.000000 0 
990000.000000 1.173209 990000.000000 1.173209 0.991771 0.188172 0.293302 0.000000 0 
1172640.000000 0.956799 1172640.000000 0.956799 0.995348 0.286366 0.239200 0.000000 0 
1481520.000000 0.848996 1481520.000000 0.848996 0.990500 0.452430 0.212249 0.000000 0 
963360.000000 1.266298 963360.000000 1.266298 0.998124 0.173849 0.316574 0.000000 0 
990720.000000 1.121113 990720.000000 1.121113 0.994899 0.188559 0.280278 0.000000 0 
1354320.000000 0.875515 1354320.000000 0.875515 0.989158 0.384043 0.218879 0.000000 0 
894720.000000 1.615762 894720.000000 1.615762 0.978909 0.136946 0.403941 0.000000 0 
1246560.000000 0.908972 1246560.000000 0.908972 0.993418 0.326108 0.227243 0.000000 0 
1318080.000000 0.891974 1318080.000000 0.891974 0.997923 0.364559 0.222994 0.000000 0 
1913040.000000 0.805279 1913040.000000 0.805279 0.997289 0.684430 0.201320 0.000000 0 
975360.000000 1.252418 975360.000000 1.252418 0.976618 0.180301 0.313104 0.000000 0 
1284480.000000 0.895205 1284480.000000 0.895205 0.979381 0.346495 0.223801 0.000000 0 
1751040.000000 0.819967 1751040.000000 0.819967 0.995007 0.597333 0.204992 0.000000 0 
906240.000000 1.555355 906240.000000 1.555355 0.997813 0.143140 0.388839 0.000000 0 
907200.000000 1.511757 907200.000000 1.511757 0.984340 0.143656 0.377939 0.000000 0 
1550640.000000 0.838274 1550640.000000 0.838274 0.994441 0.489591 0.209568 0.000000 0 
1687680.000000 0.820762 1687680.000000 0.820762 0.997815 0.563269 0.205190 0.000000 0 
1274880.000000 0.904995 1274880.000000 0.904995 0.983711 0.341333 0.226249 0.000000 0 
946560.000000 1.330256 946560.000000 1.330256 0.992068 0.164817 0.332564 0.000000 0 
1105440.000000 1.006080 1105440.000000 1.006080 0.990929 0.250237 0.251520 0.000000 0 
1425840.000000 0.863300 1425840.000000 0.863300 0.999560 0.422495 0.215825 0.000000 0 
928080.000000 1.441644 928080.000000 1.441644 0.983430 0.154882 0.360411 0.000000 0 
871440.000000 2.337319 871440.000000 2.337319 0.991412 0.124430 0.584330 0.000000 0 
937680.000000 1.408448 937680.000000 1.408448 0.996488 0.160043 0.352112 0.000000 0 
1052880.000000 1.057496 1052880.000000 1.057496 0.992122 0.221978 0.264374 0.000000 0 
1155360.000000 0.958983 1155360.000000 0.958983 0.997568 0.277075 0.239746 0.000000 0 
1651680.000000 0.831557 1651680.000000 0.831557 0.998406 0.543914 0.207889 0.000000 0 
929520.000000 1.409800 929520.000000 1.409800 0.994967 0.155656 0.352450 0.000000 0 
1234080.000000 0.921077 1234080.000000 0.921077 0.995487 0.319398 0.230269 0.000000 0 
954720.000000 1.298386 954720.000000 1.298386 0.998350 0.169204 0.324597 0.000000 0 
1509600.000000 0.848166 1509600.000000 0.848166 0.996412 0.467527 0.212041 0.000000 0 
1087680.000000 1.014557 1087680.000000 1.014557 0.989585 0.240688 0.253639 0.000000 0 
984960.000000 1.182296 984960.000000 1.182296 0.996118 0.185462 0.295574 0.000000 0 
954000.000000 1.299431 954000.000000 1.299431 0.998039 0.168817 0.324858 0.000000 0 
1326000.000000 0.887790 1326000.000000 0.887790 0.999655 0.368817 0.221948 0.000000 0 
1339920.000000 0.880252 1339920.000000 0.880252 0.999370 0.376301 0.220063 0.000000 0 
915840.000000 1.458109 915840.000000 1.458109 0.983963 0.148301 0.364527 0.000000 0 
1063680.000000 1.043665 1063680.000000 1.043665 0.999138 0.227785 0.260916 0.000000 0 
1887360.000000 0.807787 1887360.000000 0.807787 0.983023 0.670624 0.201947 0.000000 0 
1077360.000000 1.032148 1077360.000000 1.032148 0.991680 0.235140 0.258037 0.000000 0 
1407840.000000 0.866894 1407840.000000 0.866894 0.975391 0.412817 0.216723 0.000000 0 
1436400.000000 0.855517 1436400.000000 0.855517 0.986996 0.428172 0.213879 0.000000 0 
1628160.000000 0.832554 1628160.000000 0.832554 0.994646 0.531269 0.208139 0.000000 0 
1118160.000000 1.002113 1118160.000000 1.002113 0.995736 0.257075 0.250528 0.000000 0 
1536000.000000 0.840826 1536000.000000 0.840826 0.991249 0.481720 0.210207 0.000000 0 
882240.000000 2.313660 882240.000000 2.313660 0.998386 0.130237 0.578415 0.000000 0 
1759200.000000 0.815308 1759200.000000 0.815308 0.994026 0.601720 0.203827 0.000000 0 
1464240.000000 0.851425 1464240.000000 0.851425 0.985282 0.443140 0.212856 0.000000 0 
1013040.000000 1.101844 1013040.000000 1.101844 0.991670 0.200559 0.275461 0.000000 0 
939840.000000 1.335707 939840.000000 1.335707 0.987325 0.161204 0.333927 0.000000 0 
1666560.000000 0.823928 1666560.000000 0.823928 0.996234 0.551914 0.205982 0.000000 0 
1035360.000000 1.087257 1035360.000000 1.087257 0.998090 0.212559 0.271814 0.000000 0 
1000560.000000 1.120098 1000560.000000 1.120098 0.996882 0.193849 0.280024 0.000000 0 
890880.000000 1.641179 890880.000000 1.641179 0.997827 0.134882 0.410295 0.000000 0 
1008960.000000 1.110246 1008960.000000 1.110246 0.994341 0.198366 0.277562 0.000000 0 
1040400.000000 1.072712 1040400.000000 1.072712 0.998467 0.215269 0.268178 0.000000 0 
1126560.000000 0.996574 1126560.000000 0.996574 0.999384 0.261591 0.249143 0.000000 0 
910800.000000 1.502535 910800.000000 1.502535 0.990158 0.145591 0.375634 0.000000 0 
1133040.000000 0.988944 1133040.000000 0.988944 0.992282 0.265075 0.247236 0.000000 0 
916560.000000 1.443505 916560.000000 1.443505 0.986234 0.148688 0.360876 0.000000 0 
1679040.000000 0.820783 1679040.000000 0.820783 0.997887 0.558624 0.205196 0.000000 0 
1042320.000000 1.061574 1042320.000000 1.061574 0.993402 0.216301 0.265394 0.000000 0 
1152960.000000 0.976034 1152960.000000 0.976034 0.999994 0.275785 0.244009 0.000000 0 
1448160.000000 0.854853 1448160.000000 0.854853 0.995045 0.434495 0.213713 0.000000 0 
1081200.000000 1.015727 1081200.000000 1.015727 0.985463 0.237204 0.253932 0.000000 0 
913920.000000 1.482483 913920.000000 1.482483 0.984419 0.147269 0.370621 0.000000 0 
1066800.000000 1.035872 1066800.000000 1.035872 0.997574 0.229462 0.258968 0.000000 0 
973440.000000 1.256858 973440.000000 1.256858 0.996986 0.179269 0.314215 0.000000 0 
892320.000000 1.618281 892320.000000 1.618281 0.994807 0.135656 0.404570 0.000000 0 
1024320.000000 1.093687 1024320.000000 1.093687 0.991010 0.206624 0.273422 0.000000 0 
1237200.000000 0.918302 1237200.000000 0.918302 0.998391 0.321075 0.229576 0.000000 0 
1142880.000000 0.985924 1142880.000000 0.985924 0.994723 0.270366 0.246481 0.000000 0 
1658880.000000 0.829607 1658880.000000 0.829607 0.995493 0.547785 0.207402 0.000000 0 
1401360.000000 0.868688 1401360.000000 0.868688 0.996731 0.409333 0.217172 0.000000 0 
1931280.000000 0.804514 1931280.000000 0.804514 0.984693 0.694237 0.201128 0.000000 0 
1458000.000000 0.854145 1458000.000000 0.854145 0.982587 0.439785 0.213536 0.000000 0 
1522560.000000 0.844163 1522560.000000 0.844163 0.985779 0.474495 0.211041 0.000000 0 
1350480.000000 0.880004 1350480.000000 0.880004 0.999803 0.381978 0.220001 0.000000 0 
911520.000000 1.483590 911520.000000 1.483590 0.984559 0.145978 0.370897 0.000000 0 
1146000.000000 0.978372 1146000.000000 0.978372 0.990952 0.272043 0.244593 0.000000 0 
1283040.000000 0.904070 1283040.000000 0.904070 0.987298 0.345720 0.226018 0.000000 0 
1526640.000000 0.843222 1526640.000000 0.843222 0.992433 0.476688 0.210805 0.000000 0 
1510560.000000 0.845903 1510560.000000 0.845903 0.987127 0.468043 0.211476 0.000000 0 
1028640.000000 1.093475 1028640.000000 1.093475 0.990959 0.208946 0.273369 0.000000 0 
1886160.000000 0.808064 1886160.000000 0.808064 0.984189 0.669978 0.202016 0.000000 0 
#Generacion: 3000 
#Distancia: 355.001414 
865440.000000 2.343007 865440.000000 2.343007 0.999737 0.121204 0.585752 0.000000 0 
1931280.000000 0.804514 1931280.000000 0.804514 0.984693 0.694237 0.201128 0.000000 0 
865440.000000 2.343007 865440.000000 2.343007 0.999737 0.121204 0.585752 0.000000 0 
878160.000000 2.335734 878160.000000 2.335734 0.993259 0.128043 0.583934 0.000000 0 
880320.000000 1.833911 880320.000000 1.833911 0.991020 0.129204 0.458478 0.000000 0 
1758240.000000 0.812984 1758240.000000 0.812984 0.993314 0.601204 0.203246 0.000000 0 
1866720.000000 0.812156 1866720.000000 0.812156 0.981591 0.659527 0.203039 0.000000 0 
884160.000000 1.643672 884160.000000 1.643672 0.999253 0.131269 0.410918 0.000000 0 
880800.000000 1.780974 880800.000000 1.780974 0.996735 0.129462 0.445244 0.000000 0 
1572240.000000 0.832758 1572240.000000 0.832758 0.994026 0.501204 0.208190 0.000000 0 
982800.000000 1.171638 982800.000000 1.171638 0.993457 0.184301 0.292910 0.000000 0 
1628160.000000 0.832554 1628160.000000 0.832554 0.994646 0.531269 0.208139 0.000000 0 
1715760.000000 0.813950 1715760.000000 0.813950 0.995581 0.578366 0.203488 0.000000 0 
936480.000000 1.350444 936480.000000 1.350444 0.996732 0.159398 0.337611 0.000000 0 
892320.000000 1.618281 892320.000000 1.618281 0.994807 0.135656 0.404570 0.000000 0 
990720.000000 1.121113 990720.000000 1.121113 0.994899 0.188559 0.280278 0.000000 0 
894720.000000 1.558455 894720.000000 1.558455 0.996095 0.136946 0.389614 0.000000 0 
929520.000000 1.409800 929520.000000 1.409800 0.994967 0.155656 0.352450 0.000000 0 
1913040.000000 0.805279 1913040.000000 0.805279 0.997289 0.684430 0.201320 0.000000 0 
1699440.000000 0.820460 1699440.000000 0.820460 0.996441 0.569591 0.205115 0.000000 0 
1515120.000000 0.840401 1515120.000000 0.840401 0.999631 0.470495 0.210100 0.000000 0 
1491120.000000 0.845663 1491120.000000 0.845663 0.998518 0.457591 0.211416 0.000000 0 
1661520.000000 0.825038 1661520.000000 0.825038 0.977190 0.549204 0.206259 0.000000 0 
1676160.000000 0.820477 1676160.000000 0.820477 0.998551 0.557075 0.205119 0.000000 0 
1004880.000000 1.098635 1004880.000000 1.098635 0.997459 0.196172 0.274659 0.000000 0 
1638240.000000 0.825867 1638240.000000 0.825867 0.996505 0.536688 0.206467 0.000000 0 
1058640.000000 1.035019 1058640.000000 1.035019 0.978341 0.225075 0.258755 0.000000 0 
1887360.000000 0.807787 1887360.000000 0.807787 0.983023 0.670624 0.201947 0.000000 0 
1303680.000000 0.894472 1303680.000000 0.894472 0.990892 0.356817 0.223618 0.000000 0 
880320.000000 1.833911 880320.000000 1.833911 0.991020 0.129204 0.458478 0.000000 0 
880800.000000 1.780974 880800.000000 1.780974 0.996735 0.129462 0.445244 0.000000 0 
1284480.000000 0.895205 1284480.000000 0.895205 0.979381 0.346495 0.223801 0.000000 0 
1077360.000000 1.032148 1077360.000000 1.032148 0.991680 0.235140 0.258037 0.000000 0 
1202400.000000 0.933541 1202400.000000 0.933541 0.973510 0.302366 0.233385 0.000000 0 
1055280.000000 1.055840 1055280.000000 1.055840 0.992088 0.223269 0.263960 0.000000 0 
970800.000000 1.201174 970800.000000 1.201174 0.997066 0.177849 0.300294 0.000000 0 
1123200.000000 0.983335 1123200.000000 0.983335 0.995785 0.259785 0.245834 0.000000 0 
969600.000000 1.247906 969600.000000 1.247906 0.994511 0.177204 0.311976 0.000000 0 
1118160.000000 1.002113 1118160.000000 1.002113 0.995736 0.257075 0.250528 0.000000 0 
1425840.000000 0.863300 1425840.000000 0.863300 0.999560 0.422495 0.215825 0.000000 0 
1040400.000000 1.072712 1040400.000000 1.072712 0.998467 0.215269 0.268178 0.000000 0 
1212720.000000 0.922508 1212720.000000 0.922508 0.996325 0.307914 0.230627 0.000000 0 
971280.000000 1.200914 971280.000000 1.200914 0.997544 0.178108 0.300228 0.000000 0 
954720.000000 1.298386 954720.000000 1.298386 0.998350 0.169204 0.324597 0.000000 0 
1138560.000000 0.982941 1138560.000000 0.982941 0.994971 0.268043 0.245735 0.000000 0 
1153440.000000 0.958741 1153440.000000 0.958741 0.995114 0.276043 0.239685 0.000000 0 
1354320.000000 0.875515 1354320.000000 0.875515 0.989158 0.384043 0.218879 0.000000 0 
1141920.000000 0.964504 1141920.000000 0.964504 0.997743 0.269849 0.241126 0.000000 0 
907440.000000 1.484759 907440.000000 1.484759 0.983995 0.143785 0.371190 0.000000 0 
1541760.000000 0.834167 1541760.000000 0.834167 0.999648 0.484817 0.208542 0.000000 0 
1541760.000000 0.834167 1541760.000000 0.834167 0.999648 0.484817 0.208542 0.000000 0 
1086480.000000 1.011848 1086480.000000 1.011848 0.998024 0.240043 0.252962 0.000000 0 
1464480.000000 0.846311 1464480.000000 0.846311 0.983811 0.443269 0.211578 0.000000 0 
963360.000000 1.266298 963360.000000 1.266298 0.998124 0.173849 0.316574 0.000000 0 
939840.000000 1.335707 939840.000000 1.335707 0.987325 0.161204 0.333927 0.000000 0 
1448160.000000 0.854853 1448160.000000 0.854853 0.995045 0.434495 0.213713 0.000000 0 
1274880.000000 0.904995 1274880.000000 0.904995 0.983711 0.341333 0.226249 0.000000 0 
1022640.000000 1.088907 1022640.000000 1.088907 0.989529 0.205720 0.272227 0.000000 0 
999360.000000 1.112394 999360.000000 1.112394 0.994328 0.193204 0.278099 0.000000 0 
1317840.000000 0.889126 1317840.000000 0.889126 0.998406 0.364430 0.222281 0.000000 0 
915840.000000 1.458109 915840.000000 1.458109 0.983963 0.148301 0.364527 0.000000 0 
1222080.000000 0.915064 1222080.000000 0.915064 0.997598 0.312946 0.228766 0.000000 0 
1025520.000000 1.084616 1025520.000000 1.084616 0.991522 0.207269 0.271154 0.000000 0 
1365360.000000 0.871263 1365360.000000 0.871263 0.984608 0.389978 0.217816 0.000000 0 
1235760.000000 0.913738 1235760.000000 0.913738 0.993621 0.320301 0.228435 0.000000 0 
1325280.000000 0.882734 1325280.000000 0.882734 0.999861 0.368430 0.220684 0.000000 0 
1410480.000000 0.866258 1410480.000000 0.866258 0.992662 0.414237 0.216564 0.000000 0 
1436400.000000 0.855517 1436400.000000 0.855517 0.986996 0.428172 0.213879 0.000000 0 
1504320.000000 0.842584 1504320.000000 0.842584 0.997551 0.464688 0.210646 0.000000 0 
913920.000000 1.482483 913920.000000 1.482483 0.984419 0.147269 0.370621 0.000000 0 
1188960.000000 0.938670 1188960.000000 0.938670 0.998553 0.295140 0.234667 0.000000 0 
1042320.000000 1.061574 1042320.000000 1.061574 0.993402 0.216301 0.265394 0.000000 0 
1401360.000000 0.868688 1401360.000000 0.868688 0.996731 0.409333 0.217172 0.000000 0 
1261440.000000 0.905876 1261440.000000 0.905876 0.996560 0.334108 0.226469 0.000000 0 
890880.000000 1.641179 890880.000000 1.641179 0.997827 0.134882 0.410295 0.000000 0 
916560.000000 1.443505 916560.000000 1.443505 0.986234 0.148688 0.360876 0.000000 0 
1168080.000000 0.956439 1168080.000000 0.956439 0.999739 0.283914 0.239110 0.000000 0 
1184400.000000 0.946235 1184400.000000 0.946235 0.997996 0.292688 0.236559 0.000000 0 
1876800.000000 0.808228 1876800.000000 0.808228 0.997663 0.664946 0.202057 0.000000 0 
954000.000000 1.299431 954000.000000 1.299431 0.998039 0.168817 0.324858 0.000000 0 
1171920.000000 0.949072 1171920.000000 0.949072 0.998204 0.285978 0.237268 0.000000 0 
1081200.000000 1.015727 1081200.000000 1.015727 0.985463 0.237204 0.253932 0.000000 0 
1105440.000000 1.006080 1105440.000000 1.006080 0.990929 0.250237 0.251520 0.000000 0 
1386240.000000 0.868924 1386240.000000 0.868924 0.998649 0.401204 0.217231 0.000000 0 
1378800.000000 0.869032 1378800.000000 0.869032 0.980326 0.397204 0.217258 0.000000 0 
1464240.000000 0.851425 1464240.000000 0.851425 0.985282 0.443140 0.212856 0.000000 0 
948960.000000 1.323938 948960.000000 1.323938 0.996821 0.166108 0.330985 0.000000 0 
929520.000000 1.409800 929520.000000 1.409800 0.994967 0.155656 0.352450 0.000000 0 
926160.000000 1.436029 926160.000000 1.436029 0.984960 0.153849 0.359007 0.000000 0 
1246560.000000 0.908972 1246560.000000 0.908972 0.993418 0.326108 0.227243 0.000000 0 
969600.000000 1.247906 969600.000000 1.247906 0.994511 0.177204 0.311976 0.000000 0 
963360.000000 1.266298 963360.000000 1.266298 0.998124 0.173849 0.316574 0.000000 0 
872160.000000 2.340902 872160.000000 2.340902 0.998383 0.124817 0.585226 0.000000 0 
1339920.000000 0.880252 1339920.000000 0.880252 0.999370 0.376301 0.220063 0.000000 0 
948960.000000 1.323938 948960.000000 1.323938 0.996821 0.166108 0.330985 0.000000 0 
1251120.000000 0.908074 1251120.000000 0.908074 0.991763 0.328559 0.227018 0.000000 0 
1339920.000000 0.880252 1339920.000000 0.880252 0.999370 0.376301 0.220063 0.000000 0 
1105440.000000 1.006080 1105440.000000 1.006080 0.990929 0.250237 0.251520 0.000000 0 
900720.000000 1.511462 900720.000000 1.511462 0.992058 0.140172 0.377865 0.000000 0 
903840.000000 1.513425 903840.000000 1.513425 0.993033 0.141849 0.378356 0.000000 1 
#Generacion: 3500 
#Distancia: 333.980909 
1931280.000000 0.804514 1931280.000000 0.804514 0.984693 0.694237 0.201128 0.000000 0 
859200.000000 1.834556 859200.000000 1.834556 0.993173 0.117849 0.458639 0.000000 0 
879120.000000 1.772450 879120.000000 1.772450 0.987366 0.128559 0.443112 0.000000 0 
885840.000000 1.621417 885840.000000 1.621417 0.994644 0.132172 0.405354 0.000000 0 
884160.000000 1.643672 884160.000000 1.643672 0.999253 0.131269 0.410918 0.000000 0 
1802880.000000 0.809621 1802880.000000 0.809621 0.998870 0.625204 0.202405 0.000000 0 
887760.000000 1.507450 887760.000000 1.507450 0.993457 0.133204 0.376863 0.000000 0 
934320.000000 1.333864 934320.000000 1.333864 0.993823 0.158237 0.333466 0.000000 0 
1726080.000000 0.811439 1726080.000000 0.811439 0.988862 0.583914 0.202860 0.000000 0 
931680.000000 1.408610 931680.000000 1.408610 0.990166 0.156817 0.352153 0.000000 0 
990720.000000 1.121113 990720.000000 1.121113 0.994899 0.188559 0.280278 0.000000 0 
965280.000000 1.210636 965280.000000 1.210636 0.997845 0.174882 0.302659 0.000000 0 
984480.000000 1.170802 984480.000000 1.170802 0.983093 0.185204 0.292701 0.000000 0 
914640.000000 1.430544 914640.000000 1.430544 0.986673 0.147656 0.357636 0.000000 0 
1607520.000000 0.823118 1607520.000000 0.823118 0.999829 0.520172 0.205779 0.000000 0 
1848000.000000 0.809127 1848000.000000 0.809127 0.975741 0.649462 0.202282 0.000000 0 
960000.000000 1.261121 960000.000000 1.261121 0.987817 0.172043 0.315280 0.000000 0 
870960.000000 1.800067 870960.000000 1.800067 0.998980 0.124172 0.450017 0.000000 0 
947520.000000 1.309839 947520.000000 1.309839 0.993444 0.165333 0.327460 0.000000 0 
894480.000000 1.481552 894480.000000 1.481552 0.999186 0.136817 0.370388 0.000000 0 
1464480.000000 0.846311 1464480.000000 0.846311 0.983811 0.443269 0.211578 0.000000 0 
911520.000000 1.456602 911520.000000 1.456602 0.997962 0.145978 0.364150 0.000000 0 
1643280.000000 0.819570 1643280.000000 0.819570 0.997949 0.539398 0.204892 0.000000 0 
1103520.000000 0.990658 1103520.000000 0.990658 0.984713 0.249204 0.247665 0.000000 0 
1437360.000000 0.848549 1437360.000000 0.848549 0.996082 0.428688 0.212137 0.000000 0 
864240.000000 1.828243 864240.000000 1.828243 0.985359 0.120559 0.457061 0.000000 0 
1049040.000000 1.061503 1049040.000000 1.061503 0.994933 0.219914 0.265376 0.000000 0 
1901520.000000 0.805238 1901520.000000 0.805238 0.997372 0.678237 0.201309 0.000000 0 
1677360.000000 0.817044 1677360.000000 0.817044 0.999018 0.557720 0.204261 0.000000 0 
1019280.000000 1.067944 1019280.000000 1.067944 0.999782 0.203914 0.266986 0.000000 0 
1019040.000000 1.095797 1019040.000000 1.095797 0.998184 0.203785 0.273949 0.000000 0 
1515120.000000 0.840401 1515120.000000 0.840401 0.999631 0.470495 0.210100 0.000000 0 
1593120.000000 0.828470 1593120.000000 0.828470 0.999509 0.512430 0.207118 0.000000 0 
1485600.000000 0.845258 1485600.000000 0.845258 0.994397 0.454624 0.211314 0.000000 0 
903840.000000 1.469515 903840.000000 1.469515 0.994554 0.141849 0.367379 0.000000 0 
1696560.000000 0.814678 1696560.000000 0.814678 0.997025 0.568043 0.203669 0.000000 0 
1123200.000000 0.983335 1123200.000000 0.983335 0.995785 0.259785 0.245834 0.000000 0 
949920.000000 1.280513 949920.000000 1.280513 0.986686 0.166624 0.320128 0.000000 0 
923760.000000 1.409462 923760.000000 1.409462 0.993588 0.152559 0.352366 0.000000 0 
1089120.000000 0.997096 1089120.000000 0.997096 0.985896 0.241462 0.249274 0.000000 0 
977040.000000 1.194712 977040.000000 1.194712 0.992751 0.181204 0.298678 0.000000 0 
936000.000000 1.321367 936000.000000 1.321367 0.994112 0.159140 0.330342 0.000000 0 
999360.000000 1.112394 999360.000000 1.112394 0.994328 0.193204 0.278099 0.000000 0 
1050000.000000 1.035316 1050000.000000 1.035316 0.989761 0.220430 0.258829 0.000000 0 
1004880.000000 1.098635 1004880.000000 1.098635 0.997459 0.196172 0.274659 0.000000 0 
875280.000000 1.783994 875280.000000 1.783994 0.994944 0.126495 0.445998 0.000000 0 
1653840.000000 0.818469 1653840.000000 0.818469 0.998292 0.545075 0.204617 0.000000 0 
1339920.000000 0.880252 1339920.000000 0.880252 0.999370 0.376301 0.220063 0.000000 0 
1033200.000000 1.064774 1033200.000000 1.064774 0.995017 0.211398 0.266194 0.000000 0 
1123440.000000 0.970142 1123440.000000 0.970142 0.986430 0.259914 0.242535 0.000000 0 
1354320.000000 0.875515 1354320.000000 0.875515 0.989158 0.384043 0.218879 0.000000 0 
1504320.000000 0.842584 1504320.000000 0.842584 0.997551 0.464688 0.210646 0.000000 0 
1887360.000000 0.807787 1887360.000000 0.807787 0.983023 0.670624 0.201947 0.000000 0 
888720.000000 1.507335 888720.000000 1.507335 0.999376 0.133720 0.376834 0.000000 0 
1541760.000000 0.834167 1541760.000000 0.834167 0.999648 0.484817 0.208542 0.000000 0 
1715760.000000 0.813950 1715760.000000 0.813950 0.995581 0.578366 0.203488 0.000000 0 
977760.000000 1.171149 977760.000000 1.171149 0.983743 0.181591 0.292787 0.000000 0 
1222080.000000 0.915064 1222080.000000 0.915064 0.997598 0.312946 0.228766 0.000000 0 
1170960.000000 0.943583 1170960.000000 0.943583 0.992838 0.285462 0.235896 0.000000 0 
1568160.000000 0.833309 1568160.000000 0.833309 0.993859 0.499011 0.208327 0.000000 0 
1325280.000000 0.882734 1325280.000000 0.882734 0.999861 0.368430 0.220684 0.000000 0 
1235760.000000 0.913738 1235760.000000 0.913738 0.993621 0.320301 0.228435 0.000000 0 
1931280.000000 0.804514 1931280.000000 0.804514 0.984693 0.694237 0.201128 0.000000 0 
1274880.000000 0.904995 1274880.000000 0.904995 0.983711 0.341333 0.226249 0.000000 0 
956880.000000 1.279199 956880.000000 1.279199 0.998093 0.170366 0.319800 0.000000 0 
1307760.000000 0.892990 1307760.000000 0.892990 0.999917 0.359011 0.223247 0.000000 0 
1410480.000000 0.866258 1410480.000000 0.866258 0.992662 0.414237 0.216564 0.000000 0 
1572240.000000 0.832758 1572240.000000 0.832758 0.994026 0.501204 0.208190 0.000000 0 
1158000.000000 0.947808 1158000.000000 0.947808 0.997559 0.278495 0.236952 0.000000 0 
1282080.000000 0.896455 1282080.000000 0.896455 0.999629 0.345204 0.224114 0.000000 0 
1365360.000000 0.871263 1365360.000000 0.871263 0.984608 0.389978 0.217816 0.000000 0 
1292640.000000 0.893834 1292640.000000 0.893834 0.999580 0.350882 0.223458 0.000000 0 
970800.000000 1.201174 970800.000000 1.201174 0.997066 0.177849 0.300294 0.000000 0 
1317840.000000 0.889126 1317840.000000 0.889126 0.998406 0.364430 0.222281 0.000000 0 
1870320.000000 0.808007 1870320.000000 0.808007 0.984074 0.661462 0.202002 0.000000 0 
1074240.000000 1.025741 1074240.000000 1.025741 0.993247 0.233462 0.256435 0.000000 0 
1086480.000000 1.011848 1086480.000000 1.011848 0.998024 0.240043 0.252962 0.000000 0 
1541760.000000 0.834167 1541760.000000 0.834167 0.999648 0.484817 0.208542 0.000000 0 
1212720.000000 0.922508 1212720.000000 0.922508 0.996325 0.307914 0.230627 0.000000 0 
1192320.000000 0.938259 1192320.000000 0.938259 0.977399 0.296946 0.234565 0.000000 0 
1401360.000000 0.868688 1401360.000000 0.868688 0.996731 0.409333 0.217172 0.000000 0 
1180320.000000 0.938393 1180320.000000 0.938393 0.994524 0.290495 0.234598 0.000000 0 
1432560.000000 0.861684 1432560.000000 0.861684 0.988761 0.426108 0.215421 0.000000 0 
1425840.000000 0.863300 1425840.000000 0.863300 0.999560 0.422495 0.215825 0.000000 0 
1081200.000000 1.015727 1081200.000000 1.015727 0.985463 0.237204 0.253932 0.000000 0 
1202400.000000 0.933541 1202400.000000 0.933541 0.973510 0.302366 0.233385 0.000000 0 
1072320.000000 1.034008 1072320.000000 1.034008 0.978444 0.232430 0.258502 0.000000 0 
884400.000000 1.643666 884400.000000 1.643666 0.992548 0.131398 0.410917 0.000000 0 
1386240.000000 0.868924 1386240.000000 0.868924 0.998649 0.401204 0.217231 0.000000 0 
1261440.000000 0.905876 1261440.000000 0.905876 0.996560 0.334108 0.226469 0.000000 0 
1143120.000000 0.954044 1143120.000000 0.954044 0.996583 0.270495 0.238511 0.000000 0 
1058640.000000 1.035019 1058640.000000 1.035019 0.978341 0.225075 0.258755 0.000000 0 
1246560.000000 0.908972 1246560.000000 0.908972 0.993418 0.326108 0.227243 0.000000 0 
1860240.000000 0.808815 1860240.000000 0.808815 0.992781 0.656043 0.202204 0.000000 0 
1378320.000000 0.870382 1378320.000000 0.870382 0.998633 0.396946 0.217596 0.000000 0 
960000.000000 1.261121 960000.000000 1.261121 0.987817 0.172043 0.315280 0.000000 0 
1205280.000000 0.925076 1205280.000000 0.925076 0.995583 0.303914 0.231269 0.000000 0 
1134000.000000 0.959599 1134000.000000 0.959599 0.997685 0.265591 0.239900 0.000000 0 
1148160.000000 0.950140 1148160.000000 0.950140 0.998365 0.273204 0.237535 0.000000 0 
1251840.000000 0.906550 1251840.000000 0.906550 0.997536 0.328946 0.226637 0.000000 0 
#Generacion: 4000 
#Distancia: 343.101212 
852720.000000 1.834869 852720.000000 1.834869 0.988165 0.114366 0.458717 0.000000 0 
1931280.000000 0.804514 1931280.000000 0.804514 0.984693 0.694237 0.201128 0.000000 0 
863520.000000 1.800547 863520.000000 1.800547 0.998971 0.120172 0.450137 0.000000 0 
870240.000000 1.628912 870240.000000 1.628912 0.999990 0.123785 0.407228 0.000000 0 
932880.000000 1.333741 932880.000000 1.333741 0.998573 0.157462 0.333435 0.000000 0 
1730880.000000 0.811194 1730880.000000 0.811194 0.989219 0.586495 0.202799 0.000000 0 
925920.000000 1.406254 925920.000000 1.406254 0.999306 0.153720 0.351563 0.000000 0 
875280.000000 1.626838 875280.000000 1.626838 0.994941 0.126495 0.406710 0.000000 0 
948720.000000 1.252099 948720.000000 1.252099 0.995857 0.165978 0.313025 0.000000 0 
885360.000000 1.560281 885360.000000 1.560281 0.995309 0.131914 0.390070 0.000000 0 
990720.000000 1.121113 990720.000000 1.121113 0.994899 0.188559 0.280278 0.000000 0 
947520.000000 1.309839 947520.000000 1.309839 0.993444 0.165333 0.327460 0.000000 0 
1802880.000000 0.809621 1802880.000000 0.809621 0.998870 0.625204 0.202405 0.000000 0 
984480.000000 1.166844 984480.000000 1.166844 0.977564 0.185204 0.291711 0.000000 0 
887760.000000 1.507450 887760.000000 1.507450 0.993457 0.133204 0.376863 0.000000 0 
1848000.000000 0.809127 1848000.000000 0.809127 0.975741 0.649462 0.202282 0.000000 0 
885360.000000 1.560281 885360.000000 1.560281 0.995309 0.131914 0.390070 0.000000 0 
903120.000000 1.453984 903120.000000 1.453984 0.998947 0.141462 0.363496 0.000000 0 
969600.000000 1.180772 969600.000000 1.180772 0.990863 0.177204 0.295193 0.000000 0 
1504320.000000 0.842584 1504320.000000 0.842584 0.997551 0.464688 0.210646 0.000000 0 
1391040.000000 0.860243 1391040.000000 0.860243 0.998569 0.403785 0.215061 0.000000 0 
1901520.000000 0.805238 1901520.000000 0.805238 0.997372 0.678237 0.201309 0.000000 0 
1570800.000000 0.832256 1570800.000000 0.832256 0.998697 0.500430 0.208064 0.000000 0 
1464480.000000 0.846311 1464480.000000 0.846311 0.983811 0.443269 0.211578 0.000000 0 
1018560.000000 1.094957 1018560.000000 1.094957 0.998979 0.203527 0.273739 0.000000 0 
1593120.000000 0.828470 1593120.000000 0.828470 0.999509 0.512430 0.207118 0.000000 0 
1522560.000000 0.837532 1522560.000000 0.837532 0.996343 0.474495 0.209383 0.000000 0 
1019280.000000 1.067944 1019280.000000 1.067944 0.999782 0.203914 0.266986 0.000000 0 
1437360.000000 0.848549 1437360.000000 0.848549 0.996082 0.428688 0.212137 0.000000 0 
1802880.000000 0.809621 1802880.000000 0.809621 0.998870 0.625204 0.202405 0.000000 0 
1102320.000000 0.985303 1102320.000000 0.985303 0.999595 0.248559 0.246326 0.000000 0 
1607520.000000 0.823118 1607520.000000 0.823118 0.999829 0.520172 0.205779 0.000000 0 
1478400.000000 0.843209 1478400.000000 0.843209 0.994533 0.450753 0.210802 0.000000 0 
1064400.000000 1.010284 1064400.000000 1.010284 0.997542 0.228172 0.252571 0.000000 0 
1422960.000000 0.858144 1422960.000000 0.858144 0.974300 0.420946 0.214536 0.000000 0 
965280.000000 1.210636 965280.000000 1.210636 0.997845 0.174882 0.302659 0.000000 0 
1169520.000000 0.943998 1169520.000000 0.943998 0.999036 0.284688 0.236000 0.000000 0 
1630800.000000 0.821399 1630800.000000 0.821399 0.997110 0.532688 0.205350 0.000000 0 
1189920.000000 0.930440 1189920.000000 0.930440 0.974992 0.295656 0.232610 0.000000 0 
861360.000000 1.828409 861360.000000 1.828409 0.994876 0.119011 0.457102 0.000000 0 
1715760.000000 0.813950 1715760.000000 0.813950 0.995581 0.578366 0.203488 0.000000 0 
995280.000000 1.101560 995280.000000 1.101560 0.993623 0.191011 0.275390 0.000000 0 
894480.000000 1.481453 894480.000000 1.481453 0.984733 0.136817 0.370363 0.000000 0 
1146480.000000 0.944400 1146480.000000 0.944400 0.995058 0.272301 0.236100 0.000000 0 
1339920.000000 0.880252 1339920.000000 0.880252 0.999370 0.376301 0.220063 0.000000 0 
1084320.000000 0.996963 1084320.000000 0.996963 0.998200 0.238882 0.249241 0.000000 0 
912720.000000 1.446251 912720.000000 1.446251 0.998927 0.146624 0.361563 0.000000 0 
1696560.000000 0.814678 1696560.000000 0.814678 0.997025 0.568043 0.203669 0.000000 0 
1354320.000000 0.875515 1354320.000000 0.875515 0.989158 0.384043 0.218879 0.000000 0 
1180320.000000 0.938393 1180320.000000 0.938393 0.994524 0.290495 0.234598 0.000000 0 
1887360.000000 0.807787 1887360.000000 0.807787 0.983023 0.670624 0.201947 0.000000 0 
888720.000000 1.505667 888720.000000 1.505667 0.998939 0.133720 0.376417 0.000000 0 
1246560.000000 0.908972 1246560.000000 0.908972 0.993418 0.326108 0.227243 0.000000 0 
1081680.000000 1.000082 1081680.000000 1.000082 0.988824 0.237462 0.250020 0.000000 0 
1130160.000000 0.969129 1130160.000000 0.969129 0.986195 0.263527 0.242282 0.000000 0 
959520.000000 1.232370 959520.000000 1.232370 0.986296 0.171785 0.308093 0.000000 0 
1033200.000000 1.064774 1033200.000000 1.064774 0.995017 0.211398 0.266194 0.000000 0 
1054800.000000 1.014925 1054800.000000 1.014925 0.998186 0.223011 0.253731 0.000000 0 
1541760.000000 0.834167 1541760.000000 0.834167 0.999648 0.484817 0.208542 0.000000 0 
1053360.000000 1.031339 1053360.000000 1.031339 0.991161 0.222237 0.257835 0.000000 0 
1261440.000000 0.905876 1261440.000000 0.905876 0.996560 0.334108 0.226469 0.000000 0 
1222080.000000 0.915064 1222080.000000 0.915064 0.997598 0.312946 0.228766 0.000000 0 
1673520.000000 0.818133 1673520.000000 0.818133 0.996628 0.555656 0.204533 0.000000 0 
1653840.000000 0.818469 1653840.000000 0.818469 0.998292 0.545075 0.204617 0.000000 0 
958320.000000 1.241111 958320.000000 1.241111 0.986590 0.171140 0.310278 0.000000 0 
1325280.000000 0.882734 1325280.000000 0.882734 0.999861 0.368430 0.220684 0.000000 0 
862560.000000 1.807813 862560.000000 1.807813 0.999199 0.119656 0.451953 0.000000 0 
916320.000000 1.420506 916320.000000 1.420506 0.994237 0.148559 0.355127 0.000000 0 
894480.000000 1.481453 894480.000000 1.481453 0.984733 0.136817 0.370363 0.000000 0 
1205280.000000 0.925076 1205280.000000 0.925076 0.995583 0.303914 0.231269 0.000000 0 
1551360.000000 0.833734 1551360.000000 0.833734 0.999953 0.489978 0.208434 0.000000 0 
1235760.000000 0.913738 1235760.000000 0.913738 0.993621 0.320301 0.228435 0.000000 0 
914640.000000 1.430544 914640.000000 1.430544 0.986673 0.147656 0.357636 0.000000 0 
1931280.000000 0.804514 1931280.000000 0.804514 0.984693 0.694237 0.201128 0.000000 0 
1274880.000000 0.904995 1274880.000000 0.904995 0.983711 0.341333 0.226249 0.000000 0 
1046880.000000 1.038455 1046880.000000 1.038455 0.990359 0.218753 0.259614 0.000000 0 
1004880.000000 1.098635 1004880.000000 1.098635 0.997459 0.196172 0.274659 0.000000 0 
1307760.000000 0.892990 1307760.000000 0.892990 0.999917 0.359011 0.223247 0.000000 0 
977760.000000 1.171149 977760.000000 1.171149 0.983743 0.181591 0.292787 0.000000 0 
1114800.000000 0.972291 1114800.000000 0.972291 0.986947 0.255269 0.243073 0.000000 0 
1282080.000000 0.896455 1282080.000000 0.896455 0.999629 0.345204 0.224114 0.000000 0 
1365360.000000 0.871263 1365360.000000 0.871263 0.984608 0.389978 0.217816 0.000000 0 
1292640.000000 0.893834 1292640.000000 0.893834 0.999580 0.350882 0.223458 0.000000 0 
1134960.000000 0.959428 1134960.000000 0.959428 0.997654 0.266108 0.239857 0.000000 0 
964320.000000 1.214790 964320.000000 1.214790 0.986308 0.174366 0.303697 0.000000 0 
1317840.000000 0.889126 1317840.000000 0.889126 0.998406 0.364430 0.222281 0.000000 0 
1870320.000000 0.808007 1870320.000000 0.808007 0.984074 0.661462 0.202002 0.000000 0 
1212720.000000 0.922508 1212720.000000 0.922508 0.996325 0.307914 0.230627 0.000000 0 
1142640.000000 0.953487 1142640.000000 0.953487 0.999572 0.270237 0.238372 0.000000 0 
1684080.000000 0.817018 1684080.000000 0.817018 0.996737 0.561333 0.204254 0.000000 0 
1643280.000000 0.819570 1643280.000000 0.819570 0.997949 0.539398 0.204892 0.000000 0 
1111920.000000 0.979837 1111920.000000 0.979837 0.989197 0.253720 0.244959 0.000000 0 
1040400.000000 1.047891 1040400.000000 1.047891 0.994822 0.215269 0.261973 0.000000 0 
1038960.000000 1.054754 1038960.000000 1.054754 0.990229 0.214495 0.263689 0.000000 0 
923760.000000 1.409462 923760.000000 1.409462 0.993588 0.152559 0.352366 0.000000 0 
1429680.000000 0.857082 1429680.000000 0.857082 0.974421 0.424559 0.214270 0.000000 0 
942720.000000 1.321065 942720.000000 1.321065 0.998840 0.162753 0.330266 0.000000 0 
1860240.000000 0.808815 1860240.000000 0.808815 0.992781 0.656043 0.202204 0.000000 0 
1386240.000000 0.868924 1386240.000000 0.868924 0.998649 0.401204 0.217231 0.000000 0 
1378320.000000 0.870382 1378320.000000 0.870382 0.998633 0.396946 0.217596 0.000000 0 
#Generacion: 4500 
#Distancia: 350.918384 
842640.000000 2.033220 842640.000000 2.033220 0.996147 0.108946 0.508305 0.000000 0 
842640.000000 2.033220 842640.000000 2.033220 0.996147 0.108946 0.508305 0.000000 0 
1931280.000000 0.804514 1931280.000000 0.804514 0.984693 0.694237 0.201128 0.000000 0 
850800.000000 2.027392 850800.000000 2.027392 0.999517 0.113333 0.506848 0.000000 0 
851040.000000 1.805249 851040.000000 1.805249 0.996558 0.113462 0.451312 0.000000 0 
870240.000000 1.628912 870240.000000 1.628912 0.999990 0.123785 0.407228 0.000000 0 
867120.000000 1.800267 867120.000000 1.800267 0.990171 0.122108 0.450067 0.000000 0 
878880.000000 1.616902 878880.000000 1.616902 0.994742 0.128430 0.404226 0.000000 0 
879120.000000 1.492955 879120.000000 1.492955 0.996677 0.128559 0.373239 0.000000 0 
930960.000000 1.327344 930960.000000 1.327344 0.997629 0.156430 0.331836 0.000000 0 
1730880.000000 0.811194 1730880.000000 0.811194 0.989219 0.586495 0.202799 0.000000 0 
906960.000000 1.398550 906960.000000 1.398550 0.999258 0.143527 0.349638 0.000000 0 
1802880.000000 0.809621 1802880.000000 0.809621 0.998870 0.625204 0.202405 0.000000 0 
958320.000000 1.241111 958320.000000 1.241111 0.986590 0.171140 0.310278 0.000000 0 
959040.000000 1.188816 959040.000000 1.188816 0.997360 0.171527 0.297204 0.000000 0 
943680.000000 1.262648 943680.000000 1.262648 0.988648 0.163269 0.315662 0.000000 0 
1848000.000000 0.809127 1848000.000000 0.809127 0.975741 0.649462 0.202282 0.000000 0 
938880.000000 1.307920 938880.000000 1.307920 0.988072 0.160688 0.326980 0.000000 0 
1157280.000000 0.933728 1157280.000000 0.933728 0.996712 0.278108 0.233432 0.000000 0 
906960.000000 1.398550 906960.000000 1.398550 0.999258 0.143527 0.349638 0.000000 0 
903120.000000 1.453984 903120.000000 1.453984 0.998947 0.141462 0.363496 0.000000 0 
1715760.000000 0.813443 1715760.000000 0.813443 0.999354 0.578366 0.203361 0.000000 0 
1189920.000000 0.930440 1189920.000000 0.930440 0.974992 0.295656 0.232610 0.000000 0 
1682160.000000 0.814222 1682160.000000 0.814222 0.993444 0.560301 0.203556 0.000000 0 
1581120.000000 0.825703 1581120.000000 0.825703 0.999731 0.505978 0.206426 0.000000 0 
1437360.000000 0.848549 1437360.000000 0.848549 0.996082 0.428688 0.212137 0.000000 0 
1129680.000000 0.949006 1129680.000000 0.949006 0.987195 0.263269 0.237251 0.000000 0 
1464480.000000 0.846311 1464480.000000 0.846311 0.983811 0.443269 0.211578 0.000000 0 
1802880.000000 0.809621 1802880.000000 0.809621 0.998870 0.625204 0.202405 0.000000 0 
978480.000000 1.153115 978480.000000 1.153115 0.999231 0.181978 0.288279 0.000000 0 
1477440.000000 0.842141 1477440.000000 0.842141 0.995856 0.450237 0.210535 0.000000 0 
982320.000000 1.121974 982320.000000 1.121974 0.994217 0.184043 0.280494 0.000000 0 
1503360.000000 0.840223 1503360.000000 0.840223 0.999754 0.464172 0.210056 0.000000 0 
1113840.000000 0.960010 1113840.000000 0.960010 0.996931 0.254753 0.240003 0.000000 0 
1146480.000000 0.944241 1146480.000000 0.944241 0.994854 0.272301 0.236060 0.000000 0 
894960.000000 1.478660 894960.000000 1.478660 0.996212 0.137075 0.369665 0.000000 0 
967680.000000 1.179714 967680.000000 1.179714 0.991263 0.176172 0.294929 0.000000 0 
1565760.000000 0.828936 1565760.000000 0.828936 0.995752 0.497720 0.207234 0.000000 0 
1901520.000000 0.805238 1901520.000000 0.805238 0.997372 0.678237 0.201309 0.000000 0 
1630800.000000 0.821399 1630800.000000 0.821399 0.997110 0.532688 0.205350 0.000000 0 
1339920.000000 0.880252 1339920.000000 0.880252 0.999370 0.376301 0.220063 0.000000 0 
1550400.000000 0.832065 1550400.000000 0.832065 0.998267 0.489462 0.208016 0.000000 0 
975600.000000 1.164911 975600.000000 1.164911 0.993346 0.180430 0.291228 0.000000 0 
1104480.000000 0.968377 1104480.000000 0.968377 0.994468 0.249720 0.242094 0.000000 0 
988800.000000 1.116207 988800.000000 1.116207 0.994128 0.187527 0.279052 0.000000 0 
948720.000000 1.252099 948720.000000 1.252099 0.995857 0.165978 0.313025 0.000000 0 
1887360.000000 0.807787 1887360.000000 0.807787 0.983023 0.670624 0.201947 0.000000 0 
1354320.000000 0.875515 1354320.000000 0.875515 0.989158 0.384043 0.218879 0.000000 0 
1292640.000000 0.893834 1292640.000000 0.893834 0.999580 0.350882 0.223458 0.000000 0 
1536000.000000 0.834567 1536000.000000 0.834567 0.999785 0.481720 0.208642 0.000000 0 
1325280.000000 0.882734 1325280.000000 0.882734 0.999861 0.368430 0.220684 0.000000 0 
1668720.000000 0.816985 1668720.000000 0.816985 0.997903 0.553075 0.204246 0.000000 0 
1032240.000000 1.064634 1032240.000000 1.064634 0.996046 0.210882 0.266159 0.000000 0 
1256400.000000 0.905212 1256400.000000 0.905212 0.996160 0.331398 0.226303 0.000000 0 
1607520.000000 0.823118 1607520.000000 0.823118 0.999829 0.520172 0.205779 0.000000 0 
1008720.000000 1.069333 1008720.000000 1.069333 0.999762 0.198237 0.267333 0.000000 0 
1222080.000000 0.915064 1222080.000000 0.915064 0.997598 0.312946 0.228766 0.000000 0 
1920720.000000 0.805000 1920720.000000 0.805000 0.982759 0.688559 0.201250 0.000000 0 
1212720.000000 0.922508 1212720.000000 0.922508 0.996325 0.307914 0.230627 0.000000 0 
903120.000000 1.453984 903120.000000 1.453984 0.998947 0.141462 0.363496 0.000000 0 
1054800.000000 1.014925 1054800.000000 1.014925 0.998186 0.223011 0.253731 0.000000 0 
1235760.000000 0.913738 1235760.000000 0.913738 0.993621 0.320301 0.228435 0.000000 0 
1202880.000000 0.927307 1202880.000000 0.927307 0.999685 0.302624 0.231827 0.000000 0 
1071120.000000 1.001078 1071120.000000 1.001078 0.989645 0.231785 0.250269 0.000000 0 
1428000.000000 0.858012 1428000.000000 0.858012 0.985043 0.423656 0.214503 0.000000 0 
1004400.000000 1.085950 1004400.000000 1.085950 0.993169 0.195914 0.271487 0.000000 0 
1314720.000000 0.888330 1314720.000000 0.888330 0.983507 0.362753 0.222083 0.000000 0 
1048320.000000 1.025986 1048320.000000 1.025986 0.998709 0.219527 0.256497 0.000000 0 
1064400.000000 1.010284 1064400.000000 1.010284 0.997542 0.228172 0.252571 0.000000 0 
889920.000000 1.484113 889920.000000 1.484113 0.993915 0.134366 0.371028 0.000000 0 
1246560.000000 0.908972 1246560.000000 0.908972 0.993418 0.326108 0.227243 0.000000 0 
1870320.000000 0.808007 1870320.000000 0.808007 0.984074 0.661462 0.202002 0.000000 0 
1653840.000000 0.818469 1653840.000000 0.818469 0.998292 0.545075 0.204617 0.000000 0 
1019280.000000 1.067944 1019280.000000 1.067944 0.999782 0.203914 0.266986 0.000000 0 
1275360.000000 0.896503 1275360.000000 0.896503 0.999644 0.341591 0.224126 0.000000 0 
1404000.000000 0.859897 1404000.000000 0.859897 0.994524 0.410753 0.214974 0.000000 0 
1365360.000000 0.871263 1365360.000000 0.871263 0.984608 0.389978 0.217816 0.000000 0 
1046880.000000 1.038455 1046880.000000 1.038455 0.990359 0.218753 0.259614 0.000000 0 
1304160.000000 0.891465 1304160.000000 0.891465 0.998079 0.357075 0.222866 0.000000 0 
1274880.000000 0.904995 1274880.000000 0.904995 0.983711 0.341333 0.226249 0.000000 0 
1391040.000000 0.860243 1391040.000000 0.860243 0.998569 0.403785 0.215061 0.000000 0 
1418160.000000 0.859769 1418160.000000 0.859769 0.994973 0.418366 0.214942 0.000000 0 
1643280.000000 0.819570 1643280.000000 0.819570 0.997949 0.539398 0.204892 0.000000 0 
1098000.000000 0.986999 1098000.000000 0.986999 0.985192 0.246237 0.246750 0.000000 0 
936720.000000 1.319462 936720.000000 1.319462 0.999722 0.159527 0.329865 0.000000 0 
1086240.000000 0.995536 1086240.000000 0.995536 0.992164 0.239914 0.248884 0.000000 0 
1609920.000000 0.822327 1609920.000000 0.822327 0.990120 0.521462 0.205582 0.000000 0 
1860240.000000 0.808815 1860240.000000 0.808815 0.992781 0.656043 0.202204 0.000000 0 
1034160.000000 1.048792 1034160.000000 1.048792 0.999860 0.211914 0.262198 0.000000 0 
1102320.000000 0.985303 1102320.000000 0.985303 0.999595 0.248559 0.246326 0.000000 0 
1377360.000000 0.870442 1377360.000000 0.870442 0.998844 0.396430 0.217610 0.000000 0 
1386240.000000 0.868924 1386240.000000 0.868924 0.998649 0.401204 0.217231 0.000000 0 
1522560.000000 0.837532 1522560.000000 0.837532 0.996343 0.474495 0.209383 0.000000 0 
995280.000000 1.098350 995280.000000 1.098350 0.991037 0.191011 0.274587 0.000000 0 
1040400.000000 1.047891 1040400.000000 1.047891 0.994822 0.215269 0.261973 0.000000 0 
1517760.000000 0.839458 1517760.000000 0.839458 0.998105 0.471914 0.209865 0.000000 0 
855360.000000 1.804904 855360.000000 1.804904 0.991504 0.115785 0.451226 0.000000 0 
1003920.000000 1.096564 1003920.000000 1.096564 0.999680 0.195656 0.274141 0.000000 0 
1084560.000000 0.999993 1084560.000000 0.999993 0.989179 0.239011 0.249998 0.000000 0 
995280.000000 1.098350 995280.000000 1.098350 0.991037 0.191011 0.274587 0.000000 0 
#Generacion: 5000 
#Distancia: 349.383535 
