572356652582625.625000 572356650423107.250000 2159520.000000 1.584604 57235666.042311 307718630.076680 143089162605776.812500 572356650423105.625000 91 
53796043.860525 51844605.551891 1951440.000000 1.691366 6.184460 28.578518 12961151.387973 51844603.860525 50 
51059138473548.195312 51059136483949.695312 1989600.000000 1.499491 5105914.648395 27451149.372875 12764784120987.423828 51059136483948.195312 80 
49148093.782480 46974175.740969 2173920.000000 1.958489 5.697417 26.079620 11743543.935242 46974173.782480 38 
34010190.328111 31780351.760507 2229840.000000 1.432396 4.178035 17.940963 7945087.940127 31780350.328111 4 
71917629.090786 69904511.290671 2013120.000000 2.199885 7.990451 38.321306 17476127.822668 69904509.090786 63 
41069420710239.937500 41069418768401.445312 1941840.000000 1.508922 4106942.876840 22080333.371097 10267354692100.361328 41069418768399.937500 78 
53514512.336357 51445713.608895 2068800.000000 1.272538 6.144571 28.427157 12861428.402224 51445712.336357 49 
52262037.369474 50317559.737905 1944480.000000 2.368431 6.031756 27.753784 12579389.934476 50317557.369474 46 
42244828.774995 40215150.306182 2029680.000000 1.531187 5.021515 22.368188 10053787.576546 40215148.774995 12 
66996368.737041 64851970.190446 2144400.000000 1.453405 7.485197 35.675467 16212992.547612 64851968.737041 60 
126491473232584.859375 126491471038986.796875 2193600.000000 1.940441 12649148.103898 68006168.060530 31622867759746.699219 126491471038984.859375 86 
48549320.985048 46403722.289287 2145600.000000 1.304239 5.640372 25.757699 11600930.572322 46403720.985048 35 
48675316.724104 46591878.307892 2083440.000000 1.583788 5.659188 25.825439 11647969.576973 46591876.724104 36 
43019279.943665 41070481.389062 1948800.000000 1.445398 5.107048 22.784559 10267620.347266 41070479.943665 15 
37234511.899443 35007553.244078 2226960.000000 1.344635 4.500755 19.674469 8751888.311020 35007551.899443 6 
27586128939765.222656 27586126962166.757812 1977600.000000 1.535169 2758613.696217 14831251.774067 6896531740541.689453 27586126962165.222656 74 
109251612764672.343750 109251610644274.031250 2120400.000000 1.692711 10925162.064427 58737425.873480 27312902661068.507812 109251610644272.343750 85 
32457886092172.976562 32457884027694.964844 2064480.000000 1.986515 3245789.402769 17450476.049555 8114471006923.741211 32457884027692.976562 76 
35966761.222083 33886442.563425 2080320.000000 1.341342 4.388644 18.992882 8471610.640856 33886441.222083 5 
54770289.052667 52596850.897997 2173440.000000 1.845330 6.259685 29.102306 13149212.724499 52596849.052667 52 
71379618.119442 69428899.734767 1950720.000000 1.615326 7.942890 38.032053 17357224.933692 69428898.119442 61 
30920330.020447 28972251.820169 1948080.000000 1.799722 3.897225 16.279747 7243062.955042 28972250.020447 2 
49790420.421773 47742502.294562 2047920.000000 1.872788 5.774250 26.424957 11935625.573640 47742500.421773 40 
37322861.969397 35316943.689833 2005920.000000 1.720436 4.531694 19.721969 8829235.922458 35316941.969397 7 
66027963.390955 63959165.156581 2068800.000000 1.765626 7.395916 35.154819 15989791.289145 63959163.390955 59 
44731479.591996 42638921.021007 2092560.000000 1.429011 5.263892 23.705097 10659730.255252 42638919.591996 21 
42056415.498438 40026738.079008 2029680.000000 2.580570 5.002674 22.266890 10006684.519752 40026735.498438 11 
54522219.200628 52535021.471336 1987200.000000 2.270709 6.253502 28.968935 13133755.367834 52535019.200628 51 
43725811.883781 41737413.533565 1988400.000000 1.649784 5.173741 23.164415 10434353.383391 41737411.883781 17 
46659908.425063 44815269.886337 1844640.000000 1.461275 5.481527 24.741886 11203817.471584 44815268.425063 25 
25183059948622.195312 25183057876943.656250 2071680.000000 1.460342 2518306.787694 13539279.198184 6295764469235.914062 25183057876942.195312 73 
48165887.726798 46096369.467527 2069520.000000 1.740729 5.609637 25.551553 11524092.366882 46096367.726798 32 
40087993936767.484375 40087991967089.257812 1969680.000000 1.772224 4008800.196709 21552684.568155 10021997991772.314453 40087991967087.484375 77 
44216788.564548 42087749.956077 2129040.000000 1.391528 5.208775 23.428381 10521937.489019 42087748.564548 20 
45264402.841207 43358084.831432 1906320.000000 1.990226 5.335808 23.991614 10839521.207858 43358082.841207 23 
43832160.782526 41832482.004455 1999680.000000 1.221928 5.183248 23.221592 10458120.501114 41832480.782526 18 
52650104.585412 50713306.038791 1936800.000000 1.453378 6.071330 27.962422 12678326.509698 50713304.585412 48 
21906919059677.695312 21906917127679.578125 1932000.000000 1.882721 2190692.712768 11777913.128859 5476729281919.894531 21906917127677.695312 72 
159649886347258.343750 159649884413819.843750 1933440.000000 1.494024 15964989.441382 85833271.885623 39912471103454.960938 159649884413818.343750 89 
47326555.282727 45127916.589568 2198640.000000 1.306841 5.512792 25.100299 11281979.147392 45127915.282727 28 
55393773.152680 53285375.067139 2108400.000000 1.914459 6.328537 29.437512 13321343.766785 53285373.152680 53 
47423240.303204 45417081.841242 2006160.000000 1.538038 5.541708 25.152280 11354270.460311 45417080.303204 29 
50839139.471859 49032181.038494 1806960.000000 1.566635 5.903218 26.988785 12258045.259623 49032179.471859 44 
57002978.547649 54879219.771055 2123760.000000 1.223406 6.487922 30.302677 13719804.942764 54879218.547649 55 
87678682.014138 85477883.173102 2200800.000000 1.158964 9.547788 46.794990 21369470.793275 85477882.014138 68 
56158323.704783 54194405.416109 1963920.000000 1.711326 6.419440 29.848561 13548601.354027 54194403.704783 54 
687562146413818.500000 687562144394939.750000 2018880.000000 1.303556 68756215.439494 369657067.620333 171890536098734.937500 687562144394938.500000 92 
49898018898175.062500 49898016852416.281250 2045760.000000 1.214901 4989802.685242 26826891.536653 12474504213104.070312 49898016852415.062500 79 
50329238.369073 48286599.684705 2042640.000000 1.315632 5.828660 26.714644 12071649.921176 48286598.369073 42 
45716157.329952 43651438.842282 2064720.000000 1.512331 5.365144 24.234493 10912859.710571 43651437.329952 24 
48197581.114557 46105022.608914 2092560.000000 1.494357 5.610502 25.568592 11526255.652229 46105021.114557 33 
42526604.999307 40558606.163727 1968000.000000 1.164420 5.055860 22.519680 10139651.540932 40558604.999307 13 
66950341.600649 64955704.069987 1994640.000000 2.469338 7.495570 35.650721 16238926.017497 64955701.600649 60 
71917067.950208 70096909.337681 1820160.000000 1.387472 8.009691 38.321004 17524227.334420 70096907.950208 63 
49904103.141665 48017464.904883 1886640.000000 1.763218 5.801746 26.486077 12004366.226221 48017463.141665 41 
49552895.934471 47758177.312972 1794720.000000 1.378501 5.775818 26.297256 11939544.328243 47758175.934471 40 
44623350.037977 42779192.120626 1844160.000000 2.082649 5.277919 23.646962 10694798.030157 42779190.037977 21 
41711820.473891 39621902.145280 2089920.000000 1.671388 4.962190 22.081624 9905475.536320 39621900.473891 10 
25442394.837151 23534396.185775 1908000.000000 1.348624 3.353439 13.334621 5883599.046444 23534394.837151 1 
47795900.586143 45782782.184116 2013120.000000 1.597973 5.578278 25.352635 11445695.546029 45782780.586143 31 
47580593.037695 45717234.474038 1863360.000000 1.436343 5.571723 25.236878 11429308.618510 45717233.037695 30 
47322882.810657 45421604.480775 1901280.000000 1.670118 5.542160 25.098324 11355401.120194 45421602.810657 28 
52117592.338909 49983513.479212 2134080.000000 1.140303 5.998351 27.676125 12495878.369803 49983512.338909 45 
50017077.966887 47837161.183088 2179920.000000 3.216201 5.783716 26.546816 11959290.295772 47837157.966887 41 
58458366.549055 56189167.832022 2269200.000000 1.282967 6.618917 31.085143 14047291.958005 56189166.549055 57 
44965110.619870 43005513.222004 1959600.000000 2.602134 5.300551 23.830705 10751378.305501 43005510.619870 22 
80398670.127154 78403311.407587 1995360.000000 1.280433 8.840331 42.881005 19600827.851897 78403310.127154 65 
141436914941661.468750 141436912947983.312500 1993680.000000 1.846196 14143692.294798 76041351.775087 35359228236995.828125 141436912947981.468750 88 
43918593.499152 41867074.795481 2051520.000000 1.296329 5.186707 23.268061 10466768.698870 41867073.499152 19 
27695021081322.003906 27695019056443.484375 2024880.000000 1.479512 2769502.905644 14889795.936195 6923754764110.871094 27695019056442.003906 75 
39682214.871465 37509256.393827 2172960.000000 1.522362 4.750925 20.990438 9377314.098457 37509254.871465 9 
46839102.001856 44876383.184429 1962720.000000 1.182572 5.487638 24.838227 11219095.796107 44876382.001856 27 
52361385.148166 50368426.699147 1992960.000000 1.550981 6.036843 27.807196 12592106.674787 50368425.148166 47 
48286604.945001 46186846.701481 2099760.000000 1.756480 5.618684 25.616454 11546711.675370 46186844.945001 34 
368086821279070.937500 368086819476192.812500 1802880.000000 1.869405 36808682.947619 197896140.128533 92021704869048.203125 368086819476190.937500 90 
43372161.577719 41433923.341484 1938240.000000 1.763765 5.143392 22.974280 10358480.835371 41433921.577719 16 
59827487.699594 57826129.538631 2001360.000000 1.839037 6.782613 31.821230 14456532.384658 57826127.699594 58 
106554466099920.484375 106554464116562.125000 1983360.000000 1.645349 10655447.411656 57287347.021463 26638616029140.531250 106554464116560.484375 84 
2563483704676.828125 2563481658678.188477 2046000.000000 1.360246 256349.165868 1378216.701439 640870414669.547119 2563481658676.828125 70 
81921847.425163 79812009.773985 2109840.000000 2.348822 8.981201 43.699918 19953002.443496 79812007.425163 67 
58215062196726.250000 58215060042007.929688 2154720.000000 1.682446 5821507.004201 31298420.191788 14553765010501.982422 58215060042006.250000 81 
90978383.427651 89142385.544414 1836000.000000 2.116763 9.914238 48.569023 22285596.386103 89142383.427651 69 
72476745.784774 70435067.104959 2041680.000000 1.320185 8.043507 38.621906 17608766.776240 70435065.784774 64 
83512133248057.859375 83512131329979.406250 1918080.000000 1.543585 8351214.132998 44898996.025838 20878032832494.851562 83512131329977.859375 83 
32621921.852848 30623203.063085 1998720.000000 1.210237 4.062320 17.194582 7655800.765771 30623201.852848 3 
23935776.426889 21837457.960527 2098320.000000 1.533638 3.183746 12.524611 5459364.490132 21837456.426889 0 
37518367.278012 35616131.496114 1902240.000000 4.218103 4.561613 19.827079 8904032.874029 35616127.278012 8 
57866437.804869 56037879.173121 1828560.000000 1.368252 6.603788 30.766902 14009469.793280 56037877.804869 56 
42673703.738570 40645465.050745 2028240.000000 1.312175 5.064546 22.598765 10161366.262686 40645463.738570 14 
134081880381166.859375 134081878473409.328125 1907760.000000 2.472427 13408188.847341 72087032.118907 33520469618352.332031 134081878473406.859375 87 
50476014.634869 48548576.327274 1927440.000000 1.692405 5.854857 26.793556 12137144.081818 48548574.634869 43 
71545676.427566 69674397.942527 1871280.000000 1.514961 7.967440 38.121331 17418599.485632 69674396.427566 62 
5863828733611.515625 5863826616093.050781 2117520.000000 1.534935 586383.661609 3152595.749254 1465956654023.262695 5863826616091.515625 71 
47642834.226355 45695475.650482 1947360.000000 1.424127 5.569547 25.270341 11423868.912621 45695474.226355 30 
46809211.192140 44847452.748088 1961760.000000 1.555948 5.484745 24.822157 11211863.187022 44847451.192140 26 
81050329.483795 78951051.654769 2099280.000000 2.170974 8.895105 43.231360 19737762.913692 78951049.483795 66 
49018479.223758 46794160.311345 2224320.000000 1.087587 5.679416 26.009935 11698540.077836 46794159.223758 37 
49159123.076803 47147684.309107 2011440.000000 1.232304 5.714768 26.085550 11786921.077277 47147683.076803 39 
69510968035506.867188 69510966033428.296875 2002080.000000 1.426965 6951097.603343 37371487.847047 17377741508357.074219 69510966033426.867188 82 
#Generacion: 1 
#Distancia: 786.504646 
1258320.000000 0.981695 1258320.000000 0.981695 0.999073 0.332430 0.245424 0.000000 0 
1011120.000000 1.613385 1011120.000000 1.613385 0.993209 0.199527 0.403346 0.000000 0 
1248000.000000 0.988045 1248000.000000 0.988045 0.992594 0.326882 0.247011 0.000000 0 
1352160.000000 0.937248 1352160.000000 0.937248 0.992221 0.382882 0.234312 0.000000 0 
1308000.000000 0.942973 1308000.000000 0.942973 0.997462 0.359140 0.235743 0.000000 0 
1176480.000000 1.090566 1176480.000000 1.090566 0.999016 0.288430 0.272641 0.000000 0 
1234800.000000 0.996046 1234800.000000 0.996046 0.995118 0.319785 0.249011 0.000000 0 
1180080.000000 1.045088 1180080.000000 1.045088 0.987432 0.290366 0.261272 0.000000 0 
1509600.000000 0.896417 1509600.000000 0.896417 0.997064 0.467527 0.224104 0.000000 0 
1174080.000000 1.102293 1174080.000000 1.102293 0.998628 0.287140 0.275573 0.000000 0 
1412880.000000 0.918759 1412880.000000 0.918759 0.993091 0.415527 0.229690 0.000000 0 
1861920.000000 0.855823 1861920.000000 0.855823 0.991146 0.656946 0.213956 0.000000 0 
1097280.000000 1.246532 1097280.000000 1.246532 0.997817 0.245849 0.311633 0.000000 0 
1470720.000000 0.897486 1470720.000000 0.897486 0.991818 0.446624 0.224371 0.000000 0 
1008480.000000 1.630317 1008480.000000 1.630317 0.996119 0.198108 0.407579 0.000000 0 
1285920.000000 0.950812 1285920.000000 0.950812 0.999457 0.347269 0.237703 0.000000 0 
1203360.000000 1.029056 1203360.000000 1.029056 0.999252 0.302882 0.257264 0.000000 0 
1623360.000000 0.887011 1623360.000000 0.887011 0.987332 0.528688 0.221753 0.000000 0 
1636560.000000 0.879125 1636560.000000 0.879125 0.982138 0.535785 0.219781 0.000000 0 
1290720.000000 0.948426 1290720.000000 0.948426 0.999127 0.349849 0.237107 0.000000 0 
1000800.000000 1.645361 1000800.000000 1.645361 0.994970 0.193978 0.411340 0.000000 0 
1355040.000000 0.926056 1355040.000000 0.926056 0.986948 0.384430 0.231514 0.000000 0 
1835040.000000 0.856280 1835040.000000 0.856280 0.970574 0.642495 0.214070 0.000000 0 
1150800.000000 1.195729 1150800.000000 1.195729 0.999902 0.274624 0.298932 0.000000 0 
1029120.000000 1.553283 1029120.000000 1.553283 0.998772 0.209204 0.388321 0.000000 0 
1805520.000000 0.857912 1805520.000000 0.857912 0.995333 0.626624 0.214478 0.000000 0 
1307520.000000 0.943531 1307520.000000 0.943531 0.996539 0.358882 0.235883 0.000000 0 
999840.000000 1.646094 999840.000000 1.646094 0.996929 0.193462 0.411523 0.000000 0 
1318560.000000 0.940756 1318560.000000 0.940756 0.998868 0.364817 0.235189 0.000000 0 
1630320.000000 0.884739 1630320.000000 0.884739 0.975768 0.532430 0.221185 0.000000 0 
1067520.000000 1.355237 1067520.000000 1.355237 0.996763 0.229849 0.338809 0.000000 0 
1042560.000000 1.426773 1042560.000000 1.426773 0.995537 0.216430 0.356693 0.000000 0 
1215120.000000 1.028774 1215120.000000 1.028774 0.994149 0.309204 0.257193 0.000000 0 
1952880.000000 0.855049 1952880.000000 0.855049 0.996769 0.705849 0.213762 0.000000 0 
1456560.000000 0.898182 1456560.000000 0.898182 0.998221 0.439011 0.224546 0.000000 0 
1060800.000000 1.363048 1060800.000000 1.363048 0.993779 0.226237 0.340762 0.000000 0 
1098240.000000 1.243716 1098240.000000 1.243716 0.987288 0.246366 0.310929 0.000000 0 
1156080.000000 1.189884 1156080.000000 1.189884 0.992501 0.277462 0.297471 0.000000 0 
1216560.000000 1.026537 1216560.000000 1.026537 0.983355 0.309978 0.256634 0.000000 0 
1299600.000000 0.944488 1299600.000000 0.944488 0.994457 0.354624 0.236122 0.000000 0 
1380960.000000 0.925032 1380960.000000 0.925032 0.996075 0.398366 0.231258 0.000000 0 
1014000.000000 1.575607 1014000.000000 1.575607 0.997019 0.201075 0.393902 0.000000 0 
1395120.000000 0.919361 1395120.000000 0.919361 0.997552 0.405978 0.229840 0.000000 0 
1281120.000000 0.960129 1281120.000000 0.960129 0.998428 0.344688 0.240032 0.000000 0 
1517520.000000 0.891628 1517520.000000 0.891628 0.987856 0.471785 0.222907 0.000000 0 
1032000.000000 1.523190 1032000.000000 1.523190 0.997911 0.210753 0.380798 0.000000 0 
1061040.000000 1.356547 1061040.000000 1.356547 0.998993 0.226366 0.339137 0.000000 0 
1696320.000000 0.869819 1696320.000000 0.869819 0.990038 0.567914 0.217455 0.000000 0 
1196640.000000 1.029217 1196640.000000 1.029217 0.999874 0.299269 0.257304 0.000000 0 
1045200.000000 1.369162 1045200.000000 1.369162 0.992274 0.217849 0.342290 0.000000 0 
1536240.000000 0.887276 1536240.000000 0.887276 0.998768 0.481849 0.221819 0.000000 0 
1634640.000000 0.879849 1634640.000000 0.879849 0.993258 0.534753 0.219962 0.000000 0 
1318080.000000 0.941958 1318080.000000 0.941958 0.995669 0.364559 0.235489 0.000000 0 
1282320.000000 0.957985 1282320.000000 0.957985 0.990090 0.345333 0.239496 0.000000 0 
1986480.000000 0.853403 1986480.000000 0.853403 0.960739 0.723914 0.213351 0.000000 0 
1423440.000000 0.900492 1423440.000000 0.900492 0.995285 0.421204 0.225123 0.000000 0 
1042560.000000 1.426773 1042560.000000 1.426773 0.995537 0.216430 0.356693 0.000000 0 
1158960.000000 1.112190 1158960.000000 1.112190 0.995195 0.279011 0.278048 0.000000 0 
1179360.000000 1.067716 1179360.000000 1.067716 0.997333 0.289978 0.266929 0.000000 0 
1041360.000000 1.491723 1041360.000000 1.491723 0.995652 0.215785 0.372931 0.000000 0 
1089360.000000 1.253458 1089360.000000 1.253458 0.993482 0.241591 0.313364 0.000000 0 
1707600.000000 0.866905 1707600.000000 0.866905 0.998356 0.573978 0.216726 0.000000 0 
994800.000000 1.664583 994800.000000 1.664583 0.994182 0.190753 0.416146 0.000000 0 
1069920.000000 1.286633 1069920.000000 1.286633 0.986798 0.231140 0.321658 0.000000 0 
1407120.000000 0.919068 1407120.000000 0.919068 0.994401 0.412430 0.229767 0.000000 0 
1680240.000000 0.876963 1680240.000000 0.876963 0.995241 0.559269 0.219241 0.000000 0 
1743600.000000 0.866060 1743600.000000 0.866060 0.979728 0.593333 0.216515 0.000000 0 
1259280.000000 0.967099 1259280.000000 0.967099 0.994986 0.332946 0.241775 0.000000 0 
2022960.000000 0.852630 2022960.000000 0.852630 0.992467 0.743527 0.213157 0.000000 0 
1239840.000000 0.996516 1239840.000000 0.996516 0.998898 0.322495 0.249129 0.000000 1 
1190880.000000 1.047695 1190880.000000 1.047695 0.993048 0.296172 0.261924 0.000000 1 
1948080.000000 0.856100 1948080.000000 0.856100 0.934519 0.703269 0.214025 0.000000 1 
1498320.000000 0.897707 1498320.000000 0.897707 0.992360 0.461462 0.224427 0.000000 1 
1355520.000000 0.936734 1355520.000000 0.936734 0.985664 0.384688 0.234183 0.000000 1 
1846800.000000 0.857510 1846800.000000 0.857510 0.996896 0.648817 0.214377 0.000000 1 
1003200.000000 1.650982 1003200.000000 1.650982 0.996341 0.195269 0.412746 0.000000 1 
1107120.000000 1.243838 1107120.000000 1.243838 0.987307 0.251140 0.310960 0.000000 1 
1156560.000000 1.199923 1156560.000000 1.199923 0.994222 0.277720 0.299981 0.000000 1 
1018560.000000 1.613289 1018560.000000 1.613289 0.992825 0.203527 0.403322 0.000000 1 
1399200.000000 0.920676 1399200.000000 0.920676 0.998430 0.408172 0.230169 0.000000 1 
1035360.000000 1.573048 1035360.000000 1.573048 0.995385 0.212559 0.393262 0.000000 1 
1067280.000000 1.393677 1067280.000000 1.393677 0.996789 0.229720 0.348419 0.000000 1 
1052160.000000 1.412359 1052160.000000 1.412359 0.976768 0.221591 0.353090 0.000000 1 
1566960.000000 0.889465 1566960.000000 0.889465 0.996283 0.498366 0.222366 0.000000 1 
1539600.000000 0.892546 1539600.000000 0.892546 0.999869 0.483656 0.223137 0.000000 1 
1645200.000000 0.885542 1645200.000000 0.885542 0.996677 0.540430 0.221386 0.000000 1 
1290000.000000 0.958058 1290000.000000 0.958058 0.992214 0.349462 0.239514 0.000000 1 
1435680.000000 0.901814 1435680.000000 0.901814 0.998432 0.427785 0.225454 0.000000 1 
1429920.000000 0.916353 1429920.000000 0.916353 0.997064 0.424688 0.229088 0.000000 1 
1169520.000000 1.117562 1169520.000000 1.117562 0.994130 0.284688 0.279390 0.000000 1 
1733760.000000 0.869790 1733760.000000 0.869790 0.986322 0.588043 0.217448 0.000000 1 
998400.000000 1.778898 998400.000000 1.778898 0.999936 0.192688 0.444724 0.000000 1 
1092240.000000 1.290554 1092240.000000 1.290554 0.997062 0.243140 0.322639 0.000000 1 
1073760.000000 1.317110 1073760.000000 1.317110 0.997464 0.233204 0.329278 0.000000 1 
1071120.000000 1.334448 1071120.000000 1.334448 0.997093 0.231785 0.333612 0.000000 1 
1686240.000000 0.881817 1686240.000000 0.881817 0.988981 0.562495 0.220454 0.000000 1 
1746240.000000 0.868499 1746240.000000 0.868499 0.995095 0.594753 0.217125 0.000000 1 
1792320.000000 0.866618 1792320.000000 0.866618 0.990974 0.619527 0.216654 0.000000 1 
1278960.000000 0.969533 1278960.000000 0.969533 0.996522 0.343527 0.242383 0.000000 1 
1260960.000000 0.972958 1260960.000000 0.972958 0.999225 0.333849 0.243239 0.000000 1 
#Generacion: 500 
#Distancia: 413.214141 
1767120.000000 0.838843 1767120.000000 0.838843 0.998641 0.605978 0.209711 0.000000 0 
996480.000000 1.523834 996480.000000 1.523834 0.995635 0.191656 0.380958 0.000000 0 
1726800.000000 0.847337 1726800.000000 0.847337 0.987201 0.584301 0.211834 0.000000 0 
1116720.000000 1.049315 1116720.000000 1.049315 0.996335 0.256301 0.262329 0.000000 0 
1435920.000000 0.883779 1435920.000000 0.883779 0.973466 0.427914 0.220945 0.000000 0 
1398240.000000 0.896639 1398240.000000 0.896639 0.998696 0.407656 0.224160 0.000000 0 
1349280.000000 0.916087 1349280.000000 0.916087 0.996266 0.381333 0.229022 0.000000 0 
1359840.000000 0.910038 1359840.000000 0.910038 0.996096 0.387011 0.227509 0.000000 0 
1724640.000000 0.849058 1724640.000000 0.849058 0.958944 0.583140 0.212264 0.000000 0 
1504800.000000 0.866488 1504800.000000 0.866488 0.995753 0.464946 0.216622 0.000000 0 
981360.000000 1.534263 981360.000000 1.534263 0.997061 0.183527 0.383566 0.000000 0 
1374720.000000 0.908006 1374720.000000 0.908006 0.999401 0.395011 0.227002 0.000000 0 
1116720.000000 1.049315 1116720.000000 1.049315 0.996335 0.256301 0.262329 0.000000 0 
1102320.000000 1.065448 1102320.000000 1.065448 0.999616 0.248559 0.266362 0.000000 0 
1504800.000000 0.866488 1504800.000000 0.866488 0.995753 0.464946 0.216622 0.000000 0 
1375200.000000 0.904071 1375200.000000 0.904071 0.997445 0.395269 0.226018 0.000000 0 
1724640.000000 0.849058 1724640.000000 0.849058 0.958944 0.583140 0.212264 0.000000 0 
1280880.000000 0.932525 1280880.000000 0.932525 0.998152 0.344559 0.233131 0.000000 0 
1299120.000000 0.928652 1299120.000000 0.928652 0.989215 0.354366 0.232163 0.000000 0 
1991760.000000 0.826218 1991760.000000 0.826218 0.987070 0.726753 0.206554 0.000000 0 
1430880.000000 0.886665 1430880.000000 0.886665 0.996553 0.425204 0.221666 0.000000 0 
1737360.000000 0.846711 1737360.000000 0.846711 0.998850 0.589978 0.211678 0.000000 0 
1596960.000000 0.864387 1596960.000000 0.864387 0.995796 0.514495 0.216097 0.000000 0 
2060880.000000 0.825590 2060880.000000 0.825590 0.961030 0.763914 0.206397 0.000000 0 
1005360.000000 1.360893 1005360.000000 1.360893 0.993055 0.196430 0.340223 0.000000 0 
1099920.000000 1.089143 1099920.000000 1.089143 0.994873 0.247269 0.272286 0.000000 0 
1035600.000000 1.230409 1035600.000000 1.230409 0.991942 0.212688 0.307602 0.000000 0 
1178160.000000 0.971201 1178160.000000 0.971201 0.984025 0.289333 0.242800 0.000000 0 
1448400.000000 0.879709 1448400.000000 0.879709 0.995432 0.434624 0.219927 0.000000 0 
1017360.000000 1.307878 1017360.000000 1.307878 0.992196 0.202882 0.326969 0.000000 0 
1170480.000000 0.974956 1170480.000000 0.974956 0.992501 0.285204 0.243739 0.000000 0 
1035600.000000 1.230409 1035600.000000 1.230409 0.991942 0.212688 0.307602 0.000000 0 
1145760.000000 0.984528 1145760.000000 0.984528 0.995834 0.271914 0.246132 0.000000 0 
997680.000000 1.458319 997680.000000 1.458319 0.995175 0.192301 0.364580 0.000000 0 
1151760.000000 0.982580 1151760.000000 0.982580 0.991507 0.275140 0.245645 0.000000 0 
1202400.000000 0.959986 1202400.000000 0.959986 0.987343 0.302366 0.239997 0.000000 0 
1011120.000000 1.317779 1011120.000000 1.317779 0.995708 0.199527 0.329445 0.000000 0 
1214160.000000 0.939362 1214160.000000 0.939362 0.997105 0.308688 0.234841 0.000000 0 
1403040.000000 0.895112 1403040.000000 0.895112 0.999049 0.410237 0.223778 0.000000 0 
1437840.000000 0.882458 1437840.000000 0.882458 0.997149 0.428946 0.220615 0.000000 0 
1086720.000000 1.102233 1086720.000000 1.102233 0.995027 0.240172 0.275558 0.000000 0 
1263840.000000 0.934374 1263840.000000 0.934374 0.996410 0.335398 0.233594 0.000000 0 
1909680.000000 0.828089 1909680.000000 0.828089 0.994009 0.682624 0.207022 0.000000 0 
961200.000000 1.641800 961200.000000 1.641800 0.998200 0.172688 0.410450 0.000000 0 
1737360.000000 0.846711 1737360.000000 0.846711 0.998850 0.589978 0.211678 0.000000 0 
1378800.000000 0.902669 1378800.000000 0.902669 0.995079 0.397204 0.225667 0.000000 0 
1196400.000000 0.964467 1196400.000000 0.964467 0.998802 0.299140 0.241117 0.000000 0 
1078080.000000 1.102359 1078080.000000 1.102359 0.994167 0.235527 0.275590 0.000000 0 
1046400.000000 1.197929 1046400.000000 1.197929 0.990539 0.218495 0.299482 0.000000 0 
981360.000000 1.534263 981360.000000 1.534263 0.997061 0.183527 0.383566 0.000000 0 
1046880.000000 1.181819 1046880.000000 1.181819 0.986653 0.218753 0.295455 0.000000 0 
1664400.000000 0.850113 1664400.000000 0.850113 0.958865 0.550753 0.212528 0.000000 0 
1311360.000000 0.916477 1311360.000000 0.916477 0.995433 0.360946 0.229119 0.000000 0 
1383840.000000 0.902208 1383840.000000 0.902208 0.999885 0.399914 0.225552 0.000000 0 
1558320.000000 0.865049 1558320.000000 0.865049 0.998837 0.493720 0.216262 0.000000 0 
1309680.000000 0.925437 1309680.000000 0.925437 0.999401 0.360043 0.231359 0.000000 0 
957840.000000 1.812311 957840.000000 1.812311 0.992744 0.170882 0.453078 0.000000 0 
980400.000000 1.534891 980400.000000 1.534891 0.997391 0.183011 0.383723 0.000000 0 
1383840.000000 0.902208 1383840.000000 0.902208 0.999885 0.399914 0.225552 0.000000 0 
1170480.000000 0.974956 1170480.000000 0.974956 0.992501 0.285204 0.243739 0.000000 0 
1118400.000000 1.020547 1118400.000000 1.020547 0.987081 0.257204 0.255137 0.000000 0 
1832880.000000 0.828313 1832880.000000 0.828313 0.996277 0.641333 0.207078 0.000000 0 
961200.000000 1.641800 961200.000000 1.641800 0.998200 0.172688 0.410450 0.000000 0 
1026480.000000 1.288176 1026480.000000 1.288176 0.995676 0.207785 0.322044 0.000000 0 
1052160.000000 1.128335 1052160.000000 1.128335 0.998411 0.221591 0.282084 0.000000 0 
980400.000000 1.534891 980400.000000 1.534891 0.997391 0.183011 0.383723 0.000000 0 
1196400.000000 0.964467 1196400.000000 0.964467 0.998802 0.299140 0.241117 0.000000 0 
1181040.000000 0.967005 1181040.000000 0.967005 0.998495 0.290882 0.241751 0.000000 0 
1042080.000000 1.229077 1042080.000000 1.229077 0.990811 0.216172 0.307269 0.000000 0 
1351200.000000 0.912206 1351200.000000 0.912206 0.995172 0.382366 0.228052 0.000000 0 
1097760.000000 1.101353 1097760.000000 1.101353 0.998697 0.246108 0.275338 0.000000 0 
1207920.000000 0.950093 1207920.000000 0.950093 0.997054 0.305333 0.237523 0.000000 0 
1277280.000000 0.932689 1277280.000000 0.932689 0.996394 0.342624 0.233172 0.000000 0 
1601280.000000 0.852206 1601280.000000 0.852206 0.999720 0.516817 0.213051 0.000000 0 
975360.000000 1.578438 975360.000000 1.578438 0.995484 0.180301 0.394610 0.000000 0 
1016160.000000 1.316383 1016160.000000 1.316383 0.995623 0.202237 0.329096 0.000000 0 
1485600.000000 0.878486 1485600.000000 0.878486 0.957957 0.454624 0.219622 0.000000 0 
960240.000000 1.654609 960240.000000 1.654609 0.997972 0.172172 0.413652 0.000000 0 
1071360.000000 1.124060 1071360.000000 1.124060 0.997982 0.231914 0.281015 0.000000 0 
1360320.000000 0.908057 1360320.000000 0.908057 0.998132 0.387269 0.227014 0.000000 0 
1141200.000000 0.987629 1141200.000000 0.987629 0.993878 0.269462 0.246907 0.000000 0 
962640.000000 1.644284 962640.000000 1.644284 0.996546 0.173462 0.411071 0.000000 1 
1840800.000000 0.834182 1840800.000000 0.834182 0.990800 0.645591 0.208546 0.000000 1 
1695120.000000 0.850294 1695120.000000 0.850294 0.959253 0.567269 0.212574 0.000000 1 
1107840.000000 1.072269 1107840.000000 1.072269 0.985096 0.251527 0.268067 0.000000 1 
1584960.000000 0.866063 1584960.000000 0.866063 0.995640 0.508043 0.216516 0.000000 1 
980400.000000 1.535128 980400.000000 1.535128 0.996936 0.183011 0.383782 0.000000 1 
1047360.000000 1.193845 1047360.000000 1.193845 0.992747 0.219011 0.298461 0.000000 1 
1156080.000000 0.985300 1156080.000000 0.985300 0.994543 0.277462 0.246325 0.000000 1 
1331040.000000 0.916829 1331040.000000 0.916829 0.990974 0.371527 0.229207 0.000000 1 
1429200.000000 0.896597 1429200.000000 0.896597 0.994237 0.424301 0.224149 0.000000 1 
1057920.000000 1.128470 1057920.000000 1.128470 0.996291 0.224688 0.282118 0.000000 1 
1489440.000000 0.880512 1489440.000000 0.880512 0.993607 0.456688 0.220128 0.000000 1 
1272240.000000 0.939781 1272240.000000 0.939781 0.985884 0.339914 0.234945 0.000000 1 
1009920.000000 1.413156 1009920.000000 1.413156 0.992865 0.198882 0.353289 0.000000 1 
1199280.000000 0.966154 1199280.000000 0.966154 0.997140 0.300688 0.241539 0.000000 1 
1003440.000000 1.458409 1003440.000000 1.458409 0.995038 0.195398 0.364602 0.000000 1 
1031040.000000 1.296291 1031040.000000 1.296291 0.990629 0.210237 0.324073 0.000000 1 
1019280.000000 1.312982 1019280.000000 1.312982 0.998855 0.203914 0.328245 0.000000 1 
978240.000000 1.636514 978240.000000 1.636514 0.999873 0.181849 0.409129 0.000000 1 
#Generacion: 1000 
#Distancia: 370.632323 
1980240.000000 0.819818 1980240.000000 0.819818 0.970208 0.720559 0.204955 0.000000 0 
984960.000000 1.373383 984960.000000 1.373383 0.996928 0.185462 0.343346 0.000000 0 
982800.000000 1.439867 982800.000000 1.439867 0.996817 0.184301 0.359967 0.000000 0 
1854960.000000 0.828130 1854960.000000 0.828130 0.994966 0.653204 0.207033 0.000000 0 
1088880.000000 1.075040 1088880.000000 1.075040 0.996735 0.241333 0.268760 0.000000 0 
1092000.000000 1.017490 1092000.000000 1.017490 0.997075 0.243011 0.254373 0.000000 0 
999360.000000 1.319315 999360.000000 1.319315 0.992897 0.193204 0.329829 0.000000 0 
1046880.000000 1.181819 1046880.000000 1.181819 0.986653 0.218753 0.295455 0.000000 0 
982800.000000 1.439867 982800.000000 1.439867 0.996817 0.184301 0.359967 0.000000 0 
1795680.000000 0.833639 1795680.000000 0.833639 0.992931 0.621333 0.208410 0.000000 0 
1052160.000000 1.128335 1052160.000000 1.128335 0.998411 0.221591 0.282084 0.000000 0 
1260000.000000 0.907641 1260000.000000 0.907641 0.983051 0.333333 0.226910 0.000000 0 
1832880.000000 0.828313 1832880.000000 0.828313 0.996277 0.641333 0.207078 0.000000 0 
1024080.000000 1.236499 1024080.000000 1.236499 0.996592 0.206495 0.309125 0.000000 0 
1218960.000000 0.932331 1218960.000000 0.932331 0.992343 0.311269 0.233083 0.000000 0 
1019760.000000 1.273636 1019760.000000 1.273636 0.988644 0.204172 0.318409 0.000000 0 
1813680.000000 0.832121 1813680.000000 0.832121 0.998483 0.631011 0.208030 0.000000 0 
1000320.000000 1.319298 1000320.000000 1.319298 0.992783 0.193720 0.329824 0.000000 0 
1007760.000000 1.285605 1007760.000000 1.285605 0.995580 0.197720 0.321401 0.000000 0 
1198800.000000 0.935985 1198800.000000 0.935985 0.996628 0.300430 0.233996 0.000000 0 
1229040.000000 0.922261 1229040.000000 0.922261 0.992523 0.316688 0.230565 0.000000 0 
1029600.000000 1.216193 1029600.000000 1.216193 0.988468 0.209462 0.304048 0.000000 0 
1104480.000000 1.013769 1104480.000000 1.013769 0.998115 0.249720 0.253442 0.000000 0 
1431600.000000 0.877252 1431600.000000 0.877252 0.994823 0.425591 0.219313 0.000000 0 
1062960.000000 1.095626 1062960.000000 1.095626 0.993886 0.227398 0.273907 0.000000 0 
1596720.000000 0.851915 1596720.000000 0.851915 0.999776 0.514366 0.212979 0.000000 0 
1170000.000000 0.967842 1170000.000000 0.967842 0.988720 0.284946 0.241961 0.000000 0 
1174080.000000 0.957363 1174080.000000 0.957363 0.996512 0.287140 0.239341 0.000000 0 
1070400.000000 1.095615 1070400.000000 1.095615 0.991439 0.231398 0.273904 0.000000 0 
1135680.000000 0.985958 1135680.000000 0.985958 0.996096 0.266495 0.246489 0.000000 0 
1024800.000000 1.228301 1024800.000000 1.228301 0.989997 0.206882 0.307075 0.000000 0 
1057920.000000 1.112654 1057920.000000 1.112654 0.995373 0.224688 0.278164 0.000000 0 
1153200.000000 0.976121 1153200.000000 0.976121 0.996860 0.275914 0.244030 0.000000 0 
1057920.000000 1.112654 1057920.000000 1.112654 0.995373 0.224688 0.278164 0.000000 0 
1052160.000000 1.128335 1052160.000000 1.128335 0.998411 0.221591 0.282084 0.000000 0 
1127760.000000 0.990556 1127760.000000 0.990556 0.997659 0.262237 0.247639 0.000000 0 
1197600.000000 0.946846 1197600.000000 0.946846 0.999453 0.299785 0.236712 0.000000 0 
1189920.000000 0.946957 1189920.000000 0.946957 0.999135 0.295656 0.236739 0.000000 0 
1254240.000000 0.917204 1254240.000000 0.917204 0.988057 0.330237 0.229301 0.000000 0 
1145760.000000 0.984528 1145760.000000 0.984528 0.995834 0.271914 0.246132 0.000000 0 
1012320.000000 1.277071 1012320.000000 1.277071 0.996289 0.200172 0.319268 0.000000 0 
1250640.000000 0.917786 1250640.000000 0.917786 0.992828 0.328301 0.229446 0.000000 0 
1148160.000000 0.979520 1148160.000000 0.979520 0.996451 0.273204 0.244880 0.000000 0 
1184640.000000 0.956620 1184640.000000 0.956620 0.991275 0.292817 0.239155 0.000000 0 
1595280.000000 0.853254 1595280.000000 0.853254 0.997688 0.513591 0.213314 0.000000 0 
1007760.000000 1.285605 1007760.000000 1.285605 0.995580 0.197720 0.321401 0.000000 0 
1426560.000000 0.877585 1426560.000000 0.877585 0.996887 0.422882 0.219396 0.000000 0 
1014000.000000 1.273663 1014000.000000 1.273663 0.998153 0.201075 0.318416 0.000000 0 
1187040.000000 0.955587 1187040.000000 0.955587 0.998562 0.294108 0.238897 0.000000 0 
1569840.000000 0.853475 1569840.000000 0.853475 0.993989 0.499914 0.213369 0.000000 0 
1454640.000000 0.863317 1454640.000000 0.863317 0.974978 0.437978 0.215829 0.000000 0 
1210320.000000 0.933861 1210320.000000 0.933861 0.988374 0.306624 0.233465 0.000000 0 
1373040.000000 0.885282 1373040.000000 0.885282 0.985684 0.394108 0.221320 0.000000 0 
1089840.000000 1.040193 1089840.000000 1.040193 0.989884 0.241849 0.260048 0.000000 0 
1082160.000000 1.077218 1082160.000000 1.077218 0.996925 0.237720 0.269305 0.000000 0 
1254240.000000 0.917204 1254240.000000 0.917204 0.988057 0.330237 0.229301 0.000000 0 
1088880.000000 1.075040 1088880.000000 1.075040 0.996735 0.241333 0.268760 0.000000 0 
1114320.000000 0.990894 1114320.000000 0.990894 0.998457 0.255011 0.247723 0.000000 0 
1127760.000000 0.990556 1127760.000000 0.990556 0.997659 0.262237 0.247639 0.000000 0 
1338000.000000 0.890691 1338000.000000 0.890691 0.994582 0.375269 0.222673 0.000000 0 
1999920.000000 0.819647 1999920.000000 0.819647 0.987848 0.731140 0.204912 0.000000 0 
1135680.000000 0.985958 1135680.000000 0.985958 0.996096 0.266495 0.246489 0.000000 0 
2065920.000000 0.819606 2065920.000000 0.819606 0.949073 0.766624 0.204902 0.000000 0 
1633920.000000 0.835704 1633920.000000 0.835704 0.996229 0.534366 0.208926 0.000000 0 
1073280.000000 1.089554 1073280.000000 1.089554 0.999411 0.232946 0.272388 0.000000 0 
1241280.000000 0.919887 1241280.000000 0.919887 0.993905 0.323269 0.229972 0.000000 0 
927120.000000 1.605780 927120.000000 1.605780 0.990993 0.154366 0.401445 0.000000 0 
926400.000000 1.622280 926400.000000 1.622280 0.989475 0.153978 0.405570 0.000000 0 
1522560.000000 0.855185 1522560.000000 0.855185 0.974545 0.474495 0.213796 0.000000 0 
970320.000000 1.442146 970320.000000 1.442146 0.993191 0.177591 0.360536 0.000000 0 
1046880.000000 1.181819 1046880.000000 1.181819 0.986653 0.218753 0.295455 0.000000 0 
1441920.000000 0.871673 1441920.000000 0.871673 0.988417 0.431140 0.217918 0.000000 0 
1092000.000000 1.017490 1092000.000000 1.017490 0.997075 0.243011 0.254373 0.000000 0 
996720.000000 1.365514 996720.000000 1.365514 0.999894 0.191785 0.341378 0.000000 0 
1865760.000000 0.824513 1865760.000000 0.824513 0.987819 0.659011 0.206128 0.000000 0 
1029600.000000 1.216193 1029600.000000 1.216193 0.988468 0.209462 0.304048 0.000000 0 
1088880.000000 1.075040 1088880.000000 1.075040 0.996735 0.241333 0.268760 0.000000 0 
1089840.000000 1.040193 1089840.000000 1.040193 0.989884 0.241849 0.260048 0.000000 0 
1156320.000000 0.971390 1156320.000000 0.971390 0.988440 0.277591 0.242847 0.000000 0 
1330560.000000 0.899259 1330560.000000 0.899259 0.980343 0.371269 0.224815 0.000000 0 
1782000.000000 0.834868 1782000.000000 0.834868 0.996835 0.613978 0.208717 0.000000 0 
953760.000000 1.541362 953760.000000 1.541362 0.991736 0.168688 0.385340 0.000000 0 
1331520.000000 0.898898 1331520.000000 0.898898 0.994962 0.371785 0.224724 0.000000 0 
1089840.000000 1.040193 1089840.000000 1.040193 0.989884 0.241849 0.260048 0.000000 0 
1036320.000000 1.182749 1036320.000000 1.182749 0.988089 0.213075 0.295687 0.000000 0 
1912800.000000 0.823579 1912800.000000 0.823579 0.977291 0.684301 0.205895 0.000000 0 
944400.000000 1.584464 944400.000000 1.584464 0.997200 0.163656 0.396116 0.000000 0 
1417680.000000 0.880941 1417680.000000 0.880941 0.993981 0.418108 0.220235 0.000000 0 
1288800.000000 0.899591 1288800.000000 0.899591 0.985811 0.348817 0.224898 0.000000 0 
926400.000000 1.622280 926400.000000 1.622280 0.989475 0.153978 0.405570 0.000000 0 
1612800.000000 0.848475 1612800.000000 0.848475 0.995381 0.523011 0.212119 0.000000 0 
2126640.000000 0.816285 2126640.000000 0.816285 0.997126 0.799269 0.204071 0.000000 0 
1259520.000000 0.913500 1259520.000000 0.913500 0.993392 0.333075 0.228375 0.000000 0 
1333680.000000 0.890702 1333680.000000 0.890702 0.994507 0.372946 0.222675 0.000000 0 
926880.000000 2.052858 926880.000000 2.052858 0.994267 0.154237 0.513215 0.000000 1 
937680.000000 2.049528 937680.000000 2.049528 0.993835 0.160043 0.512382 0.000000 1 
939120.000000 1.624940 939120.000000 1.624940 0.989947 0.160817 0.406235 0.000000 1 
966960.000000 1.555144 966960.000000 1.555144 0.998860 0.175785 0.388786 0.000000 1 
1909680.000000 0.828089 1909680.000000 0.828089 0.994009 0.682624 0.207022 0.000000 1 
946800.000000 1.603790 946800.000000 1.603790 0.991001 0.164946 0.400947 0.000000 1 
#Generacion: 1500 
#Distancia: 358.533636 
2151360.000000 0.810398 2151360.000000 0.810398 0.987448 0.812559 0.202599 0.000000 0 
889680.000000 1.699422 889680.000000 1.699422 0.996700 0.134237 0.424856 0.000000 0 
889680.000000 1.699422 889680.000000 1.699422 0.996700 0.134237 0.424856 0.000000 0 
914640.000000 1.553874 914640.000000 1.553874 0.998539 0.147656 0.388469 0.000000 0 
908400.000000 1.667810 908400.000000 1.667810 0.999262 0.144301 0.416952 0.000000 0 
2100000.000000 0.810813 2100000.000000 0.810813 0.975215 0.784946 0.202703 0.000000 0 
1958400.000000 0.820239 1958400.000000 0.820239 0.994666 0.708817 0.205060 0.000000 0 
1860000.000000 0.820973 1860000.000000 0.820973 0.989495 0.655914 0.205243 0.000000 0 
923280.000000 1.553291 923280.000000 1.553291 0.998274 0.152301 0.388323 0.000000 0 
937200.000000 1.486210 937200.000000 1.486210 0.991039 0.159785 0.371553 0.000000 0 
989760.000000 1.245680 989760.000000 1.245680 0.979558 0.188043 0.311420 0.000000 0 
1041360.000000 1.166142 1041360.000000 1.166142 0.995694 0.215785 0.291535 0.000000 0 
1045200.000000 1.101588 1045200.000000 1.101588 0.997499 0.217849 0.275397 0.000000 0 
2030160.000000 0.813621 2030160.000000 0.813621 0.999890 0.747398 0.203405 0.000000 0 
959280.000000 1.423156 959280.000000 1.423156 0.998353 0.171656 0.355789 0.000000 0 
1667760.000000 0.829375 1667760.000000 0.829375 0.991173 0.552559 0.207344 0.000000 0 
951360.000000 1.449000 951360.000000 1.449000 0.993331 0.167398 0.362250 0.000000 0 
1454640.000000 0.863317 1454640.000000 0.863317 0.974978 0.437978 0.215829 0.000000 0 
1741440.000000 0.828088 1741440.000000 0.828088 0.993017 0.592172 0.207022 0.000000 0 
1067040.000000 1.065552 1067040.000000 1.065552 0.985020 0.229591 0.266388 0.000000 0 
999600.000000 1.225885 999600.000000 1.225885 0.995171 0.193333 0.306471 0.000000 0 
1508160.000000 0.853101 1508160.000000 0.853101 0.964312 0.466753 0.213275 0.000000 0 
1839840.000000 0.822083 1839840.000000 0.822083 0.995098 0.645075 0.205521 0.000000 0 
1420080.000000 0.871835 1420080.000000 0.871835 0.985564 0.419398 0.217959 0.000000 0 
1052640.000000 1.079443 1052640.000000 1.079443 0.993745 0.221849 0.269861 0.000000 0 
1328880.000000 0.881743 1328880.000000 0.881743 0.988773 0.370366 0.220436 0.000000 0 
1010640.000000 1.189690 1010640.000000 1.189690 0.999902 0.199269 0.297422 0.000000 0 
1780320.000000 0.826094 1780320.000000 0.826094 0.999703 0.613075 0.206524 0.000000 0 
948960.000000 1.483558 948960.000000 1.483558 0.999286 0.166108 0.370889 0.000000 0 
1195440.000000 0.930268 1195440.000000 0.930268 0.991019 0.298624 0.232567 0.000000 0 
901920.000000 1.668157 901920.000000 1.668157 0.995360 0.140817 0.417039 0.000000 0 
894720.000000 1.698543 894720.000000 1.698543 0.995797 0.136946 0.424636 0.000000 0 
1368240.000000 0.874408 1368240.000000 0.874408 0.998422 0.391527 0.218602 0.000000 0 
1530480.000000 0.851193 1530480.000000 0.851193 0.972971 0.478753 0.212798 0.000000 0 
1021680.000000 1.180273 1021680.000000 1.180273 0.998644 0.205204 0.295068 0.000000 0 
1099920.000000 0.997875 1099920.000000 0.997875 0.991281 0.247269 0.249469 0.000000 0 
1107840.000000 0.982127 1107840.000000 0.982127 0.995980 0.251527 0.245532 0.000000 0 
1368240.000000 0.874408 1368240.000000 0.874408 0.998422 0.391527 0.218602 0.000000 0 
1794720.000000 0.824829 1794720.000000 0.824829 0.994690 0.620817 0.206207 0.000000 0 
1558560.000000 0.847173 1558560.000000 0.847173 0.984785 0.493849 0.211793 0.000000 0 
1189920.000000 0.946957 1189920.000000 0.946957 0.999135 0.295656 0.236739 0.000000 0 
1653120.000000 0.834817 1653120.000000 0.834817 0.997521 0.544688 0.208704 0.000000 0 
1980240.000000 0.819818 1980240.000000 0.819818 0.970208 0.720559 0.204955 0.000000 0 
1325760.000000 0.889005 1325760.000000 0.889005 0.997252 0.368688 0.222251 0.000000 0 
1741440.000000 0.828088 1741440.000000 0.828088 0.993017 0.592172 0.207022 0.000000 0 
1298640.000000 0.889978 1298640.000000 0.889978 0.994183 0.354108 0.222495 0.000000 0 
1608480.000000 0.836381 1608480.000000 0.836381 0.996514 0.520688 0.209095 0.000000 0 
1219680.000000 0.927381 1219680.000000 0.927381 0.993640 0.311656 0.231845 0.000000 0 
1068960.000000 1.038650 1068960.000000 1.038650 0.994637 0.230624 0.259662 0.000000 0 
1050240.000000 1.100226 1050240.000000 1.100226 0.995681 0.220559 0.275057 0.000000 0 
2009040.000000 0.817334 2009040.000000 0.817334 0.995960 0.736043 0.204334 0.000000 0 
1572960.000000 0.846752 1572960.000000 0.846752 0.980000 0.501591 0.211688 0.000000 0 
1247280.000000 0.907859 1247280.000000 0.907859 0.982978 0.326495 0.226965 0.000000 0 
1587360.000000 0.840621 1587360.000000 0.840621 0.998214 0.509333 0.210155 0.000000 0 
1237920.000000 0.917598 1237920.000000 0.917598 0.992873 0.321462 0.229400 0.000000 0 
1082160.000000 1.034567 1082160.000000 1.034567 0.989796 0.237720 0.258642 0.000000 0 
1999920.000000 0.819647 1999920.000000 0.819647 0.987848 0.731140 0.204912 0.000000 0 
1033680.000000 1.167426 1033680.000000 1.167426 0.996982 0.211656 0.291857 0.000000 0 
1269840.000000 0.905385 1269840.000000 0.905385 0.997961 0.338624 0.226346 0.000000 0 
1128000.000000 0.981247 1128000.000000 0.981247 0.997229 0.262366 0.245312 0.000000 0 
1137840.000000 0.977222 1137840.000000 0.977222 0.988076 0.267656 0.244306 0.000000 0 
1097280.000000 1.012398 1097280.000000 1.012398 0.993212 0.245849 0.253100 0.000000 0 
1598640.000000 0.839795 1598640.000000 0.839795 0.992459 0.515398 0.209949 0.000000 0 
1152720.000000 0.973782 1152720.000000 0.973782 0.993117 0.275656 0.243446 0.000000 0 
1633920.000000 0.835704 1633920.000000 0.835704 0.996229 0.534366 0.208926 0.000000 0 
1260000.000000 0.907641 1260000.000000 0.907641 0.983051 0.333333 0.226910 0.000000 0 
1164720.000000 0.967245 1164720.000000 0.967245 0.999964 0.282108 0.241811 0.000000 0 
1432080.000000 0.870111 1432080.000000 0.870111 0.999894 0.425849 0.217528 0.000000 0 
1291440.000000 0.893964 1291440.000000 0.893964 0.992572 0.350237 0.223491 0.000000 0 
1092000.000000 1.017490 1092000.000000 1.017490 0.997075 0.243011 0.254373 0.000000 0 
1276080.000000 0.898940 1276080.000000 0.898940 0.980422 0.341978 0.224735 0.000000 0 
1510320.000000 0.852131 1510320.000000 0.852131 0.993569 0.467914 0.213033 0.000000 0 
1010640.000000 1.189690 1010640.000000 1.189690 0.999902 0.199269 0.297422 0.000000 0 
1173360.000000 0.965043 1173360.000000 0.965043 0.999165 0.286753 0.241261 0.000000 0 
1174080.000000 0.957363 1174080.000000 0.957363 0.996512 0.287140 0.239341 0.000000 0 
1279920.000000 0.894840 1279920.000000 0.894840 0.996887 0.344043 0.223710 0.000000 0 
1156320.000000 0.971390 1156320.000000 0.971390 0.988440 0.277591 0.242847 0.000000 0 
1441920.000000 0.869003 1441920.000000 0.869003 0.993402 0.431140 0.217251 0.000000 0 
1228560.000000 0.924896 1228560.000000 0.924896 0.984621 0.316430 0.231224 0.000000 0 
1633920.000000 0.835704 1633920.000000 0.835704 0.996229 0.534366 0.208926 0.000000 0 
991440.000000 1.241678 991440.000000 1.241678 0.985504 0.188946 0.310420 0.000000 0 
993600.000000 1.234042 993600.000000 1.234042 0.997261 0.190108 0.308510 0.000000 0 
1232640.000000 0.921993 1232640.000000 0.921993 0.994957 0.318624 0.230498 0.000000 0 
1088400.000000 1.026663 1088400.000000 1.026663 0.996951 0.241075 0.256666 0.000000 0 
1068960.000000 1.038650 1068960.000000 1.038650 0.994637 0.230624 0.259662 0.000000 0 
1187040.000000 0.955587 1187040.000000 0.955587 0.998562 0.294108 0.238897 0.000000 0 
995520.000000 1.230368 995520.000000 1.230368 0.998122 0.191140 0.307592 0.000000 0 
1085520.000000 1.026681 1085520.000000 1.026681 0.998305 0.239527 0.256670 0.000000 0 
1794720.000000 0.824829 1794720.000000 0.824829 0.994690 0.620817 0.206207 0.000000 0 
1133040.000000 0.979878 1133040.000000 0.979878 0.986674 0.265075 0.244969 0.000000 0 
943200.000000 1.483919 943200.000000 1.483919 0.998467 0.163011 0.370980 0.000000 0 
1184640.000000 0.956620 1184640.000000 0.956620 0.991275 0.292817 0.239155 0.000000 0 
1093440.000000 1.012511 1093440.000000 1.012511 0.993809 0.243785 0.253128 0.000000 0 
1441920.000000 0.869003 1441920.000000 0.869003 0.993402 0.431140 0.217251 0.000000 0 
959520.000000 1.274219 959520.000000 1.274219 0.992537 0.171785 0.318555 0.000000 0 
889680.000000 1.699422 889680.000000 1.699422 0.996700 0.134237 0.424856 0.000000 0 
908400.000000 1.667810 908400.000000 1.667810 0.999262 0.144301 0.416952 0.000000 0 
980880.000000 1.317579 980880.000000 1.317579 0.989472 0.183269 0.329395 0.000000 1 
964320.000000 1.387852 964320.000000 1.387852 0.997692 0.174366 0.346963 0.000000 1 
977280.000000 1.355415 977280.000000 1.355415 0.998202 0.181333 0.338854 0.000000 1 
#Generacion: 2000 
#Distancia: 369.976869 
865440.000000 1.865921 865440.000000 1.865921 0.991986 0.121204 0.466480 0.000000 0 
2162640.000000 0.807535 2162640.000000 0.807535 0.966052 0.818624 0.201884 0.000000 0 
1928880.000000 0.811955 1928880.000000 0.811955 0.979895 0.692946 0.202989 0.000000 0 
885360.000000 1.705629 885360.000000 1.705629 0.998793 0.131914 0.426407 0.000000 0 
890640.000000 1.574891 890640.000000 1.574891 0.996794 0.134753 0.393723 0.000000 0 
2100000.000000 0.810813 2100000.000000 0.810813 0.975215 0.784946 0.202703 0.000000 0 
941520.000000 1.371193 941520.000000 1.371193 0.994450 0.162108 0.342798 0.000000 0 
880080.000000 1.740900 880080.000000 1.740900 0.999664 0.129075 0.435225 0.000000 0 
870480.000000 1.827359 870480.000000 1.827359 0.994204 0.123914 0.456840 0.000000 0 
947760.000000 1.273106 947760.000000 1.273106 0.999728 0.165462 0.318277 0.000000 0 
1727520.000000 0.822394 1727520.000000 0.822394 0.992744 0.584688 0.205599 0.000000 0 
1839840.000000 0.822083 1839840.000000 0.822083 0.995098 0.645075 0.205521 0.000000 0 
940080.000000 1.415928 940080.000000 1.415928 0.989689 0.161333 0.353982 0.000000 0 
1868160.000000 0.813248 1868160.000000 0.813248 0.960972 0.660301 0.203312 0.000000 0 
1538640.000000 0.844011 1538640.000000 0.844011 0.991133 0.483140 0.211003 0.000000 0 
1483920.000000 0.847539 1483920.000000 0.847539 0.990763 0.453720 0.211885 0.000000 0 
894240.000000 1.545752 894240.000000 1.545752 0.997041 0.136688 0.386438 0.000000 0 
1017840.000000 1.145387 1017840.000000 1.145387 0.992912 0.203140 0.286347 0.000000 0 
1575360.000000 0.839181 1575360.000000 0.839181 0.975192 0.502882 0.209795 0.000000 0 
1003200.000000 1.213289 1003200.000000 1.213289 0.997131 0.195269 0.303322 0.000000 0 
2109360.000000 0.808017 2109360.000000 0.808017 0.986902 0.789978 0.202004 0.000000 0 
925440.000000 1.466852 925440.000000 1.466852 0.999517 0.153462 0.366713 0.000000 0 
965040.000000 1.248367 965040.000000 1.248367 0.997185 0.174753 0.312092 0.000000 0 
917760.000000 1.507264 917760.000000 1.507264 0.990486 0.149333 0.376816 0.000000 0 
1502640.000000 0.844111 1502640.000000 0.844111 0.994985 0.463785 0.211028 0.000000 0 
1443600.000000 0.852384 1443600.000000 0.852384 0.993450 0.432043 0.213096 0.000000 0 
1173360.000000 0.955566 1173360.000000 0.955566 0.997984 0.286753 0.238892 0.000000 0 
1144560.000000 0.966034 1144560.000000 0.966034 0.997408 0.271269 0.241509 0.000000 0 
1667760.000000 0.829375 1667760.000000 0.829375 0.991173 0.552559 0.207344 0.000000 0 
1005600.000000 1.176635 1005600.000000 1.176635 0.989392 0.196559 0.294159 0.000000 0 
928800.000000 1.437923 928800.000000 1.437923 0.998583 0.155269 0.359481 0.000000 0 
1352640.000000 0.879486 1352640.000000 0.879486 0.994355 0.383140 0.219872 0.000000 0 
1005600.000000 1.176635 1005600.000000 1.176635 0.989392 0.196559 0.294159 0.000000 0 
1083360.000000 1.011661 1083360.000000 1.011661 0.992444 0.238366 0.252915 0.000000 0 
1696800.000000 0.826509 1696800.000000 0.826509 0.986600 0.568172 0.206627 0.000000 0 
1636800.000000 0.835536 1636800.000000 0.835536 0.992214 0.535914 0.208884 0.000000 0 
1061520.000000 1.067271 1061520.000000 1.067271 0.998875 0.226624 0.266818 0.000000 0 
908400.000000 1.532224 908400.000000 1.532224 0.999478 0.144301 0.383056 0.000000 0 
957600.000000 1.271547 957600.000000 1.271547 0.993627 0.170753 0.317887 0.000000 0 
1038000.000000 1.107548 1038000.000000 1.107548 0.984494 0.213978 0.276887 0.000000 0 
1610640.000000 0.835655 1610640.000000 0.835655 0.984097 0.521849 0.208914 0.000000 0 
1366560.000000 0.873004 1366560.000000 0.873004 0.994313 0.390624 0.218251 0.000000 0 
989760.000000 1.245680 989760.000000 1.245680 0.979558 0.188043 0.311420 0.000000 0 
1188720.000000 0.937173 1188720.000000 0.937173 0.996582 0.295011 0.234293 0.000000 0 
1599120.000000 0.838375 1599120.000000 0.838375 0.999626 0.515656 0.209594 0.000000 0 
1243440.000000 0.903631 1243440.000000 0.903631 0.992429 0.324430 0.225908 0.000000 0 
1860000.000000 0.820973 1860000.000000 0.820973 0.989495 0.655914 0.205243 0.000000 0 
1653120.000000 0.834817 1653120.000000 0.834817 0.997521 0.544688 0.208704 0.000000 0 
1052640.000000 1.079443 1052640.000000 1.079443 0.993745 0.221849 0.269861 0.000000 0 
938400.000000 1.436685 938400.000000 1.436685 0.994711 0.160430 0.359171 0.000000 0 
1183680.000000 0.953172 1183680.000000 0.953172 0.988032 0.292301 0.238293 0.000000 0 
1068960.000000 1.038650 1068960.000000 1.038650 0.994637 0.230624 0.259662 0.000000 0 
1291440.000000 0.893964 1291440.000000 0.893964 0.992572 0.350237 0.223491 0.000000 0 
1195440.000000 0.930268 1195440.000000 0.930268 0.991019 0.298624 0.232567 0.000000 0 
998640.000000 1.225872 998640.000000 1.225872 0.994689 0.192817 0.306468 0.000000 0 
1041600.000000 1.091836 1041600.000000 1.091836 0.996299 0.215914 0.272959 0.000000 0 
870000.000000 1.855119 870000.000000 1.855119 0.995637 0.123656 0.463780 0.000000 0 
924960.000000 1.487649 924960.000000 1.487649 0.997670 0.153204 0.371912 0.000000 0 
1382640.000000 0.870560 1382640.000000 0.870560 0.987177 0.399269 0.217640 0.000000 0 
1268880.000000 0.895725 1268880.000000 0.895725 0.984330 0.338108 0.223931 0.000000 0 
1311600.000000 0.884074 1311600.000000 0.884074 0.992774 0.361075 0.221019 0.000000 0 
1328880.000000 0.881743 1328880.000000 0.881743 0.988773 0.370366 0.220436 0.000000 0 
1419360.000000 0.858248 1419360.000000 0.858248 0.988554 0.419011 0.214562 0.000000 0 
1298640.000000 0.889978 1298640.000000 0.889978 0.994183 0.354108 0.222495 0.000000 0 
1228080.000000 0.910008 1228080.000000 0.910008 0.989480 0.316172 0.227502 0.000000 0 
1440960.000000 0.858009 1440960.000000 0.858009 0.999969 0.430624 0.214502 0.000000 0 
918960.000000 1.489635 918960.000000 1.489635 0.996533 0.149978 0.372409 0.000000 0 
1130640.000000 0.978168 1130640.000000 0.978168 0.998627 0.263785 0.244542 0.000000 0 
1095840.000000 0.994331 1095840.000000 0.994331 0.992681 0.245075 0.248583 0.000000 0 
907440.000000 1.532675 907440.000000 1.532675 0.998561 0.143785 0.383169 0.000000 0 
1213920.000000 0.929361 1213920.000000 0.929361 0.996149 0.308559 0.232340 0.000000 0 
1116960.000000 0.979044 1116960.000000 0.979044 0.999201 0.256430 0.244761 0.000000 0 
1708320.000000 0.824948 1708320.000000 0.824948 0.986720 0.574366 0.206237 0.000000 0 
1215600.000000 0.921638 1215600.000000 0.921638 0.999635 0.309462 0.230409 0.000000 0 
1082160.000000 1.034567 1082160.000000 1.034567 0.989796 0.237720 0.258642 0.000000 0 
1035360.000000 1.120381 1035360.000000 1.120381 0.968902 0.212559 0.280095 0.000000 0 
1141680.000000 0.973755 1141680.000000 0.973755 0.989885 0.269720 0.243439 0.000000 0 
1397040.000000 0.870004 1397040.000000 0.870004 0.998534 0.407011 0.217501 0.000000 0 
1225200.000000 0.914676 1225200.000000 0.914676 0.999279 0.314624 0.228669 0.000000 0 
1051200.000000 1.090063 1051200.000000 1.090063 0.993884 0.221075 0.272516 0.000000 0 
1402080.000000 0.863145 1402080.000000 0.863145 0.996863 0.409720 0.215786 0.000000 0 
1258080.000000 0.902253 1258080.000000 0.902253 0.995464 0.332301 0.225563 0.000000 0 
1031520.000000 1.126071 1031520.000000 1.126071 0.994787 0.210495 0.281518 0.000000 0 
1106400.000000 0.982799 1106400.000000 0.982799 0.997917 0.250753 0.245700 0.000000 0 
1099920.000000 0.986034 1099920.000000 0.986034 0.994496 0.247269 0.246509 0.000000 0 
1065600.000000 1.054724 1065600.000000 1.054724 0.995703 0.228817 0.263681 0.000000 0 
1414080.000000 0.862518 1414080.000000 0.862518 0.998092 0.416172 0.215629 0.000000 0 
1066560.000000 1.052109 1066560.000000 1.052109 0.993285 0.229333 0.263027 0.000000 0 
1723920.000000 0.824558 1723920.000000 0.824558 0.994078 0.582753 0.206140 0.000000 0 
1020480.000000 1.133613 1020480.000000 1.133613 0.995443 0.204559 0.283403 0.000000 0 
1839840.000000 0.822083 1839840.000000 0.822083 0.995098 0.645075 0.205521 0.000000 0 
996480.000000 1.236098 996480.000000 1.236098 0.998310 0.191656 0.309025 0.000000 0 
1020720.000000 1.129548 1020720.000000 1.129548 0.995524 0.204688 0.282387 0.000000 0 
1323120.000000 0.882572 1323120.000000 0.882572 0.997483 0.367269 0.220643 0.000000 0 
1260960.000000 0.896641 1260960.000000 0.896641 0.978480 0.333849 0.224160 0.000000 0 
991440.000000 1.236810 991440.000000 1.236810 0.984727 0.188946 0.309203 0.000000 0 
1082160.000000 1.034567 1082160.000000 1.034567 0.989796 0.237720 0.258642 0.000000 0 
870000.000000 1.855119 870000.000000 1.855119 0.995637 0.123656 0.463780 0.000000 0 
1091760.000000 1.004510 1091760.000000 1.004510 0.994692 0.242882 0.251127 0.000000 0 
1091760.000000 1.004510 1091760.000000 1.004510 0.994692 0.242882 0.251127 0.000000 0 
#Generacion: 2500 
#Distancia: 352.004141 
850560.000000 2.071374 850560.000000 2.071374 0.996213 0.113204 0.517844 0.000000 0 
850560.000000 2.071374 850560.000000 2.071374 0.996213 0.113204 0.517844 0.000000 0 
2020320.000000 0.800527 2020320.000000 0.800527 0.992276 0.742108 0.200132 0.000000 0 
876480.000000 1.624792 876480.000000 1.624792 0.999913 0.127140 0.406198 0.000000 0 
858960.000000 1.864717 858960.000000 1.864717 0.996501 0.117720 0.466179 0.000000 0 
875520.000000 1.827201 875520.000000 1.827201 0.994864 0.126624 0.456800 0.000000 0 
904800.000000 1.392439 904800.000000 1.392439 0.994979 0.142366 0.348110 0.000000 0 
1727520.000000 0.822394 1727520.000000 0.822394 0.992744 0.584688 0.205599 0.000000 0 
900240.000000 1.489990 900240.000000 1.489990 0.990536 0.139914 0.372498 0.000000 0 
1554480.000000 0.834388 1554480.000000 0.834388 0.992096 0.491656 0.208597 0.000000 0 
888240.000000 1.535689 888240.000000 1.535689 0.998117 0.133462 0.383922 0.000000 0 
1916880.000000 0.808777 1916880.000000 0.808777 0.988260 0.686495 0.202194 0.000000 0 
1050240.000000 1.043607 1050240.000000 1.043607 0.994945 0.220559 0.260902 0.000000 0 
947040.000000 1.310177 947040.000000 1.310177 0.993901 0.165075 0.327544 0.000000 0 
1971600.000000 0.806464 1971600.000000 0.806464 0.977131 0.715914 0.201616 0.000000 0 
967680.000000 1.176807 967680.000000 1.176807 0.999166 0.176172 0.294202 0.000000 0 
1041600.000000 1.091836 1041600.000000 1.091836 0.996299 0.215914 0.272959 0.000000 0 
1713600.000000 0.823648 1713600.000000 0.823648 0.994106 0.577204 0.205912 0.000000 0 
1662480.000000 0.824489 1662480.000000 0.824489 0.996461 0.549720 0.206122 0.000000 0 
995520.000000 1.165306 995520.000000 1.165306 0.996118 0.191140 0.291326 0.000000 0 
1007280.000000 1.120888 1007280.000000 1.120888 0.997547 0.197462 0.280222 0.000000 0 
962160.000000 1.228651 962160.000000 1.228651 0.991275 0.173204 0.307163 0.000000 0 
1513680.000000 0.838731 1513680.000000 0.838731 0.988779 0.469720 0.209683 0.000000 0 
1957200.000000 0.808769 1957200.000000 0.808769 0.971442 0.708172 0.202192 0.000000 0 
920640.000000 1.371833 920640.000000 1.371833 0.995075 0.150882 0.342958 0.000000 0 
945120.000000 1.347365 945120.000000 1.347365 0.993809 0.164043 0.336841 0.000000 0 
896640.000000 1.508442 896640.000000 1.508442 0.995422 0.137978 0.377110 0.000000 0 
1884000.000000 0.810572 1884000.000000 0.810572 0.968146 0.668817 0.202643 0.000000 0 
956880.000000 1.256090 956880.000000 1.256090 0.998236 0.170366 0.314022 0.000000 0 
869040.000000 1.828827 869040.000000 1.828827 0.997505 0.123140 0.457207 0.000000 0 
865680.000000 1.864607 865680.000000 1.864607 0.995669 0.121333 0.466152 0.000000 0 
1468080.000000 0.848713 1468080.000000 0.848713 0.975199 0.445204 0.212178 0.000000 0 
1268880.000000 0.895725 1268880.000000 0.895725 0.984330 0.338108 0.223931 0.000000 0 
1368960.000000 0.869157 1368960.000000 0.869157 0.999342 0.391914 0.217289 0.000000 0 
1016640.000000 1.118642 1016640.000000 1.118642 0.998503 0.202495 0.279660 0.000000 0 
1075440.000000 1.029740 1075440.000000 1.029740 0.997098 0.234108 0.257435 0.000000 0 
1395360.000000 0.863549 1395360.000000 0.863549 0.996308 0.406108 0.215887 0.000000 0 
1137600.000000 0.971930 1137600.000000 0.971930 0.998705 0.267527 0.242982 0.000000 0 
1243440.000000 0.903631 1243440.000000 0.903631 0.992429 0.324430 0.225908 0.000000 0 
1634400.000000 0.832126 1634400.000000 0.832126 0.991310 0.534624 0.208032 0.000000 0 
1352640.000000 0.879486 1352640.000000 0.879486 0.994355 0.383140 0.219872 0.000000 0 
1228080.000000 0.910008 1228080.000000 0.910008 0.989480 0.316172 0.227502 0.000000 0 
1443600.000000 0.852384 1443600.000000 0.852384 0.993450 0.432043 0.213096 0.000000 0 
1028400.000000 1.101011 1028400.000000 1.101011 0.998694 0.208817 0.275253 0.000000 0 
1291440.000000 0.893964 1291440.000000 0.893964 0.992572 0.350237 0.223491 0.000000 0 
947760.000000 1.273106 947760.000000 1.273106 0.999728 0.165462 0.318277 0.000000 0 
1868160.000000 0.813248 1868160.000000 0.813248 0.960972 0.660301 0.203312 0.000000 0 
1328880.000000 0.881743 1328880.000000 0.881743 0.988773 0.370366 0.220436 0.000000 0 
1127040.000000 0.973895 1127040.000000 0.973895 0.999749 0.261849 0.243474 0.000000 0 
1083360.000000 1.011661 1083360.000000 1.011661 0.992444 0.238366 0.252915 0.000000 0 
1216560.000000 0.913209 1216560.000000 0.913209 0.999007 0.309978 0.228302 0.000000 0 
1310640.000000 0.888285 1310640.000000 0.888285 0.999328 0.360559 0.222071 0.000000 0 
1419360.000000 0.858248 1419360.000000 0.858248 0.988554 0.419011 0.214562 0.000000 0 
958080.000000 1.232811 958080.000000 1.232811 0.994886 0.171011 0.308203 0.000000 0 
1440960.000000 0.858009 1440960.000000 0.858009 0.999969 0.430624 0.214502 0.000000 0 
1479360.000000 0.845924 1479360.000000 0.845924 0.980631 0.451269 0.211481 0.000000 0 
1202160.000000 0.915978 1202160.000000 0.915978 0.992383 0.302237 0.228994 0.000000 0 
1111920.000000 0.978767 1111920.000000 0.978767 0.995218 0.253720 0.244692 0.000000 0 
1169760.000000 0.935879 1169760.000000 0.935879 0.988013 0.284817 0.233970 0.000000 0 
930720.000000 1.360121 930720.000000 1.360121 0.996413 0.156301 0.340030 0.000000 0 
1493280.000000 0.844397 1493280.000000 0.844397 0.983156 0.458753 0.211099 0.000000 0 
1854720.000000 0.816082 1854720.000000 0.816082 0.954338 0.653075 0.204020 0.000000 0 
937200.000000 1.359157 937200.000000 1.359157 0.995239 0.159785 0.339789 0.000000 0 
980400.000000 1.172938 980400.000000 1.172938 0.996704 0.183011 0.293234 0.000000 0 
1500960.000000 0.839296 1500960.000000 0.839296 0.995895 0.462882 0.209824 0.000000 0 
1095840.000000 0.994331 1095840.000000 0.994331 0.992681 0.245075 0.248583 0.000000 0 
947760.000000 1.273106 947760.000000 1.273106 0.999728 0.165462 0.318277 0.000000 0 
1298640.000000 0.889978 1298640.000000 0.889978 0.994183 0.354108 0.222495 0.000000 0 
1323120.000000 0.882572 1323120.000000 0.882572 0.997483 0.367269 0.220643 0.000000 0 
1067520.000000 1.042506 1067520.000000 1.042506 0.996645 0.229849 0.260626 0.000000 0 
1652880.000000 0.829467 1652880.000000 0.829467 0.987985 0.544559 0.207367 0.000000 0 
990000.000000 1.172918 990000.000000 1.172918 0.996177 0.188172 0.293229 0.000000 0 
1412640.000000 0.860503 1412640.000000 0.860503 0.998849 0.415398 0.215126 0.000000 0 
1197120.000000 0.923513 1197120.000000 0.923513 0.992409 0.299527 0.230878 0.000000 0 
1034880.000000 1.099784 1034880.000000 1.099784 0.996929 0.212301 0.274946 0.000000 0 
1091760.000000 1.004510 1091760.000000 1.004510 0.994692 0.242882 0.251127 0.000000 0 
1099920.000000 0.986034 1099920.000000 0.986034 0.994496 0.247269 0.246509 0.000000 0 
1646160.000000 0.831890 1646160.000000 0.831890 0.996799 0.540946 0.207972 0.000000 0 
900240.000000 1.489990 900240.000000 1.489990 0.990536 0.139914 0.372498 0.000000 0 
1847280.000000 0.819360 1847280.000000 0.819360 0.973133 0.649075 0.204840 0.000000 0 
1189680.000000 0.926039 1189680.000000 0.926039 0.992820 0.295527 0.231510 0.000000 0 
1402080.000000 0.863145 1402080.000000 0.863145 0.996863 0.409720 0.215786 0.000000 0 
1068960.000000 1.038650 1068960.000000 1.038650 0.994637 0.230624 0.259662 0.000000 0 
1106400.000000 0.982799 1106400.000000 0.982799 0.997917 0.250753 0.245700 0.000000 0 
1173360.000000 0.926697 1173360.000000 0.926697 0.999856 0.286753 0.231674 0.000000 0 
1179120.000000 0.926090 1179120.000000 0.926090 0.993448 0.289849 0.231522 0.000000 0 
1361760.000000 0.878460 1361760.000000 0.878460 0.993295 0.388043 0.219615 0.000000 0 
1258080.000000 0.902253 1258080.000000 0.902253 0.995464 0.332301 0.225563 0.000000 0 
1258080.000000 0.902253 1258080.000000 0.902253 0.995464 0.332301 0.225563 0.000000 0 
1363440.000000 0.872923 1363440.000000 0.872923 0.992637 0.388946 0.218231 0.000000 0 
1152720.000000 0.941410 1152720.000000 0.941410 0.991274 0.275656 0.235352 0.000000 0 
1082400.000000 1.020639 1082400.000000 1.020639 0.998892 0.237849 0.255160 0.000000 0 
1773840.000000 0.820916 1773840.000000 0.820916 0.980159 0.609591 0.205229 0.000000 0 
1297200.000000 0.890149 1297200.000000 0.890149 0.993532 0.353333 0.222537 0.000000 0 
994320.000000 1.169046 994320.000000 1.169046 0.999667 0.190495 0.292262 0.000000 0 
1568160.000000 0.833272 1568160.000000 0.833272 0.994527 0.499011 0.208318 0.000000 0 
882240.000000 1.576610 882240.000000 1.576610 0.998798 0.130237 0.394153 0.000000 0 
850560.000000 2.071374 850560.000000 2.071374 0.996213 0.113204 0.517844 0.000000 0 
1593840.000000 0.834221 1593840.000000 0.834221 0.976465 0.512817 0.208555 0.000000 1 
882240.000000 1.576665 882240.000000 1.576665 0.998535 0.130237 0.394166 0.000000 1 
#Generacion: 3000 
#Distancia: 355.413737 
837360.000000 2.072122 837360.000000 2.072122 0.996688 0.106108 0.518030 0.000000 0 
837360.000000 2.072122 837360.000000 2.072122 0.996688 0.106108 0.518030 0.000000 0 
2020320.000000 0.800527 2020320.000000 0.800527 0.992276 0.742108 0.200132 0.000000 0 
867120.000000 1.624491 867120.000000 1.624491 0.999313 0.122108 0.406123 0.000000 0 
852960.000000 1.866030 852960.000000 1.866030 0.998157 0.114495 0.466508 0.000000 0 
848400.000000 2.066463 848400.000000 2.066463 0.998616 0.112043 0.516616 0.000000 0 
859920.000000 1.814733 859920.000000 1.814733 0.999633 0.118237 0.453683 0.000000 0 
1797120.000000 0.812572 1797120.000000 0.812572 0.994220 0.622108 0.203143 0.000000 0 
1879680.000000 0.809300 1879680.000000 0.809300 0.982766 0.666495 0.202325 0.000000 0 
897120.000000 1.393925 897120.000000 1.393925 0.996051 0.138237 0.348481 0.000000 0 
892320.000000 1.487359 892320.000000 1.487359 0.995367 0.135656 0.371840 0.000000 0 
879600.000000 1.535235 879600.000000 1.535235 0.999509 0.128817 0.383809 0.000000 0 
936720.000000 1.305090 936720.000000 1.305090 0.996323 0.159527 0.326272 0.000000 0 
1946880.000000 0.805588 1946880.000000 0.805588 0.989894 0.702624 0.201397 0.000000 0 
940560.000000 1.262387 940560.000000 1.262387 0.995812 0.161591 0.315597 0.000000 0 
2007360.000000 0.804557 2007360.000000 0.804557 0.962340 0.735140 0.201139 0.000000 0 
990240.000000 1.102637 990240.000000 1.102637 0.990427 0.188301 0.275659 0.000000 0 
978000.000000 1.152444 978000.000000 1.152444 0.984639 0.181720 0.288111 0.000000 0 
1656000.000000 0.824058 1656000.000000 0.824058 0.991921 0.546237 0.206014 0.000000 0 
930480.000000 1.345560 930480.000000 1.345560 0.991826 0.156172 0.336390 0.000000 0 
854640.000000 1.815099 854640.000000 1.815099 0.999470 0.115398 0.453775 0.000000 0 
887280.000000 1.526783 887280.000000 1.526783 0.994603 0.132946 0.381696 0.000000 0 
1914000.000000 0.808233 1914000.000000 0.808233 0.950783 0.684946 0.202058 0.000000 0 
1695120.000000 0.822409 1695120.000000 0.822409 0.988679 0.567269 0.205602 0.000000 0 
1703040.000000 0.822173 1703040.000000 0.822173 0.986324 0.571527 0.205543 0.000000 0 
1568160.000000 0.833272 1568160.000000 0.833272 0.994527 0.499011 0.208318 0.000000 0 
1742880.000000 0.821437 1742880.000000 0.821437 0.974424 0.592946 0.205359 0.000000 0 
1016160.000000 1.086186 1016160.000000 1.086186 0.997679 0.202237 0.271547 0.000000 0 
967680.000000 1.176807 967680.000000 1.176807 0.999166 0.176172 0.294202 0.000000 0 
1232880.000000 0.908356 1232880.000000 0.908356 0.992581 0.318753 0.227089 0.000000 0 
1281840.000000 0.888842 1281840.000000 0.888842 0.987647 0.345075 0.222211 0.000000 0 
961440.000000 1.201170 961440.000000 1.201170 0.996680 0.172817 0.300292 0.000000 0 
1044960.000000 1.069299 1044960.000000 1.069299 0.999980 0.217720 0.267325 0.000000 0 
1337760.000000 0.875084 1337760.000000 0.875084 0.983332 0.375140 0.218771 0.000000 0 
1467840.000000 0.850763 1467840.000000 0.850763 0.987970 0.445075 0.212691 0.000000 0 
889680.000000 1.490110 889680.000000 1.490110 0.997943 0.134237 0.372527 0.000000 0 
1763520.000000 0.814658 1763520.000000 0.814658 0.998642 0.604043 0.203665 0.000000 0 
991200.000000 1.102061 991200.000000 1.102061 0.991263 0.188817 0.275515 0.000000 0 
1395360.000000 0.863549 1395360.000000 0.863549 0.996308 0.406108 0.215887 0.000000 0 
956400.000000 1.212228 956400.000000 1.212228 0.993546 0.170108 0.303057 0.000000 0 
1095840.000000 0.994331 1095840.000000 0.994331 0.992681 0.245075 0.248583 0.000000 0 
1106400.000000 0.977745 1106400.000000 0.977745 0.998720 0.250753 0.244436 0.000000 0 
909840.000000 1.372954 909840.000000 1.372954 0.997012 0.145075 0.343239 0.000000 0 
1268880.000000 0.895725 1268880.000000 0.895725 0.984330 0.338108 0.223931 0.000000 0 
1537440.000000 0.838553 1537440.000000 0.838553 0.996332 0.482495 0.209638 0.000000 0 
1031520.000000 1.070325 1031520.000000 1.070325 0.999309 0.210495 0.267581 0.000000 0 
1082400.000000 1.020639 1082400.000000 1.020639 0.998892 0.237849 0.255160 0.000000 0 
1083120.000000 0.996416 1083120.000000 0.996416 0.994961 0.238237 0.249104 0.000000 0 
1173360.000000 0.926697 1173360.000000 0.926697 0.999856 0.286753 0.231674 0.000000 0 
1203120.000000 0.908771 1203120.000000 0.908771 0.997798 0.302753 0.227193 0.000000 0 
1359840.000000 0.874332 1359840.000000 0.874332 0.997289 0.387011 0.218583 0.000000 0 
952080.000000 1.235385 952080.000000 1.235385 0.993937 0.167785 0.308846 0.000000 0 
1050240.000000 1.043607 1050240.000000 1.043607 0.994945 0.220559 0.260902 0.000000 0 
1319280.000000 0.876485 1319280.000000 0.876485 0.987355 0.365204 0.219121 0.000000 0 
1550160.000000 0.836269 1550160.000000 0.836269 0.974078 0.489333 0.209067 0.000000 0 
1927680.000000 0.806760 1927680.000000 0.806760 0.971154 0.692301 0.201690 0.000000 0 
918960.000000 1.358539 918960.000000 1.358539 0.998294 0.149978 0.339635 0.000000 0 
1493280.000000 0.844397 1493280.000000 0.844397 0.983156 0.458753 0.211099 0.000000 0 
1443600.000000 0.852384 1443600.000000 0.852384 0.993450 0.432043 0.213096 0.000000 0 
1157760.000000 0.940571 1157760.000000 0.940571 0.990407 0.278366 0.235143 0.000000 0 
976560.000000 1.168821 976560.000000 1.168821 0.982958 0.180946 0.292205 0.000000 0 
1252800.000000 0.900358 1252800.000000 0.900358 0.979511 0.329462 0.225089 0.000000 0 
1296480.000000 0.877084 1296480.000000 0.877084 0.987678 0.352946 0.219271 0.000000 0 
908400.000000 1.389970 908400.000000 1.389970 0.997664 0.144301 0.347492 0.000000 0 
1144080.000000 0.953408 1144080.000000 0.953408 0.989500 0.271011 0.238352 0.000000 0 
1375200.000000 0.864542 1375200.000000 0.864542 0.998054 0.395269 0.216136 0.000000 0 
1479360.000000 0.845924 1479360.000000 0.845924 0.980631 0.451269 0.211481 0.000000 0 
1513680.000000 0.838731 1513680.000000 0.838731 0.988779 0.469720 0.209683 0.000000 0 
1419360.000000 0.858248 1419360.000000 0.858248 0.988554 0.419011 0.214562 0.000000 0 
1021680.000000 1.085902 1021680.000000 1.085902 0.997011 0.205204 0.271475 0.000000 0 
1633680.000000 0.828476 1633680.000000 0.828476 0.994113 0.534237 0.207119 0.000000 0 
1440960.000000 0.858009 1440960.000000 0.858009 0.999969 0.430624 0.214502 0.000000 0 
1412640.000000 0.860503 1412640.000000 0.860503 0.998849 0.415398 0.215126 0.000000 0 
1159680.000000 0.934436 1159680.000000 0.934436 0.987905 0.279398 0.233609 0.000000 0 
1592880.000000 0.832972 1592880.000000 0.832972 0.992452 0.512301 0.208243 0.000000 0 
1120080.000000 0.977545 1120080.000000 0.977545 0.999605 0.258108 0.244386 0.000000 0 
1129680.000000 0.973220 1129680.000000 0.973220 0.992208 0.263269 0.243305 0.000000 0 
1243440.000000 0.903631 1243440.000000 0.903631 0.992429 0.324430 0.225908 0.000000 0 
1132320.000000 0.961288 1132320.000000 0.961288 0.994303 0.264688 0.240322 0.000000 0 
1643040.000000 0.827279 1643040.000000 0.827279 0.964840 0.539269 0.206820 0.000000 0 
952080.000000 1.235385 952080.000000 1.235385 0.993937 0.167785 0.308846 0.000000 0 
1509600.000000 0.842151 1509600.000000 0.842151 0.999350 0.467527 0.210538 0.000000 0 
1202160.000000 0.915978 1202160.000000 0.915978 0.992383 0.302237 0.228994 0.000000 0 
1368960.000000 0.869157 1368960.000000 0.869157 0.999342 0.391914 0.217289 0.000000 0 
1614480.000000 0.828913 1614480.000000 0.828913 0.999456 0.523914 0.207228 0.000000 0 
928320.000000 1.355947 928320.000000 1.355947 0.997731 0.155011 0.338987 0.000000 0 
1303200.000000 0.876739 1303200.000000 0.876739 0.986199 0.356559 0.219185 0.000000 0 
1610880.000000 0.829394 1610880.000000 0.829394 0.980364 0.521978 0.207349 0.000000 0 
1192800.000000 0.925176 1192800.000000 0.925176 0.987931 0.297204 0.231294 0.000000 0 
1759200.000000 0.816255 1759200.000000 0.816255 0.998641 0.601720 0.204064 0.000000 0 
1595520.000000 0.832798 1595520.000000 0.832798 0.998742 0.513720 0.208200 0.000000 0 
1745520.000000 0.818643 1745520.000000 0.818643 0.974229 0.594366 0.204661 0.000000 0 
1189680.000000 0.926039 1189680.000000 0.926039 0.992820 0.295527 0.231510 0.000000 0 
1075440.000000 1.029740 1075440.000000 1.029740 0.997098 0.234108 0.257435 0.000000 0 
1066080.000000 1.040034 1066080.000000 1.040034 0.996658 0.229075 0.260008 0.000000 0 
1056960.000000 1.043327 1056960.000000 1.043327 0.994291 0.224172 0.260832 0.000000 0 
1142160.000000 0.957810 1142160.000000 0.957810 0.998189 0.269978 0.239453 0.000000 0 
978000.000000 1.152444 978000.000000 1.152444 0.984639 0.181720 0.288111 0.000000 0 
879600.000000 1.535235 879600.000000 1.535235 0.999509 0.128817 0.383809 0.000000 0 
1069440.000000 1.035201 1069440.000000 1.035201 0.998555 0.230882 0.258800 0.000000 0 
#Generacion: 3500 
#Distancia: 359.478384 
837360.000000 2.072122 837360.000000 2.072122 0.996688 0.106108 0.518030 0.000000 0 
837360.000000 2.072122 837360.000000 2.072122 0.996688 0.106108 0.518030 0.000000 0 
2020320.000000 0.800527 2020320.000000 0.800527 0.992276 0.742108 0.200132 0.000000 0 
842400.000000 2.031123 842400.000000 2.031123 0.997996 0.108817 0.507781 0.000000 0 
847920.000000 1.853790 847920.000000 1.853790 0.995603 0.111785 0.463447 0.000000 0 
858960.000000 1.814589 858960.000000 1.814589 0.995042 0.117720 0.453647 0.000000 0 
864480.000000 1.668162 864480.000000 1.668162 0.997300 0.120688 0.417040 0.000000 0 
916080.000000 1.354217 916080.000000 1.354217 0.997151 0.148430 0.338554 0.000000 0 
891360.000000 1.485189 891360.000000 1.485189 0.996336 0.135140 0.371297 0.000000 0 
927600.000000 1.280122 927600.000000 1.280122 0.994355 0.154624 0.320030 0.000000 0 
897120.000000 1.393925 897120.000000 1.393925 0.996051 0.138237 0.348481 0.000000 0 
1580400.000000 0.828196 1580400.000000 0.828196 0.971881 0.505591 0.207049 0.000000 0 
1946880.000000 0.805588 1946880.000000 0.805588 0.989894 0.702624 0.201397 0.000000 0 
876720.000000 1.604935 876720.000000 1.604935 0.998040 0.127269 0.401234 0.000000 0 
1626000.000000 0.824463 1626000.000000 0.824463 0.995817 0.530108 0.206116 0.000000 0 
2007360.000000 0.804557 2007360.000000 0.804557 0.962340 0.735140 0.201139 0.000000 0 
878640.000000 1.535685 878640.000000 1.535685 0.999649 0.128301 0.383921 0.000000 0 
1879680.000000 0.809300 1879680.000000 0.809300 0.982766 0.666495 0.202325 0.000000 0 
1656000.000000 0.824058 1656000.000000 0.824058 0.991921 0.546237 0.206014 0.000000 0 
982080.000000 1.118520 982080.000000 1.118520 0.989026 0.183914 0.279630 0.000000 0 
882720.000000 1.488625 882720.000000 1.488625 0.999345 0.130495 0.372156 0.000000 0 
866160.000000 1.624921 866160.000000 1.624921 0.999448 0.121591 0.406230 0.000000 0 
1545840.000000 0.829811 1545840.000000 0.829811 0.999893 0.487011 0.207453 0.000000 0 
1840320.000000 0.811782 1840320.000000 0.811782 0.997676 0.645333 0.202945 0.000000 0 
978000.000000 1.152444 978000.000000 1.152444 0.984639 0.181720 0.288111 0.000000 0 
1907280.000000 0.809116 1907280.000000 0.809116 0.995951 0.681333 0.202279 0.000000 0 
1232880.000000 0.908356 1232880.000000 0.908356 0.992581 0.318753 0.227089 0.000000 0 
1684320.000000 0.823130 1684320.000000 0.823130 0.994416 0.561462 0.205782 0.000000 0 
1473600.000000 0.844374 1473600.000000 0.844374 0.988773 0.448172 0.211094 0.000000 0 
879600.000000 1.535235 879600.000000 1.535235 0.999509 0.128817 0.383809 0.000000 0 
966480.000000 1.200841 966480.000000 1.200841 0.996873 0.175527 0.300210 0.000000 0 
1508160.000000 0.843720 1508160.000000 0.843720 0.999111 0.466753 0.210930 0.000000 0 
1247520.000000 0.903353 1247520.000000 0.903353 0.985826 0.326624 0.225838 0.000000 0 
1731840.000000 0.816660 1731840.000000 0.816660 0.998641 0.587011 0.204165 0.000000 0 
854640.000000 1.815099 854640.000000 1.815099 0.999470 0.115398 0.453775 0.000000 0 
1443600.000000 0.852384 1443600.000000 0.852384 0.993450 0.432043 0.213096 0.000000 0 
1797120.000000 0.812572 1797120.000000 0.812572 0.994220 0.622108 0.203143 0.000000 0 
1203120.000000 0.908771 1203120.000000 0.908771 0.997798 0.302753 0.227193 0.000000 0 
1927680.000000 0.806760 1927680.000000 0.806760 0.971154 0.692301 0.201690 0.000000 0 
851280.000000 1.853700 851280.000000 1.853700 0.996627 0.113591 0.463425 0.000000 0 
951360.000000 1.208044 951360.000000 1.208044 0.993046 0.167398 0.302011 0.000000 0 
1337760.000000 0.875084 1337760.000000 0.875084 0.983332 0.375140 0.218771 0.000000 0 
865200.000000 1.667743 865200.000000 1.667743 0.997732 0.121075 0.416936 0.000000 0 
1027440.000000 1.069461 1027440.000000 1.069461 0.986957 0.208301 0.267365 0.000000 0 
1847760.000000 0.809906 1847760.000000 0.809906 0.977480 0.649333 0.202476 0.000000 0 
1763520.000000 0.814658 1763520.000000 0.814658 0.998642 0.604043 0.203665 0.000000 0 
909840.000000 1.372954 909840.000000 1.372954 0.997012 0.145075 0.343239 0.000000 0 
944880.000000 1.241607 944880.000000 1.241607 0.998852 0.163914 0.310402 0.000000 0 
1533360.000000 0.836581 1533360.000000 0.836581 0.981030 0.480301 0.209145 0.000000 0 
967680.000000 1.176807 967680.000000 1.176807 0.999166 0.176172 0.294202 0.000000 0 
1402080.000000 0.862007 1402080.000000 0.862007 0.998783 0.409720 0.215502 0.000000 0 
1426080.000000 0.854839 1426080.000000 0.854839 0.995982 0.422624 0.213710 0.000000 0 
1082400.000000 1.020639 1082400.000000 1.020639 0.998892 0.237849 0.255160 0.000000 0 
1356720.000000 0.872279 1356720.000000 0.872279 0.981977 0.385333 0.218070 0.000000 0 
1375200.000000 0.864542 1375200.000000 0.864542 0.998054 0.395269 0.216136 0.000000 0 
1066080.000000 1.040034 1066080.000000 1.040034 0.996658 0.229075 0.260008 0.000000 0 
945600.000000 1.224262 945600.000000 1.224262 0.994310 0.164301 0.306066 0.000000 0 
1461360.000000 0.845518 1461360.000000 0.845518 0.987025 0.441591 0.211379 0.000000 0 
1703040.000000 0.822173 1703040.000000 0.822173 0.986324 0.571527 0.205543 0.000000 0 
1140960.000000 0.949555 1140960.000000 0.949555 0.992981 0.269333 0.237389 0.000000 0 
1159680.000000 0.934436 1159680.000000 0.934436 0.987905 0.279398 0.233609 0.000000 0 
988320.000000 1.099850 988320.000000 1.099850 0.991578 0.187269 0.274963 0.000000 0 
1318320.000000 0.876437 1318320.000000 0.876437 0.988821 0.364688 0.219109 0.000000 0 
1035360.000000 1.055685 1035360.000000 1.055685 0.981207 0.212559 0.263921 0.000000 0 
1797120.000000 0.812572 1797120.000000 0.812572 0.994220 0.622108 0.203143 0.000000 0 
1083120.000000 0.996416 1083120.000000 0.996416 0.994961 0.238237 0.249104 0.000000 0 
994320.000000 1.092460 994320.000000 1.092460 0.986009 0.190495 0.273115 0.000000 0 
1075440.000000 1.029740 1075440.000000 1.029740 0.997098 0.234108 0.257435 0.000000 0 
940560.000000 1.262387 940560.000000 1.262387 0.995812 0.161591 0.315597 0.000000 0 
1719840.000000 0.821707 1719840.000000 0.821707 0.994282 0.580559 0.205427 0.000000 0 
1759200.000000 0.816255 1759200.000000 0.816255 0.998641 0.601720 0.204064 0.000000 0 
1013040.000000 1.089054 1013040.000000 1.089054 0.996889 0.200559 0.272264 0.000000 0 
975600.000000 1.167348 975600.000000 1.167348 0.997209 0.180430 0.291837 0.000000 0 
1151280.000000 0.942241 1151280.000000 0.942241 0.997425 0.274882 0.235560 0.000000 0 
1513680.000000 0.838731 1513680.000000 0.838731 0.988779 0.469720 0.209683 0.000000 0 
1106400.000000 0.977745 1106400.000000 0.977745 0.998720 0.250753 0.244436 0.000000 0 
1406880.000000 0.855353 1406880.000000 0.855353 0.998980 0.412301 0.213838 0.000000 0 
1050240.000000 1.043607 1050240.000000 1.043607 0.994945 0.220559 0.260902 0.000000 0 
1173360.000000 0.926697 1173360.000000 0.926697 0.999856 0.286753 0.231674 0.000000 0 
935520.000000 1.268214 935520.000000 1.268214 0.996706 0.158882 0.317053 0.000000 0 
1281840.000000 0.888842 1281840.000000 0.888842 0.987647 0.345075 0.222211 0.000000 0 
875760.000000 1.619496 875760.000000 1.619496 0.998031 0.126753 0.404874 0.000000 0 
1098480.000000 0.990833 1098480.000000 0.990833 0.991221 0.246495 0.247708 0.000000 0 
1267440.000000 0.896840 1267440.000000 0.896840 0.993114 0.337333 0.224210 0.000000 0 
1112400.000000 0.971997 1112400.000000 0.971997 0.994088 0.253978 0.242999 0.000000 0 
1046880.000000 1.052033 1046880.000000 1.052033 0.999018 0.218753 0.263008 0.000000 0 
1367760.000000 0.866175 1367760.000000 0.866175 0.999590 0.391269 0.216544 0.000000 0 
1291440.000000 0.888497 1291440.000000 0.888497 0.986510 0.350237 0.222124 0.000000 0 
908400.000000 1.389970 908400.000000 1.389970 0.997664 0.144301 0.347492 0.000000 0 
1201440.000000 0.920693 1201440.000000 0.920693 0.998907 0.301849 0.230173 0.000000 0 
1190400.000000 0.921364 1190400.000000 0.921364 0.994168 0.295914 0.230341 0.000000 0 
1296480.000000 0.877084 1296480.000000 0.877084 0.987678 0.352946 0.219271 0.000000 0 
1303200.000000 0.876739 1303200.000000 0.876739 0.986199 0.356559 0.219185 0.000000 0 
1179120.000000 0.922742 1179120.000000 0.922742 0.989088 0.289849 0.230686 0.000000 0 
1268880.000000 0.895725 1268880.000000 0.895725 0.984330 0.338108 0.223931 0.000000 0 
1091760.000000 0.992762 1091760.000000 0.992762 0.992126 0.242882 0.248191 0.000000 0 
903840.000000 1.392922 903840.000000 1.392922 0.994141 0.141849 0.348231 0.000000 0 
1122720.000000 0.960647 1122720.000000 0.960647 0.991326 0.259527 0.240162 0.000000 0 
1021200.000000 1.084775 1021200.000000 1.084775 0.993459 0.204946 0.271194 0.000000 0 
1132320.000000 0.961288 1132320.000000 0.961288 0.994303 0.264688 0.240322 0.000000 1 
#Generacion: 4000 
#Distancia: 362.032525 
2020320.000000 0.800527 2020320.000000 0.800527 0.992276 0.742108 0.200132 0.000000 0 
836400.000000 2.072036 836400.000000 2.072036 0.995319 0.105591 0.518009 0.000000 0 
847920.000000 1.853790 847920.000000 1.853790 0.995603 0.111785 0.463447 0.000000 0 
842400.000000 2.031123 842400.000000 2.031123 0.997996 0.108817 0.507781 0.000000 0 
864240.000000 1.813924 864240.000000 1.813924 0.999710 0.120559 0.453481 0.000000 0 
864480.000000 1.668162 864480.000000 1.668162 0.997300 0.120688 0.417040 0.000000 0 
893520.000000 1.392671 893520.000000 1.392671 0.999215 0.136301 0.348168 0.000000 0 
871920.000000 1.536992 871920.000000 1.536992 0.999880 0.124688 0.384248 0.000000 0 
866160.000000 1.624921 866160.000000 1.624921 0.999448 0.121591 0.406230 0.000000 0 
1825200.000000 0.809694 1825200.000000 0.809694 0.991669 0.637204 0.202423 0.000000 0 
2007360.000000 0.804557 2007360.000000 0.804557 0.962340 0.735140 0.201139 0.000000 0 
1941600.000000 0.804802 1941600.000000 0.804802 0.969568 0.699785 0.201200 0.000000 0 
889680.000000 1.465970 889680.000000 1.465970 0.998986 0.134237 0.366492 0.000000 0 
1862160.000000 0.809009 1862160.000000 0.809009 0.953005 0.657075 0.202252 0.000000 0 
1013760.000000 1.055343 1013760.000000 1.055343 0.995766 0.200946 0.263836 0.000000 0 
1608720.000000 0.824123 1608720.000000 0.824123 0.974630 0.520817 0.206031 0.000000 0 
1900800.000000 0.807139 1900800.000000 0.807139 0.968259 0.677849 0.201785 0.000000 0 
1776000.000000 0.811543 1776000.000000 0.811543 0.997099 0.610753 0.202886 0.000000 0 
879600.000000 1.535235 879600.000000 1.535235 0.999509 0.128817 0.383809 0.000000 0 
1656000.000000 0.824058 1656000.000000 0.824058 0.991921 0.546237 0.206014 0.000000 0 
945600.000000 1.208680 945600.000000 1.208680 0.994346 0.164301 0.302170 0.000000 0 
1502160.000000 0.842094 1502160.000000 0.842094 0.981587 0.463527 0.210523 0.000000 0 
913920.000000 1.319590 913920.000000 1.319590 0.997048 0.147269 0.329897 0.000000 0 
1545840.000000 0.829811 1545840.000000 0.829811 0.999893 0.487011 0.207453 0.000000 0 
954240.000000 1.165404 954240.000000 1.165404 0.994838 0.168946 0.291351 0.000000 0 
963840.000000 1.153749 963840.000000 1.153749 0.992813 0.174108 0.288437 0.000000 0 
972240.000000 1.128616 972240.000000 1.128616 0.995276 0.178624 0.282154 0.000000 0 
918240.000000 1.282714 918240.000000 1.282714 0.989368 0.149591 0.320678 0.000000 0 
1394400.000000 0.863784 1394400.000000 0.863784 0.995060 0.405591 0.215946 0.000000 0 
950640.000000 1.196125 950640.000000 1.196125 0.999382 0.167011 0.299031 0.000000 0 
934080.000000 1.273064 934080.000000 1.273064 0.996066 0.158108 0.318266 0.000000 0 
1577760.000000 0.827607 1577760.000000 0.827607 0.986289 0.504172 0.206902 0.000000 0 
882720.000000 1.488625 882720.000000 1.488625 0.999345 0.130495 0.372156 0.000000 0 
1098480.000000 0.990833 1098480.000000 0.990833 0.991221 0.246495 0.247708 0.000000 0 
1473600.000000 0.844374 1473600.000000 0.844374 0.988773 0.448172 0.211094 0.000000 0 
1365360.000000 0.863868 1365360.000000 0.863868 0.993725 0.389978 0.215967 0.000000 0 
854640.000000 1.815099 854640.000000 1.815099 0.999470 0.115398 0.453775 0.000000 0 
1057200.000000 1.016596 1057200.000000 1.016596 0.997539 0.224301 0.254149 0.000000 0 
841440.000000 2.031141 841440.000000 2.031141 0.995900 0.108301 0.507785 0.000000 0 
1925520.000000 0.805071 1925520.000000 0.805071 0.986916 0.691140 0.201268 0.000000 0 
982080.000000 1.118520 982080.000000 1.118520 0.989026 0.183914 0.279630 0.000000 0 
853920.000000 1.851463 853920.000000 1.851463 0.997264 0.115011 0.462866 0.000000 0 
1042800.000000 1.052055 1042800.000000 1.052055 0.991454 0.216559 0.263014 0.000000 0 
1337760.000000 0.875084 1337760.000000 0.875084 0.983332 0.375140 0.218771 0.000000 0 
1676880.000000 0.822604 1676880.000000 0.822604 0.992003 0.557462 0.205651 0.000000 0 
907440.000000 1.347639 907440.000000 1.347639 0.999404 0.143785 0.336910 0.000000 0 
865200.000000 1.625657 865200.000000 1.625657 0.999753 0.121075 0.406414 0.000000 0 
864480.000000 1.668162 864480.000000 1.668162 0.997300 0.120688 0.417040 0.000000 0 
1703040.000000 0.822173 1703040.000000 0.822173 0.986324 0.571527 0.205543 0.000000 0 
1406880.000000 0.855353 1406880.000000 0.855353 0.998980 0.412301 0.213838 0.000000 0 
1006080.000000 1.088320 1006080.000000 1.088320 0.994642 0.196817 0.272080 0.000000 0 
1071120.000000 0.996650 1071120.000000 0.996650 0.999547 0.231785 0.249162 0.000000 0 
1356720.000000 0.872279 1356720.000000 0.872279 0.981977 0.385333 0.218070 0.000000 0 
1284960.000000 0.879463 1284960.000000 0.879463 0.981232 0.346753 0.219866 0.000000 0 
988320.000000 1.099850 988320.000000 1.099850 0.991578 0.187269 0.274963 0.000000 0 
1159680.000000 0.934436 1159680.000000 0.934436 0.987905 0.279398 0.233609 0.000000 0 
1519680.000000 0.836846 1519680.000000 0.836846 0.995792 0.472946 0.209211 0.000000 0 
1767360.000000 0.811850 1767360.000000 0.811850 0.986687 0.606108 0.202963 0.000000 0 
1743360.000000 0.815501 1743360.000000 0.815501 0.998410 0.593204 0.203875 0.000000 0 
1303200.000000 0.876739 1303200.000000 0.876739 0.986199 0.356559 0.219185 0.000000 0 
1318320.000000 0.876437 1318320.000000 0.876437 0.988821 0.364688 0.219109 0.000000 0 
939120.000000 1.241406 939120.000000 1.241406 0.993259 0.160817 0.310351 0.000000 0 
1267440.000000 0.896840 1267440.000000 0.896840 0.993114 0.337333 0.224210 0.000000 0 
939120.000000 1.241406 939120.000000 1.241406 0.993259 0.160817 0.310351 0.000000 0 
1140960.000000 0.949555 1140960.000000 0.949555 0.992981 0.269333 0.237389 0.000000 0 
1589520.000000 0.826468 1589520.000000 0.826468 0.982899 0.510495 0.206617 0.000000 0 
1426080.000000 0.854839 1426080.000000 0.854839 0.995982 0.422624 0.213710 0.000000 0 
1273920.000000 0.886105 1273920.000000 0.886105 0.993642 0.340817 0.221526 0.000000 0 
1231920.000000 0.905261 1231920.000000 0.905261 0.994944 0.318237 0.226315 0.000000 0 
1151280.000000 0.942241 1151280.000000 0.942241 0.997425 0.274882 0.235560 0.000000 0 
1533360.000000 0.836581 1533360.000000 0.836581 0.981030 0.480301 0.209145 0.000000 0 
911760.000000 1.332457 911760.000000 1.332457 0.995343 0.146108 0.333114 0.000000 0 
1112400.000000 0.971997 1112400.000000 0.971997 0.994088 0.253978 0.242999 0.000000 0 
902160.000000 1.374129 902160.000000 1.374129 0.998064 0.140946 0.343532 0.000000 0 
1214640.000000 0.908186 1214640.000000 0.908186 0.998535 0.308946 0.227046 0.000000 0 
1122720.000000 0.960647 1122720.000000 0.960647 0.991326 0.259527 0.240162 0.000000 0 
1106400.000000 0.977745 1106400.000000 0.977745 0.998720 0.250753 0.244436 0.000000 0 
1173360.000000 0.926697 1173360.000000 0.926697 0.999856 0.286753 0.231674 0.000000 0 
1250640.000000 0.899260 1250640.000000 0.899260 0.997934 0.328301 0.224815 0.000000 0 
1735440.000000 0.816463 1735440.000000 0.816463 0.996562 0.588946 0.204116 0.000000 0 
907200.000000 1.372913 907200.000000 1.372913 0.996344 0.143656 0.343228 0.000000 0 
1438080.000000 0.852547 1438080.000000 0.852547 0.994689 0.429075 0.213137 0.000000 0 
1128480.000000 0.954946 1128480.000000 0.954946 0.995413 0.262624 0.238737 0.000000 0 
1461120.000000 0.846987 1461120.000000 0.846987 0.988187 0.441462 0.211747 0.000000 0 
1448880.000000 0.848140 1448880.000000 0.848140 0.986597 0.434882 0.212035 0.000000 0 
1043760.000000 1.041943 1043760.000000 1.041943 0.994219 0.217075 0.260486 0.000000 0 
883920.000000 1.466356 883920.000000 1.466356 0.999788 0.131140 0.366589 0.000000 0 
991920.000000 1.089157 991920.000000 1.089157 0.988747 0.189204 0.272289 0.000000 0 
1077840.000000 0.996363 1077840.000000 0.996363 0.997791 0.235398 0.249091 0.000000 0 
1049280.000000 1.028823 1049280.000000 1.028823 0.993144 0.220043 0.257206 0.000000 0 
1203120.000000 0.908771 1203120.000000 0.908771 0.997798 0.302753 0.227193 0.000000 0 
927600.000000 1.280122 927600.000000 1.280122 0.994355 0.154624 0.320030 0.000000 0 
1201440.000000 0.920693 1201440.000000 0.920693 0.998907 0.301849 0.230173 0.000000 0 
1242240.000000 0.902275 1242240.000000 0.902275 0.995128 0.323785 0.225569 0.000000 0 
1715040.000000 0.817564 1715040.000000 0.817564 0.994296 0.577978 0.204391 0.000000 0 
1190400.000000 0.921364 1190400.000000 0.921364 0.994168 0.295914 0.230341 0.000000 0 
1662480.000000 0.824004 1662480.000000 0.824004 0.996146 0.549720 0.206001 0.000000 0 
1179120.000000 0.922742 1179120.000000 0.922742 0.989088 0.289849 0.230686 0.000000 0 
882720.000000 1.488625 882720.000000 1.488625 0.999345 0.130495 0.372156 0.000000 0 
1056240.000000 1.028427 1056240.000000 1.028427 0.999577 0.223785 0.257107 0.000000 0 
#Generacion: 4500 
#Distancia: 355.149697 
834879.594216 3521.668880 831360.000000 2.074664 1.000352 0.104774 880.417220 3519.594216 0 
2020320.000000 0.800527 2020320.000000 0.800527 0.992276 0.742108 0.200132 0.000000 0 
836400.000000 2.072036 836400.000000 2.072036 0.995319 0.105591 0.518009 0.000000 0 
1825200.000000 0.809694 1825200.000000 0.809694 0.991669 0.637204 0.202423 0.000000 0 
1974720.000000 0.803835 1974720.000000 0.803835 0.974147 0.717591 0.200959 0.000000 0 
1608720.000000 0.824123 1608720.000000 0.824123 0.974630 0.520817 0.206031 0.000000 0 
1776000.000000 0.811543 1776000.000000 0.811543 0.997099 0.610753 0.202886 0.000000 0 
1662000.000000 0.820310 1662000.000000 0.820310 0.986805 0.549462 0.205077 0.000000 0 
1656000.000000 0.824058 1656000.000000 0.824058 0.991921 0.546237 0.206014 0.000000 0 
1712400.000000 0.818958 1712400.000000 0.818958 0.995942 0.576559 0.204739 0.000000 0 
1862160.000000 0.809009 1862160.000000 0.809009 0.953005 0.657075 0.202252 0.000000 0 
1506480.000000 0.833111 1506480.000000 0.833111 0.999584 0.465849 0.208278 0.000000 0 
1941600.000000 0.804802 1941600.000000 0.804802 0.969568 0.699785 0.201200 0.000000 0 
1344240.000000 0.869393 1344240.000000 0.869393 0.996743 0.378624 0.217348 0.000000 0 
1419360.000000 0.854823 1419360.000000 0.854823 0.996448 0.419011 0.213706 0.000000 0 
1319520.000000 0.872691 1319520.000000 0.872691 0.984378 0.365333 0.218173 0.000000 0 
1544160.000000 0.832394 1544160.000000 0.832394 0.987459 0.486108 0.208099 0.000000 0 
1876800.000000 0.807262 1876800.000000 0.807262 0.968356 0.664946 0.201816 0.000000 0 
1900800.000000 0.807139 1900800.000000 0.807139 0.968259 0.677849 0.201785 0.000000 0 
1231920.000000 0.905261 1231920.000000 0.905261 0.994944 0.318237 0.226315 0.000000 0 
1250640.000000 0.899260 1250640.000000 0.899260 0.997934 0.328301 0.224815 0.000000 0 
1074000.000000 0.995813 1074000.000000 0.995813 0.999474 0.233333 0.248953 0.000000 0 
1303200.000000 0.876739 1303200.000000 0.876739 0.986199 0.356559 0.219185 0.000000 0 
1493280.000000 0.841617 1493280.000000 0.841617 0.990781 0.458753 0.210404 0.000000 0 
1767360.000000 0.811850 1767360.000000 0.811850 0.986687 0.606108 0.202963 0.000000 0 
1743600.000000 0.814910 1743600.000000 0.814910 0.992599 0.593333 0.203728 0.000000 0 
1565280.000000 0.828269 1565280.000000 0.828269 0.998638 0.497462 0.207067 0.000000 0 
1386960.000000 0.860471 1386960.000000 0.860471 0.998537 0.401591 0.215118 0.000000 0 
1589520.000000 0.826468 1589520.000000 0.826468 0.982899 0.510495 0.206617 0.000000 0 
1473600.000000 0.842311 1473600.000000 0.842311 0.989061 0.448172 0.210578 0.000000 0 
1438080.000000 0.852547 1438080.000000 0.852547 0.994689 0.429075 0.213137 0.000000 0 
1284960.000000 0.879463 1284960.000000 0.879463 0.981232 0.346753 0.219866 0.000000 0 
1121760.000000 0.954122 1121760.000000 0.954122 0.997827 0.259011 0.238531 0.000000 0 
1735440.000000 0.816463 1735440.000000 0.816463 0.996562 0.588946 0.204116 0.000000 0 
1925520.000000 0.805071 1925520.000000 0.805071 0.986916 0.691140 0.201268 0.000000 0 
1140960.000000 0.949555 1140960.000000 0.949555 0.992981 0.269333 0.237389 0.000000 0 
1051920.000000 1.001705 1051920.000000 1.001705 0.999759 0.221462 0.250426 0.000000 0 
1914960.000000 0.805786 1914960.000000 0.805786 0.978449 0.685462 0.201447 0.000000 0 
1173360.000000 0.926697 1173360.000000 0.926697 0.999856 0.286753 0.231674 0.000000 0 
1448880.000000 0.848140 1448880.000000 0.848140 0.986597 0.434882 0.212035 0.000000 0 
1267440.000000 0.896840 1267440.000000 0.896840 0.993114 0.337333 0.224210 0.000000 0 
1715040.000000 0.817564 1715040.000000 0.817564 0.994296 0.577978 0.204391 0.000000 0 
1396320.000000 0.855866 1396320.000000 0.855866 0.996952 0.406624 0.213966 0.000000 0 
1159680.000000 0.934436 1159680.000000 0.934436 0.987905 0.279398 0.233609 0.000000 0 
1184160.000000 0.923678 1184160.000000 0.923678 0.980380 0.292559 0.230920 0.000000 0 
1365120.000000 0.862987 1365120.000000 0.862987 0.996051 0.389849 0.215747 0.000000 0 
954240.000000 1.165404 954240.000000 1.165404 0.994838 0.168946 0.291351 0.000000 0 
1545840.000000 0.829811 1545840.000000 0.829811 0.999893 0.487011 0.207453 0.000000 0 
936960.000000 1.171633 936960.000000 1.171633 0.999720 0.159656 0.292908 0.000000 0 
1362720.000000 0.868336 1362720.000000 0.868336 0.980694 0.388559 0.217084 0.000000 0 
1012800.000000 1.054258 1012800.000000 1.054258 0.993214 0.200430 0.263565 0.000000 0 
1203120.000000 0.908771 1203120.000000 0.908771 0.997798 0.302753 0.227193 0.000000 0 
927600.000000 1.280122 927600.000000 1.280122 0.994355 0.154624 0.320030 0.000000 0 
1195200.000000 0.917615 1195200.000000 0.917615 0.994809 0.298495 0.229404 0.000000 0 
1025040.000000 1.048300 1025040.000000 1.048300 0.999288 0.207011 0.262075 0.000000 0 
1101120.000000 0.979753 1101120.000000 0.979753 0.999289 0.247914 0.244938 0.000000 0 
1214640.000000 0.908186 1214640.000000 0.908186 0.998535 0.308946 0.227046 0.000000 0 
967200.000000 1.131506 967200.000000 1.131506 0.995671 0.175914 0.282876 0.000000 0 
1039440.000000 1.029823 1039440.000000 1.029823 0.998149 0.214753 0.257456 0.000000 0 
1086480.000000 0.992648 1086480.000000 0.992648 0.994881 0.240043 0.248162 0.000000 0 
1004640.000000 1.072035 1004640.000000 1.072035 0.994091 0.196043 0.268009 0.000000 0 
914160.000000 1.281526 914160.000000 1.281526 0.996102 0.147398 0.320381 0.000000 0 
975600.000000 1.125139 975600.000000 1.125139 0.989148 0.180430 0.281285 0.000000 0 
1090560.000000 0.982942 1090560.000000 0.982942 0.998066 0.242237 0.245735 0.000000 0 
1031520.000000 1.039328 1031520.000000 1.039328 1.000000 0.210495 0.259832 0.000000 0 
1461120.000000 0.846987 1461120.000000 0.846987 0.988187 0.441462 0.211747 0.000000 0 
1112400.000000 0.971997 1112400.000000 0.971997 0.994088 0.253978 0.242999 0.000000 0 
958560.000000 1.141864 958560.000000 1.141864 0.997828 0.171269 0.285466 0.000000 0 
982080.000000 1.118520 982080.000000 1.118520 0.989026 0.183914 0.279630 0.000000 0 
996480.000000 1.078432 996480.000000 1.078432 0.986456 0.191656 0.269608 0.000000 0 
1048080.000000 1.015201 1048080.000000 1.015201 0.998001 0.219398 0.253800 0.000000 0 
1463040.000000 0.845965 1463040.000000 0.845965 0.991206 0.442495 0.211491 0.000000 0 
1577760.000000 0.827607 1577760.000000 0.827607 0.986289 0.504172 0.206902 0.000000 0 
893520.000000 1.392671 893520.000000 1.392671 0.999215 0.136301 0.348168 0.000000 0 
899760.000000 1.375726 899760.000000 1.375726 0.997906 0.139656 0.343932 0.000000 0 
887520.000000 1.441730 887520.000000 1.441730 0.997349 0.133075 0.360433 0.000000 0 
1577760.000000 0.827607 1577760.000000 0.827607 0.986289 0.504172 0.206902 0.000000 0 
842400.000000 2.031123 842400.000000 2.031123 0.997996 0.108817 0.507781 0.000000 0 
847920.000000 1.853790 847920.000000 1.853790 0.995603 0.111785 0.463447 0.000000 0 
1151280.000000 0.942241 1151280.000000 0.942241 0.997425 0.274882 0.235560 0.000000 0 
1214640.000000 0.908186 1214640.000000 0.908186 0.998535 0.308946 0.227046 0.000000 0 
1273920.000000 0.886105 1273920.000000 0.886105 0.993642 0.340817 0.221526 0.000000 0 
1108560.000000 0.978015 1108560.000000 0.978015 0.997017 0.251914 0.244504 0.000000 0 
861360.000000 1.708282 861360.000000 1.708282 0.999219 0.119011 0.427070 0.000000 0 
1148160.000000 0.948770 1148160.000000 0.948770 0.997866 0.273204 0.237193 0.000000 0 
877920.000000 1.517996 877920.000000 1.517996 0.995939 0.127914 0.379499 0.000000 0 
988320.000000 1.099850 988320.000000 1.099850 0.991578 0.187269 0.274963 0.000000 0 
881760.000000 1.442193 881760.000000 1.442193 0.999394 0.129978 0.360548 0.000000 0 
933360.000000 1.273051 933360.000000 1.273051 0.992185 0.157720 0.318263 0.000000 0 
1396320.000000 0.855866 1396320.000000 0.855866 0.996952 0.406624 0.213966 0.000000 0 
865200.000000 1.625657 865200.000000 1.625657 0.999753 0.121075 0.406414 0.000000 0 
991920.000000 1.089157 991920.000000 1.089157 0.988747 0.189204 0.272289 0.000000 0 
871920.000000 1.536992 871920.000000 1.536992 0.999880 0.124688 0.384248 0.000000 0 
905520.000000 1.371862 905520.000000 1.371862 0.998014 0.142753 0.342966 0.000000 0 
854640.000000 1.815099 854640.000000 1.815099 0.999470 0.115398 0.453775 0.000000 0 
870240.000000 1.624651 870240.000000 1.624651 0.999514 0.123785 0.406163 0.000000 0 
911760.000000 1.332457 911760.000000 1.332457 0.995343 0.146108 0.333114 0.000000 0 
853920.000000 1.851463 853920.000000 1.851463 0.997264 0.115011 0.462866 0.000000 0 
1273680.000000 0.896421 1273680.000000 0.896421 0.984120 0.340688 0.224105 0.000000 0 
907440.000000 1.347639 907440.000000 1.347639 0.999404 0.143785 0.336910 0.000000 0 
#Generacion: 5000 
#Distancia: 359.594747 
