87698927.497849 85868209.661475 1830720.000000 2.163626 9.586821 46.805875 21467052.415369 85868207.497849 61 
49308474.527252 47247596.598826 2060880.000000 2.071574 5.724759 26.165847 11811899.149706 47247594.527252 23 
44031621.069493 42060263.216975 1971360.000000 2.147482 5.206026 23.328829 10515065.804244 42060261.069493 12 
76317986.787650 74349268.451880 1968720.000000 1.664229 8.434927 40.687090 18587317.112970 74349266.787650 58 
50445395.617396 48473077.223747 1972320.000000 1.606351 5.847308 26.777094 12118269.305937 48473075.617396 27 
42534413.706243 40471135.287577 2063280.000000 1.581333 5.047113 22.523878 10117783.821894 40471133.706243 9 
51975345.756300 49855426.983653 2119920.000000 1.227353 5.985543 27.599648 12463856.745913 49855425.756300 31 
60552207.060998 58446689.058324 2105520.000000 1.997326 6.844669 32.210864 14611672.264581 58446687.060998 45 
53063488.654023 51156210.979961 1907280.000000 2.325938 6.115621 28.184671 12789052.744990 51156208.654023 34 
49296189179376.343750 49296187206097.960938 1973280.000000 1.614760 4929619.720610 26503327.171708 12324046801524.490234 49296187206096.343750 81 
59410213.844750 57378375.869605 2031840.000000 2.024855 6.737837 31.596889 14344593.967401 57378373.844750 44 
139135757980236.250000 139135756097438.468750 1882800.000000 2.225378 13913576.609744 74804170.613030 34783939024359.617188 139135756097436.250000 89 
63985850.076732 62236731.965747 1749120.000000 1.889015 7.223673 34.056909 15559182.991437 62236730.076732 49 
47778755.212532 45651396.546877 2127360.000000 1.334344 5.565140 25.343417 11412849.136719 45651395.212532 18 
70725077.357822 68734758.927019 1990320.000000 1.569197 7.873476 37.680149 17183689.731755 68734757.357822 54 
72705965.461094 70747567.412093 1958400.000000 1.950998 8.074757 38.745143 17686891.853023 70747565.461094 55 
68703789.493392 66634510.943402 2069280.000000 1.450010 7.663451 36.593435 16658627.735851 66634509.493392 52 
49900821.342267 47515702.550099 2385120.000000 1.207831 5.751570 26.484313 11878925.637525 47515701.342267 25 
43827102.923506 41799104.256920 2028000.000000 1.333414 5.179910 23.218873 10449776.064230 41799102.923506 11 
48877559.660452 46783322.752359 2094240.000000 3.091907 5.678332 25.934172 11695830.688090 46783319.660452 21 
46928685.343934 44811166.659039 2117520.000000 1.315104 5.481117 24.886390 11202791.664760 44811165.343934 16 
49336171.157326 47393132.911502 1943040.000000 1.754176 5.739313 26.180737 11848283.227875 47393131.157326 24 
48877507.360283 46742949.146536 2134560.000000 1.786253 5.674295 25.934144 11685737.286634 46742947.360283 20 
43535576.402741 41647257.930602 1888320.000000 1.527861 5.164726 23.062138 10411814.482651 41647256.402741 10 
42542868.786332 40451030.270569 2091840.000000 1.484237 5.045103 22.528424 10112757.567642 40451028.786332 9 
58706328.047345 56690810.137763 2015520.000000 2.090418 6.669081 31.218456 14172702.534441 56690808.047345 43 
28187573.414570 26215016.743989 1972560.000000 3.329419 3.621501 14.810523 6553754.185997 26215013.414570 3 
31005963242422.289062 31005961326744.062500 1915680.000000 1.773405 3100597.132674 16669872.366894 7751490331686.015625 31005961326742.289062 76 
53487600.364399 51379441.620914 2108160.000000 1.256515 6.137944 28.412688 12844860.405229 51379440.364399 35 
12754219427468.292969 12754217422990.558594 2004480.000000 2.265723 1275422.742299 6857106.874983 3188554355747.639648 12754217422988.292969 71 
54075364.743887 52076406.098504 1998960.000000 1.354617 6.207640 28.728691 13019101.524626 52076404.743887 37 
49734834.200440 47602435.853969 2132400.000000 1.653529 5.760243 26.395072 11900608.963492 47602434.200440 25 
53961716.007678 52020357.302233 1941360.000000 1.294555 6.202036 28.667589 13005089.325558 52020356.007678 36 
64662021.065140 62787143.043380 1874880.000000 1.978240 7.278714 34.420441 15696785.760845 62787141.065140 50 
53034643.629640 50975925.022813 2058720.000000 1.393173 6.097592 28.169163 12743981.255703 50975923.629640 33 
21596306.041140 19552947.540956 2043360.000000 1.499815 2.955295 11.266831 4888236.885239 19552946.041140 0 
57928256.969598 55939618.559473 1988640.000000 1.589875 6.593962 30.800138 13984904.639868 55939616.969598 41 
33412903.982734 31320345.970425 2092560.000000 1.987691 4.132034 17.619841 7830086.492606 31320343.982734 4 
33923722.854610 31737324.375836 2186400.000000 1.521226 4.173732 17.894475 7934331.093959 31737322.854610 5 
49003811.675342 46980133.213650 2023680.000000 1.538309 5.698013 26.002049 11745033.303413 46980131.675342 22 
22864599010308.617188 22864597088150.472656 1922160.000000 1.854065 2286460.708815 12292794.822747 5716149272037.618164 22864597088148.617188 74 
51413737.229847 49210298.536029 2203440.000000 1.306182 5.921030 27.297708 12302574.634007 49210297.229847 30 
89407028.361080 87274151.406565 2132880.000000 3.045485 9.727415 47.724209 21818537.851641 87274148.361080 63 
46385729.658190 44496451.164551 1889280.000000 1.506361 5.449645 24.594478 11124112.791138 44496449.658190 14 
49230689472196.507812 49230687508277.828125 1963920.000000 1.318059 4923069.750828 26468112.275374 12307671877069.457031 49230687508276.507812 80 
219864906777608.968750 219864904481290.062500 2296320.000000 1.087542 21986491.448129 118206938.783661 54966226120322.515625 219864904481288.968750 91 
41838766.153497 40051487.658372 1787280.000000 1.504875 5.005149 22.149874 10012871.914593 40051486.153497 8 
47627122.865857 45520404.203126 2106720.000000 1.337269 5.552040 25.261894 11380101.050781 45520402.865857 17 
135026855374285.406250 135026853349166.953125 2025120.000000 1.543700 13502686.334917 72595083.190476 33756713337291.738281 135026853349165.406250 88 
123283276784142.234375 123283274762623.812500 2021520.000000 1.578809 12328328.476262 66281331.260292 30820818690655.953125 123283274762622.234375 86 
125540424549973.875000 125540422351815.421875 2198160.000000 1.550252 12554043.235181 67494851.564502 31385105587953.855469 125540422351813.875000 87 
218079000899603.062500 218078998754004.718750 2145600.000000 1.649448 21807900.875400 117246774.333120 54519749688501.179688 218078998754003.062500 90 
46922716.104136 44981597.373527 1941120.000000 1.269391 5.498160 24.883181 11245399.343382 44981596.104136 16 
66563702.459578 64394824.528483 2168880.000000 2.068905 7.439482 35.442851 16098706.132121 64394822.459578 51 
50463531.590003 48212332.829895 2251200.000000 1.239892 5.821233 26.786845 12053083.207474 48212331.590003 26 
48783676.868937 46708878.444080 2074800.000000 1.575143 5.670888 25.883697 11677219.611020 46708876.868937 19 
26926908.537488 24938749.989113 1988160.000000 1.451625 3.493875 14.132747 6234687.497278 24938748.537488 2 
19320863488116.367188 19320861446918.003906 2041200.000000 1.637085 1932087.144692 10387560.671030 4830215361729.500977 19320861446916.367188 73 
61283202.061569 59073283.814492 2209920.000000 1.752923 6.907328 32.603872 14768320.953623 59073282.061569 48 
56821695.640855 54881057.123708 1940640.000000 1.482853 6.488106 30.205213 13720264.280927 54881055.640855 40 
84946483369030.562500 84946481385193.437500 1983840.000000 2.875008 8494649.138519 45670152.004855 21236620346298.359375 84946481385190.562500 84 
10699631659259.423828 10699629704700.968750 1954560.000000 1.544883 1069963.970470 5752489.795301 2674907426175.242188 10699629704699.423828 68 
11884787469511.181641 11884785568713.943359 1900800.000000 2.762480 1188479.556871 6389670.338447 2971196392178.485840 11884785568711.181641 70 
105439363.136893 103521284.753971 1918080.000000 1.617078 11.352128 56.343744 25880321.188493 103521283.136893 65 
44574731.442405 42654733.153395 1920000.000000 1.710990 5.265473 23.620823 10663683.288349 42654731.442405 13 
50869632.388260 48822914.174365 2046720.000000 1.786106 5.882291 27.005179 12205728.543591 48822912.388260 29 
69721930.909591 67678812.590537 2043120.000000 1.680946 7.767881 37.140823 16919703.147634 67678810.909591 53 
305018488604505.562500 305018486486026.812500 2118480.000000 1.249170 30501849.648603 163988434.389519 76254621621506.703125 305018486486025.562500 93 
50255830.523141 48307752.112653 1948080.000000 1.589512 5.830775 26.675178 12076938.028163 48307750.523141 26 
73328082.087858 71385524.182914 1942560.000000 2.095056 8.138552 39.079614 17846381.045728 71385522.087858 56 
80040749.180073 78107071.069934 1933680.000000 1.889861 8.810707 42.688575 19526767.767484 78107069.180073 59 
54697887.695360 52648770.034164 2049120.000000 2.338804 6.264877 29.063380 13162192.508541 52648767.695360 38 
112144787.723144 110169349.091579 1975440.000000 1.368435 12.016935 59.948811 27542337.272895 110169347.723144 66 
39079958.092486 37128759.929303 1951200.000000 1.836816 4.712876 20.666644 9282189.982326 37128758.092486 6 
60950535.797787 58964778.042154 1985760.000000 2.244367 6.896478 32.425019 14741194.510538 58964775.797787 47 
118183008104950.968750 118183006074794.187500 2030160.000000 3.219121 11818301.607479 63539251.325242 29545751518698.546875 118183006074790.968750 85 
67815344182050.718750 67815342001652.054688 2180400.000000 1.339840 6781535.200165 36459862.119382 16953835500413.013672 67815342001650.718750 83 
40488742.103142 38509223.609744 1979520.000000 1.506602 4.850922 21.424055 9627305.902436 38509222.103142 7 
46705364.285247 44770726.218292 1934640.000000 1.933045 5.477072 24.766325 11192681.554573 44770724.285247 15 
85444038.572363 83380760.996948 2063280.000000 2.424585 9.338076 45.593569 20845190.249237 83380758.572363 60 
74486120.781482 72633803.561161 1852320.000000 2.779679 8.263380 39.702215 18158450.890290 72633800.781482 57 
4436301063429.146484 4436298955990.437500 2107440.000000 1.290968 443630.895599 2385107.754532 1109074738997.609375 4436298955989.146484 67 
60562654.719691 58701216.542635 1861440.000000 1.822943 6.870121 32.216481 14675304.135659 58701214.719691 46 
23448035.980274 21352117.121338 2095920.000000 1.141065 3.135212 12.262385 5338029.280335 21352115.980274 1 
52043853.631969 49964975.868536 2078880.000000 2.236567 5.996497 27.636480 12491243.967134 49964973.631969 32 
44937145301982.273438 44937143338303.609375 1963680.000000 1.338826 4493715.333830 24159755.194614 11234285834575.902344 44937143338302.273438 79 
11502920050879.371094 11502918012560.898438 2038320.000000 1.527466 1150292.801256 6184365.274666 2875729503140.224609 11502918012559.371094 69 
55795635.744353 53827637.097462 1968000.000000 1.353109 6.382764 29.653568 13456909.274366 53827635.744353 39 
50751632.013415 48481713.300945 2269920.000000 1.287530 5.848171 26.941738 12120428.325236 48481712.013415 28 
23935564260534.222656 23935562017735.332031 2242800.000000 1.108258 2393557.201773 12868582.591685 5983890504433.833008 23935562017734.222656 75 
17580500172100.492188 17580498205301.953125 1966800.000000 1.461766 1758050.820530 9451881.468871 4395124551325.488281 17580498205300.492188 72 
89641360.520605 87570402.335046 2070960.000000 1.814441 9.757040 47.850194 21892600.583761 87570400.520605 64 
88710038.183488 86796521.204113 1913520.000000 3.020625 9.679652 47.349483 21699130.301028 86796518.183488 62 
42100497652478.296875 42100495548399.796875 2104080.000000 1.500766 4210050.554840 22634675.813160 10525123887099.949219 42100495548398.296875 78 
43656402.377031 41579203.587013 2077200.000000 1.209981 5.157920 23.127098 10394800.896753 41579202.377031 10 
58022212.569467 56069814.632932 1952400.000000 2.063464 6.606981 30.850652 14017453.658233 56069812.569467 42 
48867167.387672 46928209.221141 1938960.000000 1.833469 5.692821 25.928585 11732052.305285 46928207.387672 20 
59036215315701.375000 59036213352983.625000 1962720.000000 2.249629 5903622.335298 31739900.363280 14759053338245.906250 59036213352981.375000 82 
226799726153944.968750 226799724137226.468750 2016720.000000 1.490090 22679973.413722 121935336.297820 56699931034306.617188 226799724137224.968750 92 
32082710284094.167969 32082708164896.402344 2119200.000000 2.234781 3208271.816489 17248768.625857 8020677041224.100586 32082708164894.167969 77 
#Generacion: 1 
#Distancia: 785.967980 
1083360.000000 1.180454 1083360.000000 1.180454 0.999456 0.238366 0.295113 0.000000 0 
1514400.000000 0.868767 1514400.000000 0.868767 0.987795 0.470108 0.217192 0.000000 0 
1284240.000000 0.955858 1284240.000000 0.955858 0.979868 0.346366 0.238964 0.000000 0 
1788720.000000 0.839871 1788720.000000 0.839871 0.973179 0.617591 0.209968 0.000000 0 
1171200.000000 1.057273 1171200.000000 1.057273 0.996372 0.285591 0.264318 0.000000 0 
1670400.000000 0.849000 1670400.000000 0.849000 0.997386 0.553978 0.212250 0.000000 0 
1710960.000000 0.848718 1710960.000000 0.848718 0.986533 0.575785 0.212179 0.000000 0 
1001760.000000 1.758908 1001760.000000 1.758908 0.991920 0.194495 0.439727 0.000000 0 
1604640.000000 0.862439 1604640.000000 0.862439 0.998030 0.518624 0.215610 0.000000 0 
1307280.000000 0.952989 1307280.000000 0.952989 0.981638 0.358753 0.238247 0.000000 0 
1770960.000000 0.840558 1770960.000000 0.840558 0.971196 0.608043 0.210139 0.000000 0 
1001760.000000 1.758908 1001760.000000 1.758908 0.991920 0.194495 0.439727 0.000000 0 
1888320.000000 0.838224 1888320.000000 0.838224 0.999468 0.671140 0.209556 0.000000 0 
1208400.000000 1.022573 1208400.000000 1.022573 0.994185 0.305591 0.255643 0.000000 0 
1625760.000000 0.858804 1625760.000000 0.858804 0.999777 0.529978 0.214701 0.000000 0 
1239360.000000 0.979220 1239360.000000 0.979220 0.994090 0.322237 0.244805 0.000000 0 
1342800.000000 0.934815 1342800.000000 0.934815 0.969413 0.377849 0.233704 0.000000 0 
1277760.000000 0.956206 1277760.000000 0.956206 0.992804 0.342882 0.239051 0.000000 0 
1745520.000000 0.847506 1745520.000000 0.847506 0.995046 0.594366 0.211876 0.000000 0 
1043280.000000 1.361054 1043280.000000 1.361054 0.995864 0.216817 0.340264 0.000000 0 
1152000.000000 1.059124 1152000.000000 1.059124 0.982598 0.275269 0.264781 0.000000 0 
1643520.000000 0.856197 1643520.000000 0.856197 0.998408 0.539527 0.214049 0.000000 0 
1090320.000000 1.128571 1090320.000000 1.128571 0.998546 0.242108 0.282143 0.000000 0 
1112160.000000 1.125454 1112160.000000 1.125454 0.994105 0.253849 0.281363 0.000000 0 
1626480.000000 0.857659 1626480.000000 0.857659 0.997195 0.530366 0.214415 0.000000 0 
1323120.000000 0.938517 1323120.000000 0.938517 0.991408 0.367269 0.234629 0.000000 0 
1106880.000000 1.125760 1106880.000000 1.125760 0.993562 0.251011 0.281440 0.000000 0 
1014720.000000 1.480229 1014720.000000 1.480229 0.993298 0.201462 0.370057 0.000000 0 
1598640.000000 0.865114 1598640.000000 0.865114 0.981017 0.515398 0.216278 0.000000 0 
1003200.000000 1.493454 1003200.000000 1.493454 0.998486 0.195269 0.373363 0.000000 0 
1123200.000000 1.089053 1123200.000000 1.089053 0.994864 0.259785 0.272263 0.000000 0 
1083360.000000 1.180454 1083360.000000 1.180454 0.999456 0.238366 0.295113 0.000000 0 
1303440.000000 0.954611 1303440.000000 0.954611 0.979462 0.356688 0.238653 0.000000 0 
1450560.000000 0.887457 1450560.000000 0.887457 0.994377 0.435785 0.221864 0.000000 0 
1131840.000000 1.086100 1131840.000000 1.086100 0.995215 0.264430 0.271525 0.000000 0 
1148160.000000 1.075841 1148160.000000 1.075841 0.981827 0.273204 0.268960 0.000000 0 
1049040.000000 1.352008 1049040.000000 1.352008 0.998117 0.219914 0.338002 0.000000 0 
1135920.000000 1.084795 1135920.000000 1.084795 0.999694 0.266624 0.271199 0.000000 0 
1135920.000000 1.084795 1135920.000000 1.084795 0.999694 0.266624 0.271199 0.000000 0 
1346640.000000 0.927143 1346640.000000 0.927143 0.998966 0.379914 0.231786 0.000000 0 
1484880.000000 0.875081 1484880.000000 0.875081 0.998161 0.454237 0.218770 0.000000 0 
1040640.000000 1.393863 1040640.000000 1.393863 0.971299 0.215398 0.348466 0.000000 0 
1450560.000000 0.887457 1450560.000000 0.887457 0.994377 0.435785 0.221864 0.000000 0 
1305840.000000 0.953576 1305840.000000 0.953576 0.995206 0.357978 0.238394 0.000000 0 
1506960.000000 0.870774 1506960.000000 0.870774 0.999279 0.466108 0.217693 0.000000 0 
1228320.000000 0.984456 1228320.000000 0.984456 0.990845 0.316301 0.246114 0.000000 0 
1073760.000000 1.254958 1073760.000000 1.254958 0.985397 0.233204 0.313739 0.000000 0 
1164720.000000 1.058450 1164720.000000 1.058450 0.988834 0.282108 0.264612 0.000000 0 
1050960.000000 1.260816 1050960.000000 1.260816 0.978375 0.220946 0.315204 0.000000 0 
1149360.000000 1.068810 1149360.000000 1.068810 0.998229 0.273849 0.267202 0.000000 0 
1407360.000000 0.893802 1407360.000000 0.893802 0.989681 0.412559 0.223450 0.000000 0 
1023120.000000 1.401906 1023120.000000 1.401906 0.988189 0.205978 0.350477 0.000000 0 
1144560.000000 1.084503 1144560.000000 1.084503 0.999650 0.271269 0.271126 0.000000 0 
1212480.000000 0.987178 1212480.000000 0.987178 0.997106 0.307785 0.246795 0.000000 0 
1245360.000000 0.973759 1245360.000000 0.973759 0.977725 0.325462 0.243440 0.000000 0 
1173840.000000 1.047511 1173840.000000 1.047511 0.999642 0.287011 0.261878 0.000000 0 
1149120.000000 1.075077 1149120.000000 1.075077 0.987865 0.273720 0.268769 0.000000 0 
1030560.000000 1.398024 1030560.000000 1.398024 0.998489 0.209978 0.349506 0.000000 0 
1250400.000000 0.964844 1250400.000000 0.964844 0.998557 0.328172 0.241211 0.000000 0 
1191120.000000 1.042393 1191120.000000 1.042393 0.994942 0.296301 0.260598 0.000000 0 
1305840.000000 0.953576 1305840.000000 0.953576 0.995206 0.357978 0.238394 0.000000 0 
1077840.000000 1.252604 1077840.000000 1.252604 0.997995 0.235398 0.313151 0.000000 0 
1271280.000000 0.956961 1271280.000000 0.956961 0.997808 0.339398 0.239240 0.000000 0 
1006080.000000 1.485386 1006080.000000 1.485386 0.999604 0.196817 0.371346 0.000000 0 
1355520.000000 0.907373 1355520.000000 0.907373 0.983631 0.384688 0.226843 0.000000 0 
1015680.000000 1.439026 1015680.000000 1.439026 0.980828 0.201978 0.359756 0.000000 0 
1147920.000000 1.078195 1147920.000000 1.078195 0.999204 0.273075 0.269549 0.000000 0 
1180320.000000 1.044202 1180320.000000 1.044202 0.989717 0.290495 0.261051 0.000000 0 
1916160.000000 0.838390 1916160.000000 0.838390 0.997664 0.686108 0.209597 0.000000 1 
1673280.000000 0.851088 1673280.000000 0.851088 0.997756 0.555527 0.212772 0.000000 1 
1091280.000000 1.128674 1091280.000000 1.128674 0.998652 0.242624 0.282169 0.000000 1 
1047360.000000 1.365966 1047360.000000 1.365966 0.982909 0.219011 0.341491 0.000000 1 
1054320.000000 1.267425 1054320.000000 1.267425 0.997884 0.222753 0.316856 0.000000 1 
1595280.000000 0.870880 1595280.000000 0.870880 0.991056 0.513591 0.217720 0.000000 1 
1045440.000000 1.407044 1045440.000000 1.407044 0.998624 0.217978 0.351761 0.000000 1 
1522800.000000 0.875045 1522800.000000 0.875045 0.982540 0.474624 0.218761 0.000000 1 
1634880.000000 0.857918 1634880.000000 0.857918 0.999662 0.534882 0.214479 0.000000 1 
1209600.000000 1.040851 1209600.000000 1.040851 0.996254 0.306237 0.260213 0.000000 1 
1154880.000000 1.062456 1154880.000000 1.062456 0.995892 0.276817 0.265614 0.000000 1 
1489920.000000 0.884334 1489920.000000 0.884334 0.985659 0.456946 0.221084 0.000000 1 
1136880.000000 1.086528 1136880.000000 1.086528 0.999072 0.267140 0.271632 0.000000 1 
1217760.000000 1.003002 1217760.000000 1.003002 0.998706 0.310624 0.250751 0.000000 1 
1289040.000000 0.957140 1289040.000000 0.957140 0.993817 0.348946 0.239285 0.000000 1 
1016640.000000 1.458302 1016640.000000 1.458302 0.981685 0.202495 0.364576 0.000000 1 
1450560.000000 0.890526 1450560.000000 0.890526 0.999746 0.435785 0.222631 0.000000 1 
1125600.000000 1.103985 1125600.000000 1.103985 0.996697 0.261075 0.275996 0.000000 1 
1115760.000000 1.126108 1115760.000000 1.126108 0.996551 0.255785 0.281527 0.000000 1 
1417440.000000 0.903927 1417440.000000 0.903927 0.996133 0.417978 0.225982 0.000000 1 
1326240.000000 0.953162 1326240.000000 0.953162 0.996844 0.368946 0.238290 0.000000 1 
1195920.000000 1.042995 1195920.000000 1.042995 0.989664 0.298882 0.260749 0.000000 1 
1241040.000000 0.985820 1241040.000000 0.985820 0.995154 0.323140 0.246455 0.000000 1 
1367280.000000 0.917531 1367280.000000 0.917531 0.982391 0.391011 0.229383 0.000000 1 
1422480.000000 0.894182 1422480.000000 0.894182 0.998125 0.420688 0.223545 0.000000 1 
1331760.000000 0.945171 1331760.000000 0.945171 0.990745 0.371914 0.236293 0.000000 1 
1272960.000000 0.967267 1272960.000000 0.967267 0.999646 0.340301 0.241817 0.000000 1 
1219920.000000 0.988029 1219920.000000 0.988029 0.995894 0.311785 0.247007 0.000000 1 
1394640.000000 0.908244 1394640.000000 0.908244 0.992965 0.405720 0.227061 0.000000 1 
1387920.000000 0.916267 1387920.000000 0.916267 0.964007 0.402108 0.229067 0.000000 1 
1008240.000000 1.492728 1008240.000000 1.492728 0.998523 0.197978 0.373182 0.000000 1 
1393920.000000 0.914260 1393920.000000 0.914260 0.999359 0.405333 0.228565 0.000000 1 
#Generacion: 500 
#Distancia: 378.307879 
924720.000000 1.730589 924720.000000 1.730589 0.999309 0.153075 0.432647 0.000000 0 
2026560.000000 0.819681 2026560.000000 0.819681 0.999913 0.745462 0.204920 0.000000 0 
924720.000000 1.730589 924720.000000 1.730589 0.999309 0.153075 0.432647 0.000000 0 
1918800.000000 0.823934 1918800.000000 0.823934 0.984312 0.687527 0.205983 0.000000 0 
926640.000000 1.675669 926640.000000 1.675669 0.985630 0.154108 0.418917 0.000000 0 
1696080.000000 0.834884 1696080.000000 0.834884 0.998961 0.567785 0.208721 0.000000 0 
997920.000000 1.325742 997920.000000 1.325742 0.994724 0.192430 0.331436 0.000000 0 
989520.000000 1.446301 989520.000000 1.446301 0.994630 0.187914 0.361575 0.000000 0 
1780320.000000 0.827564 1780320.000000 0.827564 0.988162 0.613075 0.206891 0.000000 0 
926880.000000 1.559611 926880.000000 1.559611 0.994300 0.154237 0.389903 0.000000 0 
958080.000000 1.516876 958080.000000 1.516876 0.980552 0.171011 0.379219 0.000000 0 
2004480.000000 0.822744 2004480.000000 0.822744 0.998525 0.733591 0.205686 0.000000 0 
1048080.000000 1.195778 1048080.000000 1.195778 0.995869 0.219398 0.298945 0.000000 0 
1004400.000000 1.250677 1004400.000000 1.250677 0.994234 0.195914 0.312669 0.000000 0 
1596240.000000 0.838559 1596240.000000 0.838559 0.999546 0.514108 0.209640 0.000000 0 
1053600.000000 1.116483 1053600.000000 1.116483 0.999349 0.222366 0.279121 0.000000 0 
1002960.000000 1.324199 1002960.000000 1.324199 0.993506 0.195140 0.331050 0.000000 0 
1775760.000000 0.831706 1775760.000000 0.831706 0.989599 0.610624 0.207926 0.000000 0 
1157760.000000 0.984486 1157760.000000 0.984486 0.998622 0.278366 0.246122 0.000000 0 
959040.000000 1.470148 959040.000000 1.470148 0.994284 0.171527 0.367537 0.000000 0 
1149840.000000 1.034455 1149840.000000 1.034455 0.978615 0.274108 0.258614 0.000000 0 
942720.000000 1.556367 942720.000000 1.556367 0.997089 0.162753 0.389092 0.000000 0 
1483680.000000 0.863972 1483680.000000 0.863972 0.994152 0.453591 0.215993 0.000000 0 
969600.000000 1.458676 969600.000000 1.458676 0.983871 0.177204 0.364669 0.000000 0 
1107600.000000 1.060063 1107600.000000 1.060063 0.990688 0.251398 0.265016 0.000000 0 
1116960.000000 1.051231 1116960.000000 1.051231 0.986831 0.256430 0.262808 0.000000 0 
1023120.000000 1.222645 1023120.000000 1.222645 0.998307 0.205978 0.305661 0.000000 0 
1448160.000000 0.868323 1448160.000000 0.868323 0.997712 0.434495 0.217081 0.000000 0 
1361280.000000 0.882906 1361280.000000 0.882906 0.998687 0.387785 0.220726 0.000000 0 
1269840.000000 0.920406 1269840.000000 0.920406 0.999258 0.338624 0.230102 0.000000 0 
1220640.000000 0.944157 1220640.000000 0.944157 0.995778 0.312172 0.236039 0.000000 0 
1094880.000000 1.078329 1094880.000000 1.078329 0.995510 0.244559 0.269582 0.000000 0 
1230240.000000 0.926910 1230240.000000 0.926910 0.991381 0.317333 0.231727 0.000000 0 
1433280.000000 0.870007 1433280.000000 0.870007 0.999391 0.426495 0.217502 0.000000 0 
1067280.000000 1.102632 1067280.000000 1.102632 0.994430 0.229720 0.275658 0.000000 0 
1234080.000000 0.922360 1234080.000000 0.922360 0.993210 0.319398 0.230590 0.000000 0 
1524960.000000 0.855321 1524960.000000 0.855321 0.997096 0.475785 0.213830 0.000000 0 
1401840.000000 0.870367 1401840.000000 0.870367 0.996877 0.409591 0.217592 0.000000 0 
1014960.000000 1.228958 1014960.000000 1.228958 0.992239 0.201591 0.307240 0.000000 0 
1035840.000000 1.202303 1035840.000000 1.202303 0.999881 0.212817 0.300576 0.000000 0 
1008000.000000 1.241196 1008000.000000 1.241196 0.996882 0.197849 0.310299 0.000000 0 
988560.000000 1.447249 988560.000000 1.447249 0.992590 0.187398 0.361812 0.000000 0 
1275360.000000 0.920027 1275360.000000 0.920027 0.996328 0.341591 0.230007 0.000000 0 
1167120.000000 0.974833 1167120.000000 0.974833 0.996528 0.283398 0.243708 0.000000 0 
1511280.000000 0.860249 1511280.000000 0.860249 0.992476 0.468430 0.215062 0.000000 0 
1540800.000000 0.853352 1540800.000000 0.853352 0.992358 0.484301 0.213338 0.000000 0 
1501920.000000 0.863260 1501920.000000 0.863260 0.989535 0.463398 0.215815 0.000000 0 
1084800.000000 1.091698 1084800.000000 1.091698 0.994665 0.239140 0.272925 0.000000 0 
1343280.000000 0.894030 1343280.000000 0.894030 0.994951 0.378108 0.223507 0.000000 0 
1378080.000000 0.872791 1378080.000000 0.872791 0.998888 0.396817 0.218198 0.000000 0 
1061520.000000 1.104434 1061520.000000 1.104434 0.995384 0.226624 0.276108 0.000000 0 
1142160.000000 1.044671 1142160.000000 1.044671 0.997952 0.269978 0.261168 0.000000 0 
1290960.000000 0.910135 1290960.000000 0.910135 0.997097 0.349978 0.227534 0.000000 0 
1310400.000000 0.909777 1310400.000000 0.909777 0.994930 0.360430 0.227444 0.000000 0 
1397280.000000 0.871536 1397280.000000 0.871536 0.995371 0.407140 0.217884 0.000000 0 
1194240.000000 0.970730 1194240.000000 0.970730 0.998509 0.297978 0.242683 0.000000 0 
1178640.000000 0.974258 1178640.000000 0.974258 0.999341 0.289591 0.243565 0.000000 0 
1582080.000000 0.846138 1582080.000000 0.846138 0.996874 0.506495 0.211535 0.000000 0 
1593600.000000 0.845619 1593600.000000 0.845619 0.974857 0.512688 0.211405 0.000000 0 
1212480.000000 0.947336 1212480.000000 0.947336 0.998241 0.307785 0.236834 0.000000 0 
1053600.000000 1.116483 1053600.000000 1.116483 0.999349 0.222366 0.279121 0.000000 0 
1200000.000000 0.958193 1200000.000000 0.958193 0.994123 0.301075 0.239548 0.000000 0 
1311840.000000 0.904914 1311840.000000 0.904914 0.975017 0.361204 0.226229 0.000000 0 
1290960.000000 0.910135 1290960.000000 0.910135 0.997097 0.349978 0.227534 0.000000 0 
942240.000000 1.559507 942240.000000 1.559507 0.994578 0.162495 0.389877 0.000000 0 
1376640.000000 0.880207 1376640.000000 0.880207 0.997573 0.396043 0.220052 0.000000 0 
1331760.000000 0.896843 1331760.000000 0.896843 0.995557 0.371914 0.224211 0.000000 0 
1440480.000000 0.869908 1440480.000000 0.869908 0.995453 0.430366 0.217477 0.000000 0 
1554000.000000 0.852535 1554000.000000 0.852535 0.997895 0.491398 0.213134 0.000000 0 
1319760.000000 0.900335 1319760.000000 0.900335 0.999960 0.365462 0.225084 0.000000 0 
1041600.000000 1.201935 1041600.000000 1.201935 0.999799 0.215914 0.300484 0.000000 0 
926880.000000 1.559611 926880.000000 1.559611 0.994300 0.154237 0.389903 0.000000 0 
1087680.000000 1.088401 1087680.000000 1.088401 0.997402 0.240688 0.272100 0.000000 0 
1332240.000000 0.896492 1332240.000000 0.896492 0.989690 0.372172 0.224123 0.000000 0 
1188480.000000 0.971217 1188480.000000 0.971217 0.999994 0.294882 0.242804 0.000000 0 
1203600.000000 0.949114 1203600.000000 0.949114 0.999884 0.303011 0.237279 0.000000 0 
1572240.000000 0.847340 1572240.000000 0.847340 0.997078 0.501204 0.211835 0.000000 0 
1142160.000000 1.044671 1142160.000000 1.044671 0.997952 0.269978 0.261168 0.000000 0 
1343280.000000 0.894030 1343280.000000 0.894030 0.994951 0.378108 0.223507 0.000000 0 
1047600.000000 1.198733 1047600.000000 1.198733 0.986440 0.219140 0.299683 0.000000 0 
1319760.000000 0.900335 1319760.000000 0.900335 0.999960 0.365462 0.225084 0.000000 0 
1561680.000000 0.850872 1561680.000000 0.850872 0.998950 0.495527 0.212718 0.000000 0 
1091280.000000 1.083905 1091280.000000 1.083905 0.996853 0.242624 0.270976 0.000000 0 
1566720.000000 0.849773 1566720.000000 0.849773 0.988962 0.498237 0.212443 0.000000 0 
1596240.000000 0.838559 1596240.000000 0.838559 0.999546 0.514108 0.209640 0.000000 0 
1203600.000000 0.949114 1203600.000000 0.949114 0.999884 0.303011 0.237279 0.000000 0 
1200000.000000 0.958193 1200000.000000 0.958193 0.994123 0.301075 0.239548 0.000000 0 
1148640.000000 1.041401 1148640.000000 1.041401 0.997884 0.273462 0.260350 0.000000 0 
1376640.000000 0.880207 1376640.000000 0.880207 0.997573 0.396043 0.220052 0.000000 0 
1554960.000000 0.851129 1554960.000000 0.851129 0.998634 0.491914 0.212782 0.000000 0 
1148640.000000 1.041401 1148640.000000 1.041401 0.997884 0.273462 0.260350 0.000000 0 
1234080.000000 0.922360 1234080.000000 0.922360 0.993210 0.319398 0.230590 0.000000 0 
1570320.000000 0.848350 1570320.000000 0.848350 0.997269 0.500172 0.212088 0.000000 0 
1092000.000000 1.082095 1092000.000000 1.082095 0.993773 0.243011 0.270524 0.000000 0 
1085520.000000 1.091659 1085520.000000 1.091659 0.996635 0.239527 0.272915 0.000000 0 
1035840.000000 1.202303 1035840.000000 1.202303 0.999881 0.212817 0.300576 0.000000 0 
1189200.000000 0.970740 1189200.000000 0.970740 0.998928 0.295269 0.242685 0.000000 0 
1200000.000000 0.958193 1200000.000000 0.958193 0.994123 0.301075 0.239548 0.000000 0 
1092000.000000 1.082095 1092000.000000 1.082095 0.993773 0.243011 0.270524 0.000000 0 
924720.000000 1.730589 924720.000000 1.730589 0.999309 0.153075 0.432647 0.000000 0 
#Generacion: 1000 
#Distancia: 347.974040 
903840.000000 1.832546 903840.000000 1.832546 0.995902 0.141849 0.458137 0.000000 0 
2026560.000000 0.819681 2026560.000000 0.819681 0.999913 0.745462 0.204920 0.000000 0 
918960.000000 1.814397 918960.000000 1.814397 0.993493 0.149978 0.453599 0.000000 0 
920160.000000 1.676558 920160.000000 1.676558 0.997920 0.150624 0.419139 0.000000 0 
1927200.000000 0.822128 1927200.000000 0.822128 0.993055 0.692043 0.205532 0.000000 0 
926880.000000 1.559611 926880.000000 1.559611 0.994300 0.154237 0.389903 0.000000 0 
926640.000000 1.675669 926640.000000 1.675669 0.985630 0.154108 0.418917 0.000000 0 
1884480.000000 0.822526 1884480.000000 0.822526 0.991711 0.669075 0.205631 0.000000 0 
1814880.000000 0.823241 1814880.000000 0.823241 0.979247 0.631656 0.205810 0.000000 0 
971280.000000 1.406650 971280.000000 1.406650 0.999365 0.178108 0.351662 0.000000 0 
971520.000000 1.331646 971520.000000 1.331646 0.989944 0.178237 0.332911 0.000000 0 
1152000.000000 0.994797 1152000.000000 0.994797 0.998909 0.275269 0.248699 0.000000 0 
1044960.000000 1.164431 1044960.000000 1.164431 0.997711 0.217720 0.291108 0.000000 0 
1439520.000000 0.858228 1439520.000000 0.858228 0.996297 0.429849 0.214557 0.000000 0 
954000.000000 1.468795 954000.000000 1.468795 0.990757 0.168817 0.367199 0.000000 0 
1047600.000000 1.117690 1047600.000000 1.117690 0.999770 0.219140 0.279422 0.000000 0 
946320.000000 1.512062 946320.000000 1.512062 0.981478 0.164688 0.378016 0.000000 0 
1422720.000000 0.865218 1422720.000000 0.865218 0.988964 0.420817 0.216304 0.000000 0 
1617120.000000 0.838029 1617120.000000 0.838029 0.992491 0.525333 0.209507 0.000000 0 
940320.000000 1.555994 940320.000000 1.555994 0.985323 0.161462 0.388999 0.000000 0 
994080.000000 1.285656 994080.000000 1.285656 0.999788 0.190366 0.321414 0.000000 0 
953040.000000 1.511975 953040.000000 1.511975 0.979963 0.168301 0.377994 0.000000 0 
1691520.000000 0.831596 1691520.000000 0.831596 0.998309 0.565333 0.207899 0.000000 0 
979200.000000 1.322265 979200.000000 1.322265 0.997989 0.182366 0.330566 0.000000 0 
1655760.000000 0.832607 1655760.000000 0.832607 0.999169 0.546108 0.208152 0.000000 0 
1000080.000000 1.251353 1000080.000000 1.251353 0.992589 0.193591 0.312838 0.000000 0 
1510800.000000 0.850365 1510800.000000 0.850365 0.975231 0.468172 0.212591 0.000000 0 
1390320.000000 0.868633 1390320.000000 0.868633 0.997994 0.403398 0.217158 0.000000 0 
1203600.000000 0.949114 1203600.000000 0.949114 0.999884 0.303011 0.237279 0.000000 0 
1208400.000000 0.920823 1208400.000000 0.920823 0.995699 0.305591 0.230206 0.000000 0 
1580880.000000 0.838389 1580880.000000 0.838389 0.999415 0.505849 0.209597 0.000000 0 
1135920.000000 1.023816 1135920.000000 1.023816 0.986356 0.266624 0.255954 0.000000 0 
1475040.000000 0.855042 1475040.000000 0.855042 0.990924 0.448946 0.213760 0.000000 0 
1718640.000000 0.829563 1718640.000000 0.829563 0.982560 0.579914 0.207391 0.000000 0 
1092960.000000 1.057319 1092960.000000 1.057319 0.999762 0.243527 0.264330 0.000000 0 
1024080.000000 1.200513 1024080.000000 1.200513 0.991563 0.206495 0.300128 0.000000 0 
966960.000000 1.467437 966960.000000 1.467437 0.990663 0.175785 0.366859 0.000000 0 
1192320.000000 0.970320 1192320.000000 0.970320 0.997101 0.296946 0.242580 0.000000 0 
1546080.000000 0.849976 1546080.000000 0.849976 0.996447 0.487140 0.212494 0.000000 0 
968880.000000 1.442188 968880.000000 1.442188 0.998285 0.176817 0.360547 0.000000 0 
971280.000000 1.406650 971280.000000 1.406650 0.999365 0.178108 0.351662 0.000000 0 
1751280.000000 0.827804 1751280.000000 0.827804 0.996420 0.597462 0.206951 0.000000 0 
1782240.000000 0.824030 1782240.000000 0.824030 0.978214 0.614108 0.206007 0.000000 0 
984960.000000 1.295817 984960.000000 1.295817 0.998670 0.185462 0.323954 0.000000 0 
1320000.000000 0.890616 1320000.000000 0.890616 0.991873 0.365591 0.222654 0.000000 0 
1057200.000000 1.105170 1057200.000000 1.105170 0.995369 0.224301 0.276292 0.000000 0 
1077360.000000 1.068650 1077360.000000 1.068650 0.999394 0.235140 0.267163 0.000000 0 
1239120.000000 0.920336 1239120.000000 0.920336 0.991806 0.322108 0.230084 0.000000 0 
1200000.000000 0.958193 1200000.000000 0.958193 0.994123 0.301075 0.239548 0.000000 0 
1009440.000000 1.212392 1009440.000000 1.212392 0.990857 0.198624 0.303098 0.000000 0 
1008240.000000 1.231505 1008240.000000 1.231505 0.998892 0.197978 0.307876 0.000000 0 
1074480.000000 1.073969 1074480.000000 1.073969 0.998586 0.233591 0.268492 0.000000 0 
1036560.000000 1.165412 1036560.000000 1.165412 0.998800 0.213204 0.291353 0.000000 0 
1330560.000000 0.885955 1330560.000000 0.885955 0.998391 0.371269 0.221489 0.000000 0 
1494480.000000 0.850485 1494480.000000 0.850485 0.993331 0.459398 0.212621 0.000000 0 
1107600.000000 1.054989 1107600.000000 1.054989 0.994102 0.251398 0.263747 0.000000 0 
1288800.000000 0.909454 1288800.000000 0.909454 0.994561 0.348817 0.227364 0.000000 0 
1220640.000000 0.920566 1220640.000000 0.920566 0.991147 0.312172 0.230141 0.000000 0 
1114080.000000 1.047916 1114080.000000 1.047916 0.982368 0.254882 0.261979 0.000000 0 
1067760.000000 1.090003 1067760.000000 1.090003 0.995746 0.229978 0.272501 0.000000 0 
1173600.000000 0.974241 1173600.000000 0.974241 0.997430 0.286882 0.243560 0.000000 0 
968880.000000 1.442188 968880.000000 1.442188 0.998285 0.176817 0.360547 0.000000 0 
1570320.000000 0.839590 1570320.000000 0.839590 0.993942 0.500172 0.209898 0.000000 0 
1372080.000000 0.875655 1372080.000000 0.875655 0.997797 0.393591 0.218914 0.000000 0 
1706160.000000 0.829859 1706160.000000 0.829859 0.985503 0.573204 0.207465 0.000000 0 
1339200.000000 0.878999 1339200.000000 0.878999 0.999743 0.375914 0.219750 0.000000 0 
1251120.000000 0.915536 1251120.000000 0.915536 0.983207 0.328559 0.228884 0.000000 0 
1774320.000000 0.824065 1774320.000000 0.824065 0.976136 0.609849 0.206016 0.000000 0 
1031040.000000 1.181319 1031040.000000 1.181319 0.999395 0.210237 0.295330 0.000000 0 
1019280.000000 1.211234 1019280.000000 1.211234 0.990514 0.203914 0.302809 0.000000 0 
1554960.000000 0.841664 1554960.000000 0.841664 0.987586 0.491914 0.210416 0.000000 0 
1062720.000000 1.091317 1062720.000000 1.091317 0.997340 0.227269 0.272829 0.000000 0 
1125120.000000 1.042719 1125120.000000 1.042719 0.975839 0.260817 0.260680 0.000000 0 
1758000.000000 0.827644 1758000.000000 0.827644 0.975426 0.601075 0.206911 0.000000 0 
1303200.000000 0.895679 1303200.000000 0.895679 0.997690 0.356559 0.223920 0.000000 0 
1378800.000000 0.871428 1378800.000000 0.871428 0.996062 0.397204 0.217857 0.000000 0 
1157760.000000 0.984486 1157760.000000 0.984486 0.998622 0.278366 0.246122 0.000000 0 
1294800.000000 0.905317 1294800.000000 0.905317 0.993228 0.352043 0.226329 0.000000 0 
1354560.000000 0.876137 1354560.000000 0.876137 0.995291 0.384172 0.219034 0.000000 0 
1480080.000000 0.851457 1480080.000000 0.851457 0.990712 0.451656 0.212864 0.000000 0 
914160.000000 1.826013 914160.000000 1.826013 0.991118 0.147398 0.456503 0.000000 0 
1053600.000000 1.116483 1053600.000000 1.116483 0.999349 0.222366 0.279121 0.000000 0 
1031040.000000 1.181319 1031040.000000 1.181319 0.999395 0.210237 0.295330 0.000000 0 
1008000.000000 1.241196 1008000.000000 1.241196 0.996882 0.197849 0.310299 0.000000 0 
1135920.000000 1.023816 1135920.000000 1.023816 0.986356 0.266624 0.255954 0.000000 0 
987840.000000 1.293003 987840.000000 1.293003 0.994882 0.187011 0.323251 0.000000 0 
1164960.000000 0.983644 1164960.000000 0.983644 0.998163 0.282237 0.245911 0.000000 0 
1007280.000000 1.250184 1007280.000000 1.250184 0.985970 0.197462 0.312546 0.000000 0 
1301520.000000 0.898153 1301520.000000 0.898153 0.998206 0.355656 0.224538 0.000000 0 
1167120.000000 0.974833 1167120.000000 0.974833 0.996528 0.283398 0.243708 0.000000 0 
1350240.000000 0.878126 1350240.000000 0.878126 0.998261 0.381849 0.219531 0.000000 0 
1553040.000000 0.848887 1553040.000000 0.848887 0.989619 0.490882 0.212222 0.000000 0 
971520.000000 1.331646 971520.000000 1.331646 0.989944 0.178237 0.332911 0.000000 0 
915840.000000 1.821529 915840.000000 1.821529 0.989971 0.148301 0.455382 0.000000 0 
937680.000000 1.557816 937680.000000 1.557816 0.985437 0.160043 0.389454 0.000000 0 
1637760.000000 0.837400 1637760.000000 0.837400 0.990775 0.536430 0.209350 0.000000 0 
1133520.000000 1.033284 1133520.000000 1.033284 0.995424 0.265333 0.258321 0.000000 0 
1255680.000000 0.911998 1255680.000000 0.911998 0.994139 0.331011 0.227999 0.000000 0 
1271760.000000 0.912939 1271760.000000 0.912939 0.996748 0.339656 0.228235 0.000000 1 
1134720.000000 1.041961 1134720.000000 1.041961 0.981932 0.265978 0.260490 0.000000 1 
#Generacion: 1500 
#Distancia: 360.211414 
2058960.000000 0.811485 2058960.000000 0.811485 0.996104 0.762882 0.202871 0.000000 0 
889200.000000 1.849245 889200.000000 1.849245 0.992362 0.133978 0.462311 0.000000 0 
1961520.000000 0.813620 1961520.000000 0.813620 0.977742 0.710495 0.203405 0.000000 0 
1882080.000000 0.818576 1882080.000000 0.818576 0.999901 0.667785 0.204644 0.000000 0 
914640.000000 1.671284 914640.000000 1.671284 0.997360 0.147656 0.417821 0.000000 0 
955440.000000 1.461466 955440.000000 1.461466 0.986996 0.169591 0.365367 0.000000 0 
962880.000000 1.347849 962880.000000 1.347849 0.999419 0.173591 0.336962 0.000000 0 
922320.000000 1.550015 922320.000000 1.550015 0.992892 0.151785 0.387504 0.000000 0 
900960.000000 1.740150 900960.000000 1.740150 0.998664 0.140301 0.435037 0.000000 0 
1613520.000000 0.832500 1613520.000000 0.832500 0.999961 0.523398 0.208125 0.000000 0 
1796400.000000 0.821823 1796400.000000 0.821823 0.992046 0.621720 0.205456 0.000000 0 
1004640.000000 1.140214 1004640.000000 1.140214 0.997554 0.196043 0.285053 0.000000 0 
899760.000000 1.820490 899760.000000 1.820490 0.998845 0.139656 0.455123 0.000000 0 
1001760.000000 1.211299 1001760.000000 1.211299 0.984719 0.194495 0.302825 0.000000 0 
1683120.000000 0.831208 1683120.000000 0.831208 0.996251 0.560817 0.207802 0.000000 0 
1177680.000000 0.932980 1177680.000000 0.932980 0.994940 0.289075 0.233245 0.000000 0 
1167120.000000 0.974833 1167120.000000 0.974833 0.996528 0.283398 0.243708 0.000000 0 
1560480.000000 0.833220 1560480.000000 0.833220 0.997642 0.494882 0.208305 0.000000 0 
1519680.000000 0.837411 1519680.000000 0.837411 0.990931 0.472946 0.209353 0.000000 0 
965040.000000 1.337415 965040.000000 1.337415 0.986857 0.174753 0.334354 0.000000 0 
970800.000000 1.301095 970800.000000 1.301095 0.998221 0.177849 0.325274 0.000000 0 
1135920.000000 1.023790 1135920.000000 1.023790 0.989706 0.266624 0.255947 0.000000 0 
1025040.000000 1.137047 1025040.000000 1.137047 0.997693 0.207011 0.284262 0.000000 0 
1150800.000000 0.996222 1150800.000000 0.996222 0.999988 0.274624 0.249056 0.000000 0 
1710480.000000 0.826800 1710480.000000 0.826800 0.991565 0.575527 0.206700 0.000000 0 
1495680.000000 0.845730 1495680.000000 0.845730 0.999858 0.460043 0.211432 0.000000 0 
907200.000000 1.673480 907200.000000 1.673480 0.981337 0.143656 0.418370 0.000000 0 
1548000.000000 0.837066 1548000.000000 0.837066 0.998843 0.488172 0.209267 0.000000 0 
1199040.000000 0.929235 1199040.000000 0.929235 0.998446 0.300559 0.232309 0.000000 0 
906960.000000 1.706418 906960.000000 1.706418 0.999608 0.143527 0.426605 0.000000 0 
1092960.000000 1.057319 1092960.000000 1.057319 0.999762 0.243527 0.264330 0.000000 0 
1739040.000000 0.826043 1739040.000000 0.826043 0.998495 0.590882 0.206511 0.000000 0 
995280.000000 1.220300 995280.000000 1.220300 0.999392 0.191011 0.305075 0.000000 0 
1241520.000000 0.919225 1241520.000000 0.919225 0.980442 0.323398 0.229806 0.000000 0 
977520.000000 1.280423 977520.000000 1.280423 0.999933 0.181462 0.320106 0.000000 0 
937440.000000 1.500119 937440.000000 1.500119 0.995023 0.159914 0.375030 0.000000 0 
1320000.000000 0.890616 1320000.000000 0.890616 0.991873 0.365591 0.222654 0.000000 0 
943920.000000 1.491123 943920.000000 1.491123 0.992164 0.163398 0.372781 0.000000 0 
933120.000000 1.540974 933120.000000 1.540974 0.991724 0.157591 0.385244 0.000000 0 
906960.000000 1.706418 906960.000000 1.706418 0.999608 0.143527 0.426605 0.000000 0 
1407360.000000 0.866630 1407360.000000 0.866630 0.998457 0.412559 0.216658 0.000000 0 
1069920.000000 1.059045 1069920.000000 1.059045 0.997608 0.231140 0.264761 0.000000 0 
1439520.000000 0.858228 1439520.000000 0.858228 0.996297 0.429849 0.214557 0.000000 0 
1777200.000000 0.822459 1777200.000000 0.822459 0.995503 0.611398 0.205615 0.000000 0 
1028400.000000 1.109846 1028400.000000 1.109846 0.998021 0.208817 0.277461 0.000000 0 
1390320.000000 0.868633 1390320.000000 0.868633 0.997994 0.403398 0.217158 0.000000 0 
935520.000000 1.528428 935520.000000 1.528428 0.986713 0.158882 0.382107 0.000000 0 
899760.000000 1.820490 899760.000000 1.820490 0.998845 0.139656 0.455123 0.000000 0 
1255680.000000 0.911998 1255680.000000 0.911998 0.994139 0.331011 0.227999 0.000000 0 
1693440.000000 0.828788 1693440.000000 0.828788 0.994051 0.566366 0.207197 0.000000 0 
1330560.000000 0.885955 1330560.000000 0.885955 0.998391 0.371269 0.221489 0.000000 0 
1040160.000000 1.105268 1040160.000000 1.105268 0.990094 0.215140 0.276317 0.000000 0 
1130160.000000 1.029514 1130160.000000 1.029514 0.995104 0.263527 0.257379 0.000000 0 
1107600.000000 1.054989 1107600.000000 1.054989 0.994102 0.251398 0.263747 0.000000 0 
1763760.000000 0.823162 1763760.000000 0.823162 0.999007 0.604172 0.205790 0.000000 0 
1125120.000000 1.042719 1125120.000000 1.042719 0.975839 0.260817 0.260680 0.000000 0 
1264320.000000 0.910140 1264320.000000 0.910140 0.991276 0.335656 0.227535 0.000000 0 
993600.000000 1.245211 993600.000000 1.245211 0.995954 0.190108 0.311303 0.000000 0 
974640.000000 1.293542 974640.000000 1.293542 0.998320 0.179914 0.323385 0.000000 0 
993600.000000 1.245211 993600.000000 1.245211 0.995954 0.190108 0.311303 0.000000 0 
1224720.000000 0.919796 1224720.000000 0.919796 0.992532 0.314366 0.229949 0.000000 0 
1482240.000000 0.847124 1482240.000000 0.847124 0.993448 0.452817 0.211781 0.000000 0 
1061280.000000 1.075258 1061280.000000 1.075258 0.998149 0.226495 0.268815 0.000000 0 
1339200.000000 0.878999 1339200.000000 0.878999 0.999743 0.375914 0.219750 0.000000 0 
1422720.000000 0.865218 1422720.000000 0.865218 0.988964 0.420817 0.216304 0.000000 0 
1458480.000000 0.856045 1458480.000000 0.856045 0.999114 0.440043 0.214011 0.000000 0 
1746960.000000 0.823389 1746960.000000 0.823389 0.997860 0.595140 0.205847 0.000000 0 
1046640.000000 1.086495 1046640.000000 1.086495 0.994269 0.218624 0.271624 0.000000 0 
1045920.000000 1.096849 1045920.000000 1.096849 0.987937 0.218237 0.274212 0.000000 0 
990240.000000 1.269184 990240.000000 1.269184 0.984943 0.188301 0.317296 0.000000 0 
1059840.000000 1.084605 1059840.000000 1.084605 0.997309 0.225720 0.271151 0.000000 0 
1474320.000000 0.852381 1474320.000000 0.852381 0.994962 0.448559 0.213095 0.000000 0 
1303200.000000 0.895679 1303200.000000 0.895679 0.997690 0.356559 0.223920 0.000000 0 
1063440.000000 1.062454 1063440.000000 1.062454 0.998631 0.227656 0.265613 0.000000 0 
1280880.000000 0.907284 1280880.000000 0.907284 0.999283 0.344559 0.226821 0.000000 0 
948960.000000 1.472132 948960.000000 1.472132 0.993258 0.166108 0.368033 0.000000 0 
989760.000000 1.272119 989760.000000 1.272119 0.995952 0.188043 0.318030 0.000000 0 
1428960.000000 0.860643 1428960.000000 0.860643 0.996301 0.424172 0.215161 0.000000 0 
1378800.000000 0.871428 1378800.000000 0.871428 0.996062 0.397204 0.217857 0.000000 0 
1208400.000000 0.920823 1208400.000000 0.920823 0.995699 0.305591 0.230206 0.000000 0 
1291920.000000 0.902238 1291920.000000 0.902238 0.998773 0.350495 0.225559 0.000000 0 
1157760.000000 0.984486 1157760.000000 0.984486 0.998622 0.278366 0.246122 0.000000 0 
922320.000000 1.550015 922320.000000 1.550015 0.992892 0.151785 0.387504 0.000000 0 
1161360.000000 0.982456 1161360.000000 0.982456 0.997341 0.280301 0.245614 0.000000 0 
1152000.000000 0.994797 1152000.000000 0.994797 0.998909 0.275269 0.248699 0.000000 0 
1114080.000000 1.047916 1114080.000000 1.047916 0.982368 0.254882 0.261979 0.000000 0 
1462320.000000 0.853633 1462320.000000 0.853633 0.989547 0.442108 0.213408 0.000000 0 
1361760.000000 0.873007 1361760.000000 0.873007 0.999130 0.388043 0.218252 0.000000 0 
1369680.000000 0.872207 1369680.000000 0.872207 0.995722 0.392301 0.218052 0.000000 0 
1301520.000000 0.898153 1301520.000000 0.898153 0.998206 0.355656 0.224538 0.000000 0 
948960.000000 1.472132 948960.000000 1.472132 0.993258 0.166108 0.368033 0.000000 0 
1350240.000000 0.878126 1350240.000000 0.878126 0.998261 0.381849 0.219531 0.000000 0 
1213440.000000 0.920302 1213440.000000 0.920302 0.995373 0.308301 0.230075 0.000000 0 
1353120.000000 0.875047 1353120.000000 0.875047 0.999496 0.383398 0.218762 0.000000 0 
1028400.000000 1.109846 1028400.000000 1.109846 0.998021 0.208817 0.277461 0.000000 0 
1118400.000000 1.046669 1118400.000000 1.046669 0.993835 0.257204 0.261667 0.000000 0 
1284720.000000 0.904758 1284720.000000 0.904758 0.999948 0.346624 0.226190 0.000000 0 
996720.000000 1.212444 996720.000000 1.212444 0.984514 0.191785 0.303111 0.000000 0 
939840.000000 1.497662 939840.000000 1.497662 0.993258 0.161204 0.374416 0.000000 0 
935520.000000 1.528428 935520.000000 1.528428 0.986713 0.158882 0.382107 0.000000 0 
#Generacion: 2000 
#Distancia: 346.271515 
881520.000000 1.860688 881520.000000 1.860688 0.997692 0.129849 0.465172 0.000000 0 
881520.000000 1.860688 881520.000000 1.860688 0.997692 0.129849 0.465172 0.000000 0 
2036400.000000 0.806790 2036400.000000 0.806790 0.998802 0.750753 0.201698 0.000000 0 
1961520.000000 0.813620 1961520.000000 0.813620 0.977742 0.710495 0.203405 0.000000 0 
1852560.000000 0.814304 1852560.000000 0.814304 0.986995 0.651914 0.203576 0.000000 0 
889200.000000 1.849245 889200.000000 1.849245 0.992362 0.133978 0.462311 0.000000 0 
893280.000000 1.762721 893280.000000 1.762721 0.999991 0.136172 0.440680 0.000000 0 
907920.000000 1.624510 907920.000000 1.624510 0.998820 0.144043 0.406127 0.000000 0 
1791840.000000 0.821527 1791840.000000 0.821527 0.987964 0.619269 0.205382 0.000000 0 
1731840.000000 0.821858 1731840.000000 0.821858 0.992053 0.587011 0.205464 0.000000 0 
901440.000000 1.676177 901440.000000 1.676177 0.994906 0.140559 0.419044 0.000000 0 
996720.000000 1.212444 996720.000000 1.212444 0.984514 0.191785 0.303111 0.000000 0 
1000320.000000 1.140113 1000320.000000 1.140113 0.997663 0.193720 0.285028 0.000000 0 
2025120.000000 0.813325 2025120.000000 0.813325 0.989321 0.744688 0.203331 0.000000 0 
912480.000000 1.561213 912480.000000 1.561213 0.985757 0.146495 0.390303 0.000000 0 
955200.000000 1.402882 955200.000000 1.402882 0.997507 0.169462 0.350721 0.000000 0 
953760.000000 1.454784 953760.000000 1.454784 0.988251 0.168688 0.363696 0.000000 0 
900960.000000 1.740150 900960.000000 1.740150 0.998664 0.140301 0.435037 0.000000 0 
1162800.000000 0.972978 1162800.000000 0.972978 0.999419 0.281075 0.243244 0.000000 0 
961200.000000 1.391715 961200.000000 1.391715 0.990988 0.172688 0.347929 0.000000 0 
1123440.000000 0.997693 1123440.000000 0.997693 0.998309 0.259914 0.249423 0.000000 0 
1170000.000000 0.928287 1170000.000000 0.928287 0.999010 0.284946 0.232072 0.000000 0 
962880.000000 1.347849 962880.000000 1.347849 0.999419 0.173591 0.336962 0.000000 0 
1103520.000000 1.023971 1103520.000000 1.023971 0.997457 0.249204 0.255993 0.000000 0 
1560480.000000 0.833220 1560480.000000 0.833220 0.997642 0.494882 0.208305 0.000000 0 
1662720.000000 0.830019 1662720.000000 0.830019 0.991108 0.549849 0.207505 0.000000 0 
1602960.000000 0.832549 1602960.000000 0.832549 0.999206 0.517720 0.208137 0.000000 0 
986640.000000 1.277369 986640.000000 1.277369 0.995029 0.186366 0.319342 0.000000 0 
965760.000000 1.336979 965760.000000 1.336979 0.987979 0.175140 0.334245 0.000000 0 
1831200.000000 0.819834 1831200.000000 0.819834 0.987337 0.640430 0.204959 0.000000 0 
1232400.000000 0.915888 1232400.000000 0.915888 0.990692 0.318495 0.228972 0.000000 0 
1694640.000000 0.822183 1694640.000000 0.822183 0.995091 0.567011 0.205546 0.000000 0 
1481760.000000 0.849994 1481760.000000 0.849994 0.997912 0.452559 0.212498 0.000000 0 
1546800.000000 0.836997 1546800.000000 0.836997 0.999558 0.487527 0.209249 0.000000 0 
1453200.000000 0.850193 1453200.000000 0.850193 0.998296 0.437204 0.212548 0.000000 0 
1258800.000000 0.905276 1258800.000000 0.905276 0.999720 0.332688 0.226319 0.000000 0 
937440.000000 1.500119 937440.000000 1.500119 0.995023 0.159914 0.375030 0.000000 0 
966720.000000 1.305122 966720.000000 1.305122 0.997335 0.175656 0.326281 0.000000 0 
1091760.000000 1.026854 1091760.000000 1.026854 0.991732 0.242882 0.256713 0.000000 0 
995280.000000 1.220300 995280.000000 1.220300 0.999392 0.191011 0.305075 0.000000 0 
1020720.000000 1.137014 1020720.000000 1.137014 0.997162 0.204688 0.284253 0.000000 0 
938880.000000 1.490212 938880.000000 1.490212 0.987042 0.160688 0.372553 0.000000 0 
905520.000000 1.649474 905520.000000 1.649474 0.999134 0.142753 0.412368 0.000000 0 
1685520.000000 0.823686 1685520.000000 0.823686 0.988432 0.562108 0.205921 0.000000 0 
1519680.000000 0.837411 1519680.000000 0.837411 0.990931 0.472946 0.209353 0.000000 0 
942240.000000 1.466961 942240.000000 1.466961 0.999990 0.162495 0.366740 0.000000 0 
1487520.000000 0.839987 1487520.000000 0.839987 0.992035 0.455656 0.209997 0.000000 0 
1310640.000000 0.886345 1310640.000000 0.886345 0.996619 0.360559 0.221586 0.000000 0 
988800.000000 1.243909 988800.000000 1.243909 0.997153 0.187527 0.310977 0.000000 0 
1211040.000000 0.918454 1211040.000000 0.918454 0.997735 0.307011 0.229613 0.000000 0 
1091520.000000 1.053306 1091520.000000 1.053306 0.996778 0.242753 0.263327 0.000000 0 
1249920.000000 0.909605 1249920.000000 0.909605 0.997696 0.327914 0.227401 0.000000 0 
1022640.000000 1.115137 1022640.000000 1.115137 0.999156 0.205720 0.278784 0.000000 0 
1361760.000000 0.873007 1361760.000000 0.873007 0.999130 0.388043 0.218252 0.000000 0 
1286880.000000 0.902702 1286880.000000 0.902702 0.997836 0.347785 0.225675 0.000000 0 
1302240.000000 0.895599 1302240.000000 0.895599 0.999413 0.356043 0.223900 0.000000 0 
1509360.000000 0.839541 1509360.000000 0.839541 0.993976 0.467398 0.209885 0.000000 0 
1390320.000000 0.868633 1390320.000000 0.868633 0.997994 0.403398 0.217158 0.000000 0 
1443120.000000 0.856081 1443120.000000 0.856081 0.972956 0.431785 0.214020 0.000000 0 
1378800.000000 0.871428 1378800.000000 0.871428 0.996062 0.397204 0.217857 0.000000 0 
1346880.000000 0.876400 1346880.000000 0.876400 0.998153 0.380043 0.219100 0.000000 0 
903840.000000 1.657872 903840.000000 1.657872 0.999953 0.141849 0.414468 0.000000 0 
1613520.000000 0.832500 1613520.000000 0.832500 0.999961 0.523398 0.208125 0.000000 0 
895200.000000 1.756354 895200.000000 1.756354 0.993452 0.137204 0.439089 0.000000 0 
1330560.000000 0.885955 1330560.000000 0.885955 0.998391 0.371269 0.221489 0.000000 0 
988800.000000 1.243909 988800.000000 1.243909 0.997153 0.187527 0.310977 0.000000 0 
1031760.000000 1.093391 1031760.000000 1.093391 0.998313 0.210624 0.273348 0.000000 0 
977520.000000 1.280423 977520.000000 1.280423 0.999933 0.181462 0.320106 0.000000 0 
1639440.000000 0.831381 1639440.000000 0.831381 0.999573 0.537333 0.207845 0.000000 0 
974640.000000 1.293542 974640.000000 1.293542 0.998320 0.179914 0.323385 0.000000 0 
1068720.000000 1.057411 1068720.000000 1.057411 0.994148 0.230495 0.264353 0.000000 0 
1154400.000000 0.984673 1154400.000000 0.984673 0.999406 0.276559 0.246168 0.000000 0 
1202400.000000 0.923871 1202400.000000 0.923871 0.999309 0.302366 0.230968 0.000000 0 
1835040.000000 0.814885 1835040.000000 0.814885 0.987890 0.642495 0.203721 0.000000 0 
1083600.000000 1.054642 1083600.000000 1.054642 0.998963 0.238495 0.263660 0.000000 0 
1635120.000000 0.831718 1635120.000000 0.831718 0.996424 0.535011 0.207929 0.000000 0 
1063440.000000 1.062454 1063440.000000 1.062454 0.998631 0.227656 0.265613 0.000000 0 
1337520.000000 0.881316 1337520.000000 0.881316 0.998183 0.375011 0.220329 0.000000 0 
1143840.000000 0.992662 1143840.000000 0.992662 0.992177 0.270882 0.248166 0.000000 0 
1140000.000000 0.995438 1140000.000000 0.995438 0.981826 0.268817 0.248859 0.000000 0 
1427520.000000 0.857499 1427520.000000 0.857499 0.971697 0.423398 0.214375 0.000000 0 
1189920.000000 0.924435 1189920.000000 0.924435 0.999420 0.295656 0.231109 0.000000 0 
1422240.000000 0.860604 1422240.000000 0.860604 0.998228 0.420559 0.215151 0.000000 0 
945360.000000 1.460259 945360.000000 1.460259 0.986306 0.164172 0.365065 0.000000 0 
1407360.000000 0.866630 1407360.000000 0.866630 0.998457 0.412559 0.216658 0.000000 0 
1179360.000000 0.926314 1179360.000000 0.926314 0.999587 0.289978 0.231579 0.000000 0 
1008720.000000 1.140090 1008720.000000 1.140090 0.997528 0.198237 0.285022 0.000000 0 
900960.000000 1.740150 900960.000000 1.740150 0.998664 0.140301 0.435037 0.000000 0 
1291920.000000 0.902238 1291920.000000 0.902238 0.998773 0.350495 0.225559 0.000000 0 
1040400.000000 1.092928 1040400.000000 1.092928 0.996971 0.215269 0.273232 0.000000 0 
914160.000000 1.558890 914160.000000 1.558890 0.997706 0.147398 0.389722 0.000000 0 
1408320.000000 0.862990 1408320.000000 0.862990 0.989636 0.413075 0.215747 0.000000 0 
1156800.000000 0.979023 1156800.000000 0.979023 0.998804 0.277849 0.244756 0.000000 0 
915840.000000 1.521841 915840.000000 1.521841 0.992800 0.148301 0.380460 0.000000 0 
1680240.000000 0.829097 1680240.000000 0.829097 0.998795 0.559269 0.207274 0.000000 0 
912480.000000 1.561213 912480.000000 1.561213 0.985757 0.146495 0.390303 0.000000 0 
1045680.000000 1.066049 1045680.000000 1.066049 0.998008 0.218108 0.266512 0.000000 0 
905520.000000 1.649474 905520.000000 1.649474 0.999134 0.142753 0.412368 0.000000 0 
993840.000000 1.243802 993840.000000 1.243802 0.999573 0.190237 0.310951 0.000000 0 
1023360.000000 1.103594 1023360.000000 1.103594 0.992737 0.206108 0.275898 0.000000 0 
#Generacion: 2500 
#Distancia: 356.837980 
880560.000000 1.861501 880560.000000 1.861501 0.998045 0.129333 0.465375 0.000000 0 
1967040.000000 0.806270 1967040.000000 0.806270 0.987074 0.713462 0.201568 0.000000 0 
900960.000000 1.598427 900960.000000 1.598427 0.999426 0.140301 0.399607 0.000000 0 
977520.000000 1.280423 977520.000000 1.280423 0.999933 0.181462 0.320106 0.000000 0 
895440.000000 1.683455 895440.000000 1.683455 0.984521 0.137333 0.420864 0.000000 0 
881760.000000 1.767358 881760.000000 1.767358 0.997248 0.129978 0.441840 0.000000 0 
883920.000000 1.713840 883920.000000 1.713840 0.997288 0.131140 0.428460 0.000000 0 
1905360.000000 0.814040 1905360.000000 0.814040 0.991736 0.680301 0.203510 0.000000 0 
1783920.000000 0.818755 1783920.000000 0.818755 0.995259 0.615011 0.204689 0.000000 0 
925440.000000 1.512828 925440.000000 1.512828 0.997750 0.153462 0.378207 0.000000 0 
1852560.000000 0.814304 1852560.000000 0.814304 0.986995 0.651914 0.203576 0.000000 0 
907440.000000 1.563088 907440.000000 1.563088 0.997131 0.143785 0.390772 0.000000 0 
983520.000000 1.204327 983520.000000 1.204327 0.988451 0.184688 0.301082 0.000000 0 
1712880.000000 0.819857 1712880.000000 0.819857 0.997644 0.576817 0.204964 0.000000 0 
1942800.000000 0.812389 1942800.000000 0.812389 0.984008 0.700430 0.203097 0.000000 0 
928800.000000 1.450485 928800.000000 1.450485 0.994713 0.155269 0.362621 0.000000 0 
1162800.000000 0.972978 1162800.000000 0.972978 0.999419 0.281075 0.243244 0.000000 0 
1170000.000000 0.928287 1170000.000000 0.928287 0.999010 0.284946 0.232072 0.000000 0 
1506720.000000 0.834623 1506720.000000 0.834623 0.999598 0.465978 0.208656 0.000000 0 
1560480.000000 0.833220 1560480.000000 0.833220 0.997642 0.494882 0.208305 0.000000 0 
934080.000000 1.420598 934080.000000 1.420598 0.997553 0.158108 0.355150 0.000000 0 
1011840.000000 1.139736 1011840.000000 1.139736 0.992586 0.199914 0.284934 0.000000 0 
881760.000000 1.767358 881760.000000 1.767358 0.997248 0.129978 0.441840 0.000000 0 
1820640.000000 0.814344 1820640.000000 0.814344 0.980991 0.634753 0.203586 0.000000 0 
909360.000000 1.524564 909360.000000 1.524564 0.994159 0.144817 0.381141 0.000000 0 
950640.000000 1.395542 950640.000000 1.395542 0.992834 0.167011 0.348886 0.000000 0 
1091760.000000 1.020984 1091760.000000 1.020984 0.999492 0.242882 0.255246 0.000000 0 
1606800.000000 0.830013 1606800.000000 0.830013 0.989936 0.519785 0.207503 0.000000 0 
1487520.000000 0.839987 1487520.000000 0.839987 0.992035 0.455656 0.209997 0.000000 0 
965760.000000 1.336979 965760.000000 1.336979 0.987979 0.175140 0.334245 0.000000 0 
1694640.000000 0.822183 1694640.000000 0.822183 0.995091 0.567011 0.205546 0.000000 0 
983520.000000 1.204327 983520.000000 1.204327 0.988451 0.184688 0.301082 0.000000 0 
992880.000000 1.168617 992880.000000 1.168617 0.994331 0.189720 0.292154 0.000000 0 
1143840.000000 0.992662 1143840.000000 0.992662 0.992177 0.270882 0.248166 0.000000 0 
1016880.000000 1.102577 1016880.000000 1.102577 0.998541 0.202624 0.275644 0.000000 0 
890400.000000 1.685097 890400.000000 1.685097 0.996058 0.134624 0.421274 0.000000 0 
949920.000000 1.409896 949920.000000 1.409896 0.995972 0.166624 0.352474 0.000000 0 
1582560.000000 0.831426 1582560.000000 0.831426 0.999828 0.506753 0.207856 0.000000 0 
1802160.000000 0.818119 1802160.000000 0.818119 0.989891 0.624817 0.204530 0.000000 0 
958560.000000 1.369194 958560.000000 1.369194 0.999170 0.171269 0.342299 0.000000 0 
1153440.000000 0.976490 1153440.000000 0.976490 0.998879 0.276043 0.244123 0.000000 0 
1629600.000000 0.824119 1629600.000000 0.824119 0.999347 0.532043 0.206030 0.000000 0 
1114800.000000 1.010400 1114800.000000 1.010400 0.997797 0.255269 0.252600 0.000000 0 
1361760.000000 0.873007 1361760.000000 0.873007 0.999130 0.388043 0.218252 0.000000 0 
1291440.000000 0.894150 1291440.000000 0.894150 0.996292 0.350237 0.223538 0.000000 0 
928800.000000 1.450485 928800.000000 1.450485 0.994713 0.155269 0.362621 0.000000 0 
1461120.000000 0.845005 1461120.000000 0.845005 0.982744 0.441462 0.211251 0.000000 0 
962880.000000 1.347849 962880.000000 1.347849 0.999419 0.173591 0.336962 0.000000 0 
1661040.000000 0.823461 1661040.000000 0.823461 0.998965 0.548946 0.205865 0.000000 0 
1031760.000000 1.093391 1031760.000000 1.093391 0.998313 0.210624 0.273348 0.000000 0 
1066800.000000 1.046738 1066800.000000 1.046738 0.985316 0.229462 0.261685 0.000000 0 
992880.000000 1.168617 992880.000000 1.168617 0.994331 0.189720 0.292154 0.000000 0 
999360.000000 1.141233 999360.000000 1.141233 0.999075 0.193204 0.285308 0.000000 0 
1107840.000000 1.018595 1107840.000000 1.018595 0.994519 0.251527 0.254649 0.000000 0 
966720.000000 1.305122 966720.000000 1.305122 0.997335 0.175656 0.326281 0.000000 0 
1279920.000000 0.899801 1279920.000000 0.899801 0.997186 0.344043 0.224950 0.000000 0 
1211040.000000 0.918454 1211040.000000 0.918454 0.997735 0.307011 0.229613 0.000000 0 
1378800.000000 0.871428 1378800.000000 0.871428 0.996062 0.397204 0.217857 0.000000 0 
1346880.000000 0.876400 1346880.000000 0.876400 0.998153 0.380043 0.219100 0.000000 0 
1337520.000000 0.881316 1337520.000000 0.881316 0.998183 0.375011 0.220329 0.000000 0 
1189920.000000 0.924435 1189920.000000 0.924435 0.999420 0.295656 0.231109 0.000000 0 
1660080.000000 0.823496 1660080.000000 0.823496 0.999615 0.548430 0.205874 0.000000 0 
1323840.000000 0.885714 1323840.000000 0.885714 0.995840 0.367656 0.221429 0.000000 0 
1232160.000000 0.916119 1232160.000000 0.916119 0.989132 0.318366 0.229030 0.000000 0 
1083120.000000 1.042166 1083120.000000 1.042166 0.997146 0.238237 0.260541 0.000000 0 
1123440.000000 0.997693 1123440.000000 0.997693 0.998309 0.259914 0.249423 0.000000 0 
1624080.000000 0.825063 1624080.000000 0.825063 0.999833 0.529075 0.206266 0.000000 0 
915840.000000 1.521841 915840.000000 1.521841 0.992800 0.148301 0.380460 0.000000 0 
1309440.000000 0.893051 1309440.000000 0.893051 0.998532 0.359914 0.223263 0.000000 0 
1043520.000000 1.068829 1043520.000000 1.068829 0.999575 0.216946 0.267207 0.000000 0 
962160.000000 1.368370 962160.000000 1.368370 0.995237 0.173204 0.342092 0.000000 0 
1043280.000000 1.085355 1043280.000000 1.085355 0.998237 0.216817 0.271339 0.000000 0 
1249920.000000 0.909605 1249920.000000 0.909605 0.997696 0.327914 0.227401 0.000000 0 
1443120.000000 0.856081 1443120.000000 0.856081 0.972956 0.431785 0.214020 0.000000 0 
1128720.000000 0.994707 1128720.000000 0.994707 0.994519 0.262753 0.248677 0.000000 0 
1427520.000000 0.857499 1427520.000000 0.857499 0.971697 0.423398 0.214375 0.000000 0 
1063920.000000 1.057831 1063920.000000 1.057831 0.993178 0.227914 0.264458 0.000000 0 
1265280.000000 0.901344 1265280.000000 0.901344 0.992806 0.336172 0.225336 0.000000 0 
1444800.000000 0.849157 1444800.000000 0.849157 0.986422 0.432688 0.212289 0.000000 0 
1422240.000000 0.860604 1422240.000000 0.860604 0.998228 0.420559 0.215151 0.000000 0 
1503600.000000 0.839576 1503600.000000 0.839576 0.994394 0.464301 0.209894 0.000000 0 
1240560.000000 0.911437 1240560.000000 0.911437 0.994646 0.322882 0.227859 0.000000 0 
1016880.000000 1.102577 1016880.000000 1.102577 0.998541 0.202624 0.275644 0.000000 0 
1567440.000000 0.832370 1567440.000000 0.832370 0.998900 0.498624 0.208092 0.000000 0 
1256640.000000 0.901916 1256640.000000 0.901916 0.993757 0.331527 0.225479 0.000000 0 
1216800.000000 0.918330 1216800.000000 0.918330 0.992851 0.310108 0.229582 0.000000 0 
1057680.000000 1.062650 1057680.000000 1.062650 0.999670 0.224559 0.265663 0.000000 0 
1310640.000000 0.886345 1310640.000000 0.886345 0.996619 0.360559 0.221586 0.000000 0 
1408320.000000 0.862990 1408320.000000 0.862990 0.989636 0.413075 0.215747 0.000000 0 
1083120.000000 1.042166 1083120.000000 1.042166 0.997146 0.238237 0.260541 0.000000 0 
1705200.000000 0.820009 1705200.000000 0.820009 0.996678 0.572688 0.205002 0.000000 0 
1456800.000000 0.845044 1456800.000000 0.845044 0.982005 0.439140 0.211261 0.000000 0 
1049520.000000 1.065195 1049520.000000 1.065195 0.999619 0.220172 0.266299 0.000000 0 
966720.000000 1.305122 966720.000000 1.305122 0.997335 0.175656 0.326281 0.000000 0 
974640.000000 1.293542 974640.000000 1.293542 0.998320 0.179914 0.323385 0.000000 0 
1039200.000000 1.089829 1039200.000000 1.089829 0.997124 0.214624 0.272457 0.000000 0 
1407360.000000 0.866630 1407360.000000 0.866630 0.998457 0.412559 0.216658 0.000000 0 
1393440.000000 0.867277 1393440.000000 0.867277 0.984196 0.405075 0.216819 0.000000 0 
1390320.000000 0.868633 1390320.000000 0.868633 0.997994 0.403398 0.217158 0.000000 0 
1179360.000000 0.926314 1179360.000000 0.926314 0.999587 0.289978 0.231579 0.000000 0 
#Generacion: 3000 
#Distancia: 345.029495 
1900560.000000 0.802831 1900560.000000 0.802831 0.994764 0.677720 0.200708 0.000000 0 
873120.000000 1.766669 873120.000000 1.766669 0.989545 0.125333 0.441667 0.000000 0 
877200.000000 1.630856 877200.000000 1.630856 0.988417 0.127527 0.407714 0.000000 0 
890640.000000 1.560124 890640.000000 1.560124 0.994736 0.134753 0.390031 0.000000 0 
888240.000000 1.627409 888240.000000 1.627409 0.994656 0.133462 0.406852 0.000000 0 
1712160.000000 0.817290 1712160.000000 0.817290 0.993961 0.576430 0.204323 0.000000 0 
954000.000000 1.299086 954000.000000 1.299086 0.991994 0.168817 0.324772 0.000000 0 
1817040.000000 0.811755 1817040.000000 0.811755 0.998649 0.632817 0.202939 0.000000 0 
1860000.000000 0.806191 1860000.000000 0.806191 0.992698 0.655914 0.201548 0.000000 0 
901680.000000 1.545061 901680.000000 1.545061 0.992839 0.140688 0.386265 0.000000 0 
919680.000000 1.438670 919680.000000 1.438670 0.995480 0.150366 0.359667 0.000000 0 
999360.000000 1.141233 999360.000000 1.141233 0.999075 0.193204 0.285308 0.000000 0 
915120.000000 1.497494 915120.000000 1.497494 0.994728 0.147914 0.374373 0.000000 0 
1162800.000000 0.972978 1162800.000000 0.972978 0.999419 0.281075 0.243244 0.000000 0 
908640.000000 1.500824 908640.000000 1.500824 0.999543 0.144430 0.375206 0.000000 0 
976560.000000 1.219585 976560.000000 1.219585 0.996378 0.180946 0.304896 0.000000 0 
941280.000000 1.348527 941280.000000 1.348527 0.990319 0.161978 0.337132 0.000000 0 
1780320.000000 0.812130 1780320.000000 0.812130 0.987564 0.613075 0.203032 0.000000 0 
1672800.000000 0.818908 1672800.000000 0.818908 0.996693 0.555269 0.204727 0.000000 0 
938640.000000 1.383765 938640.000000 1.383765 0.997515 0.160559 0.345941 0.000000 0 
1170000.000000 0.928287 1170000.000000 0.928287 0.999010 0.284946 0.232072 0.000000 0 
1758000.000000 0.816940 1758000.000000 0.816940 0.987148 0.601075 0.204235 0.000000 0 
1583280.000000 0.825183 1583280.000000 0.825183 0.998711 0.507140 0.206296 0.000000 0 
1658640.000000 0.821934 1658640.000000 0.821934 0.999512 0.547656 0.205483 0.000000 0 
1624080.000000 0.825063 1624080.000000 0.825063 0.999833 0.529075 0.206266 0.000000 0 
992640.000000 1.170015 992640.000000 1.170015 0.987311 0.189591 0.292504 0.000000 0 
950880.000000 1.336095 950880.000000 1.336095 0.994339 0.167140 0.334024 0.000000 0 
983520.000000 1.204327 983520.000000 1.204327 0.988451 0.184688 0.301082 0.000000 0 
1575120.000000 0.827739 1575120.000000 0.827739 0.984609 0.502753 0.206935 0.000000 0 
1889040.000000 0.802906 1889040.000000 0.802906 0.994075 0.671527 0.200727 0.000000 0 
964800.000000 1.268144 964800.000000 1.268144 0.994504 0.174624 0.317036 0.000000 0 
1005840.000000 1.106253 1005840.000000 1.106253 0.996650 0.196688 0.276563 0.000000 0 
976320.000000 1.254985 976320.000000 1.254985 0.991509 0.180817 0.313746 0.000000 0 
1146720.000000 0.976280 1146720.000000 0.976280 0.999050 0.272430 0.244070 0.000000 0 
1506720.000000 0.834623 1506720.000000 0.834623 0.999598 0.465978 0.208656 0.000000 0 
1541280.000000 0.828640 1541280.000000 0.828640 0.998324 0.484559 0.207160 0.000000 0 
1629600.000000 0.824119 1629600.000000 0.824119 0.999347 0.532043 0.206030 0.000000 0 
1378800.000000 0.871428 1378800.000000 0.871428 0.996062 0.397204 0.217857 0.000000 0 
1143840.000000 0.992662 1143840.000000 0.992662 0.992177 0.270882 0.248166 0.000000 0 
934800.000000 1.396427 934800.000000 1.396427 0.990114 0.158495 0.349107 0.000000 0 
992880.000000 1.168617 992880.000000 1.168617 0.994331 0.189720 0.292154 0.000000 0 
1519200.000000 0.832035 1519200.000000 0.832035 0.997617 0.472688 0.208009 0.000000 0 
1291440.000000 0.894150 1291440.000000 0.894150 0.996292 0.350237 0.223538 0.000000 0 
1432320.000000 0.853444 1432320.000000 0.853444 0.986792 0.425978 0.213361 0.000000 0 
1337520.000000 0.881316 1337520.000000 0.881316 0.998183 0.375011 0.220329 0.000000 0 
1393440.000000 0.867277 1393440.000000 0.867277 0.984196 0.405075 0.216819 0.000000 0 
1107840.000000 1.018595 1107840.000000 1.018595 0.994519 0.251527 0.254649 0.000000 0 
1422240.000000 0.860604 1422240.000000 0.860604 0.998228 0.420559 0.215151 0.000000 0 
1346880.000000 0.876400 1346880.000000 0.876400 0.998153 0.380043 0.219100 0.000000 0 
1444800.000000 0.849157 1444800.000000 0.849157 0.986422 0.432688 0.212289 0.000000 0 
1320000.000000 0.883594 1320000.000000 0.883594 0.997399 0.365591 0.220899 0.000000 0 
1232160.000000 0.916119 1232160.000000 0.916119 0.989132 0.318366 0.229030 0.000000 0 
1486560.000000 0.838633 1486560.000000 0.838633 0.998236 0.455140 0.209658 0.000000 0 
1216800.000000 0.918330 1216800.000000 0.918330 0.992851 0.310108 0.229582 0.000000 0 
1469280.000000 0.844254 1469280.000000 0.844254 0.986182 0.445849 0.211064 0.000000 0 
1036560.000000 1.086664 1036560.000000 1.086664 0.991659 0.213204 0.271666 0.000000 0 
1185120.000000 0.925945 1185120.000000 0.925945 0.999381 0.293075 0.231486 0.000000 0 
1024560.000000 1.089684 1024560.000000 1.089684 0.997724 0.206753 0.272421 0.000000 0 
1459920.000000 0.848491 1459920.000000 0.848491 0.994711 0.440817 0.212123 0.000000 0 
1309440.000000 0.893051 1309440.000000 0.893051 0.998532 0.359914 0.223263 0.000000 0 
1760640.000000 0.814074 1760640.000000 0.814074 0.972392 0.602495 0.203518 0.000000 0 
1205520.000000 0.920133 1205520.000000 0.920133 0.999902 0.304043 0.230033 0.000000 0 
1240560.000000 0.911437 1240560.000000 0.911437 0.994646 0.322882 0.227859 0.000000 0 
1066800.000000 1.046738 1066800.000000 1.046738 0.985316 0.229462 0.261685 0.000000 0 
1195680.000000 0.923867 1195680.000000 0.923867 0.999200 0.298753 0.230967 0.000000 0 
1039920.000000 1.075572 1039920.000000 1.075572 0.993551 0.215011 0.268893 0.000000 0 
1123440.000000 0.997693 1123440.000000 0.997693 0.998309 0.259914 0.249423 0.000000 0 
1128720.000000 0.994707 1128720.000000 0.994707 0.994519 0.262753 0.248677 0.000000 0 
1539120.000000 0.830148 1539120.000000 0.830148 0.998263 0.483398 0.207537 0.000000 0 
974400.000000 1.255845 974400.000000 1.255845 0.993900 0.179785 0.313961 0.000000 0 
928800.000000 1.430693 928800.000000 1.430693 0.993039 0.155269 0.357673 0.000000 0 
1256640.000000 0.901916 1256640.000000 0.901916 0.993757 0.331527 0.225479 0.000000 0 
1049520.000000 1.065195 1049520.000000 1.065195 0.999619 0.220172 0.266299 0.000000 0 
1056720.000000 1.058686 1056720.000000 1.058686 0.995533 0.224043 0.264672 0.000000 0 
1481760.000000 0.840379 1481760.000000 0.840379 0.994185 0.452559 0.210095 0.000000 0 
983520.000000 1.204327 983520.000000 1.204327 0.988451 0.184688 0.301082 0.000000 0 
949200.000000 1.337797 949200.000000 1.337797 0.993668 0.166237 0.334449 0.000000 0 
1060080.000000 1.052901 1060080.000000 1.052901 0.986381 0.225849 0.263225 0.000000 0 
964800.000000 1.268144 964800.000000 1.268144 0.994504 0.174624 0.317036 0.000000 0 
1022640.000000 1.101959 1022640.000000 1.101959 0.996598 0.205720 0.275490 0.000000 0 
930480.000000 1.412621 930480.000000 1.412621 0.991049 0.156172 0.353155 0.000000 0 
1116240.000000 1.007355 1116240.000000 1.007355 0.997079 0.256043 0.251839 0.000000 0 
931440.000000 1.412200 931440.000000 1.412200 0.990642 0.156688 0.353050 0.000000 0 
1015920.000000 1.102559 1015920.000000 1.102559 0.998903 0.202108 0.275640 0.000000 0 
1075920.000000 1.042665 1075920.000000 1.042665 0.997291 0.234366 0.260666 0.000000 0 
1043520.000000 1.068829 1043520.000000 1.068829 0.999575 0.216946 0.267207 0.000000 0 
1310640.000000 0.886345 1310640.000000 0.886345 0.996619 0.360559 0.221586 0.000000 0 
1408320.000000 0.862990 1408320.000000 0.862990 0.989636 0.413075 0.215747 0.000000 0 
1114800.000000 1.010400 1114800.000000 1.010400 0.997797 0.255269 0.252600 0.000000 0 
1405440.000000 0.864189 1405440.000000 0.864189 0.986447 0.411527 0.216047 0.000000 0 
1361760.000000 0.873007 1361760.000000 0.873007 0.999130 0.388043 0.218252 0.000000 0 
1361760.000000 0.873007 1361760.000000 0.873007 0.999130 0.388043 0.218252 0.000000 0 
927120.000000 1.433208 927120.000000 1.433208 0.985322 0.154366 0.358302 0.000000 0 
1170000.000000 0.928287 1170000.000000 0.928287 0.999010 0.284946 0.232072 0.000000 0 
1005840.000000 1.106253 1005840.000000 1.106253 0.996650 0.196688 0.276563 0.000000 0 
1248000.000000 0.905773 1248000.000000 0.905773 0.998073 0.326882 0.226443 0.000000 0 
1082160.000000 1.019786 1082160.000000 1.019786 0.999762 0.237720 0.254947 0.000000 0 
873120.000000 1.766669 873120.000000 1.766669 0.989545 0.125333 0.441667 0.000000 0 
1263600.000000 0.897220 1263600.000000 0.897220 0.999448 0.335269 0.224305 0.000000 0 
917040.000000 1.495948 917040.000000 1.495948 0.994094 0.148946 0.373987 0.000000 0 
#Generacion: 3500 
#Distancia: 339.775051 
863040.000000 1.750715 863040.000000 1.750715 0.994792 0.119914 0.437679 0.000000 0 
1900560.000000 0.802831 1900560.000000 0.802831 0.994764 0.677720 0.200708 0.000000 0 
873120.000000 1.640734 873120.000000 1.640734 0.994434 0.125333 0.410184 0.000000 0 
871440.000000 1.748611 871440.000000 1.748611 0.982084 0.124430 0.437153 0.000000 0 
899520.000000 1.499975 899520.000000 1.499975 0.999787 0.139527 0.374994 0.000000 0 
882960.000000 1.622484 882960.000000 1.622484 0.980397 0.130624 0.405621 0.000000 0 
1837200.000000 0.805566 1837200.000000 0.805566 0.989964 0.643656 0.201391 0.000000 0 
934800.000000 1.349161 934800.000000 1.349161 0.999036 0.158495 0.337290 0.000000 0 
930480.000000 1.412065 930480.000000 1.412065 0.990693 0.156172 0.353016 0.000000 0 
885600.000000 1.558803 885600.000000 1.558803 0.994521 0.132043 0.389701 0.000000 0 
885600.000000 1.558803 885600.000000 1.558803 0.994521 0.132043 0.389701 0.000000 0 
1634400.000000 0.822388 1634400.000000 0.822388 0.999760 0.534624 0.205597 0.000000 0 
1586160.000000 0.824911 1586160.000000 0.824911 0.999112 0.508688 0.206228 0.000000 0 
979200.000000 1.173428 979200.000000 1.173428 0.996568 0.182366 0.293357 0.000000 0 
957840.000000 1.265744 957840.000000 1.265744 0.994128 0.170882 0.316436 0.000000 0 
954000.000000 1.299086 954000.000000 1.299086 0.991994 0.168817 0.324772 0.000000 0 
1145760.000000 0.975842 1145760.000000 0.975842 0.999484 0.271914 0.243960 0.000000 0 
1164720.000000 0.942746 1164720.000000 0.942746 0.986222 0.282108 0.235687 0.000000 0 
970800.000000 1.251642 970800.000000 1.251642 0.997866 0.177849 0.312910 0.000000 0 
996240.000000 1.154484 996240.000000 1.154484 0.989069 0.191527 0.288621 0.000000 0 
1354080.000000 0.871013 1354080.000000 0.871013 0.988271 0.383914 0.217753 0.000000 0 
975840.000000 1.215432 975840.000000 1.215432 0.993843 0.180559 0.303858 0.000000 0 
942000.000000 1.346621 942000.000000 1.346621 0.981736 0.162366 0.336655 0.000000 0 
1575120.000000 0.827739 1575120.000000 0.827739 0.984609 0.502753 0.206935 0.000000 0 
997920.000000 1.122111 997920.000000 1.122111 0.990305 0.192430 0.280528 0.000000 0 
1024560.000000 1.089684 1024560.000000 1.089684 0.997724 0.206753 0.272421 0.000000 0 
1541280.000000 0.828640 1541280.000000 0.828640 0.998324 0.484559 0.207160 0.000000 0 
1121280.000000 0.986240 1121280.000000 0.986240 0.986287 0.258753 0.246560 0.000000 0 
1107840.000000 1.017979 1107840.000000 1.017979 0.998715 0.251527 0.254495 0.000000 0 
975840.000000 1.215432 975840.000000 1.215432 0.993843 0.180559 0.303858 0.000000 0 
946080.000000 1.314647 946080.000000 1.314647 0.997606 0.164559 0.328662 0.000000 0 
1780320.000000 0.812130 1780320.000000 0.812130 0.987564 0.613075 0.203032 0.000000 0 
1047600.000000 1.048855 1047600.000000 1.048855 0.991872 0.219140 0.262214 0.000000 0 
1693440.000000 0.817421 1693440.000000 0.817421 0.993106 0.566366 0.204355 0.000000 0 
1058400.000000 1.036858 1058400.000000 1.036858 0.988188 0.224946 0.259215 0.000000 0 
1733280.000000 0.815715 1733280.000000 0.815715 0.988108 0.587785 0.203929 0.000000 0 
1438320.000000 0.850302 1438320.000000 0.850302 0.998595 0.429204 0.212576 0.000000 0 
917040.000000 1.446002 917040.000000 1.446002 0.991380 0.148946 0.361500 0.000000 0 
1068960.000000 1.028808 1068960.000000 1.028808 0.984092 0.230624 0.257202 0.000000 0 
1384080.000000 0.866434 1384080.000000 0.866434 0.986593 0.400043 0.216609 0.000000 0 
927360.000000 1.436822 927360.000000 1.436822 0.999648 0.154495 0.359206 0.000000 0 
1293360.000000 0.891294 1293360.000000 0.891294 0.997644 0.351269 0.222824 0.000000 0 
1713600.000000 0.816279 1713600.000000 0.816279 0.998935 0.577204 0.204070 0.000000 0 
1470480.000000 0.843965 1470480.000000 0.843965 0.987819 0.446495 0.210991 0.000000 0 
1451520.000000 0.844167 1451520.000000 0.844167 0.985584 0.436301 0.211042 0.000000 0 
1822320.000000 0.809913 1822320.000000 0.809913 0.989906 0.635656 0.202478 0.000000 0 
1170000.000000 0.928287 1170000.000000 0.928287 0.999010 0.284946 0.232072 0.000000 0 
1417680.000000 0.852626 1417680.000000 0.852626 0.991202 0.418108 0.213157 0.000000 0 
1116240.000000 1.007005 1116240.000000 1.007005 0.998611 0.256043 0.251751 0.000000 0 
1159680.000000 0.966705 1159680.000000 0.966705 0.995020 0.279398 0.241676 0.000000 0 
1010400.000000 1.098916 1010400.000000 1.098916 0.988257 0.199140 0.274729 0.000000 0 
1486560.000000 0.838633 1486560.000000 0.838633 0.998236 0.455140 0.209658 0.000000 0 
1038480.000000 1.058866 1038480.000000 1.058866 0.992086 0.214237 0.264717 0.000000 0 
1649760.000000 0.820115 1649760.000000 0.820115 0.995709 0.542882 0.205029 0.000000 0 
915600.000000 1.465331 915600.000000 1.465331 0.998309 0.148172 0.366333 0.000000 0 
1031040.000000 1.075158 1031040.000000 1.075158 0.998272 0.210237 0.268790 0.000000 0 
1318320.000000 0.885361 1318320.000000 0.885361 0.999475 0.364688 0.221340 0.000000 0 
1216800.000000 0.918330 1216800.000000 0.918330 0.992851 0.310108 0.229582 0.000000 0 
1185120.000000 0.925945 1185120.000000 0.925945 0.999381 0.293075 0.231486 0.000000 0 
928800.000000 1.418400 928800.000000 1.418400 0.999102 0.155269 0.354600 0.000000 0 
877200.000000 1.630856 877200.000000 1.630856 0.988417 0.127527 0.407714 0.000000 0 
1232160.000000 0.916119 1232160.000000 0.916119 0.989132 0.318366 0.229030 0.000000 0 
1754400.000000 0.814081 1754400.000000 0.814081 0.988531 0.599140 0.203520 0.000000 0 
1672800.000000 0.818908 1672800.000000 0.818908 0.996693 0.555269 0.204727 0.000000 0 
965760.000000 1.253666 965760.000000 1.253666 0.994875 0.175140 0.313417 0.000000 0 
1248000.000000 0.905773 1248000.000000 0.905773 0.998073 0.326882 0.226443 0.000000 0 
1274160.000000 0.895127 1274160.000000 0.895127 0.998278 0.340946 0.223782 0.000000 0 
1760640.000000 0.814074 1760640.000000 0.814074 0.972392 0.602495 0.203518 0.000000 0 
1341120.000000 0.873312 1341120.000000 0.873312 0.994642 0.376946 0.218328 0.000000 0 
1117680.000000 0.991987 1117680.000000 0.991987 0.990134 0.256817 0.247997 0.000000 0 
1084320.000000 1.019169 1084320.000000 1.019169 0.985902 0.238882 0.254792 0.000000 0 
1519200.000000 0.832035 1519200.000000 0.832035 0.997617 0.472688 0.208009 0.000000 0 
1233360.000000 0.906498 1233360.000000 0.906498 0.994931 0.319011 0.226624 0.000000 0 
912720.000000 1.471825 912720.000000 1.471825 0.997476 0.146624 0.367956 0.000000 0 
1500480.000000 0.838095 1500480.000000 0.838095 0.990000 0.462624 0.209524 0.000000 0 
904080.000000 1.484490 904080.000000 1.484490 0.996864 0.141978 0.371123 0.000000 0 
1205520.000000 0.920133 1205520.000000 0.920133 0.999902 0.304043 0.230033 0.000000 0 
1196640.000000 0.924411 1196640.000000 0.924411 0.998631 0.299269 0.231103 0.000000 0 
1005840.000000 1.106253 1005840.000000 1.106253 0.996650 0.196688 0.276563 0.000000 0 
1397280.000000 0.857601 1397280.000000 0.857601 0.995514 0.407140 0.214400 0.000000 0 
1082160.000000 1.019786 1082160.000000 1.019786 0.999762 0.237720 0.254947 0.000000 0 
1405200.000000 0.855181 1405200.000000 0.855181 0.997903 0.411398 0.213795 0.000000 0 
1532640.000000 0.831152 1532640.000000 0.831152 0.999956 0.479914 0.207788 0.000000 0 
1337520.000000 0.881316 1337520.000000 0.881316 0.998183 0.375011 0.220329 0.000000 0 
1508640.000000 0.834066 1508640.000000 0.834066 0.997008 0.467011 0.208517 0.000000 0 
1004400.000000 1.117502 1004400.000000 1.117502 0.988999 0.195914 0.279376 0.000000 0 
1034160.000000 1.069080 1034160.000000 1.069080 0.996783 0.211914 0.267270 0.000000 0 
1802400.000000 0.811900 1802400.000000 0.811900 0.993596 0.624946 0.202975 0.000000 0 
951120.000000 1.314516 951120.000000 1.314516 0.997885 0.167269 0.328629 0.000000 0 
1259760.000000 0.895734 1259760.000000 0.895734 0.999709 0.333204 0.223933 0.000000 0 
988080.000000 1.160139 988080.000000 1.160139 0.994588 0.187140 0.290035 0.000000 0 
1667040.000000 0.819758 1667040.000000 0.819758 0.999818 0.552172 0.204939 0.000000 0 
1154160.000000 0.967714 1154160.000000 0.967714 0.993609 0.276430 0.241929 0.000000 0 
1324560.000000 0.881608 1324560.000000 0.881608 0.996243 0.368043 0.220402 0.000000 0 
984240.000000 1.166301 984240.000000 1.166301 0.991992 0.185075 0.291575 0.000000 0 
1285440.000000 0.893474 1285440.000000 0.893474 0.997112 0.347011 0.223368 0.000000 0 
1384800.000000 0.860523 1384800.000000 0.860523 0.992739 0.400430 0.215131 0.000000 0 
1256640.000000 0.901916 1256640.000000 0.901916 0.993757 0.331527 0.225479 0.000000 0 
909120.000000 1.484188 909120.000000 1.484188 0.995325 0.144688 0.371047 0.000000 0 
1805040.000000 0.811840 1805040.000000 0.811840 0.991215 0.626366 0.202960 0.000000 0 
#Generacion: 4000 
#Distancia: 347.076869 
863040.000000 1.750715 863040.000000 1.750715 0.994792 0.119914 0.437679 0.000000 0 
1900560.000000 0.802831 1900560.000000 0.802831 0.994764 0.677720 0.200708 0.000000 0 
869520.000000 1.746399 869520.000000 1.746399 0.995219 0.123398 0.436600 0.000000 0 
873120.000000 1.640734 873120.000000 1.640734 0.994434 0.125333 0.410184 0.000000 0 
934800.000000 1.314595 934800.000000 1.314595 0.996855 0.158495 0.328649 0.000000 0 
931200.000000 1.399722 931200.000000 1.399722 0.996566 0.156559 0.349930 0.000000 0 
1829280.000000 0.805485 1829280.000000 0.805485 0.995793 0.639398 0.201371 0.000000 0 
899520.000000 1.499975 899520.000000 1.499975 0.999787 0.139527 0.374994 0.000000 0 
896400.000000 1.549928 896400.000000 1.549928 0.998394 0.137849 0.387482 0.000000 0 
1795440.000000 0.810202 1795440.000000 0.810202 0.989896 0.621204 0.202550 0.000000 0 
1736400.000000 0.811943 1736400.000000 0.811943 0.991531 0.589462 0.202986 0.000000 0 
959280.000000 1.255828 959280.000000 1.255828 0.997512 0.171656 0.313957 0.000000 0 
974160.000000 1.222194 974160.000000 1.222194 0.992715 0.179656 0.305548 0.000000 0 
1083840.000000 1.003789 1083840.000000 1.003789 0.981570 0.238624 0.250947 0.000000 0 
975840.000000 1.215432 975840.000000 1.215432 0.993843 0.180559 0.303858 0.000000 0 
979200.000000 1.173428 979200.000000 1.173428 0.996568 0.182366 0.293357 0.000000 0 
1649760.000000 0.820115 1649760.000000 0.820115 0.995709 0.542882 0.205029 0.000000 0 
917040.000000 1.446002 917040.000000 1.446002 0.991380 0.148946 0.361500 0.000000 0 
1107600.000000 0.987786 1107600.000000 0.987786 0.993307 0.251398 0.246946 0.000000 0 
882000.000000 1.577987 882000.000000 1.577987 0.987773 0.130108 0.394497 0.000000 0 
876960.000000 1.623589 876960.000000 1.623589 0.991497 0.127398 0.405897 0.000000 0 
984960.000000 1.138512 984960.000000 1.138512 0.994520 0.185462 0.284628 0.000000 0 
1610640.000000 0.820854 1610640.000000 0.820854 0.993494 0.521849 0.205213 0.000000 0 
1164720.000000 0.942746 1164720.000000 0.942746 0.986222 0.282108 0.235687 0.000000 0 
919200.000000 1.417426 919200.000000 1.417426 0.998552 0.150108 0.354356 0.000000 0 
904080.000000 1.484490 904080.000000 1.484490 0.996864 0.141978 0.371123 0.000000 0 
949680.000000 1.279279 949680.000000 1.279279 0.994688 0.166495 0.319820 0.000000 0 
885600.000000 1.558803 885600.000000 1.558803 0.994521 0.132043 0.389701 0.000000 0 
980400.000000 1.166229 980400.000000 1.166229 0.997951 0.183011 0.291557 0.000000 0 
1050480.000000 1.047932 1050480.000000 1.047932 0.992347 0.220688 0.261983 0.000000 0 
1068960.000000 1.028808 1068960.000000 1.028808 0.984092 0.230624 0.257202 0.000000 0 
1082160.000000 1.019786 1082160.000000 1.019786 0.999762 0.237720 0.254947 0.000000 0 
1039200.000000 1.058312 1039200.000000 1.058312 0.995675 0.214624 0.264578 0.000000 0 
1020480.000000 1.075529 1020480.000000 1.075529 0.996032 0.204559 0.268882 0.000000 0 
1154880.000000 0.960815 1154880.000000 0.960815 0.994555 0.276817 0.240204 0.000000 0 
1500240.000000 0.836228 1500240.000000 0.836228 0.985596 0.462495 0.209057 0.000000 0 
1299600.000000 0.888439 1299600.000000 0.888439 0.994714 0.354624 0.222110 0.000000 0 
1058400.000000 1.036858 1058400.000000 1.036858 0.988188 0.224946 0.259215 0.000000 0 
1801440.000000 0.809571 1801440.000000 0.809571 0.983429 0.624430 0.202393 0.000000 0 
1170000.000000 0.928287 1170000.000000 0.928287 0.999010 0.284946 0.232072 0.000000 0 
1519200.000000 0.832035 1519200.000000 0.832035 0.997617 0.472688 0.208009 0.000000 0 
1029600.000000 1.067095 1029600.000000 1.067095 0.997851 0.209462 0.266774 0.000000 0 
1139280.000000 0.974177 1139280.000000 0.974177 0.999245 0.268430 0.243544 0.000000 0 
1020240.000000 1.096522 1020240.000000 1.096522 0.971579 0.204430 0.274130 0.000000 0 
957840.000000 1.265744 957840.000000 1.265744 0.994128 0.170882 0.316436 0.000000 0 
1318320.000000 0.885361 1318320.000000 0.885361 0.999475 0.364688 0.221340 0.000000 0 
1284960.000000 0.890957 1284960.000000 0.890957 0.999834 0.346753 0.222739 0.000000 0 
1692240.000000 0.818095 1692240.000000 0.818095 0.991795 0.565720 0.204524 0.000000 0 
1541280.000000 0.828640 1541280.000000 0.828640 0.998324 0.484559 0.207160 0.000000 0 
1586160.000000 0.824911 1586160.000000 0.824911 0.999112 0.508688 0.206228 0.000000 0 
1431840.000000 0.851584 1431840.000000 0.851584 0.997240 0.425720 0.212896 0.000000 0 
1667040.000000 0.819758 1667040.000000 0.819758 0.999818 0.552172 0.204939 0.000000 0 
945600.000000 1.297829 945600.000000 1.297829 0.998505 0.164301 0.324457 0.000000 0 
904560.000000 1.461251 904560.000000 1.461251 0.999639 0.142237 0.365313 0.000000 0 
930480.000000 1.412065 930480.000000 1.412065 0.990693 0.156172 0.353016 0.000000 0 
1134960.000000 0.985450 1134960.000000 0.985450 0.985037 0.266108 0.246363 0.000000 0 
1562400.000000 0.828515 1562400.000000 0.828515 0.996787 0.495914 0.207129 0.000000 0 
992880.000000 1.127732 992880.000000 1.127732 0.995606 0.189720 0.281933 0.000000 0 
1185120.000000 0.925945 1185120.000000 0.925945 0.999381 0.293075 0.231486 0.000000 0 
1486560.000000 0.838633 1486560.000000 0.838633 0.998236 0.455140 0.209658 0.000000 0 
1354080.000000 0.871013 1354080.000000 0.871013 0.988271 0.383914 0.217753 0.000000 0 
1417680.000000 0.852626 1417680.000000 0.852626 0.991202 0.418108 0.213157 0.000000 0 
1274160.000000 0.895127 1274160.000000 0.895127 0.998278 0.340946 0.223782 0.000000 0 
1147200.000000 0.963998 1147200.000000 0.963998 0.999670 0.272688 0.240999 0.000000 0 
1121280.000000 0.986240 1121280.000000 0.986240 0.986287 0.258753 0.246560 0.000000 0 
1220880.000000 0.912443 1220880.000000 0.912443 0.994060 0.312301 0.228111 0.000000 0 
1365600.000000 0.866766 1365600.000000 0.866766 0.996738 0.390108 0.216691 0.000000 0 
1233360.000000 0.906498 1233360.000000 0.906498 0.994931 0.319011 0.226624 0.000000 0 
904800.000000 1.456348 904800.000000 1.456348 0.991680 0.142366 0.364087 0.000000 0 
939120.000000 1.298481 939120.000000 1.298481 0.999832 0.160817 0.324620 0.000000 0 
1598160.000000 0.822575 1598160.000000 0.822575 0.993062 0.515140 0.205644 0.000000 0 
1384800.000000 0.860523 1384800.000000 0.860523 0.992739 0.400430 0.215131 0.000000 0 
1239840.000000 0.903044 1239840.000000 0.903044 0.990409 0.322495 0.225761 0.000000 0 
1256640.000000 0.901916 1256640.000000 0.901916 0.993757 0.331527 0.225479 0.000000 0 
1447440.000000 0.850060 1447440.000000 0.850060 0.998421 0.434108 0.212515 0.000000 0 
1571040.000000 0.827587 1571040.000000 0.827587 0.992087 0.500559 0.206897 0.000000 0 
1340880.000000 0.872356 1340880.000000 0.872356 0.984637 0.376817 0.218089 0.000000 0 
1709760.000000 0.815889 1709760.000000 0.815889 0.996300 0.575140 0.203972 0.000000 0 
1680000.000000 0.818617 1680000.000000 0.818617 0.992599 0.559140 0.204654 0.000000 0 
1205520.000000 0.920133 1205520.000000 0.920133 0.999902 0.304043 0.230033 0.000000 0 
1196640.000000 0.924411 1196640.000000 0.924411 0.998631 0.299269 0.231103 0.000000 0 
1465680.000000 0.843751 1465680.000000 0.843751 0.997456 0.443914 0.210938 0.000000 0 
1476960.000000 0.843147 1476960.000000 0.843147 0.995895 0.449978 0.210787 0.000000 0 
1397280.000000 0.857601 1397280.000000 0.857601 0.995514 0.407140 0.214400 0.000000 0 
1374000.000000 0.862351 1374000.000000 0.862351 0.994026 0.394624 0.215588 0.000000 0 
1405200.000000 0.855181 1405200.000000 0.855181 0.997903 0.411398 0.213795 0.000000 0 
1532640.000000 0.831152 1532640.000000 0.831152 0.999956 0.479914 0.207788 0.000000 0 
998160.000000 1.110666 998160.000000 1.110666 0.996818 0.192559 0.277667 0.000000 0 
1451520.000000 0.844167 1451520.000000 0.844167 0.985584 0.436301 0.211042 0.000000 0 
1005840.000000 1.106253 1005840.000000 1.106253 0.996650 0.196688 0.276563 0.000000 0 
1010400.000000 1.098916 1010400.000000 1.098916 0.988257 0.199140 0.274729 0.000000 0 
1259760.000000 0.895734 1259760.000000 0.895734 0.999709 0.333204 0.223933 0.000000 0 
882000.000000 1.577987 882000.000000 1.577987 0.987773 0.130108 0.394497 0.000000 0 
1715040.000000 0.814009 1715040.000000 0.814009 0.993237 0.577978 0.203502 0.000000 0 
997920.000000 1.122111 997920.000000 1.122111 0.990305 0.192430 0.280528 0.000000 0 
1327200.000000 0.881457 1327200.000000 0.881457 0.999339 0.369462 0.220364 0.000000 0 
1216800.000000 0.918330 1216800.000000 0.918330 0.992851 0.310108 0.229582 0.000000 0 
1334640.000000 0.878408 1334640.000000 0.878408 0.989269 0.373462 0.219602 0.000000 0 
1731840.000000 0.813858 1731840.000000 0.813858 0.998656 0.587011 0.203464 0.000000 0 
876960.000000 1.623589 876960.000000 1.623589 0.991497 0.127398 0.405897 0.000000 0 
#Generacion: 4500 
#Distancia: 341.387778 
853680.000000 1.832683 853680.000000 1.832683 0.998144 0.114882 0.458171 0.000000 0 
853680.000000 1.832683 853680.000000 1.832683 0.998144 0.114882 0.458171 0.000000 0 
1900560.000000 0.802831 1900560.000000 0.802831 0.994764 0.677720 0.200708 0.000000 0 
872160.000000 1.638038 872160.000000 1.638038 0.992590 0.124817 0.409509 0.000000 0 
869520.000000 1.746399 869520.000000 1.746399 0.995219 0.123398 0.436600 0.000000 0 
932880.000000 1.312744 932880.000000 1.312744 0.999115 0.157462 0.328186 0.000000 0 
863040.000000 1.750367 863040.000000 1.750367 0.991490 0.119914 0.437592 0.000000 0 
930960.000000 1.397971 930960.000000 1.397971 0.995114 0.156430 0.349493 0.000000 0 
858720.000000 1.832615 858720.000000 1.832615 0.997220 0.117591 0.458154 0.000000 0 
1827360.000000 0.804336 1827360.000000 0.804336 0.998096 0.638366 0.201084 0.000000 0 
896400.000000 1.549928 896400.000000 1.549928 0.998394 0.137849 0.387482 0.000000 0 
877680.000000 1.622844 877680.000000 1.622844 0.989802 0.127785 0.405711 0.000000 0 
903840.000000 1.456196 903840.000000 1.456196 0.993872 0.141849 0.364049 0.000000 0 
1786560.000000 0.810124 1786560.000000 0.810124 0.991838 0.616430 0.202531 0.000000 0 
984000.000000 1.138726 984000.000000 1.138726 0.997119 0.184946 0.284682 0.000000 0 
1736400.000000 0.811943 1736400.000000 0.811943 0.991531 0.589462 0.202986 0.000000 0 
911040.000000 1.443207 911040.000000 1.443207 0.990101 0.145720 0.360802 0.000000 0 
1056960.000000 1.025737 1056960.000000 1.025737 0.998931 0.224172 0.256434 0.000000 0 
1163040.000000 0.931169 1163040.000000 0.931169 0.997128 0.281204 0.232792 0.000000 0 
899520.000000 1.499975 899520.000000 1.499975 0.999787 0.139527 0.374994 0.000000 0 
940080.000000 1.296965 940080.000000 1.296965 0.996319 0.161333 0.324241 0.000000 0 
882000.000000 1.577987 882000.000000 1.577987 0.987773 0.130108 0.394497 0.000000 0 
1155360.000000 0.950148 1155360.000000 0.950148 0.988484 0.277075 0.237537 0.000000 0 
899520.000000 1.499975 899520.000000 1.499975 0.999787 0.139527 0.374994 0.000000 0 
1417680.000000 0.852626 1417680.000000 0.852626 0.991202 0.418108 0.213157 0.000000 0 
1018080.000000 1.059403 1018080.000000 1.059403 0.994150 0.203269 0.264851 0.000000 0 
1088640.000000 0.991354 1088640.000000 0.991354 0.989365 0.241204 0.247839 0.000000 0 
990480.000000 1.107011 990480.000000 1.107011 0.999253 0.188430 0.276753 0.000000 0 
975120.000000 1.196669 975120.000000 1.196669 0.998652 0.180172 0.299167 0.000000 0 
1361520.000000 0.866663 1361520.000000 0.866663 0.992601 0.387914 0.216666 0.000000 0 
885600.000000 1.558803 885600.000000 1.558803 0.994521 0.132043 0.389701 0.000000 0 
1006560.000000 1.098253 1006560.000000 1.098253 0.993168 0.197075 0.274563 0.000000 0 
1447440.000000 0.850060 1447440.000000 0.850060 0.998421 0.434108 0.212515 0.000000 0 
1249200.000000 0.901455 1249200.000000 0.901455 0.997844 0.327527 0.225364 0.000000 0 
1264320.000000 0.894451 1264320.000000 0.894451 0.999659 0.335656 0.223613 0.000000 0 
1326240.000000 0.880612 1326240.000000 0.880612 0.992926 0.368946 0.220153 0.000000 0 
1068240.000000 1.002079 1068240.000000 1.002079 0.987785 0.230237 0.250520 0.000000 0 
1185120.000000 0.925945 1185120.000000 0.925945 0.999381 0.293075 0.231486 0.000000 0 
1630560.000000 0.820132 1630560.000000 0.820132 0.998686 0.532559 0.205033 0.000000 0 
1147200.000000 0.963998 1147200.000000 0.963998 0.999670 0.272688 0.240999 0.000000 0 
974160.000000 1.222194 974160.000000 1.222194 0.992715 0.179656 0.305548 0.000000 0 
1233840.000000 0.906188 1233840.000000 0.906188 0.998965 0.319269 0.226547 0.000000 0 
1312560.000000 0.886001 1312560.000000 0.886001 0.996647 0.361591 0.221500 0.000000 0 
1049520.000000 1.037280 1049520.000000 1.037280 0.999487 0.220172 0.259320 0.000000 0 
1104480.000000 0.987238 1104480.000000 0.987238 0.985151 0.249720 0.246810 0.000000 0 
1296480.000000 0.889360 1296480.000000 0.889360 0.994483 0.352946 0.222340 0.000000 0 
1278960.000000 0.890167 1278960.000000 0.890167 0.998731 0.343527 0.222542 0.000000 0 
1586160.000000 0.824911 1586160.000000 0.824911 0.999112 0.508688 0.206228 0.000000 0 
1486560.000000 0.838633 1486560.000000 0.838633 0.998236 0.455140 0.209658 0.000000 0 
978000.000000 1.183236 978000.000000 1.183236 0.999799 0.181720 0.295809 0.000000 0 
1210320.000000 0.917643 1210320.000000 0.917643 0.997161 0.306624 0.229411 0.000000 0 
1662240.000000 0.818316 1662240.000000 0.818316 0.998623 0.549591 0.204579 0.000000 0 
967200.000000 1.241617 967200.000000 1.241617 0.987103 0.175914 0.310404 0.000000 0 
1220880.000000 0.912443 1220880.000000 0.912443 0.994060 0.312301 0.228111 0.000000 0 
1036080.000000 1.054879 1036080.000000 1.054879 0.999156 0.212946 0.263720 0.000000 0 
1609680.000000 0.820789 1609680.000000 0.820789 0.993553 0.521333 0.205197 0.000000 0 
919200.000000 1.417426 919200.000000 1.417426 0.998552 0.150108 0.354356 0.000000 0 
1532640.000000 0.831152 1532640.000000 0.831152 0.999956 0.479914 0.207788 0.000000 0 
1195920.000000 0.923344 1195920.000000 0.923344 0.998250 0.298882 0.230836 0.000000 0 
1139280.000000 0.974177 1139280.000000 0.974177 0.999245 0.268430 0.243544 0.000000 0 
1649760.000000 0.820115 1649760.000000 0.820115 0.995709 0.542882 0.205029 0.000000 0 
953520.000000 1.256080 953520.000000 1.256080 0.999524 0.168559 0.314020 0.000000 0 
1121280.000000 0.986240 1121280.000000 0.986240 0.986287 0.258753 0.246560 0.000000 0 
1541280.000000 0.828640 1541280.000000 0.828640 0.998324 0.484559 0.207160 0.000000 0 
981360.000000 1.163646 981360.000000 1.163646 0.997969 0.183527 0.290911 0.000000 0 
924480.000000 1.399919 924480.000000 1.399919 0.997073 0.152946 0.349980 0.000000 0 
1043040.000000 1.049503 1043040.000000 1.049503 0.999674 0.216688 0.262376 0.000000 0 
1073280.000000 1.001595 1073280.000000 1.001595 0.990393 0.232946 0.250399 0.000000 0 
1806960.000000 0.806605 1806960.000000 0.806605 0.999944 0.627398 0.201651 0.000000 0 
1506240.000000 0.835562 1506240.000000 0.835562 0.998345 0.465720 0.208890 0.000000 0 
1514400.000000 0.835318 1514400.000000 0.835318 0.999754 0.470108 0.208830 0.000000 0 
1129920.000000 0.980065 1129920.000000 0.980065 0.988719 0.263398 0.245016 0.000000 0 
1374000.000000 0.862351 1374000.000000 0.862351 0.994026 0.394624 0.215588 0.000000 0 
1707120.000000 0.814932 1707120.000000 0.814932 0.995119 0.573720 0.203733 0.000000 0 
959280.000000 1.255828 959280.000000 1.255828 0.997512 0.171656 0.313957 0.000000 0 
1683600.000000 0.818148 1683600.000000 0.818148 0.997024 0.561075 0.204537 0.000000 0 
1340880.000000 0.872356 1340880.000000 0.872356 0.984637 0.376817 0.218089 0.000000 0 
1405200.000000 0.855181 1405200.000000 0.855181 0.997903 0.411398 0.213795 0.000000 0 
1598160.000000 0.822575 1598160.000000 0.822575 0.993062 0.515140 0.205644 0.000000 0 
949680.000000 1.279279 949680.000000 1.279279 0.994688 0.166495 0.319820 0.000000 0 
1563840.000000 0.825278 1563840.000000 0.825278 0.994001 0.496688 0.206320 0.000000 0 
949680.000000 1.279279 949680.000000 1.279279 0.994688 0.166495 0.319820 0.000000 0 
1008480.000000 1.076537 1008480.000000 1.076537 0.999051 0.198108 0.269134 0.000000 0 
1010400.000000 1.075098 1010400.000000 1.075098 0.997772 0.199140 0.268774 0.000000 0 
1687200.000000 0.815210 1687200.000000 0.815210 0.999127 0.563011 0.203803 0.000000 0 
972240.000000 1.233632 972240.000000 1.233632 0.989559 0.178624 0.308408 0.000000 0 
1465680.000000 0.843751 1465680.000000 0.843751 0.997456 0.443914 0.210938 0.000000 0 
1476960.000000 0.843147 1476960.000000 0.843147 0.995895 0.449978 0.210787 0.000000 0 
1562400.000000 0.828515 1562400.000000 0.828515 0.996787 0.495914 0.207129 0.000000 0 
1384800.000000 0.860523 1384800.000000 0.860523 0.992739 0.400430 0.215131 0.000000 0 
1393680.000000 0.856280 1393680.000000 0.856280 0.998843 0.405204 0.214070 0.000000 0 
995520.000000 1.105819 995520.000000 1.105819 0.978465 0.191140 0.276455 0.000000 0 
1451520.000000 0.844167 1451520.000000 0.844167 0.985584 0.436301 0.211042 0.000000 0 
1801440.000000 0.809571 1801440.000000 0.809571 0.983429 0.624430 0.202393 0.000000 0 
1715040.000000 0.814009 1715040.000000 0.814009 0.993237 0.577978 0.203502 0.000000 0 
1728480.000000 0.812528 1728480.000000 0.812528 0.994003 0.585204 0.203132 0.000000 0 
980400.000000 1.166229 980400.000000 1.166229 0.997951 0.183011 0.291557 0.000000 0 
882000.000000 1.577987 882000.000000 1.577987 0.987773 0.130108 0.394497 0.000000 0 
919200.000000 1.417426 919200.000000 1.417426 0.998552 0.150108 0.354356 0.000000 0 
1339920.000000 0.872691 1339920.000000 0.872691 0.992085 0.376301 0.218173 0.000000 0 
#Generacion: 5000 
#Distancia: 348.333434 
