56288329.484190 54234650.921538 2053680.000000 1.437348 6.423465 29.918457 13558662.730385 54234649.484190 51 
53929058.565091 51756820.159003 2172240.000000 1.593912 6.175682 28.650031 12939205.039751 51756818.565091 46 
53544475106585.578125 53544473222587.859375 1884000.000000 2.280100 5354448.322259 28787351.863756 13386118305646.964844 53544473222585.578125 82 
60231947.856468 58400749.337661 1831200.000000 1.481193 6.840075 32.038682 14600187.334415 58400747.856468 57 
51275471.784593 49189393.052216 2086080.000000 1.267623 5.918939 27.223372 12297348.263054 49189391.784593 38 
42194297.682331 40122858.835719 2071440.000000 1.153388 5.012286 22.341020 10030714.708930 40122857.682331 10 
76008513.409458 73939955.675993 2068560.000000 2.266535 8.393995 40.520706 18484988.918998 73939953.409458 68 
76979596.787449 74866399.001434 2113200.000000 2.213985 8.486640 41.042794 18716599.750358 74866396.787449 69 
24445487.919638 22428769.303085 2016720.000000 1.383447 3.242877 12.798649 5607192.325771 22428767.919638 1 
55475757.905493 53496719.862609 1979040.000000 1.957115 6.349672 29.481590 13374179.965652 53496717.905493 49 
66972061.571404 64897983.533638 2074080.000000 1.962234 7.489798 35.662399 16224495.883410 64897981.571404 62 
51947780.099934 49948821.571158 1998960.000000 1.471224 5.994882 27.584828 12487205.392789 49948820.099934 41 
50266260.687089 48388022.094649 1878240.000000 1.407559 5.838802 26.680785 12097005.523662 48388020.687089 36 
2598434861823.232422 2598432940384.473145 1921440.000000 1.240905 259844.294038 1397007.646142 649608235096.118286 2598432940383.232422 77 
10019731344632.720703 10019729459675.015625 1884960.000000 2.294205 1001973.945967 5386951.991738 2504932364918.753906 10019729459672.720703 80 
78881880.302595 76808521.978031 2073360.000000 1.675436 8.680852 42.065527 19202130.494508 76808520.302595 71 
43634124.231040 41546365.999254 2087760.000000 1.768214 5.154636 23.115121 10386591.499813 41546364.231040 14 
75839023.371762 73661986.193813 2177040.000000 2.822051 8.366198 40.429582 18415496.548453 73661983.371762 67 
82746962.240176 80652003.676674 2094960.000000 1.436499 9.065200 44.143528 20163000.919169 80652002.240176 74 
43192683.702738 41189885.164017 2002800.000000 1.461279 5.118988 22.877787 10297471.291004 41189883.702738 12 
43899555.454579 41825716.589534 2073840.000000 1.134955 5.182572 23.257826 10456429.147384 41825715.454579 15 
1960930861351626.750000 1960930859376668.000000 1974960.000000 1.322402 196093086.937667 1054263903.608402 490232714844167.000000 1960930859376666.750000 89 
76129319069336.281250 76129316939577.562500 2129760.000000 1.280952 7612932.693958 40929741.091041 19032329234894.390625 76129316939576.281250 83 
78216394.362100 76319916.334301 1896480.000000 1.972201 8.631991 41.707739 19079979.083575 76319914.362100 70 
63777087.502565 62033489.495761 1743600.000000 1.993195 7.203349 33.944671 15508372.373940 62033487.502565 58 
48939004.681307 46754286.636198 2184720.000000 1.954891 5.675428 25.967207 11688571.659050 46754284.681307 30 
41000694.990400 39007256.331709 1993440.000000 1.341309 4.900725 21.699298 9751814.082927 39007254.990400 7 
47353110.265539 45458312.130880 1894800.000000 1.865341 5.545831 25.114575 11364578.032720 45458310.265539 25 
49659730.522477 47690051.806140 1969680.000000 1.283663 5.769005 26.354694 11922512.951535 47690050.522477 34 
52267820.345090 50412862.293072 1854960.000000 1.947981 6.041286 27.756893 12603215.573268 50412860.345090 45 
67445132.434643 65469933.877159 1975200.000000 1.442516 7.546993 35.916738 16367483.469290 65469932.434643 63 
48777189.708361 46869671.088087 1907520.000000 1.379727 5.686967 25.880210 11717417.772022 46869669.708361 30 
52055384.511543 50127946.083121 1927440.000000 1.571578 6.012794 27.642680 12531986.520780 50127944.511543 42 
36667965.390773 34663726.919089 2004240.000000 1.528316 4.466373 19.369874 8665931.729772 34663725.390773 6 
44291703.550696 42250745.294220 2040960.000000 1.743524 5.225074 23.468658 10562686.323555 42250743.550696 17 
80719329387901.703125 80719327431423.968750 1956480.000000 2.273080 8071933.743142 43397488.574141 20179831857855.992188 80719327431421.703125 85 
22810042.136274 20726364.094714 2083680.000000 1.958440 3.072636 11.919377 5181591.023678 20726362.136274 0 
66316792.952417 64265514.857188 2051280.000000 1.904771 7.426551 35.310104 16066378.714297 64265512.952417 60 
47281492.172678 45253733.880816 2027760.000000 1.708138 5.525373 25.076071 11313433.470204 45253732.172678 24 
59306743.169265 57419625.250703 1887120.000000 2.081439 6.741962 31.541260 14354906.312676 57419623.169265 56 
85195345915026.812500 85195343931188.375000 1983840.000000 1.558723 8519535.393119 45803949.072595 21298835982797.093750 85195343931186.812500 86 
52208036.516219 50250838.697576 1957200.000000 2.181357 6.025084 27.724751 12562709.674394 50250836.516219 44 
42982826.511032 40929148.754476 2053680.000000 2.243444 5.092915 22.764960 10232287.188619 40929146.511032 11 
52124030.057452 50252752.424978 1871280.000000 2.367526 6.025275 27.679586 12563188.106245 50252750.057452 43 
78420977730914.843750 78420975769396.593750 1961520.000000 1.753300 7842098.576939 42161815.640277 19605243942349.148438 78420975769394.843750 84 
48991162.635507 47047644.471886 1943520.000000 1.836379 5.704764 25.995249 11761911.117971 47047642.635507 32 
48433472.981078 46308514.429784 2124960.000000 1.448706 5.630851 25.695416 11577128.607446 46308512.981078 28 
68670412.225282 66519293.463593 2151120.000000 1.238312 7.651929 36.575490 16629823.365898 66519292.225282 64 
46770512.140469 44743714.324303 2026800.000000 2.183833 5.474371 24.801351 11185928.581076 44743712.140469 22 
56873232.643636 54817874.603605 2055360.000000 1.959969 6.481787 30.232921 13704468.650901 54817872.643636 52 
79918049.400430 77725170.886422 2192880.000000 1.485992 8.772517 42.622607 19431292.721605 77725169.400430 73 
51803206.241949 49818167.761574 1985040.000000 1.519626 5.981817 27.507100 12454541.940394 49818166.241949 40 
55663193.084003 53660394.782114 2002800.000000 1.698111 6.366039 29.582362 13415098.695529 53660393.084003 50 
58601989.645620 56579510.828253 2022480.000000 1.182634 6.657951 31.162360 14144877.707063 56579509.645620 54 
48890731.928568 46839693.857570 2051040.000000 1.929002 5.683969 25.941254 11709923.464392 46839691.928568 30 
43698501.428645 41888423.077956 1810080.000000 1.649312 5.188842 23.149732 10472105.769489 41888421.428645 15 
43624602.373815 41622763.816401 2001840.000000 1.442586 5.162276 23.110001 10405690.954100 41622762.373815 14 
64905373.068915 62972894.692702 1932480.000000 1.623787 7.297289 34.551276 15743223.673176 62972893.068915 59 
42117441.097605 40116562.855964 2000880.000000 1.758359 5.011656 22.299700 10029140.713991 40116561.097605 9 
79221451.596338 77269053.597774 1952400.000000 2.001437 8.726905 42.248092 19317263.399444 77269051.596338 72 
58438398.112129 56457920.057746 1980480.000000 1.945617 6.645792 31.074408 14114480.014436 56457918.112129 53 
46892282.516387 44938923.942941 1953360.000000 1.426554 5.493892 24.866819 11234730.985735 44938922.516387 23 
30239430.285507 28278392.414995 1961040.000000 2.129487 3.827839 15.913672 7069598.103749 28278390.285507 4 
48617983.661556 46539105.880726 2078880.000000 2.219170 5.653910 25.794615 11634776.470182 46539103.661556 29 
47566972.088462 45624654.309050 1942320.000000 2.220589 5.562465 25.229555 11406163.577263 45624652.088462 26 
72197998.575705 70109280.927849 2088720.000000 2.352145 8.010928 38.472042 17527320.231962 70109278.575705 65 
148274689114882.406250 148274687096003.875000 2018880.000000 1.471837 14827469.709600 79717574.448862 37068671774000.968750 148274687096002.406250 88 
44895177.090807 42848458.430801 2046720.000000 1.339994 5.284846 23.793106 10712114.607700 42848457.090807 20 
49894054.760390 48039816.470097 1854240.000000 1.709706 5.803981 26.480675 12009954.117524 48039814.760390 35 
47967205.843078 45742887.051366 2224320.000000 1.208288 5.574289 25.444734 11435721.762841 45742885.843078 27 
115148305.489351 113114546.978424 2033760.000000 1.489073 12.311455 61.563605 28278636.744606 113114545.489351 76 
48878266.029530 46960187.325829 1918080.000000 1.296299 5.696019 25.934552 11740046.831457 46960186.029530 31 
50991828.402003 48917029.698238 2074800.000000 1.296236 5.891703 27.070875 12229257.424560 48917028.402003 37 
46619802.179361 44659723.625942 1960080.000000 1.446582 5.465972 24.720324 11164930.906486 44659722.179361 21 
24845941.978913 22677543.209279 2168400.000000 1.230365 3.267754 13.013947 5669385.802320 22677541.978913 2 
49436264.485853 47398186.274754 2038080.000000 1.788902 5.739818 26.234551 11849546.568689 47398184.485853 33 
44165482.752804 42083004.897302 2082480.000000 2.144498 5.208300 23.400797 10520751.224325 42083002.752804 16 
8404494878663.971680 8404492866985.393555 2011680.000000 1.421917 840450.286698 4518545.289604 2101123216746.348389 8404492866983.971680 79 
59488058.965610 57390700.570843 2097360.000000 1.605233 6.739070 31.638741 14347675.142711 57390698.965610 56 
47164574.394981 45357856.377641 1806720.000000 1.982661 5.535785 25.013212 11339464.094410 45357854.394981 24 
4469878305856.229492 4469876322497.896484 1983360.000000 1.666515 446988.632250 2403160.035407 1117469080624.474121 4469876322496.229492 78 
48840708.990976 46844630.574845 1996080.000000 1.583870 5.684463 25.914360 11711157.643711 46844628.990976 30 
112376823.288541 110290984.525036 2085840.000000 1.236495 12.029098 60.073561 27572746.131259 110290983.288541 75 
59057634.804770 57051956.245584 2005680.000000 1.440815 6.705195 31.407331 14262989.061396 57051954.804770 55 
31692213.337852 29815655.027151 1876560.000000 1.689299 3.981565 16.694738 7453913.756788 29815653.337852 5 
51649707.678143 49753469.610322 1896240.000000 1.932179 5.975347 27.424574 12438367.402581 49753467.678143 39 
44437560.705113 42375002.173785 2062560.000000 1.468672 5.237500 23.547076 10593750.543446 42375000.705113 18 
66595730.303841 64536051.615182 2059680.000000 1.311341 7.453605 35.460070 16134012.903796 64536050.303841 61 
32402570946155.398438 32402568924876.597656 2021280.000000 1.200736 3240257.892488 17420736.723739 8100642231219.149414 32402568924875.398438 81 
43519260.521351 41510462.707824 2008800.000000 2.186473 5.151046 23.053366 10377615.676956 41510460.521351 13 
41653890.847139 39525092.748218 2128800.000000 1.901078 4.952509 22.050479 9881273.187054 39525090.847139 8 
48922975.422375 46946096.857680 1976880.000000 1.435306 5.694610 25.958589 11736524.214420 46946095.422375 31 
54724043.927261 52910845.624335 1813200.000000 1.697074 6.291084 29.077443 13227711.406084 52910843.927261 48 
54482276.594496 52499637.773910 1982640.000000 1.179414 6.249964 28.947461 13124909.443477 52499636.594496 47 
44594162.172476 42608403.649856 1985760.000000 1.477380 5.260840 23.631270 10652100.912464 42608402.172476 19 
74040483.235592 71941444.695809 2099040.000000 1.460217 8.194144 39.462625 17985361.173952 71941443.235592 66 
27174347.194368 25228669.027629 1945680.000000 1.833262 3.522867 14.265778 6307167.256907 25228667.194368 3 
52146012.821945 50169614.671092 1976400.000000 1.849146 6.016961 27.691405 12542403.667773 50169612.821945 43 
88897122107723.718750 88897120145005.390625 1962720.000000 1.670595 8889713.014500 47794151.326733 22224280036251.347656 88897120145003.718750 87 
65009291.029279 62804412.336122 2204880.000000 1.306843 7.280441 34.607146 15701103.084030 62804411.029279 59 
#Generacion: 1 
#Distancia: 784.617879 
1338240.000000 0.940161 1338240.000000 0.940161 0.996397 0.375398 0.235040 0.000000 0 
1357440.000000 0.935820 1357440.000000 0.935820 0.995629 0.385720 0.233955 0.000000 0 
1430160.000000 0.913674 1430160.000000 0.913674 0.993189 0.424817 0.228418 0.000000 0 
1252560.000000 0.975031 1252560.000000 0.975031 0.991137 0.329333 0.243758 0.000000 0 
1479360.000000 0.895985 1479360.000000 0.895985 0.999790 0.451269 0.223996 0.000000 0 
1232880.000000 0.992536 1232880.000000 0.992536 0.999276 0.318753 0.248134 0.000000 0 
1734960.000000 0.857643 1734960.000000 0.857643 0.992431 0.588688 0.214411 0.000000 0 
1007520.000000 1.923671 1007520.000000 1.923671 0.994779 0.197591 0.480918 0.000000 0 
1165440.000000 1.011555 1165440.000000 1.011555 0.994290 0.282495 0.252889 0.000000 0 
1604880.000000 0.871215 1604880.000000 0.871215 0.989887 0.518753 0.217804 0.000000 0 
1385520.000000 0.924316 1385520.000000 0.924316 0.998206 0.400817 0.231079 0.000000 0 
1163760.000000 1.025374 1163760.000000 1.025374 0.998312 0.281591 0.256343 0.000000 0 
1926960.000000 0.843397 1926960.000000 0.843397 0.990509 0.691914 0.210849 0.000000 0 
1385520.000000 0.924316 1385520.000000 0.924316 0.998206 0.400817 0.231079 0.000000 0 
998160.000000 1.958838 998160.000000 1.958838 0.997250 0.192559 0.489709 0.000000 0 
1245120.000000 0.986561 1245120.000000 0.986561 0.998476 0.325333 0.246640 0.000000 0 
1034160.000000 1.563511 1034160.000000 1.563511 0.995198 0.211914 0.390878 0.000000 0 
1037760.000000 1.563068 1037760.000000 1.563068 0.994379 0.213849 0.390767 0.000000 0 
1064880.000000 1.431901 1064880.000000 1.431901 0.986202 0.228430 0.357975 0.000000 0 
1251840.000000 0.985502 1251840.000000 0.985502 0.986943 0.328946 0.246376 0.000000 0 
1201680.000000 1.008500 1201680.000000 1.008500 0.989824 0.301978 0.252125 0.000000 0 
1279680.000000 0.949492 1279680.000000 0.949492 0.999293 0.343914 0.237373 0.000000 0 
1315200.000000 0.944408 1315200.000000 0.944408 0.999846 0.363011 0.236102 0.000000 0 
1322880.000000 0.940693 1322880.000000 0.940693 0.998453 0.367140 0.235173 0.000000 0 
1217280.000000 1.000549 1217280.000000 1.000549 0.992225 0.310366 0.250137 0.000000 0 
1041120.000000 1.560972 1041120.000000 1.560972 0.988269 0.215656 0.390243 0.000000 0 
1125360.000000 1.061420 1125360.000000 1.061420 0.981644 0.260946 0.265355 0.000000 0 
1457280.000000 0.901118 1457280.000000 0.901118 0.976032 0.439398 0.225279 0.000000 0 
1904640.000000 0.852939 1904640.000000 0.852939 0.998569 0.679914 0.213235 0.000000 0 
1258080.000000 0.964657 1258080.000000 0.964657 0.991699 0.332301 0.241164 0.000000 0 
1013040.000000 1.791459 1013040.000000 1.791459 0.999794 0.200559 0.447865 0.000000 0 
1124160.000000 1.146652 1124160.000000 1.146652 0.991782 0.260301 0.286663 0.000000 0 
1787520.000000 0.854805 1787520.000000 0.854805 0.982320 0.616946 0.213701 0.000000 0 
1022640.000000 1.676342 1022640.000000 1.676342 0.970845 0.205720 0.419085 0.000000 0 
1278960.000000 0.949553 1278960.000000 0.949553 0.991452 0.343527 0.237388 0.000000 0 
1267200.000000 0.953006 1267200.000000 0.953006 0.998345 0.337204 0.238252 0.000000 0 
1577280.000000 0.882144 1577280.000000 0.882144 0.994002 0.503914 0.220536 0.000000 0 
1040640.000000 1.562572 1040640.000000 1.562572 0.998697 0.215398 0.390643 0.000000 0 
1117440.000000 1.147164 1117440.000000 1.147164 0.993903 0.256688 0.286791 0.000000 0 
1496640.000000 0.883749 1496640.000000 0.883749 0.994902 0.460559 0.220937 0.000000 0 
1397520.000000 0.921791 1397520.000000 0.921791 0.996613 0.407269 0.230448 0.000000 0 
1210560.000000 1.005380 1210560.000000 1.005380 0.991053 0.306753 0.251345 0.000000 0 
1065120.000000 1.360940 1065120.000000 1.360940 0.996269 0.228559 0.340235 0.000000 0 
1376880.000000 0.924610 1376880.000000 0.924610 0.988534 0.396172 0.231152 0.000000 0 
1841520.000000 0.854419 1841520.000000 0.854419 0.998491 0.645978 0.213605 0.000000 0 
1065840.000000 1.161516 1065840.000000 1.161516 0.996999 0.228946 0.290379 0.000000 0 
1801200.000000 0.854574 1801200.000000 0.854574 0.998312 0.624301 0.213644 0.000000 0 
1399680.000000 0.915904 1399680.000000 0.915904 0.999604 0.408430 0.228976 0.000000 0 
1568880.000000 0.882999 1568880.000000 0.882999 0.998596 0.499398 0.220750 0.000000 0 
1089840.000000 1.160011 1089840.000000 1.160011 0.999880 0.241849 0.290003 0.000000 0 
1052880.000000 1.434088 1052880.000000 1.434088 0.982395 0.221978 0.358522 0.000000 0 
1673280.000000 0.859488 1673280.000000 0.859488 0.998471 0.555527 0.214872 0.000000 0 
1134480.000000 1.048520 1134480.000000 1.048520 0.988982 0.265849 0.262130 0.000000 0 
1441680.000000 0.908453 1441680.000000 0.908453 0.997743 0.431011 0.227113 0.000000 0 
1375680.000000 0.930643 1375680.000000 0.930643 0.995834 0.395527 0.232661 0.000000 0 
1373520.000000 0.931998 1373520.000000 0.931998 0.997821 0.394366 0.233000 0.000000 0 
1639680.000000 0.859846 1639680.000000 0.859846 0.999876 0.537462 0.214961 0.000000 0 
1428960.000000 0.915135 1428960.000000 0.915135 0.999039 0.424172 0.228784 0.000000 0 
1345920.000000 0.936607 1345920.000000 0.936607 0.997388 0.379527 0.234152 0.000000 0 
1100400.000000 1.152689 1100400.000000 1.152689 0.992286 0.247527 0.288172 0.000000 0 
1042560.000000 1.529915 1042560.000000 1.529915 0.996691 0.216430 0.382479 0.000000 0 
1974480.000000 0.840055 1974480.000000 0.840055 0.993977 0.717462 0.210014 0.000000 0 
1009680.000000 1.953898 1009680.000000 1.953898 0.985508 0.198753 0.488475 0.000000 1 
1891920.000000 0.854560 1891920.000000 0.854560 0.999327 0.673075 0.213640 0.000000 1 
1060320.000000 1.438141 1060320.000000 1.438141 0.995795 0.225978 0.359535 0.000000 1 
1811280.000000 0.855062 1811280.000000 0.855062 0.994022 0.629720 0.213766 0.000000 1 
1067760.000000 1.218066 1067760.000000 1.218066 0.996600 0.229978 0.304517 0.000000 1 
1034400.000000 1.782246 1034400.000000 1.782246 0.999169 0.212043 0.445561 0.000000 1 
1038720.000000 1.563138 1038720.000000 1.563138 0.994460 0.214366 0.390785 0.000000 1 
1644480.000000 0.860785 1644480.000000 0.860785 0.999127 0.540043 0.215196 0.000000 1 
1017840.000000 1.792307 1017840.000000 1.792307 0.991995 0.203140 0.448077 0.000000 1 
1015200.000000 1.926081 1015200.000000 1.926081 0.996132 0.201720 0.481520 0.000000 1 
1044480.000000 1.550580 1044480.000000 1.550580 0.985699 0.217462 0.387645 0.000000 1 
1132800.000000 1.113833 1132800.000000 1.113833 0.994308 0.264946 0.278458 0.000000 1 
1508160.000000 0.886061 1508160.000000 0.886061 0.990781 0.466753 0.221515 0.000000 1 
1076880.000000 1.161707 1076880.000000 1.161707 0.999141 0.234882 0.290427 0.000000 1 
1566720.000000 0.885556 1566720.000000 0.885556 0.990600 0.498237 0.221389 0.000000 1 
1160640.000000 1.056152 1160640.000000 1.056152 0.992243 0.279914 0.264038 0.000000 1 
1143840.000000 1.076473 1143840.000000 1.076473 0.981551 0.270882 0.269118 0.000000 1 
1176960.000000 1.019415 1176960.000000 1.019415 0.991321 0.288688 0.254854 0.000000 1 
1411200.000000 0.921938 1411200.000000 0.921938 0.997033 0.414624 0.230485 0.000000 1 
1290240.000000 0.952202 1290240.000000 0.952202 0.998476 0.349591 0.238050 0.000000 1 
1480800.000000 0.899729 1480800.000000 0.899729 0.997143 0.452043 0.224932 0.000000 1 
1325040.000000 0.941776 1325040.000000 0.941776 0.990394 0.368301 0.235444 0.000000 1 
1455120.000000 0.912301 1455120.000000 0.912301 0.997582 0.438237 0.228075 0.000000 1 
1213200.000000 1.010448 1213200.000000 1.010448 0.995975 0.308172 0.252612 0.000000 1 
1608480.000000 0.876067 1608480.000000 0.876067 0.986053 0.520688 0.219017 0.000000 1 
1246080.000000 1.000806 1246080.000000 1.000806 0.988372 0.325849 0.250202 0.000000 1 
1260480.000000 0.968455 1260480.000000 0.968455 0.988954 0.333591 0.242114 0.000000 1 
1594800.000000 0.882817 1594800.000000 0.882817 0.997154 0.513333 0.220704 0.000000 1 
1375440.000000 0.933352 1375440.000000 0.933352 0.998136 0.395398 0.233338 0.000000 1 
1398720.000000 0.924040 1398720.000000 0.924040 0.996177 0.407914 0.231010 0.000000 1 
1195920.000000 1.013870 1195920.000000 1.013870 0.994208 0.298882 0.253467 0.000000 1 
1276800.000000 0.961563 1276800.000000 0.961563 0.988914 0.342366 0.240391 0.000000 1 
1246560.000000 0.987798 1246560.000000 0.987798 0.986354 0.326108 0.246949 0.000000 1 
1343040.000000 0.940796 1343040.000000 0.940796 0.994440 0.377978 0.235199 0.000000 1 
1360800.000000 0.936850 1360800.000000 0.936850 0.998767 0.387527 0.234212 0.000000 1 
1458960.000000 0.904501 1458960.000000 0.904501 0.994237 0.440301 0.226125 0.000000 1 
1014960.000000 1.931561 1014960.000000 1.931561 0.989810 0.201591 0.482890 0.000000 1 
1101600.000000 1.154967 1101600.000000 1.154967 0.995789 0.248172 0.288742 0.000000 1 
#Generacion: 500 
#Distancia: 394.642424 
1332000.000000 0.902856 1332000.000000 0.902856 0.985509 0.372043 0.225714 0.000000 0 
1329840.000000 0.903071 1329840.000000 0.903071 0.995928 0.370882 0.225768 0.000000 0 
1452960.000000 0.876683 1452960.000000 0.876683 0.959050 0.437075 0.219171 0.000000 0 
1831680.000000 0.827558 1831680.000000 0.827558 0.986321 0.640688 0.206890 0.000000 0 
1390800.000000 0.896144 1390800.000000 0.896144 0.997468 0.403656 0.224036 0.000000 0 
1248480.000000 0.938387 1248480.000000 0.938387 0.998994 0.327140 0.234597 0.000000 0 
981840.000000 1.517185 981840.000000 1.517185 0.997410 0.183785 0.379296 0.000000 0 
1420320.000000 0.884673 1420320.000000 0.884673 0.998324 0.419527 0.221168 0.000000 0 
1383120.000000 0.897829 1383120.000000 0.897829 0.998646 0.399527 0.224457 0.000000 0 
1143360.000000 0.988960 1143360.000000 0.988960 0.981344 0.270624 0.247240 0.000000 0 
1308960.000000 0.906918 1308960.000000 0.906918 0.982243 0.359656 0.226730 0.000000 0 
1465200.000000 0.873364 1465200.000000 0.873364 0.982417 0.443656 0.218341 0.000000 0 
1446240.000000 0.877800 1446240.000000 0.877800 0.965511 0.433462 0.219450 0.000000 0 
1421280.000000 0.880632 1421280.000000 0.880632 0.982049 0.420043 0.220158 0.000000 0 
1417440.000000 0.884793 1417440.000000 0.884793 0.986824 0.417978 0.221198 0.000000 0 
1470000.000000 0.871979 1470000.000000 0.871979 0.998236 0.446237 0.217995 0.000000 0 
1388640.000000 0.896555 1388640.000000 0.896555 0.995635 0.402495 0.224139 0.000000 0 
979200.000000 1.643586 979200.000000 1.643586 0.999605 0.182366 0.410896 0.000000 0 
1336560.000000 0.899277 1336560.000000 0.899277 0.994393 0.374495 0.224819 0.000000 0 
1336320.000000 0.902096 1336320.000000 0.902096 0.997945 0.374366 0.225524 0.000000 0 
1038480.000000 1.153535 1038480.000000 1.153535 0.990840 0.214237 0.288384 0.000000 0 
1287360.000000 0.910054 1287360.000000 0.910054 0.996988 0.348043 0.227514 0.000000 0 
1859520.000000 0.822053 1859520.000000 0.822053 0.998720 0.655656 0.205513 0.000000 0 
1526880.000000 0.852735 1526880.000000 0.852735 0.994664 0.476817 0.213184 0.000000 0 
1010400.000000 1.216764 1010400.000000 1.216764 0.989289 0.199140 0.304191 0.000000 0 
1308960.000000 0.906918 1308960.000000 0.906918 0.982243 0.359656 0.226730 0.000000 0 
938160.000000 1.918776 938160.000000 1.918776 0.999582 0.160301 0.479694 0.000000 0 
1743120.000000 0.829475 1743120.000000 0.829475 0.993803 0.593075 0.207369 0.000000 0 
1264320.000000 0.930091 1264320.000000 0.930091 0.999718 0.335656 0.232523 0.000000 0 
1030560.000000 1.179932 1030560.000000 1.179932 0.993275 0.209978 0.294983 0.000000 0 
1401120.000000 0.887669 1401120.000000 0.887669 0.998591 0.409204 0.221917 0.000000 0 
1428000.000000 0.878090 1428000.000000 0.878090 0.984034 0.423656 0.219522 0.000000 0 
1188960.000000 0.940035 1188960.000000 0.940035 0.997231 0.295140 0.235009 0.000000 0 
1177440.000000 0.951747 1177440.000000 0.951747 0.987462 0.288946 0.237937 0.000000 0 
947760.000000 1.822813 947760.000000 1.822813 0.998933 0.165462 0.455703 0.000000 0 
2009760.000000 0.821580 2009760.000000 0.821580 0.988672 0.736430 0.205395 0.000000 0 
1388640.000000 0.896555 1388640.000000 0.896555 0.995635 0.402495 0.224139 0.000000 0 
1743120.000000 0.829475 1743120.000000 0.829475 0.993803 0.593075 0.207369 0.000000 0 
972000.000000 1.784784 972000.000000 1.784784 0.993740 0.178495 0.446196 0.000000 0 
994800.000000 1.406659 994800.000000 1.406659 0.993259 0.190753 0.351665 0.000000 0 
1510320.000000 0.860329 1510320.000000 0.860329 0.988767 0.467914 0.215082 0.000000 0 
1487280.000000 0.864683 1487280.000000 0.864683 0.997271 0.455527 0.216171 0.000000 0 
1007760.000000 1.364557 1007760.000000 1.364557 0.987834 0.197720 0.341139 0.000000 0 
1472880.000000 0.869621 1472880.000000 0.869621 0.967425 0.447785 0.217405 0.000000 0 
1134000.000000 0.998180 1134000.000000 0.998180 0.981491 0.265591 0.249545 0.000000 0 
1127760.000000 1.014131 1127760.000000 1.014131 0.988740 0.262237 0.253533 0.000000 0 
958320.000000 1.815843 958320.000000 1.815843 0.998622 0.171140 0.453961 0.000000 0 
977520.000000 1.757446 977520.000000 1.757446 0.993849 0.181462 0.439362 0.000000 0 
1010400.000000 1.216764 1010400.000000 1.216764 0.989289 0.199140 0.304191 0.000000 0 
1257840.000000 0.935967 1257840.000000 0.935967 0.989904 0.332172 0.233992 0.000000 0 
938160.000000 1.918776 938160.000000 1.918776 0.999582 0.160301 0.479694 0.000000 0 
985200.000000 1.415944 985200.000000 1.415944 0.985547 0.185591 0.353986 0.000000 0 
1394400.000000 0.887901 1394400.000000 0.887901 0.999652 0.405591 0.221975 0.000000 0 
1087200.000000 1.016404 1087200.000000 1.016404 0.997885 0.240430 0.254101 0.000000 0 
951600.000000 1.815931 951600.000000 1.815931 0.994416 0.167527 0.453983 0.000000 0 
1188960.000000 0.940035 1188960.000000 0.940035 0.997231 0.295140 0.235009 0.000000 0 
1155840.000000 0.973866 1155840.000000 0.973866 0.998748 0.277333 0.243466 0.000000 0 
1018800.000000 1.191982 1018800.000000 1.191982 0.999428 0.203656 0.297995 0.000000 0 
1859520.000000 0.822053 1859520.000000 0.822053 0.998720 0.655656 0.205513 0.000000 0 
1594560.000000 0.839115 1594560.000000 0.839115 0.986302 0.513204 0.209779 0.000000 0 
1277040.000000 0.920006 1277040.000000 0.920006 0.998208 0.342495 0.230002 0.000000 0 
1631760.000000 0.831035 1631760.000000 0.831035 0.979911 0.533204 0.207759 0.000000 0 
983280.000000 1.510924 983280.000000 1.510924 0.987730 0.184559 0.377731 0.000000 0 
1060080.000000 1.047437 1060080.000000 1.047437 0.994466 0.225849 0.261859 0.000000 0 
1608960.000000 0.836233 1608960.000000 0.836233 0.998409 0.520946 0.209058 0.000000 0 
1032000.000000 1.172137 1032000.000000 1.172137 0.997889 0.210753 0.293034 0.000000 0 
1082160.000000 1.032547 1082160.000000 1.032547 0.996734 0.237720 0.258137 0.000000 0 
1166640.000000 0.969249 1166640.000000 0.969249 0.998576 0.283140 0.242312 0.000000 0 
1168560.000000 0.954014 1168560.000000 0.954014 0.991800 0.284172 0.238503 0.000000 0 
943680.000000 1.846177 943680.000000 1.846177 0.999536 0.163269 0.461544 0.000000 0 
1040640.000000 1.113861 1040640.000000 1.113861 0.996595 0.215398 0.278465 0.000000 0 
961440.000000 1.785268 961440.000000 1.785268 0.998435 0.172817 0.446317 0.000000 0 
1248480.000000 0.938387 1248480.000000 0.938387 0.998994 0.327140 0.234597 0.000000 0 
1037040.000000 1.158220 1037040.000000 1.158220 0.994146 0.213462 0.289555 0.000000 0 
1457280.000000 0.874566 1457280.000000 0.874566 0.993797 0.439398 0.218642 0.000000 0 
1561440.000000 0.845795 1561440.000000 0.845795 0.995144 0.495398 0.211449 0.000000 0 
978480.000000 1.757511 978480.000000 1.757511 0.993869 0.181978 0.439378 0.000000 1 
1885920.000000 0.823881 1885920.000000 0.823881 0.992099 0.669849 0.205970 0.000000 1 
1282560.000000 0.925237 1282560.000000 0.925237 0.985554 0.345462 0.231309 0.000000 1 
999120.000000 1.421018 999120.000000 1.421018 0.990995 0.193075 0.355254 0.000000 1 
1595040.000000 0.846073 1595040.000000 0.846073 0.992261 0.513462 0.211518 0.000000 1 
1159680.000000 0.991749 1159680.000000 0.991749 0.987803 0.279398 0.247937 0.000000 1 
1009440.000000 1.376850 1009440.000000 1.376850 0.976969 0.198624 0.344212 0.000000 1 
1020000.000000 1.214595 1020000.000000 1.214595 0.987418 0.204301 0.303649 0.000000 1 
1781040.000000 0.829799 1781040.000000 0.829799 0.979795 0.613462 0.207450 0.000000 1 
1076400.000000 1.112278 1076400.000000 1.112278 0.991459 0.234624 0.278070 0.000000 1 
1730640.000000 0.831811 1730640.000000 0.831811 0.998837 0.586366 0.207953 0.000000 1 
1059360.000000 1.125175 1059360.000000 1.125175 0.999003 0.225462 0.281294 0.000000 1 
1621680.000000 0.840180 1621680.000000 0.840180 0.986907 0.527785 0.210045 0.000000 1 
1706160.000000 0.832554 1706160.000000 0.832554 0.985890 0.573204 0.208139 0.000000 1 
1022640.000000 1.193318 1022640.000000 1.193318 0.976993 0.205720 0.298329 0.000000 1 
1083120.000000 1.032731 1083120.000000 1.032731 0.995105 0.238237 0.258183 0.000000 1 
1572240.000000 0.849785 1572240.000000 0.849785 0.993245 0.501204 0.212446 0.000000 1 
964080.000000 1.796710 964080.000000 1.796710 0.996424 0.174237 0.449178 0.000000 1 
1170000.000000 0.961843 1170000.000000 0.961843 0.994740 0.284946 0.240461 0.000000 1 
1596240.000000 0.843853 1596240.000000 0.843853 0.994760 0.514108 0.210963 0.000000 1 
1574640.000000 0.848096 1574640.000000 0.848096 0.993215 0.502495 0.212024 0.000000 1 
1037040.000000 1.160156 1037040.000000 1.160156 0.985296 0.213462 0.290039 0.000000 1 
1067760.000000 1.112565 1067760.000000 1.112565 0.998409 0.229978 0.278141 0.000000 1 
1051440.000000 1.150926 1051440.000000 1.150926 0.983213 0.221204 0.287732 0.000000 1 
#Generacion: 1000 
#Distancia: 371.857374 
891600.000000 2.300003 891600.000000 2.300003 0.996978 0.135269 0.575001 0.000000 0 
891600.000000 2.300003 891600.000000 2.300003 0.996978 0.135269 0.575001 0.000000 0 
1968240.000000 0.815456 1968240.000000 0.815456 0.982424 0.714108 0.203864 0.000000 0 
917520.000000 1.647300 917520.000000 1.647300 0.983404 0.149204 0.411825 0.000000 0 
906720.000000 1.997940 906720.000000 1.997940 0.989585 0.143398 0.499485 0.000000 0 
895200.000000 2.000487 895200.000000 2.000487 0.998036 0.137204 0.500122 0.000000 0 
962400.000000 1.456832 962400.000000 1.456832 0.992940 0.173333 0.364208 0.000000 0 
972720.000000 1.328718 972720.000000 1.328718 0.999480 0.178882 0.332179 0.000000 0 
1008480.000000 1.099179 1008480.000000 1.099179 0.999657 0.198108 0.274795 0.000000 0 
1008240.000000 1.202629 1008240.000000 1.202629 0.987316 0.197978 0.300657 0.000000 0 
920160.000000 1.576094 920160.000000 1.576094 0.997259 0.150624 0.394024 0.000000 0 
1900560.000000 0.816594 1900560.000000 0.816594 0.985391 0.677720 0.204149 0.000000 0 
1784640.000000 0.822057 1784640.000000 0.822057 0.983033 0.615398 0.205514 0.000000 0 
1002480.000000 1.283760 1002480.000000 1.283760 0.997734 0.194882 0.320940 0.000000 0 
1003440.000000 1.202819 1003440.000000 1.202819 0.986007 0.195398 0.300705 0.000000 0 
1722960.000000 0.824819 1722960.000000 0.824819 0.999065 0.582237 0.206205 0.000000 0 
943440.000000 1.575824 943440.000000 1.575824 0.998163 0.163140 0.393956 0.000000 0 
1635360.000000 0.828926 1635360.000000 0.828926 0.970228 0.535140 0.207231 0.000000 0 
1837440.000000 0.822046 1837440.000000 0.822046 0.986341 0.643785 0.205511 0.000000 0 
1774080.000000 0.824585 1774080.000000 0.824585 0.999283 0.609720 0.206146 0.000000 0 
1420320.000000 0.869508 1420320.000000 0.869508 0.996223 0.419527 0.217377 0.000000 0 
1674000.000000 0.825351 1674000.000000 0.825351 0.995113 0.555914 0.206338 0.000000 0 
990240.000000 1.295388 990240.000000 1.295388 0.999187 0.188301 0.323847 0.000000 0 
1015200.000000 1.097972 1015200.000000 1.097972 0.998480 0.201720 0.274493 0.000000 0 
980640.000000 1.327034 980640.000000 1.327034 0.996610 0.183140 0.331758 0.000000 0 
1339920.000000 0.881158 1339920.000000 0.881158 0.995997 0.376301 0.220290 0.000000 0 
1674000.000000 0.825351 1674000.000000 0.825351 0.995113 0.555914 0.206338 0.000000 0 
1862160.000000 0.818252 1862160.000000 0.818252 0.981830 0.657075 0.204563 0.000000 0 
1888320.000000 0.818138 1888320.000000 0.818138 0.989179 0.671140 0.204535 0.000000 0 
951840.000000 1.533148 951840.000000 1.533148 0.997973 0.167656 0.383287 0.000000 0 
959040.000000 1.498314 959040.000000 1.498314 0.992391 0.171527 0.374578 0.000000 0 
1118160.000000 0.987030 1118160.000000 0.987030 0.991483 0.257075 0.246758 0.000000 0 
1073760.000000 1.020015 1073760.000000 1.020015 0.999465 0.233204 0.255004 0.000000 0 
1736640.000000 0.824688 1736640.000000 0.824688 0.997961 0.589591 0.206172 0.000000 0 
1370880.000000 0.881051 1370880.000000 0.881051 0.995302 0.392946 0.220263 0.000000 0 
1027680.000000 1.063815 1027680.000000 1.063815 0.996004 0.208430 0.265954 0.000000 0 
1449120.000000 0.866240 1449120.000000 0.866240 0.996895 0.435011 0.216560 0.000000 0 
1211040.000000 0.923034 1211040.000000 0.923034 0.996498 0.307011 0.230758 0.000000 0 
1319760.000000 0.890514 1319760.000000 0.890514 0.982147 0.365462 0.222629 0.000000 0 
1297680.000000 0.891705 1297680.000000 0.891705 0.995131 0.353591 0.222926 0.000000 0 
1458720.000000 0.856094 1458720.000000 0.856094 0.991549 0.440172 0.214023 0.000000 0 
1066080.000000 1.039943 1066080.000000 1.039943 0.993833 0.229075 0.259986 0.000000 0 
1546080.000000 0.843865 1546080.000000 0.843865 0.997837 0.487140 0.210966 0.000000 0 
1237440.000000 0.917177 1237440.000000 0.917177 0.995345 0.321204 0.229294 0.000000 0 
954000.000000 1.499114 954000.000000 1.499114 0.998700 0.168817 0.374779 0.000000 0 
1171680.000000 0.950487 1171680.000000 0.950487 0.996366 0.285849 0.237622 0.000000 0 
1261920.000000 0.914352 1261920.000000 0.914352 0.997499 0.334366 0.228588 0.000000 0 
1095120.000000 1.015576 1095120.000000 1.015576 0.997445 0.244688 0.253894 0.000000 0 
1275840.000000 0.900734 1275840.000000 0.900734 0.995742 0.341849 0.225183 0.000000 0 
1098000.000000 0.991843 1098000.000000 0.991843 0.995766 0.246237 0.247961 0.000000 0 
1335360.000000 0.889011 1335360.000000 0.889011 0.972272 0.373849 0.222253 0.000000 0 
951840.000000 1.533148 951840.000000 1.533148 0.997973 0.167656 0.383287 0.000000 0 
1156320.000000 0.958157 1156320.000000 0.958157 0.990811 0.277591 0.239539 0.000000 0 
1384320.000000 0.874281 1384320.000000 0.874281 0.985586 0.400172 0.218570 0.000000 0 
1182960.000000 0.941426 1182960.000000 0.941426 0.999054 0.291914 0.235356 0.000000 0 
1039200.000000 1.063194 1039200.000000 1.063194 0.991019 0.214624 0.265798 0.000000 0 
1049760.000000 1.059173 1049760.000000 1.059173 0.993910 0.220301 0.264793 0.000000 0 
1087200.000000 1.016404 1087200.000000 1.016404 0.997885 0.240430 0.254101 0.000000 0 
1585200.000000 0.837718 1585200.000000 0.837718 0.984253 0.508172 0.209429 0.000000 0 
1265520.000000 0.913745 1265520.000000 0.913745 0.999254 0.336301 0.228436 0.000000 0 
1103040.000000 0.989025 1103040.000000 0.989025 0.995425 0.248946 0.247256 0.000000 0 
1620000.000000 0.829987 1620000.000000 0.829987 0.975839 0.526882 0.207497 0.000000 0 
1302720.000000 0.891029 1302720.000000 0.891029 0.992590 0.356301 0.222757 0.000000 0 
1564560.000000 0.838986 1564560.000000 0.838986 0.999816 0.497075 0.209746 0.000000 0 
1134000.000000 0.977989 1134000.000000 0.977989 0.999799 0.265591 0.244497 0.000000 0 
1565040.000000 0.838518 1565040.000000 0.838518 0.983808 0.497333 0.209629 0.000000 0 
1597440.000000 0.837030 1597440.000000 0.837030 0.998633 0.514753 0.209257 0.000000 0 
1403760.000000 0.872218 1403760.000000 0.872218 0.983750 0.410624 0.218055 0.000000 0 
1158000.000000 0.950757 1158000.000000 0.950757 0.991620 0.278495 0.237689 0.000000 0 
1608960.000000 0.836233 1608960.000000 0.836233 0.998409 0.520946 0.209058 0.000000 0 
997680.000000 1.284715 997680.000000 1.284715 0.999103 0.192301 0.321179 0.000000 0 
1143840.000000 0.968190 1143840.000000 0.968190 0.999683 0.270882 0.242048 0.000000 0 
1275840.000000 0.900734 1275840.000000 0.900734 0.995742 0.341849 0.225183 0.000000 0 
1056240.000000 1.051849 1056240.000000 1.051849 0.987119 0.223785 0.262962 0.000000 0 
1403760.000000 0.872218 1403760.000000 0.872218 0.983750 0.410624 0.218055 0.000000 0 
1059120.000000 1.045784 1059120.000000 1.045784 0.996633 0.225333 0.261446 0.000000 0 
1188720.000000 0.938837 1188720.000000 0.938837 0.982600 0.295011 0.234709 0.000000 0 
1535280.000000 0.844339 1535280.000000 0.844339 0.999381 0.481333 0.211085 0.000000 0 
1519680.000000 0.850707 1519680.000000 0.850707 0.975281 0.472946 0.212677 0.000000 0 
1197600.000000 0.936319 1197600.000000 0.936319 0.994812 0.299785 0.234080 0.000000 0 
1452720.000000 0.865996 1452720.000000 0.865996 0.990579 0.436946 0.216499 0.000000 0 
1143840.000000 0.968190 1143840.000000 0.968190 0.999683 0.270882 0.242048 0.000000 0 
1134000.000000 0.977989 1134000.000000 0.977989 0.999799 0.265591 0.244497 0.000000 0 
1209360.000000 0.934556 1209360.000000 0.934556 0.988722 0.306108 0.233639 0.000000 0 
1616880.000000 0.835089 1616880.000000 0.835089 0.997716 0.525204 0.208772 0.000000 0 
1849680.000000 0.820398 1849680.000000 0.820398 0.981203 0.650366 0.205099 0.000000 0 
1736640.000000 0.824688 1736640.000000 0.824688 0.997961 0.589591 0.206172 0.000000 0 
1524480.000000 0.847029 1524480.000000 0.847029 0.968318 0.475527 0.211757 0.000000 0 
1375200.000000 0.878152 1375200.000000 0.878152 0.979457 0.395269 0.219538 0.000000 0 
1838880.000000 0.821832 1838880.000000 0.821832 0.984146 0.644559 0.205458 0.000000 0 
1900560.000000 0.816594 1900560.000000 0.816594 0.985391 0.677720 0.204149 0.000000 0 
1202880.000000 0.934572 1202880.000000 0.934572 0.998368 0.302624 0.233643 0.000000 0 
1530720.000000 0.846976 1530720.000000 0.846976 0.995359 0.478882 0.211744 0.000000 0 
1588560.000000 0.837216 1588560.000000 0.837216 0.972528 0.509978 0.209304 0.000000 0 
1027680.000000 1.063815 1027680.000000 1.063815 0.996004 0.208430 0.265954 0.000000 0 
1382160.000000 0.878040 1382160.000000 0.878040 0.977465 0.399011 0.219510 0.000000 0 
1228800.000000 0.919620 1228800.000000 0.919620 0.997271 0.316559 0.229905 0.000000 0 
1476000.000000 0.853924 1476000.000000 0.853924 0.995248 0.449462 0.213481 0.000000 0 
2000160.000000 0.815181 2000160.000000 0.815181 0.988433 0.731269 0.203795 0.000000 0 
1512000.000000 0.854109 1512000.000000 0.854109 0.998301 0.468817 0.213527 0.000000 1 
#Generacion: 1500 
#Distancia: 375.086465 
1959840.000000 0.804991 1959840.000000 0.804991 0.965905 0.709591 0.201248 0.000000 0 
860880.000000 2.237031 860880.000000 2.237031 0.998473 0.118753 0.559258 0.000000 0 
883440.000000 1.705567 883440.000000 1.705567 0.997649 0.130882 0.426392 0.000000 0 
882720.000000 1.981878 882720.000000 1.981878 0.998422 0.130495 0.495470 0.000000 0 
880800.000000 1.992294 880800.000000 1.992294 0.999714 0.129462 0.498074 0.000000 0 
895440.000000 1.488781 895440.000000 1.488781 0.999925 0.137333 0.372195 0.000000 0 
876480.000000 2.203930 876480.000000 2.203930 0.994228 0.127140 0.550982 0.000000 0 
890400.000000 1.692639 890400.000000 1.692639 0.995640 0.134624 0.423160 0.000000 0 
1908000.000000 0.811953 1908000.000000 0.811953 0.979590 0.681720 0.202988 0.000000 0 
1664880.000000 0.815664 1664880.000000 0.815664 0.977699 0.551011 0.203916 0.000000 0 
1785840.000000 0.812048 1785840.000000 0.812048 0.985729 0.616043 0.203012 0.000000 0 
1753440.000000 0.812865 1753440.000000 0.812865 0.981840 0.598624 0.203216 0.000000 0 
971040.000000 1.230327 971040.000000 1.230327 0.996196 0.177978 0.307582 0.000000 0 
963120.000000 1.306223 963120.000000 1.306223 0.994726 0.173720 0.326556 0.000000 0 
1600560.000000 0.816689 1600560.000000 0.816689 0.989969 0.516430 0.204172 0.000000 0 
982800.000000 1.192204 982800.000000 1.192204 0.996926 0.184301 0.298051 0.000000 0 
954960.000000 1.393879 954960.000000 1.393879 0.998436 0.169333 0.348470 0.000000 0 
955920.000000 1.318608 955920.000000 1.318608 0.998313 0.169849 0.329652 0.000000 0 
1949760.000000 0.808267 1949760.000000 0.808267 0.972254 0.704172 0.202067 0.000000 0 
1366080.000000 0.867727 1366080.000000 0.867727 0.991810 0.390366 0.216932 0.000000 0 
1153200.000000 0.945363 1153200.000000 0.945363 0.993255 0.275914 0.236341 0.000000 0 
1436400.000000 0.856088 1436400.000000 0.856088 0.989820 0.428172 0.214022 0.000000 0 
985440.000000 1.130913 985440.000000 1.130913 0.993808 0.185720 0.282728 0.000000 0 
911040.000000 1.451487 911040.000000 1.451487 0.997911 0.145720 0.362872 0.000000 0 
1396080.000000 0.858701 1396080.000000 0.858701 0.984863 0.406495 0.214675 0.000000 0 
903120.000000 1.483589 903120.000000 1.483589 0.993066 0.141462 0.370897 0.000000 0 
1092720.000000 0.976611 1092720.000000 0.976611 0.998352 0.243398 0.244153 0.000000 0 
1045440.000000 1.049317 1045440.000000 1.049317 0.997241 0.217978 0.262329 0.000000 0 
974880.000000 1.208302 974880.000000 1.208302 0.996417 0.180043 0.302076 0.000000 0 
1130880.000000 0.971296 1130880.000000 0.971296 0.998661 0.263914 0.242824 0.000000 0 
1179840.000000 0.943722 1179840.000000 0.943722 0.997746 0.290237 0.235930 0.000000 0 
1472880.000000 0.845428 1472880.000000 0.845428 0.999345 0.447785 0.211357 0.000000 0 
868800.000000 2.213209 868800.000000 2.213209 0.998608 0.123011 0.553302 0.000000 0 
1200720.000000 0.914220 1200720.000000 0.914220 0.999333 0.301462 0.228555 0.000000 0 
1278000.000000 0.894510 1278000.000000 0.894510 0.995918 0.343011 0.223627 0.000000 0 
1395360.000000 0.863906 1395360.000000 0.863906 0.997307 0.406108 0.215977 0.000000 0 
1350960.000000 0.877428 1350960.000000 0.877428 0.978338 0.382237 0.219357 0.000000 0 
1503600.000000 0.843934 1503600.000000 0.843934 0.974662 0.464301 0.210984 0.000000 0 
1009440.000000 1.065963 1009440.000000 1.065963 0.994250 0.198624 0.266491 0.000000 0 
1297680.000000 0.891705 1297680.000000 0.891705 0.995131 0.353591 0.222926 0.000000 0 
1592640.000000 0.834401 1592640.000000 0.834401 0.982475 0.512172 0.208600 0.000000 0 
1453680.000000 0.854135 1453680.000000 0.854135 0.987647 0.437462 0.213534 0.000000 0 
1087440.000000 1.003508 1087440.000000 1.003508 0.998944 0.240559 0.250877 0.000000 0 
1526880.000000 0.843926 1526880.000000 0.843926 0.989827 0.476817 0.210982 0.000000 0 
1197600.000000 0.936319 1197600.000000 0.936319 0.994812 0.299785 0.234080 0.000000 0 
1216080.000000 0.910164 1216080.000000 0.910164 0.998320 0.309720 0.227541 0.000000 0 
917760.000000 1.439481 917760.000000 1.439481 0.995304 0.149333 0.359870 0.000000 0 
1027920.000000 1.059851 1027920.000000 1.059851 0.998419 0.208559 0.264963 0.000000 0 
1250640.000000 0.903013 1250640.000000 0.903013 0.997612 0.328301 0.225753 0.000000 0 
1556400.000000 0.837546 1556400.000000 0.837546 0.990639 0.492688 0.209386 0.000000 0 
1140960.000000 0.962491 1140960.000000 0.962491 0.997200 0.269333 0.240623 0.000000 0 
1106160.000000 0.973113 1106160.000000 0.973113 0.999545 0.250624 0.243278 0.000000 0 
929280.000000 1.436200 929280.000000 1.436200 0.997295 0.155527 0.359050 0.000000 0 
1008480.000000 1.099179 1008480.000000 1.099179 0.999657 0.198108 0.274795 0.000000 0 
1339920.000000 0.881158 1339920.000000 0.881158 0.995997 0.376301 0.220290 0.000000 0 
938400.000000 1.410236 938400.000000 1.410236 0.993240 0.160430 0.352559 0.000000 0 
1533360.000000 0.840225 1533360.000000 0.840225 0.975324 0.480301 0.210056 0.000000 0 
1309200.000000 0.889449 1309200.000000 0.889449 0.994286 0.359785 0.222362 0.000000 0 
1329360.000000 0.883429 1329360.000000 0.883429 0.995578 0.370624 0.220857 0.000000 0 
1318800.000000 0.886361 1318800.000000 0.886361 0.981707 0.364946 0.221590 0.000000 0 
1226160.000000 0.907343 1226160.000000 0.907343 0.995408 0.315140 0.226836 0.000000 0 
1188720.000000 0.938837 1188720.000000 0.938837 0.982600 0.295011 0.234709 0.000000 0 
1066800.000000 1.033284 1066800.000000 1.033284 0.995758 0.229462 0.258321 0.000000 0 
1073760.000000 1.020015 1073760.000000 1.020015 0.999465 0.233204 0.255004 0.000000 0 
1266000.000000 0.900453 1266000.000000 0.900453 0.995474 0.336559 0.225113 0.000000 0 
1573440.000000 0.835639 1573440.000000 0.835639 0.997164 0.501849 0.208910 0.000000 0 
1017120.000000 1.064542 1017120.000000 1.064542 0.999172 0.202753 0.266136 0.000000 0 
1004880.000000 1.115336 1004880.000000 1.115336 0.999921 0.196172 0.278834 0.000000 0 
1486320.000000 0.844400 1486320.000000 0.844400 0.994611 0.455011 0.211100 0.000000 0 
943920.000000 1.397452 943920.000000 1.397452 0.996092 0.163398 0.349363 0.000000 0 
1446720.000000 0.855915 1446720.000000 0.855915 0.974437 0.433720 0.213979 0.000000 0 
1573440.000000 0.835639 1573440.000000 0.835639 0.997164 0.501849 0.208910 0.000000 0 
1491120.000000 0.844071 1491120.000000 0.844071 0.975668 0.457591 0.211018 0.000000 0 
1066080.000000 1.039943 1066080.000000 1.039943 0.993833 0.229075 0.259986 0.000000 0 
998880.000000 1.130120 998880.000000 1.130120 0.991239 0.192946 0.282530 0.000000 0 
1262640.000000 0.902562 1262640.000000 0.902562 0.998894 0.334753 0.225640 0.000000 0 
884880.000000 1.693526 884880.000000 1.693526 0.998295 0.131656 0.423382 0.000000 0 
1139760.000000 0.963608 1139760.000000 0.963608 0.988872 0.268688 0.240902 0.000000 0 
955920.000000 1.318608 955920.000000 1.318608 0.998313 0.169849 0.329652 0.000000 0 
1077360.000000 1.018145 1077360.000000 1.018145 0.995536 0.235140 0.254536 0.000000 0 
1236480.000000 0.905899 1236480.000000 0.905899 0.999533 0.320688 0.226475 0.000000 0 
1057920.000000 1.044691 1057920.000000 1.044691 0.998248 0.224688 0.261173 0.000000 0 
1005840.000000 1.113358 1005840.000000 1.113358 0.999109 0.196688 0.278339 0.000000 0 
1549200.000000 0.840033 1549200.000000 0.840033 0.999138 0.488817 0.210008 0.000000 0 
935280.000000 1.426844 935280.000000 1.426844 0.995788 0.158753 0.356711 0.000000 0 
940320.000000 1.399607 940320.000000 1.399607 0.998766 0.161462 0.349902 0.000000 0 
1106160.000000 0.973113 1106160.000000 0.973113 0.999545 0.250624 0.243278 0.000000 0 
875760.000000 2.206016 875760.000000 2.206016 0.999816 0.126753 0.551504 0.000000 0 
1595520.000000 0.818891 1595520.000000 0.818891 0.991878 0.513720 0.204723 0.000000 0 
1027680.000000 1.063815 1027680.000000 1.063815 0.996004 0.208430 0.265954 0.000000 0 
1083120.000000 1.010793 1083120.000000 1.010793 0.999208 0.238237 0.252698 0.000000 0 
985440.000000 1.130913 985440.000000 1.130913 0.993808 0.185720 0.282728 0.000000 0 
998880.000000 1.130120 998880.000000 1.130120 0.991239 0.192946 0.282530 0.000000 0 
954960.000000 1.393879 954960.000000 1.393879 0.998436 0.169333 0.348470 0.000000 0 
1008480.000000 1.099179 1008480.000000 1.099179 0.999657 0.198108 0.274795 0.000000 0 
935280.000000 1.426844 935280.000000 1.426844 0.995788 0.158753 0.356711 0.000000 0 
1057920.000000 1.044691 1057920.000000 1.044691 0.998248 0.224688 0.261173 0.000000 0 
1236480.000000 0.905899 1236480.000000 0.905899 0.999533 0.320688 0.226475 0.000000 0 
1085760.000000 1.010570 1085760.000000 1.010570 0.994413 0.239656 0.252642 0.000000 0 
1549200.000000 0.840033 1549200.000000 0.840033 0.999138 0.488817 0.210008 0.000000 0 
#Generacion: 2000 
#Distancia: 323.981818 
854400.000000 2.244203 854400.000000 2.244203 0.997576 0.115269 0.561051 0.000000 0 
1878960.000000 0.800371 1878960.000000 0.800371 0.974055 0.666108 0.200093 0.000000 0 
854400.000000 2.244203 854400.000000 2.244203 0.997576 0.115269 0.561051 0.000000 0 
875280.000000 1.582378 875280.000000 1.582378 0.997896 0.126495 0.395594 0.000000 0 
859440.000000 2.001413 859440.000000 2.001413 0.998941 0.117978 0.500353 0.000000 0 
859440.000000 2.001413 859440.000000 2.001413 0.998941 0.117978 0.500353 0.000000 0 
1521840.000000 0.836669 1521840.000000 0.836669 0.993044 0.474108 0.209167 0.000000 0 
894480.000000 1.489064 894480.000000 1.489064 0.999946 0.136817 0.372266 0.000000 0 
1625760.000000 0.813157 1625760.000000 0.813157 0.995468 0.529978 0.203289 0.000000 0 
973920.000000 1.203511 973920.000000 1.203511 0.993496 0.179527 0.300878 0.000000 0 
890640.000000 1.581703 890640.000000 1.581703 0.996056 0.134753 0.395426 0.000000 0 
1469280.000000 0.839700 1469280.000000 0.839700 0.982294 0.445849 0.209925 0.000000 0 
1689840.000000 0.811122 1689840.000000 0.811122 0.986035 0.564430 0.202780 0.000000 0 
979680.000000 1.134609 979680.000000 1.134609 0.997061 0.182624 0.283652 0.000000 0 
963600.000000 1.261009 963600.000000 1.261009 0.980783 0.173978 0.315252 0.000000 0 
1066080.000000 1.016129 1066080.000000 1.016129 0.994863 0.229075 0.254032 0.000000 0 
1258560.000000 0.894134 1258560.000000 0.894134 0.996687 0.332559 0.223533 0.000000 0 
901440.000000 1.452252 901440.000000 1.452252 0.993308 0.140559 0.363063 0.000000 0 
1030800.000000 1.055151 1030800.000000 1.055151 0.998567 0.210108 0.263788 0.000000 0 
1042320.000000 1.035818 1042320.000000 1.035818 0.993365 0.216301 0.258954 0.000000 0 
1842000.000000 0.804838 1842000.000000 0.804838 0.967995 0.646237 0.201210 0.000000 0 
1175040.000000 0.935120 1175040.000000 0.935120 0.986820 0.287656 0.233780 0.000000 0 
1151040.000000 0.941010 1151040.000000 0.941010 0.994395 0.274753 0.235253 0.000000 0 
1546080.000000 0.836599 1546080.000000 0.836599 0.989953 0.487140 0.209150 0.000000 0 
1726320.000000 0.809222 1726320.000000 0.809222 0.961223 0.584043 0.202306 0.000000 0 
1709040.000000 0.809680 1709040.000000 0.809680 0.990495 0.574753 0.202420 0.000000 0 
940320.000000 1.399607 940320.000000 1.399607 0.998766 0.161462 0.349902 0.000000 0 
1003680.000000 1.060752 1003680.000000 1.060752 0.997332 0.195527 0.265188 0.000000 0 
1315200.000000 0.882746 1315200.000000 0.882746 0.998283 0.363011 0.220687 0.000000 0 
963120.000000 1.306223 963120.000000 1.306223 0.994726 0.173720 0.326556 0.000000 0 
1859040.000000 0.802648 1859040.000000 0.802648 0.971883 0.655398 0.200662 0.000000 0 
998880.000000 1.129745 998880.000000 1.129745 0.996313 0.192946 0.282436 0.000000 0 
917040.000000 1.409586 917040.000000 1.409586 0.999176 0.148946 0.352397 0.000000 0 
955920.000000 1.318608 955920.000000 1.318608 0.998313 0.169849 0.329652 0.000000 0 
899280.000000 1.485629 899280.000000 1.485629 0.999042 0.139398 0.371407 0.000000 0 
1002720.000000 1.067531 1002720.000000 1.067531 0.994373 0.195011 0.266883 0.000000 0 
967440.000000 1.234009 967440.000000 1.234009 0.999380 0.176043 0.308502 0.000000 0 
1068240.000000 1.000188 1068240.000000 1.000188 0.999361 0.230237 0.250047 0.000000 0 
1453440.000000 0.851270 1453440.000000 0.851270 0.987974 0.437333 0.212818 0.000000 0 
932400.000000 1.408316 932400.000000 1.408316 0.993695 0.157204 0.352079 0.000000 0 
1216080.000000 0.910164 1216080.000000 0.910164 0.998320 0.309720 0.227541 0.000000 0 
1076160.000000 0.985598 1076160.000000 0.985598 0.995739 0.234495 0.246400 0.000000 0 
1182240.000000 0.926566 1182240.000000 0.926566 0.995897 0.291527 0.231642 0.000000 0 
1362480.000000 0.869497 1362480.000000 0.869497 0.984361 0.388430 0.217374 0.000000 0 
1200720.000000 0.914220 1200720.000000 0.914220 0.999333 0.301462 0.228555 0.000000 0 
1571520.000000 0.833274 1571520.000000 0.833274 0.992380 0.500817 0.208318 0.000000 0 
973440.000000 1.229436 973440.000000 1.229436 0.999934 0.179269 0.307359 0.000000 0 
1133760.000000 0.955817 1133760.000000 0.955817 0.996352 0.265462 0.238954 0.000000 0 
1560720.000000 0.835615 1560720.000000 0.835615 0.973758 0.495011 0.208904 0.000000 0 
1142400.000000 0.946197 1142400.000000 0.946197 0.997056 0.270108 0.236549 0.000000 0 
1616880.000000 0.814240 1616880.000000 0.814240 0.997692 0.525204 0.203560 0.000000 0 
949440.000000 1.348317 949440.000000 1.348317 0.995753 0.166366 0.337079 0.000000 0 
954480.000000 1.348169 954480.000000 1.348169 0.998025 0.169075 0.337042 0.000000 0 
1192080.000000 0.917535 1192080.000000 0.917535 0.999955 0.296817 0.229384 0.000000 0 
906960.000000 1.428755 906960.000000 1.428755 0.997523 0.143527 0.357189 0.000000 0 
1377600.000000 0.866995 1377600.000000 0.866995 0.990153 0.396559 0.216749 0.000000 0 
1001040.000000 1.102617 1001040.000000 1.102617 0.994923 0.194108 0.275654 0.000000 0 
1331280.000000 0.877519 1331280.000000 0.877519 0.998233 0.371656 0.219380 0.000000 0 
1039200.000000 1.043975 1039200.000000 1.043975 0.998081 0.214624 0.260994 0.000000 0 
1226160.000000 0.907343 1226160.000000 0.907343 0.995408 0.315140 0.226836 0.000000 0 
1404720.000000 0.858665 1404720.000000 0.858665 0.983240 0.411140 0.214666 0.000000 0 
1346160.000000 0.872994 1346160.000000 0.872994 0.995860 0.379656 0.218248 0.000000 0 
1586400.000000 0.821208 1586400.000000 0.821208 0.997610 0.508817 0.205302 0.000000 0 
1462320.000000 0.847759 1462320.000000 0.847759 0.999679 0.442108 0.211940 0.000000 0 
1434960.000000 0.852540 1434960.000000 0.852540 0.991576 0.427398 0.213135 0.000000 0 
911520.000000 1.428520 911520.000000 1.428520 0.994840 0.145978 0.357130 0.000000 0 
1579680.000000 0.821491 1579680.000000 0.821491 0.998578 0.505204 0.205373 0.000000 0 
943920.000000 1.372186 943920.000000 1.372186 0.999939 0.163398 0.343047 0.000000 0 
1126560.000000 0.963164 1126560.000000 0.963164 0.998155 0.261591 0.240791 0.000000 0 
1394160.000000 0.860933 1394160.000000 0.860933 0.980248 0.405462 0.215233 0.000000 0 
1087680.000000 0.985527 1087680.000000 0.985527 0.995839 0.240688 0.246382 0.000000 0 
985440.000000 1.130913 985440.000000 1.130913 0.993808 0.185720 0.282728 0.000000 0 
943920.000000 1.372186 943920.000000 1.372186 0.999939 0.163398 0.343047 0.000000 0 
1234320.000000 0.901283 1234320.000000 0.901283 0.999670 0.319527 0.225321 0.000000 0 
1111200.000000 0.972465 1111200.000000 0.972465 0.988943 0.253333 0.243116 0.000000 0 
1875600.000000 0.801423 1875600.000000 0.801423 0.971754 0.664301 0.200356 0.000000 0 
1099200.000000 0.976524 1099200.000000 0.976524 0.997809 0.246882 0.244131 0.000000 0 
1001040.000000 1.102617 1001040.000000 1.102617 0.994923 0.194108 0.275654 0.000000 0 
1383600.000000 0.861331 1383600.000000 0.861331 0.988065 0.399785 0.215333 0.000000 0 
1689840.000000 0.811122 1689840.000000 0.811122 0.986035 0.564430 0.202780 0.000000 0 
1243920.000000 0.900919 1243920.000000 0.900919 0.999620 0.324688 0.225230 0.000000 0 
1326000.000000 0.880514 1326000.000000 0.880514 0.993569 0.368817 0.220128 0.000000 0 
1416480.000000 0.858028 1416480.000000 0.858028 0.990521 0.417462 0.214507 0.000000 0 
1251600.000000 0.897648 1251600.000000 0.897648 0.992521 0.328817 0.224412 0.000000 0 
1350720.000000 0.870558 1350720.000000 0.870558 0.992441 0.382108 0.217639 0.000000 0 
1600560.000000 0.816689 1600560.000000 0.816689 0.989969 0.516430 0.204172 0.000000 0 
1420080.000000 0.852791 1420080.000000 0.852791 0.988532 0.419398 0.213198 0.000000 0 
1092720.000000 0.976611 1092720.000000 0.976611 0.998352 0.243398 0.244153 0.000000 0 
1726320.000000 0.809222 1726320.000000 0.809222 0.961223 0.584043 0.202306 0.000000 0 
1600560.000000 0.816689 1600560.000000 0.816689 0.989969 0.516430 0.204172 0.000000 0 
960240.000000 1.307042 960240.000000 1.307042 0.996767 0.172172 0.326761 0.000000 0 
888720.000000 1.582331 888720.000000 1.582331 0.998180 0.133720 0.395583 0.000000 0 
1430640.000000 0.852691 1430640.000000 0.852691 0.988460 0.425075 0.213173 0.000000 0 
1118640.000000 0.966975 1118640.000000 0.966975 0.996902 0.257333 0.241744 0.000000 0 
1117920.000000 0.971942 1117920.000000 0.971942 0.988135 0.256946 0.242986 0.000000 0 
1755120.000000 0.805046 1755120.000000 0.805046 0.980052 0.599527 0.201261 0.000000 0 
1148160.000000 0.945263 1148160.000000 0.945263 0.996867 0.273204 0.236316 0.000000 0 
1222560.000000 0.910040 1222560.000000 0.910040 0.997360 0.313204 0.227510 0.000000 0 
1180800.000000 0.934407 1180800.000000 0.934407 0.992144 0.290753 0.233602 0.000000 0 
1291200.000000 0.887782 1291200.000000 0.887782 0.999527 0.350108 0.221946 0.000000 0 
#Generacion: 2500 
#Distancia: 325.925960 
853200.000000 2.250436 853200.000000 2.250436 0.999472 0.114624 0.562609 0.000000 0 
853200.000000 2.250436 853200.000000 2.250436 0.999472 0.114624 0.562609 0.000000 0 
1806720.000000 0.796811 1806720.000000 0.796811 0.971773 0.627269 0.199203 0.000000 0 
858240.000000 2.202324 858240.000000 2.202324 0.994658 0.117333 0.550581 0.000000 0 
862320.000000 1.773478 862320.000000 1.773478 0.999947 0.119527 0.443369 0.000000 0 
859440.000000 2.001413 859440.000000 2.001413 0.998941 0.117978 0.500353 0.000000 0 
859440.000000 2.001413 859440.000000 2.001413 0.998941 0.117978 0.500353 0.000000 0 
874320.000000 1.684795 874320.000000 1.684795 0.992857 0.125978 0.421199 0.000000 0 
930480.000000 1.370341 930480.000000 1.370341 0.988691 0.156172 0.342585 0.000000 0 
934320.000000 1.251872 934320.000000 1.251872 0.999733 0.158237 0.312968 0.000000 0 
875280.000000 1.582378 875280.000000 1.582378 0.997896 0.126495 0.395594 0.000000 0 
970080.000000 1.209675 970080.000000 1.209675 0.999685 0.177462 0.302419 0.000000 0 
886800.000000 1.484451 886800.000000 1.484451 0.995328 0.132688 0.371113 0.000000 0 
973920.000000 1.133256 973920.000000 1.133256 0.997685 0.179527 0.283314 0.000000 0 
886080.000000 1.558353 886080.000000 1.558353 0.996359 0.132301 0.389588 0.000000 0 
1776000.000000 0.803998 1776000.000000 0.803998 0.973955 0.610753 0.200999 0.000000 0 
1557840.000000 0.825627 1557840.000000 0.825627 0.988574 0.493462 0.206407 0.000000 0 
994320.000000 1.074623 994320.000000 1.074623 0.999557 0.190495 0.268656 0.000000 0 
994080.000000 1.128433 994080.000000 1.128433 0.998974 0.190366 0.282108 0.000000 0 
873360.000000 1.734477 873360.000000 1.734477 0.996707 0.125462 0.433619 0.000000 0 
1469280.000000 0.839700 1469280.000000 0.839700 0.982294 0.445849 0.209925 0.000000 0 
1678320.000000 0.810883 1678320.000000 0.810883 0.999617 0.558237 0.202721 0.000000 0 
1042320.000000 1.035818 1042320.000000 1.035818 0.993365 0.216301 0.258954 0.000000 0 
946560.000000 1.217334 946560.000000 1.217334 0.997305 0.164817 0.304333 0.000000 0 
1755120.000000 0.805046 1755120.000000 0.805046 0.980052 0.599527 0.201261 0.000000 0 
1447200.000000 0.843306 1447200.000000 0.843306 0.992549 0.433978 0.210826 0.000000 0 
1030560.000000 1.054511 1030560.000000 1.054511 0.996051 0.209978 0.263628 0.000000 0 
1052880.000000 1.024767 1052880.000000 1.024767 0.997465 0.221978 0.256192 0.000000 0 
864720.000000 1.737887 864720.000000 1.737887 0.998855 0.120817 0.434472 0.000000 0 
854160.000000 2.243655 854160.000000 2.243655 0.992495 0.115140 0.560914 0.000000 0 
1625760.000000 0.813119 1625760.000000 0.813119 0.995446 0.529978 0.203280 0.000000 0 
1309200.000000 0.879964 1309200.000000 0.879964 0.996414 0.359785 0.219991 0.000000 0 
1500480.000000 0.838787 1500480.000000 0.838787 0.998584 0.462624 0.209697 0.000000 0 
1285200.000000 0.880784 1285200.000000 0.880784 0.999742 0.346882 0.220196 0.000000 0 
1226160.000000 0.907343 1226160.000000 0.907343 0.995408 0.315140 0.226836 0.000000 0 
1600560.000000 0.816689 1600560.000000 0.816689 0.989969 0.516430 0.204172 0.000000 0 
939360.000000 1.250814 939360.000000 1.250814 0.996682 0.160946 0.312703 0.000000 0 
1708560.000000 0.809671 1708560.000000 0.809671 0.986630 0.574495 0.202418 0.000000 0 
1176240.000000 0.930190 1176240.000000 0.930190 0.997318 0.288301 0.232547 0.000000 0 
1534080.000000 0.829797 1534080.000000 0.829797 0.984781 0.480688 0.207449 0.000000 0 
1521600.000000 0.838747 1521600.000000 0.838747 0.998808 0.473978 0.209687 0.000000 0 
1160400.000000 0.935913 1160400.000000 0.935913 0.998106 0.279785 0.233978 0.000000 0 
1066080.000000 1.016129 1066080.000000 1.016129 0.994863 0.229075 0.254032 0.000000 0 
1111200.000000 0.972465 1111200.000000 0.972465 0.988943 0.253333 0.243116 0.000000 0 
1092720.000000 0.976611 1092720.000000 0.976611 0.998352 0.243398 0.244153 0.000000 0 
888000.000000 1.459303 888000.000000 1.459303 0.996950 0.133333 0.364826 0.000000 0 
1486800.000000 0.839608 1486800.000000 0.839608 0.996744 0.455269 0.209902 0.000000 0 
1579680.000000 0.821491 1579680.000000 0.821491 0.998578 0.505204 0.205373 0.000000 0 
1692240.000000 0.810270 1692240.000000 0.810270 0.981315 0.565720 0.202568 0.000000 0 
1068240.000000 0.998978 1068240.000000 0.998978 0.996065 0.230237 0.249744 0.000000 0 
913920.000000 1.408795 913920.000000 1.408795 0.991209 0.147269 0.352199 0.000000 0 
1234320.000000 0.901283 1234320.000000 0.901283 0.999670 0.319527 0.225321 0.000000 0 
1362480.000000 0.869497 1362480.000000 0.869497 0.984361 0.388430 0.217374 0.000000 0 
1248240.000000 0.895246 1248240.000000 0.895246 0.998499 0.327011 0.223811 0.000000 0 
920640.000000 1.388299 920640.000000 1.388299 0.998701 0.150882 0.347075 0.000000 0 
1319760.000000 0.879101 1319760.000000 0.879101 0.999816 0.365462 0.219775 0.000000 0 
953040.000000 1.210567 953040.000000 1.210567 0.994685 0.168301 0.302642 0.000000 0 
1076160.000000 0.985598 1076160.000000 0.985598 0.995739 0.234495 0.246400 0.000000 0 
1651680.000000 0.812442 1651680.000000 0.812442 0.995145 0.543914 0.203110 0.000000 0 
1188480.000000 0.912796 1188480.000000 0.912796 0.995250 0.294882 0.228199 0.000000 0 
1616880.000000 0.814240 1616880.000000 0.814240 0.997692 0.525204 0.203560 0.000000 0 
1726320.000000 0.809222 1726320.000000 0.809222 0.961223 0.584043 0.202306 0.000000 0 
1141200.000000 0.946055 1141200.000000 0.946055 0.992643 0.269462 0.236514 0.000000 0 
884880.000000 1.576292 884880.000000 1.576292 0.994574 0.131656 0.394073 0.000000 0 
1377600.000000 0.866995 1377600.000000 0.866995 0.990153 0.396559 0.216749 0.000000 0 
1651680.000000 0.812442 1651680.000000 0.812442 0.995145 0.543914 0.203110 0.000000 0 
891840.000000 1.443566 891840.000000 1.443566 0.997990 0.135398 0.360891 0.000000 0 
1350720.000000 0.870558 1350720.000000 0.870558 0.992441 0.382108 0.217639 0.000000 0 
1151040.000000 0.941010 1151040.000000 0.941010 0.994395 0.274753 0.235253 0.000000 0 
1258560.000000 0.894134 1258560.000000 0.894134 0.996687 0.332559 0.223533 0.000000 0 
862320.000000 1.773478 862320.000000 1.773478 0.999947 0.119527 0.443369 0.000000 0 
1018320.000000 1.055512 1018320.000000 1.055512 0.998053 0.203398 0.263878 0.000000 0 
1272240.000000 0.892583 1272240.000000 0.892583 0.996239 0.339914 0.223146 0.000000 0 
903360.000000 1.442657 903360.000000 1.442657 0.987184 0.141591 0.360664 0.000000 0 
1586160.000000 0.820636 1586160.000000 0.820636 0.995020 0.508688 0.205159 0.000000 0 
1002720.000000 1.067531 1002720.000000 1.067531 0.994373 0.195011 0.266883 0.000000 0 
1129680.000000 0.949650 1129680.000000 0.949650 0.995275 0.263269 0.237413 0.000000 0 
1180560.000000 0.914900 1180560.000000 0.914900 0.992834 0.290624 0.228725 0.000000 0 
1118640.000000 0.966975 1118640.000000 0.966975 0.996902 0.257333 0.241744 0.000000 0 
1006800.000000 1.057288 1006800.000000 1.057288 0.996578 0.197204 0.264322 0.000000 0 
1420080.000000 0.852791 1420080.000000 0.852791 0.988532 0.419398 0.213198 0.000000 0 
985680.000000 1.132615 985680.000000 1.132615 0.998180 0.185849 0.283154 0.000000 0 
1335120.000000 0.875817 1335120.000000 0.875817 0.999136 0.373720 0.218954 0.000000 0 
1404720.000000 0.858665 1404720.000000 0.858665 0.983240 0.411140 0.214666 0.000000 0 
1205040.000000 0.910060 1205040.000000 0.910060 0.984347 0.303785 0.227515 0.000000 0 
1394160.000000 0.860933 1394160.000000 0.860933 0.980248 0.405462 0.215233 0.000000 0 
906960.000000 1.428755 906960.000000 1.428755 0.997523 0.143527 0.357189 0.000000 0 
1087680.000000 0.985527 1087680.000000 0.985527 0.995839 0.240688 0.246382 0.000000 0 
1123680.000000 0.955617 1123680.000000 0.955617 0.986223 0.260043 0.238904 0.000000 0 
1738320.000000 0.806350 1738320.000000 0.806350 0.991096 0.590495 0.201587 0.000000 0 
924480.000000 1.380825 924480.000000 1.380825 0.989464 0.152946 0.345206 0.000000 0 
1281360.000000 0.890995 1281360.000000 0.890995 0.996623 0.344817 0.222749 0.000000 0 
1383600.000000 0.861331 1383600.000000 0.861331 0.988065 0.399785 0.215333 0.000000 0 
913200.000000 1.422809 913200.000000 1.422809 0.991555 0.146882 0.355702 0.000000 0 
1434960.000000 0.852540 1434960.000000 0.852540 0.991576 0.427398 0.213135 0.000000 0 
1415280.000000 0.858102 1415280.000000 0.858102 0.995172 0.416817 0.214525 0.000000 0 
1340160.000000 0.874973 1340160.000000 0.874973 0.999196 0.376430 0.218743 0.000000 0 
1205040.000000 0.910060 1205040.000000 0.910060 0.984347 0.303785 0.227515 0.000000 0 
1530000.000000 0.833885 1530000.000000 0.833885 0.992169 0.478495 0.208471 0.000000 0 
1437840.000000 0.850142 1437840.000000 0.850142 0.984103 0.428946 0.212536 0.000000 0 
#Generacion: 3000 
#Distancia: 321.036263 
1832400.000000 0.795621 1832400.000000 0.795621 0.989169 0.641075 0.198905 0.000000 0 
848640.000000 2.248409 848640.000000 2.248409 0.999616 0.112172 0.562102 0.000000 0 
855120.000000 2.243460 855120.000000 2.243460 0.995506 0.115656 0.560865 0.000000 0 
855600.000000 1.732552 855600.000000 1.732552 0.993968 0.115914 0.433138 0.000000 0 
866640.000000 1.589324 866640.000000 1.589324 0.996383 0.121849 0.397331 0.000000 0 
930480.000000 1.364107 930480.000000 1.364107 0.993072 0.156172 0.341027 0.000000 0 
930720.000000 1.251502 930720.000000 1.251502 0.997680 0.156301 0.312876 0.000000 0 
864720.000000 1.701103 864720.000000 1.701103 0.991606 0.120817 0.425276 0.000000 0 
874560.000000 1.559188 874560.000000 1.559188 0.999764 0.126108 0.389797 0.000000 0 
980160.000000 1.101034 980160.000000 1.101034 0.996936 0.182882 0.275258 0.000000 0 
973680.000000 1.128251 973680.000000 1.128251 0.997561 0.179398 0.282063 0.000000 0 
875040.000000 1.514400 875040.000000 1.514400 0.996796 0.126366 0.378600 0.000000 0 
1042320.000000 1.035818 1042320.000000 1.035818 0.993365 0.216301 0.258954 0.000000 0 
994320.000000 1.074623 994320.000000 1.074623 0.999557 0.190495 0.268656 0.000000 0 
1705920.000000 0.807508 1705920.000000 0.807508 0.994025 0.573075 0.201877 0.000000 0 
1562640.000000 0.819895 1562640.000000 0.819895 0.993805 0.496043 0.204974 0.000000 0 
1421280.000000 0.849862 1421280.000000 0.849862 0.999289 0.420043 0.212466 0.000000 0 
971040.000000 1.201342 971040.000000 1.201342 0.996208 0.177978 0.300336 0.000000 0 
1529760.000000 0.826835 1529760.000000 0.826835 0.990760 0.478366 0.206709 0.000000 0 
1584720.000000 0.819514 1584720.000000 0.819514 0.994536 0.507914 0.204878 0.000000 0 
1021440.000000 1.049675 1021440.000000 1.049675 0.993731 0.205075 0.262419 0.000000 0 
1344480.000000 0.870084 1344480.000000 0.870084 0.994845 0.378753 0.217521 0.000000 0 
1543440.000000 0.822349 1543440.000000 0.822349 0.993646 0.485720 0.205587 0.000000 0 
1291920.000000 0.880465 1291920.000000 0.880465 0.998459 0.350495 0.220116 0.000000 0 
1732320.000000 0.804836 1732320.000000 0.804836 0.998570 0.587269 0.201209 0.000000 0 
1052880.000000 1.024767 1052880.000000 1.024767 0.997465 0.221978 0.256192 0.000000 0 
1486800.000000 0.839608 1486800.000000 0.839608 0.996744 0.455269 0.209902 0.000000 0 
958560.000000 1.206826 958560.000000 1.206826 0.998516 0.171269 0.301707 0.000000 0 
1092720.000000 0.976611 1092720.000000 0.976611 0.998352 0.243398 0.244153 0.000000 0 
1651680.000000 0.812442 1651680.000000 0.812442 0.995145 0.543914 0.203110 0.000000 0 
1806720.000000 0.796811 1806720.000000 0.796811 0.971773 0.627269 0.199203 0.000000 0 
890880.000000 1.442677 890880.000000 1.442677 0.993816 0.134882 0.360669 0.000000 0 
1408800.000000 0.854386 1408800.000000 0.854386 0.999278 0.413333 0.213596 0.000000 0 
1788960.000000 0.802587 1788960.000000 0.802587 0.983956 0.617720 0.200647 0.000000 0 
1268880.000000 0.887948 1268880.000000 0.887948 0.995276 0.338108 0.221987 0.000000 0 
1508160.000000 0.830348 1508160.000000 0.830348 0.994477 0.466753 0.207587 0.000000 0 
1170960.000000 0.917958 1170960.000000 0.917958 0.998668 0.285462 0.229489 0.000000 0 
1235280.000000 0.896044 1235280.000000 0.896044 0.996941 0.320043 0.224011 0.000000 0 
1066080.000000 1.016129 1066080.000000 1.016129 0.994863 0.229075 0.254032 0.000000 0 
1111200.000000 0.972465 1111200.000000 0.972465 0.988943 0.253333 0.243116 0.000000 0 
888000.000000 1.459303 888000.000000 1.459303 0.996950 0.133333 0.364826 0.000000 0 
886800.000000 1.484451 886800.000000 1.484451 0.995328 0.132688 0.371113 0.000000 0 
880080.000000 1.495175 880080.000000 1.495175 0.994977 0.129075 0.373794 0.000000 0 
1768560.000000 0.803246 1768560.000000 0.803246 0.983340 0.606753 0.200811 0.000000 0 
1141200.000000 0.946055 1141200.000000 0.946055 0.992643 0.269462 0.236514 0.000000 0 
1600560.000000 0.816689 1600560.000000 0.816689 0.989969 0.516430 0.204172 0.000000 0 
1155360.000000 0.930553 1155360.000000 0.930553 0.998599 0.277075 0.232638 0.000000 0 
1068240.000000 0.998978 1068240.000000 0.998978 0.996065 0.230237 0.249744 0.000000 0 
1300560.000000 0.879344 1300560.000000 0.879344 0.997944 0.355140 0.219836 0.000000 0 
1446720.000000 0.848757 1446720.000000 0.848757 0.999597 0.433720 0.212189 0.000000 0 
1321200.000000 0.878629 1321200.000000 0.878629 0.990613 0.366237 0.219657 0.000000 0 
1362480.000000 0.869497 1362480.000000 0.869497 0.984361 0.388430 0.217374 0.000000 0 
1394160.000000 0.860933 1394160.000000 0.860933 0.980248 0.405462 0.215233 0.000000 0 
1692240.000000 0.810270 1692240.000000 0.810270 0.981315 0.565720 0.202568 0.000000 0 
943680.000000 1.226691 943680.000000 1.226691 0.997843 0.163269 0.306673 0.000000 0 
939360.000000 1.250814 939360.000000 1.250814 0.996682 0.160946 0.312703 0.000000 0 
862080.000000 1.729751 862080.000000 1.729751 0.997295 0.119398 0.432438 0.000000 0 
1220880.000000 0.904139 1220880.000000 0.904139 0.997782 0.312301 0.226035 0.000000 0 
1324800.000000 0.870357 1324800.000000 0.870357 0.992398 0.368172 0.217589 0.000000 0 
946560.000000 1.217334 946560.000000 1.217334 0.997305 0.164817 0.304333 0.000000 0 
1199520.000000 0.908554 1199520.000000 0.908554 0.986049 0.300817 0.227138 0.000000 0 
1758000.000000 0.803731 1758000.000000 0.803731 0.987871 0.601075 0.200933 0.000000 0 
1502400.000000 0.836147 1502400.000000 0.836147 0.997267 0.463656 0.209037 0.000000 0 
1612800.000000 0.814381 1612800.000000 0.814381 0.995531 0.523011 0.203595 0.000000 0 
972000.000000 1.165669 972000.000000 1.165669 0.999926 0.178495 0.291417 0.000000 0 
972960.000000 1.164192 972960.000000 1.164192 0.999323 0.179011 0.291048 0.000000 0 
1369200.000000 0.862323 1369200.000000 0.862323 0.999516 0.392043 0.215581 0.000000 0 
1740960.000000 0.803984 1740960.000000 0.803984 0.989501 0.591914 0.200996 0.000000 0 
1625760.000000 0.813119 1625760.000000 0.813119 0.995446 0.529978 0.203280 0.000000 0 
924480.000000 1.380825 924480.000000 1.380825 0.989464 0.152946 0.345206 0.000000 0 
1076160.000000 0.985598 1076160.000000 0.985598 0.995739 0.234495 0.246400 0.000000 0 
1383600.000000 0.861331 1383600.000000 0.861331 0.988065 0.399785 0.215333 0.000000 0 
905040.000000 1.433205 905040.000000 1.433205 0.996976 0.142495 0.358301 0.000000 0 
1188720.000000 0.912095 1188720.000000 0.912095 0.994309 0.295011 0.228024 0.000000 0 
1148640.000000 0.930886 1148640.000000 0.930886 0.998723 0.273462 0.232721 0.000000 0 
1248240.000000 0.895246 1248240.000000 0.895246 0.998499 0.327011 0.223811 0.000000 0 
1462560.000000 0.839750 1462560.000000 0.839750 0.983696 0.442237 0.209938 0.000000 0 
1214400.000000 0.908409 1214400.000000 0.908409 0.992382 0.308817 0.227102 0.000000 0 
1469280.000000 0.839700 1469280.000000 0.839700 0.982294 0.445849 0.209925 0.000000 0 
1002720.000000 1.067531 1002720.000000 1.067531 0.994373 0.195011 0.266883 0.000000 0 
1129680.000000 0.949650 1129680.000000 0.949650 0.995275 0.263269 0.237413 0.000000 0 
1118640.000000 0.966975 1118640.000000 0.966975 0.996902 0.257333 0.241744 0.000000 0 
920640.000000 1.388299 920640.000000 1.388299 0.998701 0.150882 0.347075 0.000000 0 
918720.000000 1.407077 918720.000000 1.407077 0.999448 0.149849 0.351769 0.000000 0 
1123680.000000 0.955617 1123680.000000 0.955617 0.986223 0.260043 0.238904 0.000000 0 
1083840.000000 0.983600 1083840.000000 0.983600 0.992789 0.238624 0.245900 0.000000 0 
1006800.000000 1.057288 1006800.000000 1.057288 0.996578 0.197204 0.264322 0.000000 0 
863760.000000 1.701255 863760.000000 1.701255 0.993118 0.120301 0.425314 0.000000 0 
1447200.000000 0.843306 1447200.000000 0.843306 0.992549 0.433978 0.210826 0.000000 0 
1659600.000000 0.811627 1659600.000000 0.811627 0.986032 0.548172 0.202907 0.000000 0 
1178880.000000 0.915739 1178880.000000 0.915739 0.993125 0.289720 0.228935 0.000000 0 
1798800.000000 0.797317 1798800.000000 0.797317 0.971377 0.623011 0.199329 0.000000 0 
1678320.000000 0.810883 1678320.000000 0.810883 0.999617 0.558237 0.202721 0.000000 0 
1016400.000000 1.054789 1016400.000000 1.054789 0.996575 0.202366 0.263697 0.000000 0 
1258560.000000 0.894134 1258560.000000 0.894134 0.996687 0.332559 0.223533 0.000000 0 
1672800.000000 0.811406 1672800.000000 0.811406 0.999023 0.555269 0.202851 0.000000 0 
913200.000000 1.422809 913200.000000 1.422809 0.991555 0.146882 0.355702 0.000000 0 
917040.000000 1.417157 917040.000000 1.417157 0.997219 0.148946 0.354289 0.000000 0 
906960.000000 1.428755 906960.000000 1.428755 0.997523 0.143527 0.357189 0.000000 0 
1263600.000000 0.889116 1263600.000000 0.889116 0.996494 0.335269 0.222279 0.000000 0 
#Generacion: 3500 
#Distancia: 332.695455 
848640.000000 2.248409 848640.000000 2.248409 0.999616 0.112172 0.562102 0.000000 0 
1839120.000000 0.795320 1839120.000000 0.795320 0.989014 0.644688 0.198830 0.000000 0 
848640.000000 2.248409 848640.000000 2.248409 0.999616 0.112172 0.562102 0.000000 0 
848880.000000 1.747207 848880.000000 1.747207 0.995449 0.112301 0.436802 0.000000 0 
862560.000000 1.675932 862560.000000 1.675932 0.994788 0.119656 0.418983 0.000000 0 
930480.000000 1.364107 930480.000000 1.364107 0.993072 0.156172 0.341027 0.000000 0 
1665360.000000 0.806924 1665360.000000 0.806924 0.995113 0.551269 0.201731 0.000000 0 
930720.000000 1.251502 930720.000000 1.251502 0.997680 0.156301 0.312876 0.000000 0 
1715520.000000 0.805291 1715520.000000 0.805291 0.997768 0.578237 0.201323 0.000000 0 
865680.000000 1.588039 865680.000000 1.588039 0.995678 0.121333 0.397010 0.000000 0 
1767120.000000 0.798318 1767120.000000 0.798318 0.998142 0.605978 0.199580 0.000000 0 
1637280.000000 0.810753 1637280.000000 0.810753 0.980453 0.536172 0.202688 0.000000 0 
880080.000000 1.495175 880080.000000 1.495175 0.994977 0.129075 0.373794 0.000000 0 
887040.000000 1.459863 887040.000000 1.459863 0.999135 0.132817 0.364966 0.000000 0 
862080.000000 1.729751 862080.000000 1.729751 0.997295 0.119398 0.432438 0.000000 0 
973680.000000 1.128251 973680.000000 1.128251 0.997561 0.179398 0.282063 0.000000 0 
1562640.000000 0.819895 1562640.000000 0.819895 0.993805 0.496043 0.204974 0.000000 0 
875040.000000 1.514400 875040.000000 1.514400 0.996796 0.126366 0.378600 0.000000 0 
1798800.000000 0.797317 1798800.000000 0.797317 0.971377 0.623011 0.199329 0.000000 0 
1543440.000000 0.822349 1543440.000000 0.822349 0.993646 0.485720 0.205587 0.000000 0 
1366320.000000 0.857746 1366320.000000 0.857746 0.988504 0.390495 0.214436 0.000000 0 
1744080.000000 0.802460 1744080.000000 0.802460 0.998943 0.593591 0.200615 0.000000 0 
939360.000000 1.227551 939360.000000 1.227551 0.999797 0.160946 0.306888 0.000000 0 
1387920.000000 0.855157 1387920.000000 0.855157 0.996454 0.402108 0.213789 0.000000 0 
988560.000000 1.075090 988560.000000 1.075090 0.999049 0.187398 0.268772 0.000000 0 
972960.000000 1.164192 972960.000000 1.164192 0.999323 0.179011 0.291048 0.000000 0 
1400400.000000 0.851514 1400400.000000 0.851514 0.994814 0.408817 0.212879 0.000000 0 
1447200.000000 0.843306 1447200.000000 0.843306 0.992549 0.433978 0.210826 0.000000 0 
958560.000000 1.206826 958560.000000 1.206826 0.998516 0.171269 0.301707 0.000000 0 
1052880.000000 1.024767 1052880.000000 1.024767 0.997465 0.221978 0.256192 0.000000 0 
871680.000000 1.558757 871680.000000 1.558757 0.999900 0.124559 0.389689 0.000000 0 
1806720.000000 0.796811 1806720.000000 0.796811 0.971773 0.627269 0.199203 0.000000 0 
1065120.000000 1.016967 1065120.000000 1.016967 0.998632 0.228559 0.254242 0.000000 0 
1354560.000000 0.864011 1354560.000000 0.864011 0.973157 0.384172 0.216003 0.000000 0 
1340160.000000 0.869385 1340160.000000 0.869385 0.995606 0.376430 0.217346 0.000000 0 
872640.000000 1.546148 872640.000000 1.546148 0.994882 0.125075 0.386537 0.000000 0 
1232400.000000 0.899852 1232400.000000 0.899852 0.998025 0.318495 0.224963 0.000000 0 
1832400.000000 0.795621 1832400.000000 0.795621 0.989169 0.641075 0.198905 0.000000 0 
1421280.000000 0.849862 1421280.000000 0.849862 0.999289 0.420043 0.212466 0.000000 0 
946560.000000 1.217334 946560.000000 1.217334 0.997305 0.164817 0.304333 0.000000 0 
1584720.000000 0.819514 1584720.000000 0.819514 0.994536 0.507914 0.204878 0.000000 0 
1170000.000000 0.918547 1170000.000000 0.918547 0.999665 0.284946 0.229637 0.000000 0 
1068240.000000 0.996523 1068240.000000 0.996523 0.996821 0.230237 0.249131 0.000000 0 
1141200.000000 0.946055 1141200.000000 0.946055 0.992643 0.269462 0.236514 0.000000 0 
1525920.000000 0.824973 1525920.000000 0.824973 0.993980 0.476301 0.206243 0.000000 0 
974400.000000 1.100930 974400.000000 1.100930 0.996589 0.179785 0.275233 0.000000 0 
963840.000000 1.189950 963840.000000 1.189950 0.995363 0.174108 0.297488 0.000000 0 
1593600.000000 0.816450 1593600.000000 0.816450 0.995386 0.512688 0.204113 0.000000 0 
1041360.000000 1.034433 1041360.000000 1.034433 0.984319 0.215785 0.258608 0.000000 0 
1012560.000000 1.056540 1012560.000000 1.056540 0.997572 0.200301 0.264135 0.000000 0 
911520.000000 1.401068 911520.000000 1.401068 0.990588 0.145978 0.350267 0.000000 0 
1002720.000000 1.067531 1002720.000000 1.067531 0.994373 0.195011 0.266883 0.000000 0 
1732320.000000 0.804836 1732320.000000 0.804836 0.998570 0.587269 0.201209 0.000000 0 
1430640.000000 0.846966 1430640.000000 0.846966 0.997873 0.425075 0.211742 0.000000 0 
1155360.000000 0.929494 1155360.000000 0.929494 0.999107 0.277075 0.232374 0.000000 0 
1486800.000000 0.839608 1486800.000000 0.839608 0.996744 0.455269 0.209902 0.000000 0 
1324800.000000 0.870357 1324800.000000 0.870357 0.992398 0.368172 0.217589 0.000000 0 
910080.000000 1.423689 910080.000000 1.423689 0.998387 0.145204 0.355922 0.000000 0 
1199520.000000 0.908554 1199520.000000 0.908554 0.986049 0.300817 0.227138 0.000000 0 
1284240.000000 0.883044 1284240.000000 0.883044 0.992824 0.346366 0.220761 0.000000 0 
1618080.000000 0.814203 1618080.000000 0.814203 0.979392 0.525849 0.203551 0.000000 0 
918000.000000 1.390334 918000.000000 1.390334 0.988558 0.149462 0.347583 0.000000 0 
966000.000000 1.171401 966000.000000 1.171401 0.999740 0.175269 0.292850 0.000000 0 
1612800.000000 0.814381 1612800.000000 0.814381 0.995531 0.523011 0.203595 0.000000 0 
865680.000000 1.588039 865680.000000 1.588039 0.995678 0.121333 0.397010 0.000000 0 
1253760.000000 0.893519 1253760.000000 0.893519 0.999384 0.329978 0.223380 0.000000 0 
1247760.000000 0.899468 1247760.000000 0.899468 0.998228 0.326753 0.224867 0.000000 0 
1513680.000000 0.825463 1513680.000000 0.825463 0.993816 0.469720 0.206366 0.000000 0 
1188720.000000 0.912095 1188720.000000 0.912095 0.994309 0.295011 0.228024 0.000000 0 
1148640.000000 0.930886 1148640.000000 0.930886 0.998723 0.273462 0.232721 0.000000 0 
855600.000000 1.732552 855600.000000 1.732552 0.993968 0.115914 0.433138 0.000000 0 
1304640.000000 0.876833 1304640.000000 0.876833 0.994752 0.357333 0.219208 0.000000 0 
930720.000000 1.251502 930720.000000 1.251502 0.997680 0.156301 0.312876 0.000000 0 
905040.000000 1.433205 905040.000000 1.433205 0.996976 0.142495 0.358301 0.000000 0 
1293840.000000 0.881120 1293840.000000 0.881120 0.998855 0.351527 0.220280 0.000000 0 
1315440.000000 0.876050 1315440.000000 0.876050 0.973437 0.363140 0.219013 0.000000 0 
1462560.000000 0.839750 1462560.000000 0.839750 0.983696 0.442237 0.209938 0.000000 0 
1076160.000000 0.985598 1076160.000000 0.985598 0.995739 0.234495 0.246400 0.000000 0 
1469280.000000 0.839700 1469280.000000 0.839700 0.982294 0.445849 0.209925 0.000000 0 
1033680.000000 1.042295 1033680.000000 1.042295 0.992382 0.211656 0.260574 0.000000 0 
1128960.000000 0.948902 1128960.000000 0.948902 0.993173 0.262882 0.237225 0.000000 0 
1118640.000000 0.966975 1118640.000000 0.966975 0.996902 0.257333 0.241744 0.000000 0 
1216800.000000 0.903190 1216800.000000 0.903190 0.982529 0.310108 0.225798 0.000000 0 
1092720.000000 0.976611 1092720.000000 0.976611 0.998352 0.243398 0.244153 0.000000 0 
1178880.000000 0.915739 1178880.000000 0.915739 0.993125 0.289720 0.228935 0.000000 0 
890880.000000 1.442677 890880.000000 1.442677 0.993816 0.134882 0.360669 0.000000 0 
1083840.000000 0.983600 1083840.000000 0.983600 0.992789 0.238624 0.245900 0.000000 0 
1123680.000000 0.955617 1123680.000000 0.955617 0.986223 0.260043 0.238904 0.000000 0 
1111200.000000 0.972465 1111200.000000 0.972465 0.988943 0.253333 0.243116 0.000000 0 
1270560.000000 0.887920 1270560.000000 0.887920 0.998170 0.339011 0.221980 0.000000 0 
1100160.000000 0.972972 1100160.000000 0.972972 0.997957 0.247398 0.243243 0.000000 0 
1214400.000000 0.908409 1214400.000000 0.908409 0.992382 0.308817 0.227102 0.000000 0 
1505040.000000 0.832006 1505040.000000 0.832006 0.998409 0.465075 0.208002 0.000000 0 
897600.000000 1.441929 897600.000000 1.441929 0.998026 0.138495 0.360482 0.000000 0 
1266240.000000 0.888789 1266240.000000 0.888789 0.999780 0.336688 0.222197 0.000000 0 
1021440.000000 1.049675 1021440.000000 1.049675 0.993731 0.205075 0.262419 0.000000 0 
974400.000000 1.100930 974400.000000 1.100930 0.996589 0.179785 0.275233 0.000000 0 
994320.000000 1.074623 994320.000000 1.074623 0.999557 0.190495 0.268656 0.000000 0 
1026480.000000 1.048249 1026480.000000 1.048249 0.998194 0.207785 0.262062 0.000000 0 
920880.000000 1.369241 920880.000000 1.369241 0.991071 0.151011 0.342310 0.000000 0 
#Generacion: 4000 
#Distancia: 318.746061 
848640.000000 2.248409 848640.000000 2.248409 0.999616 0.112172 0.562102 0.000000 0 
1845840.000000 0.793277 1845840.000000 0.793277 0.998772 0.648301 0.198319 0.000000 0 
848640.000000 2.248409 848640.000000 2.248409 0.999616 0.112172 0.562102 0.000000 0 
848880.000000 1.747207 848880.000000 1.747207 0.995449 0.112301 0.436802 0.000000 0 
930480.000000 1.364107 930480.000000 1.364107 0.993072 0.156172 0.341027 0.000000 0 
930720.000000 1.251502 930720.000000 1.251502 0.997680 0.156301 0.312876 0.000000 0 
865680.000000 1.588039 865680.000000 1.588039 0.995678 0.121333 0.397010 0.000000 0 
862560.000000 1.675932 862560.000000 1.675932 0.994788 0.119656 0.418983 0.000000 0 
1665360.000000 0.806924 1665360.000000 0.806924 0.995113 0.551269 0.201731 0.000000 0 
966000.000000 1.171401 966000.000000 1.171401 0.999740 0.175269 0.292850 0.000000 0 
968640.000000 1.105649 968640.000000 1.105649 0.998369 0.176688 0.276412 0.000000 0 
871680.000000 1.544630 871680.000000 1.544630 0.998270 0.124559 0.386158 0.000000 0 
1697280.000000 0.806887 1697280.000000 0.806887 0.977360 0.568430 0.201722 0.000000 0 
988560.000000 1.074974 988560.000000 1.074974 0.999163 0.187398 0.268744 0.000000 0 
879120.000000 1.493761 879120.000000 1.493761 0.995582 0.128559 0.373440 0.000000 0 
886080.000000 1.456359 886080.000000 1.456359 0.996423 0.132301 0.364090 0.000000 0 
862080.000000 1.729751 862080.000000 1.729751 0.997295 0.119398 0.432438 0.000000 0 
875040.000000 1.514400 875040.000000 1.514400 0.996796 0.126366 0.378600 0.000000 0 
1472640.000000 0.837059 1472640.000000 0.837059 0.995141 0.447656 0.209265 0.000000 0 
902160.000000 1.422246 902160.000000 1.422246 0.987003 0.140946 0.355561 0.000000 0 
1637280.000000 0.810753 1637280.000000 0.810753 0.980453 0.536172 0.202688 0.000000 0 
974400.000000 1.100930 974400.000000 1.100930 0.996589 0.179785 0.275233 0.000000 0 
1543440.000000 0.822349 1543440.000000 0.822349 0.993646 0.485720 0.205587 0.000000 0 
1788240.000000 0.797298 1788240.000000 0.797298 0.972838 0.617333 0.199324 0.000000 0 
1743840.000000 0.800585 1743840.000000 0.800585 0.994859 0.593462 0.200146 0.000000 0 
862560.000000 1.675932 862560.000000 1.675932 0.994788 0.119656 0.418983 0.000000 0 
1605360.000000 0.813442 1605360.000000 0.813442 0.989575 0.519011 0.203361 0.000000 0 
1002720.000000 1.067531 1002720.000000 1.067531 0.994373 0.195011 0.266883 0.000000 0 
1253760.000000 0.893519 1253760.000000 0.893519 0.999384 0.329978 0.223380 0.000000 0 
1490400.000000 0.835787 1490400.000000 0.835787 0.994193 0.457204 0.208947 0.000000 0 
869280.000000 1.587805 869280.000000 1.587805 0.997559 0.123269 0.396951 0.000000 0 
1266240.000000 0.888789 1266240.000000 0.888789 0.999780 0.336688 0.222197 0.000000 0 
1052880.000000 1.024767 1052880.000000 1.024767 0.997465 0.221978 0.256192 0.000000 0 
1060320.000000 1.011353 1060320.000000 1.011353 0.998946 0.225978 0.252838 0.000000 0 
1561680.000000 0.819748 1561680.000000 0.819748 0.998420 0.495527 0.204937 0.000000 0 
1575120.000000 0.818131 1575120.000000 0.818131 0.988486 0.502753 0.204533 0.000000 0 
1627920.000000 0.812646 1627920.000000 0.812646 0.977993 0.531140 0.203161 0.000000 0 
1593600.000000 0.816450 1593600.000000 0.816450 0.995386 0.512688 0.204113 0.000000 0 
1170000.000000 0.918547 1170000.000000 0.918547 0.999665 0.284946 0.229637 0.000000 0 
1282560.000000 0.884655 1282560.000000 0.884655 0.998571 0.345462 0.221164 0.000000 0 
1366320.000000 0.857746 1366320.000000 0.857746 0.988504 0.390495 0.214436 0.000000 0 
1068240.000000 0.996523 1068240.000000 0.996523 0.996821 0.230237 0.249131 0.000000 0 
1141200.000000 0.946055 1141200.000000 0.946055 0.992643 0.269462 0.236514 0.000000 0 
1523520.000000 0.823384 1523520.000000 0.823384 0.993281 0.475011 0.205846 0.000000 0 
1408560.000000 0.850077 1408560.000000 0.850077 0.988301 0.413204 0.212519 0.000000 0 
1236720.000000 0.898551 1236720.000000 0.898551 0.993155 0.320817 0.224638 0.000000 0 
1819200.000000 0.796770 1819200.000000 0.796770 0.971310 0.633978 0.199192 0.000000 0 
1723440.000000 0.802962 1723440.000000 0.802962 0.992072 0.582495 0.200741 0.000000 0 
1806720.000000 0.796811 1806720.000000 0.796811 0.971773 0.627269 0.199203 0.000000 0 
917280.000000 1.378601 917280.000000 1.378601 0.997187 0.149075 0.344650 0.000000 0 
1392960.000000 0.854803 1392960.000000 0.854803 0.996641 0.404817 0.213701 0.000000 0 
1767120.000000 0.798318 1767120.000000 0.798318 0.998142 0.605978 0.199580 0.000000 0 
1309680.000000 0.872490 1309680.000000 0.872490 0.982590 0.360043 0.218122 0.000000 0 
1430640.000000 0.846966 1430640.000000 0.846966 0.997873 0.425075 0.211742 0.000000 0 
1505040.000000 0.832006 1505040.000000 0.832006 0.998409 0.465075 0.208002 0.000000 0 
1155360.000000 0.929494 1155360.000000 0.929494 0.999107 0.277075 0.232374 0.000000 0 
1226640.000000 0.900210 1226640.000000 0.900210 0.999609 0.315398 0.225053 0.000000 0 
1451040.000000 0.839619 1451040.000000 0.839619 0.989231 0.436043 0.209905 0.000000 0 
1210080.000000 0.903114 1210080.000000 0.903114 0.986429 0.306495 0.225778 0.000000 0 
1837200.000000 0.795078 1837200.000000 0.795078 0.994325 0.643656 0.198769 0.000000 0 
1715520.000000 0.805291 1715520.000000 0.805291 0.997768 0.578237 0.201323 0.000000 0 
1188720.000000 0.912095 1188720.000000 0.912095 0.994309 0.295011 0.228024 0.000000 0 
1022160.000000 1.040200 1022160.000000 1.040200 0.991333 0.205462 0.260050 0.000000 0 
1381200.000000 0.855485 1381200.000000 0.855485 0.998207 0.398495 0.213871 0.000000 0 
946560.000000 1.217334 946560.000000 1.217334 0.997305 0.164817 0.304333 0.000000 0 
1330320.000000 0.865138 1330320.000000 0.865138 0.975725 0.371140 0.216285 0.000000 0 
939360.000000 1.227551 939360.000000 1.227551 0.999797 0.160946 0.306888 0.000000 0 
1202160.000000 0.907754 1202160.000000 0.907754 0.991698 0.302237 0.226939 0.000000 0 
1012560.000000 1.056540 1012560.000000 1.056540 0.997572 0.200301 0.264135 0.000000 0 
949680.000000 1.201333 949680.000000 1.201333 0.997250 0.166495 0.300333 0.000000 0 
1320960.000000 0.865656 1320960.000000 0.865656 0.987251 0.366108 0.216414 0.000000 0 
1110240.000000 0.968326 1110240.000000 0.968326 0.983188 0.252817 0.242082 0.000000 0 
1148640.000000 0.930886 1148640.000000 0.930886 0.998723 0.273462 0.232721 0.000000 0 
1447200.000000 0.843306 1447200.000000 0.843306 0.992549 0.433978 0.210826 0.000000 0 
897600.000000 1.441929 897600.000000 1.441929 0.998026 0.138495 0.360482 0.000000 0 
855600.000000 1.732552 855600.000000 1.732552 0.993968 0.115914 0.433138 0.000000 0 
1128960.000000 0.948902 1128960.000000 0.948902 0.993173 0.262882 0.237225 0.000000 0 
936240.000000 1.242988 936240.000000 1.242988 0.998860 0.159269 0.310747 0.000000 0 
1348560.000000 0.864712 1348560.000000 0.864712 0.993365 0.380946 0.216178 0.000000 0 
1759680.000000 0.800552 1759680.000000 0.800552 0.975709 0.601978 0.200138 0.000000 0 
963840.000000 1.189950 963840.000000 1.189950 0.995363 0.174108 0.297488 0.000000 0 
1075200.000000 0.985980 1075200.000000 0.985980 0.995777 0.233978 0.246495 0.000000 0 
1513680.000000 0.825463 1513680.000000 0.825463 0.993816 0.469720 0.206366 0.000000 0 
1421280.000000 0.849862 1421280.000000 0.849862 0.999289 0.420043 0.212466 0.000000 0 
1083840.000000 0.983600 1083840.000000 0.983600 0.992789 0.238624 0.245900 0.000000 0 
1092720.000000 0.976611 1092720.000000 0.976611 0.998352 0.243398 0.244153 0.000000 0 
906480.000000 1.393922 906480.000000 1.393922 0.987432 0.143269 0.348480 0.000000 0 
1041360.000000 1.034433 1041360.000000 1.034433 0.984319 0.215785 0.258608 0.000000 0 
1098960.000000 0.970912 1098960.000000 0.970912 0.996627 0.246753 0.242728 0.000000 0 
1037520.000000 1.036923 1037520.000000 1.036923 0.990245 0.213720 0.259231 0.000000 0 
1178880.000000 0.915739 1178880.000000 0.915739 0.993125 0.289720 0.228935 0.000000 0 
920880.000000 1.369241 920880.000000 1.369241 0.991071 0.151011 0.342310 0.000000 0 
1354560.000000 0.864011 1354560.000000 0.864011 0.973157 0.384172 0.216003 0.000000 0 
961200.000000 1.200497 961200.000000 1.200497 0.996044 0.172688 0.300124 0.000000 0 
1296720.000000 0.875113 1296720.000000 0.875113 0.981489 0.353075 0.218778 0.000000 0 
890880.000000 1.442677 890880.000000 1.442677 0.993816 0.134882 0.360669 0.000000 0 
906480.000000 1.393922 906480.000000 1.393922 0.987432 0.143269 0.348480 0.000000 0 
1021920.000000 1.056043 1021920.000000 1.056043 0.993712 0.205333 0.264011 0.000000 0 
1293840.000000 0.881120 1293840.000000 0.881120 0.998855 0.351527 0.220280 0.000000 0 
1118400.000000 0.962000 1118400.000000 0.962000 0.991653 0.257204 0.240500 0.000000 0 
#Generacion: 4500 
#Distancia: 330.562424 
847680.000000 2.246520 847680.000000 2.246520 0.998742 0.111656 0.561630 0.000000 0 
847680.000000 2.246520 847680.000000 2.246520 0.998742 0.111656 0.561630 0.000000 0 
1875600.000000 0.792334 1875600.000000 0.792334 0.992764 0.664301 0.198083 0.000000 0 
848880.000000 1.747207 848880.000000 1.747207 0.995449 0.112301 0.436802 0.000000 0 
930720.000000 1.251502 930720.000000 1.251502 0.997680 0.156301 0.312876 0.000000 0 
930480.000000 1.364107 930480.000000 1.364107 0.993072 0.156172 0.341027 0.000000 0 
863040.000000 1.601900 863040.000000 1.601900 0.999436 0.119914 0.400475 0.000000 0 
1495200.000000 0.828484 1495200.000000 0.828484 0.998837 0.459785 0.207121 0.000000 0 
1707840.000000 0.805302 1707840.000000 0.805302 0.990609 0.574108 0.201325 0.000000 0 
862560.000000 1.675932 862560.000000 1.675932 0.994788 0.119656 0.418983 0.000000 0 
1459680.000000 0.835538 1459680.000000 0.835538 0.992498 0.440688 0.208884 0.000000 0 
1419360.000000 0.840801 1419360.000000 0.840801 0.993875 0.419011 0.210200 0.000000 0 
967920.000000 1.128133 967920.000000 1.128133 0.998935 0.176301 0.282033 0.000000 0 
966000.000000 1.171401 966000.000000 1.171401 0.999740 0.175269 0.292850 0.000000 0 
865680.000000 1.588039 865680.000000 1.588039 0.995678 0.121333 0.397010 0.000000 0 
861120.000000 1.712617 861120.000000 1.712617 0.998452 0.118882 0.428154 0.000000 0 
884160.000000 1.492804 884160.000000 1.492804 0.993476 0.131269 0.373201 0.000000 0 
1451040.000000 0.839619 1451040.000000 0.839619 0.989231 0.436043 0.209905 0.000000 0 
1668240.000000 0.806463 1668240.000000 0.806463 0.995649 0.552817 0.201616 0.000000 0 
1134000.000000 0.942646 1134000.000000 0.942646 0.995210 0.265591 0.235661 0.000000 0 
901200.000000 1.420576 901200.000000 1.420576 0.989302 0.140430 0.355144 0.000000 0 
1819440.000000 0.794733 1819440.000000 0.794733 0.983784 0.634108 0.198683 0.000000 0 
1338960.000000 0.862953 1338960.000000 0.862953 0.969792 0.375785 0.215738 0.000000 0 
885840.000000 1.464459 885840.000000 1.464459 0.993794 0.132172 0.366115 0.000000 0 
1254960.000000 0.894401 1254960.000000 0.894401 0.990280 0.330624 0.223600 0.000000 0 
1268640.000000 0.886975 1268640.000000 0.886975 0.987906 0.337978 0.221744 0.000000 0 
1526160.000000 0.822975 1526160.000000 0.822975 0.986594 0.476430 0.205744 0.000000 0 
1627920.000000 0.812646 1627920.000000 0.812646 0.977993 0.531140 0.203161 0.000000 0 
988560.000000 1.074974 988560.000000 1.074974 0.999163 0.187398 0.268744 0.000000 0 
1788240.000000 0.797298 1788240.000000 0.797298 0.972838 0.617333 0.199324 0.000000 0 
1549440.000000 0.820712 1549440.000000 0.820712 0.989695 0.488946 0.205178 0.000000 0 
1723440.000000 0.802962 1723440.000000 0.802962 0.992072 0.582495 0.200741 0.000000 0 
963840.000000 1.189950 963840.000000 1.189950 0.995363 0.174108 0.297488 0.000000 0 
1766160.000000 0.798283 1766160.000000 0.798283 0.999256 0.605462 0.199571 0.000000 0 
1002720.000000 1.065475 1002720.000000 1.065475 0.993573 0.195011 0.266369 0.000000 0 
1605360.000000 0.813442 1605360.000000 0.813442 0.989575 0.519011 0.203361 0.000000 0 
855600.000000 1.732552 855600.000000 1.732552 0.993968 0.115914 0.433138 0.000000 0 
1282320.000000 0.877576 1282320.000000 0.877576 0.996440 0.345333 0.219394 0.000000 0 
1320960.000000 0.865656 1320960.000000 0.865656 0.987251 0.366108 0.216414 0.000000 0 
1236720.000000 0.898551 1236720.000000 0.898551 0.993155 0.320817 0.224638 0.000000 0 
868800.000000 1.543088 868800.000000 1.543088 0.998297 0.123011 0.385772 0.000000 0 
1513680.000000 0.825463 1513680.000000 0.825463 0.993816 0.469720 0.206366 0.000000 0 
1012560.000000 1.056540 1012560.000000 1.056540 0.997572 0.200301 0.264135 0.000000 0 
1575120.000000 0.818131 1575120.000000 0.818131 0.988486 0.502753 0.204533 0.000000 0 
1593600.000000 0.816450 1593600.000000 0.816450 0.995386 0.512688 0.204113 0.000000 0 
1845840.000000 0.793277 1845840.000000 0.793277 0.998772 0.648301 0.198319 0.000000 0 
1170000.000000 0.918547 1170000.000000 0.918547 0.999665 0.284946 0.229637 0.000000 0 
1803840.000000 0.797121 1803840.000000 0.797121 0.971864 0.625720 0.199280 0.000000 0 
1067280.000000 1.000619 1067280.000000 1.000619 0.999264 0.229720 0.250155 0.000000 0 
1120800.000000 0.952718 1120800.000000 0.952718 0.995225 0.258495 0.238180 0.000000 0 
987600.000000 1.099236 987600.000000 1.099236 0.999519 0.186882 0.274809 0.000000 0 
1379040.000000 0.856153 1379040.000000 0.856153 0.984130 0.397333 0.214038 0.000000 0 
917280.000000 1.378601 917280.000000 1.378601 0.997187 0.149075 0.344650 0.000000 0 
1742400.000000 0.801126 1742400.000000 0.801126 0.997199 0.592688 0.200282 0.000000 0 
1359120.000000 0.861807 1359120.000000 0.861807 0.967027 0.386624 0.215452 0.000000 0 
1296720.000000 0.875113 1296720.000000 0.875113 0.981489 0.353075 0.218778 0.000000 0 
1309680.000000 0.872490 1309680.000000 0.872490 0.982590 0.360043 0.218122 0.000000 0 
1050960.000000 1.018386 1050960.000000 1.018386 0.998017 0.220946 0.254596 0.000000 0 
1148640.000000 0.930886 1148640.000000 0.930886 0.998723 0.273462 0.232721 0.000000 0 
1155360.000000 0.929494 1155360.000000 0.929494 0.999107 0.277075 0.232374 0.000000 0 
1224240.000000 0.901093 1224240.000000 0.901093 0.986946 0.314108 0.225273 0.000000 0 
1188720.000000 0.912095 1188720.000000 0.912095 0.994309 0.295011 0.228024 0.000000 0 
1060320.000000 1.011353 1060320.000000 1.011353 0.998946 0.225978 0.252838 0.000000 0 
1395360.000000 0.853175 1395360.000000 0.853175 0.981826 0.406108 0.213294 0.000000 0 
1075200.000000 0.985980 1075200.000000 0.985980 0.995777 0.233978 0.246495 0.000000 0 
949680.000000 1.201333 949680.000000 1.201333 0.997250 0.166495 0.300333 0.000000 0 
874080.000000 1.511118 874080.000000 1.511118 0.995860 0.125849 0.377780 0.000000 0 
868800.000000 1.543088 868800.000000 1.543088 0.998297 0.123011 0.385772 0.000000 0 
1202160.000000 0.906662 1202160.000000 0.906662 0.985261 0.302237 0.226665 0.000000 0 
890160.000000 1.443470 890160.000000 1.443470 0.998745 0.134495 0.360868 0.000000 0 
943920.000000 1.201415 943920.000000 1.201415 0.999769 0.163398 0.300354 0.000000 0 
1561680.000000 0.819748 1561680.000000 0.819748 0.998420 0.495527 0.204937 0.000000 0 
1843920.000000 0.794607 1843920.000000 0.794607 0.994171 0.647269 0.198652 0.000000 0 
862560.000000 1.675932 862560.000000 1.675932 0.994788 0.119656 0.418983 0.000000 0 
897600.000000 1.441929 897600.000000 1.441929 0.998026 0.138495 0.360482 0.000000 0 
942240.000000 1.236397 942240.000000 1.236397 0.999570 0.162495 0.309099 0.000000 0 
1017120.000000 1.037252 1017120.000000 1.037252 0.994305 0.202753 0.259313 0.000000 0 
943680.000000 1.231948 943680.000000 1.231948 0.997577 0.163269 0.307987 0.000000 0 
1023840.000000 1.034935 1023840.000000 1.034935 0.993457 0.206366 0.258734 0.000000 0 
1210080.000000 0.903114 1210080.000000 0.903114 0.986429 0.306495 0.225778 0.000000 0 
1752720.000000 0.799855 1752720.000000 0.799855 0.997041 0.598237 0.199964 0.000000 0 
968640.000000 1.105649 968640.000000 1.105649 0.998369 0.176688 0.276412 0.000000 0 
1646400.000000 0.809736 1646400.000000 0.809736 0.999641 0.541075 0.202434 0.000000 0 
1092720.000000 0.976611 1092720.000000 0.976611 0.998352 0.243398 0.244153 0.000000 0 
1665360.000000 0.806924 1665360.000000 0.806924 0.995113 0.551269 0.201731 0.000000 0 
1083840.000000 0.983600 1083840.000000 0.983600 0.992789 0.238624 0.245900 0.000000 0 
906480.000000 1.393922 906480.000000 1.393922 0.987432 0.143269 0.348480 0.000000 0 
1366320.000000 0.857746 1366320.000000 0.857746 0.988504 0.390495 0.214436 0.000000 0 
1097040.000000 0.967140 1097040.000000 0.967140 0.992624 0.245720 0.241785 0.000000 0 
974400.000000 1.100930 974400.000000 1.100930 0.996589 0.179785 0.275233 0.000000 0 
920880.000000 1.369241 920880.000000 1.369241 0.991071 0.151011 0.342310 0.000000 0 
1178880.000000 0.915739 1178880.000000 0.915739 0.993125 0.289720 0.228935 0.000000 0 
874080.000000 1.511118 874080.000000 1.511118 0.995860 0.125849 0.377780 0.000000 0 
1408560.000000 0.850077 1408560.000000 0.850077 0.988301 0.413204 0.212519 0.000000 0 
1041360.000000 1.034433 1041360.000000 1.034433 0.984319 0.215785 0.258608 0.000000 0 
906480.000000 1.393922 906480.000000 1.393922 0.987432 0.143269 0.348480 0.000000 0 
1106160.000000 0.961885 1106160.000000 0.961885 0.998070 0.250624 0.240471 0.000000 0 
1111200.000000 0.956721 1111200.000000 0.956721 0.995015 0.253333 0.239180 0.000000 0 
1044480.000000 1.032568 1044480.000000 1.032568 0.996634 0.217462 0.258142 0.000000 0 
1642320.000000 0.810552 1642320.000000 0.810552 0.994932 0.538882 0.202638 0.000000 0 
#Generacion: 5000 
#Distancia: 334.277475 
