44276717.903736 42493279.485296 1783440.000000 1.581560 5.249328 23.460601 10623319.871324 42493277.903736 16 
49071250.365460 47007491.651656 2063760.000000 1.286196 5.700749 26.038307 11751872.912914 47007490.365460 26 
52730957.227423 50796318.599114 1934640.000000 1.371692 6.079632 28.005891 12699079.649779 50796317.227423 37 
56912924.794305 54949246.973982 1963680.000000 2.179677 6.494924 30.254261 13737311.743495 54949244.794305 45 
45390904.995018 43374906.742543 2016000.000000 1.747525 5.337490 24.059626 10843726.685636 43374904.995018 19 
59683441.386406 57878403.383485 1805040.000000 1.997079 6.787840 31.743786 14469600.845871 57878401.386406 47 
10470308959757.294922 10470306984558.892578 1975200.000000 1.597501 1047031.698456 5629198.021375 2617576746139.723145 10470306984557.294922 64 
42615753.679300 40807595.204746 1808160.000000 1.525445 5.080759 22.567610 10201898.801186 40807593.679300 14 
53893720.483273 51853961.995682 2039760.000000 1.512409 6.185396 28.631033 12963490.498920 51853960.483273 40 
58134205204067.960938 58134203332069.796875 1872000.000000 1.835439 5813421.333207 31254948.690359 14533550833017.449219 58134203332067.960938 78 
48642934.659618 46598376.333321 2044560.000000 1.673703 5.659837 25.808029 11649594.083330 46598374.659618 23 
39325009.104040 37321730.639204 2003280.000000 1.535165 4.732173 20.798392 9330432.659801 37321729.104040 6 
51161669.919994 48997832.388048 2163840.000000 2.468055 5.899783 27.162188 12249458.097012 48997829.919994 31 
71835432.386172 69729193.895470 2106240.000000 1.509298 7.972919 38.277114 17432298.473868 69729192.386172 54 
64512038.980151 62302120.775419 2209920.000000 1.795268 7.230212 34.339806 15575530.193855 62302118.980151 49 
8467054573653.797852 8467052669735.817383 1903920.000000 2.019289 846706.266973 4552179.534222 2116763167433.954346 8467052669733.797852 63 
48548163.582956 46753205.949501 1794960.000000 2.366545 5.675320 25.757077 11688301.487375 46753203.582956 23 
38274219.530952 36221981.011004 2052240.000000 1.480052 4.622198 20.233451 9055495.252751 36221979.530952 5 
40731056.963624 38685538.571310 2045520.000000 1.607687 4.868554 21.554332 9671384.642828 38685536.963624 8 
226199163383081.343750 226199161319082.843750 2064000.000000 1.487199 22619917.131908 121612453.087678 56549790329770.710938 226199161319081.343750 92 
146569208266086.406250 146569206454568.781250 1811520.000000 2.375828 14656921.645457 78800649.261337 36642301613642.195312 146569206454566.406250 89 
120254372586636.140625 120254370420397.625000 2166240.000000 1.484497 12025438.042040 64652888.143353 30063592605099.406250 120254370420396.140625 82 
47303959520398.382812 47303957471999.781250 2048400.000000 1.395499 4730396.747200 25432235.957203 11825989367999.945312 47303957471998.382812 74 
51321595.750391 49240557.443643 2081040.000000 1.693252 5.924056 27.248170 12310139.360911 49240555.750391 32 
54648841071348.859375 54648839050551.359375 2020800.000000 2.496657 5464884.905055 29381097.006102 13662209762637.839844 54648839050548.859375 77 
50314089.403012 48336010.842990 1978080.000000 1.439978 5.833601 26.706500 12084002.710748 48336009.403012 29 
49222528054001.812500 49222526095123.398438 1958880.000000 1.587406 4922253.609512 26463724.416130 12305631523780.849609 49222526095121.812500 76 
24814597.224774 22781318.310332 2033280.000000 1.085558 3.278132 12.997095 5695329.577583 22781317.224774 2 
30521549648465.617188 30521547753187.644531 1895280.000000 2.027005 3052155.775319 16409434.950788 7630386938296.911133 30521547753185.617188 70 
48720947.885992 46783429.314371 1937520.000000 1.428379 5.678343 25.849972 11695857.328593 46783427.885992 24 
55676395.513350 53739357.719513 1937040.000000 2.206164 6.373936 29.589460 13434839.429878 53739355.513350 44 
51916526.720868 49730608.459422 2185920.000000 1.738554 5.973061 27.568025 12432652.114855 49730606.720868 34 
52534838.857527 50610040.507417 1924800.000000 1.649891 6.061004 27.900451 12652510.126854 50610038.857527 36 
48618147.321027 46604549.488882 2013600.000000 2.167855 5.660455 25.794703 11651137.372220 46604547.321027 23 
52003999.866437 50060241.985102 1943760.000000 2.118666 6.006024 27.615054 12515060.496276 50060239.866437 35 
47261761.916505 45272883.228878 1988880.000000 1.312373 5.527288 25.065463 11318220.807219 45272881.916505 20 
78344536.309361 76321098.189984 2023440.000000 1.880623 8.632110 41.776632 19080274.547496 76321096.309361 58 
50851921.715159 48943443.698142 1908480.000000 1.982983 5.894344 26.995657 12235860.924535 48943441.715159 30 
47309382.168158 45158983.631937 2150400.000000 1.463779 5.515898 25.091066 11289745.907984 45158982.168158 20 
41293387.757125 39258669.286096 2034720.000000 1.528971 4.925867 21.856660 9814667.321524 39258667.757125 9 
51044501.470479 49076743.292775 1967760.000000 1.822296 5.907674 27.099194 12269185.823194 49076741.470479 31 
47614911.075203 45647392.733403 1967520.000000 1.658201 5.564739 25.255329 11411848.183351 45647391.075203 22 
65557370.304164 63462171.974395 2095200.000000 1.670231 7.346217 34.901812 15865542.993599 63462170.304164 50 
107443073.303858 105341635.294815 2101440.000000 1.990957 11.534163 57.421007 26335408.823704 105341633.303858 62 
59160284688402.382812 59160282851924.046875 1836480.000000 1.660925 5916029.285192 31806604.327098 14790070712981.011719 59160282851922.382812 79 
53567668.498150 51490709.735080 2076960.000000 1.236930 6.149071 28.455736 12872677.433770 51490708.498150 39 
78103410.115569 76317812.385231 1785600.000000 2.269662 8.631781 41.646995 19079453.096308 76317810.115569 57 
63170982532325.500000 63170980668727.492188 1863600.000000 1.995420 6317099.066873 33962893.490498 15792745167181.873047 63170980668725.500000 80 
83352038.443057 81295241.119796 2056800.000000 2.676739 9.129524 44.468838 20323810.279949 81295238.443057 59 
143303557125335.687500 143303554964377.500000 2160960.000000 1.811597 14330356.496438 77044922.841578 35825888741094.375000 143303554964375.687500 88 
138843496258325.734375 138843494315047.484375 1943280.000000 1.750165 13884350.431505 74647040.655014 34710873578761.871094 138843494315045.734375 86 
64017995.593200 61966236.973061 2051760.000000 1.379862 7.196624 34.074191 15491559.243265 61966235.593200 48 
54486904.803318 52655226.395984 1831680.000000 1.592666 6.265522 28.949949 13163806.598996 52655224.803318 42 
68949096884089.875000 68949094847931.703125 2036160.000000 1.831594 6894910.484793 37069406.582844 17237273711982.925781 68949094847929.875000 81 
179222164200936.031250 179222161996057.343750 2204880.000000 1.306783 17922217.199606 96356001.914482 44805540499014.335938 179222161996056.031250 91 
54350521.603690 52389003.093993 1961520.000000 1.490303 6.238900 28.876625 13097250.773498 52389001.603690 41 
92709316.804174 90668359.894922 2040960.000000 3.090748 10.066836 49.499633 22667089.973731 90668356.804174 61 
24427718.550623 22520920.025824 1906800.000000 1.475201 3.252092 12.789096 5630230.006456 22520918.550623 1 
49579275.695179 47678236.939723 1901040.000000 1.244543 5.767824 26.311439 11919559.234931 47678235.695179 27 
40489988.551635 38461509.856238 2028480.000000 1.304603 4.846151 21.424725 9615377.464060 38461508.551635 7 
36527408.297183 34537330.740437 1990080.000000 2.443254 4.453733 19.294306 8634332.685109 34537328.297183 4 
41416991.165131 39436032.582100 1980960.000000 1.416969 4.943603 21.923114 9859008.145525 39436031.165131 10 
32642533409110.812500 32642531344632.625000 2064480.000000 1.810786 3264254.134463 17549748.800597 8160632836158.156250 32642531344630.812500 71 
45012999.288800 43093721.291211 1919280.000000 2.002411 5.309372 23.856451 10773430.322803 43093719.288800 18 
135637611460307.500000 135637609472150.484375 1988160.000000 2.982813 13563761.947215 72923446.677585 33909402368037.621094 135637609472147.500000 85 
58237378.585544 56270580.256184 1966800.000000 1.670640 6.627058 30.966333 14067645.064046 56270578.585544 46 
154378026053271.406250 154378024025992.718750 2027280.000000 1.315600 15437803.402599 82998938.394232 38594506006498.179688 154378024025991.406250 90 
128159922576576.984375 128159920686338.765625 1890240.000000 1.784788 12815993.068634 68903183.836869 32039980171584.691406 128159920686336.984375 83 
89139906.789898 87243909.954084 1896000.000000 3.164186 9.724391 47.580595 21810977.488521 87243906.789898 60 
44042311.983119 42112473.598767 1929840.000000 1.615648 5.211247 23.334576 10528118.399692 42112471.983119 15 
69491730.271449 67551572.114024 1940160.000000 1.842575 7.755157 37.017059 16887893.028506 67551570.271449 53 
74219571.559458 72343013.544790 1876560.000000 1.985332 8.234301 39.558909 18085753.386198 72343011.559458 55 
45352579580020.789062 45352577486502.312500 2093520.000000 1.524467 4535258.748650 24383106.957000 11338144371625.578125 45352577486500.789062 73 
38008776052733.718750 38008774028335.203125 2024400.000000 1.481037 3800878.402833 20434825.490717 9502193507083.800781 38008774028333.718750 72 
20287693623816.832031 20287691621258.515625 2002560.000000 1.681976 2028770.162126 10907361.819256 5071922905314.628906 20287691621256.832031 67 
49161533678622.960938 49161531732705.976562 1945920.000000 3.015058 4916154.173270 26430931.741195 12290382933176.494141 49161531732702.960938 75 
44491941.554724 42617062.974720 1874880.000000 1.419995 5.261706 23.576313 10654265.743680 42617061.554724 17 
47373586.561410 45414468.417236 1959120.000000 1.855826 5.541447 25.125584 11353617.104309 45414466.561410 21 
47333036.283341 45136557.347356 2196480.000000 1.064014 5.513656 25.103783 11284139.336839 45136556.283341 20 
74886457.553139 72991419.232988 1895040.000000 1.679850 8.299142 39.917450 18247854.808247 72991417.553139 56 
42153262.759209 40185504.831648 1967760.000000 2.072439 5.018550 22.318958 10046376.207912 40185502.759209 12 
16609102.761138 14568384.154255 2040720.000000 1.393117 2.456838 8.585539 3642096.038564 14568382.761138 0 
48943097.267966 46839258.519901 2103840.000000 1.251935 5.683926 25.969407 11709814.629975 46839257.267966 25 
42340236.850069 40253438.396029 2086800.000000 1.545961 5.025344 22.419482 10063359.599007 40253436.850069 13 
65779726.159928 63949729.344573 1830000.000000 3.184645 7.394973 35.021358 15987432.336143 63949726.159928 51 
51334914.609066 49359716.826401 1975200.000000 2.217335 5.935971 27.255330 12339929.206600 49359714.609066 33 
29282617.542757 27301179.015309 1981440.000000 1.472552 3.730118 15.399257 6825294.753827 27301177.542757 3 
16805428237555.375000 16805426032436.947266 2205120.000000 1.572531 1680543.603244 9035176.127718 4201356508109.236816 16805426032435.375000 66 
51816099.658250 49958741.738161 1857360.000000 2.079912 5.995874 27.514032 12489685.434540 49958739.658250 34 
49776759.604260 47981081.458133 1795680.000000 1.853873 5.798108 26.417613 11995270.364533 47981079.604260 28 
41901539.244780 40018260.908733 1883280.000000 1.663952 5.001826 22.183623 10004565.227183 40018259.244780 11 
139280544381418.843750 139280542309020.718750 2072400.000000 1.869261 13928055.230902 74882012.764204 34820135577255.179688 139280542309018.843750 87 
53401142.781422 51225544.197072 2175600.000000 1.415649 6.122554 28.366206 12806386.049268 51225542.781422 38 
54990457.893955 52853979.828146 2136480.000000 1.934191 6.285398 29.220676 13213494.957037 52853977.893955 43 
131109262003895.734375 131109259971337.375000 2032560.000000 1.632934 13110926.997134 70488850.195643 32777314992834.343750 131109259971335.734375 84 
23493946955453.558594 23493945095935.171875 1859520.000000 1.611519 2349395.509593 12631153.933040 5873486273983.792969 23493945095933.558594 68 
68216436.086117 66172118.139203 2044320.000000 2.053086 7.617212 36.331417 16543029.534801 66172116.086117 52 
11435475812043.324219 11435473713486.480469 2098560.000000 3.156301 1143548.371348 6148104.931206 2858868428371.620117 11435473713483.324219 65 
53391676.890904 51534798.272904 1856880.000000 1.382000 6.153480 28.361117 12883699.568226 51534796.890904 38 
28782910229755.062500 28782908175117.363281 2054640.000000 2.298954 2878291.817512 15474682.575137 7195727043779.340820 28782908175115.062500 69 
#Generacion: 1 
#Distancia: 783.006061 
1175760.000000 1.053693 1175760.000000 1.053693 0.999656 0.288043 0.263423 0.000000 0 
1113120.000000 1.126741 1113120.000000 1.126741 0.991707 0.254366 0.281685 0.000000 0 
1619760.000000 0.868880 1619760.000000 0.868880 0.989235 0.526753 0.217220 0.000000 0 
1318080.000000 0.941762 1318080.000000 0.941762 0.978803 0.364559 0.235441 0.000000 0 
1796400.000000 0.854025 1796400.000000 0.854025 0.995941 0.621720 0.213506 0.000000 0 
1663920.000000 0.859883 1663920.000000 0.859883 0.986448 0.550495 0.214971 0.000000 0 
1211520.000000 0.995157 1211520.000000 0.995157 0.998225 0.307269 0.248789 0.000000 0 
1260480.000000 0.960989 1260480.000000 0.960989 0.997195 0.333591 0.240247 0.000000 0 
1050000.000000 1.487389 1050000.000000 1.487389 0.996135 0.220430 0.371847 0.000000 0 
1030800.000000 1.601251 1030800.000000 1.601251 0.995102 0.210108 0.400313 0.000000 0 
1210560.000000 0.995433 1210560.000000 0.995433 0.998233 0.306753 0.248858 0.000000 0 
1698480.000000 0.859731 1698480.000000 0.859731 0.985491 0.569075 0.214933 0.000000 0 
1049520.000000 1.493201 1049520.000000 1.493201 0.988196 0.220172 0.373300 0.000000 0 
1165440.000000 1.054078 1165440.000000 1.054078 0.998717 0.282495 0.263519 0.000000 0 
1113120.000000 1.126741 1113120.000000 1.126741 0.991707 0.254366 0.281685 0.000000 0 
1129440.000000 1.094623 1129440.000000 1.094623 0.999793 0.263140 0.273656 0.000000 0 
1078320.000000 1.171860 1078320.000000 1.171860 0.991680 0.235656 0.292965 0.000000 0 
1415040.000000 0.888408 1415040.000000 0.888408 0.991417 0.416688 0.222102 0.000000 0 
1130400.000000 1.086317 1130400.000000 1.086317 0.990775 0.263656 0.271579 0.000000 0 
1119600.000000 1.124653 1119600.000000 1.124653 0.988643 0.257849 0.281163 0.000000 0 
1236480.000000 0.974630 1236480.000000 0.974630 0.990765 0.320688 0.243657 0.000000 0 
1259760.000000 0.961390 1259760.000000 0.961390 0.996888 0.333204 0.240347 0.000000 0 
1398000.000000 0.898870 1398000.000000 0.898870 0.996088 0.407527 0.224717 0.000000 0 
1029120.000000 1.613740 1029120.000000 1.613740 0.995922 0.209204 0.403435 0.000000 0 
1248480.000000 0.961412 1248480.000000 0.961412 0.996411 0.327140 0.240353 0.000000 0 
1059840.000000 1.174217 1059840.000000 1.174217 0.996703 0.225720 0.293554 0.000000 0 
1355760.000000 0.918455 1355760.000000 0.918455 0.998890 0.384817 0.229614 0.000000 0 
1244160.000000 0.961669 1244160.000000 0.961669 0.987835 0.324817 0.240417 0.000000 0 
1259760.000000 0.961390 1259760.000000 0.961390 0.996888 0.333204 0.240347 0.000000 0 
1013760.000000 1.657999 1013760.000000 1.657999 0.996742 0.200946 0.414500 0.000000 0 
1182000.000000 1.041017 1182000.000000 1.041017 0.989659 0.291398 0.260254 0.000000 0 
1413840.000000 0.890871 1413840.000000 0.890871 0.990508 0.416043 0.222718 0.000000 0 
1101360.000000 1.134842 1101360.000000 1.134842 0.993732 0.248043 0.283710 0.000000 0 
1645440.000000 0.861605 1645440.000000 0.861605 0.989760 0.540559 0.215401 0.000000 0 
1285680.000000 0.951965 1285680.000000 0.951965 0.992102 0.347140 0.237991 0.000000 0 
1165440.000000 1.054078 1165440.000000 1.054078 0.998717 0.282495 0.263519 0.000000 0 
1571520.000000 0.869743 1571520.000000 0.869743 0.995681 0.500817 0.217436 0.000000 0 
1046400.000000 1.549443 1046400.000000 1.549443 0.993903 0.218495 0.387361 0.000000 0 
1289280.000000 0.948675 1289280.000000 0.948675 0.996331 0.349075 0.237169 0.000000 0 
1201440.000000 1.023513 1201440.000000 1.023513 0.997981 0.301849 0.255878 0.000000 0 
998400.000000 1.683806 998400.000000 1.683806 0.995606 0.192688 0.420951 0.000000 0 
1028880.000000 1.636199 1028880.000000 1.636199 0.996181 0.209075 0.409050 0.000000 0 
1031040.000000 1.578305 1031040.000000 1.578305 0.994859 0.210237 0.394576 0.000000 0 
1644960.000000 0.865162 1644960.000000 0.865162 0.995367 0.540301 0.216290 0.000000 0 
1525200.000000 0.881459 1525200.000000 0.881459 0.997997 0.475914 0.220365 0.000000 0 
1052400.000000 1.191274 1052400.000000 1.191274 0.994909 0.221720 0.297818 0.000000 0 
1119600.000000 1.124653 1119600.000000 1.124653 0.988643 0.257849 0.281163 0.000000 0 
1216560.000000 0.980735 1216560.000000 0.980735 0.990713 0.309978 0.245184 0.000000 0 
1344240.000000 0.931281 1344240.000000 0.931281 0.996049 0.378624 0.232820 0.000000 0 
1553040.000000 0.872796 1553040.000000 0.872796 0.993458 0.490882 0.218199 0.000000 0 
1505520.000000 0.886234 1505520.000000 0.886234 0.975466 0.465333 0.221559 0.000000 0 
1324320.000000 0.939676 1324320.000000 0.939676 0.993395 0.367914 0.234919 0.000000 0 
1020720.000000 1.656229 1020720.000000 1.656229 0.992226 0.204688 0.414057 0.000000 0 
1383360.000000 0.911579 1383360.000000 0.911579 0.997721 0.399656 0.227895 0.000000 0 
1068480.000000 1.172323 1068480.000000 1.172323 0.997995 0.230366 0.293081 0.000000 0 
1533600.000000 0.873287 1533600.000000 0.873287 0.995635 0.480430 0.218322 0.000000 0 
1268880.000000 0.952408 1268880.000000 0.952408 0.998301 0.338108 0.238102 0.000000 0 
1308240.000000 0.943991 1308240.000000 0.943991 0.998109 0.359269 0.235998 0.000000 0 
1642080.000000 0.867397 1642080.000000 0.867397 0.990489 0.538753 0.216849 0.000000 0 
1385040.000000 0.900618 1385040.000000 0.900618 0.996711 0.400559 0.225154 0.000000 0 
1095360.000000 1.146929 1095360.000000 1.146929 0.992142 0.244817 0.286732 0.000000 0 
1268880.000000 0.952408 1268880.000000 0.952408 0.998301 0.338108 0.238102 0.000000 0 
1038240.000000 1.549824 1038240.000000 1.549824 0.989390 0.214108 0.387456 0.000000 0 
1526880.000000 0.878928 1526880.000000 0.878928 0.973889 0.476817 0.219732 0.000000 0 
1163520.000000 1.073420 1163520.000000 1.073420 0.984780 0.281462 0.268355 0.000000 0 
1716480.000000 0.858419 1716480.000000 0.858419 0.990156 0.578753 0.214605 0.000000 0 
1176720.000000 1.054027 1176720.000000 1.054027 0.998855 0.288559 0.263507 0.000000 1 
1472640.000000 0.888532 1472640.000000 0.888532 0.979978 0.447656 0.222133 0.000000 1 
1143120.000000 1.089373 1143120.000000 1.089373 0.994750 0.270495 0.272343 0.000000 1 
1062000.000000 1.183868 1062000.000000 1.183868 0.994595 0.226882 0.295967 0.000000 1 
1064640.000000 1.174787 1064640.000000 1.174787 0.999071 0.228301 0.293697 0.000000 1 
1261440.000000 0.970435 1261440.000000 0.970435 0.993227 0.334108 0.242609 0.000000 1 
1014720.000000 1.658070 1014720.000000 1.658070 0.996205 0.201462 0.414518 0.000000 1 
1187280.000000 1.046617 1187280.000000 1.046617 0.994241 0.294237 0.261654 0.000000 1 
1421520.000000 0.899631 1421520.000000 0.899631 0.989898 0.420172 0.224908 0.000000 1 
1103520.000000 1.144297 1103520.000000 1.144297 0.986082 0.249204 0.286074 0.000000 1 
1168080.000000 1.062621 1168080.000000 1.062621 0.999355 0.283914 0.265655 0.000000 1 
1638960.000000 0.870353 1638960.000000 0.870353 0.998209 0.537075 0.217588 0.000000 1 
1625280.000000 0.870603 1625280.000000 0.870603 0.999796 0.529720 0.217651 0.000000 1 
1292640.000000 0.951493 1292640.000000 0.951493 0.993517 0.350882 0.237873 0.000000 1 
1035600.000000 1.639927 1035600.000000 1.639927 0.982408 0.212688 0.409982 0.000000 1 
1649760.000000 0.866870 1649760.000000 0.866870 0.997653 0.542882 0.216717 0.000000 1 
1053360.000000 1.448324 1053360.000000 1.448324 0.995955 0.222237 0.362081 0.000000 1 
1218720.000000 0.982586 1218720.000000 0.982586 0.992825 0.311140 0.245646 0.000000 1 
1356720.000000 0.933109 1356720.000000 0.933109 0.995947 0.385333 0.233277 0.000000 1 
1374240.000000 0.932452 1374240.000000 0.932452 0.995285 0.394753 0.233113 0.000000 1 
1340880.000000 0.941184 1340880.000000 0.941184 0.987095 0.376817 0.235296 0.000000 1 
1021200.000000 1.657509 1021200.000000 1.657509 0.996364 0.204946 0.414377 0.000000 1 
1384560.000000 0.923846 1384560.000000 0.923846 0.986236 0.400301 0.230961 0.000000 1 
1084800.000000 1.173699 1084800.000000 1.173699 0.997882 0.239140 0.293425 0.000000 1 
1615920.000000 0.874944 1615920.000000 0.874944 0.995882 0.524688 0.218736 0.000000 1 
1390320.000000 0.912294 1390320.000000 0.912294 0.989236 0.403398 0.228073 0.000000 1 
1385280.000000 0.917450 1385280.000000 0.917450 0.997486 0.400688 0.229363 0.000000 1 
1100880.000000 1.150673 1100880.000000 1.150673 0.994060 0.247785 0.287668 0.000000 1 
1275120.000000 0.955182 1275120.000000 0.955182 0.997480 0.341462 0.238795 0.000000 1 
1038720.000000 1.562492 1038720.000000 1.562492 0.986937 0.214366 0.390623 0.000000 1 
1556160.000000 0.883641 1556160.000000 0.883641 0.999617 0.492559 0.220910 0.000000 1 
1562160.000000 0.880323 1562160.000000 0.880323 0.997562 0.495785 0.220081 0.000000 1 
1723920.000000 0.860546 1723920.000000 0.860546 0.996228 0.582753 0.215137 0.000000 1 
1724400.000000 0.858975 1724400.000000 0.858975 0.990448 0.583011 0.214744 0.000000 1 
#Generacion: 500 
#Distancia: 384.818889 
1587360.000000 0.854673 1587360.000000 0.854673 0.995661 0.509333 0.213668 0.000000 0 
1056000.000000 1.111197 1056000.000000 1.111197 0.997517 0.223656 0.277799 0.000000 0 
1566000.000000 0.855305 1566000.000000 0.855305 0.999234 0.497849 0.213826 0.000000 0 
1090080.000000 1.082886 1090080.000000 1.082886 0.984308 0.241978 0.270721 0.000000 0 
1546800.000000 0.858731 1546800.000000 0.858731 0.991406 0.487527 0.214683 0.000000 0 
1600800.000000 0.849365 1600800.000000 0.849365 0.987909 0.516559 0.212341 0.000000 0 
1277520.000000 0.932588 1277520.000000 0.932588 0.995211 0.342753 0.233147 0.000000 0 
1547280.000000 0.857024 1547280.000000 0.857024 0.999212 0.487785 0.214256 0.000000 0 
1498080.000000 0.867729 1498080.000000 0.867729 0.978783 0.461333 0.216932 0.000000 0 
1493760.000000 0.871349 1493760.000000 0.871349 0.993952 0.459011 0.217837 0.000000 0 
1296720.000000 0.927928 1296720.000000 0.927928 0.990742 0.353075 0.231982 0.000000 0 
1180800.000000 0.970855 1180800.000000 0.970855 0.993308 0.290753 0.242714 0.000000 0 
1594800.000000 0.852582 1594800.000000 0.852582 0.987810 0.513333 0.213145 0.000000 0 
1446720.000000 0.880571 1446720.000000 0.880571 0.998279 0.433720 0.220143 0.000000 0 
1201200.000000 0.963742 1201200.000000 0.963742 0.987329 0.301720 0.240936 0.000000 0 
1457760.000000 0.879196 1457760.000000 0.879196 0.994987 0.439656 0.219799 0.000000 0 
1343760.000000 0.890743 1343760.000000 0.890743 0.993402 0.378366 0.222686 0.000000 0 
1200000.000000 0.964834 1200000.000000 0.964834 0.990223 0.301075 0.241209 0.000000 0 
1332000.000000 0.893915 1332000.000000 0.893915 0.989209 0.372043 0.223479 0.000000 0 
1335360.000000 0.892461 1335360.000000 0.892461 0.992170 0.373849 0.223115 0.000000 0 
1448400.000000 0.880122 1448400.000000 0.880122 0.993361 0.434624 0.220030 0.000000 0 
1001040.000000 1.295985 1001040.000000 1.295985 0.997915 0.194108 0.323996 0.000000 0 
1027680.000000 1.118516 1027680.000000 1.118516 0.996130 0.208430 0.279629 0.000000 0 
988800.000000 1.349711 988800.000000 1.349711 0.993904 0.187527 0.337428 0.000000 0 
1322640.000000 0.902565 1322640.000000 0.902565 0.999076 0.367011 0.225641 0.000000 0 
1170000.000000 0.978987 1170000.000000 0.978987 0.993970 0.284946 0.244747 0.000000 0 
1031760.000000 1.116112 1031760.000000 1.116112 0.996845 0.210624 0.279028 0.000000 0 
1213440.000000 0.953840 1213440.000000 0.953840 0.997844 0.308301 0.238460 0.000000 0 
1116240.000000 1.074730 1116240.000000 1.074730 0.993271 0.256043 0.268683 0.000000 0 
1164000.000000 0.979321 1164000.000000 0.979321 0.993616 0.281720 0.244830 0.000000 0 
1208880.000000 0.963406 1208880.000000 0.963406 0.999008 0.305849 0.240852 0.000000 0 
1457040.000000 0.879732 1457040.000000 0.879732 0.974792 0.439269 0.219933 0.000000 0 
964080.000000 1.556811 964080.000000 1.556811 0.996881 0.174237 0.389203 0.000000 0 
1084800.000000 1.085094 1084800.000000 1.085094 0.989895 0.239140 0.271274 0.000000 0 
1302000.000000 0.914610 1302000.000000 0.914610 0.999103 0.355914 0.228653 0.000000 0 
1101120.000000 1.082646 1101120.000000 1.082646 0.996446 0.247914 0.270662 0.000000 0 
1934160.000000 0.840477 1934160.000000 0.840477 0.986675 0.695785 0.210119 0.000000 0 
1346400.000000 0.886412 1346400.000000 0.886412 0.989404 0.379785 0.221603 0.000000 0 
1503840.000000 0.860423 1503840.000000 0.860423 0.986537 0.464430 0.215106 0.000000 0 
1163040.000000 0.981877 1163040.000000 0.981877 0.995134 0.281204 0.245469 0.000000 0 
1416480.000000 0.882340 1416480.000000 0.882340 0.998398 0.417462 0.220585 0.000000 0 
1699680.000000 0.843591 1699680.000000 0.843591 0.996171 0.569720 0.210898 0.000000 0 
1005120.000000 1.229152 1005120.000000 1.229152 0.991441 0.196301 0.307288 0.000000 0 
1200000.000000 0.964834 1200000.000000 0.964834 0.990223 0.301075 0.241209 0.000000 0 
1468320.000000 0.873376 1468320.000000 0.873376 0.996185 0.445333 0.218344 0.000000 0 
1021200.000000 1.120473 1021200.000000 1.120473 0.998302 0.204946 0.280118 0.000000 0 
1197360.000000 0.967906 1197360.000000 0.967906 0.992185 0.299656 0.241976 0.000000 0 
1230240.000000 0.951602 1230240.000000 0.951602 0.973793 0.317333 0.237900 0.000000 0 
1240080.000000 0.935206 1240080.000000 0.935206 0.983169 0.322624 0.233801 0.000000 0 
1064880.000000 1.105279 1064880.000000 1.105279 0.996083 0.228430 0.276320 0.000000 0 
1317600.000000 0.906475 1317600.000000 0.906475 0.999713 0.364301 0.226619 0.000000 0 
1128000.000000 1.019074 1128000.000000 1.019074 0.997030 0.262366 0.254768 0.000000 0 
1134240.000000 0.989402 1134240.000000 0.989402 0.991991 0.265720 0.247350 0.000000 0 
1338480.000000 0.892148 1338480.000000 0.892148 0.986798 0.375527 0.223037 0.000000 0 
1071120.000000 1.092657 1071120.000000 1.092657 0.996215 0.231785 0.273164 0.000000 0 
1578720.000000 0.855814 1578720.000000 0.855814 0.996077 0.504688 0.213954 0.000000 1 
1661520.000000 0.850327 1661520.000000 0.850327 0.998739 0.549204 0.212582 0.000000 1 
1499040.000000 0.868119 1499040.000000 0.868119 0.996843 0.461849 0.217030 0.000000 1 
1298400.000000 0.928458 1298400.000000 0.928458 0.991118 0.353978 0.232114 0.000000 1 
1188720.000000 0.971034 1188720.000000 0.971034 0.994842 0.295011 0.242759 0.000000 1 
1332480.000000 0.895613 1332480.000000 0.895613 0.984763 0.372301 0.223903 0.000000 1 
1222080.000000 0.954160 1222080.000000 0.954160 0.991837 0.312946 0.238540 0.000000 1 
1116240.000000 1.077122 1116240.000000 1.077122 0.991632 0.256043 0.269280 0.000000 1 
1165920.000000 0.980358 1165920.000000 0.980358 0.998435 0.282753 0.245090 0.000000 1 
1214400.000000 0.964571 1214400.000000 0.964571 0.988480 0.308817 0.241143 0.000000 1 
967680.000000 1.824203 967680.000000 1.824203 0.994772 0.176172 0.456051 0.000000 1 
967680.000000 1.824203 967680.000000 1.824203 0.994772 0.176172 0.456051 0.000000 1 
969120.000000 1.558376 969120.000000 1.558376 0.997893 0.176946 0.389594 0.000000 1 
1939920.000000 0.843522 1939920.000000 0.843522 0.999539 0.698882 0.210881 0.000000 1 
1372560.000000 0.889043 1372560.000000 0.889043 0.993309 0.393849 0.222261 0.000000 1 
1404960.000000 0.886815 1404960.000000 0.886815 0.996196 0.411269 0.221704 0.000000 1 
1375920.000000 0.887199 1375920.000000 0.887199 0.998430 0.395656 0.221800 0.000000 1 
1510560.000000 0.860534 1510560.000000 0.860534 0.986421 0.468043 0.215133 0.000000 1 
1422720.000000 0.882437 1422720.000000 0.882437 0.994290 0.420817 0.220609 0.000000 1 
1417680.000000 0.882596 1417680.000000 0.882596 0.996483 0.418108 0.220649 0.000000 1 
1757040.000000 0.848611 1757040.000000 0.848611 0.974255 0.600559 0.212153 0.000000 1 
1752240.000000 0.849073 1752240.000000 0.849073 0.973681 0.597978 0.212268 0.000000 1 
1006080.000000 1.235847 1006080.000000 1.235847 0.991723 0.196817 0.308962 0.000000 1 
1210800.000000 0.967853 1210800.000000 0.967853 0.997791 0.306882 0.241963 0.000000 1 
1469760.000000 0.879576 1469760.000000 0.879576 0.981772 0.446108 0.219894 0.000000 1 
1486080.000000 0.874880 1486080.000000 0.874880 0.997457 0.454882 0.218720 0.000000 1 
1032960.000000 1.141715 1032960.000000 1.141715 0.997398 0.211269 0.285429 0.000000 1 
1064160.000000 1.122415 1064160.000000 1.122415 0.998025 0.228043 0.280604 0.000000 1 
1046400.000000 1.131295 1046400.000000 1.131295 0.996692 0.218495 0.282824 0.000000 1 
1236000.000000 0.952341 1236000.000000 0.952341 0.984398 0.320430 0.238085 0.000000 1 
1265040.000000 0.935298 1265040.000000 0.935298 0.993517 0.336043 0.233825 0.000000 1 
1243200.000000 0.940945 1243200.000000 0.940945 0.991584 0.324301 0.235236 0.000000 1 
1259760.000000 0.937120 1259760.000000 0.937120 0.996307 0.333204 0.234280 0.000000 1 
1319040.000000 0.922867 1319040.000000 0.922867 0.986570 0.365075 0.230717 0.000000 1 
1323600.000000 0.906776 1323600.000000 0.906776 0.992071 0.367527 0.226694 0.000000 1 
1128000.000000 1.019540 1128000.000000 1.019540 0.999836 0.262366 0.254885 0.000000 1 
1140480.000000 1.005982 1140480.000000 1.005982 0.992491 0.269075 0.251495 0.000000 1 
1155120.000000 0.993155 1155120.000000 0.993155 0.996701 0.276946 0.248289 0.000000 1 
1141920.000000 1.005851 1141920.000000 1.005851 0.993256 0.269849 0.251463 0.000000 1 
1134720.000000 1.019173 1134720.000000 1.019173 0.996977 0.265978 0.254793 0.000000 1 
1074240.000000 1.097636 1074240.000000 1.097636 0.993130 0.233462 0.274409 0.000000 1 
1094400.000000 1.095711 1094400.000000 1.095711 0.983522 0.244301 0.273928 0.000000 1 
1103520.000000 1.095120 1103520.000000 1.095120 0.994696 0.249204 0.273780 0.000000 1 
1006080.000000 1.296347 1006080.000000 1.296347 0.994944 0.196817 0.324087 0.000000 2 
1028880.000000 1.263986 1028880.000000 1.263986 0.997486 0.209075 0.315997 0.000000 2 
#Generacion: 1000 
#Distancia: 343.677980 
1837920.000000 0.832893 1837920.000000 0.832893 0.985079 0.644043 0.208223 0.000000 0 
937680.000000 1.755999 937680.000000 1.755999 0.999331 0.160043 0.439000 0.000000 0 
959040.000000 1.357466 959040.000000 1.357466 0.995942 0.171527 0.339366 0.000000 0 
1011360.000000 1.116651 1011360.000000 1.116651 0.999733 0.199656 0.279163 0.000000 0 
1009920.000000 1.215363 1009920.000000 1.215363 0.996098 0.198882 0.303841 0.000000 0 
1088880.000000 1.003399 1088880.000000 1.003399 0.998032 0.241333 0.250850 0.000000 0 
1212240.000000 0.937488 1212240.000000 0.937488 0.978430 0.307656 0.234372 0.000000 0 
993600.000000 1.228168 993600.000000 1.228168 0.998084 0.190108 0.307042 0.000000 0 
1499040.000000 0.854023 1499040.000000 0.854023 0.987031 0.461849 0.213506 0.000000 0 
1046880.000000 1.095178 1046880.000000 1.095178 0.993899 0.218753 0.273794 0.000000 0 
1527600.000000 0.845480 1527600.000000 0.845480 0.994510 0.477204 0.211370 0.000000 0 
1479120.000000 0.856957 1479120.000000 0.856957 0.999171 0.451140 0.214239 0.000000 0 
1290960.000000 0.895623 1290960.000000 0.895623 0.988075 0.349978 0.223906 0.000000 0 
1330320.000000 0.893824 1330320.000000 0.893824 0.990424 0.371140 0.223456 0.000000 0 
1177920.000000 0.946182 1177920.000000 0.946182 0.998319 0.289204 0.236545 0.000000 0 
1457040.000000 0.860402 1457040.000000 0.860402 0.998175 0.439269 0.215101 0.000000 0 
1797840.000000 0.833622 1797840.000000 0.833622 0.965892 0.622495 0.208405 0.000000 0 
1116240.000000 0.979152 1116240.000000 0.979152 0.988594 0.256043 0.244788 0.000000 0 
1239120.000000 0.911622 1239120.000000 0.911622 0.997399 0.322108 0.227906 0.000000 0 
1527600.000000 0.845480 1527600.000000 0.845480 0.994510 0.477204 0.211370 0.000000 0 
1020000.000000 1.102051 1020000.000000 1.102051 0.997405 0.204301 0.275513 0.000000 0 
1231200.000000 0.922860 1231200.000000 0.922860 0.997296 0.317849 0.230715 0.000000 0 
1134480.000000 0.968556 1134480.000000 0.968556 0.995042 0.265849 0.242139 0.000000 0 
1151760.000000 0.961113 1151760.000000 0.961113 0.993060 0.275140 0.240278 0.000000 0 
1402560.000000 0.875607 1402560.000000 0.875607 0.996259 0.409978 0.218902 0.000000 0 
944400.000000 1.755291 944400.000000 1.755291 0.997797 0.163656 0.438823 0.000000 0 
1008720.000000 1.218389 1008720.000000 1.218389 0.996298 0.198237 0.304597 0.000000 0 
1339680.000000 0.885547 1339680.000000 0.885547 0.990779 0.376172 0.221387 0.000000 0 
1170720.000000 0.949367 1170720.000000 0.949367 0.988299 0.285333 0.237342 0.000000 0 
1420560.000000 0.867222 1420560.000000 0.867222 0.999755 0.419656 0.216805 0.000000 0 
1135440.000000 0.965875 1135440.000000 0.965875 0.989600 0.266366 0.241469 0.000000 0 
1355760.000000 0.884151 1355760.000000 0.884151 0.993889 0.384817 0.221038 0.000000 0 
1165440.000000 0.960672 1165440.000000 0.960672 0.991077 0.282495 0.240168 0.000000 0 
1441920.000000 0.862256 1441920.000000 0.862256 0.999753 0.431140 0.215564 0.000000 0 
1106880.000000 0.986373 1106880.000000 0.986373 0.988772 0.251011 0.246593 0.000000 0 
1238160.000000 0.912042 1238160.000000 0.912042 0.996871 0.321591 0.228010 0.000000 0 
1231200.000000 0.922860 1231200.000000 0.922860 0.997296 0.317849 0.230715 0.000000 0 
1109760.000000 0.985551 1109760.000000 0.985551 0.990756 0.252559 0.246388 0.000000 0 
1020000.000000 1.102051 1020000.000000 1.102051 0.997405 0.204301 0.275513 0.000000 0 
1017120.000000 1.114854 1017120.000000 1.114854 0.999992 0.202753 0.278714 0.000000 0 
1429920.000000 0.863851 1429920.000000 0.863851 0.997640 0.424688 0.215963 0.000000 0 
1358880.000000 0.883531 1358880.000000 0.883531 0.995515 0.386495 0.220883 0.000000 0 
962160.000000 1.349598 962160.000000 1.349598 0.999682 0.173204 0.337400 0.000000 0 
1429200.000000 0.866515 1429200.000000 0.866515 0.998831 0.424301 0.216629 0.000000 0 
1332000.000000 0.888488 1332000.000000 0.888488 0.985453 0.372043 0.222122 0.000000 0 
1440720.000000 0.863642 1440720.000000 0.863642 0.998351 0.430495 0.215911 0.000000 0 
1399440.000000 0.875730 1399440.000000 0.875730 0.997183 0.408301 0.218933 0.000000 0 
1177920.000000 0.946182 1177920.000000 0.946182 0.998319 0.289204 0.236545 0.000000 0 
1161600.000000 0.960856 1161600.000000 0.960856 0.994378 0.280430 0.240214 0.000000 0 
1420560.000000 0.867222 1420560.000000 0.867222 0.999755 0.419656 0.216805 0.000000 0 
1012080.000000 1.115179 1012080.000000 1.115179 0.999886 0.200043 0.278795 0.000000 0 
1331280.000000 0.888692 1331280.000000 0.888692 0.984805 0.371656 0.222173 0.000000 0 
1285200.000000 0.896230 1285200.000000 0.896230 0.987837 0.346882 0.224058 0.000000 0 
1285200.000000 0.896230 1285200.000000 0.896230 0.987837 0.346882 0.224058 0.000000 0 
1017120.000000 1.114854 1017120.000000 1.114854 0.999992 0.202753 0.278714 0.000000 0 
1009920.000000 1.215363 1009920.000000 1.215363 0.996098 0.198882 0.303841 0.000000 0 
1161600.000000 0.960856 1161600.000000 0.960856 0.994378 0.280430 0.240214 0.000000 0 
1440720.000000 0.863642 1440720.000000 0.863642 0.998351 0.430495 0.215911 0.000000 0 
1011360.000000 1.116651 1011360.000000 1.116651 0.999733 0.199656 0.279163 0.000000 0 
993600.000000 1.228168 993600.000000 1.228168 0.998084 0.190108 0.307042 0.000000 0 
992880.000000 1.228430 992880.000000 1.228430 0.998429 0.189720 0.307107 0.000000 0 
946560.000000 1.553765 946560.000000 1.553765 0.999572 0.164817 0.388441 0.000000 0 
1064160.000000 1.058098 1064160.000000 1.058098 0.996096 0.228043 0.264524 0.000000 0 
1395840.000000 0.878209 1395840.000000 0.878209 0.994853 0.406366 0.219552 0.000000 0 
1231200.000000 0.922860 1231200.000000 0.922860 0.997296 0.317849 0.230715 0.000000 0 
1229280.000000 0.924685 1229280.000000 0.924685 0.993202 0.316817 0.231171 0.000000 0 
1574400.000000 0.837349 1574400.000000 0.837349 0.977173 0.502366 0.209337 0.000000 0 
1071840.000000 1.028980 1071840.000000 1.028980 0.996987 0.232172 0.257245 0.000000 0 
946560.000000 1.553765 946560.000000 1.553765 0.999572 0.164817 0.388441 0.000000 0 
1864560.000000 0.828574 1864560.000000 0.828574 0.971696 0.658366 0.207144 0.000000 0 
1151040.000000 0.964480 1151040.000000 0.964480 0.990896 0.274753 0.241120 0.000000 0 
1363200.000000 0.880122 1363200.000000 0.880122 0.996585 0.388817 0.220031 0.000000 0 
1379520.000000 0.879647 1379520.000000 0.879647 0.995117 0.397591 0.219912 0.000000 0 
1239120.000000 0.911622 1239120.000000 0.911622 0.997399 0.322108 0.227906 0.000000 0 
992880.000000 1.228430 992880.000000 1.228430 0.998429 0.189720 0.307107 0.000000 0 
1316160.000000 0.894323 1316160.000000 0.894323 0.988352 0.363527 0.223581 0.000000 0 
1388160.000000 0.879424 1388160.000000 0.879424 0.994932 0.402237 0.219856 0.000000 0 
1106880.000000 0.986373 1106880.000000 0.986373 0.988772 0.251011 0.246593 0.000000 0 
1244880.000000 0.908060 1244880.000000 0.908060 0.989646 0.325204 0.227015 0.000000 0 
962400.000000 1.310947 962400.000000 1.310947 0.998836 0.173333 0.327737 0.000000 0 
1041840.000000 1.095419 1041840.000000 1.095419 0.998942 0.216043 0.273855 0.000000 0 
1201680.000000 0.944839 1201680.000000 0.944839 0.980618 0.301978 0.236210 0.000000 0 
982560.000000 1.266979 982560.000000 1.266979 0.993003 0.184172 0.316745 0.000000 0 
1098960.000000 0.989116 1098960.000000 0.989116 0.994218 0.246753 0.247279 0.000000 0 
1659840.000000 0.833739 1659840.000000 0.833739 0.999232 0.548301 0.208435 0.000000 0 
952320.000000 1.358305 952320.000000 1.358305 0.997594 0.167914 0.339576 0.000000 0 
1420560.000000 0.867222 1420560.000000 0.867222 0.999755 0.419656 0.216805 0.000000 0 
1048560.000000 1.093094 1048560.000000 1.093094 0.999013 0.219656 0.273274 0.000000 0 
1613520.000000 0.834890 1613520.000000 0.834890 0.991977 0.523398 0.208722 0.000000 0 
1350960.000000 0.884856 1350960.000000 0.884856 0.996656 0.382237 0.221214 0.000000 0 
971040.000000 1.310867 971040.000000 1.310867 0.998892 0.177978 0.327717 0.000000 0 
1090560.000000 1.002732 1090560.000000 1.002732 0.995620 0.242237 0.250683 0.000000 0 
1251360.000000 0.897670 1251360.000000 0.897670 0.991789 0.328688 0.224417 0.000000 0 
1169280.000000 0.959799 1169280.000000 0.959799 0.990818 0.284559 0.239950 0.000000 0 
1334640.000000 0.887674 1334640.000000 0.887674 0.991593 0.373462 0.221918 0.000000 0 
1613040.000000 0.837418 1613040.000000 0.837418 0.987908 0.523140 0.209355 0.000000 1 
949200.000000 1.737836 949200.000000 1.737836 0.997086 0.166237 0.434459 0.000000 1 
1709520.000000 0.836103 1709520.000000 0.836103 0.990833 0.575011 0.209026 0.000000 1 
1785120.000000 0.835225 1785120.000000 0.835225 0.998904 0.615656 0.208806 0.000000 1 
983280.000000 1.271953 983280.000000 1.271953 0.989310 0.184559 0.317988 0.000000 1 
#Generacion: 1500 
#Distancia: 306.921515 
924720.000000 1.837572 924720.000000 1.837572 0.999815 0.153075 0.459393 0.000000 0 
1745760.000000 0.822834 1745760.000000 0.822834 0.999540 0.594495 0.205709 0.000000 0 
929760.000000 1.576216 929760.000000 1.576216 0.996519 0.155785 0.394054 0.000000 0 
952320.000000 1.358305 952320.000000 1.358305 0.997594 0.167914 0.339576 0.000000 0 
950880.000000 1.512140 950880.000000 1.512140 0.995357 0.167140 0.378035 0.000000 0 
1006320.000000 1.115647 1006320.000000 1.115647 0.999758 0.196946 0.278912 0.000000 0 
991440.000000 1.211531 991440.000000 1.211531 0.998233 0.188946 0.302883 0.000000 0 
986400.000000 1.212019 986400.000000 1.212019 0.998902 0.186237 0.303005 0.000000 0 
981600.000000 1.279951 981600.000000 1.279951 0.993260 0.183656 0.319988 0.000000 0 
931680.000000 1.553536 931680.000000 1.553536 0.992862 0.156817 0.388384 0.000000 0 
1315680.000000 0.880024 1315680.000000 0.880024 0.995679 0.363269 0.220006 0.000000 0 
1543680.000000 0.838415 1543680.000000 0.838415 0.994494 0.485849 0.209604 0.000000 0 
1361280.000000 0.878801 1361280.000000 0.878801 0.985509 0.387785 0.219700 0.000000 0 
1725600.000000 0.823929 1725600.000000 0.823929 0.999526 0.583656 0.205982 0.000000 0 
1609920.000000 0.833748 1609920.000000 0.833748 0.987362 0.521462 0.208437 0.000000 0 
1501920.000000 0.845082 1501920.000000 0.845082 0.999454 0.463398 0.211270 0.000000 0 
955440.000000 1.318494 955440.000000 1.318494 0.995382 0.169591 0.329623 0.000000 0 
1618320.000000 0.828477 1618320.000000 0.828477 0.978707 0.525978 0.207119 0.000000 0 
1573200.000000 0.833949 1573200.000000 0.833949 0.988400 0.501720 0.208487 0.000000 0 
1652640.000000 0.827826 1652640.000000 0.827826 0.972795 0.544430 0.206956 0.000000 0 
940080.000000 1.513699 940080.000000 1.513699 0.996874 0.161333 0.378425 0.000000 0 
1383120.000000 0.865756 1383120.000000 0.865756 0.998259 0.399527 0.216439 0.000000 0 
963600.000000 1.305291 963600.000000 1.305291 0.998789 0.173978 0.326323 0.000000 0 
976560.000000 1.280099 976560.000000 1.280099 0.998438 0.180946 0.320025 0.000000 0 
1161360.000000 0.940193 1161360.000000 0.940193 0.992983 0.280301 0.235048 0.000000 0 
1664880.000000 0.826768 1664880.000000 0.826768 0.986661 0.551011 0.206692 0.000000 0 
1410720.000000 0.863202 1410720.000000 0.863202 0.998114 0.414366 0.215801 0.000000 0 
1059120.000000 1.058021 1059120.000000 1.058021 0.997362 0.225333 0.264505 0.000000 0 
1696320.000000 0.824614 1696320.000000 0.824614 0.995935 0.567914 0.206153 0.000000 0 
1483920.000000 0.853647 1483920.000000 0.853647 0.991404 0.453720 0.213412 0.000000 0 
1047120.000000 1.069849 1047120.000000 1.069849 0.998940 0.218882 0.267462 0.000000 0 
1696320.000000 0.824614 1696320.000000 0.824614 0.995935 0.567914 0.206153 0.000000 0 
1096560.000000 0.988392 1096560.000000 0.988392 0.994369 0.245462 0.247098 0.000000 0 
1182720.000000 0.933015 1182720.000000 0.933015 0.993990 0.291785 0.233254 0.000000 0 
1273440.000000 0.892507 1273440.000000 0.892507 0.997134 0.340559 0.223127 0.000000 0 
1193280.000000 0.930730 1193280.000000 0.930730 0.993389 0.297462 0.232682 0.000000 0 
1377120.000000 0.872184 1377120.000000 0.872184 0.994131 0.396301 0.218046 0.000000 0 
1254480.000000 0.894627 1254480.000000 0.894627 0.997037 0.330366 0.223657 0.000000 0 
1087920.000000 1.000293 1087920.000000 1.000293 0.992134 0.240817 0.250073 0.000000 0 
1044240.000000 1.093070 1044240.000000 1.093070 0.995472 0.217333 0.273267 0.000000 0 
1150080.000000 0.955523 1150080.000000 0.955523 0.989559 0.274237 0.238881 0.000000 0 
1061040.000000 1.030669 1061040.000000 1.030669 0.993034 0.226366 0.257667 0.000000 0 
1209360.000000 0.930597 1209360.000000 0.930597 0.993945 0.306108 0.232649 0.000000 0 
1077120.000000 1.024118 1077120.000000 1.024118 0.996840 0.235011 0.256029 0.000000 0 
1297680.000000 0.883438 1297680.000000 0.883438 0.993947 0.353591 0.220859 0.000000 0 
1220640.000000 0.919708 1220640.000000 0.919708 0.990945 0.312172 0.229927 0.000000 0 
1081440.000000 1.011973 1081440.000000 1.011973 0.992618 0.237333 0.252993 0.000000 0 
1228320.000000 0.908638 1228320.000000 0.908638 0.998542 0.316301 0.227160 0.000000 0 
1465680.000000 0.855770 1465680.000000 0.855770 0.996547 0.443914 0.213943 0.000000 0 
1242000.000000 0.906045 1242000.000000 0.906045 0.998924 0.323656 0.226511 0.000000 0 
1362960.000000 0.873746 1362960.000000 0.873746 0.994911 0.388688 0.218437 0.000000 0 
1306080.000000 0.882254 1306080.000000 0.882254 0.996292 0.358108 0.220563 0.000000 0 
1140480.000000 0.959537 1140480.000000 0.959537 0.995949 0.269075 0.239884 0.000000 0 
929760.000000 1.576216 929760.000000 1.576216 0.996519 0.155785 0.394054 0.000000 0 
1217040.000000 0.930078 1217040.000000 0.930078 0.993881 0.310237 0.232519 0.000000 0 
1071840.000000 1.028980 1071840.000000 1.028980 0.996987 0.232172 0.257245 0.000000 0 
1035360.000000 1.098490 1035360.000000 1.098490 0.999449 0.212559 0.274622 0.000000 0 
962400.000000 1.310947 962400.000000 1.310947 0.998836 0.173333 0.327737 0.000000 0 
1014240.000000 1.102521 1014240.000000 1.102521 0.997286 0.201204 0.275630 0.000000 0 
1012080.000000 1.115179 1012080.000000 1.115179 0.999886 0.200043 0.278795 0.000000 0 
1552080.000000 0.836453 1552080.000000 0.836453 0.994844 0.490366 0.209113 0.000000 0 
1025760.000000 1.100251 1025760.000000 1.100251 0.996604 0.207398 0.275063 0.000000 0 
1289040.000000 0.888964 1289040.000000 0.888964 0.997973 0.348946 0.222241 0.000000 0 
1116240.000000 0.979152 1116240.000000 0.979152 0.988594 0.256043 0.244788 0.000000 0 
1124400.000000 0.976133 1124400.000000 0.976133 0.996414 0.260430 0.244033 0.000000 0 
1225440.000000 0.912882 1225440.000000 0.912882 0.998780 0.314753 0.228220 0.000000 0 
1125840.000000 0.970454 1125840.000000 0.970454 0.997015 0.261204 0.242613 0.000000 0 
1082160.000000 1.002956 1082160.000000 1.002956 0.998885 0.237720 0.250739 0.000000 0 
1413840.000000 0.861053 1413840.000000 0.861053 0.998863 0.416043 0.215263 0.000000 0 
1134480.000000 0.968556 1134480.000000 0.968556 0.995042 0.265849 0.242139 0.000000 0 
1106640.000000 0.987783 1106640.000000 0.987783 0.996189 0.250882 0.246946 0.000000 0 
1564560.000000 0.834203 1564560.000000 0.834203 0.990964 0.497075 0.208551 0.000000 0 
1280400.000000 0.892163 1280400.000000 0.892163 0.991714 0.344301 0.223041 0.000000 0 
1491600.000000 0.848336 1491600.000000 0.848336 0.995287 0.457849 0.212084 0.000000 0 
1558800.000000 0.834501 1558800.000000 0.834501 0.995116 0.493978 0.208625 0.000000 0 
1155840.000000 0.946965 1155840.000000 0.946965 0.987356 0.277333 0.236741 0.000000 0 
1242720.000000 0.899586 1242720.000000 0.899586 0.991786 0.324043 0.224897 0.000000 0 
1020000.000000 1.102051 1020000.000000 1.102051 0.997405 0.204301 0.275513 0.000000 0 
1136880.000000 0.964835 1136880.000000 0.964835 0.995170 0.267140 0.241209 0.000000 0 
1041840.000000 1.095419 1041840.000000 1.095419 0.998942 0.216043 0.273855 0.000000 0 
1662480.000000 0.827789 1662480.000000 0.827789 0.976667 0.549720 0.206947 0.000000 0 
1053600.000000 1.063561 1053600.000000 1.063561 0.995603 0.222366 0.265890 0.000000 0 
1183680.000000 0.932692 1183680.000000 0.932692 0.994330 0.292301 0.233173 0.000000 0 
1061520.000000 1.029573 1061520.000000 1.029573 0.996940 0.226624 0.257393 0.000000 0 
941280.000000 1.512280 941280.000000 1.512280 0.997649 0.161978 0.378070 0.000000 0 
1110480.000000 0.979632 1110480.000000 0.979632 0.986995 0.252946 0.244908 0.000000 0 
1052880.000000 1.066135 1052880.000000 1.066135 0.994705 0.221978 0.266534 0.000000 0 
1492560.000000 0.846581 1492560.000000 0.846581 0.993284 0.458366 0.211645 0.000000 0 
1285920.000000 0.889733 1285920.000000 0.889733 0.990492 0.347269 0.222433 0.000000 0 
1156800.000000 0.946913 1156800.000000 0.946913 0.987638 0.277849 0.236728 0.000000 0 
1501200.000000 0.846131 1501200.000000 0.846131 0.993091 0.463011 0.211533 0.000000 0 
1109760.000000 0.985551 1109760.000000 0.985551 0.990756 0.252559 0.246388 0.000000 0 
1249440.000000 0.898371 1249440.000000 0.898371 0.989016 0.327656 0.224593 0.000000 0 
1251360.000000 0.897670 1251360.000000 0.897670 0.991789 0.328688 0.224417 0.000000 0 
1422000.000000 0.857240 1422000.000000 0.857240 0.999192 0.420430 0.214310 0.000000 0 
924720.000000 1.837572 924720.000000 1.837572 0.999815 0.153075 0.459393 0.000000 0 
1047120.000000 1.069849 1047120.000000 1.069849 0.998940 0.218882 0.267462 0.000000 0 
998160.000000 1.210788 998160.000000 1.210788 0.997943 0.192559 0.302697 0.000000 0 
1095120.000000 0.993882 1095120.000000 0.993882 0.999330 0.244688 0.248470 0.000000 0 
1454640.000000 0.857338 1454640.000000 0.857338 0.998335 0.437978 0.214334 0.000000 1 
#Generacion: 2000 
#Distancia: 296.808182 
1809600.000000 0.816388 1809600.000000 0.816388 0.996813 0.628817 0.204097 0.000000 0 
896880.000000 1.687072 896880.000000 1.687072 0.998923 0.138108 0.421768 0.000000 0 
908640.000000 1.566183 908640.000000 1.566183 0.989363 0.144430 0.391546 0.000000 0 
1737840.000000 0.818710 1737840.000000 0.818710 0.983671 0.590237 0.204677 0.000000 0 
932400.000000 1.464461 932400.000000 1.464461 0.998390 0.157204 0.366115 0.000000 0 
929040.000000 1.535697 929040.000000 1.535697 0.987722 0.155398 0.383924 0.000000 0 
948240.000000 1.418514 948240.000000 1.418514 0.987831 0.165720 0.354628 0.000000 0 
1047120.000000 1.069849 1047120.000000 1.069849 0.998940 0.218882 0.267462 0.000000 0 
1674960.000000 0.819540 1674960.000000 0.819540 0.997558 0.556430 0.204885 0.000000 0 
974880.000000 1.262985 974880.000000 1.262985 0.995715 0.180043 0.315746 0.000000 0 
950400.000000 1.354859 950400.000000 1.354859 0.997323 0.166882 0.338715 0.000000 0 
1777680.000000 0.817506 1777680.000000 0.817506 0.979290 0.611656 0.204376 0.000000 0 
1001760.000000 1.187726 1001760.000000 1.187726 0.998244 0.194495 0.296932 0.000000 0 
970320.000000 1.304003 970320.000000 1.304003 0.998002 0.177591 0.326001 0.000000 0 
985440.000000 1.212128 985440.000000 1.212128 0.998602 0.185720 0.303032 0.000000 0 
1502880.000000 0.835960 1502880.000000 0.835960 0.994589 0.463914 0.208990 0.000000 0 
1143360.000000 0.953062 1143360.000000 0.953062 0.984374 0.270624 0.238265 0.000000 0 
1602960.000000 0.827957 1602960.000000 0.827957 0.999775 0.517720 0.206989 0.000000 0 
935280.000000 1.430826 935280.000000 1.430826 0.995740 0.158753 0.357706 0.000000 0 
951360.000000 1.333434 951360.000000 1.333434 0.998582 0.167398 0.333358 0.000000 0 
1036320.000000 1.093693 1036320.000000 1.093693 0.997871 0.213075 0.273423 0.000000 0 
921360.000000 1.565528 921360.000000 1.565528 0.997062 0.151269 0.391382 0.000000 0 
981360.000000 1.248510 981360.000000 1.248510 0.997693 0.183527 0.312127 0.000000 0 
996240.000000 1.210457 996240.000000 1.210457 0.998184 0.191527 0.302614 0.000000 0 
1162320.000000 0.937891 1162320.000000 0.937891 0.995102 0.280817 0.234473 0.000000 0 
1123680.000000 0.962389 1123680.000000 0.962389 0.995782 0.260043 0.240597 0.000000 0 
1347360.000000 0.875018 1347360.000000 0.875018 0.994584 0.380301 0.218755 0.000000 0 
926160.000000 1.542563 926160.000000 1.542563 0.995903 0.153849 0.385641 0.000000 0 
1182720.000000 0.933015 1182720.000000 0.933015 0.993990 0.291785 0.233254 0.000000 0 
1645440.000000 0.823309 1645440.000000 0.823309 0.998629 0.540559 0.205827 0.000000 0 
933600.000000 1.450929 933600.000000 1.450929 0.996912 0.157849 0.362732 0.000000 0 
1328160.000000 0.877938 1328160.000000 0.877938 0.995607 0.369978 0.219484 0.000000 0 
1051920.000000 1.039762 1051920.000000 1.039762 0.997966 0.221462 0.259940 0.000000 0 
1441680.000000 0.853278 1441680.000000 0.853278 0.978456 0.431011 0.213320 0.000000 0 
1006320.000000 1.115647 1006320.000000 1.115647 0.999758 0.196946 0.278912 0.000000 0 
1069920.000000 1.017804 1069920.000000 1.017804 0.996178 0.231140 0.254451 0.000000 0 
1528320.000000 0.833584 1528320.000000 0.833584 0.986192 0.477591 0.208396 0.000000 0 
1149840.000000 0.941252 1149840.000000 0.941252 0.995219 0.274108 0.235313 0.000000 0 
1626960.000000 0.826920 1626960.000000 0.826920 0.999928 0.530624 0.206730 0.000000 0 
1080240.000000 0.998207 1080240.000000 0.998207 0.987471 0.236688 0.249552 0.000000 0 
1668480.000000 0.820541 1668480.000000 0.820541 0.985087 0.552946 0.205135 0.000000 0 
1093680.000000 0.994345 1093680.000000 0.994345 0.982786 0.243914 0.248586 0.000000 0 
1484640.000000 0.840811 1484640.000000 0.840811 0.982795 0.454108 0.210203 0.000000 0 
1802880.000000 0.817008 1802880.000000 0.817008 0.996690 0.625204 0.204252 0.000000 0 
955440.000000 1.318494 955440.000000 1.318494 0.995382 0.169591 0.329623 0.000000 0 
1014240.000000 1.102521 1014240.000000 1.102521 0.997286 0.201204 0.275630 0.000000 0 
1276320.000000 0.888324 1276320.000000 0.888324 0.996030 0.342108 0.222081 0.000000 0 
1555680.000000 0.833076 1555680.000000 0.833076 0.997548 0.492301 0.208269 0.000000 0 
1029600.000000 1.093811 1029600.000000 1.093811 0.996900 0.209462 0.273453 0.000000 0 
1070880.000000 1.004939 1070880.000000 1.004939 0.995062 0.231656 0.251235 0.000000 0 
1565280.000000 0.832166 1565280.000000 0.832166 0.975042 0.497462 0.208041 0.000000 0 
1264080.000000 0.889188 1264080.000000 0.889188 0.992021 0.335527 0.222297 0.000000 0 
1003200.000000 1.134689 1003200.000000 1.134689 0.995030 0.195269 0.283672 0.000000 0 
1002240.000000 1.161182 1002240.000000 1.161182 0.997221 0.194753 0.290295 0.000000 0 
1377360.000000 0.866768 1377360.000000 0.866768 0.999124 0.396430 0.216692 0.000000 0 
1002240.000000 1.161182 1002240.000000 1.161182 0.997221 0.194753 0.290295 0.000000 0 
1199760.000000 0.927771 1199760.000000 0.927771 0.995178 0.300946 0.231943 0.000000 0 
1534800.000000 0.833102 1534800.000000 0.833102 0.980692 0.481075 0.208276 0.000000 0 
1207440.000000 0.917031 1207440.000000 0.917031 0.999214 0.305075 0.229258 0.000000 0 
1315680.000000 0.880024 1315680.000000 0.880024 0.995679 0.363269 0.220006 0.000000 0 
1293600.000000 0.887163 1293600.000000 0.887163 0.996918 0.351398 0.221791 0.000000 0 
1459200.000000 0.853044 1459200.000000 0.853044 0.992207 0.440430 0.213261 0.000000 0 
945120.000000 1.419430 945120.000000 1.419430 0.997154 0.164043 0.354858 0.000000 0 
1398480.000000 0.865407 1398480.000000 0.865407 0.999372 0.407785 0.216352 0.000000 0 
1121040.000000 0.970107 1121040.000000 0.970107 0.988226 0.258624 0.242527 0.000000 0 
1251840.000000 0.893804 1251840.000000 0.893804 0.993061 0.328946 0.223451 0.000000 0 
1423920.000000 0.853692 1423920.000000 0.853692 0.998054 0.421462 0.213423 0.000000 0 
950400.000000 1.354859 950400.000000 1.354859 0.997323 0.166882 0.338715 0.000000 0 
1236720.000000 0.898691 1236720.000000 0.898691 0.996723 0.320817 0.224673 0.000000 0 
1004160.000000 1.134331 1004160.000000 1.134331 0.995380 0.195785 0.283583 0.000000 0 
1099440.000000 0.984639 1099440.000000 0.984639 0.995329 0.247011 0.246160 0.000000 0 
1411440.000000 0.858738 1411440.000000 0.858738 0.999053 0.414753 0.214685 0.000000 0 
1228320.000000 0.908577 1228320.000000 0.908577 0.990205 0.316301 0.227144 0.000000 0 
1383120.000000 0.865756 1383120.000000 0.865756 0.998259 0.399527 0.216439 0.000000 0 
1193280.000000 0.930316 1193280.000000 0.930316 0.992550 0.297462 0.232579 0.000000 0 
1632960.000000 0.823356 1632960.000000 0.823356 0.999236 0.533849 0.205839 0.000000 0 
1584000.000000 0.831083 1584000.000000 0.831083 0.992507 0.507527 0.207771 0.000000 0 
961440.000000 1.312032 961440.000000 1.312032 0.999096 0.172817 0.328008 0.000000 0 
1218000.000000 0.912024 1218000.000000 0.912024 0.999955 0.310753 0.228006 0.000000 0 
1008480.000000 1.104345 1008480.000000 1.104345 0.997145 0.198108 0.276086 0.000000 0 
981360.000000 1.248510 981360.000000 1.248510 0.997693 0.183527 0.312127 0.000000 0 
1306080.000000 0.882254 1306080.000000 0.882254 0.996292 0.358108 0.220563 0.000000 0 
1361280.000000 0.871962 1361280.000000 0.871962 0.999592 0.387785 0.217990 0.000000 0 
1480560.000000 0.846458 1480560.000000 0.846458 0.998013 0.451914 0.211614 0.000000 0 
1061520.000000 1.029573 1061520.000000 1.029573 0.996940 0.226624 0.257393 0.000000 0 
1116240.000000 0.979152 1116240.000000 0.979152 0.988594 0.256043 0.244788 0.000000 0 
1051920.000000 1.039762 1051920.000000 1.039762 0.997966 0.221462 0.259940 0.000000 0 
1061520.000000 1.029573 1061520.000000 1.029573 0.996940 0.226624 0.257393 0.000000 0 
1249440.000000 0.898371 1249440.000000 0.898371 0.989016 0.327656 0.224593 0.000000 0 
1404000.000000 0.861801 1404000.000000 0.861801 0.996916 0.410753 0.215450 0.000000 0 
1584000.000000 0.831083 1584000.000000 0.831083 0.992507 0.507527 0.207771 0.000000 0 
1472160.000000 0.848994 1472160.000000 0.848994 0.994146 0.447398 0.212249 0.000000 0 
1236000.000000 0.907681 1236000.000000 0.907681 0.989572 0.320430 0.226920 0.000000 0 
1422000.000000 0.857240 1422000.000000 0.857240 0.999192 0.420430 0.214310 0.000000 0 
1297680.000000 0.883438 1297680.000000 0.883438 0.993947 0.353591 0.220859 0.000000 0 
963600.000000 1.305291 963600.000000 1.305291 0.998789 0.173978 0.326323 0.000000 0 
1465680.000000 0.851198 1465680.000000 0.851198 0.988326 0.443914 0.212799 0.000000 0 
1361280.000000 0.871962 1361280.000000 0.871962 0.999592 0.387785 0.217990 0.000000 0 
1106160.000000 0.984359 1106160.000000 0.984359 0.997431 0.250624 0.246090 0.000000 0 
1213920.000000 0.915695 1213920.000000 0.915695 0.997952 0.308559 0.228924 0.000000 0 
#Generacion: 2500 
#Distancia: 315.022727 
886320.000000 1.889323 886320.000000 1.889323 0.999045 0.132430 0.472331 0.000000 0 
886320.000000 1.889323 886320.000000 1.889323 0.999045 0.132430 0.472331 0.000000 0 
1794240.000000 0.815999 1794240.000000 0.815999 0.993969 0.620559 0.204000 0.000000 0 
890160.000000 1.745800 890160.000000 1.745800 0.998685 0.134495 0.436450 0.000000 0 
896160.000000 1.621692 896160.000000 1.621692 0.997683 0.137720 0.405423 0.000000 0 
998160.000000 1.147955 998160.000000 1.147955 0.995421 0.192559 0.286989 0.000000 0 
994320.000000 1.204657 994320.000000 1.204657 0.996455 0.190495 0.301164 0.000000 0 
911520.000000 1.460858 911520.000000 1.460858 0.998283 0.145978 0.365215 0.000000 0 
900720.000000 1.563635 900720.000000 1.563635 0.998667 0.140172 0.390909 0.000000 0 
935760.000000 1.422728 935760.000000 1.422728 0.992679 0.159011 0.355682 0.000000 0 
1722000.000000 0.819207 1722000.000000 0.819207 0.996177 0.581720 0.204802 0.000000 0 
890160.000000 1.745800 890160.000000 1.745800 0.998685 0.134495 0.436450 0.000000 0 
894720.000000 1.676530 894720.000000 1.676530 0.998774 0.136946 0.419132 0.000000 0 
1674960.000000 0.819540 1674960.000000 0.819540 0.997558 0.556430 0.204885 0.000000 0 
938640.000000 1.359624 938640.000000 1.359624 0.998457 0.160559 0.339906 0.000000 0 
957120.000000 1.285089 957120.000000 1.285089 0.995929 0.170495 0.321272 0.000000 0 
1034400.000000 1.083460 1034400.000000 1.083460 0.996401 0.212043 0.270865 0.000000 0 
1045200.000000 1.042261 1045200.000000 1.042261 0.999395 0.217849 0.260565 0.000000 0 
948240.000000 1.318645 948240.000000 1.318645 0.999744 0.165720 0.329661 0.000000 0 
906720.000000 1.517684 906720.000000 1.517684 0.995465 0.143398 0.379421 0.000000 0 
1466160.000000 0.848321 1466160.000000 0.848321 0.997194 0.444172 0.212080 0.000000 0 
894720.000000 1.676530 894720.000000 1.676530 0.998774 0.136946 0.419132 0.000000 0 
906240.000000 1.556611 906240.000000 1.556611 0.995742 0.143140 0.389153 0.000000 0 
1434720.000000 0.849408 1434720.000000 0.849408 0.999128 0.427269 0.212352 0.000000 0 
940320.000000 1.329071 940320.000000 1.329071 0.994304 0.161462 0.332268 0.000000 0 
1602960.000000 0.827957 1602960.000000 0.827957 0.999775 0.517720 0.206989 0.000000 0 
1534800.000000 0.833102 1534800.000000 0.833102 0.980692 0.481075 0.208276 0.000000 0 
1166160.000000 0.937486 1166160.000000 0.937486 0.993566 0.282882 0.234372 0.000000 0 
1133040.000000 0.960775 1133040.000000 0.960775 0.996277 0.265075 0.240194 0.000000 0 
1777680.000000 0.817506 1777680.000000 0.817506 0.979290 0.611656 0.204376 0.000000 0 
1149840.000000 0.941252 1149840.000000 0.941252 0.995219 0.274108 0.235313 0.000000 0 
985440.000000 1.212128 985440.000000 1.212128 0.998602 0.185720 0.303032 0.000000 0 
933600.000000 1.450929 933600.000000 1.450929 0.996912 0.157849 0.362732 0.000000 0 
974400.000000 1.255898 974400.000000 1.255898 0.992093 0.179785 0.313975 0.000000 0 
1737840.000000 0.818710 1737840.000000 0.818710 0.983671 0.590237 0.204677 0.000000 0 
1626960.000000 0.826920 1626960.000000 0.826920 0.999928 0.530624 0.206730 0.000000 0 
1293600.000000 0.887163 1293600.000000 0.887163 0.996918 0.351398 0.221791 0.000000 0 
906720.000000 1.517684 906720.000000 1.517684 0.995465 0.143398 0.379421 0.000000 0 
1143360.000000 0.953062 1143360.000000 0.953062 0.984374 0.270624 0.238265 0.000000 0 
1180560.000000 0.933905 1180560.000000 0.933905 0.997044 0.290624 0.233476 0.000000 0 
1251840.000000 0.893804 1251840.000000 0.893804 0.993061 0.328946 0.223451 0.000000 0 
1005360.000000 1.112732 1005360.000000 1.112732 0.998791 0.196430 0.278183 0.000000 0 
1664640.000000 0.822846 1664640.000000 0.822846 0.994103 0.550882 0.205712 0.000000 0 
1121040.000000 0.970107 1121040.000000 0.970107 0.988226 0.258624 0.242527 0.000000 0 
1065120.000000 1.005330 1065120.000000 1.005330 0.995057 0.228559 0.251332 0.000000 0 
1645440.000000 0.823309 1645440.000000 0.823309 0.998629 0.540559 0.205827 0.000000 0 
1088640.000000 0.990657 1088640.000000 0.990657 0.994672 0.241204 0.247664 0.000000 0 
1397520.000000 0.864520 1397520.000000 0.864520 0.960118 0.407269 0.216130 0.000000 0 
1555680.000000 0.833076 1555680.000000 0.833076 0.997548 0.492301 0.208269 0.000000 0 
1019040.000000 1.093587 1019040.000000 1.093587 0.997257 0.203785 0.273397 0.000000 0 
1383120.000000 0.865756 1383120.000000 0.865756 0.998259 0.399527 0.216439 0.000000 0 
1218000.000000 0.912024 1218000.000000 0.912024 0.999955 0.310753 0.228006 0.000000 0 
921840.000000 1.457096 921840.000000 1.457096 0.998089 0.151527 0.364274 0.000000 0 
1193280.000000 0.930316 1193280.000000 0.930316 0.992550 0.297462 0.232579 0.000000 0 
1229280.000000 0.910600 1229280.000000 0.910600 0.988657 0.316817 0.227650 0.000000 0 
960240.000000 1.267812 960240.000000 1.267812 0.997457 0.172172 0.316953 0.000000 0 
1009920.000000 1.102122 1009920.000000 1.102122 0.996438 0.198882 0.275530 0.000000 0 
1408080.000000 0.857978 1408080.000000 0.857978 0.991516 0.412946 0.214495 0.000000 0 
1269840.000000 0.889160 1269840.000000 0.889160 0.974524 0.338624 0.222290 0.000000 0 
1328160.000000 0.877938 1328160.000000 0.877938 0.995607 0.369978 0.219484 0.000000 0 
1304160.000000 0.881422 1304160.000000 0.881422 0.988633 0.357075 0.220356 0.000000 0 
938640.000000 1.359624 938640.000000 1.359624 0.998457 0.160559 0.339906 0.000000 0 
979680.000000 1.235695 979680.000000 1.235695 0.997670 0.182624 0.308924 0.000000 0 
1372800.000000 0.871918 1372800.000000 0.871918 0.999800 0.393978 0.217979 0.000000 0 
1051920.000000 1.039762 1051920.000000 1.039762 0.997966 0.221462 0.259940 0.000000 0 
1315680.000000 0.880024 1315680.000000 0.880024 0.995679 0.363269 0.220006 0.000000 0 
1116240.000000 0.979152 1116240.000000 0.979152 0.988594 0.256043 0.244788 0.000000 0 
1361280.000000 0.871962 1361280.000000 0.871962 0.999592 0.387785 0.217990 0.000000 0 
1480560.000000 0.846458 1480560.000000 0.846458 0.998013 0.451914 0.211614 0.000000 0 
1565280.000000 0.832166 1565280.000000 0.832166 0.975042 0.497462 0.208041 0.000000 0 
934800.000000 1.431681 934800.000000 1.431681 0.994266 0.158495 0.357920 0.000000 0 
1079280.000000 0.998384 1079280.000000 0.998384 0.987332 0.236172 0.249596 0.000000 0 
984720.000000 1.235604 984720.000000 1.235604 0.996865 0.185333 0.308901 0.000000 0 
1236720.000000 0.898691 1236720.000000 0.898691 0.996723 0.320817 0.224673 0.000000 0 
1203120.000000 0.916114 1203120.000000 0.916114 0.997398 0.302753 0.229029 0.000000 0 
1276320.000000 0.888324 1276320.000000 0.888324 0.996030 0.342108 0.222081 0.000000 0 
1588320.000000 0.830091 1588320.000000 0.830091 0.971926 0.509849 0.207523 0.000000 0 
1579680.000000 0.830310 1579680.000000 0.830310 0.974005 0.505204 0.207577 0.000000 0 
963600.000000 1.257376 963600.000000 1.257376 0.997368 0.173978 0.314344 0.000000 0 
1062480.000000 1.028624 1062480.000000 1.028624 0.992516 0.227140 0.257156 0.000000 0 
1502880.000000 0.835960 1502880.000000 0.835960 0.994589 0.463914 0.208990 0.000000 0 
1033440.000000 1.093275 1033440.000000 1.093275 0.995923 0.211527 0.273319 0.000000 0 
1346880.000000 0.872536 1346880.000000 0.872536 0.998493 0.380043 0.218134 0.000000 0 
1340880.000000 0.875466 1340880.000000 0.875466 0.997328 0.376817 0.218867 0.000000 0 
1758960.000000 0.817706 1758960.000000 0.817706 0.977332 0.601591 0.204427 0.000000 0 
1099440.000000 0.984639 1099440.000000 0.984639 0.995329 0.247011 0.246160 0.000000 0 
1484640.000000 0.838931 1484640.000000 0.838931 0.991929 0.454108 0.209733 0.000000 0 
1755120.000000 0.818230 1755120.000000 0.818230 0.987195 0.599527 0.204558 0.000000 0 
1196640.000000 0.916949 1196640.000000 0.916949 0.999143 0.299269 0.229237 0.000000 0 
1420080.000000 0.856209 1420080.000000 0.856209 0.998521 0.419398 0.214052 0.000000 0 
1632960.000000 0.823356 1632960.000000 0.823356 0.999236 0.533849 0.205839 0.000000 0 
1106160.000000 0.984359 1106160.000000 0.984359 0.997431 0.250624 0.246090 0.000000 0 
1494480.000000 0.836555 1494480.000000 0.836555 0.997421 0.459398 0.209139 0.000000 0 
1004160.000000 1.134331 1004160.000000 1.134331 0.995380 0.195785 0.283583 0.000000 0 
1424160.000000 0.851496 1424160.000000 0.851496 0.994071 0.421591 0.212874 0.000000 0 
1073760.000000 1.003727 1073760.000000 1.003727 0.992252 0.233204 0.250932 0.000000 0 
1061520.000000 1.029573 1061520.000000 1.029573 0.996940 0.226624 0.257393 0.000000 0 
1242240.000000 0.895646 1242240.000000 0.895646 0.990874 0.323785 0.223911 0.000000 0 
1517760.000000 0.835676 1517760.000000 0.835676 0.984582 0.471914 0.208919 0.000000 0 
1003200.000000 1.134689 1003200.000000 1.134689 0.995030 0.195269 0.283672 0.000000 0 
#Generacion: 3000 
#Distancia: 328.075960 
880560.000000 1.754934 880560.000000 1.754934 0.999297 0.129333 0.438734 0.000000 0 
1798800.000000 0.813187 1798800.000000 0.813187 0.999551 0.623011 0.203297 0.000000 0 
897600.000000 1.557314 897600.000000 1.557314 0.996907 0.138495 0.389329 0.000000 0 
1685520.000000 0.818944 1685520.000000 0.818944 0.982958 0.562108 0.204736 0.000000 0 
1621920.000000 0.819111 1621920.000000 0.819111 0.975819 0.527914 0.204778 0.000000 0 
886320.000000 1.739171 886320.000000 1.739171 0.999107 0.132430 0.434793 0.000000 0 
1714080.000000 0.818207 1714080.000000 0.818207 0.995652 0.577462 0.204552 0.000000 0 
891360.000000 1.682617 891360.000000 1.682617 0.996967 0.135140 0.420654 0.000000 0 
914880.000000 1.397017 914880.000000 1.397017 0.995560 0.147785 0.349254 0.000000 0 
1034400.000000 1.083460 1034400.000000 1.083460 0.996401 0.212043 0.270865 0.000000 0 
911520.000000 1.460858 911520.000000 1.460858 0.998283 0.145978 0.365215 0.000000 0 
896160.000000 1.621692 896160.000000 1.621692 0.997683 0.137720 0.405423 0.000000 0 
894720.000000 1.676530 894720.000000 1.676530 0.998774 0.136946 0.419132 0.000000 0 
971280.000000 1.243571 971280.000000 1.243571 0.994835 0.178108 0.310893 0.000000 0 
1045200.000000 1.042261 1045200.000000 1.042261 0.999395 0.217849 0.260565 0.000000 0 
896160.000000 1.621692 896160.000000 1.621692 0.997683 0.137720 0.405423 0.000000 0 
1758960.000000 0.817706 1758960.000000 0.817706 0.977332 0.601591 0.204427 0.000000 0 
901200.000000 1.516313 901200.000000 1.516313 0.998575 0.140430 0.379078 0.000000 0 
986640.000000 1.174745 986640.000000 1.174745 0.998567 0.186366 0.293686 0.000000 0 
939120.000000 1.357990 939120.000000 1.357990 0.997919 0.160817 0.339497 0.000000 0 
971520.000000 1.211659 971520.000000 1.211659 0.999920 0.178237 0.302915 0.000000 0 
1248000.000000 0.892500 1248000.000000 0.892500 0.992940 0.326882 0.223125 0.000000 0 
1579680.000000 0.830310 1579680.000000 0.830310 0.974005 0.505204 0.207577 0.000000 0 
940320.000000 1.329071 940320.000000 1.329071 0.994304 0.161462 0.332268 0.000000 0 
1534800.000000 0.833102 1534800.000000 0.833102 0.980692 0.481075 0.208276 0.000000 0 
950400.000000 1.287025 950400.000000 1.287025 0.999029 0.166882 0.321756 0.000000 0 
948240.000000 1.318645 948240.000000 1.318645 0.999744 0.165720 0.329661 0.000000 0 
906960.000000 1.496744 906960.000000 1.496744 0.991787 0.143527 0.374186 0.000000 0 
911520.000000 1.460858 911520.000000 1.460858 0.998283 0.145978 0.365215 0.000000 0 
1132800.000000 0.963701 1132800.000000 0.963701 0.986481 0.264946 0.240925 0.000000 0 
1143360.000000 0.953062 1143360.000000 0.953062 0.984374 0.270624 0.238265 0.000000 0 
986160.000000 1.210217 986160.000000 1.210217 0.999017 0.186108 0.302554 0.000000 0 
1484640.000000 0.838931 1484640.000000 0.838931 0.991929 0.454108 0.209733 0.000000 0 
924480.000000 1.380721 924480.000000 1.380721 0.994184 0.152946 0.345180 0.000000 0 
1766640.000000 0.816434 1766640.000000 0.816434 0.980819 0.605720 0.204109 0.000000 0 
1408080.000000 0.857978 1408080.000000 0.857978 0.991516 0.412946 0.214495 0.000000 0 
1502880.000000 0.835960 1502880.000000 0.835960 0.994589 0.463914 0.208990 0.000000 0 
1446000.000000 0.848679 1446000.000000 0.848679 0.997955 0.433333 0.212170 0.000000 0 
1794240.000000 0.815999 1794240.000000 0.815999 0.993969 0.620559 0.204000 0.000000 0 
1517760.000000 0.835676 1517760.000000 0.835676 0.984582 0.471914 0.208919 0.000000 0 
1236720.000000 0.898691 1236720.000000 0.898691 0.996723 0.320817 0.224673 0.000000 0 
956160.000000 1.285511 956160.000000 1.285511 0.999644 0.169978 0.321378 0.000000 0 
1009920.000000 1.102122 1009920.000000 1.102122 0.996438 0.198882 0.275530 0.000000 0 
1088640.000000 0.990657 1088640.000000 0.990657 0.994672 0.241204 0.247664 0.000000 0 
1218000.000000 0.912024 1218000.000000 0.912024 0.999955 0.310753 0.228006 0.000000 0 
1432560.000000 0.851786 1432560.000000 0.851786 0.996630 0.426108 0.212946 0.000000 0 
1180560.000000 0.933905 1180560.000000 0.933905 0.997044 0.290624 0.233476 0.000000 0 
1390800.000000 0.863439 1390800.000000 0.863439 0.990704 0.403656 0.215860 0.000000 0 
1269840.000000 0.888990 1269840.000000 0.888990 0.994330 0.338624 0.222248 0.000000 0 
1463040.000000 0.845837 1463040.000000 0.845837 0.998849 0.442495 0.211459 0.000000 0 
1228800.000000 0.908252 1228800.000000 0.908252 0.987616 0.316559 0.227063 0.000000 0 
1121040.000000 0.970107 1121040.000000 0.970107 0.988226 0.258624 0.242527 0.000000 0 
1555680.000000 0.833076 1555680.000000 0.833076 0.997548 0.492301 0.208269 0.000000 0 
992160.000000 1.167947 992160.000000 1.167947 0.991525 0.189333 0.291987 0.000000 0 
1203120.000000 0.916114 1203120.000000 0.916114 0.997398 0.302753 0.229029 0.000000 0 
1420080.000000 0.856209 1420080.000000 0.856209 0.998521 0.419398 0.214052 0.000000 0 
1371600.000000 0.868406 1371600.000000 0.868406 0.999572 0.393333 0.217101 0.000000 0 
956880.000000 1.258774 956880.000000 1.258774 0.996763 0.170366 0.314694 0.000000 0 
1304160.000000 0.881422 1304160.000000 0.881422 0.988633 0.357075 0.220356 0.000000 0 
1116240.000000 0.979152 1116240.000000 0.979152 0.988594 0.256043 0.244788 0.000000 0 
1061520.000000 1.029573 1061520.000000 1.029573 0.996940 0.226624 0.257393 0.000000 0 
1357920.000000 0.870585 1357920.000000 0.870585 0.990677 0.385978 0.217646 0.000000 0 
1051920.000000 1.039762 1051920.000000 1.039762 0.997966 0.221462 0.259940 0.000000 0 
1470480.000000 0.841169 1470480.000000 0.841169 0.993800 0.446495 0.210292 0.000000 0 
1191120.000000 0.929469 1191120.000000 0.929469 0.993401 0.296301 0.232367 0.000000 0 
1079280.000000 0.998384 1079280.000000 0.998384 0.987332 0.236172 0.249596 0.000000 0 
1149840.000000 0.941252 1149840.000000 0.941252 0.995219 0.274108 0.235313 0.000000 0 
1166160.000000 0.937486 1166160.000000 0.937486 0.993566 0.282882 0.234372 0.000000 0 
1064160.000000 1.005767 1064160.000000 1.005767 0.996754 0.228043 0.251442 0.000000 0 
1602960.000000 0.827957 1602960.000000 0.827957 0.999775 0.517720 0.206989 0.000000 0 
1020000.000000 1.092876 1020000.000000 1.092876 0.996921 0.204301 0.273219 0.000000 0 
1315680.000000 0.880024 1315680.000000 0.880024 0.995679 0.363269 0.220006 0.000000 0 
956880.000000 1.258774 956880.000000 1.258774 0.996763 0.170366 0.314694 0.000000 0 
1565280.000000 0.832166 1565280.000000 0.832166 0.975042 0.497462 0.208041 0.000000 0 
1346880.000000 0.872536 1346880.000000 0.872536 0.998493 0.380043 0.218134 0.000000 0 
1062000.000000 1.020611 1062000.000000 1.020611 0.999029 0.226882 0.255153 0.000000 0 
1602960.000000 0.827957 1602960.000000 0.827957 0.999775 0.517720 0.206989 0.000000 0 
915840.000000 1.396935 915840.000000 1.396935 0.994857 0.148301 0.349234 0.000000 0 
994800.000000 1.126653 994800.000000 1.126653 0.987497 0.190753 0.281663 0.000000 0 
1328160.000000 0.877938 1328160.000000 0.877938 0.995607 0.369978 0.219484 0.000000 0 
1193520.000000 0.918251 1193520.000000 0.918251 0.998033 0.297591 0.229563 0.000000 0 
905280.000000 1.516029 905280.000000 1.516029 0.998491 0.142624 0.379007 0.000000 0 
1005360.000000 1.112732 1005360.000000 1.112732 0.998791 0.196430 0.278183 0.000000 0 
1383120.000000 0.865756 1383120.000000 0.865756 0.998259 0.399527 0.216439 0.000000 0 
1336320.000000 0.875356 1336320.000000 0.875356 0.999311 0.374366 0.218839 0.000000 0 
992400.000000 1.148639 992400.000000 1.148639 0.998364 0.189462 0.287160 0.000000 0 
934560.000000 1.371499 934560.000000 1.371499 0.998118 0.158366 0.342875 0.000000 0 
1099440.000000 0.984639 1099440.000000 0.984639 0.995329 0.247011 0.246160 0.000000 0 
1021920.000000 1.086256 1021920.000000 1.086256 0.994690 0.205333 0.271564 0.000000 0 
1276320.000000 0.888324 1276320.000000 0.888324 0.996030 0.342108 0.222081 0.000000 0 
1003440.000000 1.120707 1003440.000000 1.120707 0.994863 0.195398 0.280177 0.000000 0 
1072800.000000 1.003354 1072800.000000 1.003354 0.997473 0.232688 0.250839 0.000000 0 
1106160.000000 0.984359 1106160.000000 0.984359 0.997431 0.250624 0.246090 0.000000 0 
906960.000000 1.496744 906960.000000 1.496744 0.991787 0.143527 0.374186 0.000000 0 
1158480.000000 0.939756 1158480.000000 0.939756 0.995312 0.278753 0.234939 0.000000 0 
928800.000000 1.371803 928800.000000 1.371803 0.999539 0.155269 0.342951 0.000000 0 
992400.000000 1.148639 992400.000000 1.148639 0.998364 0.189462 0.287160 0.000000 0 
1292640.000000 0.888305 1292640.000000 0.888305 0.999294 0.350882 0.222076 0.000000 0 
1293600.000000 0.887163 1293600.000000 0.887163 0.996918 0.351398 0.221791 0.000000 0 
942480.000000 1.319614 942480.000000 1.319614 0.999984 0.162624 0.329904 0.000000 0 
#Generacion: 3500 
#Distancia: 315.300606 
1824480.000000 0.810993 1824480.000000 0.810993 0.979144 0.636817 0.202748 0.000000 0 
873260.037135 1341.922625 871920.000000 1.885490 1.000134 0.125409 335.480656 1340.037135 0 
877680.000000 1.990863 877680.000000 1.990863 0.999123 0.127785 0.497716 0.000000 0 
1730160.000000 0.811248 1730160.000000 0.811248 0.991234 0.586108 0.202812 0.000000 0 
1589760.000000 0.822407 1589760.000000 0.822407 0.992261 0.510624 0.205602 0.000000 0 
1552320.000000 0.825009 1552320.000000 0.825009 0.991435 0.490495 0.206252 0.000000 0 
1794000.000000 0.811003 1794000.000000 0.811003 0.981478 0.620430 0.202751 0.000000 0 
1662000.000000 0.814882 1662000.000000 0.814882 0.989277 0.549462 0.203721 0.000000 0 
1690800.000000 0.811413 1690800.000000 0.811413 0.987983 0.564946 0.202853 0.000000 0 
1621920.000000 0.819111 1621920.000000 0.819111 0.975819 0.527914 0.204778 0.000000 0 
1370640.000000 0.868452 1370640.000000 0.868452 0.992966 0.392817 0.217113 0.000000 0 
1621920.000000 0.819111 1621920.000000 0.819111 0.975819 0.527914 0.204778 0.000000 0 
1511040.000000 0.834745 1511040.000000 0.834745 0.995648 0.468301 0.208686 0.000000 0 
1331040.000000 0.873019 1331040.000000 0.873019 0.983966 0.371527 0.218255 0.000000 0 
1794000.000000 0.811003 1794000.000000 0.811003 0.981478 0.620430 0.202751 0.000000 0 
1678320.000000 0.814110 1678320.000000 0.814110 0.990976 0.558237 0.203528 0.000000 0 
1432560.000000 0.851786 1432560.000000 0.851786 0.996630 0.426108 0.212946 0.000000 0 
1013280.000000 1.091188 1013280.000000 1.091188 0.995073 0.200688 0.272797 0.000000 0 
1525680.000000 0.825134 1525680.000000 0.825134 0.990133 0.476172 0.206283 0.000000 0 
1109520.000000 0.980510 1109520.000000 0.980510 0.986846 0.252430 0.245128 0.000000 0 
1316160.000000 0.877771 1316160.000000 0.877771 0.998011 0.363527 0.219443 0.000000 0 
1146240.000000 0.943368 1146240.000000 0.943368 0.998340 0.272172 0.235842 0.000000 0 
1132560.000000 0.943787 1132560.000000 0.943787 0.998726 0.264817 0.235947 0.000000 0 
1175040.000000 0.929503 1175040.000000 0.929503 0.999554 0.287656 0.232376 0.000000 0 
1203120.000000 0.916114 1203120.000000 0.916114 0.997398 0.302753 0.229029 0.000000 0 
1417920.000000 0.854255 1417920.000000 0.854255 0.999039 0.418237 0.213564 0.000000 0 
1347840.000000 0.870429 1347840.000000 0.870429 0.995378 0.380559 0.217607 0.000000 0 
1304160.000000 0.881422 1304160.000000 0.881422 0.988633 0.357075 0.220356 0.000000 0 
1088880.000000 0.981650 1088880.000000 0.981650 0.984146 0.241333 0.245413 0.000000 0 
1468320.000000 0.839443 1468320.000000 0.839443 0.990084 0.445333 0.209861 0.000000 0 
1473120.000000 0.838919 1473120.000000 0.838919 0.991990 0.447914 0.209730 0.000000 0 
1450080.000000 0.843288 1450080.000000 0.843288 0.991994 0.435527 0.210822 0.000000 0 
1021920.000000 1.086256 1021920.000000 1.086256 0.994690 0.205333 0.271564 0.000000 0 
1218000.000000 0.912024 1218000.000000 0.912024 0.999955 0.310753 0.228006 0.000000 0 
1256640.000000 0.888959 1256640.000000 0.888959 0.997089 0.331527 0.222240 0.000000 0 
1034400.000000 1.082778 1034400.000000 1.082778 0.998662 0.212043 0.270695 0.000000 0 
1491360.000000 0.837854 1491360.000000 0.837854 0.996646 0.457720 0.209464 0.000000 0 
1380240.000000 0.865815 1380240.000000 0.865815 0.993558 0.397978 0.216454 0.000000 0 
1158480.000000 0.939756 1158480.000000 0.939756 0.995312 0.278753 0.234939 0.000000 0 
1292880.000000 0.885312 1292880.000000 0.885312 0.995936 0.351011 0.221328 0.000000 0 
1493520.000000 0.835959 1493520.000000 0.835959 0.990163 0.458882 0.208990 0.000000 0 
1268640.000000 0.888865 1268640.000000 0.888865 0.997216 0.337978 0.222216 0.000000 0 
994080.000000 1.101417 994080.000000 1.101417 0.997859 0.190366 0.275354 0.000000 0 
919920.000000 1.374203 919920.000000 1.374203 0.995865 0.150495 0.343551 0.000000 0 
1191120.000000 0.929469 1191120.000000 0.929469 0.993401 0.296301 0.232367 0.000000 0 
1446000.000000 0.848679 1446000.000000 0.848679 0.997955 0.433333 0.212170 0.000000 0 
1400880.000000 0.858562 1400880.000000 0.858562 0.999225 0.409075 0.214640 0.000000 0 
1408080.000000 0.857978 1408080.000000 0.857978 0.991516 0.412946 0.214495 0.000000 0 
1346880.000000 0.872536 1346880.000000 0.872536 0.998493 0.380043 0.218134 0.000000 0 
1166160.000000 0.937486 1166160.000000 0.937486 0.993566 0.282882 0.234372 0.000000 0 
1284240.000000 0.885445 1284240.000000 0.885445 0.996177 0.346366 0.221361 0.000000 0 
1064160.000000 1.005767 1064160.000000 1.005767 0.996754 0.228043 0.251442 0.000000 0 
1276320.000000 0.888324 1276320.000000 0.888324 0.996030 0.342108 0.222081 0.000000 0 
1072800.000000 1.003354 1072800.000000 1.003354 0.997473 0.232688 0.250839 0.000000 0 
934560.000000 1.371499 934560.000000 1.371499 0.998118 0.158366 0.342875 0.000000 0 
1524480.000000 0.834536 1524480.000000 0.834536 0.999593 0.475527 0.208634 0.000000 0 
1235040.000000 0.895460 1235040.000000 0.895460 0.993284 0.319914 0.223865 0.000000 0 
1079280.000000 0.998384 1079280.000000 0.998384 0.987332 0.236172 0.249596 0.000000 0 
1248000.000000 0.891224 1248000.000000 0.891224 0.996343 0.326882 0.222806 0.000000 0 
968640.000000 1.212498 968640.000000 1.212498 0.997753 0.176688 0.303125 0.000000 0 
1242960.000000 0.891490 1242960.000000 0.891490 0.996889 0.324172 0.222872 0.000000 0 
947040.000000 1.286027 947040.000000 1.286027 0.998684 0.165075 0.321507 0.000000 0 
942480.000000 1.319614 942480.000000 1.319614 0.999984 0.162624 0.329904 0.000000 0 
1054080.000000 1.021555 1054080.000000 1.021555 0.994762 0.222624 0.255389 0.000000 0 
1121280.000000 0.957254 1121280.000000 0.957254 0.996994 0.258753 0.239313 0.000000 0 
1193520.000000 0.918251 1193520.000000 0.918251 0.998033 0.297591 0.229563 0.000000 0 
1044240.000000 1.034072 1044240.000000 1.034072 0.995013 0.217333 0.258518 0.000000 0 
977040.000000 1.185740 977040.000000 1.185740 0.998062 0.181204 0.296435 0.000000 0 
1228800.000000 0.899802 1228800.000000 0.899802 0.993740 0.316559 0.224951 0.000000 0 
1116240.000000 0.979152 1116240.000000 0.979152 0.988594 0.256043 0.244788 0.000000 0 
1223760.000000 0.906513 1223760.000000 0.906513 0.994667 0.313849 0.226628 0.000000 0 
1390800.000000 0.863439 1390800.000000 0.863439 0.990704 0.403656 0.215860 0.000000 0 
904800.000000 1.473015 904800.000000 1.473015 0.991212 0.142366 0.368254 0.000000 0 
963600.000000 1.236213 963600.000000 1.236213 0.995083 0.173978 0.309053 0.000000 0 
1056480.000000 1.009013 1056480.000000 1.009013 0.996689 0.223914 0.252253 0.000000 0 
1390800.000000 0.863439 1390800.000000 0.863439 0.990704 0.403656 0.215860 0.000000 0 
1042320.000000 1.081235 1042320.000000 1.081235 0.991692 0.216301 0.270309 0.000000 0 
955200.000000 1.269066 955200.000000 1.269066 0.996844 0.169462 0.317267 0.000000 0 
1086480.000000 0.995245 1086480.000000 0.995245 0.984140 0.240043 0.248811 0.000000 0 
883200.000000 1.721979 883200.000000 1.721979 0.998215 0.130753 0.430495 0.000000 0 
889920.000000 1.693606 889920.000000 1.693606 0.993627 0.134366 0.423401 0.000000 0 
934800.000000 1.330197 934800.000000 1.330197 0.991646 0.158495 0.332549 0.000000 0 
985920.000000 1.152157 985920.000000 1.152157 0.989227 0.185978 0.288039 0.000000 0 
900480.000000 1.516088 900480.000000 1.516088 0.997734 0.140043 0.379022 0.000000 0 
958560.000000 1.252538 958560.000000 1.252538 0.999639 0.171269 0.313135 0.000000 0 
894720.000000 1.575460 894720.000000 1.575460 0.999470 0.136946 0.393865 0.000000 0 
980880.000000 1.152310 980880.000000 1.152310 0.995922 0.183269 0.288078 0.000000 0 
897600.000000 1.557314 897600.000000 1.557314 0.996907 0.138495 0.389329 0.000000 0 
988320.000000 1.126667 988320.000000 1.126667 0.999337 0.187269 0.281667 0.000000 0 
994080.000000 1.101417 994080.000000 1.101417 0.997859 0.190366 0.275354 0.000000 0 
910560.000000 1.460667 910560.000000 1.460667 0.999315 0.145462 0.365167 0.000000 0 
914880.000000 1.397017 914880.000000 1.397017 0.995560 0.147785 0.349254 0.000000 0 
915840.000000 1.394153 915840.000000 1.394153 0.994697 0.148301 0.348538 0.000000 0 
1120320.000000 0.957411 1120320.000000 0.957411 0.996775 0.258237 0.239353 0.000000 0 
891360.000000 1.682617 891360.000000 1.682617 0.996967 0.135140 0.420654 0.000000 0 
910560.000000 1.460667 910560.000000 1.460667 0.999315 0.145462 0.365167 0.000000 0 
979920.000000 1.174660 979920.000000 1.174660 0.997695 0.182753 0.293665 0.000000 0 
956880.000000 1.258774 956880.000000 1.258774 0.996763 0.170366 0.314694 0.000000 0 
880560.000000 1.754934 880560.000000 1.754934 0.999297 0.129333 0.438734 0.000000 0 
880560.000000 1.754934 880560.000000 1.754934 0.999297 0.129333 0.438734 0.000000 0 
#Generacion: 4000 
#Distancia: 315.570707 
1903200.000000 0.805257 1903200.000000 0.805257 0.995217 0.679140 0.201314 0.000000 0 
870960.000000 1.881190 870960.000000 1.881190 0.998732 0.124172 0.470298 0.000000 0 
889920.000000 1.693606 889920.000000 1.693606 0.993627 0.134366 0.423401 0.000000 0 
900480.000000 1.516088 900480.000000 1.516088 0.997734 0.140043 0.379022 0.000000 0 
882240.000000 1.721528 882240.000000 1.721528 0.998072 0.130237 0.430382 0.000000 0 
919920.000000 1.374203 919920.000000 1.374203 0.995865 0.150495 0.343551 0.000000 0 
1899840.000000 0.805283 1899840.000000 0.805283 0.995291 0.677333 0.201321 0.000000 0 
1824480.000000 0.807615 1824480.000000 0.807615 0.999157 0.636817 0.201904 0.000000 0 
910560.000000 1.460667 910560.000000 1.460667 0.999315 0.145462 0.365167 0.000000 0 
1034400.000000 1.082778 1034400.000000 1.082778 0.998662 0.212043 0.270695 0.000000 0 
962640.000000 1.235781 962640.000000 1.235781 0.995701 0.173462 0.308945 0.000000 0 
912000.000000 1.436071 912000.000000 1.436071 0.994879 0.146237 0.359018 0.000000 0 
1044240.000000 1.034072 1044240.000000 1.034072 0.995013 0.217333 0.258518 0.000000 0 
905040.000000 1.506102 905040.000000 1.506102 0.998339 0.142495 0.376526 0.000000 0 
1794240.000000 0.807830 1794240.000000 0.807830 0.996353 0.620559 0.201957 0.000000 0 
988320.000000 1.126667 988320.000000 1.126667 0.999337 0.187269 0.281667 0.000000 0 
947040.000000 1.286027 947040.000000 1.286027 0.998684 0.165075 0.321507 0.000000 0 
930720.000000 1.365245 930720.000000 1.365245 0.991371 0.156301 0.341311 0.000000 0 
1106160.000000 0.973327 1106160.000000 0.973327 0.985224 0.250624 0.243332 0.000000 0 
931920.000000 1.325720 931920.000000 1.325720 0.997530 0.156946 0.331430 0.000000 0 
1752960.000000 0.809529 1752960.000000 0.809529 0.992117 0.598366 0.202382 0.000000 0 
1627440.000000 0.818394 1627440.000000 0.818394 0.991315 0.530882 0.204599 0.000000 0 
1121280.000000 0.957254 1121280.000000 0.957254 0.996994 0.258753 0.239313 0.000000 0 
1080960.000000 0.997274 1080960.000000 0.997274 0.980366 0.237075 0.249319 0.000000 0 
980880.000000 1.152310 980880.000000 1.152310 0.995922 0.183269 0.288078 0.000000 0 
1088880.000000 0.981650 1088880.000000 0.981650 0.984146 0.241333 0.245413 0.000000 0 
1709040.000000 0.810053 1709040.000000 0.810053 0.985172 0.574753 0.202513 0.000000 0 
968640.000000 1.212498 968640.000000 1.212498 0.997753 0.176688 0.303125 0.000000 0 
1763040.000000 0.809108 1763040.000000 0.809108 0.999167 0.603785 0.202277 0.000000 0 
1525680.000000 0.825134 1525680.000000 0.825134 0.990133 0.476172 0.206283 0.000000 0 
1190160.000000 0.918634 1190160.000000 0.918634 0.999436 0.295785 0.229658 0.000000 0 
955200.000000 1.269066 955200.000000 1.269066 0.996844 0.169462 0.317267 0.000000 0 
994080.000000 1.101417 994080.000000 1.101417 0.997859 0.190366 0.275354 0.000000 0 
1175040.000000 0.929503 1175040.000000 0.929503 0.999554 0.287656 0.232376 0.000000 0 
1370640.000000 0.868452 1370640.000000 0.868452 0.992966 0.392817 0.217113 0.000000 0 
1605360.000000 0.818998 1605360.000000 0.818998 0.995349 0.519011 0.204750 0.000000 0 
943200.000000 1.317641 943200.000000 1.317641 0.998465 0.163011 0.329410 0.000000 0 
978000.000000 1.166145 978000.000000 1.166145 0.998324 0.181720 0.291536 0.000000 0 
1203120.000000 0.916114 1203120.000000 0.916114 0.997398 0.302753 0.229029 0.000000 0 
1678320.000000 0.814110 1678320.000000 0.814110 0.990976 0.558237 0.203528 0.000000 0 
882240.000000 1.721528 882240.000000 1.721528 0.998072 0.130237 0.430382 0.000000 0 
1651440.000000 0.814877 1651440.000000 0.814877 0.987864 0.543785 0.203719 0.000000 0 
976800.000000 1.203419 976800.000000 1.203419 0.994837 0.181075 0.300855 0.000000 0 
1690800.000000 0.811413 1690800.000000 0.811413 0.987983 0.564946 0.202853 0.000000 0 
1021920.000000 1.086256 1021920.000000 1.086256 0.994690 0.205333 0.271564 0.000000 0 
1053120.000000 1.021428 1053120.000000 1.021428 0.993485 0.222108 0.255357 0.000000 0 
1351200.000000 0.870152 1351200.000000 0.870152 0.983767 0.382366 0.217538 0.000000 0 
1009440.000000 1.090872 1009440.000000 1.090872 0.998246 0.198624 0.272718 0.000000 0 
1127520.000000 0.944567 1127520.000000 0.944567 0.999954 0.262108 0.236142 0.000000 0 
1063200.000000 1.005487 1063200.000000 1.005487 0.997191 0.227527 0.251372 0.000000 0 
1824480.000000 0.807615 1824480.000000 0.807615 0.999157 0.636817 0.201904 0.000000 0 
1327440.000000 0.874737 1327440.000000 0.874737 0.978007 0.369591 0.218684 0.000000 0 
1216320.000000 0.908474 1216320.000000 0.908474 0.996299 0.309849 0.227118 0.000000 0 
1432560.000000 0.851786 1432560.000000 0.851786 0.996630 0.426108 0.212946 0.000000 0 
1411440.000000 0.853383 1411440.000000 0.853383 0.998363 0.414753 0.213346 0.000000 0 
1490160.000000 0.830957 1490160.000000 0.830957 0.991308 0.457075 0.207739 0.000000 0 
1340640.000000 0.870642 1340640.000000 0.870642 0.983702 0.376688 0.217661 0.000000 0 
1551600.000000 0.825080 1551600.000000 0.825080 0.991960 0.490108 0.206270 0.000000 0 
1242960.000000 0.891490 1242960.000000 0.891490 0.996889 0.324172 0.222872 0.000000 0 
1379760.000000 0.861010 1379760.000000 0.861010 0.999026 0.397720 0.215252 0.000000 0 
1256640.000000 0.888959 1256640.000000 0.888959 0.997089 0.331527 0.222240 0.000000 0 
1657920.000000 0.814491 1657920.000000 0.814491 0.981314 0.547269 0.203623 0.000000 0 
1397520.000000 0.857503 1397520.000000 0.857503 0.989442 0.407269 0.214376 0.000000 0 
1139280.000000 0.943285 1139280.000000 0.943285 0.999098 0.268430 0.235821 0.000000 0 
1466160.000000 0.840478 1466160.000000 0.840478 0.976292 0.444172 0.210120 0.000000 0 
1510800.000000 0.827083 1510800.000000 0.827083 0.994354 0.468172 0.206771 0.000000 0 
1450080.000000 0.843288 1450080.000000 0.843288 0.991994 0.435527 0.210822 0.000000 0 
1165440.000000 0.932045 1165440.000000 0.932045 0.999278 0.282495 0.233011 0.000000 0 
1442400.000000 0.843293 1442400.000000 0.843293 0.985575 0.431398 0.210823 0.000000 0 
1569840.000000 0.823322 1569840.000000 0.823322 0.990363 0.499914 0.205831 0.000000 0 
1061280.000000 1.009348 1061280.000000 1.009348 0.999712 0.226495 0.252337 0.000000 0 
912000.000000 1.436071 912000.000000 1.436071 0.994879 0.146237 0.359018 0.000000 0 
1482720.000000 0.838054 1482720.000000 0.838054 0.997936 0.453075 0.209514 0.000000 0 
955200.000000 1.269066 955200.000000 1.269066 0.996844 0.169462 0.317267 0.000000 0 
1502640.000000 0.829118 1502640.000000 0.829118 0.990162 0.463785 0.207279 0.000000 0 
1302240.000000 0.883162 1302240.000000 0.883162 0.997318 0.356043 0.220791 0.000000 0 
1158480.000000 0.939756 1158480.000000 0.939756 0.995312 0.278753 0.234939 0.000000 0 
1421760.000000 0.852886 1421760.000000 0.852886 0.999025 0.420301 0.213222 0.000000 0 
1150800.000000 0.940439 1150800.000000 0.940439 0.996535 0.274624 0.235110 0.000000 0 
1284240.000000 0.885445 1284240.000000 0.885445 0.996177 0.346366 0.221361 0.000000 0 
1235040.000000 0.895460 1235040.000000 0.895460 0.993284 0.319914 0.223865 0.000000 0 
1228800.000000 0.899802 1228800.000000 0.899802 0.993740 0.316559 0.224951 0.000000 0 
1388400.000000 0.858064 1388400.000000 0.858064 0.997355 0.402366 0.214516 0.000000 0 
1050960.000000 1.032196 1050960.000000 1.032196 0.993875 0.220946 0.258049 0.000000 0 
1223760.000000 0.906513 1223760.000000 0.906513 0.994667 0.313849 0.226628 0.000000 0 
1577280.000000 0.823199 1577280.000000 0.823199 0.993833 0.503914 0.205800 0.000000 0 
1292880.000000 0.883226 1292880.000000 0.883226 0.993491 0.351011 0.220807 0.000000 0 
1310400.000000 0.877716 1310400.000000 0.877716 0.997906 0.360430 0.219429 0.000000 0 
1552320.000000 0.823731 1552320.000000 0.823731 0.991597 0.490495 0.205933 0.000000 0 
1317120.000000 0.877641 1317120.000000 0.877641 0.998112 0.364043 0.219410 0.000000 0 
977040.000000 1.185740 977040.000000 1.185740 0.998062 0.181204 0.296435 0.000000 0 
1708080.000000 0.810830 1708080.000000 0.810830 0.990411 0.574237 0.202707 0.000000 0 
1273920.000000 0.886864 1273920.000000 0.886864 0.994856 0.340817 0.221716 0.000000 0 
1267200.000000 0.887932 1267200.000000 0.887932 0.995369 0.337204 0.221983 0.000000 0 
942480.000000 1.319614 942480.000000 1.319614 0.999984 0.162624 0.329904 0.000000 0 
1473120.000000 0.838919 1473120.000000 0.838919 0.991990 0.447914 0.209730 0.000000 0 
1592880.000000 0.821146 1592880.000000 0.821146 0.993698 0.512301 0.205287 0.000000 0 
1589760.000000 0.822407 1589760.000000 0.822407 0.992261 0.510624 0.205602 0.000000 0 
977040.000000 1.185740 977040.000000 1.185740 0.998062 0.181204 0.296435 0.000000 0 
1000800.000000 1.097292 1000800.000000 1.097292 0.996480 0.193978 0.274323 0.000000 0 
#Generacion: 4500 
#Distancia: 331.305051 
862320.000000 2.017333 862320.000000 2.017333 0.999457 0.119527 0.504333 0.000000 0 
1886400.000000 0.805087 1886400.000000 0.805087 0.994029 0.670108 0.201272 0.000000 0 
862320.000000 2.017333 862320.000000 2.017333 0.999457 0.119527 0.504333 0.000000 0 
1737840.000000 0.806776 1737840.000000 0.806776 0.996799 0.590237 0.201694 0.000000 0 
1878480.000000 0.805552 1878480.000000 0.805552 0.994429 0.665849 0.201388 0.000000 0 
899520.000000 1.515672 899520.000000 1.515672 0.996531 0.139527 0.378918 0.000000 0 
882240.000000 1.721528 882240.000000 1.721528 0.998072 0.130237 0.430382 0.000000 0 
869040.000000 2.017100 869040.000000 2.017100 0.998272 0.123140 0.504275 0.000000 0 
870960.000000 1.881190 870960.000000 1.881190 0.998732 0.124172 0.470298 0.000000 0 
879360.000000 1.859216 879360.000000 1.859216 0.992841 0.128688 0.464804 0.000000 0 
898560.000000 1.644343 898560.000000 1.644343 0.996560 0.139011 0.411086 0.000000 0 
912000.000000 1.413588 912000.000000 1.413588 0.996064 0.146237 0.353397 0.000000 0 
1629360.000000 0.817855 1629360.000000 0.817855 0.992522 0.531914 0.204464 0.000000 0 
1580880.000000 0.818264 1580880.000000 0.818264 0.987590 0.505849 0.204566 0.000000 0 
945600.000000 1.254998 945600.000000 1.254998 0.997369 0.164301 0.313749 0.000000 0 
943440.000000 1.304863 943440.000000 1.304863 0.998194 0.163140 0.326216 0.000000 0 
919920.000000 1.374203 919920.000000 1.374203 0.995865 0.150495 0.343551 0.000000 0 
907440.000000 1.505821 907440.000000 1.505821 0.998206 0.143785 0.376455 0.000000 0 
969840.000000 1.187861 969840.000000 1.187861 0.999325 0.177333 0.296965 0.000000 0 
975360.000000 1.150866 975360.000000 1.150866 0.997184 0.180301 0.287717 0.000000 0 
1705200.000000 0.808754 1705200.000000 0.808754 0.993049 0.572688 0.202189 0.000000 0 
897600.000000 1.644717 897600.000000 1.644717 0.995934 0.138495 0.411179 0.000000 0 
888960.000000 1.693261 888960.000000 1.693261 0.997162 0.133849 0.423315 0.000000 0 
959520.000000 1.230069 959520.000000 1.230069 0.991060 0.171785 0.307517 0.000000 0 
964800.000000 1.201738 964800.000000 1.201738 0.997045 0.174624 0.300435 0.000000 0 
1481760.000000 0.838096 1481760.000000 0.838096 0.997196 0.452559 0.209524 0.000000 0 
1451280.000000 0.838603 1451280.000000 0.838603 0.996612 0.436172 0.209651 0.000000 0 
1111920.000000 0.966166 1111920.000000 0.966166 0.999854 0.253720 0.241542 0.000000 0 
910560.000000 1.460667 910560.000000 1.460667 0.999315 0.145462 0.365167 0.000000 0 
910560.000000 1.460667 910560.000000 1.460667 0.999315 0.145462 0.365167 0.000000 0 
1197840.000000 0.914204 1197840.000000 0.914204 0.987513 0.299914 0.228551 0.000000 0 
926880.000000 1.362775 926880.000000 1.362775 0.999140 0.154237 0.340694 0.000000 0 
1044240.000000 1.034072 1044240.000000 1.034072 0.995013 0.217333 0.258518 0.000000 0 
1009440.000000 1.090872 1009440.000000 1.090872 0.998246 0.198624 0.272718 0.000000 0 
930960.000000 1.340859 930960.000000 1.340859 0.999971 0.156430 0.335215 0.000000 0 
1097280.000000 0.978578 1097280.000000 0.978578 0.986615 0.245849 0.244645 0.000000 0 
1187760.000000 0.922527 1187760.000000 0.922527 0.992421 0.294495 0.230632 0.000000 0 
1660320.000000 0.812537 1660320.000000 0.812537 0.996179 0.548559 0.203134 0.000000 0 
1643280.000000 0.814580 1643280.000000 0.814580 0.993814 0.539398 0.203645 0.000000 0 
953280.000000 1.243729 953280.000000 1.243729 0.997374 0.168430 0.310932 0.000000 0 
1525680.000000 0.825134 1525680.000000 0.825134 0.990133 0.476172 0.206283 0.000000 0 
1256640.000000 0.888959 1256640.000000 0.888959 0.997089 0.331527 0.222240 0.000000 0 
1121280.000000 0.957254 1121280.000000 0.957254 0.996994 0.258753 0.239313 0.000000 0 
984000.000000 1.142255 984000.000000 1.142255 0.997555 0.184946 0.285564 0.000000 0 
1569840.000000 0.823322 1569840.000000 0.823322 0.990363 0.499914 0.205831 0.000000 0 
1340640.000000 0.870642 1340640.000000 0.870642 0.983702 0.376688 0.217661 0.000000 0 
1317120.000000 0.877641 1317120.000000 0.877641 0.998112 0.364043 0.219410 0.000000 0 
988320.000000 1.126667 988320.000000 1.126667 0.999337 0.187269 0.281667 0.000000 0 
1216320.000000 0.908474 1216320.000000 0.908474 0.996299 0.309849 0.227118 0.000000 0 
1676880.000000 0.812229 1676880.000000 0.812229 0.997145 0.557462 0.203057 0.000000 0 
1690800.000000 0.811413 1690800.000000 0.811413 0.987983 0.564946 0.202853 0.000000 0 
1368720.000000 0.867567 1368720.000000 0.867567 0.977693 0.391785 0.216892 0.000000 0 
1355760.000000 0.869245 1355760.000000 0.869245 0.991542 0.384817 0.217311 0.000000 0 
1069920.000000 0.993507 1069920.000000 0.993507 0.998090 0.231140 0.248377 0.000000 0 
888000.000000 1.721424 888000.000000 1.721424 0.995564 0.133333 0.430356 0.000000 0 
1037760.000000 1.062589 1037760.000000 1.062589 0.999375 0.213849 0.265647 0.000000 0 
1273920.000000 0.886864 1273920.000000 0.886864 0.994856 0.340817 0.221716 0.000000 0 
1175040.000000 0.929503 1175040.000000 0.929503 0.999554 0.287656 0.232376 0.000000 0 
1000800.000000 1.096011 1000800.000000 1.096011 0.998437 0.193978 0.274003 0.000000 0 
1127520.000000 0.944567 1127520.000000 0.944567 0.999954 0.262108 0.236142 0.000000 0 
1053360.000000 1.020363 1053360.000000 1.020363 0.992266 0.222237 0.255091 0.000000 0 
1327440.000000 0.874737 1327440.000000 0.874737 0.978007 0.369591 0.218684 0.000000 0 
933120.000000 1.310460 933120.000000 1.310460 0.996772 0.157591 0.327615 0.000000 0 
1510800.000000 0.827083 1510800.000000 0.827083 0.994354 0.468172 0.206771 0.000000 0 
1083360.000000 0.991296 1083360.000000 0.991296 0.998917 0.238366 0.247824 0.000000 0 
1302240.000000 0.883162 1302240.000000 0.883162 0.997318 0.356043 0.220791 0.000000 0 
1445040.000000 0.848149 1445040.000000 0.848149 0.981962 0.432817 0.212037 0.000000 0 
1411440.000000 0.853383 1411440.000000 0.853383 0.998363 0.414753 0.213346 0.000000 0 
931920.000000 1.325720 931920.000000 1.325720 0.997530 0.156946 0.331430 0.000000 0 
1543680.000000 0.824708 1543680.000000 0.824708 0.989760 0.485849 0.206177 0.000000 0 
1379760.000000 0.861010 1379760.000000 0.861010 0.999026 0.397720 0.215252 0.000000 0 
1552320.000000 0.823731 1552320.000000 0.823731 0.991597 0.490495 0.205933 0.000000 0 
1432080.000000 0.849678 1432080.000000 0.849678 0.993167 0.425849 0.212419 0.000000 0 
1037760.000000 1.062589 1037760.000000 1.062589 0.999375 0.213849 0.265647 0.000000 0 
1024800.000000 1.079513 1024800.000000 1.079513 0.999714 0.206882 0.269878 0.000000 0 
1397520.000000 0.857503 1397520.000000 0.857503 0.989442 0.407269 0.214376 0.000000 0 
875760.000000 1.880854 875760.000000 1.880854 0.997546 0.126753 0.470214 0.000000 0 
1139280.000000 0.943285 1139280.000000 0.943285 0.999098 0.268430 0.235821 0.000000 0 
1242960.000000 0.891490 1242960.000000 0.891490 0.996889 0.324172 0.222872 0.000000 0 
1490160.000000 0.830957 1490160.000000 0.830957 0.991308 0.457075 0.207739 0.000000 0 
1165440.000000 0.932045 1165440.000000 0.932045 0.999278 0.282495 0.233011 0.000000 0 
1024800.000000 1.079513 1024800.000000 1.079513 0.999714 0.206882 0.269878 0.000000 0 
888960.000000 1.693261 888960.000000 1.693261 0.997162 0.133849 0.423315 0.000000 0 
1088880.000000 0.981650 1088880.000000 0.981650 0.984146 0.241333 0.245413 0.000000 0 
996000.000000 1.110429 996000.000000 1.110429 0.991268 0.191398 0.277607 0.000000 0 
1061280.000000 1.009348 1061280.000000 1.009348 0.999712 0.226495 0.252337 0.000000 0 
1500240.000000 0.829373 1500240.000000 0.829373 0.993585 0.462495 0.207343 0.000000 0 
1421760.000000 0.852886 1421760.000000 0.852886 0.999025 0.420301 0.213222 0.000000 0 
1228800.000000 0.899802 1228800.000000 0.899802 0.993740 0.316559 0.224951 0.000000 0 
1150800.000000 0.940439 1150800.000000 0.940439 0.996535 0.274624 0.235110 0.000000 0 
1284240.000000 0.885445 1284240.000000 0.885445 0.996177 0.346366 0.221361 0.000000 0 
1064160.000000 1.004812 1064160.000000 1.004812 0.996712 0.228043 0.251203 0.000000 0 
879360.000000 1.859216 879360.000000 1.859216 0.992841 0.128688 0.464804 0.000000 0 
1158480.000000 0.939756 1158480.000000 0.939756 0.995312 0.278753 0.234939 0.000000 0 
989280.000000 1.110835 989280.000000 1.110835 0.993358 0.187785 0.277709 0.000000 0 
1235040.000000 0.894274 1235040.000000 0.894274 0.997449 0.319914 0.223568 0.000000 0 
1388400.000000 0.858064 1388400.000000 0.858064 0.997355 0.402366 0.214516 0.000000 0 
1050960.000000 1.032196 1050960.000000 1.032196 0.993875 0.220946 0.258049 0.000000 0 
1292880.000000 0.883226 1292880.000000 0.883226 0.993491 0.351011 0.220807 0.000000 0 
1220880.000000 0.904203 1220880.000000 0.904203 0.995736 0.312301 0.226051 0.000000 0 
#Generacion: 5000 
#Distancia: 315.122727 
