11804344652515.576172 11804342526596.855469 2125920.000000 1.279299 1180435.252660 6346421.512105 2951085631649.213867 11804342526595.576172 70 
42495173.957554 40412695.383526 2082480.000000 1.425972 5.041269 22.502782 10103173.845882 40412693.957554 16 
51446292.432720 49562054.844979 1884240.000000 2.412259 5.956205 27.315211 12390513.711245 49562052.432720 43 
72680093.543654 70813134.981725 1866960.000000 1.438071 8.081313 38.731233 17703283.745431 70813133.543654 60 
351991160438929.812500 351991158481491.437500 1957440.000000 1.654505 35199116.848149 189242559.031683 87997789620372.859375 351991158481489.812500 89 
75896042.655995 73691885.097979 2204160.000000 2.441984 8.369188 40.460238 18422971.274495 73691882.655995 61 
63648513957348.960938 63648511956470.726562 2000880.000000 1.763917 6364852.195647 34219630.815779 15912127989117.681641 63648511956468.960938 79 
47158535.342118 45221257.409274 1937280.000000 2.067156 5.522126 25.009965 11305314.352319 45221255.342118 28 
53500796.666146 51540718.537356 1960080.000000 1.871209 6.154072 28.419783 12885179.634339 51540716.666146 48 
57894993.705186 56054675.992620 1840320.000000 2.287435 6.605467 30.782255 14013668.998155 56054673.705186 50 
48172945.766821 46163426.986270 2009520.000000 1.219449 5.616343 25.555347 11540856.746567 46163425.766821 31 
49071581.841302 47118223.409748 1953360.000000 1.568446 5.711822 26.038485 11779555.852437 47118221.841302 34 
47562773.651777 45626455.311250 1936320.000000 1.659474 5.562645 25.227298 11406613.827813 45626453.651777 30 
41291389.291848 39404990.884092 1886400.000000 1.592244 4.940499 21.855586 9851247.721023 39404989.291848 14 
25132165.309388 23024246.437737 2107920.000000 1.128349 3.302425 13.167831 5756061.609434 23024245.309388 2 
11572059927371.597656 11572057911853.755859 2015520.000000 2.157715 1157206.791185 6221537.251275 2893014477963.438965 11572057911851.597656 69 
49183129.992215 47178171.571858 2004960.000000 1.579643 5.717817 26.098457 11794542.892965 47178169.992215 35 
43102825.918315 41045547.354631 2057280.000000 1.436316 5.104555 22.829476 10261386.838658 41045545.918315 18 
4432500025276.786133 4432498031118.693359 1994160.000000 1.906832 443250.803112 2383064.185633 1108124507779.673340 4432498031116.786133 68 
50561614.792297 48749856.384349 1811760.000000 1.592051 5.874985 26.839578 12187464.096087 48749854.792297 41 
32960872.585047 30891354.157768 2069520.000000 1.572720 4.089135 17.376813 7722838.539442 30891352.585047 7 
87589035.650192 85597757.912141 1991280.000000 2.261949 9.559776 46.746793 21399439.478035 85597755.650192 66 
48906698.576771 46936300.147209 1970400.000000 1.570438 5.693630 25.949838 11734075.036802 46936298.576771 33 
55935556.982626 53953638.937034 1981920.000000 1.954408 6.395364 29.728794 13488409.734259 53953636.982626 49 
15191020041315.197266 15191018229317.765625 1812000.000000 2.567623 1519102.822932 8167214.731890 3797754557329.441406 15191018229315.197266 73 
76213190308052.703125 76213188355895.406250 1952160.000000 2.700077 7621319.835589 40974833.154867 19053297088973.851562 76213188355892.703125 82 
153904541837167.843750 153904539802210.156250 2034960.000000 2.313191 15390454.980221 82744376.987725 38476134950552.539062 153904539802207.843750 87 
50900809.655542 48713211.197191 2187600.000000 1.541649 5.871321 27.021941 12178302.799298 48713209.655542 42 
60388178.071795 58510899.782751 1877280.000000 1.710956 6.851090 32.122676 14627724.945688 58510898.071795 52 
96103065946881.562500 96103063797922.828125 2148960.000000 1.258440 9610307.379792 51668314.681119 24025765949480.707031 96103063797921.562500 85 
47049117.089626 44894638.452596 2154480.000000 1.362970 5.489464 24.951138 11223659.613149 44894637.089626 27 
46235299672358.257812 46235297464359.601562 2208000.000000 1.342800 4623530.746436 24857687.651806 11558824366089.900391 46235297464358.257812 76 
45195722.413118 43112283.971761 2083440.000000 1.558643 5.311228 23.954689 10778070.992940 43112282.413118 26 
159981642380441.093750 159981640168842.375000 2211600.000000 1.286909 15998165.016884 86011635.344323 39995410042210.593750 159981640168841.093750 88 
60093856.243730 57959537.786580 2134320.000000 1.542850 6.795954 31.964439 14489884.446645 57959536.243730 51 
48832890.577524 46864172.341692 1968720.000000 1.764168 5.686417 25.910156 11716043.085423 46864170.577524 32 
47649243626339.710938 47649241734901.539062 1891440.000000 1.828739 4764925.173490 25617872.573301 11912310433725.384766 47649241734899.710938 77 
81802068.741343 79685750.505582 2116320.000000 1.764239 8.968575 43.635521 19921437.626395 79685748.741343 63 
43106469.438015 41157910.800973 1948560.000000 1.362957 5.115791 22.831435 10289477.700243 41157909.438015 19 
33153395.968034 31104277.659790 2049120.000000 1.691757 4.110428 17.480320 7776069.414948 31104275.968034 8 
51651513.758304 49590155.172951 2061360.000000 1.414647 5.959015 27.425545 12397538.793238 49590153.758304 44 
47555282.486712 45607683.868758 1947600.000000 1.382046 5.560768 25.223270 11401920.967189 45607682.486712 29 
75872795688398.078125 75872793473919.640625 2214480.000000 1.559776 7587280.347392 40791825.294838 18968198368479.910156 75872793473918.078125 81 
72265778.053236 70363781.480706 1902000.000000 3.427470 8.036378 38.508483 17590945.370176 70363778.053236 58 
30161415.455792 28149736.618637 2011680.000000 1.162845 3.814974 15.871729 7037434.154659 28149735.455792 5 
57739108970346.007812 57739106957227.734375 2013120.000000 1.724512 5773911.695723 31042531.360401 14434776739306.933594 57739106957226.007812 78 
63339561.003082 61339402.253278 2000160.000000 1.250196 7.133940 33.709441 15334850.563319 61339401.003082 54 
392973088198778.562500 392973086126619.937500 2072160.000000 1.400959 39297309.612662 211275853.526225 98243271531654.984375 392973086126618.562500 90 
52026837.176593 50007238.440899 2019600.000000 1.264307 6.000724 27.627332 12501809.610225 50007237.176593 45 
36206590.885108 34130352.133864 2076240.000000 1.248756 4.413035 19.121823 8532588.033466 34130350.885108 9 
40921213.685644 38813055.729927 2108160.000000 2.044283 4.881305 21.656566 9703263.932482 38813053.685644 13 
45061762.877665 43233205.281188 1828560.000000 2.403523 5.323320 23.882668 10808301.320297 43233202.877665 26 
41560936.626417 39468858.206345 2092080.000000 1.579928 4.946886 22.000504 9867214.551586 39468856.626417 15 
60847384.513929 58875066.070739 1972320.000000 1.556811 6.887506 32.369562 14718766.517685 58875064.513929 53 
92030931739046.109375 92030929719447.578125 2019600.000000 1.467433 9203093.971945 49478995.214541 23007732429861.894531 92030929719446.109375 84 
78986855.958442 77181098.657585 1805760.000000 2.699143 8.718110 42.121966 19295274.664396 77181095.958442 62 
44049831.231786 42318712.918746 1731120.000000 1.686960 5.231871 23.338619 10579678.229686 42318711.231786 24 
12381355354333.369141 12381353218335.052734 2136000.000000 1.683497 1238136.321833 6656642.319534 3095338304583.763184 12381353218333.369141 71 
42946993.390219 40902674.716087 2044320.000000 1.325868 5.090267 22.745695 10225668.679022 40902673.390219 17 
67820990895944.218750 67820988855705.953125 2040240.000000 1.734735 6782099.885570 36462897.987067 16955247213926.488281 67820988855704.218750 80 
72058459.895026 70002861.521196 2055600.000000 1.626170 8.000286 38.397021 17500715.380299 70002859.895026 57 
25408722.501732 23258083.963140 2150640.000000 1.461408 3.325808 13.316517 5814520.990785 23258082.501732 3 
39536726.682989 37552408.575715 1984320.000000 1.892726 4.755241 20.912219 9388102.143929 37552406.682989 11 
51476313.579571 49364315.098975 2112000.000000 1.519404 5.936431 27.331351 12341078.774744 49364313.579571 43 
52476194.506154 50707396.051107 1768800.000000 1.544953 6.070739 27.868922 12676849.012777 50707394.506154 47 
72589927.769307 70750330.070825 1839600.000000 2.301518 8.075033 38.682757 17687582.517706 70750327.769307 59 
67081949.257193 65116831.570799 1965120.000000 2.313606 7.511683 35.721478 16279207.892700 65116829.257193 55 
52307416.542376 50307978.252571 1999440.000000 1.710195 6.030798 27.778181 12576994.563143 50307976.542376 46 
44425103.004952 42536784.837250 1888320.000000 1.832298 5.253678 23.540378 10634196.209312 42536783.004952 25 
49918297.693190 48022299.344245 1896000.000000 1.651055 5.802230 26.493708 12005574.836061 48022297.693190 39 
50602835.214706 48685236.748425 1917600.000000 1.533718 5.868524 26.861739 12171309.187106 48685235.214706 41 
48854146.133987 46755107.803889 2099040.000000 1.669902 5.675511 25.921584 11688776.950972 46755106.133987 32 
44006714.633146 41944396.547378 2062320.000000 1.914232 5.194439 23.315438 10486099.136845 41944394.633146 23 
32937800.440261 30575241.838344 2362560.000000 1.398083 4.057524 17.364409 7643810.459586 30575240.440261 6 
44346511.648565 42307473.234026 2039040.000000 1.585461 5.230747 23.498125 10576868.308507 42307471.648565 24 
39916213.785943 37822935.834136 2093280.000000 2.048193 4.782293 21.116244 9455733.958534 37822933.785943 12 
70273051.064429 68332652.716271 1940400.000000 1.651843 7.833265 37.437124 17083163.179068 68332651.064429 56 
14776863204443.615234 14776861204285.460938 2000160.000000 1.845888 1477687.120428 7944549.765830 3694215301071.365234 14776861204283.615234 72 
120495402651210.656250 120495400697612.093750 1953600.000000 1.432343 12049541.069761 64782474.199576 30123850174403.023438 120495400697610.656250 86 
82142439.359806 79957960.805460 2184480.000000 1.445654 8.995796 43.818516 19989490.201365 79957959.359806 64 
49762444.557547 47751726.036284 2010720.000000 1.478737 5.775172 26.409916 11937931.509071 47751724.557547 38 
43547621.248276 41601702.600974 1945920.000000 1.352698 5.160170 23.068614 10400425.650244 41601701.248276 21 
49922522.419211 47939164.256251 1983360.000000 1.837039 5.793916 26.495980 11984791.064063 47939162.419211 39 
176890424.293264 174992505.765221 1897920.000000 1.471958 18.499250 94.758293 43748126.441305 174992504.293264 67 
22166688582861.953125 22166686765343.710938 1817520.000000 1.757060 2216669.676534 11917574.162829 5541671691335.927734 22166686765341.953125 74 
1266626984336365.250000 1266626982213086.750000 2123280.000000 1.569205 126662699.221309 680982249.299121 316656745553271.687500 1266626982213085.250000 92 
49417088.583470 47421969.862726 1995120.000000 1.279256 5.742197 26.224241 11855492.465681 47421968.583470 36 
48938014.380990 46898735.811495 2039280.000000 1.430504 5.689873 25.966674 11724683.952874 46898734.380990 33 
22302375.262153 20413337.553854 1889040.000000 2.291701 3.041334 11.646438 5103334.388464 20413335.262153 1 
88347128791323.796875 88347126801725.265625 1989600.000000 1.465809 8834713.680172 47498455.995335 22086781700431.316406 88347126801723.796875 83 
49640804.144471 47632245.815110 2008560.000000 1.670639 5.763224 26.344518 11908061.453777 47632244.144471 37 
33205825328163.101562 33205823274725.050781 2053440.000000 1.947790 3320583.327472 17852593.918367 8301455818681.262695 33205823274723.101562 75 
50159099.193413 48028860.380182 2130240.000000 1.186769 5.802886 26.623172 12007215.095046 48028859.193413 40 
43709743.278717 41651744.844067 2058000.000000 1.565350 5.165174 23.155776 10412936.211017 41651743.278717 22 
408071800623212.375000 408071798558253.937500 2064960.000000 1.590132 40807180.855825 219393440.851189 102017949639563.484375 408071798558252.375000 91 
83275990.707879 81234072.921733 2041920.000000 2.213855 9.123407 44.427952 20308518.230433 81234070.707879 65 
37608988.774245 35706990.738726 1902000.000000 1.964481 4.570699 19.875800 8926747.684682 35706988.774245 10 
19992015.626659 17868977.038167 2123040.000000 1.411508 2.786898 10.404309 4467244.259542 17868975.626659 0 
29510732.560649 27431134.182245 2079600.000000 1.621596 3.743113 15.521899 6857783.545561 27431132.560649 4 
43128192.040491 41159953.652734 1968240.000000 1.612243 5.115995 22.843114 10289988.413184 41159952.040491 20 
#Generacion: 1 
#Distancia: 787.899798 
1163040.000000 1.034319 1163040.000000 1.034319 0.986340 0.281204 0.258580 0.000000 0 
1185600.000000 1.009739 1185600.000000 1.009739 0.991846 0.293333 0.252435 0.000000 0 
1198560.000000 1.003683 1198560.000000 1.003683 0.998389 0.300301 0.250921 0.000000 0 
1480800.000000 0.886611 1480800.000000 0.886611 0.988501 0.452043 0.221653 0.000000 0 
1468560.000000 0.888089 1468560.000000 0.888089 0.988907 0.445462 0.222022 0.000000 0 
1223280.000000 0.969336 1223280.000000 0.969336 0.999503 0.313591 0.242334 0.000000 0 
1170480.000000 1.010571 1170480.000000 1.010571 0.994496 0.285204 0.252643 0.000000 0 
1536960.000000 0.875838 1536960.000000 0.875838 0.983119 0.482237 0.218959 0.000000 0 
1042560.000000 1.339152 1042560.000000 1.339152 0.988471 0.216430 0.334788 0.000000 0 
1174080.000000 1.010060 1174080.000000 1.010060 0.997451 0.287140 0.252515 0.000000 0 
1125840.000000 1.068397 1125840.000000 1.068397 0.990338 0.261204 0.267099 0.000000 0 
1345440.000000 0.923287 1345440.000000 0.923287 0.998419 0.379269 0.230822 0.000000 0 
1446000.000000 0.890605 1446000.000000 0.890605 0.992878 0.433333 0.222651 0.000000 0 
1819200.000000 0.846114 1819200.000000 0.846114 0.965592 0.633978 0.211528 0.000000 0 
1158960.000000 1.040471 1158960.000000 1.040471 0.990017 0.279011 0.260118 0.000000 0 
1092240.000000 1.125020 1092240.000000 1.125020 0.993121 0.243140 0.281255 0.000000 0 
1772880.000000 0.847856 1772880.000000 0.847856 0.995460 0.609075 0.211964 0.000000 0 
1231680.000000 0.964009 1231680.000000 0.964009 0.998710 0.318108 0.241002 0.000000 0 
1451760.000000 0.889469 1451760.000000 0.889469 0.982393 0.436430 0.222367 0.000000 0 
1168320.000000 1.027562 1168320.000000 1.027562 0.998669 0.284043 0.256890 0.000000 0 
1229520.000000 0.964859 1229520.000000 0.964859 0.992304 0.316946 0.241215 0.000000 0 
1056000.000000 1.300800 1056000.000000 1.300800 0.982610 0.223656 0.325200 0.000000 0 
1077120.000000 1.185766 1077120.000000 1.185766 0.995127 0.235011 0.296441 0.000000 0 
1215840.000000 1.003015 1215840.000000 1.003015 0.995425 0.309591 0.250754 0.000000 0 
1313040.000000 0.926466 1313040.000000 0.926466 0.994873 0.361849 0.231617 0.000000 0 
1151520.000000 1.050522 1151520.000000 1.050522 0.995810 0.275011 0.262630 0.000000 0 
1516800.000000 0.878561 1516800.000000 0.878561 0.975898 0.471398 0.219640 0.000000 0 
1071600.000000 1.289983 1071600.000000 1.289983 0.989426 0.232043 0.322496 0.000000 0 
1122960.000000 1.070629 1122960.000000 1.070629 0.998839 0.259656 0.267657 0.000000 0 
1220880.000000 0.976126 1220880.000000 0.976126 0.994430 0.312301 0.244032 0.000000 0 
1388160.000000 0.904706 1388160.000000 0.904706 0.977525 0.402237 0.226177 0.000000 0 
1006560.000000 1.429757 1006560.000000 1.429757 0.993687 0.197075 0.357439 0.000000 0 
1480800.000000 0.886611 1480800.000000 0.886611 0.988501 0.452043 0.221653 0.000000 0 
1613520.000000 0.863850 1613520.000000 0.863850 0.978550 0.523398 0.215963 0.000000 0 
975360.000000 1.607237 975360.000000 1.607237 0.999078 0.180301 0.401809 0.000000 0 
1071600.000000 1.289983 1071600.000000 1.289983 0.989426 0.232043 0.322496 0.000000 0 
1488720.000000 0.880710 1488720.000000 0.880710 0.988349 0.456301 0.220178 0.000000 0 
1022400.000000 1.399147 1022400.000000 1.399147 0.999378 0.205591 0.349787 0.000000 0 
1363200.000000 0.907022 1363200.000000 0.907022 0.978671 0.388817 0.226756 0.000000 0 
1392000.000000 0.903325 1392000.000000 0.903325 0.994392 0.404301 0.225831 0.000000 0 
1719600.000000 0.852009 1719600.000000 0.852009 0.964812 0.580430 0.213002 0.000000 0 
1553280.000000 0.875045 1553280.000000 0.875045 0.999614 0.491011 0.218761 0.000000 0 
1425120.000000 0.893272 1425120.000000 0.893272 0.993442 0.422108 0.223318 0.000000 0 
1220160.000000 0.998561 1220160.000000 0.998561 0.991412 0.311914 0.249640 0.000000 0 
1303680.000000 0.932033 1303680.000000 0.932033 0.999929 0.356817 0.233008 0.000000 0 
1284000.000000 0.941326 1284000.000000 0.941326 0.982073 0.346237 0.235331 0.000000 0 
1484640.000000 0.881664 1484640.000000 0.881664 0.983366 0.454108 0.220416 0.000000 0 
2007840.000000 0.833083 2007840.000000 0.833083 0.974358 0.735398 0.208271 0.000000 0 
1752000.000000 0.849685 1752000.000000 0.849685 0.981474 0.597849 0.212421 0.000000 0 
1406400.000000 0.894779 1406400.000000 0.894779 0.994126 0.412043 0.223695 0.000000 0 
1681440.000000 0.854478 1681440.000000 0.854478 0.967839 0.559914 0.213619 0.000000 0 
1143600.000000 1.059944 1143600.000000 1.059944 0.996439 0.270753 0.264986 0.000000 0 
1150560.000000 1.052479 1150560.000000 1.052479 0.996265 0.274495 0.263120 0.000000 0 
1562400.000000 0.867653 1562400.000000 0.867653 0.984056 0.495914 0.216913 0.000000 0 
1984800.000000 0.833724 1984800.000000 0.833724 0.990926 0.723011 0.208431 0.000000 0 
1070880.000000 1.293365 1070880.000000 1.293365 0.988720 0.231656 0.323341 0.000000 0 
1645440.000000 0.855963 1645440.000000 0.855963 0.977464 0.540559 0.213991 0.000000 0 
1191840.000000 1.006557 1191840.000000 1.006557 0.999505 0.296688 0.251639 0.000000 0 
1303200.000000 0.940789 1303200.000000 0.940789 0.998517 0.356559 0.235197 0.000000 0 
1633200.000000 0.863417 1633200.000000 0.863417 0.999626 0.533978 0.215854 0.000000 0 
1013040.000000 1.428570 1013040.000000 1.428570 0.995013 0.200559 0.357143 0.000000 0 
1565760.000000 0.866722 1565760.000000 0.866722 0.978304 0.497720 0.216681 0.000000 0 
1096800.000000 1.074924 1096800.000000 1.074924 0.996842 0.245591 0.268731 0.000000 0 
1071600.000000 1.289983 1071600.000000 1.289983 0.989426 0.232043 0.322496 0.000000 0 
1146960.000000 1.052890 1146960.000000 1.052890 0.998278 0.272559 0.263223 0.000000 0 
1796400.000000 0.847295 1796400.000000 0.847295 0.958055 0.621720 0.211824 0.000000 0 
1235760.000000 0.951114 1235760.000000 0.951114 0.990883 0.320301 0.237778 0.000000 0 
1388160.000000 0.904706 1388160.000000 0.904706 0.977525 0.402237 0.226177 0.000000 0 
1347600.000000 0.908064 1347600.000000 0.908064 0.977425 0.380430 0.227016 0.000000 0 
1960800.000000 0.835508 1960800.000000 0.835508 0.993231 0.710108 0.208877 0.000000 0 
1859760.000000 0.838565 1859760.000000 0.838565 0.995601 0.655785 0.209641 0.000000 0 
1163040.000000 1.034319 1163040.000000 1.034319 0.986340 0.281204 0.258580 0.000000 0 
1085040.000000 1.170523 1085040.000000 1.170523 0.986611 0.239269 0.292631 0.000000 0 
1270800.000000 0.948783 1270800.000000 0.948783 0.999076 0.339140 0.237196 0.000000 0 
2024160.000000 0.835975 2024160.000000 0.835975 0.977701 0.744172 0.208994 0.000000 1 
1014480.000000 1.503070 1014480.000000 1.503070 0.987013 0.201333 0.375767 0.000000 1 
1028400.000000 1.399291 1028400.000000 1.399291 0.998021 0.208817 0.349823 0.000000 1 
1094160.000000 1.141064 1094160.000000 1.141064 0.998073 0.244172 0.285266 0.000000 1 
1069680.000000 1.315095 1069680.000000 1.315095 0.992786 0.231011 0.328774 0.000000 1 
1138080.000000 1.072544 1138080.000000 1.072544 0.992914 0.267785 0.268136 0.000000 1 
1912560.000000 0.840235 1912560.000000 0.840235 0.970442 0.684172 0.210059 0.000000 1 
1679760.000000 0.860759 1679760.000000 0.860759 0.979052 0.559011 0.215190 0.000000 1 
1576800.000000 0.876663 1576800.000000 0.876663 0.978861 0.503656 0.219166 0.000000 1 
1223760.000000 0.976501 1223760.000000 0.976501 0.998237 0.313849 0.244125 0.000000 1 
1077600.000000 1.228826 1077600.000000 1.228826 0.998423 0.235269 0.307207 0.000000 1 
1831440.000000 0.846313 1831440.000000 0.846313 0.967215 0.640559 0.211578 0.000000 1 
1077360.000000 1.284076 1077360.000000 1.284076 0.996360 0.235140 0.321019 0.000000 1 
1498800.000000 0.882862 1498800.000000 0.882862 0.978917 0.461720 0.220715 0.000000 1 
1348080.000000 0.917296 1348080.000000 0.917296 0.998435 0.380688 0.229324 0.000000 1 
1430880.000000 0.895462 1430880.000000 0.895462 0.989775 0.425204 0.223865 0.000000 1 
1201440.000000 1.003919 1201440.000000 1.003919 0.996311 0.301849 0.250980 0.000000 1 
1749120.000000 0.854334 1749120.000000 0.854334 0.994589 0.596301 0.213583 0.000000 1 
1163280.000000 1.045963 1163280.000000 1.045963 0.991939 0.281333 0.261491 0.000000 1 
1400400.000000 0.903778 1400400.000000 0.903778 0.972955 0.408817 0.225944 0.000000 1 
1171920.000000 1.024130 1171920.000000 1.024130 0.998113 0.285978 0.256033 0.000000 1 
1782000.000000 0.851205 1782000.000000 0.851205 0.960895 0.613978 0.212801 0.000000 1 
1544640.000000 0.879266 1544640.000000 0.879266 0.979350 0.486366 0.219816 0.000000 1 
1088880.000000 1.180319 1088880.000000 1.180319 0.997691 0.241333 0.295080 0.000000 1 
1353120.000000 0.911742 1353120.000000 0.911742 0.989557 0.383398 0.227935 0.000000 1 
1280400.000000 0.950038 1280400.000000 0.950038 0.990851 0.344301 0.237509 0.000000 1 
#Generacion: 500 
#Distancia: 392.786566 
1823520.000000 0.822760 1823520.000000 0.822760 0.976097 0.636301 0.205690 0.000000 0 
950640.000000 1.631987 950640.000000 1.631987 0.998714 0.167011 0.407997 0.000000 0 
950640.000000 1.631987 950640.000000 1.631987 0.998714 0.167011 0.407997 0.000000 0 
968880.000000 1.560692 968880.000000 1.560692 0.999560 0.176817 0.390173 0.000000 0 
990240.000000 1.295725 990240.000000 1.295725 0.998647 0.188301 0.323931 0.000000 0 
1615440.000000 0.840780 1615440.000000 0.840780 0.997297 0.524430 0.210195 0.000000 0 
985920.000000 1.407888 985920.000000 1.407888 0.999109 0.185978 0.351972 0.000000 0 
979440.000000 1.475853 979440.000000 1.475853 0.993235 0.182495 0.368963 0.000000 0 
959040.000000 1.624079 959040.000000 1.624079 0.997709 0.171527 0.406020 0.000000 0 
1684560.000000 0.837537 1684560.000000 0.837537 0.989663 0.561591 0.209384 0.000000 0 
1564800.000000 0.842861 1564800.000000 0.842861 0.989397 0.497204 0.210715 0.000000 0 
984480.000000 1.429946 984480.000000 1.429946 0.997902 0.185204 0.357486 0.000000 0 
1002720.000000 1.230675 1002720.000000 1.230675 0.989405 0.195011 0.307669 0.000000 0 
998880.000000 1.292133 998880.000000 1.292133 0.997379 0.192946 0.323033 0.000000 0 
1759920.000000 0.825969 1759920.000000 0.825969 0.977415 0.602108 0.206492 0.000000 0 
1079040.000000 1.099524 1079040.000000 1.099524 0.999443 0.236043 0.274881 0.000000 0 
1034160.000000 1.208695 1034160.000000 1.208695 0.984467 0.211914 0.302174 0.000000 0 
1353360.000000 0.895030 1353360.000000 0.895030 0.997031 0.383527 0.223757 0.000000 0 
1175760.000000 0.974057 1175760.000000 0.974057 0.997366 0.288043 0.243514 0.000000 0 
1700640.000000 0.832244 1700640.000000 0.832244 0.991615 0.570237 0.208061 0.000000 0 
1111920.000000 1.019527 1111920.000000 1.019527 0.995319 0.253720 0.254882 0.000000 0 
1301520.000000 0.899998 1301520.000000 0.899998 0.998627 0.355656 0.225000 0.000000 0 
1162800.000000 1.002407 1162800.000000 1.002407 0.985640 0.281075 0.250602 0.000000 0 
980400.000000 1.474133 980400.000000 1.474133 0.991913 0.183011 0.368533 0.000000 0 
1041120.000000 1.169322 1041120.000000 1.169322 0.996695 0.215656 0.292330 0.000000 0 
1503840.000000 0.854340 1503840.000000 0.854340 0.994575 0.464430 0.213585 0.000000 0 
1049040.000000 1.151722 1049040.000000 1.151722 0.999744 0.219914 0.287930 0.000000 0 
1144080.000000 1.009150 1144080.000000 1.009150 0.997084 0.271011 0.252288 0.000000 0 
1108080.000000 1.058500 1108080.000000 1.058500 0.994834 0.251656 0.264625 0.000000 0 
1118640.000000 1.014997 1118640.000000 1.014997 0.991322 0.257333 0.253749 0.000000 0 
1734240.000000 0.829995 1734240.000000 0.829995 0.975496 0.588301 0.207499 0.000000 0 
1050000.000000 1.125925 1050000.000000 1.125925 0.995340 0.220430 0.281481 0.000000 0 
1538880.000000 0.851046 1538880.000000 0.851046 0.989660 0.483269 0.212761 0.000000 0 
1538880.000000 0.851046 1538880.000000 0.851046 0.989660 0.483269 0.212761 0.000000 0 
1371840.000000 0.887477 1371840.000000 0.887477 0.987369 0.393462 0.221869 0.000000 0 
1088160.000000 1.076357 1088160.000000 1.076357 0.996681 0.240946 0.269089 0.000000 0 
1296960.000000 0.918295 1296960.000000 0.918295 0.999704 0.353204 0.229574 0.000000 0 
1479600.000000 0.861111 1479600.000000 0.861111 0.987566 0.451398 0.215278 0.000000 0 
1076160.000000 1.125192 1076160.000000 1.125192 0.996019 0.234495 0.281298 0.000000 0 
1740000.000000 0.829938 1740000.000000 0.829938 0.982600 0.591398 0.207485 0.000000 0 
1460160.000000 0.863481 1460160.000000 0.863481 0.996281 0.440946 0.215870 0.000000 0 
1384320.000000 0.887199 1384320.000000 0.887199 0.991501 0.400172 0.221800 0.000000 0 
1420320.000000 0.875655 1420320.000000 0.875655 0.989788 0.419527 0.218914 0.000000 0 
1435200.000000 0.873631 1435200.000000 0.873631 0.997478 0.427527 0.218408 0.000000 0 
1041840.000000 1.165777 1041840.000000 1.165777 0.986525 0.216043 0.291444 0.000000 0 
1274160.000000 0.929070 1274160.000000 0.929070 0.999522 0.340946 0.232268 0.000000 0 
1353600.000000 0.890464 1353600.000000 0.890464 0.985826 0.383656 0.222616 0.000000 0 
1283520.000000 0.925849 1283520.000000 0.925849 0.999571 0.345978 0.231462 0.000000 0 
1157760.000000 1.008588 1157760.000000 1.008588 0.997727 0.278366 0.252147 0.000000 0 
1264320.000000 0.932882 1264320.000000 0.932882 0.991296 0.335656 0.233221 0.000000 0 
985920.000000 1.407888 985920.000000 1.407888 0.999109 0.185978 0.351972 0.000000 0 
1301520.000000 0.899998 1301520.000000 0.899998 0.998627 0.355656 0.225000 0.000000 0 
1759920.000000 0.825969 1759920.000000 0.825969 0.977415 0.602108 0.206492 0.000000 0 
1243680.000000 0.941597 1243680.000000 0.941597 0.985392 0.324559 0.235399 0.000000 0 
1290480.000000 0.919751 1290480.000000 0.919751 0.999743 0.349720 0.229938 0.000000 0 
1222080.000000 0.946760 1222080.000000 0.946760 0.990904 0.312946 0.236690 0.000000 0 
1062960.000000 1.125865 1062960.000000 1.125865 0.999443 0.227398 0.281466 0.000000 0 
1201440.000000 0.962298 1201440.000000 0.962298 0.995443 0.301849 0.240574 0.000000 0 
1010640.000000 1.221277 1010640.000000 1.221277 0.989590 0.199269 0.305319 0.000000 0 
1254480.000000 0.934350 1254480.000000 0.934350 0.997059 0.330366 0.233587 0.000000 0 
1416000.000000 0.881741 1416000.000000 0.881741 0.990629 0.417204 0.220435 0.000000 0 
1490880.000000 0.855419 1490880.000000 0.855419 0.990522 0.457462 0.213855 0.000000 0 
1026720.000000 1.214111 1026720.000000 1.214111 0.997492 0.207914 0.303528 0.000000 0 
1106640.000000 1.069976 1106640.000000 1.069976 0.995883 0.250882 0.267494 0.000000 0 
1252800.000000 0.940605 1252800.000000 0.940605 0.999704 0.329462 0.235151 0.000000 0 
1207920.000000 0.954023 1207920.000000 0.954023 0.997551 0.305333 0.238506 0.000000 0 
1191120.000000 0.971418 1191120.000000 0.971418 0.997713 0.296301 0.242855 0.000000 0 
1007760.000000 1.230626 1007760.000000 1.230626 0.999959 0.197720 0.307657 0.000000 0 
1407840.000000 0.882441 1407840.000000 0.882441 0.991387 0.412817 0.220610 0.000000 0 
1397520.000000 0.884746 1397520.000000 0.884746 0.981659 0.407269 0.221186 0.000000 0 
1235040.000000 0.944920 1235040.000000 0.944920 0.993993 0.319914 0.236230 0.000000 0 
1104720.000000 1.073010 1104720.000000 1.073010 0.999466 0.249849 0.268252 0.000000 0 
1016880.000000 1.220529 1016880.000000 1.220529 0.989044 0.202624 0.305132 0.000000 0 
1108080.000000 1.058500 1108080.000000 1.058500 0.994834 0.251656 0.264625 0.000000 0 
1218480.000000 0.952887 1218480.000000 0.952887 0.997891 0.311011 0.238222 0.000000 0 
1444080.000000 0.871979 1444080.000000 0.871979 0.999123 0.432301 0.217995 0.000000 0 
998880.000000 1.292133 998880.000000 1.292133 0.997379 0.192946 0.323033 0.000000 0 
1457280.000000 0.867950 1457280.000000 0.867950 0.995966 0.439398 0.216988 0.000000 0 
1235040.000000 0.944920 1235040.000000 0.944920 0.993993 0.319914 0.236230 0.000000 0 
1400640.000000 0.883199 1400640.000000 0.883199 0.989911 0.408946 0.220800 0.000000 0 
1487040.000000 0.859894 1487040.000000 0.859894 0.987297 0.455398 0.214974 0.000000 0 
1209840.000000 0.952969 1209840.000000 0.952969 0.997732 0.306366 0.238242 0.000000 0 
1444800.000000 0.870770 1444800.000000 0.870770 0.997232 0.432688 0.217692 0.000000 0 
1454160.000000 0.870475 1454160.000000 0.870475 0.999558 0.437720 0.217619 0.000000 0 
1096800.000000 1.074567 1096800.000000 1.074567 0.998333 0.245591 0.268642 0.000000 0 
1088160.000000 1.076357 1088160.000000 1.076357 0.996681 0.240946 0.269089 0.000000 0 
1020000.000000 1.216462 1020000.000000 1.216462 0.989812 0.204301 0.304115 0.000000 0 
1195440.000000 0.969990 1195440.000000 0.969990 0.993928 0.298624 0.242498 0.000000 0 
1220400.000000 0.950989 1220400.000000 0.950989 0.994450 0.312043 0.237747 0.000000 0 
1199280.000000 0.964895 1199280.000000 0.964895 0.997027 0.300688 0.241224 0.000000 0 
1096800.000000 1.074567 1096800.000000 1.074567 0.998333 0.245591 0.268642 0.000000 0 
1197600.000000 0.967907 1197600.000000 0.967907 0.998802 0.299785 0.241977 0.000000 0 
1021440.000000 1.215026 1021440.000000 1.215026 0.999078 0.205075 0.303757 0.000000 0 
1488240.000000 0.858173 1488240.000000 0.858173 0.998107 0.456043 0.214543 0.000000 0 
1069680.000000 1.125243 1069680.000000 1.125243 0.999415 0.231011 0.281311 0.000000 0 
1069680.000000 1.125243 1069680.000000 1.125243 0.999415 0.231011 0.281311 0.000000 0 
1076160.000000 1.125192 1076160.000000 1.125192 0.996019 0.234495 0.281298 0.000000 0 
1191120.000000 0.971418 1191120.000000 0.971418 0.997713 0.296301 0.242855 0.000000 0 
1455120.000000 0.870310 1455120.000000 0.870310 0.998954 0.438237 0.217577 0.000000 0 
1002720.000000 1.230675 1002720.000000 1.230675 0.989405 0.195011 0.307669 0.000000 0 
#Generacion: 1000 
#Distancia: 330.131818 
1973520.000000 0.809437 1973520.000000 0.809437 0.969990 0.716946 0.202359 0.000000 0 
948720.000000 1.585099 948720.000000 1.585099 0.994759 0.165978 0.396275 0.000000 0 
960000.000000 1.403408 960000.000000 1.403408 0.995711 0.172043 0.350852 0.000000 0 
953760.000000 1.581690 953760.000000 1.581690 0.994457 0.168688 0.395423 0.000000 0 
1875840.000000 0.814432 1875840.000000 0.814432 0.968436 0.664430 0.203608 0.000000 0 
1025760.000000 1.161522 1025760.000000 1.161522 0.996641 0.207398 0.290380 0.000000 0 
974640.000000 1.309298 974640.000000 1.309298 0.999304 0.179914 0.327324 0.000000 0 
973920.000000 1.369621 973920.000000 1.369621 0.999090 0.179527 0.342405 0.000000 0 
1072320.000000 1.100109 1072320.000000 1.100109 0.994097 0.232430 0.275027 0.000000 0 
1684080.000000 0.828522 1684080.000000 0.828522 0.967159 0.561333 0.207130 0.000000 0 
1024320.000000 1.203957 1024320.000000 1.203957 0.996210 0.206624 0.300989 0.000000 0 
1074960.000000 1.049380 1074960.000000 1.049380 0.997611 0.233849 0.262345 0.000000 0 
1037280.000000 1.124548 1037280.000000 1.124548 0.993769 0.213591 0.281137 0.000000 0 
1147440.000000 0.987045 1147440.000000 0.987045 0.990394 0.272817 0.246761 0.000000 0 
992400.000000 1.269560 992400.000000 1.269560 0.992419 0.189462 0.317390 0.000000 0 
1746240.000000 0.827186 1746240.000000 0.827186 0.985057 0.594753 0.206797 0.000000 0 
1641360.000000 0.833652 1641360.000000 0.833652 0.980246 0.538366 0.208413 0.000000 0 
1819440.000000 0.819986 1819440.000000 0.819986 0.990107 0.634108 0.204997 0.000000 0 
1778880.000000 0.820110 1778880.000000 0.820110 0.999829 0.612301 0.205027 0.000000 0 
987120.000000 1.285310 987120.000000 1.285310 0.999837 0.186624 0.321327 0.000000 0 
992640.000000 1.230304 992640.000000 1.230304 0.991921 0.189591 0.307576 0.000000 0 
1847280.000000 0.817703 1847280.000000 0.817703 0.998247 0.649075 0.204426 0.000000 0 
1561920.000000 0.842368 1561920.000000 0.842368 0.987497 0.495656 0.210592 0.000000 0 
1503120.000000 0.850901 1503120.000000 0.850901 0.999961 0.464043 0.212725 0.000000 0 
1383840.000000 0.875256 1383840.000000 0.875256 0.992621 0.399914 0.218814 0.000000 0 
984240.000000 1.306882 984240.000000 1.306882 0.996793 0.185075 0.326721 0.000000 0 
1705920.000000 0.827644 1705920.000000 0.827644 0.997825 0.573075 0.206911 0.000000 0 
1085760.000000 1.036400 1085760.000000 1.036400 0.994445 0.239656 0.259100 0.000000 0 
1133760.000000 1.003219 1133760.000000 1.003219 0.992521 0.265462 0.250805 0.000000 0 
1199760.000000 0.949717 1199760.000000 0.949717 0.983130 0.300946 0.237429 0.000000 0 
1269360.000000 0.906535 1269360.000000 0.906535 0.997687 0.338366 0.226634 0.000000 0 
1591680.000000 0.840515 1591680.000000 0.840515 0.989476 0.511656 0.210129 0.000000 0 
967920.000000 1.380014 967920.000000 1.380014 0.997492 0.176301 0.345004 0.000000 0 
1164960.000000 0.964082 1164960.000000 0.964082 0.981819 0.282237 0.241020 0.000000 0 
1482240.000000 0.855070 1482240.000000 0.855070 0.995975 0.452817 0.213768 0.000000 0 
1183200.000000 0.954937 1183200.000000 0.954937 0.991653 0.292043 0.238734 0.000000 0 
1518480.000000 0.846818 1518480.000000 0.846818 0.968356 0.472301 0.211705 0.000000 0 
1544640.000000 0.842623 1544640.000000 0.842623 0.992256 0.486366 0.210656 0.000000 0 
1097280.000000 1.035349 1097280.000000 1.035349 0.999773 0.245849 0.258837 0.000000 0 
1288560.000000 0.902432 1288560.000000 0.902432 0.999530 0.348688 0.225608 0.000000 0 
1241760.000000 0.913541 1241760.000000 0.913541 0.996147 0.323527 0.228385 0.000000 0 
1531440.000000 0.845704 1531440.000000 0.845704 0.989914 0.479269 0.211426 0.000000 0 
1405920.000000 0.875250 1405920.000000 0.875250 0.994894 0.411785 0.218812 0.000000 0 
1369200.000000 0.881335 1369200.000000 0.881335 0.984543 0.392043 0.220334 0.000000 0 
1831440.000000 0.818794 1831440.000000 0.818794 0.970554 0.640559 0.204698 0.000000 0 
1062480.000000 1.102721 1062480.000000 1.102721 0.998279 0.227140 0.275680 0.000000 0 
1006320.000000 1.227640 1006320.000000 1.227640 0.989233 0.196946 0.306910 0.000000 0 
1349520.000000 0.887693 1349520.000000 0.887693 0.997444 0.381462 0.221923 0.000000 0 
1173360.000000 0.956924 1173360.000000 0.956924 0.990294 0.286753 0.239231 0.000000 0 
1301520.000000 0.899998 1301520.000000 0.899998 0.998627 0.355656 0.225000 0.000000 0 
1324560.000000 0.899235 1324560.000000 0.899235 0.997668 0.368043 0.224809 0.000000 0 
1054560.000000 1.118890 1054560.000000 1.118890 0.999025 0.222882 0.279722 0.000000 0 
1098480.000000 1.019657 1098480.000000 1.019657 0.998510 0.246495 0.254914 0.000000 0 
1759920.000000 0.825969 1759920.000000 0.825969 0.977415 0.602108 0.206492 0.000000 0 
1152960.000000 0.972638 1152960.000000 0.972638 0.999756 0.275785 0.243159 0.000000 0 
1220640.000000 0.932750 1220640.000000 0.932750 0.991497 0.312172 0.233187 0.000000 0 
1364880.000000 0.884401 1364880.000000 0.884401 0.999300 0.389720 0.221100 0.000000 0 
1074960.000000 1.049380 1074960.000000 1.049380 0.997611 0.233849 0.262345 0.000000 0 
1769280.000000 0.822945 1769280.000000 0.822945 0.985456 0.607140 0.205736 0.000000 0 
1627440.000000 0.835581 1627440.000000 0.835581 0.988067 0.530882 0.208895 0.000000 0 
1460160.000000 0.863481 1460160.000000 0.863481 0.996281 0.440946 0.215870 0.000000 0 
1214160.000000 0.941059 1214160.000000 0.941059 0.979152 0.308688 0.235265 0.000000 0 
988080.000000 1.269815 988080.000000 1.269815 0.992284 0.187140 0.317454 0.000000 0 
1613760.000000 0.836815 1613760.000000 0.836815 0.988555 0.523527 0.209204 0.000000 0 
1209120.000000 0.944005 1209120.000000 0.944005 0.993980 0.305978 0.236001 0.000000 0 
1444320.000000 0.864046 1444320.000000 0.864046 0.995959 0.432430 0.216011 0.000000 0 
1024080.000000 1.213014 1024080.000000 1.213014 0.984394 0.206495 0.303254 0.000000 0 
1230720.000000 0.932300 1230720.000000 0.932300 0.987605 0.317591 0.233075 0.000000 0 
1040160.000000 1.121395 1040160.000000 1.121395 0.997105 0.215140 0.280349 0.000000 0 
1125360.000000 1.009353 1125360.000000 1.009353 0.999329 0.260946 0.252338 0.000000 0 
1421040.000000 0.873416 1421040.000000 0.873416 0.984378 0.419914 0.218354 0.000000 0 
1339200.000000 0.892237 1339200.000000 0.892237 0.999404 0.375914 0.223059 0.000000 0 
1007520.000000 1.218546 1007520.000000 1.218546 0.989838 0.197591 0.304636 0.000000 0 
1328880.000000 0.898525 1328880.000000 0.898525 0.995492 0.370366 0.224631 0.000000 0 
1015920.000000 1.216668 1015920.000000 1.216668 0.988423 0.202108 0.304167 0.000000 0 
1154400.000000 0.970720 1154400.000000 0.970720 0.990712 0.276559 0.242680 0.000000 0 
1469760.000000 0.858898 1469760.000000 0.858898 0.991255 0.446108 0.214725 0.000000 0 
1705920.000000 0.827644 1705920.000000 0.827644 0.997825 0.573075 0.206911 0.000000 0 
1254000.000000 0.909940 1254000.000000 0.909940 0.999671 0.330108 0.227485 0.000000 0 
1240560.000000 0.925072 1240560.000000 0.925072 0.999361 0.322882 0.231268 0.000000 0 
1111920.000000 1.009673 1111920.000000 1.009673 0.998191 0.253720 0.252418 0.000000 0 
1103760.000000 1.018129 1103760.000000 1.018129 0.995897 0.249333 0.254532 0.000000 0 
1607760.000000 0.840321 1607760.000000 0.840321 0.980701 0.520301 0.210080 0.000000 0 
1256880.000000 0.908478 1256880.000000 0.908478 0.997330 0.331656 0.227119 0.000000 0 
971760.000000 1.370597 971760.000000 1.370597 0.998077 0.178366 0.342649 0.000000 0 
1426320.000000 0.865163 1426320.000000 0.865163 0.998714 0.422753 0.216291 0.000000 0 
1237680.000000 0.926692 1237680.000000 0.926692 0.986721 0.321333 0.231673 0.000000 0 
1111440.000000 1.014265 1111440.000000 1.014265 0.997849 0.253462 0.253566 0.000000 0 
1054560.000000 1.118890 1054560.000000 1.118890 0.999025 0.222882 0.279722 0.000000 0 
1412880.000000 0.873547 1412880.000000 0.873547 0.997283 0.415527 0.218387 0.000000 0 
1474560.000000 0.856809 1474560.000000 0.856809 0.986074 0.448688 0.214202 0.000000 0 
992640.000000 1.230304 992640.000000 1.230304 0.991921 0.189591 0.307576 0.000000 0 
1450080.000000 0.864028 1450080.000000 0.864028 0.992945 0.435527 0.216007 0.000000 0 
1131360.000000 1.005724 1131360.000000 1.005724 0.996022 0.264172 0.251431 0.000000 0 
1636320.000000 0.833780 1636320.000000 0.833780 0.969135 0.535656 0.208445 0.000000 0 
1598400.000000 0.840368 1598400.000000 0.840368 0.960775 0.515269 0.210092 0.000000 0 
1344240.000000 0.891789 1344240.000000 0.891789 0.998883 0.378624 0.222947 0.000000 0 
967920.000000 1.380014 967920.000000 1.380014 0.997492 0.176301 0.345004 0.000000 0 
1426320.000000 0.865163 1426320.000000 0.865163 0.998714 0.422753 0.216291 0.000000 0 
1298160.000000 0.901977 1298160.000000 0.901977 0.999850 0.353849 0.225494 0.000000 0 
#Generacion: 1500 
#Distancia: 354.532020 
1904160.000000 0.807343 1904160.000000 0.807343 0.990780 0.679656 0.201836 0.000000 0 
932599.741209 681.302286 931920.000000 1.561077 1.000068 0.157312 170.325571 679.741209 0 
942960.000000 1.586077 942960.000000 1.586077 0.996027 0.162882 0.396519 0.000000 0 
1607760.000000 0.834297 1607760.000000 0.834297 0.992023 0.520301 0.208574 0.000000 0 
1552800.000000 0.836110 1552800.000000 0.836110 0.993443 0.490753 0.209027 0.000000 0 
1735440.000000 0.820800 1735440.000000 0.820800 0.987111 0.588946 0.205200 0.000000 0 
1778880.000000 0.820110 1778880.000000 0.820110 0.999829 0.612301 0.205027 0.000000 0 
1815840.000000 0.817644 1815840.000000 0.817644 0.995187 0.632172 0.204411 0.000000 0 
1716240.000000 0.821341 1716240.000000 0.821341 0.990014 0.578624 0.205335 0.000000 0 
1301280.000000 0.885301 1301280.000000 0.885301 0.999076 0.355527 0.221325 0.000000 0 
1865040.000000 0.812079 1865040.000000 0.812079 0.982542 0.658624 0.203020 0.000000 0 
1883040.000000 0.808656 1883040.000000 0.808656 0.991327 0.668301 0.202164 0.000000 0 
1473120.000000 0.851749 1473120.000000 0.851749 0.984158 0.447914 0.212937 0.000000 0 
1508880.000000 0.847263 1508880.000000 0.847263 0.989780 0.467140 0.211816 0.000000 0 
1694160.000000 0.823459 1694160.000000 0.823459 0.987979 0.566753 0.205865 0.000000 0 
1791120.000000 0.817856 1791120.000000 0.817856 0.976589 0.618882 0.204464 0.000000 0 
1442880.000000 0.857485 1442880.000000 0.857485 0.987931 0.431656 0.214371 0.000000 0 
1481040.000000 0.850165 1481040.000000 0.850165 0.979109 0.452172 0.212541 0.000000 0 
1626960.000000 0.833713 1626960.000000 0.833713 0.985665 0.530624 0.208428 0.000000 0 
1641360.000000 0.833652 1641360.000000 0.833652 0.980246 0.538366 0.208413 0.000000 0 
1655760.000000 0.831733 1655760.000000 0.831733 0.998349 0.546108 0.207933 0.000000 0 
1072800.000000 1.030189 1072800.000000 1.030189 0.998417 0.232688 0.257547 0.000000 0 
1842480.000000 0.815830 1842480.000000 0.815830 0.993778 0.646495 0.203958 0.000000 0 
1327920.000000 0.883801 1327920.000000 0.883801 0.998476 0.369849 0.220950 0.000000 0 
1369200.000000 0.881335 1369200.000000 0.881335 0.984543 0.392043 0.220334 0.000000 0 
1089840.000000 1.022899 1089840.000000 1.022899 0.989671 0.241849 0.255725 0.000000 0 
1679040.000000 0.827192 1679040.000000 0.827192 0.998054 0.558624 0.206798 0.000000 0 
1353840.000000 0.882232 1353840.000000 0.882232 0.998817 0.383785 0.220558 0.000000 0 
1669440.000000 0.829451 1669440.000000 0.829451 0.998617 0.553462 0.207363 0.000000 0 
1262400.000000 0.906922 1262400.000000 0.906922 0.997777 0.334624 0.226731 0.000000 0 
1842960.000000 0.812853 1842960.000000 0.812853 0.998513 0.646753 0.203213 0.000000 0 
1240560.000000 0.907579 1240560.000000 0.907579 0.997319 0.322882 0.226895 0.000000 0 
1042080.000000 1.053008 1042080.000000 1.053008 0.994944 0.216172 0.263252 0.000000 0 
1130880.000000 0.978154 1130880.000000 0.978154 0.996744 0.263914 0.244539 0.000000 0 
1214160.000000 0.933380 1214160.000000 0.933380 0.983157 0.308688 0.233345 0.000000 0 
1345200.000000 0.882909 1345200.000000 0.882909 0.990802 0.379140 0.220727 0.000000 0 
1544640.000000 0.842623 1544640.000000 0.842623 0.992256 0.486366 0.210656 0.000000 0 
1426320.000000 0.865163 1426320.000000 0.865163 0.998714 0.422753 0.216291 0.000000 0 
1058640.000000 1.051478 1058640.000000 1.051478 0.999433 0.225075 0.262870 0.000000 0 
1395840.000000 0.874461 1395840.000000 0.874461 0.995999 0.406366 0.218615 0.000000 0 
1177440.000000 0.947101 1177440.000000 0.947101 0.986688 0.288946 0.236775 0.000000 0 
1195680.000000 0.937874 1195680.000000 0.937874 0.998613 0.298753 0.234469 0.000000 0 
1186320.000000 0.943552 1186320.000000 0.943552 0.999474 0.293720 0.235888 0.000000 0 
1155120.000000 0.951449 1155120.000000 0.951449 0.994955 0.276946 0.237862 0.000000 0 
1232640.000000 0.911995 1232640.000000 0.911995 0.999104 0.318624 0.227999 0.000000 0 
1332960.000000 0.883505 1332960.000000 0.883505 0.997605 0.372559 0.220876 0.000000 0 
1436400.000000 0.864673 1436400.000000 0.864673 0.992019 0.428172 0.216168 0.000000 0 
1403280.000000 0.873985 1403280.000000 0.873985 0.992893 0.410366 0.218496 0.000000 0 
988800.000000 1.230800 988800.000000 1.230800 0.997604 0.187527 0.307700 0.000000 0 
1223280.000000 0.923261 1223280.000000 0.923261 0.995076 0.313591 0.230815 0.000000 0 
1383840.000000 0.875256 1383840.000000 0.875256 0.992621 0.399914 0.218814 0.000000 0 
1379760.000000 0.875748 1379760.000000 0.875748 0.994525 0.397720 0.218937 0.000000 0 
1287600.000000 0.888975 1287600.000000 0.888975 0.997536 0.348172 0.222244 0.000000 0 
974880.000000 1.243381 974880.000000 1.243381 0.996701 0.180043 0.310845 0.000000 0 
1532160.000000 0.845572 1532160.000000 0.845572 0.989484 0.479656 0.211393 0.000000 0 
1062240.000000 1.035289 1062240.000000 1.035289 0.993572 0.227011 0.258822 0.000000 0 
999360.000000 1.219103 999360.000000 1.219103 0.997006 0.193204 0.304776 0.000000 0 
1029600.000000 1.124757 1029600.000000 1.124757 0.996777 0.209462 0.281189 0.000000 0 
1416000.000000 0.870627 1416000.000000 0.870627 0.998058 0.417204 0.217657 0.000000 0 
1007280.000000 1.209142 1007280.000000 1.209142 0.992064 0.197462 0.302285 0.000000 0 
1530240.000000 0.846289 1530240.000000 0.846289 0.998017 0.478624 0.211572 0.000000 0 
1412400.000000 0.873258 1412400.000000 0.873258 0.996061 0.415269 0.218315 0.000000 0 
1167360.000000 0.949437 1167360.000000 0.949437 0.999450 0.283527 0.237359 0.000000 0 
1164720.000000 0.950352 1164720.000000 0.950352 0.997661 0.282108 0.237588 0.000000 0 
1018800.000000 1.180750 1018800.000000 1.180750 0.998369 0.203656 0.295188 0.000000 0 
1518480.000000 0.846818 1518480.000000 0.846818 0.968356 0.472301 0.211705 0.000000 0 
1277040.000000 0.899047 1277040.000000 0.899047 0.998281 0.342495 0.224762 0.000000 0 
1269360.000000 0.906535 1269360.000000 0.906535 0.997687 0.338366 0.226634 0.000000 0 
1019280.000000 1.125419 1019280.000000 1.125419 0.993417 0.203914 0.281355 0.000000 0 
1141680.000000 0.956144 1141680.000000 0.956144 0.997345 0.269720 0.239036 0.000000 0 
949920.000000 1.338304 949920.000000 1.338304 0.990315 0.166624 0.334576 0.000000 0 
954960.000000 1.304131 954960.000000 1.304131 0.990771 0.169333 0.326033 0.000000 0 
960480.000000 1.288877 960480.000000 1.288877 0.991380 0.172301 0.322219 0.000000 0 
990960.000000 1.223640 990960.000000 1.223640 0.995518 0.188688 0.305910 0.000000 0 
1286640.000000 0.889331 1286640.000000 0.889331 0.999594 0.347656 0.222333 0.000000 0 
1097520.000000 1.019410 1097520.000000 1.019410 0.999318 0.245978 0.254852 0.000000 0 
1120800.000000 0.997789 1120800.000000 0.997789 0.998411 0.258495 0.249447 0.000000 0 
1116960.000000 1.008443 1116960.000000 1.008443 0.996644 0.256430 0.252111 0.000000 0 
1105440.000000 1.013528 1105440.000000 1.013528 0.997167 0.250237 0.253382 0.000000 0 
1518480.000000 0.846818 1518480.000000 0.846818 0.968356 0.472301 0.211705 0.000000 0 
974400.000000 1.276790 974400.000000 1.276790 0.998213 0.179785 0.319198 0.000000 0 
1195680.000000 0.937874 1195680.000000 0.937874 0.998613 0.298753 0.234469 0.000000 0 
1216560.000000 0.923726 1216560.000000 0.923726 0.995131 0.309978 0.230931 0.000000 0 
965520.000000 1.282728 965520.000000 1.282728 0.995398 0.175011 0.320682 0.000000 0 
1146480.000000 0.951535 1146480.000000 0.951535 0.993584 0.272301 0.237884 0.000000 0 
1005120.000000 1.217956 1005120.000000 1.217956 0.996137 0.196301 0.304489 0.000000 0 
1100160.000000 1.013875 1100160.000000 1.013875 0.999159 0.247398 0.253469 0.000000 0 
1240560.000000 0.907579 1240560.000000 0.907579 0.997319 0.322882 0.226895 0.000000 0 
1275120.000000 0.904940 1275120.000000 0.904940 0.992849 0.341462 0.226235 0.000000 0 
944640.000000 1.560448 944640.000000 1.560448 0.999832 0.163785 0.390112 0.000000 0 
1111200.000000 1.009936 1111200.000000 1.009936 0.997158 0.253333 0.252484 0.000000 0 
1037280.000000 1.106857 1037280.000000 1.106857 0.997156 0.213591 0.276714 0.000000 0 
1263600.000000 0.906634 1263600.000000 0.906634 0.999545 0.335269 0.226658 0.000000 0 
1109760.000000 1.010226 1109760.000000 1.010226 0.994047 0.252559 0.252556 0.000000 0 
1033440.000000 1.122043 1033440.000000 1.122043 0.991468 0.211527 0.280511 0.000000 0 
965520.000000 1.282728 965520.000000 1.282728 0.995398 0.175011 0.320682 0.000000 0 
1327920.000000 0.883801 1327920.000000 0.883801 0.998476 0.369849 0.220950 0.000000 0 
1146480.000000 0.951535 1146480.000000 0.951535 0.993584 0.272301 0.237884 0.000000 0 
1141680.000000 0.956144 1141680.000000 0.956144 0.997345 0.269720 0.239036 0.000000 0 
1035120.000000 1.121472 1035120.000000 1.121472 0.997840 0.212430 0.280368 0.000000 0 
#Generacion: 2000 
#Distancia: 347.867778 
898320.000000 1.878359 898320.000000 1.878359 0.999208 0.138882 0.469590 0.000000 0 
1944960.000000 0.806552 1944960.000000 0.806552 0.969300 0.701591 0.201638 0.000000 0 
898320.000000 1.878359 898320.000000 1.878359 0.999208 0.138882 0.469590 0.000000 0 
907680.000000 1.702471 907680.000000 1.702471 0.999579 0.143914 0.425618 0.000000 0 
911040.000000 1.565895 911040.000000 1.565895 0.993513 0.145720 0.391474 0.000000 0 
935280.000000 1.377211 935280.000000 1.377211 0.988940 0.158753 0.344303 0.000000 0 
1407120.000000 0.861367 1407120.000000 0.861367 0.997363 0.412430 0.215342 0.000000 0 
933600.000000 1.458808 933600.000000 1.458808 0.992213 0.157849 0.364702 0.000000 0 
994320.000000 1.152683 994320.000000 1.152683 0.997432 0.190495 0.288171 0.000000 0 
1362720.000000 0.862161 1362720.000000 0.862161 0.992433 0.388559 0.215540 0.000000 0 
973440.000000 1.205848 973440.000000 1.205848 0.996242 0.179269 0.301462 0.000000 0 
924960.000000 1.461019 924960.000000 1.461019 0.992209 0.153204 0.365255 0.000000 0 
984960.000000 1.205043 984960.000000 1.205043 0.987309 0.185462 0.301261 0.000000 0 
971280.000000 1.268059 971280.000000 1.268059 0.992684 0.178108 0.317015 0.000000 0 
921840.000000 1.524780 921840.000000 1.524780 0.994054 0.151527 0.381195 0.000000 0 
1796640.000000 0.810387 1796640.000000 0.810387 0.997907 0.621849 0.202597 0.000000 0 
1694160.000000 0.823459 1694160.000000 0.823459 0.987979 0.566753 0.205865 0.000000 0 
1442880.000000 0.857485 1442880.000000 0.857485 0.987931 0.431656 0.214371 0.000000 0 
941520.000000 1.363961 941520.000000 1.363961 0.992652 0.162108 0.340990 0.000000 0 
1657440.000000 0.826133 1657440.000000 0.826133 0.992970 0.547011 0.206533 0.000000 0 
1518240.000000 0.840743 1518240.000000 0.840743 0.984726 0.472172 0.210186 0.000000 0 
1552800.000000 0.836110 1552800.000000 0.836110 0.993443 0.490753 0.209027 0.000000 0 
1847520.000000 0.809566 1847520.000000 0.809566 0.995975 0.649204 0.202392 0.000000 0 
946080.000000 1.327399 946080.000000 1.327399 0.995236 0.164559 0.331850 0.000000 0 
921840.000000 1.524780 921840.000000 1.524780 0.994054 0.151527 0.381195 0.000000 0 
1338960.000000 0.870328 1338960.000000 0.870328 0.993091 0.375785 0.217582 0.000000 0 
1038720.000000 1.054814 1038720.000000 1.054814 0.997851 0.214366 0.263703 0.000000 0 
1638720.000000 0.826482 1638720.000000 0.826482 0.976156 0.536946 0.206620 0.000000 0 
954720.000000 1.287134 954720.000000 1.287134 0.991377 0.169204 0.321783 0.000000 0 
1614960.000000 0.829752 1614960.000000 0.829752 0.998304 0.524172 0.207438 0.000000 0 
1716240.000000 0.821341 1716240.000000 0.821341 0.990014 0.578624 0.205335 0.000000 0 
1210080.000000 0.919811 1210080.000000 0.919811 0.993656 0.306495 0.229953 0.000000 0 
1232640.000000 0.911995 1232640.000000 0.911995 0.999104 0.318624 0.227999 0.000000 0 
1917360.000000 0.806848 1917360.000000 0.806848 0.961670 0.686753 0.201712 0.000000 0 
1599120.000000 0.831203 1599120.000000 0.831203 0.971140 0.515656 0.207801 0.000000 0 
953280.000000 1.318001 953280.000000 1.318001 0.990036 0.168430 0.329500 0.000000 0 
1578240.000000 0.832635 1578240.000000 0.832635 0.997093 0.504430 0.208159 0.000000 0 
1028640.000000 1.099747 1028640.000000 1.099747 0.986690 0.208946 0.274937 0.000000 0 
1871520.000000 0.809004 1871520.000000 0.809004 0.988114 0.662108 0.202251 0.000000 0 
1904160.000000 0.807343 1904160.000000 0.807343 0.990780 0.679656 0.201836 0.000000 0 
1460880.000000 0.851881 1460880.000000 0.851881 0.998055 0.441333 0.212970 0.000000 0 
1742880.000000 0.819653 1742880.000000 0.819653 0.997687 0.592946 0.204913 0.000000 0 
1036320.000000 1.088412 1036320.000000 1.088412 0.998457 0.213075 0.272103 0.000000 0 
1019280.000000 1.125419 1019280.000000 1.125419 0.993417 0.203914 0.281355 0.000000 0 
1883040.000000 0.808656 1883040.000000 0.808656 0.991327 0.668301 0.202164 0.000000 0 
1769520.000000 0.819431 1769520.000000 0.819431 0.997427 0.607269 0.204858 0.000000 0 
1326480.000000 0.876944 1326480.000000 0.876944 0.999769 0.369075 0.219236 0.000000 0 
1133040.000000 0.957774 1133040.000000 0.957774 0.997000 0.265075 0.239444 0.000000 0 
1005600.000000 1.143581 1005600.000000 1.143581 0.988387 0.196559 0.285895 0.000000 0 
1007520.000000 1.133493 1007520.000000 1.133493 0.999978 0.197591 0.283373 0.000000 0 
1174560.000000 0.939266 1174560.000000 0.939266 0.998394 0.287398 0.234816 0.000000 0 
1130880.000000 0.978154 1130880.000000 0.978154 0.996744 0.263914 0.244539 0.000000 0 
1481040.000000 0.850165 1481040.000000 0.850165 0.979109 0.452172 0.212541 0.000000 0 
1500000.000000 0.848630 1500000.000000 0.848630 0.990543 0.462366 0.212157 0.000000 0 
1788480.000000 0.815523 1788480.000000 0.815523 0.987583 0.617462 0.203881 0.000000 0 
1563840.000000 0.832756 1563840.000000 0.832756 0.995715 0.496688 0.208189 0.000000 0 
1074000.000000 1.023843 1074000.000000 1.023843 0.992800 0.233333 0.255961 0.000000 0 
1735440.000000 0.820800 1735440.000000 0.820800 0.987111 0.588946 0.205200 0.000000 0 
1091520.000000 1.007556 1091520.000000 1.007556 0.994466 0.242753 0.251889 0.000000 0 
1059600.000000 1.034996 1059600.000000 1.034996 0.999186 0.225591 0.258749 0.000000 0 
1119120.000000 0.994974 1119120.000000 0.994974 0.995935 0.257591 0.248744 0.000000 0 
1507920.000000 0.847406 1507920.000000 0.847406 0.987306 0.466624 0.211851 0.000000 0 
1266720.000000 0.891135 1266720.000000 0.891135 0.995435 0.336946 0.222784 0.000000 0 
1068720.000000 1.031442 1068720.000000 1.031442 0.996117 0.230495 0.257860 0.000000 0 
1199280.000000 0.921479 1199280.000000 0.921479 0.997566 0.300688 0.230370 0.000000 0 
1083840.000000 1.017539 1083840.000000 1.017539 0.995553 0.238624 0.254385 0.000000 0 
1847520.000000 0.809566 1847520.000000 0.809566 0.995975 0.649204 0.202392 0.000000 0 
1277280.000000 0.889738 1277280.000000 0.889738 0.996823 0.342624 0.222435 0.000000 0 
1287600.000000 0.888975 1287600.000000 0.888975 0.997536 0.348172 0.222244 0.000000 0 
1773360.000000 0.816216 1773360.000000 0.816216 0.999336 0.609333 0.204054 0.000000 0 
1155120.000000 0.951449 1155120.000000 0.951449 0.994955 0.276946 0.237862 0.000000 0 
1103040.000000 0.999789 1103040.000000 0.999789 0.995438 0.248946 0.249947 0.000000 0 
1160880.000000 0.943365 1160880.000000 0.943365 0.995206 0.280043 0.235841 0.000000 0 
1473120.000000 0.851749 1473120.000000 0.851749 0.984158 0.447914 0.212937 0.000000 0 
1053120.000000 1.043245 1053120.000000 1.043245 0.997598 0.222108 0.260811 0.000000 0 
961680.000000 1.279530 961680.000000 1.279530 0.997294 0.172946 0.319883 0.000000 0 
1105920.000000 0.999523 1105920.000000 0.999523 0.995143 0.250495 0.249881 0.000000 0 
1246560.000000 0.897462 1246560.000000 0.897462 0.999972 0.326108 0.224366 0.000000 0 
1122240.000000 0.988801 1122240.000000 0.988801 0.992316 0.259269 0.247200 0.000000 0 
1019280.000000 1.125419 1019280.000000 1.125419 0.993417 0.203914 0.281355 0.000000 0 
1141680.000000 0.956144 1141680.000000 0.956144 0.997345 0.269720 0.239036 0.000000 0 
1301280.000000 0.885301 1301280.000000 0.885301 0.999076 0.355527 0.221325 0.000000 0 
1311120.000000 0.880955 1311120.000000 0.880955 0.999375 0.360817 0.220239 0.000000 0 
1313760.000000 0.878109 1313760.000000 0.878109 0.992009 0.362237 0.219527 0.000000 0 
1124160.000000 0.979377 1124160.000000 0.979377 0.999372 0.260301 0.244844 0.000000 0 
1240560.000000 0.907579 1240560.000000 0.907579 0.997319 0.322882 0.226895 0.000000 0 
1029360.000000 1.098233 1029360.000000 1.098233 0.996596 0.209333 0.274558 0.000000 0 
1049760.000000 1.051274 1049760.000000 1.051274 0.994530 0.220301 0.262819 0.000000 0 
1146480.000000 0.951535 1146480.000000 0.951535 0.993584 0.272301 0.237884 0.000000 0 
1167600.000000 0.941854 1167600.000000 0.941854 0.998048 0.283656 0.235463 0.000000 0 
1089360.000000 1.014425 1089360.000000 1.014425 0.998447 0.241591 0.253606 0.000000 0 
1298160.000000 0.887684 1298160.000000 0.887684 0.996113 0.353849 0.221921 0.000000 0 
1036320.000000 1.088412 1036320.000000 1.088412 0.998457 0.213075 0.272103 0.000000 0 
948240.000000 1.318499 948240.000000 1.318499 0.991225 0.165720 0.329625 0.000000 0 
964080.000000 1.274654 964080.000000 1.274654 0.993846 0.174237 0.318664 0.000000 0 
1241760.000000 0.901898 1241760.000000 0.901898 0.994376 0.323527 0.225474 0.000000 0 
1256160.000000 0.894116 1256160.000000 0.894116 0.997619 0.331269 0.223529 0.000000 0 
967680.000000 1.269067 967680.000000 1.269067 0.991682 0.176172 0.317267 0.000000 0 
1190640.000000 0.931299 1190640.000000 0.931299 0.995999 0.296043 0.232825 0.000000 0 
987600.000000 1.153686 987600.000000 1.153686 0.998272 0.186882 0.288421 0.000000 0 
#Generacion: 2500 
#Distancia: 351.172323 
1923600.000000 0.804362 1923600.000000 0.804362 0.973916 0.690108 0.201091 0.000000 0 
891600.000000 1.881183 891600.000000 1.881183 0.999209 0.135269 0.470296 0.000000 0 
904320.000000 1.589572 904320.000000 1.589572 0.990201 0.142108 0.397393 0.000000 0 
900960.000000 1.728338 900960.000000 1.728338 0.994879 0.140301 0.432084 0.000000 0 
898320.000000 1.878359 898320.000000 1.878359 0.999208 0.138882 0.469590 0.000000 0 
900240.000000 1.751275 900240.000000 1.751275 0.993118 0.139914 0.437819 0.000000 0 
960240.000000 1.225774 960240.000000 1.225774 0.994721 0.172172 0.306443 0.000000 0 
918240.000000 1.465635 918240.000000 1.465635 0.995372 0.149591 0.366409 0.000000 0 
925920.000000 1.460345 925920.000000 1.460345 0.992330 0.153720 0.365086 0.000000 0 
1382880.000000 0.858390 1382880.000000 0.858390 0.984084 0.399398 0.214597 0.000000 0 
953280.000000 1.285375 953280.000000 1.285375 0.993217 0.168430 0.321344 0.000000 0 
916320.000000 1.538479 916320.000000 1.538479 0.998138 0.148559 0.384620 0.000000 0 
1437600.000000 0.856525 1437600.000000 0.856525 0.984813 0.428817 0.214131 0.000000 0 
928080.000000 1.391713 928080.000000 1.391713 0.993952 0.154882 0.347928 0.000000 0 
1732800.000000 0.817336 1732800.000000 0.817336 0.995854 0.587527 0.204334 0.000000 0 
911040.000000 1.565895 911040.000000 1.565895 0.993513 0.145720 0.391474 0.000000 0 
1773360.000000 0.816216 1773360.000000 0.816216 0.999336 0.609333 0.204054 0.000000 0 
1558320.000000 0.834155 1558320.000000 0.834155 0.997451 0.493720 0.208539 0.000000 0 
938160.000000 1.330361 938160.000000 1.330361 0.998466 0.160301 0.332590 0.000000 0 
1830240.000000 0.809489 1830240.000000 0.809489 0.999491 0.639914 0.202372 0.000000 0 
1113840.000000 0.961036 1113840.000000 0.961036 0.997683 0.254753 0.240259 0.000000 0 
1038720.000000 1.054814 1038720.000000 1.054814 0.997851 0.214366 0.263703 0.000000 0 
1113600.000000 0.988727 1113600.000000 0.988727 0.996685 0.254624 0.247182 0.000000 0 
1796640.000000 0.810387 1796640.000000 0.810387 0.997907 0.621849 0.202597 0.000000 0 
1484160.000000 0.843367 1484160.000000 0.843367 0.998748 0.453849 0.210842 0.000000 0 
1459440.000000 0.845567 1459440.000000 0.845567 0.972113 0.440559 0.211392 0.000000 0 
1904160.000000 0.807343 1904160.000000 0.807343 0.990780 0.679656 0.201836 0.000000 0 
973440.000000 1.205848 973440.000000 1.205848 0.996242 0.179269 0.301462 0.000000 0 
1199280.000000 0.921479 1199280.000000 0.921479 0.997566 0.300688 0.230370 0.000000 0 
1175280.000000 0.929309 1175280.000000 0.929309 0.994644 0.287785 0.232327 0.000000 0 
1133040.000000 0.957774 1133040.000000 0.957774 0.997000 0.265075 0.239444 0.000000 0 
1845600.000000 0.809170 1845600.000000 0.809170 0.999896 0.648172 0.202292 0.000000 0 
1636080.000000 0.827388 1636080.000000 0.827388 0.980940 0.535527 0.206847 0.000000 0 
987600.000000 1.153686 987600.000000 1.153686 0.998272 0.186882 0.288421 0.000000 0 
940320.000000 1.309317 940320.000000 1.309317 0.998809 0.161462 0.327329 0.000000 0 
1144560.000000 0.948752 1144560.000000 0.948752 0.995504 0.271269 0.237188 0.000000 0 
1101840.000000 0.998935 1101840.000000 0.998935 0.992420 0.248301 0.249734 0.000000 0 
1716240.000000 0.821341 1716240.000000 0.821341 0.990014 0.578624 0.205335 0.000000 0 
1582320.000000 0.829861 1582320.000000 0.829861 0.976802 0.506624 0.207465 0.000000 0 
996240.000000 1.148014 996240.000000 1.148014 0.990837 0.191527 0.287004 0.000000 0 
928800.000000 1.390915 928800.000000 1.390915 0.993936 0.155269 0.347729 0.000000 0 
1651680.000000 0.824710 1651680.000000 0.824710 0.996109 0.543914 0.206177 0.000000 0 
1871520.000000 0.809004 1871520.000000 0.809004 0.988114 0.662108 0.202251 0.000000 0 
1158000.000000 0.941879 1158000.000000 0.941879 0.994200 0.278495 0.235470 0.000000 0 
933600.000000 1.357011 933600.000000 1.357011 0.993930 0.157849 0.339253 0.000000 0 
984960.000000 1.205043 984960.000000 1.205043 0.987309 0.185462 0.301261 0.000000 0 
1091520.000000 1.007556 1091520.000000 1.007556 0.994466 0.242753 0.251889 0.000000 0 
1526640.000000 0.834279 1526640.000000 0.834279 0.996623 0.476688 0.208570 0.000000 0 
1299600.000000 0.880597 1299600.000000 0.880597 0.999111 0.354624 0.220149 0.000000 0 
1036320.000000 1.088412 1036320.000000 1.088412 0.998457 0.213075 0.272103 0.000000 0 
1883040.000000 0.808656 1883040.000000 0.808656 0.991327 0.668301 0.202164 0.000000 0 
1326480.000000 0.873708 1326480.000000 0.873708 0.997364 0.369075 0.218427 0.000000 0 
1313280.000000 0.878915 1313280.000000 0.878915 0.992386 0.361978 0.219729 0.000000 0 
1614960.000000 0.829752 1614960.000000 0.829752 0.998304 0.524172 0.207438 0.000000 0 
1447200.000000 0.852174 1447200.000000 0.852174 0.973101 0.433978 0.213044 0.000000 0 
1083840.000000 1.017539 1083840.000000 1.017539 0.995553 0.238624 0.254385 0.000000 0 
1246560.000000 0.897462 1246560.000000 0.897462 0.999972 0.326108 0.224366 0.000000 0 
1498800.000000 0.838190 1498800.000000 0.838190 0.996844 0.461720 0.209548 0.000000 0 
1350240.000000 0.869528 1350240.000000 0.869528 0.998946 0.381849 0.217382 0.000000 0 
1232640.000000 0.911995 1232640.000000 0.911995 0.999104 0.318624 0.227999 0.000000 0 
916320.000000 1.538479 916320.000000 1.538479 0.998138 0.148559 0.384620 0.000000 0 
1287600.000000 0.888975 1287600.000000 0.888975 0.997536 0.348172 0.222244 0.000000 0 
933600.000000 1.357011 933600.000000 1.357011 0.993930 0.157849 0.339253 0.000000 0 
1219680.000000 0.918745 1219680.000000 0.918745 0.992453 0.311656 0.229686 0.000000 0 
904320.000000 1.589572 904320.000000 1.589572 0.990201 0.142108 0.397393 0.000000 0 
1170480.000000 0.936815 1170480.000000 0.936815 0.989908 0.285204 0.234204 0.000000 0 
1788480.000000 0.815523 1788480.000000 0.815523 0.987583 0.617462 0.203881 0.000000 0 
1074000.000000 1.022539 1074000.000000 1.022539 0.999065 0.233333 0.255635 0.000000 0 
1578240.000000 0.832635 1578240.000000 0.832635 0.997093 0.504430 0.208159 0.000000 0 
946560.000000 1.297043 946560.000000 1.297043 0.993763 0.164817 0.324261 0.000000 0 
1240560.000000 0.907579 1240560.000000 0.907579 0.997319 0.322882 0.226895 0.000000 0 
1509360.000000 0.836592 1509360.000000 0.836592 0.996852 0.467398 0.209148 0.000000 0 
1338960.000000 0.870328 1338960.000000 0.870328 0.993091 0.375785 0.217582 0.000000 0 
1059600.000000 1.034996 1059600.000000 1.034996 0.999186 0.225591 0.258749 0.000000 0 
985200.000000 1.179597 985200.000000 1.179597 0.996905 0.185591 0.294899 0.000000 0 
1362720.000000 0.862161 1362720.000000 0.862161 0.992433 0.388559 0.215540 0.000000 0 
1670880.000000 0.824070 1670880.000000 0.824070 0.995891 0.554237 0.206017 0.000000 0 
1068720.000000 1.031442 1068720.000000 1.031442 0.996117 0.230495 0.257860 0.000000 0 
1260960.000000 0.895709 1260960.000000 0.895709 0.995880 0.333849 0.223927 0.000000 0 
1011120.000000 1.110255 1011120.000000 1.110255 0.992577 0.199527 0.277564 0.000000 0 
1007520.000000 1.133493 1007520.000000 1.133493 0.999978 0.197591 0.283373 0.000000 0 
1049760.000000 1.051274 1049760.000000 1.051274 0.994530 0.220301 0.262819 0.000000 0 
1053120.000000 1.043245 1053120.000000 1.043245 0.997598 0.222108 0.260811 0.000000 0 
1007520.000000 1.133493 1007520.000000 1.133493 0.999978 0.197591 0.283373 0.000000 0 
985200.000000 1.179597 985200.000000 1.179597 0.996905 0.185591 0.294899 0.000000 0 
1696800.000000 0.821629 1696800.000000 0.821629 0.974121 0.568172 0.205407 0.000000 0 
1677600.000000 0.823977 1677600.000000 0.823977 0.995822 0.557849 0.205994 0.000000 0 
1368480.000000 0.860713 1368480.000000 0.860713 0.990181 0.391656 0.215178 0.000000 0 
1011120.000000 1.110255 1011120.000000 1.110255 0.992577 0.199527 0.277564 0.000000 0 
1022880.000000 1.097893 1022880.000000 1.097893 0.998563 0.205849 0.274473 0.000000 0 
1614960.000000 0.829752 1614960.000000 0.829752 0.998304 0.524172 0.207438 0.000000 0 
1210080.000000 0.919811 1210080.000000 0.919811 0.993656 0.306495 0.229953 0.000000 0 
1277280.000000 0.889738 1277280.000000 0.889738 0.996823 0.342624 0.222435 0.000000 0 
900960.000000 1.728338 900960.000000 1.728338 0.994879 0.140301 0.432084 0.000000 0 
900240.000000 1.751275 900240.000000 1.751275 0.993118 0.139914 0.437819 0.000000 0 
1022880.000000 1.097893 1022880.000000 1.097893 0.998563 0.205849 0.274473 0.000000 0 
1036320.000000 1.088412 1036320.000000 1.088412 0.998457 0.213075 0.272103 0.000000 0 
1266720.000000 0.891135 1266720.000000 0.891135 0.995435 0.336946 0.222784 0.000000 0 
1694160.000000 0.823459 1694160.000000 0.823459 0.987979 0.566753 0.205865 0.000000 0 
1524720.000000 0.836257 1524720.000000 0.836257 0.997437 0.475656 0.209064 0.000000 0 
#Generacion: 3000 
#Distancia: 351.868384 
888000.000000 1.957405 888000.000000 1.957405 0.996860 0.133333 0.489351 0.000000 0 
1923600.000000 0.804362 1923600.000000 0.804362 0.973916 0.690108 0.201091 0.000000 0 
888000.000000 1.957405 888000.000000 1.957405 0.996860 0.133333 0.489351 0.000000 0 
889920.000000 1.840726 889920.000000 1.840726 0.997683 0.134366 0.460181 0.000000 0 
902400.000000 1.718980 902400.000000 1.718980 0.988037 0.141075 0.429745 0.000000 0 
892800.000000 1.720707 892800.000000 1.720707 0.991146 0.135914 0.430177 0.000000 0 
904320.000000 1.589572 904320.000000 1.589572 0.990201 0.142108 0.397393 0.000000 0 
1631520.000000 0.824523 1631520.000000 0.824523 0.999844 0.533075 0.206131 0.000000 0 
888960.000000 1.943280 888960.000000 1.943280 0.996340 0.133849 0.485820 0.000000 0 
921600.000000 1.371303 921600.000000 1.371303 0.999573 0.151398 0.342826 0.000000 0 
1555200.000000 0.826398 1555200.000000 0.826398 0.999141 0.492043 0.206600 0.000000 0 
918240.000000 1.465635 918240.000000 1.465635 0.995372 0.149591 0.366409 0.000000 0 
1750080.000000 0.815525 1750080.000000 0.815525 0.984125 0.596817 0.203881 0.000000 0 
1686720.000000 0.817076 1686720.000000 0.817076 0.995870 0.562753 0.204269 0.000000 0 
914880.000000 1.532929 914880.000000 1.532929 0.989990 0.147785 0.383232 0.000000 0 
971520.000000 1.171199 971520.000000 1.171199 0.989256 0.178237 0.292800 0.000000 0 
918240.000000 1.465635 918240.000000 1.465635 0.995372 0.149591 0.366409 0.000000 0 
966960.000000 1.223859 966960.000000 1.223859 0.995186 0.175785 0.305965 0.000000 0 
1437600.000000 0.853337 1437600.000000 0.853337 0.975094 0.428817 0.213334 0.000000 0 
932400.000000 1.333028 932400.000000 1.333028 0.999461 0.157204 0.333257 0.000000 0 
1389600.000000 0.854776 1389600.000000 0.854776 0.998744 0.403011 0.213694 0.000000 0 
1836000.000000 0.807913 1836000.000000 0.807913 0.959228 0.643011 0.201978 0.000000 0 
1670880.000000 0.824070 1670880.000000 0.824070 0.995891 0.554237 0.206017 0.000000 0 
1884000.000000 0.807808 1884000.000000 0.807808 0.983948 0.668817 0.201952 0.000000 0 
1104480.000000 0.967215 1104480.000000 0.967215 0.997182 0.249720 0.241804 0.000000 0 
1796640.000000 0.810387 1796640.000000 0.810387 0.997907 0.621849 0.202597 0.000000 0 
1034400.000000 1.054917 1034400.000000 1.054917 0.998158 0.212043 0.263729 0.000000 0 
929520.000000 1.368832 929520.000000 1.368832 0.995917 0.155656 0.342208 0.000000 0 
1031760.000000 1.082767 1031760.000000 1.082767 0.999549 0.210624 0.270692 0.000000 0 
1002240.000000 1.146797 1002240.000000 1.146797 0.997455 0.194753 0.286699 0.000000 0 
1084080.000000 1.011702 1084080.000000 1.011702 0.988494 0.238753 0.252926 0.000000 0 
1825200.000000 0.808067 1825200.000000 0.808067 0.998446 0.637204 0.202017 0.000000 0 
1542720.000000 0.829464 1542720.000000 0.829464 0.998913 0.485333 0.207366 0.000000 0 
959280.000000 1.241694 959280.000000 1.241694 0.994185 0.171656 0.310423 0.000000 0 
1904160.000000 0.807343 1904160.000000 0.807343 0.990780 0.679656 0.201836 0.000000 0 
1007040.000000 1.111056 1007040.000000 1.111056 0.992134 0.197333 0.277764 0.000000 0 
1520160.000000 0.833214 1520160.000000 0.833214 0.995641 0.473204 0.208304 0.000000 0 
941280.000000 1.305210 941280.000000 1.305210 0.999420 0.161978 0.326303 0.000000 0 
1768080.000000 0.814312 1768080.000000 0.814312 0.961553 0.606495 0.203578 0.000000 0 
1459440.000000 0.845567 1459440.000000 0.845567 0.972113 0.440559 0.211392 0.000000 0 
1113840.000000 0.961036 1113840.000000 0.961036 0.997683 0.254753 0.240259 0.000000 0 
936720.000000 1.310264 936720.000000 1.310264 0.999055 0.159527 0.327566 0.000000 0 
1368480.000000 0.860713 1368480.000000 0.860713 0.990181 0.391656 0.215178 0.000000 0 
1299600.000000 0.880597 1299600.000000 0.880597 0.999111 0.354624 0.220149 0.000000 0 
1020960.000000 1.104546 1020960.000000 1.104546 0.997646 0.204817 0.276137 0.000000 0 
1313280.000000 0.878915 1313280.000000 0.878915 0.992386 0.361978 0.219729 0.000000 0 
1090800.000000 0.988380 1090800.000000 0.988380 0.996133 0.242366 0.247095 0.000000 0 
911760.000000 1.544070 911760.000000 1.544070 0.997388 0.146108 0.386018 0.000000 0 
1144560.000000 0.948752 1144560.000000 0.948752 0.995504 0.271269 0.237188 0.000000 0 
1783680.000000 0.813731 1783680.000000 0.813731 0.988654 0.614882 0.203433 0.000000 0 
984240.000000 1.163055 984240.000000 1.163055 0.999815 0.185075 0.290764 0.000000 0 
1326240.000000 0.873842 1326240.000000 0.873842 0.997054 0.368946 0.218461 0.000000 0 
1246560.000000 0.897462 1246560.000000 0.897462 0.999972 0.326108 0.224366 0.000000 0 
1237200.000000 0.906547 1237200.000000 0.906547 0.999649 0.321075 0.226637 0.000000 0 
1287120.000000 0.886995 1287120.000000 0.886995 0.997149 0.347914 0.221749 0.000000 0 
1024800.000000 1.093893 1024800.000000 1.093893 0.999127 0.206882 0.273473 0.000000 0 
1197120.000000 0.920834 1197120.000000 0.920834 0.998857 0.299527 0.230209 0.000000 0 
1186320.000000 0.926934 1186320.000000 0.926934 0.998559 0.293720 0.231733 0.000000 0 
1049760.000000 1.051274 1049760.000000 1.051274 0.994530 0.220301 0.262819 0.000000 0 
909120.000000 1.562735 909120.000000 1.562735 0.992231 0.144688 0.390684 0.000000 0 
904320.000000 1.589572 904320.000000 1.589572 0.990201 0.142108 0.397393 0.000000 0 
1447200.000000 0.852174 1447200.000000 0.852174 0.973101 0.433978 0.213044 0.000000 0 
1227840.000000 0.911447 1227840.000000 0.911447 0.990154 0.316043 0.227862 0.000000 0 
1338720.000000 0.872181 1338720.000000 0.872181 0.984220 0.375656 0.218045 0.000000 0 
1090800.000000 0.988380 1090800.000000 0.988380 0.996133 0.242366 0.247095 0.000000 0 
1475760.000000 0.845264 1475760.000000 0.845264 0.997691 0.449333 0.211316 0.000000 0 
1382880.000000 0.858390 1382880.000000 0.858390 0.984084 0.399398 0.214597 0.000000 0 
1352880.000000 0.862224 1352880.000000 0.862224 0.988047 0.383269 0.215556 0.000000 0 
948480.000000 1.284132 948480.000000 1.284132 0.995131 0.165849 0.321033 0.000000 0 
1175280.000000 0.929309 1175280.000000 0.929309 0.994644 0.287785 0.232327 0.000000 0 
1257120.000000 0.893794 1257120.000000 0.893794 0.993200 0.331785 0.223449 0.000000 0 
1511280.000000 0.834406 1511280.000000 0.834406 0.999358 0.468430 0.208602 0.000000 0 
1498800.000000 0.838190 1498800.000000 0.838190 0.996844 0.461720 0.209548 0.000000 0 
1157760.000000 0.937435 1157760.000000 0.937435 0.997743 0.278366 0.234359 0.000000 0 
987600.000000 1.153686 987600.000000 1.153686 0.998272 0.186882 0.288421 0.000000 0 
1219680.000000 0.918745 1219680.000000 0.918745 0.992453 0.311656 0.229686 0.000000 0 
1169760.000000 0.937332 1169760.000000 0.937332 0.990123 0.284817 0.234333 0.000000 0 
1072800.000000 1.025325 1072800.000000 1.025325 0.992386 0.232688 0.256331 0.000000 0 
955200.000000 1.264336 955200.000000 1.264336 0.995664 0.169462 0.316084 0.000000 0 
948480.000000 1.284132 948480.000000 1.284132 0.995131 0.165849 0.321033 0.000000 0 
1210080.000000 0.919811 1210080.000000 0.919811 0.993656 0.306495 0.229953 0.000000 0 
955200.000000 1.264336 955200.000000 1.264336 0.995664 0.169462 0.316084 0.000000 0 
1277280.000000 0.889738 1277280.000000 0.889738 0.996823 0.342624 0.222435 0.000000 0 
1266720.000000 0.891135 1266720.000000 0.891135 0.995435 0.336946 0.222784 0.000000 0 
960240.000000 1.225774 960240.000000 1.225774 0.994721 0.172172 0.306443 0.000000 0 
1074720.000000 1.016989 1074720.000000 1.016989 0.993248 0.233720 0.254247 0.000000 0 
1146240.000000 0.939754 1146240.000000 0.939754 0.999480 0.272172 0.234938 0.000000 0 
1065600.000000 1.034320 1065600.000000 1.034320 0.993258 0.228817 0.258580 0.000000 0 
1053120.000000 1.043245 1053120.000000 1.043245 0.997598 0.222108 0.260811 0.000000 0 
1350240.000000 0.869528 1350240.000000 0.869528 0.998946 0.381849 0.217382 0.000000 0 
1123200.000000 0.950272 1123200.000000 0.950272 0.998993 0.259785 0.237568 0.000000 0 
1678320.000000 0.822674 1678320.000000 0.822674 0.983865 0.558237 0.205668 0.000000 0 
995040.000000 1.146846 995040.000000 1.146846 0.995319 0.190882 0.286712 0.000000 0 
1888800.000000 0.807380 1888800.000000 0.807380 0.998180 0.671398 0.201845 0.000000 0 
1058880.000000 1.035651 1058880.000000 1.035651 0.995564 0.225204 0.258913 0.000000 0 
1007040.000000 1.111056 1007040.000000 1.111056 0.992134 0.197333 0.277764 0.000000 0 
1484160.000000 0.843367 1484160.000000 0.843367 0.998748 0.453849 0.210842 0.000000 0 
909120.000000 1.562735 909120.000000 1.562735 0.992231 0.144688 0.390684 0.000000 0 
1490160.000000 0.839578 1490160.000000 0.839578 0.993243 0.457075 0.209895 0.000000 0 
1123200.000000 0.950272 1123200.000000 0.950272 0.998993 0.259785 0.237568 0.000000 0 
#Generacion: 3500 
#Distancia: 337.632424 
2014080.000000 0.803221 2014080.000000 0.803221 0.979221 0.738753 0.200805 0.000000 0 
872400.000000 1.974335 872400.000000 1.974335 0.992268 0.124946 0.493584 0.000000 0 
872400.000000 1.974335 872400.000000 1.974335 0.992268 0.124946 0.493584 0.000000 0 
886800.000000 1.763073 886800.000000 1.763073 0.981535 0.132688 0.440768 0.000000 0 
1658160.000000 0.820134 1658160.000000 0.820134 0.996047 0.547398 0.205034 0.000000 0 
908160.000000 1.563567 908160.000000 1.563567 0.994886 0.144172 0.390892 0.000000 0 
909840.000000 1.465423 909840.000000 1.465423 0.991503 0.145075 0.366356 0.000000 0 
1570560.000000 0.821676 1570560.000000 0.821676 0.989692 0.500301 0.205419 0.000000 0 
921600.000000 1.371303 921600.000000 1.371303 0.999573 0.151398 0.342826 0.000000 0 
919680.000000 1.455961 919680.000000 1.455961 0.989209 0.150366 0.363990 0.000000 0 
1973760.000000 0.803831 1973760.000000 0.803831 0.954482 0.717075 0.200958 0.000000 0 
1796640.000000 0.810387 1796640.000000 0.810387 0.997907 0.621849 0.202597 0.000000 0 
902400.000000 1.587371 902400.000000 1.587371 0.993239 0.141075 0.396843 0.000000 0 
1894800.000000 0.806257 1894800.000000 0.806257 0.979685 0.674624 0.201564 0.000000 0 
901200.000000 1.670826 901200.000000 1.670826 0.998521 0.140430 0.417707 0.000000 0 
1735680.000000 0.813614 1735680.000000 0.813614 0.995276 0.589075 0.203404 0.000000 0 
971520.000000 1.171199 971520.000000 1.171199 0.989256 0.178237 0.292800 0.000000 0 
1836000.000000 0.807075 1836000.000000 0.807075 0.981301 0.643011 0.201769 0.000000 0 
1686720.000000 0.817076 1686720.000000 0.817076 0.995870 0.562753 0.204269 0.000000 0 
966960.000000 1.223859 966960.000000 1.223859 0.995186 0.175785 0.305965 0.000000 0 
925920.000000 1.353599 925920.000000 1.353599 0.996120 0.153720 0.338400 0.000000 0 
928080.000000 1.320617 928080.000000 1.320617 0.989538 0.154882 0.330154 0.000000 0 
1923600.000000 0.804362 1923600.000000 0.804362 0.973916 0.690108 0.201091 0.000000 0 
1724640.000000 0.815371 1724640.000000 0.815371 0.994531 0.583140 0.203843 0.000000 0 
888720.000000 1.700966 888720.000000 1.700966 0.995178 0.133720 0.425242 0.000000 0 
1227840.000000 0.911447 1227840.000000 0.911447 0.990154 0.316043 0.227862 0.000000 0 
1475760.000000 0.843001 1475760.000000 0.843001 0.987921 0.449333 0.210750 0.000000 0 
959280.000000 1.241694 959280.000000 1.241694 0.994185 0.171656 0.310423 0.000000 0 
947760.000000 1.283299 947760.000000 1.283299 0.994870 0.165462 0.320825 0.000000 0 
1439520.000000 0.844573 1439520.000000 0.844573 0.997740 0.429849 0.211143 0.000000 0 
1146240.000000 0.939754 1146240.000000 0.939754 0.999480 0.272172 0.234938 0.000000 0 
1820640.000000 0.807355 1820640.000000 0.807355 0.982565 0.634753 0.201839 0.000000 0 
1542720.000000 0.829464 1542720.000000 0.829464 0.998913 0.485333 0.207366 0.000000 0 
1025760.000000 1.066865 1025760.000000 1.066865 0.995400 0.207398 0.266716 0.000000 0 
899520.000000 1.694963 899520.000000 1.694963 0.990458 0.139527 0.423741 0.000000 0 
999360.000000 1.110749 999360.000000 1.110749 0.994714 0.193204 0.277687 0.000000 0 
1520160.000000 0.833214 1520160.000000 0.833214 0.995641 0.473204 0.208304 0.000000 0 
1205280.000000 0.915349 1205280.000000 0.915349 0.993028 0.303914 0.228837 0.000000 0 
1022400.000000 1.091703 1022400.000000 1.091703 0.991673 0.205591 0.272926 0.000000 0 
941280.000000 1.305210 941280.000000 1.305210 0.999420 0.161978 0.326303 0.000000 0 
888480.000000 1.737018 888480.000000 1.737018 0.992658 0.133591 0.434255 0.000000 0 
1058880.000000 1.035651 1058880.000000 1.035651 0.995564 0.225204 0.258913 0.000000 0 
952800.000000 1.263609 952800.000000 1.263609 0.998076 0.168172 0.315902 0.000000 0 
1555440.000000 0.825760 1555440.000000 0.825760 0.994586 0.492172 0.206440 0.000000 0 
1113840.000000 0.961036 1113840.000000 0.961036 0.997683 0.254753 0.240259 0.000000 0 
984000.000000 1.162613 984000.000000 1.162613 0.983779 0.184946 0.290653 0.000000 0 
1172400.000000 0.929724 1172400.000000 0.929724 0.995181 0.286237 0.232431 0.000000 0 
986880.000000 1.150959 986880.000000 1.150959 0.979487 0.186495 0.287740 0.000000 0 
1066080.000000 1.023168 1066080.000000 1.023168 0.995923 0.229075 0.255792 0.000000 0 
1186320.000000 0.926934 1186320.000000 0.926934 0.998559 0.293720 0.231733 0.000000 0 
1420080.000000 0.850073 1420080.000000 0.850073 0.998177 0.419398 0.212518 0.000000 0 
1128960.000000 0.947734 1128960.000000 0.947734 0.998657 0.262882 0.236933 0.000000 0 
1498800.000000 0.838927 1498800.000000 0.838927 0.997104 0.461720 0.209732 0.000000 0 
1236240.000000 0.899264 1236240.000000 0.899264 0.996199 0.320559 0.224816 0.000000 0 
1299600.000000 0.880597 1299600.000000 0.880597 0.999111 0.354624 0.220149 0.000000 0 
1008000.000000 1.109502 1008000.000000 1.109502 0.993867 0.197849 0.277376 0.000000 0 
1013040.000000 1.092128 1013040.000000 1.092128 0.991124 0.200559 0.273032 0.000000 0 
996960.000000 1.140581 996960.000000 1.140581 0.987136 0.191914 0.285145 0.000000 0 
1288320.000000 0.886159 1288320.000000 0.886159 0.988114 0.348559 0.221540 0.000000 0 
1084080.000000 1.011702 1084080.000000 1.011702 0.988494 0.238753 0.252926 0.000000 0 
1922160.000000 0.804869 1922160.000000 0.804869 0.969351 0.689333 0.201217 0.000000 0 
1197120.000000 0.920312 1197120.000000 0.920312 0.995119 0.299527 0.230078 0.000000 0 
1330560.000000 0.868109 1330560.000000 0.868109 0.999767 0.371269 0.217027 0.000000 0 
1088160.000000 0.999317 1088160.000000 0.999317 0.997756 0.240946 0.249829 0.000000 0 
1376880.000000 0.857740 1376880.000000 0.857740 0.991501 0.396172 0.214435 0.000000 0 
1074720.000000 1.016989 1074720.000000 1.016989 0.993248 0.233720 0.254247 0.000000 0 
907440.000000 1.586026 907440.000000 1.586026 0.991520 0.143785 0.396506 0.000000 0 
1313280.000000 0.878915 1313280.000000 0.878915 0.992386 0.361978 0.219729 0.000000 0 
1365840.000000 0.860506 1365840.000000 0.860506 0.990408 0.390237 0.215127 0.000000 0 
936720.000000 1.310264 936720.000000 1.310264 0.999055 0.159527 0.327566 0.000000 0 
1123200.000000 0.950272 1123200.000000 0.950272 0.998993 0.259785 0.237568 0.000000 0 
1343520.000000 0.865678 1343520.000000 0.865678 0.989334 0.378237 0.216419 0.000000 0 
1324800.000000 0.877164 1324800.000000 0.877164 0.997773 0.368172 0.219291 0.000000 0 
1352880.000000 0.862224 1352880.000000 0.862224 0.988047 0.383269 0.215556 0.000000 0 
887520.000000 1.737929 887520.000000 1.737929 0.996562 0.133075 0.434482 0.000000 0 
1479120.000000 0.839080 1479120.000000 0.839080 0.981793 0.451140 0.209770 0.000000 0 
1509360.000000 0.836657 1509360.000000 0.836657 0.997575 0.467398 0.209164 0.000000 0 
1104480.000000 0.967215 1104480.000000 0.967215 0.997182 0.249720 0.241804 0.000000 0 
1277280.000000 0.889738 1277280.000000 0.889738 0.996823 0.342624 0.222435 0.000000 0 
1257120.000000 0.893794 1257120.000000 0.893794 0.993200 0.331785 0.223449 0.000000 0 
1246560.000000 0.897462 1246560.000000 0.897462 0.999972 0.326108 0.224366 0.000000 0 
1037760.000000 1.047962 1037760.000000 1.047962 0.995922 0.213849 0.261990 0.000000 0 
1389600.000000 0.854776 1389600.000000 0.854776 0.998744 0.403011 0.213694 0.000000 0 
1407840.000000 0.852478 1407840.000000 0.852478 0.997648 0.412817 0.213119 0.000000 0 
886800.000000 1.763073 886800.000000 1.763073 0.981535 0.132688 0.440768 0.000000 0 
901200.000000 1.670826 901200.000000 1.670826 0.998521 0.140430 0.417707 0.000000 0 
960240.000000 1.225774 960240.000000 1.225774 0.994721 0.172172 0.306443 0.000000 0 
1434720.000000 0.845764 1434720.000000 0.845764 0.982793 0.427269 0.211441 0.000000 0 
1090800.000000 0.988380 1090800.000000 0.988380 0.996133 0.242366 0.247095 0.000000 0 
948240.000000 1.266895 948240.000000 1.266895 0.999301 0.165720 0.316724 0.000000 0 
1266720.000000 0.891135 1266720.000000 0.891135 0.995435 0.336946 0.222784 0.000000 0 
1093920.000000 0.979954 1093920.000000 0.979954 0.999334 0.244043 0.244988 0.000000 0 
1101120.000000 0.975288 1101120.000000 0.975288 0.998406 0.247914 0.243822 0.000000 0 
1398240.000000 0.853609 1398240.000000 0.853609 0.992448 0.407656 0.213402 0.000000 0 
1032240.000000 1.058503 1032240.000000 1.058503 0.997706 0.210882 0.264626 0.000000 0 
996960.000000 1.140581 996960.000000 1.140581 0.987136 0.191914 0.285145 0.000000 0 
1160880.000000 0.936546 1160880.000000 0.936546 0.994116 0.280043 0.234136 0.000000 0 
1046400.000000 1.041084 1046400.000000 1.041084 0.992128 0.218495 0.260271 0.000000 0 
1160880.000000 0.936546 1160880.000000 0.936546 0.994116 0.280043 0.234136 0.000000 0 
1034400.000000 1.054917 1034400.000000 1.054917 0.998158 0.212043 0.263729 0.000000 0 
#Generacion: 4000 
#Distancia: 334.017576 
2014080.000000 0.803221 2014080.000000 0.803221 0.979221 0.738753 0.200805 0.000000 0 
871440.000000 1.960062 871440.000000 1.960062 0.991866 0.124430 0.490016 0.000000 0 
871440.000000 1.960062 871440.000000 1.960062 0.991866 0.124430 0.490016 0.000000 0 
876480.000000 1.921979 876480.000000 1.921979 0.993570 0.127140 0.480495 0.000000 0 
876960.000000 1.758691 876960.000000 1.758691 0.992714 0.127398 0.439673 0.000000 0 
882000.000000 1.749032 882000.000000 1.749032 0.990792 0.130108 0.437258 0.000000 0 
887520.000000 1.626875 887520.000000 1.626875 0.995397 0.133075 0.406719 0.000000 0 
1720800.000000 0.812668 1720800.000000 0.812668 0.995629 0.581075 0.203167 0.000000 0 
1932480.000000 0.803452 1932480.000000 0.803452 0.989500 0.694882 0.200863 0.000000 0 
912720.000000 1.424559 912720.000000 1.424559 0.992159 0.146624 0.356140 0.000000 0 
1608480.000000 0.818816 1608480.000000 0.818816 0.998507 0.520688 0.204704 0.000000 0 
955680.000000 1.231102 955680.000000 1.231102 0.984024 0.169720 0.307776 0.000000 0 
1836000.000000 0.807075 1836000.000000 0.807075 0.981301 0.643011 0.201769 0.000000 0 
1796640.000000 0.810387 1796640.000000 0.810387 0.997907 0.621849 0.202597 0.000000 0 
961440.000000 1.178668 961440.000000 1.178668 0.991833 0.172817 0.294667 0.000000 0 
888720.000000 1.552515 888720.000000 1.552515 0.994907 0.133720 0.388129 0.000000 0 
887520.000000 1.626875 887520.000000 1.626875 0.995397 0.133075 0.406719 0.000000 0 
1894800.000000 0.806257 1894800.000000 0.806257 0.979685 0.674624 0.201564 0.000000 0 
1661760.000000 0.817775 1661760.000000 0.817775 0.999307 0.549333 0.204444 0.000000 0 
1677360.000000 0.815817 1677360.000000 0.815817 0.999079 0.557720 0.203954 0.000000 0 
907680.000000 1.510126 907680.000000 1.510126 0.998968 0.143914 0.377531 0.000000 0 
921600.000000 1.371303 921600.000000 1.371303 0.999573 0.151398 0.342826 0.000000 0 
898080.000000 1.530983 898080.000000 1.530983 0.988214 0.138753 0.382746 0.000000 0 
1570560.000000 0.821676 1570560.000000 0.821676 0.989692 0.500301 0.205419 0.000000 0 
928080.000000 1.320617 928080.000000 1.320617 0.989538 0.154882 0.330154 0.000000 0 
908160.000000 1.476352 908160.000000 1.476352 0.994039 0.144172 0.369088 0.000000 0 
1082400.000000 1.000286 1082400.000000 1.000286 0.996390 0.237849 0.250072 0.000000 0 
1230240.000000 0.909503 1230240.000000 0.909503 0.996812 0.317333 0.227376 0.000000 0 
1816320.000000 0.807275 1816320.000000 0.807275 0.980298 0.632430 0.201819 0.000000 0 
1014960.000000 1.079307 1014960.000000 1.079307 0.996733 0.201591 0.269827 0.000000 0 
1146240.000000 0.939754 1146240.000000 0.939754 0.999480 0.272172 0.234938 0.000000 0 
976560.000000 1.152805 976560.000000 1.152805 0.988935 0.180946 0.288201 0.000000 0 
1542720.000000 0.829464 1542720.000000 0.829464 0.998913 0.485333 0.207366 0.000000 0 
971520.000000 1.171199 971520.000000 1.171199 0.989256 0.178237 0.292800 0.000000 0 
1518480.000000 0.829632 1518480.000000 0.829632 0.998643 0.472301 0.207408 0.000000 0 
1906800.000000 0.804480 1906800.000000 0.804480 0.966995 0.681075 0.201120 0.000000 0 
1307520.000000 0.878748 1307520.000000 0.878748 0.996940 0.358882 0.219687 0.000000 0 
1439520.000000 0.844573 1439520.000000 0.844573 0.997740 0.429849 0.211143 0.000000 0 
1465440.000000 0.844443 1465440.000000 0.844443 0.996457 0.443785 0.211111 0.000000 0 
908640.000000 1.460554 908640.000000 1.460554 0.999487 0.144430 0.365139 0.000000 0 
1008000.000000 1.091936 1008000.000000 1.091936 0.990651 0.197849 0.272984 0.000000 0 
1074720.000000 1.016989 1074720.000000 1.016989 0.993248 0.233720 0.254247 0.000000 0 
998400.000000 1.121123 998400.000000 1.121123 0.989832 0.192688 0.280281 0.000000 0 
1473600.000000 0.838943 1473600.000000 0.838943 0.999464 0.448172 0.209736 0.000000 0 
1104480.000000 0.967215 1104480.000000 0.967215 0.997182 0.249720 0.241804 0.000000 0 
1006080.000000 1.110372 1006080.000000 1.110372 0.994516 0.196817 0.277593 0.000000 0 
1498800.000000 0.838927 1498800.000000 0.838927 0.997104 0.461720 0.209732 0.000000 0 
941280.000000 1.305210 941280.000000 1.305210 0.999420 0.161978 0.326303 0.000000 0 
1389600.000000 0.854776 1389600.000000 0.854776 0.998744 0.403011 0.213694 0.000000 0 
1555440.000000 0.825760 1555440.000000 0.825760 0.994586 0.492172 0.206440 0.000000 0 
990480.000000 1.133910 990480.000000 1.133910 0.994251 0.188430 0.283477 0.000000 0 
1113840.000000 0.961036 1113840.000000 0.961036 0.997683 0.254753 0.240259 0.000000 0 
1407840.000000 0.852478 1407840.000000 0.852478 0.997648 0.412817 0.213119 0.000000 0 
925920.000000 1.353599 925920.000000 1.353599 0.996120 0.153720 0.338400 0.000000 0 
1093920.000000 0.979954 1093920.000000 0.979954 0.999334 0.244043 0.244988 0.000000 0 
1186320.000000 0.926934 1186320.000000 0.926934 0.998559 0.293720 0.231733 0.000000 0 
1324800.000000 0.877164 1324800.000000 0.877164 0.997773 0.368172 0.219291 0.000000 0 
1128960.000000 0.947734 1128960.000000 0.947734 0.998657 0.262882 0.236933 0.000000 0 
1287360.000000 0.879899 1287360.000000 0.879899 0.997818 0.348043 0.219975 0.000000 0 
985920.000000 1.144460 985920.000000 1.144460 0.995192 0.185978 0.286115 0.000000 0 
1159920.000000 0.937608 1159920.000000 0.937608 0.994021 0.279527 0.234402 0.000000 0 
1090800.000000 0.988380 1090800.000000 0.988380 0.996133 0.242366 0.247095 0.000000 0 
1197120.000000 0.920312 1197120.000000 0.920312 0.995119 0.299527 0.230078 0.000000 0 
1033200.000000 1.054819 1033200.000000 1.054819 0.992283 0.211398 0.263705 0.000000 0 
888720.000000 1.552515 888720.000000 1.552515 0.994907 0.133720 0.388129 0.000000 0 
1330560.000000 0.868109 1330560.000000 0.868109 0.999767 0.371269 0.217027 0.000000 0 
1206000.000000 0.912444 1206000.000000 0.912444 0.988047 0.304301 0.228111 0.000000 0 
1376880.000000 0.857740 1376880.000000 0.857740 0.991501 0.396172 0.214435 0.000000 0 
1365840.000000 0.860506 1365840.000000 0.860506 0.990408 0.390237 0.215127 0.000000 0 
934800.000000 1.311152 934800.000000 1.311152 0.988331 0.158495 0.327788 0.000000 0 
1123200.000000 0.950272 1123200.000000 0.950272 0.998993 0.259785 0.237568 0.000000 0 
1236240.000000 0.899264 1236240.000000 0.899264 0.996199 0.320559 0.224816 0.000000 0 
1343520.000000 0.865678 1343520.000000 0.865678 0.989334 0.378237 0.216419 0.000000 0 
1352880.000000 0.862224 1352880.000000 0.862224 0.988047 0.383269 0.215556 0.000000 0 
1039440.000000 1.049621 1039440.000000 1.049621 0.996486 0.214753 0.262405 0.000000 0 
1257120.000000 0.893794 1257120.000000 0.893794 0.993200 0.331785 0.223449 0.000000 0 
1246560.000000 0.897462 1246560.000000 0.897462 0.999972 0.326108 0.224366 0.000000 0 
1420080.000000 0.850073 1420080.000000 0.850073 0.998177 0.419398 0.212518 0.000000 0 
1429680.000000 0.848600 1429680.000000 0.848600 0.994215 0.424559 0.212150 0.000000 0 
1058880.000000 1.035651 1058880.000000 1.035651 0.995564 0.225204 0.258913 0.000000 0 
1266720.000000 0.891135 1266720.000000 0.891135 0.995435 0.336946 0.222784 0.000000 0 
1046400.000000 1.041084 1046400.000000 1.041084 0.992128 0.218495 0.260271 0.000000 0 
1025760.000000 1.066865 1025760.000000 1.066865 0.995400 0.207398 0.266716 0.000000 0 
1796640.000000 0.810387 1796640.000000 0.810387 0.997907 0.621849 0.202597 0.000000 0 
921600.000000 1.371303 921600.000000 1.371303 0.999573 0.151398 0.342826 0.000000 0 
925920.000000 1.353599 925920.000000 1.353599 0.996120 0.153720 0.338400 0.000000 0 
1172400.000000 0.929724 1172400.000000 0.929724 0.995181 0.286237 0.232431 0.000000 0 
1170000.000000 0.931730 1170000.000000 0.931730 0.999225 0.284946 0.232932 0.000000 0 
1066080.000000 1.023168 1066080.000000 1.023168 0.995923 0.229075 0.255792 0.000000 0 
1277280.000000 0.889738 1277280.000000 0.889738 0.996823 0.342624 0.222435 0.000000 0 
1284960.000000 0.889436 1284960.000000 0.889436 0.986007 0.346753 0.222359 0.000000 0 
1061760.000000 1.024257 1061760.000000 1.024257 0.994462 0.226753 0.256064 0.000000 0 
1025760.000000 1.066865 1025760.000000 1.066865 0.995400 0.207398 0.266716 0.000000 0 
1053840.000000 1.040789 1053840.000000 1.040789 0.994806 0.222495 0.260197 0.000000 0 
1205520.000000 0.914387 1205520.000000 0.914387 0.998551 0.304043 0.228597 0.000000 0 
1509120.000000 0.832201 1509120.000000 0.832201 0.997045 0.467269 0.208050 0.000000 0 
944640.000000 1.258200 944640.000000 1.258200 0.999511 0.163785 0.314550 0.000000 0 
941280.000000 1.305210 941280.000000 1.305210 0.999420 0.161978 0.326303 0.000000 0 
1542720.000000 0.829464 1542720.000000 0.829464 0.998913 0.485333 0.207366 0.000000 0 
952800.000000 1.263609 952800.000000 1.263609 0.998076 0.168172 0.315902 0.000000 1 
#Generacion: 4500 
#Distancia: 332.562525 
2058720.000000 0.798708 2058720.000000 0.798708 0.964837 0.762753 0.199677 0.000000 0 
869760.000000 1.737778 869760.000000 1.737778 0.991042 0.123527 0.434444 0.000000 0 
869760.000000 1.737778 869760.000000 1.737778 0.991042 0.123527 0.434444 0.000000 0 
1926240.000000 0.801902 1926240.000000 0.801902 0.994054 0.691527 0.200475 0.000000 0 
898800.000000 1.504590 898800.000000 1.504590 0.994111 0.139140 0.376147 0.000000 0 
2033040.000000 0.800999 2033040.000000 0.800999 0.954718 0.748946 0.200250 0.000000 0 
879600.000000 1.702895 879600.000000 1.702895 0.995040 0.128817 0.425724 0.000000 0 
888720.000000 1.552515 888720.000000 1.552515 0.994907 0.133720 0.388129 0.000000 0 
905040.000000 1.427248 905040.000000 1.427248 0.995954 0.142495 0.356812 0.000000 0 
887520.000000 1.626875 887520.000000 1.626875 0.995397 0.133075 0.406719 0.000000 0 
887520.000000 1.626875 887520.000000 1.626875 0.995397 0.133075 0.406719 0.000000 0 
1720800.000000 0.812668 1720800.000000 0.812668 0.995629 0.581075 0.203167 0.000000 0 
1746480.000000 0.810763 1746480.000000 0.810763 0.997665 0.594882 0.202691 0.000000 0 
1796640.000000 0.810387 1796640.000000 0.810387 0.997907 0.621849 0.202597 0.000000 0 
1672560.000000 0.815225 1672560.000000 0.815225 0.989223 0.555140 0.203806 0.000000 0 
928080.000000 1.308255 928080.000000 1.308255 0.989883 0.154882 0.327064 0.000000 0 
1570560.000000 0.821676 1570560.000000 0.821676 0.989692 0.500301 0.205419 0.000000 0 
1836000.000000 0.807075 1836000.000000 0.807075 0.981301 0.643011 0.201769 0.000000 0 
926640.000000 1.336117 926640.000000 1.336117 0.998639 0.154108 0.334029 0.000000 0 
937920.000000 1.281054 937920.000000 1.281054 0.985309 0.160172 0.320263 0.000000 0 
1886160.000000 0.803712 1886160.000000 0.803712 0.996803 0.669978 0.200928 0.000000 0 
1875120.000000 0.805544 1875120.000000 0.805544 0.975592 0.664043 0.201386 0.000000 0 
878160.000000 1.713253 878160.000000 1.713253 0.995262 0.128043 0.428313 0.000000 0 
960480.000000 1.186253 960480.000000 1.186253 0.993541 0.172301 0.296563 0.000000 0 
920880.000000 1.405401 920880.000000 1.405401 0.985242 0.151011 0.351350 0.000000 0 
894240.000000 1.526890 894240.000000 1.526890 0.990399 0.136688 0.381722 0.000000 0 
1068960.000000 1.015357 1068960.000000 1.015357 0.993283 0.230624 0.253839 0.000000 0 
1637280.000000 0.817494 1637280.000000 0.817494 0.997078 0.536172 0.204373 0.000000 0 
925920.000000 1.353599 925920.000000 1.353599 0.996120 0.153720 0.338400 0.000000 0 
1439520.000000 0.844573 1439520.000000 0.844573 0.997740 0.429849 0.211143 0.000000 0 
1007040.000000 1.091703 1007040.000000 1.091703 0.992697 0.197333 0.272926 0.000000 0 
1123200.000000 0.950272 1123200.000000 0.950272 0.998993 0.259785 0.237568 0.000000 0 
1473600.000000 0.838943 1473600.000000 0.838943 0.999464 0.448172 0.209736 0.000000 0 
1287360.000000 0.879899 1287360.000000 0.879899 0.997818 0.348043 0.219975 0.000000 0 
1006080.000000 1.110372 1006080.000000 1.110372 0.994516 0.196817 0.277593 0.000000 0 
1082400.000000 1.000286 1082400.000000 1.000286 0.996390 0.237849 0.250072 0.000000 0 
936480.000000 1.294883 936480.000000 1.294883 0.998201 0.159398 0.323721 0.000000 0 
1496640.000000 0.834602 1496640.000000 0.834602 0.997766 0.460559 0.208651 0.000000 0 
942000.000000 1.255124 942000.000000 1.255124 0.988374 0.162366 0.313781 0.000000 0 
921600.000000 1.371303 921600.000000 1.371303 0.999573 0.151398 0.342826 0.000000 0 
1816320.000000 0.807275 1816320.000000 0.807275 0.980298 0.632430 0.201819 0.000000 0 
998400.000000 1.121123 998400.000000 1.121123 0.989832 0.192688 0.280281 0.000000 0 
988800.000000 1.130748 988800.000000 1.130748 0.990944 0.187527 0.282687 0.000000 0 
1014960.000000 1.079307 1014960.000000 1.079307 0.996733 0.201591 0.269827 0.000000 0 
1047360.000000 1.033975 1047360.000000 1.033975 0.999751 0.219011 0.258494 0.000000 0 
1542720.000000 0.829464 1542720.000000 0.829464 0.998913 0.485333 0.207366 0.000000 0 
1420080.000000 0.850073 1420080.000000 0.850073 0.998177 0.419398 0.212518 0.000000 0 
1608480.000000 0.818816 1608480.000000 0.818816 0.998507 0.520688 0.204704 0.000000 0 
1458720.000000 0.842249 1458720.000000 0.842249 0.997284 0.440172 0.210562 0.000000 0 
955680.000000 1.210194 955680.000000 1.210194 0.991312 0.169720 0.302549 0.000000 0 
1113840.000000 0.961036 1113840.000000 0.961036 0.997683 0.254753 0.240259 0.000000 0 
1307520.000000 0.878748 1307520.000000 0.878748 0.996940 0.358882 0.219687 0.000000 0 
980880.000000 1.140834 980880.000000 1.140834 0.996252 0.183269 0.285209 0.000000 0 
975360.000000 1.166635 975360.000000 1.166635 0.981046 0.180301 0.291659 0.000000 0 
1033200.000000 1.054819 1033200.000000 1.054819 0.992283 0.211398 0.263705 0.000000 0 
1157280.000000 0.934343 1157280.000000 0.934343 0.997611 0.278108 0.233586 0.000000 0 
1271520.000000 0.887602 1271520.000000 0.887602 0.991574 0.339527 0.221900 0.000000 0 
968160.000000 1.177780 968160.000000 1.177780 0.991815 0.176430 0.294445 0.000000 0 
1103520.000000 0.967190 1103520.000000 0.967190 0.997870 0.249204 0.241798 0.000000 0 
1172400.000000 0.929724 1172400.000000 0.929724 0.995181 0.286237 0.232431 0.000000 0 
976560.000000 1.152805 976560.000000 1.152805 0.988935 0.180946 0.288201 0.000000 0 
1655280.000000 0.815615 1655280.000000 0.815615 0.997934 0.545849 0.203904 0.000000 0 
1197120.000000 0.920312 1197120.000000 0.920312 0.995119 0.299527 0.230078 0.000000 0 
889440.000000 1.538133 889440.000000 1.538133 0.992645 0.134108 0.384533 0.000000 0 
1555440.000000 0.825760 1555440.000000 0.825760 0.994586 0.492172 0.206440 0.000000 0 
1389600.000000 0.854776 1389600.000000 0.854776 0.998744 0.403011 0.213694 0.000000 0 
1206000.000000 0.912444 1206000.000000 0.912444 0.988047 0.304301 0.228111 0.000000 0 
1518480.000000 0.829632 1518480.000000 0.829632 0.998643 0.472301 0.207408 0.000000 0 
954960.000000 1.214369 954960.000000 1.214369 0.993063 0.169333 0.303592 0.000000 0 
1186320.000000 0.926934 1186320.000000 0.926934 0.998559 0.293720 0.231733 0.000000 0 
1324800.000000 0.877164 1324800.000000 0.877164 0.997773 0.368172 0.219291 0.000000 0 
1407840.000000 0.852478 1407840.000000 0.852478 0.997648 0.412817 0.213119 0.000000 0 
1251600.000000 0.899057 1251600.000000 0.899057 0.997576 0.328817 0.224764 0.000000 0 
1084080.000000 0.991972 1084080.000000 0.991972 0.999223 0.238753 0.247993 0.000000 0 
1144320.000000 0.947459 1144320.000000 0.947459 0.997201 0.271140 0.236865 0.000000 0 
911760.000000 1.425292 911760.000000 1.425292 0.988912 0.146108 0.356323 0.000000 0 
1236240.000000 0.899264 1236240.000000 0.899264 0.996199 0.320559 0.224816 0.000000 0 
1257600.000000 0.887782 1257600.000000 0.887782 0.993961 0.332043 0.221945 0.000000 0 
915120.000000 1.407376 915120.000000 1.407376 0.991862 0.147914 0.351844 0.000000 0 
948720.000000 1.254916 948720.000000 1.254916 0.989151 0.165978 0.313729 0.000000 0 
1330560.000000 0.868109 1330560.000000 0.868109 0.999767 0.371269 0.217027 0.000000 0 
1376880.000000 0.857740 1376880.000000 0.857740 0.991501 0.396172 0.214435 0.000000 0 
949920.000000 1.234600 949920.000000 1.234600 0.999092 0.166624 0.308650 0.000000 0 
1608480.000000 0.818816 1608480.000000 0.818816 0.998507 0.520688 0.204704 0.000000 0 
1025760.000000 1.066865 1025760.000000 1.066865 0.995400 0.207398 0.266716 0.000000 0 
1092000.000000 0.979658 1092000.000000 0.979658 0.998516 0.243011 0.244914 0.000000 0 
1343520.000000 0.865678 1343520.000000 0.865678 0.989334 0.378237 0.216419 0.000000 0 
1365840.000000 0.860506 1365840.000000 0.860506 0.990408 0.390237 0.215127 0.000000 0 
1153920.000000 0.946572 1153920.000000 0.946572 0.992991 0.276301 0.236643 0.000000 0 
1352880.000000 0.862224 1352880.000000 0.862224 0.988047 0.383269 0.215556 0.000000 0 
1230240.000000 0.909503 1230240.000000 0.909503 0.996812 0.317333 0.227376 0.000000 0 
1509120.000000 0.832201 1509120.000000 0.832201 0.997045 0.467269 0.208050 0.000000 0 
1221360.000000 0.909784 1221360.000000 0.909784 0.987899 0.312559 0.227446 0.000000 0 
1098720.000000 0.979600 1098720.000000 0.979600 0.999538 0.246624 0.244900 0.000000 0 
949920.000000 1.234600 949920.000000 1.234600 0.999092 0.166624 0.308650 0.000000 0 
921600.000000 1.371303 921600.000000 1.371303 0.999573 0.151398 0.342826 0.000000 0 
1061040.000000 1.030055 1061040.000000 1.030055 0.996178 0.226366 0.257514 0.000000 0 
1021920.000000 1.069974 1021920.000000 1.069974 0.999695 0.205333 0.267493 0.000000 0 
1061760.000000 1.024257 1061760.000000 1.024257 0.994462 0.226753 0.256064 0.000000 0 
1037520.000000 1.044621 1037520.000000 1.044621 0.998597 0.213720 0.261155 0.000000 0 
#Generacion: 5000 
#Distancia: 336.717273 
