62526105.594634 60577546.861533 1948560.000000 1.266899 7.057755 33.272100 15144386.715383 60577545.594634 52 
131166260266141.187500 131166258257822.875000 2008320.000000 1.681949 13116626.825782 70519494.422657 32791564564455.718750 131166258257821.187500 88 
155344404185815.843750 155344402084858.187500 2100960.000000 2.351421 15534441.208486 83518496.530009 38836100521214.546875 155344402084855.843750 91 
44376678382995.140625 44376676191316.390625 2191680.000000 1.252880 4437668.619132 23858428.894083 11094169047829.097656 44376676191315.140625 80 
44744635.423727 42836396.775791 1908240.000000 1.352065 5.283640 23.712170 10709099.193948 42836395.423727 18 
51133674.369487 49229755.980286 1903920.000000 1.610799 5.922975 27.147137 12307438.995072 49229754.369487 33 
132916101.554824 130916663.049093 1999440.000000 1.494270 14.091666 71.116184 32729165.762273 130916661.554824 70 
43153568.490512 41124129.859640 2029440.000000 1.369128 5.112413 22.856757 10281032.464910 41124128.490512 16 
23210870.259178 21170152.299293 2040720.000000 2.040115 3.117015 12.134876 5292538.074823 21170150.259178 0 
27813025.539690 25700546.800234 2112480.000000 1.260544 3.570055 14.609154 6425136.700058 25700545.539690 4 
51323111.795546 49247594.072801 2075520.000000 2.277255 5.924759 27.248985 12311898.518200 49247591.795546 34 
53807907.022869 51962068.756388 1845840.000000 1.733519 6.196207 28.584896 12990517.189097 51962067.022869 41 
50239803.953929 48307086.094851 1932720.000000 2.140922 5.830708 26.666561 12076771.523713 48307083.953929 30 
51248317.789583 49310799.912615 1937520.000000 2.123032 5.931080 27.208773 12327699.978154 49310797.789583 34 
30435749.058220 28425750.538176 2010000.000000 1.479956 3.842575 16.019220 7106437.634544 28425749.058220 8 
21811254700095.578125 21811252592417.007812 2107680.000000 1.428345 2181126.259242 11726480.677471 5452813148104.251953 21811252592415.578125 75 
46395278.596048 44352400.570633 2042880.000000 1.974585 5.435240 24.599612 11088100.142658 44352398.596048 19 
114111832177945.109375 114111830043626.500000 2134320.000000 1.393356 11411184.004363 61350447.063411 28527957510906.625000 114111830043625.109375 86 
51395122.718820 49547364.163777 1847760.000000 1.444957 5.954736 27.287700 12386841.040944 49547362.718820 35 
71714140.127096 69663821.994918 2050320.000000 1.867822 7.966382 38.211903 17415955.498730 69663820.127096 59 
51973242.896897 49847083.928725 2126160.000000 1.031828 5.984708 27.598518 12461770.982181 49847082.896897 38 
58024959.712054 55950161.109492 2074800.000000 1.397438 6.595016 30.852129 13987540.277373 55950159.712054 48 
80212603809594.156250 80212601721115.562500 2088480.000000 1.401050 8021261.172111 43125055.467524 20053150430278.890625 80212601721114.156250 84 
89459153.188741 87172914.694635 2286240.000000 1.505893 9.717291 47.752233 21793228.673659 87172913.188741 63 
47482183.069255 45473864.450600 2008320.000000 1.381345 5.547386 25.183969 11368466.112650 45473863.069255 22 
48002752.674805 45965154.380929 2037600.000000 1.706124 5.596515 25.463846 11491288.595232 45965152.674805 23 
61448890603134.554688 61448888689376.585938 1913760.000000 2.028856 6144889.868937 33037037.614588 15362222172344.146484 61448888689374.554688 83 
70834569.806756 68742011.610551 2092560.000000 1.803795 7.874201 37.739016 17185502.902638 68742009.806756 58 
47146394.277773 45185355.381845 1961040.000000 1.104072 5.518535 25.003438 11296338.845461 45185354.277773 20 
95990974475804.421875 95990972692606.156250 1783200.000000 1.729536 9599098.269260 51608050.449357 23997743173151.539062 95990972692604.421875 85 
114680129470068.406250 114680127491270.906250 1978800.000000 2.501214 11468013.749127 61655983.241972 28670031872817.726562 114680127491268.406250 87 
50348945.185515 48219666.557166 2129280.000000 1.371651 5.821967 26.725239 12054916.639291 48219665.185515 30 
68752092.990538 66782654.658341 1969440.000000 1.667803 7.678265 36.619405 16695663.664585 66782652.990538 56 
51504553.940631 49473676.961680 2030880.000000 3.021049 5.947367 27.346534 12368419.240420 49473673.940631 36 
93286921.751367 91341244.379780 1945680.000000 2.628413 10.134124 49.810173 22835311.094945 91341241.751367 65 
29027887.039189 26980688.401753 2047200.000000 1.362563 3.698069 15.262305 6745172.100438 26980687.039189 6 
31424893.904656 29539695.309187 1885200.000000 1.404530 3.953969 16.551018 7384923.827297 29539693.904656 9 
102938142.139827 100796384.861495 2141760.000000 2.721668 11.079638 54.999001 25199096.215374 100796382.139827 66 
24352041207964.105469 24352039172525.871094 2035440.000000 1.767210 2435204.917252 13092494.929013 6088009793131.467773 24352039172524.105469 77 
59846337.986272 57926819.702217 1919520.000000 1.715946 6.792682 31.831365 14481704.925554 57926817.986272 49 
40803481.674149 38954763.653913 1848720.000000 1.979764 4.895476 21.593270 9738690.913478 38954761.674149 11 
136054207131754.140625 136054205162556.640625 1969200.000000 2.505717 13605421.516255 73147422.845029 34013551290639.160156 136054205162554.140625 89 
27099003.009898 25036684.636342 2062320.000000 1.626444 3.503668 14.225270 6259171.159085 25036683.009898 3 
78873687.631794 76850728.916990 2022960.000000 1.285196 8.685073 42.061122 19212682.229248 76850727.631794 62 
54096560.876908 52011202.975155 2085360.000000 2.098247 6.201120 28.740086 13002800.743789 52011200.876908 42 
51128546.162770 49125028.220309 2003520.000000 2.057539 5.912503 27.144380 12281257.055077 49125026.162770 32 
75370146.987137 73493829.289129 1876320.000000 2.301992 8.349383 40.177498 18373457.322282 73493826.987137 61 
10949390694259.250000 10949388786741.023438 1907520.000000 1.772857 1094939.878674 5886768.846376 2737347196685.255859 10949388786739.250000 74 
74035586.257262 71875828.057056 2159760.000000 1.799794 8.187583 39.459993 17968957.014264 71875826.257262 60 
54624793.495731 52602794.684416 2022000.000000 1.188686 6.260279 29.024083 13150698.671104 52602793.495731 44 
28637914.597243 26723436.238286 1914480.000000 1.641043 3.672343 15.052642 6680859.059572 26723434.597243 5 
49559980.483866 47481102.358055 2078880.000000 1.874189 5.748110 26.301065 11870275.589514 47481100.483866 28 
24795288.445627 22762489.890240 2032800.000000 1.444613 3.276249 12.986714 5690622.472560 22762488.445627 1 
104601936.055515 102679778.919571 1922160.000000 2.864055 11.267978 55.893514 25669944.729893 102679776.055515 67 
47948999.629878 46138441.099974 1810560.000000 1.470096 5.613844 25.434946 11534610.274994 46138439.629878 24 
144450287343192.781250 144450285198314.218750 2144880.000000 1.437107 14445029.519831 77661444.464082 36112571299578.554688 144450285198312.781250 90 
54249104.473318 52321906.362667 1927200.000000 1.889350 6.232190 28.822099 13080476.590667 52321904.473318 43 
48031372.254334 46099854.067245 1931520.000000 1.812911 5.609985 25.479232 11524963.516811 46099852.254334 24 
29449812.164276 27383893.304549 2065920.000000 1.140273 3.738389 15.489146 6845973.326137 27383892.164276 7 
51508115.331710 49652436.776568 1855680.000000 1.444858 5.965244 27.348449 12413109.194142 49652435.331710 37 
42966005.818067 40913287.289644 2052720.000000 1.471577 5.091329 22.755917 10228321.822411 40913285.818067 15 
211891845445.744843 211889791767.025299 2053680.000000 1.280471 21189.979177 113920.002928 52972447941.756325 211889791765.744843 72 
43323681.878601 41312723.823209 2010960.000000 1.944608 5.131272 22.948216 10328180.955802 41312721.878601 17 
51468621.266514 49425743.242391 2042880.000000 1.975877 5.942574 27.327216 12356435.810598 49425741.266514 35 
210292463.686930 208449505.258398 1842960.000000 1.571468 21.844950 112.716378 52112376.314599 208449503.686930 71 
70154960.285950 68034321.439137 2120640.000000 1.153187 7.803432 37.373635 17008580.359784 68034320.285950 57 
56841151.843642 54827793.912674 2013360.000000 2.069032 6.482779 30.215673 13706948.478169 54827791.843642 46 
22185623322158.847656 22185621150640.125000 2171520.000000 1.278568 2218563.115064 11927754.130193 5546405287660.031250 22185621150638.847656 76 
64322731.475644 62207852.804429 2114880.000000 1.328785 7.220785 34.238028 15551963.201107 62207851.475644 54 
120832224.136731 118904785.774424 1927440.000000 1.637692 12.890478 64.619475 29726196.443606 118904784.136731 69 
41665887.207836 39604048.808338 2061840.000000 1.600502 4.960405 22.056929 9901012.202085 39604047.207836 12 
57174346.388486 55336427.852427 1837920.000000 1.463941 6.533643 30.394810 13834106.963107 55336426.388486 47 
48511337.340089 46554378.881892 1956960.000000 1.541804 5.655438 25.737278 11638594.720473 46554377.340089 25 
2295822341465.817871 2295820045867.264160 2295600.000000 1.446103 229583.004587 1234312.742724 573955011466.816040 2295820045865.817871 73 
42681292.109075 40498013.887207 2183280.000000 1.778131 5.049801 22.602845 10124503.471802 40498012.109075 14 
30653567268548.683594 30653565276310.078125 1992240.000000 1.396034 3065357.527631 16480412.165886 7663391319077.519531 30653565276308.683594 78 
104831827.163443 102763990.589754 2067840.000000 3.426311 11.276399 56.017111 25690997.647438 102763987.163443 68 
55621208.514449 53585530.066758 2035680.000000 1.552308 6.358553 29.559790 13396382.516689 53585528.514449 45 
48953414.649866 47178136.261000 1775280.000000 1.611134 5.717813 25.974954 11794534.065250 47178134.649866 26 
42330696.220268 40315658.236914 2015040.000000 2.016647 5.031566 22.414353 10078914.559229 40315656.220268 13 
52134085.428627 50127926.939208 2006160.000000 1.510581 6.012793 27.684992 12531981.734802 50127925.428627 39 
50378984.137489 48442665.569574 1936320.000000 1.432085 5.844266 26.741389 12110666.392393 48442664.137489 31 
61767598.312083 59846159.819174 1921440.000000 1.507091 6.984616 32.864300 14961539.954793 59846158.312083 51 
64002478.035188 61974239.307548 2028240.000000 1.272360 7.197424 34.065848 15493559.826887 61974238.035188 53 
47327436.548143 45195277.914546 2132160.000000 1.366403 5.519528 25.100772 11298819.478636 45195276.548143 21 
49589856.859611 47363857.965959 2226000.000000 1.106349 5.736386 26.317127 11840964.491490 47363856.859611 28 
47896635.463330 45971357.044624 1925280.000000 1.581294 5.597136 25.406793 11492839.261156 45971355.463330 23 
49156242.870160 47224964.844980 1931280.000000 1.974820 5.722496 26.084002 11806241.211245 47224962.870160 27 
46806253276370.320312 46806251307891.726562 1968480.000000 1.407369 4680626.130789 25164651.955038 11701562826972.931641 46806251307890.320312 81 
53933751.222864 51855592.621269 2078160.000000 1.398404 6.185559 28.652554 12963898.155317 51855591.222864 41 
26087979.900321 24103421.629261 1984560.000000 1.728940 3.410342 13.681710 6025855.407315 24103419.900321 2 
34143166.539633 32077488.181997 2065680.000000 1.642364 4.207749 18.012455 8019372.045499 32077486.539633 10 
91091951.245181 89335873.734288 1756080.000000 2.489108 9.933587 48.630081 22333968.433572 89335871.245181 64 
57039094480781.601562 57039092590303.828125 1890480.000000 2.230105 5703910.259030 30666179.484291 14259773147575.957031 57039092590301.601562 82 
32330430863096.875000 32330428820219.144531 2042880.000000 2.271450 3233043.882022 17381951.732848 8082607205054.786133 32330428820216.875000 79 
66393882.913565 64245644.643942 2148240.000000 1.730377 7.424564 35.351550 16061411.160985 64245642.913565 55 
42635509.640825 40583751.469200 2051760.000000 1.828375 5.058375 22.578231 10145937.867300 40583749.640825 14 
49856277.383246 47744999.756848 2111280.000000 2.373602 5.774500 26.460364 11936249.939212 47744997.383246 29 
52266172.800988 50190894.554615 2075280.000000 1.753627 6.019089 27.756007 12547723.638654 50190892.800988 40 
60525860.010605 58519701.576791 2006160.000000 1.566186 6.851970 32.196699 14629925.394198 58519700.010605 50 
#Generacion: 1 
#Distancia: 792.362727 
1355520.000000 0.921649 1355520.000000 0.921649 0.978141 0.384688 0.230412 0.000000 0 
1110240.000000 1.116974 1110240.000000 1.116974 0.988167 0.252817 0.279243 0.000000 0 
1320720.000000 0.930298 1320720.000000 0.930298 0.986128 0.365978 0.232575 0.000000 0 
1314960.000000 0.931135 1314960.000000 0.931135 0.987853 0.362882 0.232784 0.000000 0 
1760160.000000 0.851740 1760160.000000 0.851740 0.966125 0.602237 0.212935 0.000000 0 
1348080.000000 0.927509 1348080.000000 0.927509 0.977913 0.380688 0.231877 0.000000 0 
1128480.000000 1.052693 1128480.000000 1.052693 0.981134 0.262624 0.263173 0.000000 0 
1314960.000000 0.931135 1314960.000000 0.931135 0.987853 0.362882 0.232784 0.000000 0 
1128960.000000 1.048052 1128960.000000 1.048052 0.987816 0.262882 0.262013 0.000000 0 
1585680.000000 0.870196 1585680.000000 0.870196 0.998457 0.508430 0.217549 0.000000 0 
1204800.000000 0.987306 1204800.000000 0.987306 0.991743 0.303656 0.246826 0.000000 0 
1691040.000000 0.860627 1691040.000000 0.860627 0.972089 0.565075 0.215157 0.000000 0 
1122480.000000 1.054120 1122480.000000 1.054120 0.995210 0.259398 0.263530 0.000000 0 
1227600.000000 0.983090 1227600.000000 0.983090 0.983091 0.315914 0.245773 0.000000 0 
1320720.000000 0.930298 1320720.000000 0.930298 0.986128 0.365978 0.232575 0.000000 0 
1170480.000000 1.026541 1170480.000000 1.026541 0.984130 0.285204 0.256635 0.000000 0 
1366560.000000 0.921634 1366560.000000 0.921634 0.996814 0.390624 0.230409 0.000000 0 
1678080.000000 0.863678 1678080.000000 0.863678 0.965779 0.558108 0.215920 0.000000 0 
1278720.000000 0.944777 1278720.000000 0.944777 0.993504 0.343398 0.236194 0.000000 0 
1567440.000000 0.874993 1567440.000000 0.874993 0.991852 0.498624 0.218748 0.000000 0 
1680480.000000 0.863427 1680480.000000 0.863427 0.972234 0.559398 0.215857 0.000000 0 
1116960.000000 1.104854 1116960.000000 1.104854 0.974407 0.256430 0.276214 0.000000 0 
1349520.000000 0.924652 1349520.000000 0.924652 0.972665 0.381462 0.231163 0.000000 0 
1164000.000000 1.031647 1164000.000000 1.031647 0.991132 0.281720 0.257912 0.000000 0 
1291200.000000 0.937732 1291200.000000 0.937732 0.987214 0.350108 0.234433 0.000000 0 
1239120.000000 0.973119 1239120.000000 0.973119 0.999463 0.322108 0.243280 0.000000 0 
1324560.000000 0.927557 1324560.000000 0.927557 0.999783 0.368043 0.231889 0.000000 0 
1195440.000000 0.999689 1195440.000000 0.999689 0.988316 0.298624 0.249922 0.000000 0 
1644720.000000 0.869338 1644720.000000 0.869338 0.940164 0.540172 0.217334 0.000000 0 
995040.000000 1.545669 995040.000000 1.545669 0.995438 0.190882 0.386417 0.000000 0 
1006080.000000 1.532643 1006080.000000 1.532643 0.987872 0.196817 0.383161 0.000000 0 
1878000.000000 0.847593 1878000.000000 0.847593 0.999958 0.665591 0.211898 0.000000 0 
1050720.000000 1.245259 1050720.000000 1.245259 0.992738 0.220817 0.311315 0.000000 0 
998880.000000 1.542602 998880.000000 1.542602 0.996304 0.192946 0.385651 0.000000 0 
1735920.000000 0.855664 1735920.000000 0.855664 0.992377 0.589204 0.213916 0.000000 0 
1045680.000000 1.280738 1045680.000000 1.280738 0.993445 0.218108 0.320185 0.000000 0 
1229520.000000 0.980651 1229520.000000 0.980651 0.985622 0.316946 0.245163 0.000000 0 
1354560.000000 0.921885 1354560.000000 0.921885 0.977983 0.384172 0.230471 0.000000 0 
1200960.000000 0.988438 1200960.000000 0.988438 0.997873 0.301591 0.247110 0.000000 0 
1324080.000000 0.929072 1324080.000000 0.929072 0.986810 0.367785 0.232268 0.000000 0 
1566000.000000 0.875057 1566000.000000 0.875057 0.995285 0.497849 0.218764 0.000000 0 
1350240.000000 0.923807 1350240.000000 0.923807 0.988085 0.381849 0.230952 0.000000 0 
1690800.000000 0.862662 1690800.000000 0.862662 0.987415 0.564946 0.215666 0.000000 0 
1816320.000000 0.850813 1816320.000000 0.850813 0.995819 0.632430 0.212703 0.000000 0 
1260480.000000 0.954399 1260480.000000 0.954399 0.995721 0.333591 0.238600 0.000000 0 
1575120.000000 0.870271 1575120.000000 0.870271 0.998469 0.502753 0.217568 0.000000 0 
1059360.000000 1.200642 1059360.000000 1.200642 0.981089 0.225462 0.300161 0.000000 0 
1006800.000000 1.532111 1006800.000000 1.532111 0.986430 0.197204 0.383028 0.000000 0 
1136880.000000 1.037864 1136880.000000 1.037864 0.997025 0.267140 0.259466 0.000000 0 
1368000.000000 0.919224 1368000.000000 0.919224 0.992284 0.391398 0.229806 0.000000 0 
1039200.000000 1.311510 1039200.000000 1.311510 0.990909 0.214624 0.327877 0.000000 0 
1694160.000000 0.859649 1694160.000000 0.859649 0.966621 0.566753 0.214912 0.000000 0 
1078080.000000 1.183868 1078080.000000 1.183868 0.998851 0.235527 0.295967 0.000000 0 
1176720.000000 1.024506 1176720.000000 1.024506 0.996126 0.288559 0.256127 0.000000 0 
1395360.000000 0.893464 1395360.000000 0.893464 0.991525 0.406108 0.223366 0.000000 0 
1366560.000000 0.921634 1366560.000000 0.921634 0.996814 0.390624 0.230409 0.000000 0 
1375200.000000 0.915768 1375200.000000 0.915768 0.999533 0.395269 0.228942 0.000000 0 
1644240.000000 0.869497 1644240.000000 0.869497 0.971050 0.539914 0.217374 0.000000 0 
998880.000000 1.542602 998880.000000 1.542602 0.996304 0.192946 0.385651 0.000000 0 
1186560.000000 1.004042 1186560.000000 1.004042 0.997059 0.293849 0.251011 0.000000 0 
1119840.000000 1.076698 1119840.000000 1.076698 0.985181 0.257978 0.269174 0.000000 0 
1050000.000000 1.245596 1050000.000000 1.245596 0.989075 0.220430 0.311399 0.000000 0 
1412880.000000 0.893169 1412880.000000 0.893169 0.988686 0.415527 0.223292 0.000000 0 
1093440.000000 1.179928 1093440.000000 1.179928 0.990151 0.243785 0.294982 0.000000 0 
1464480.000000 0.879828 1464480.000000 0.879828 0.993599 0.443269 0.219957 0.000000 0 
1557600.000000 0.878823 1557600.000000 0.878823 0.988070 0.493333 0.219706 0.000000 0 
1291200.000000 0.937732 1291200.000000 0.937732 0.987214 0.350108 0.234433 0.000000 0 
1559520.000000 0.875334 1559520.000000 0.875334 0.995340 0.494366 0.218834 0.000000 0 
1109520.000000 1.121868 1109520.000000 1.121868 0.987935 0.252430 0.280467 0.000000 0 
1366560.000000 0.921634 1366560.000000 0.921634 0.996814 0.390624 0.230409 0.000000 0 
1244160.000000 0.962431 1244160.000000 0.962431 0.997090 0.324817 0.240608 0.000000 0 
1107120.000000 1.145348 1107120.000000 1.145348 0.986928 0.251140 0.286337 0.000000 0 
1100400.000000 1.175886 1100400.000000 1.175886 0.996718 0.247527 0.293971 0.000000 0 
1388880.000000 0.900739 1388880.000000 0.900739 0.996612 0.402624 0.225185 0.000000 0 
1297920.000000 0.931549 1297920.000000 0.931549 0.997887 0.353720 0.232887 0.000000 0 
1018800.000000 1.480827 1018800.000000 1.480827 0.997369 0.203656 0.370207 0.000000 0 
1801200.000000 0.855107 1801200.000000 0.855107 0.969088 0.624301 0.213777 0.000000 1 
1002000.000000 1.723741 1002000.000000 1.723741 0.992391 0.194624 0.430935 0.000000 1 
1002000.000000 1.723741 1002000.000000 1.723741 0.992391 0.194624 0.430935 0.000000 1 
1004880.000000 1.545618 1004880.000000 1.545618 0.994900 0.196172 0.386404 0.000000 1 
1605120.000000 0.870369 1605120.000000 0.870369 0.996385 0.518882 0.217592 0.000000 1 
1140240.000000 1.038928 1140240.000000 1.038928 0.997111 0.268946 0.259732 0.000000 1 
1035120.000000 1.482170 1035120.000000 1.482170 0.981920 0.212430 0.370542 0.000000 1 
1325040.000000 0.930389 1325040.000000 0.930389 0.986008 0.368301 0.232597 0.000000 1 
1489920.000000 0.882951 1489920.000000 0.882951 0.985389 0.456946 0.220738 0.000000 1 
1043760.000000 1.402582 1043760.000000 1.402582 0.996652 0.217075 0.350646 0.000000 1 
1063680.000000 1.286694 1063680.000000 1.286694 0.996937 0.227785 0.321674 0.000000 1 
1044480.000000 1.340281 1044480.000000 1.340281 0.975116 0.217462 0.335070 0.000000 1 
1067760.000000 1.203626 1067760.000000 1.203626 0.996830 0.229978 0.300907 0.000000 1 
1181280.000000 1.026244 1181280.000000 1.026244 0.999407 0.291011 0.256561 0.000000 1 
1383360.000000 0.919479 1383360.000000 0.919479 0.998737 0.399656 0.229870 0.000000 1 
1441200.000000 0.901464 1441200.000000 0.901464 0.994750 0.430753 0.225366 0.000000 1 
1206960.000000 0.993617 1206960.000000 0.993617 0.970829 0.304817 0.248404 0.000000 1 
1097520.000000 1.192215 1097520.000000 1.192215 0.997043 0.245978 0.298054 0.000000 1 
1101840.000000 1.176668 1101840.000000 1.176668 0.975625 0.248301 0.294167 0.000000 1 
1026480.000000 1.499767 1026480.000000 1.499767 0.984230 0.207785 0.374942 0.000000 1 
1029360.000000 1.489078 1029360.000000 1.489078 0.984104 0.209333 0.372269 0.000000 1 
1019760.000000 1.527301 1019760.000000 1.527301 0.977004 0.204172 0.381825 0.000000 1 
1026240.000000 1.519724 1026240.000000 1.519724 0.993263 0.207656 0.379931 0.000000 1 
1023120.000000 1.520858 1023120.000000 1.520858 0.984694 0.205978 0.380215 0.000000 1 
#Generacion: 500 
#Distancia: 352.494444 
1306560.000000 0.910909 1306560.000000 0.910909 0.987462 0.358366 0.227727 0.000000 0 
1098960.000000 1.096581 1098960.000000 1.096581 0.964605 0.246753 0.274145 0.000000 0 
1251120.000000 0.934241 1251120.000000 0.934241 0.992583 0.328559 0.233560 0.000000 0 
1524960.000000 0.865241 1524960.000000 0.865241 0.998299 0.475785 0.216310 0.000000 0 
1251120.000000 0.934241 1251120.000000 0.934241 0.992583 0.328559 0.233560 0.000000 0 
1049760.000000 1.157726 1049760.000000 1.157726 0.975542 0.220301 0.289431 0.000000 0 
988560.000000 1.339284 988560.000000 1.339284 0.986061 0.187398 0.334821 0.000000 0 
1693200.000000 0.845321 1693200.000000 0.845321 0.974047 0.566237 0.211330 0.000000 0 
1043280.000000 1.159496 1043280.000000 1.159496 0.978219 0.216817 0.289874 0.000000 0 
1745760.000000 0.843377 1745760.000000 0.843377 0.982554 0.594495 0.210844 0.000000 0 
957360.000000 1.534504 957360.000000 1.534504 0.994776 0.170624 0.383626 0.000000 0 
982800.000000 1.354619 982800.000000 1.354619 0.986909 0.184301 0.338655 0.000000 0 
1022160.000000 1.227786 1022160.000000 1.227786 0.997606 0.205462 0.306947 0.000000 0 
1193040.000000 0.960767 1193040.000000 0.960767 0.997225 0.297333 0.240192 0.000000 0 
993600.000000 1.338895 993600.000000 1.338895 0.992386 0.190108 0.334724 0.000000 0 
1022160.000000 1.227786 1022160.000000 1.227786 0.997606 0.205462 0.306947 0.000000 0 
1328640.000000 0.909716 1328640.000000 0.909716 0.987653 0.370237 0.227429 0.000000 0 
1418640.000000 0.884154 1418640.000000 0.884154 0.994831 0.418624 0.221039 0.000000 0 
1706400.000000 0.844384 1706400.000000 0.844384 0.993820 0.573333 0.211096 0.000000 0 
1021440.000000 1.228111 1021440.000000 1.228111 0.998900 0.205075 0.307028 0.000000 0 
1116960.000000 1.020056 1116960.000000 1.020056 0.992154 0.256430 0.255014 0.000000 0 
998400.000000 1.327124 998400.000000 1.327124 0.986491 0.192688 0.331781 0.000000 0 
1193040.000000 0.960767 1193040.000000 0.960767 0.997225 0.297333 0.240192 0.000000 0 
1831680.000000 0.833815 1831680.000000 0.833815 0.974253 0.640688 0.208454 0.000000 0 
1206960.000000 0.958005 1206960.000000 0.958005 0.994677 0.304817 0.239501 0.000000 0 
1043280.000000 1.159496 1043280.000000 1.159496 0.978219 0.216817 0.289874 0.000000 0 
1730400.000000 0.843736 1730400.000000 0.843736 0.982970 0.586237 0.210934 0.000000 0 
1068960.000000 1.132016 1068960.000000 1.132016 0.988434 0.230624 0.283004 0.000000 0 
982800.000000 1.354619 982800.000000 1.354619 0.986909 0.184301 0.338655 0.000000 0 
1043280.000000 1.159496 1043280.000000 1.159496 0.978219 0.216817 0.289874 0.000000 0 
1084560.000000 1.114605 1084560.000000 1.114605 0.971482 0.239011 0.278651 0.000000 0 
1189680.000000 0.991293 1189680.000000 0.991293 0.979839 0.295527 0.247823 0.000000 0 
1080960.000000 1.128139 1080960.000000 1.128139 0.992879 0.237075 0.282035 0.000000 0 
1501920.000000 0.869926 1501920.000000 0.869926 0.999936 0.463398 0.217482 0.000000 0 
1193760.000000 0.960697 1193760.000000 0.960697 0.997545 0.297720 0.240174 0.000000 0 
1141440.000000 1.015871 1141440.000000 1.015871 0.998010 0.269591 0.253968 0.000000 0 
1104240.000000 1.062856 1104240.000000 1.062856 0.980022 0.249591 0.265714 0.000000 0 
1297440.000000 0.914750 1297440.000000 0.914750 0.993411 0.353462 0.228687 0.000000 0 
963120.000000 1.371967 963120.000000 1.371967 0.998766 0.173720 0.342992 0.000000 0 
1430880.000000 0.878809 1430880.000000 0.878809 0.991024 0.425204 0.219702 0.000000 0 
1074720.000000 1.130226 1074720.000000 1.130226 0.962121 0.233720 0.282556 0.000000 0 
1030320.000000 1.206597 1030320.000000 1.206597 0.993424 0.209849 0.301649 0.000000 0 
1289520.000000 0.915513 1289520.000000 0.915513 0.991750 0.349204 0.228878 0.000000 0 
1628640.000000 0.852242 1628640.000000 0.852242 0.999946 0.531527 0.213060 0.000000 0 
1242480.000000 0.934758 1242480.000000 0.934758 0.998741 0.323914 0.233689 0.000000 0 
963120.000000 1.371967 963120.000000 1.371967 0.998766 0.173720 0.342992 0.000000 0 
1192080.000000 0.961795 1192080.000000 0.961795 0.994975 0.296817 0.240449 0.000000 0 
950640.000000 1.540568 950640.000000 1.540568 0.998652 0.167011 0.385142 0.000000 0 
1242480.000000 0.934758 1242480.000000 0.934758 0.998741 0.323914 0.233689 0.000000 0 
1218480.000000 0.957534 1218480.000000 0.957534 0.998636 0.311011 0.239384 0.000000 0 
1144560.000000 1.013470 1144560.000000 1.013470 0.998902 0.271269 0.253368 0.000000 0 
1057200.000000 1.156464 1057200.000000 1.156464 0.990022 0.224301 0.289116 0.000000 0 
1794960.000000 0.838054 1794960.000000 0.838054 0.994078 0.620946 0.209514 0.000000 0 
1275360.000000 0.920479 1275360.000000 0.920479 0.991342 0.341591 0.230120 0.000000 0 
1009200.000000 1.243282 1009200.000000 1.243282 0.999038 0.198495 0.310820 0.000000 0 
1232880.000000 0.938746 1232880.000000 0.938746 0.994333 0.318753 0.234686 0.000000 0 
1009200.000000 1.243282 1009200.000000 1.243282 0.999038 0.198495 0.310820 0.000000 0 
1350480.000000 0.888043 1350480.000000 0.888043 0.997580 0.381978 0.222011 0.000000 0 
1678560.000000 0.847800 1678560.000000 0.847800 0.995741 0.558366 0.211950 0.000000 0 
1049760.000000 1.157726 1049760.000000 1.157726 0.975542 0.220301 0.289431 0.000000 0 
1153440.000000 0.991665 1153440.000000 0.991665 0.988840 0.276043 0.247916 0.000000 0 
1220160.000000 0.944589 1220160.000000 0.944589 0.983852 0.311914 0.236147 0.000000 0 
1041120.000000 1.166197 1041120.000000 1.166197 0.991141 0.215656 0.291549 0.000000 0 
1505520.000000 0.866826 1505520.000000 0.866826 0.992534 0.465333 0.216707 0.000000 0 
1764720.000000 0.840942 1764720.000000 0.840942 0.991411 0.604688 0.210236 0.000000 0 
1435440.000000 0.873769 1435440.000000 0.873769 0.989368 0.427656 0.218442 0.000000 0 
963120.000000 1.371967 963120.000000 1.371967 0.998766 0.173720 0.342992 0.000000 0 
957360.000000 1.534504 957360.000000 1.534504 0.994776 0.170624 0.383626 0.000000 0 
1350480.000000 0.888043 1350480.000000 0.888043 0.997580 0.381978 0.222011 0.000000 0 
1090320.000000 1.103581 1090320.000000 1.103581 0.998849 0.242108 0.275895 0.000000 0 
1544160.000000 0.854581 1544160.000000 0.854581 0.989709 0.486108 0.213645 0.000000 0 
1446720.000000 0.870532 1446720.000000 0.870532 0.999916 0.433720 0.217633 0.000000 0 
940080.000000 1.617316 940080.000000 1.617316 0.998949 0.161333 0.404329 0.000000 0 
1339200.000000 0.890941 1339200.000000 0.890941 0.997653 0.375914 0.222735 0.000000 0 
1542000.000000 0.858499 1542000.000000 0.858499 0.984436 0.484946 0.214625 0.000000 0 
1333440.000000 0.898881 1333440.000000 0.898881 0.996961 0.372817 0.224720 0.000000 0 
1136400.000000 1.017767 1136400.000000 1.017767 0.978635 0.266882 0.254442 0.000000 0 
1433760.000000 0.877788 1433760.000000 0.877788 0.991951 0.426753 0.219447 0.000000 0 
1253280.000000 0.927150 1253280.000000 0.927150 0.995354 0.329720 0.231787 0.000000 0 
1835040.000000 0.838923 1835040.000000 0.838923 0.997134 0.642495 0.209731 0.000000 1 
966720.000000 1.537650 966720.000000 1.537650 0.995248 0.175656 0.384412 0.000000 1 
966720.000000 1.537650 966720.000000 1.537650 0.995248 0.175656 0.384412 0.000000 1 
1033920.000000 1.211088 1033920.000000 1.211088 0.992583 0.211785 0.302772 0.000000 1 
1643760.000000 0.852523 1643760.000000 0.852523 0.986201 0.539656 0.213131 0.000000 1 
1081200.000000 1.129887 1081200.000000 1.129887 0.975986 0.237204 0.282472 0.000000 1 
1766640.000000 0.843015 1766640.000000 0.843015 0.986169 0.605720 0.210754 0.000000 1 
1449120.000000 0.875302 1449120.000000 0.875302 0.997366 0.435011 0.218826 0.000000 1 
1146000.000000 1.017370 1146000.000000 1.017370 0.993726 0.272043 0.254342 0.000000 1 
1114320.000000 1.067434 1114320.000000 1.067434 0.993874 0.255011 0.266859 0.000000 1 
1387920.000000 0.888063 1387920.000000 0.888063 0.992440 0.402108 0.222016 0.000000 1 
1224240.000000 0.957329 1224240.000000 0.957329 0.997080 0.314108 0.239332 0.000000 1 
1104240.000000 1.095865 1104240.000000 1.095865 0.981618 0.249591 0.273966 0.000000 1 
1190400.000000 0.993848 1190400.000000 0.993848 0.989962 0.295914 0.248462 0.000000 1 
1465200.000000 0.871017 1465200.000000 0.871017 0.999590 0.443656 0.217754 0.000000 1 
1602000.000000 0.857409 1602000.000000 0.857409 0.989074 0.517204 0.214352 0.000000 1 
1559280.000000 0.860537 1559280.000000 0.860537 0.993971 0.494237 0.215134 0.000000 1 
1577520.000000 0.860052 1577520.000000 0.860052 0.993933 0.504043 0.215013 0.000000 1 
1337280.000000 0.901664 1337280.000000 0.901664 0.981692 0.374882 0.225416 0.000000 1 
1271520.000000 0.932143 1271520.000000 0.932143 0.996277 0.339527 0.233036 0.000000 1 
1265040.000000 0.933690 1265040.000000 0.933690 0.983106 0.336043 0.233422 0.000000 1 
#Generacion: 1000 
#Distancia: 318.594949 
900720.000000 1.729500 900720.000000 1.729500 0.998648 0.140172 0.432375 0.000000 0 
1921920.000000 0.824973 1921920.000000 0.824973 0.994882 0.689204 0.206243 0.000000 0 
938400.000000 1.384585 938400.000000 1.384585 0.997365 0.160430 0.346146 0.000000 0 
933600.000000 1.537611 933600.000000 1.537611 0.997789 0.157849 0.384403 0.000000 0 
924480.000000 1.545520 924480.000000 1.545520 0.997445 0.152946 0.386380 0.000000 0 
1002480.000000 1.243332 1002480.000000 1.243332 0.999783 0.194882 0.310833 0.000000 0 
991680.000000 1.325727 991680.000000 1.325727 0.999864 0.189075 0.331432 0.000000 0 
917040.000000 1.634703 917040.000000 1.634703 0.994969 0.148946 0.408676 0.000000 0 
908400.000000 1.728138 908400.000000 1.728138 0.995012 0.144301 0.432034 0.000000 0 
912000.000000 1.643759 912000.000000 1.643759 0.999005 0.146237 0.410940 0.000000 0 
1627680.000000 0.844989 1627680.000000 0.844989 0.986663 0.531011 0.211247 0.000000 0 
1062960.000000 1.107715 1062960.000000 1.107715 0.991176 0.227398 0.276929 0.000000 0 
1691760.000000 0.841409 1691760.000000 0.841409 0.999538 0.565462 0.210352 0.000000 0 
1814400.000000 0.835374 1814400.000000 0.835374 0.994961 0.631398 0.208844 0.000000 0 
1445040.000000 0.864454 1445040.000000 0.864454 0.996907 0.432817 0.216113 0.000000 0 
945360.000000 1.337351 945360.000000 1.337351 0.996276 0.164172 0.334338 0.000000 0 
1037040.000000 1.141373 1037040.000000 1.141373 0.990650 0.213462 0.285343 0.000000 0 
1885440.000000 0.826442 1885440.000000 0.826442 0.998236 0.669591 0.206610 0.000000 0 
1486560.000000 0.864148 1486560.000000 0.864148 0.981320 0.455140 0.216037 0.000000 0 
1169520.000000 0.973945 1169520.000000 0.973945 0.985411 0.284688 0.243486 0.000000 0 
1868160.000000 0.829833 1868160.000000 0.829833 0.993252 0.660301 0.207458 0.000000 0 
1377600.000000 0.883233 1377600.000000 0.883233 0.996898 0.396559 0.220808 0.000000 0 
1593600.000000 0.852118 1593600.000000 0.852118 0.991649 0.512688 0.213030 0.000000 0 
1075440.000000 1.069834 1075440.000000 1.069834 0.984576 0.234108 0.267459 0.000000 0 
1015440.000000 1.185969 1015440.000000 1.185969 0.995737 0.201849 0.296492 0.000000 0 
1509600.000000 0.857936 1509600.000000 0.857936 0.995112 0.467527 0.214484 0.000000 0 
1422000.000000 0.870469 1422000.000000 0.870469 0.995607 0.420430 0.217617 0.000000 0 
1191120.000000 0.961899 1191120.000000 0.961899 0.994696 0.296301 0.240475 0.000000 0 
1396800.000000 0.878543 1396800.000000 0.878543 0.990130 0.406882 0.219636 0.000000 0 
1619280.000000 0.851036 1619280.000000 0.851036 0.997369 0.526495 0.212759 0.000000 0 
1010880.000000 1.214206 1010880.000000 1.214206 0.996861 0.199398 0.303552 0.000000 0 
1003680.000000 1.238836 1003680.000000 1.238836 0.998082 0.195527 0.309709 0.000000 0 
1031520.000000 1.163465 1031520.000000 1.163465 0.999339 0.210495 0.290866 0.000000 0 
1074000.000000 1.089785 1074000.000000 1.089785 0.976546 0.233333 0.272446 0.000000 0 
1153680.000000 0.978174 1153680.000000 0.978174 0.994808 0.276172 0.244543 0.000000 0 
971520.000000 1.336463 971520.000000 1.336463 0.992845 0.178237 0.334116 0.000000 0 
1212720.000000 0.929373 1212720.000000 0.929373 0.979581 0.307914 0.232343 0.000000 0 
1008960.000000 1.215227 1008960.000000 1.215227 0.999827 0.198366 0.303807 0.000000 0 
1407600.000000 0.871987 1407600.000000 0.871987 0.998461 0.412688 0.217997 0.000000 0 
1024800.000000 1.183265 1024800.000000 1.183265 0.993713 0.206882 0.295816 0.000000 0 
1350480.000000 0.885183 1350480.000000 0.885183 0.998395 0.381978 0.221296 0.000000 0 
1086960.000000 1.057387 1086960.000000 1.057387 0.994966 0.240301 0.264347 0.000000 0 
1537440.000000 0.854502 1537440.000000 0.854502 0.986819 0.482495 0.213625 0.000000 0 
1569360.000000 0.854041 1569360.000000 0.854041 0.964246 0.499656 0.213510 0.000000 0 
1110720.000000 1.026102 1110720.000000 1.026102 0.996949 0.253075 0.256525 0.000000 0 
1311360.000000 0.905516 1311360.000000 0.905516 0.994729 0.360946 0.226379 0.000000 0 
1537440.000000 0.854502 1537440.000000 0.854502 0.986819 0.482495 0.213625 0.000000 0 
1064880.000000 1.093619 1064880.000000 1.093619 0.986094 0.228430 0.273405 0.000000 0 
1037040.000000 1.141373 1037040.000000 1.141373 0.990650 0.213462 0.285343 0.000000 0 
1498800.000000 0.862405 1498800.000000 0.862405 0.994950 0.461720 0.215601 0.000000 0 
1092240.000000 1.047700 1092240.000000 1.047700 0.966947 0.243140 0.261925 0.000000 0 
1025520.000000 1.164987 1025520.000000 1.164987 0.996309 0.207269 0.291247 0.000000 0 
1261680.000000 0.921662 1261680.000000 0.921662 0.992528 0.334237 0.230415 0.000000 0 
1129440.000000 1.008170 1129440.000000 1.008170 0.989732 0.263140 0.252043 0.000000 0 
951840.000000 1.336842 951840.000000 1.336842 0.987321 0.167656 0.334211 0.000000 0 
978240.000000 1.327716 978240.000000 1.327716 0.995247 0.181849 0.331929 0.000000 0 
1207920.000000 0.948968 1207920.000000 0.948968 0.998270 0.305333 0.237242 0.000000 0 
1569360.000000 0.854041 1569360.000000 0.854041 0.964246 0.499656 0.213510 0.000000 0 
1316640.000000 0.894141 1316640.000000 0.894141 0.994133 0.363785 0.223535 0.000000 0 
1288560.000000 0.915338 1288560.000000 0.915338 0.991970 0.348688 0.228835 0.000000 0 
1150320.000000 0.989793 1150320.000000 0.989793 0.989681 0.274366 0.247448 0.000000 0 
1335840.000000 0.889635 1335840.000000 0.889635 0.996363 0.374108 0.222409 0.000000 0 
1200720.000000 0.956178 1200720.000000 0.956178 0.985011 0.301462 0.239044 0.000000 0 
1243920.000000 0.922678 1243920.000000 0.922678 0.991350 0.324688 0.230670 0.000000 0 
1107360.000000 1.041767 1107360.000000 1.041767 0.994761 0.251269 0.260442 0.000000 0 
1106400.000000 1.041892 1106400.000000 1.041892 0.994812 0.250753 0.260473 0.000000 0 
1146000.000000 0.991569 1146000.000000 0.991569 0.997729 0.272043 0.247892 0.000000 0 
1122960.000000 1.019182 1122960.000000 1.019182 0.991820 0.259656 0.254796 0.000000 0 
1133280.000000 0.993237 1133280.000000 0.993237 0.993012 0.265204 0.248309 0.000000 0 
1116000.000000 1.020720 1116000.000000 1.020720 0.996008 0.255914 0.255180 0.000000 0 
1700160.000000 0.841070 1700160.000000 0.841070 0.999537 0.569978 0.210268 0.000000 0 
1296000.000000 0.908579 1296000.000000 0.908579 0.996175 0.352688 0.227145 0.000000 0 
1349040.000000 0.887122 1349040.000000 0.887122 0.994449 0.381204 0.221781 0.000000 0 
1279920.000000 0.916085 1279920.000000 0.916085 0.986849 0.344043 0.229021 0.000000 0 
1126560.000000 1.011555 1126560.000000 1.011555 0.991520 0.261591 0.252889 0.000000 0 
1299360.000000 0.907204 1299360.000000 0.907204 0.992959 0.354495 0.226801 0.000000 0 
928560.000000 1.537628 928560.000000 1.537628 0.996964 0.155140 0.384407 0.000000 0 
1323360.000000 0.894138 1323360.000000 0.894138 0.993740 0.367398 0.223534 0.000000 0 
1230960.000000 0.926586 1230960.000000 0.926586 0.991496 0.317720 0.231647 0.000000 0 
1221600.000000 0.928717 1221600.000000 0.928717 0.992848 0.312688 0.232179 0.000000 0 
1333920.000000 0.893552 1333920.000000 0.893552 0.994174 0.373075 0.223388 0.000000 0 
1242480.000000 0.924289 1242480.000000 0.924289 0.989851 0.323914 0.231072 0.000000 0 
1089120.000000 1.052853 1089120.000000 1.052853 0.984912 0.241462 0.263213 0.000000 0 
1198080.000000 0.960015 1198080.000000 0.960015 0.999140 0.300043 0.240004 0.000000 0 
986880.000000 1.326131 986880.000000 1.326131 0.995100 0.186495 0.331533 0.000000 0 
1207920.000000 0.948968 1207920.000000 0.948968 0.998270 0.305333 0.237242 0.000000 0 
912000.000000 1.643759 912000.000000 1.643759 0.999005 0.146237 0.410940 0.000000 0 
917040.000000 1.634703 917040.000000 1.634703 0.994969 0.148946 0.408676 0.000000 0 
1275360.000000 0.920479 1275360.000000 0.920479 0.991342 0.341591 0.230120 0.000000 0 
1270320.000000 0.920957 1270320.000000 0.920957 0.994639 0.338882 0.230239 0.000000 0 
1133280.000000 0.993237 1133280.000000 0.993237 0.993012 0.265204 0.248309 0.000000 0 
1228080.000000 0.927314 1228080.000000 0.927314 0.993562 0.316172 0.231828 0.000000 0 
1818720.000000 0.832108 1818720.000000 0.832108 0.998062 0.633720 0.208027 0.000000 0 
1714800.000000 0.837024 1714800.000000 0.837024 0.999561 0.577849 0.209256 0.000000 0 
1101600.000000 1.046068 1101600.000000 1.046068 0.993503 0.248172 0.261517 0.000000 0 
1191120.000000 0.961899 1191120.000000 0.961899 0.994696 0.296301 0.240475 0.000000 0 
1096560.000000 1.046996 1096560.000000 1.046996 0.992639 0.245462 0.261749 0.000000 0 
1350480.000000 0.885183 1350480.000000 0.885183 0.998395 0.381978 0.221296 0.000000 0 
1494480.000000 0.862791 1494480.000000 0.862791 0.995642 0.459398 0.215698 0.000000 0 
1758480.000000 0.837038 1758480.000000 0.837038 0.988336 0.601333 0.209259 0.000000 1 
#Generacion: 1500 
#Distancia: 313.407677 
2033280.000000 0.824321 2033280.000000 0.824321 0.998475 0.749075 0.206080 0.000000 0 
895680.000000 1.762550 895680.000000 1.762550 0.998387 0.137462 0.440638 0.000000 0 
895680.000000 1.762550 895680.000000 1.762550 0.998387 0.137462 0.440638 0.000000 0 
931200.000000 1.533728 931200.000000 1.533728 0.996871 0.156559 0.383432 0.000000 0 
931920.000000 1.377977 931920.000000 1.377977 0.994191 0.156946 0.344494 0.000000 0 
1893120.000000 0.824744 1893120.000000 0.824744 0.987967 0.673720 0.206186 0.000000 0 
899280.000000 1.676181 899280.000000 1.676181 0.998661 0.139398 0.419045 0.000000 0 
906000.000000 1.671603 906000.000000 1.671603 0.995865 0.143011 0.417901 0.000000 0 
909600.000000 1.591827 909600.000000 1.591827 0.998087 0.144946 0.397957 0.000000 0 
1657440.000000 0.837753 1657440.000000 0.837753 0.995654 0.547011 0.209438 0.000000 0 
991920.000000 1.296938 991920.000000 1.296938 0.989423 0.189204 0.324234 0.000000 0 
994320.000000 1.228159 994320.000000 1.228159 0.998839 0.190495 0.307040 0.000000 0 
1827600.000000 0.827518 1827600.000000 0.827518 0.992748 0.638495 0.206879 0.000000 0 
1710240.000000 0.833970 1710240.000000 0.833970 0.993305 0.575398 0.208493 0.000000 0 
1789680.000000 0.830077 1789680.000000 0.830077 0.998683 0.618108 0.207519 0.000000 0 
1462560.000000 0.864078 1462560.000000 0.864078 0.991402 0.442237 0.216020 0.000000 0 
1621920.000000 0.839302 1621920.000000 0.839302 0.992056 0.527914 0.209826 0.000000 0 
1490400.000000 0.855616 1490400.000000 0.855616 0.986275 0.457204 0.213904 0.000000 0 
923520.000000 1.543153 923520.000000 1.543153 0.995957 0.152430 0.385788 0.000000 0 
1045200.000000 1.113866 1045200.000000 1.113866 0.984418 0.217849 0.278466 0.000000 0 
981840.000000 1.320370 981840.000000 1.320370 0.995009 0.183785 0.330093 0.000000 0 
1369920.000000 0.880490 1369920.000000 0.880490 0.995829 0.392430 0.220123 0.000000 0 
1574160.000000 0.847508 1574160.000000 0.847508 0.978731 0.502237 0.211877 0.000000 0 
1422000.000000 0.870469 1422000.000000 0.870469 0.995607 0.420430 0.217617 0.000000 0 
1541520.000000 0.848953 1541520.000000 0.848953 0.987596 0.484688 0.212238 0.000000 0 
1445040.000000 0.864454 1445040.000000 0.864454 0.996907 0.432817 0.216113 0.000000 0 
1079280.000000 1.048494 1079280.000000 1.048494 0.999725 0.236172 0.262123 0.000000 0 
1762560.000000 0.830809 1762560.000000 0.830809 0.988413 0.603527 0.207702 0.000000 0 
1395840.000000 0.876450 1395840.000000 0.876450 0.996657 0.406366 0.219112 0.000000 0 
1000800.000000 1.202116 1000800.000000 1.202116 0.995909 0.193978 0.300529 0.000000 0 
1280160.000000 0.903791 1280160.000000 0.903791 0.996278 0.344172 0.225948 0.000000 0 
1747920.000000 0.833626 1747920.000000 0.833626 0.985355 0.595656 0.208407 0.000000 0 
918480.000000 1.574291 918480.000000 1.574291 0.996853 0.149720 0.393573 0.000000 0 
1025520.000000 1.164987 1025520.000000 1.164987 0.996309 0.207269 0.291247 0.000000 0 
1146960.000000 0.975906 1146960.000000 0.975906 0.990987 0.272559 0.243977 0.000000 0 
1037040.000000 1.141373 1037040.000000 1.141373 0.990650 0.213462 0.285343 0.000000 0 
942720.000000 1.342070 942720.000000 1.342070 0.996567 0.162753 0.335518 0.000000 0 
1024800.000000 1.183265 1024800.000000 1.183265 0.993713 0.206882 0.295816 0.000000 0 
1034880.000000 1.156417 1034880.000000 1.156417 0.984518 0.212301 0.289104 0.000000 0 
1076640.000000 1.067254 1076640.000000 1.067254 0.996902 0.234753 0.266814 0.000000 0 
1011120.000000 1.186460 1011120.000000 1.186460 0.998355 0.199527 0.296615 0.000000 0 
1099200.000000 1.034536 1099200.000000 1.034536 0.997360 0.246882 0.258634 0.000000 0 
1304880.000000 0.902367 1304880.000000 0.902367 0.999022 0.357462 0.225592 0.000000 0 
986640.000000 1.297782 986640.000000 1.297782 0.992865 0.186366 0.324446 0.000000 0 
1723200.000000 0.833886 1723200.000000 0.833886 0.988083 0.582366 0.208471 0.000000 0 
994320.000000 1.228159 994320.000000 1.228159 0.998839 0.190495 0.307040 0.000000 0 
1054560.000000 1.102117 1054560.000000 1.102117 0.987266 0.222882 0.275529 0.000000 0 
1606800.000000 0.841773 1606800.000000 0.841773 0.972994 0.519785 0.210443 0.000000 0 
1088640.000000 1.038993 1088640.000000 1.038993 0.998021 0.241204 0.259748 0.000000 0 
1191120.000000 0.946871 1191120.000000 0.946871 0.992389 0.296301 0.236718 0.000000 0 
1859280.000000 0.826097 1859280.000000 0.826097 0.988053 0.655527 0.206524 0.000000 0 
1137360.000000 0.990008 1137360.000000 0.990008 0.993646 0.267398 0.247502 0.000000 0 
1335840.000000 0.889635 1335840.000000 0.889635 0.996363 0.374108 0.222409 0.000000 0 
1323360.000000 0.894138 1323360.000000 0.894138 0.993740 0.367398 0.223534 0.000000 0 
1404720.000000 0.871551 1404720.000000 0.871551 0.997769 0.411140 0.217888 0.000000 0 
1859280.000000 0.826097 1859280.000000 0.826097 0.988053 0.655527 0.206524 0.000000 0 
951840.000000 1.336842 951840.000000 1.336842 0.987321 0.167656 0.334211 0.000000 0 
1529040.000000 0.850560 1529040.000000 0.850560 0.986600 0.477978 0.212640 0.000000 0 
973200.000000 1.328469 973200.000000 1.328469 0.995755 0.179140 0.332117 0.000000 0 
960480.000000 1.329468 960480.000000 1.329468 0.990582 0.172301 0.332367 0.000000 0 
1202400.000000 0.939000 1202400.000000 0.939000 0.979029 0.302366 0.234750 0.000000 0 
1178160.000000 0.949180 1178160.000000 0.949180 0.998865 0.289333 0.237295 0.000000 0 
909600.000000 1.591827 909600.000000 1.591827 0.998087 0.144946 0.397957 0.000000 0 
918480.000000 1.574291 918480.000000 1.574291 0.996853 0.149720 0.393573 0.000000 0 
931920.000000 1.377977 931920.000000 1.377977 0.994191 0.156946 0.344494 0.000000 0 
939840.000000 1.360321 939840.000000 1.360321 0.987447 0.161204 0.340080 0.000000 0 
1008240.000000 1.202002 1008240.000000 1.202002 0.999842 0.197978 0.300501 0.000000 0 
1130640.000000 1.006781 1130640.000000 1.006781 0.998502 0.263785 0.251695 0.000000 0 
1350480.000000 0.880697 1350480.000000 0.880697 0.997464 0.381978 0.220174 0.000000 0 
1510800.000000 0.850790 1510800.000000 0.850790 0.988317 0.468172 0.212698 0.000000 0 
1311360.000000 0.897560 1311360.000000 0.897560 0.995497 0.360946 0.224390 0.000000 0 
1105200.000000 1.020403 1105200.000000 1.020403 0.998680 0.250108 0.255101 0.000000 0 
1158480.000000 0.972951 1158480.000000 0.972951 0.988169 0.278753 0.243238 0.000000 0 
1274400.000000 0.913956 1274400.000000 0.913956 0.999739 0.341075 0.228489 0.000000 0 
1160880.000000 0.964382 1160880.000000 0.964382 0.987977 0.280043 0.241096 0.000000 0 
1059600.000000 1.086577 1059600.000000 1.086577 0.995240 0.225591 0.271644 0.000000 0 
1122960.000000 1.019182 1122960.000000 1.019182 0.991820 0.259656 0.254796 0.000000 0 
1133280.000000 0.993237 1133280.000000 0.993237 0.993012 0.265204 0.248309 0.000000 0 
1501200.000000 0.851222 1501200.000000 0.851222 0.989591 0.463011 0.212806 0.000000 0 
1349040.000000 0.887122 1349040.000000 0.887122 0.994449 0.381204 0.221781 0.000000 0 
1230960.000000 0.926586 1230960.000000 0.926586 0.991496 0.317720 0.231647 0.000000 0 
1257360.000000 0.917367 1257360.000000 0.917367 0.991311 0.331914 0.229342 0.000000 0 
939840.000000 1.360321 939840.000000 1.360321 0.987447 0.161204 0.340080 0.000000 0 
1590480.000000 0.843896 1590480.000000 0.843896 0.997792 0.511011 0.210974 0.000000 0 
1242480.000000 0.924289 1242480.000000 0.924289 0.989851 0.323914 0.231072 0.000000 0 
1051200.000000 1.110429 1051200.000000 1.110429 0.999817 0.221075 0.277607 0.000000 0 
1248000.000000 0.920942 1248000.000000 0.920942 0.998598 0.326882 0.230236 0.000000 0 
1126560.000000 1.011555 1126560.000000 1.011555 0.991520 0.261591 0.252889 0.000000 0 
1067520.000000 1.076740 1067520.000000 1.076740 0.978984 0.229849 0.269185 0.000000 0 
1212720.000000 0.929373 1212720.000000 0.929373 0.979581 0.307914 0.232343 0.000000 0 
1212000.000000 0.938107 1212000.000000 0.938107 0.989438 0.307527 0.234527 0.000000 0 
1222560.000000 0.928661 1222560.000000 0.928661 0.993761 0.313204 0.232165 0.000000 0 
1267920.000000 0.916666 1267920.000000 0.916666 0.989987 0.337591 0.229167 0.000000 0 
1172400.000000 0.956760 1172400.000000 0.956760 0.998374 0.286237 0.239190 0.000000 0 
1168800.000000 0.958643 1168800.000000 0.958643 0.980503 0.284301 0.239661 0.000000 0 
1585680.000000 0.844364 1585680.000000 0.844364 0.999893 0.508430 0.211091 0.000000 0 
1071600.000000 1.075174 1071600.000000 1.075174 0.977241 0.232043 0.268793 0.000000 0 
1037040.000000 1.141373 1037040.000000 1.141373 0.990650 0.213462 0.285343 0.000000 0 
1062480.000000 1.086224 1062480.000000 1.086224 0.996797 0.227140 0.271556 0.000000 0 
1109520.000000 1.019879 1109520.000000 1.019879 0.992994 0.252430 0.254970 0.000000 0 
#Generacion: 2000 
#Distancia: 318.875152 
895680.000000 1.761417 895680.000000 1.761417 0.998326 0.137462 0.440354 0.000000 0 
2033280.000000 0.824321 2033280.000000 0.824321 0.998475 0.749075 0.206080 0.000000 0 
922320.000000 1.414049 922320.000000 1.414049 0.996381 0.151785 0.353512 0.000000 0 
1893120.000000 0.824744 1893120.000000 0.824744 0.987967 0.673720 0.206186 0.000000 0 
916800.000000 1.551996 916800.000000 1.551996 0.996373 0.148817 0.387999 0.000000 0 
1798080.000000 0.827696 1798080.000000 0.827696 0.992201 0.622624 0.206924 0.000000 0 
1677840.000000 0.828389 1677840.000000 0.828389 0.996282 0.557978 0.207097 0.000000 0 
903840.000000 1.592090 903840.000000 1.592090 0.998166 0.141849 0.398023 0.000000 0 
896400.000000 1.696073 896400.000000 1.696073 0.997815 0.137849 0.424018 0.000000 0 
903360.000000 1.669299 903360.000000 1.669299 0.996470 0.141591 0.417325 0.000000 0 
983520.000000 1.253532 983520.000000 1.253532 0.991580 0.184688 0.313383 0.000000 0 
1531920.000000 0.848054 1531920.000000 0.848054 0.989392 0.479527 0.212014 0.000000 0 
998640.000000 1.223595 998640.000000 1.223595 0.984308 0.192817 0.305899 0.000000 0 
916320.000000 1.591625 916320.000000 1.591625 0.997873 0.148559 0.397906 0.000000 0 
931920.000000 1.377977 931920.000000 1.377977 0.994191 0.156946 0.344494 0.000000 0 
960480.000000 1.329468 960480.000000 1.329468 0.990582 0.172301 0.332367 0.000000 0 
924000.000000 1.409796 924000.000000 1.409796 0.996082 0.152688 0.352449 0.000000 0 
1000320.000000 1.186276 1000320.000000 1.186276 0.998324 0.193720 0.296569 0.000000 0 
1574160.000000 0.847508 1574160.000000 0.847508 0.978731 0.502237 0.211877 0.000000 0 
984960.000000 1.225758 984960.000000 1.225758 0.984284 0.185462 0.306440 0.000000 0 
1120800.000000 1.013359 1120800.000000 1.013359 0.996273 0.258495 0.253340 0.000000 0 
1369920.000000 0.880490 1369920.000000 0.880490 0.995829 0.392430 0.220123 0.000000 0 
977040.000000 1.279689 977040.000000 1.279689 0.994070 0.181204 0.319922 0.000000 0 
916800.000000 1.551996 916800.000000 1.551996 0.996373 0.148817 0.387999 0.000000 0 
1021200.000000 1.177427 1021200.000000 1.177427 0.998767 0.204946 0.294357 0.000000 0 
1099440.000000 1.020452 1099440.000000 1.020452 0.998867 0.247011 0.255113 0.000000 0 
1391520.000000 0.873325 1391520.000000 0.873325 0.995401 0.404043 0.218331 0.000000 0 
1633920.000000 0.832802 1633920.000000 0.832802 0.994726 0.534366 0.208201 0.000000 0 
1476960.000000 0.858121 1476960.000000 0.858121 0.994418 0.449978 0.214530 0.000000 0 
1211520.000000 0.927780 1211520.000000 0.927780 0.999808 0.307269 0.231945 0.000000 0 
1122960.000000 0.986450 1122960.000000 0.986450 0.998271 0.259656 0.246612 0.000000 0 
939840.000000 1.360321 939840.000000 1.360321 0.987447 0.161204 0.340080 0.000000 0 
1199040.000000 0.940445 1199040.000000 0.940445 0.990352 0.300559 0.235111 0.000000 0 
1608960.000000 0.834800 1608960.000000 0.834800 0.996662 0.520946 0.208700 0.000000 0 
1054560.000000 1.102117 1054560.000000 1.102117 0.987266 0.222882 0.275529 0.000000 0 
942720.000000 1.342070 942720.000000 1.342070 0.996567 0.162753 0.335518 0.000000 0 
966480.000000 1.301432 966480.000000 1.301432 0.986600 0.175527 0.325358 0.000000 0 
1452960.000000 0.861483 1452960.000000 0.861483 0.990622 0.437075 0.215371 0.000000 0 
899280.000000 1.676181 899280.000000 1.676181 0.998661 0.139398 0.419045 0.000000 0 
1024080.000000 1.163075 1024080.000000 1.163075 0.988111 0.206495 0.290769 0.000000 0 
1025280.000000 1.148727 1025280.000000 1.148727 0.986730 0.207140 0.287182 0.000000 0 
1044720.000000 1.120500 1044720.000000 1.120500 0.991652 0.217591 0.280125 0.000000 0 
1223520.000000 0.924109 1223520.000000 0.924109 0.995100 0.313720 0.231027 0.000000 0 
1445040.000000 0.864454 1445040.000000 0.864454 0.996907 0.432817 0.216113 0.000000 0 
973440.000000 1.286265 973440.000000 1.286265 0.996926 0.179269 0.321566 0.000000 0 
1059600.000000 1.086577 1059600.000000 1.086577 0.995240 0.225591 0.271644 0.000000 0 
1859280.000000 0.826097 1859280.000000 0.826097 0.988053 0.655527 0.206524 0.000000 0 
1507920.000000 0.849402 1507920.000000 0.849402 0.987551 0.466624 0.212350 0.000000 0 
1330800.000000 0.889278 1330800.000000 0.889278 0.997391 0.371398 0.222320 0.000000 0 
1404720.000000 0.871551 1404720.000000 0.871551 0.997769 0.411140 0.217888 0.000000 0 
1031520.000000 1.128444 1031520.000000 1.128444 0.999950 0.210495 0.282111 0.000000 0 
1263600.000000 0.905751 1263600.000000 0.905751 0.994986 0.335269 0.226438 0.000000 0 
1841280.000000 0.826483 1841280.000000 0.826483 0.997860 0.645849 0.206621 0.000000 0 
951840.000000 1.336842 951840.000000 1.336842 0.987321 0.167656 0.334211 0.000000 0 
1276320.000000 0.903414 1276320.000000 0.903414 0.997221 0.342108 0.225853 0.000000 0 
1178160.000000 0.949180 1178160.000000 0.949180 0.998865 0.289333 0.237295 0.000000 0 
1490400.000000 0.855616 1490400.000000 0.855616 0.986275 0.457204 0.213904 0.000000 0 
1050480.000000 1.113095 1050480.000000 1.113095 0.993850 0.220688 0.278274 0.000000 0 
1082640.000000 1.032910 1082640.000000 1.032910 0.999704 0.237978 0.258227 0.000000 0 
1671360.000000 0.831481 1671360.000000 0.831481 0.990984 0.554495 0.207870 0.000000 0 
1243920.000000 0.923783 1243920.000000 0.923783 0.993168 0.324688 0.230946 0.000000 0 
1187760.000000 0.942522 1187760.000000 0.942522 0.992706 0.294495 0.235631 0.000000 0 
1159440.000000 0.964382 1159440.000000 0.964382 0.998145 0.279269 0.241095 0.000000 0 
1288560.000000 0.899352 1288560.000000 0.899352 0.999408 0.348688 0.224838 0.000000 0 
1029360.000000 1.135800 1029360.000000 1.135800 0.998667 0.209333 0.283950 0.000000 0 
1254000.000000 0.912864 1254000.000000 0.912864 0.995177 0.330108 0.228216 0.000000 0 
1426080.000000 0.869863 1426080.000000 0.869863 0.987466 0.422624 0.217466 0.000000 0 
1349040.000000 0.887122 1349040.000000 0.887122 0.994449 0.381204 0.221781 0.000000 0 
1110240.000000 1.017859 1110240.000000 1.017859 0.989496 0.252817 0.254465 0.000000 0 
1819680.000000 0.827662 1819680.000000 0.827662 0.996002 0.634237 0.206915 0.000000 0 
936960.000000 1.372058 936960.000000 1.372058 0.990028 0.159656 0.343015 0.000000 0 
1350480.000000 0.880697 1350480.000000 0.880697 0.997464 0.381978 0.220174 0.000000 0 
1075680.000000 1.067203 1075680.000000 1.067203 0.997342 0.234237 0.266801 0.000000 0 
1138320.000000 0.976355 1138320.000000 0.976355 0.999162 0.267914 0.244089 0.000000 0 
1323360.000000 0.894138 1323360.000000 0.894138 0.993740 0.367398 0.223534 0.000000 0 
1129440.000000 0.985248 1129440.000000 0.985248 0.996808 0.263140 0.246312 0.000000 0 
1588080.000000 0.840074 1588080.000000 0.840074 0.990881 0.509720 0.210018 0.000000 0 
1599840.000000 0.838865 1599840.000000 0.838865 0.992068 0.516043 0.209716 0.000000 0 
1310400.000000 0.895781 1310400.000000 0.895781 0.997500 0.360430 0.223945 0.000000 0 
1157520.000000 0.975020 1157520.000000 0.975020 0.992009 0.278237 0.243755 0.000000 0 
1078080.000000 1.049893 1078080.000000 1.049893 0.997320 0.235527 0.262473 0.000000 0 
1302240.000000 0.899133 1302240.000000 0.899133 0.993518 0.356043 0.224783 0.000000 0 
1005360.000000 1.185603 1005360.000000 1.185603 0.999979 0.196430 0.296401 0.000000 0 
966480.000000 1.301432 966480.000000 1.301432 0.986600 0.175527 0.325358 0.000000 0 
1079280.000000 1.048494 1079280.000000 1.048494 0.999725 0.236172 0.262123 0.000000 0 
1501200.000000 0.851222 1501200.000000 0.851222 0.989591 0.463011 0.212806 0.000000 0 
1422000.000000 0.870469 1422000.000000 0.870469 0.995607 0.420430 0.217617 0.000000 0 
1249680.000000 0.919673 1249680.000000 0.919673 0.996641 0.327785 0.229918 0.000000 0 
1827600.000000 0.827518 1827600.000000 0.827518 0.992748 0.638495 0.206879 0.000000 0 
1581840.000000 0.846757 1581840.000000 0.846757 0.992312 0.506366 0.211689 0.000000 0 
1082640.000000 1.032910 1082640.000000 1.032910 0.999704 0.237978 0.258227 0.000000 0 
1168800.000000 0.958643 1168800.000000 0.958643 0.980503 0.284301 0.239661 0.000000 0 
1067520.000000 1.076740 1067520.000000 1.076740 0.978984 0.229849 0.269185 0.000000 0 
1650960.000000 0.832365 1650960.000000 0.832365 0.984877 0.543527 0.208091 0.000000 0 
1172400.000000 0.956760 1172400.000000 0.956760 0.998374 0.286237 0.239190 0.000000 0 
1146960.000000 0.975906 1146960.000000 0.975906 0.990987 0.272559 0.243977 0.000000 0 
1062480.000000 1.078254 1062480.000000 1.078254 0.998008 0.227140 0.269563 0.000000 0 
1071840.000000 1.068530 1071840.000000 1.068530 0.997604 0.232172 0.267133 0.000000 0 
1859280.000000 0.826097 1859280.000000 0.826097 0.988053 0.655527 0.206524 0.000000 0 
1650960.000000 0.832365 1650960.000000 0.832365 0.984877 0.543527 0.208091 0.000000 0 
#Generacion: 2500 
#Distancia: 331.120606 
883680.000000 1.707878 883680.000000 1.707878 0.999844 0.131011 0.426970 0.000000 0 
2033280.000000 0.824321 2033280.000000 0.824321 0.998475 0.749075 0.206080 0.000000 0 
909600.000000 1.415239 909600.000000 1.415239 0.995233 0.144946 0.353810 0.000000 0 
1893120.000000 0.824744 1893120.000000 0.824744 0.987967 0.673720 0.206186 0.000000 0 
903840.000000 1.592090 903840.000000 1.592090 0.998166 0.141849 0.398023 0.000000 0 
903360.000000 1.669299 903360.000000 1.669299 0.996470 0.141591 0.417325 0.000000 0 
1731360.000000 0.825365 1731360.000000 0.825365 0.991039 0.586753 0.206341 0.000000 0 
903840.000000 1.592090 903840.000000 1.592090 0.998166 0.141849 0.398023 0.000000 0 
1794240.000000 0.825347 1794240.000000 0.825347 0.997254 0.620559 0.206337 0.000000 0 
1686480.000000 0.828091 1686480.000000 0.828091 0.996505 0.562624 0.207023 0.000000 0 
1794240.000000 0.825347 1794240.000000 0.825347 0.997254 0.620559 0.206337 0.000000 0 
954960.000000 1.323564 954960.000000 1.323564 0.995476 0.169333 0.330891 0.000000 0 
925200.000000 1.382671 925200.000000 1.382671 0.994717 0.153333 0.345668 0.000000 0 
989280.000000 1.215016 989280.000000 1.215016 0.989515 0.187785 0.303754 0.000000 0 
918480.000000 1.412732 918480.000000 1.412732 0.997331 0.149720 0.353183 0.000000 0 
993600.000000 1.188424 993600.000000 1.188424 0.993563 0.190108 0.297106 0.000000 0 
1113120.000000 1.001379 1113120.000000 1.001379 0.999566 0.254366 0.250345 0.000000 0 
1587120.000000 0.837382 1587120.000000 0.837382 0.998797 0.509204 0.209346 0.000000 0 
1059600.000000 1.086577 1059600.000000 1.086577 0.995240 0.225591 0.271644 0.000000 0 
971280.000000 1.275969 971280.000000 1.275969 0.997339 0.178108 0.318992 0.000000 0 
1531920.000000 0.848054 1531920.000000 0.848054 0.989392 0.479527 0.212014 0.000000 0 
1075680.000000 1.067203 1075680.000000 1.067203 0.997342 0.234237 0.266801 0.000000 0 
1054560.000000 1.102117 1054560.000000 1.102117 0.987266 0.222882 0.275529 0.000000 0 
941760.000000 1.342413 941760.000000 1.342413 0.999312 0.162237 0.335603 0.000000 0 
1079040.000000 1.034728 1079040.000000 1.034728 0.998656 0.236043 0.258682 0.000000 0 
1092000.000000 1.027997 1092000.000000 1.027997 0.998813 0.243011 0.256999 0.000000 0 
1210560.000000 0.927731 1210560.000000 0.927731 0.999847 0.306753 0.231933 0.000000 0 
1200000.000000 0.938349 1200000.000000 0.938349 0.994668 0.301075 0.234587 0.000000 0 
984240.000000 1.226166 984240.000000 1.226166 0.986173 0.185075 0.306542 0.000000 0 
1362960.000000 0.878030 1362960.000000 0.878030 0.997214 0.388688 0.219507 0.000000 0 
1138320.000000 0.976355 1138320.000000 0.976355 0.999162 0.267914 0.244089 0.000000 0 
1067520.000000 1.076740 1067520.000000 1.076740 0.978984 0.229849 0.269185 0.000000 0 
1050480.000000 1.113095 1050480.000000 1.113095 0.993850 0.220688 0.278274 0.000000 0 
896640.000000 1.680872 896640.000000 1.680872 0.998371 0.137978 0.420218 0.000000 0 
1025280.000000 1.148727 1025280.000000 1.148727 0.986730 0.207140 0.287182 0.000000 0 
1463040.000000 0.857627 1463040.000000 0.857627 0.997828 0.442495 0.214407 0.000000 0 
966480.000000 1.301432 966480.000000 1.301432 0.986600 0.175527 0.325358 0.000000 0 
1178160.000000 0.949019 1178160.000000 0.949019 0.997096 0.289333 0.237255 0.000000 0 
1608960.000000 0.834800 1608960.000000 0.834800 0.996662 0.520946 0.208700 0.000000 0 
1038240.000000 1.121042 1038240.000000 1.121042 0.992025 0.214108 0.280260 0.000000 0 
997200.000000 1.178027 997200.000000 1.178027 0.998751 0.192043 0.294507 0.000000 0 
1168800.000000 0.958643 1168800.000000 0.958643 0.980503 0.284301 0.239661 0.000000 0 
939840.000000 1.360321 939840.000000 1.360321 0.987447 0.161204 0.340080 0.000000 0 
966480.000000 1.301432 966480.000000 1.301432 0.986600 0.175527 0.325358 0.000000 0 
951840.000000 1.336842 951840.000000 1.336842 0.987321 0.167656 0.334211 0.000000 0 
1122960.000000 0.986450 1122960.000000 0.986450 0.998271 0.259656 0.246612 0.000000 0 
1319280.000000 0.885552 1319280.000000 0.885552 0.996002 0.365204 0.221388 0.000000 0 
1391520.000000 0.873325 1391520.000000 0.873325 0.995401 0.404043 0.218331 0.000000 0 
1254000.000000 0.912864 1254000.000000 0.912864 0.995177 0.330108 0.228216 0.000000 0 
1187760.000000 0.942522 1187760.000000 0.942522 0.992706 0.294495 0.235631 0.000000 0 
1105920.000000 1.012318 1105920.000000 1.012318 0.999770 0.250495 0.253079 0.000000 0 
1024080.000000 1.163075 1024080.000000 1.163075 0.988111 0.206495 0.290769 0.000000 0 
1551120.000000 0.848003 1551120.000000 0.848003 0.987612 0.489849 0.212001 0.000000 0 
1375440.000000 0.876824 1375440.000000 0.876824 0.996743 0.395398 0.219206 0.000000 0 
1263600.000000 0.905751 1263600.000000 0.905751 0.994986 0.335269 0.226438 0.000000 0 
1097520.000000 1.016560 1097520.000000 1.016560 0.999754 0.245978 0.254140 0.000000 0 
1570080.000000 0.841070 1570080.000000 0.841070 0.999649 0.500043 0.210267 0.000000 0 
1404720.000000 0.871551 1404720.000000 0.871551 0.997769 0.411140 0.217888 0.000000 0 
1507920.000000 0.849402 1507920.000000 0.849402 0.987551 0.466624 0.212350 0.000000 0 
1157520.000000 0.975020 1157520.000000 0.975020 0.992009 0.278237 0.243755 0.000000 0 
1029360.000000 1.135800 1029360.000000 1.135800 0.998667 0.209333 0.283950 0.000000 0 
1159440.000000 0.964382 1159440.000000 0.964382 0.998145 0.279269 0.241095 0.000000 0 
1422000.000000 0.870469 1422000.000000 0.870469 0.995607 0.420430 0.217617 0.000000 0 
1223520.000000 0.924109 1223520.000000 0.924109 0.995100 0.313720 0.231027 0.000000 0 
1287600.000000 0.900862 1287600.000000 0.900862 0.999419 0.348172 0.225215 0.000000 0 
1014000.000000 1.174337 1014000.000000 1.174337 0.997556 0.201075 0.293584 0.000000 0 
1241760.000000 0.916733 1241760.000000 0.916733 0.989578 0.323527 0.229183 0.000000 0 
931920.000000 1.377977 931920.000000 1.377977 0.994191 0.156946 0.344494 0.000000 0 
938400.000000 1.369015 938400.000000 1.369015 0.992329 0.160430 0.342254 0.000000 0 
1434480.000000 0.869418 1434480.000000 0.869418 0.999280 0.427140 0.217355 0.000000 0 
1670160.000000 0.829497 1670160.000000 0.829497 0.985613 0.553849 0.207374 0.000000 0 
1276320.000000 0.903414 1276320.000000 0.903414 0.997221 0.342108 0.225853 0.000000 0 
1501200.000000 0.849866 1501200.000000 0.849866 0.988207 0.463011 0.212466 0.000000 0 
975360.000000 1.273646 975360.000000 1.273646 0.988546 0.180301 0.318412 0.000000 0 
890400.000000 1.697294 890400.000000 1.697294 0.999423 0.134624 0.424324 0.000000 0 
1445040.000000 0.864454 1445040.000000 0.864454 0.996907 0.432817 0.216113 0.000000 0 
1129440.000000 0.985248 1129440.000000 0.985248 0.996808 0.263140 0.246312 0.000000 0 
1302240.000000 0.899133 1302240.000000 0.899133 0.993518 0.356043 0.224783 0.000000 0 
1031520.000000 1.128444 1031520.000000 1.128444 0.999950 0.210495 0.282111 0.000000 0 
1647600.000000 0.832754 1647600.000000 0.832754 0.994024 0.541720 0.208188 0.000000 0 
1563360.000000 0.845437 1563360.000000 0.845437 0.996051 0.496430 0.211359 0.000000 0 
1231200.000000 0.919192 1231200.000000 0.919192 0.990090 0.317849 0.229798 0.000000 0 
1338480.000000 0.880471 1338480.000000 0.880471 0.993500 0.375527 0.220118 0.000000 0 
895440.000000 1.694565 895440.000000 1.694565 0.997718 0.137333 0.423641 0.000000 0 
1622160.000000 0.834019 1622160.000000 0.834019 0.998710 0.528043 0.208505 0.000000 0 
1633920.000000 0.832802 1633920.000000 0.832802 0.994726 0.534366 0.208201 0.000000 0 
1452960.000000 0.861483 1452960.000000 0.861483 0.990622 0.437075 0.215371 0.000000 0 
1658880.000000 0.830431 1658880.000000 0.830431 0.998985 0.547785 0.207608 0.000000 0 
982800.000000 1.242246 982800.000000 1.242246 0.994128 0.184301 0.310561 0.000000 0 
975840.000000 1.256878 975840.000000 1.256878 0.997076 0.180559 0.314219 0.000000 0 
1338480.000000 0.880471 1338480.000000 0.880471 0.993500 0.375527 0.220118 0.000000 0 
1485840.000000 0.855473 1485840.000000 0.855473 0.996351 0.454753 0.213868 0.000000 0 
1077120.000000 1.050118 1077120.000000 1.050118 0.993081 0.235011 0.262529 0.000000 0 
1017360.000000 1.169513 1017360.000000 1.169513 0.988610 0.202882 0.292378 0.000000 0 
1308480.000000 0.895253 1308480.000000 0.895253 0.999573 0.359398 0.223813 0.000000 0 
1314480.000000 0.890137 1314480.000000 0.890137 0.994198 0.362624 0.222534 0.000000 0 
1485840.000000 0.855473 1485840.000000 0.855473 0.996351 0.454753 0.213868 0.000000 0 
982800.000000 1.242246 982800.000000 1.242246 0.994128 0.184301 0.310561 0.000000 0 
975840.000000 1.256878 975840.000000 1.256878 0.997076 0.180559 0.314219 0.000000 0 
1078080.000000 1.049893 1078080.000000 1.049893 0.997320 0.235527 0.262473 0.000000 0 
#Generacion: 3000 
#Distancia: 316.442727 
883680.000000 1.707878 883680.000000 1.707878 0.999844 0.131011 0.426970 0.000000 0 
1861440.000000 0.822864 1861440.000000 0.822864 0.998790 0.656688 0.205716 0.000000 0 
904080.000000 1.575375 904080.000000 1.575375 0.994553 0.141978 0.393844 0.000000 0 
905040.000000 1.433195 905040.000000 1.433195 0.999661 0.142495 0.358299 0.000000 0 
901200.000000 1.667984 901200.000000 1.667984 0.999763 0.140430 0.416996 0.000000 0 
901680.000000 1.590022 901680.000000 1.590022 0.995751 0.140688 0.397505 0.000000 0 
1028880.000000 1.086417 1028880.000000 1.086417 0.997892 0.209075 0.271604 0.000000 0 
1788240.000000 0.823872 1788240.000000 0.823872 0.990978 0.617333 0.205968 0.000000 0 
1022640.000000 1.117080 1022640.000000 1.117080 0.996219 0.205720 0.279270 0.000000 0 
1838400.000000 0.823322 1838400.000000 0.823322 0.997760 0.644301 0.205831 0.000000 0 
1061040.000000 1.075100 1061040.000000 1.075100 0.999723 0.226366 0.268775 0.000000 0 
1758480.000000 0.824742 1758480.000000 0.824742 0.995766 0.601333 0.206186 0.000000 0 
989280.000000 1.215016 989280.000000 1.215016 0.989515 0.187785 0.303754 0.000000 0 
1715760.000000 0.827266 1715760.000000 0.827266 0.992343 0.578366 0.206817 0.000000 0 
1619520.000000 0.831480 1619520.000000 0.831480 0.993347 0.526624 0.207870 0.000000 0 
1658880.000000 0.830431 1658880.000000 0.830431 0.998985 0.547785 0.207608 0.000000 0 
915840.000000 1.404979 915840.000000 1.404979 0.998265 0.148301 0.351245 0.000000 0 
1021440.000000 1.145592 1021440.000000 1.145592 0.998992 0.205075 0.286398 0.000000 0 
993600.000000 1.188424 993600.000000 1.188424 0.993563 0.190108 0.297106 0.000000 0 
1678800.000000 0.827776 1678800.000000 0.827776 0.998747 0.558495 0.206944 0.000000 0 
1570080.000000 0.841070 1570080.000000 0.841070 0.999649 0.500043 0.210267 0.000000 0 
1549440.000000 0.845115 1549440.000000 0.845115 0.998363 0.488946 0.211279 0.000000 0 
924240.000000 1.382076 924240.000000 1.382076 0.999167 0.152817 0.345519 0.000000 0 
1587120.000000 0.837382 1587120.000000 0.837382 0.998797 0.509204 0.209346 0.000000 0 
1731360.000000 0.825365 1731360.000000 0.825365 0.991039 0.586753 0.206341 0.000000 0 
1011840.000000 1.169686 1011840.000000 1.169686 0.999906 0.199914 0.292421 0.000000 0 
909600.000000 1.415239 909600.000000 1.415239 0.995233 0.144946 0.353810 0.000000 0 
1426320.000000 0.867311 1426320.000000 0.867311 0.995466 0.422753 0.216828 0.000000 0 
1391520.000000 0.873325 1391520.000000 0.873325 0.995401 0.404043 0.218331 0.000000 0 
1403760.000000 0.868668 1403760.000000 0.868668 0.998297 0.410624 0.217167 0.000000 0 
1230480.000000 0.920001 1230480.000000 0.920001 0.994777 0.317462 0.230000 0.000000 0 
975840.000000 1.256878 975840.000000 1.256878 0.997076 0.180559 0.314219 0.000000 0 
1209840.000000 0.923961 1209840.000000 0.923961 0.982929 0.306366 0.230990 0.000000 0 
997200.000000 1.178027 997200.000000 1.178027 0.998751 0.192043 0.294507 0.000000 0 
1608960.000000 0.834800 1608960.000000 0.834800 0.996662 0.520946 0.208700 0.000000 0 
1087200.000000 1.026701 1087200.000000 1.026701 0.999131 0.240430 0.256675 0.000000 0 
1156560.000000 0.959766 1156560.000000 0.959766 0.982866 0.277720 0.239942 0.000000 0 
941760.000000 1.342413 941760.000000 1.342413 0.999312 0.162237 0.335603 0.000000 0 
978240.000000 1.225142 978240.000000 1.225142 0.993114 0.181849 0.306285 0.000000 0 
1530240.000000 0.846663 1530240.000000 0.846663 0.992603 0.478624 0.211666 0.000000 0 
1178160.000000 0.949019 1178160.000000 0.949019 0.997096 0.289333 0.237255 0.000000 0 
1142640.000000 0.969673 1142640.000000 0.969673 0.993341 0.270237 0.242418 0.000000 0 
1138320.000000 0.976355 1138320.000000 0.976355 0.999162 0.267914 0.244089 0.000000 0 
1017360.000000 1.157693 1017360.000000 1.157693 0.996189 0.202882 0.289423 0.000000 0 
956880.000000 1.315164 956880.000000 1.315164 0.999109 0.170366 0.328791 0.000000 0 
1079040.000000 1.034728 1079040.000000 1.034728 0.998656 0.236043 0.258682 0.000000 0 
1118880.000000 0.981075 1118880.000000 0.981075 0.995386 0.257462 0.245269 0.000000 0 
951840.000000 1.336842 951840.000000 1.336842 0.987321 0.167656 0.334211 0.000000 0 
1070160.000000 1.043287 1070160.000000 1.043287 0.995354 0.231269 0.260822 0.000000 0 
1168800.000000 0.958643 1168800.000000 0.958643 0.980503 0.284301 0.239661 0.000000 0 
1200240.000000 0.928361 1200240.000000 0.928361 0.999627 0.301204 0.232090 0.000000 0 
1441680.000000 0.865049 1441680.000000 0.865049 0.989468 0.431011 0.216262 0.000000 0 
1329120.000000 0.884798 1329120.000000 0.884798 0.993707 0.370495 0.221199 0.000000 0 
1254000.000000 0.912864 1254000.000000 0.912864 0.995177 0.330108 0.228216 0.000000 0 
966480.000000 1.301432 966480.000000 1.301432 0.986600 0.175527 0.325358 0.000000 0 
1262640.000000 0.905785 1262640.000000 0.905785 0.992815 0.334753 0.226446 0.000000 0 
939840.000000 1.360321 939840.000000 1.360321 0.987447 0.161204 0.340080 0.000000 0 
1516560.000000 0.848779 1516560.000000 0.848779 0.985699 0.471269 0.212195 0.000000 0 
1367280.000000 0.873468 1367280.000000 0.873468 0.993170 0.391011 0.218367 0.000000 0 
1241760.000000 0.916733 1241760.000000 0.916733 0.989578 0.323527 0.229183 0.000000 0 
1463040.000000 0.857627 1463040.000000 0.857627 0.997828 0.442495 0.214407 0.000000 0 
1344240.000000 0.876764 1344240.000000 0.876764 0.997005 0.378624 0.219191 0.000000 0 
1452960.000000 0.861483 1452960.000000 0.861483 0.990622 0.437075 0.215371 0.000000 0 
1105200.000000 1.002915 1105200.000000 1.002915 0.998586 0.250108 0.250729 0.000000 0 
954960.000000 1.323564 954960.000000 1.323564 0.995476 0.169333 0.330891 0.000000 0 
1068720.000000 1.064622 1068720.000000 1.064622 0.999378 0.230495 0.266155 0.000000 0 
931920.000000 1.377977 931920.000000 1.377977 0.994191 0.156946 0.344494 0.000000 0 
971280.000000 1.275969 971280.000000 1.275969 0.997339 0.178108 0.318992 0.000000 0 
1195440.000000 0.941173 1195440.000000 0.941173 0.999150 0.298624 0.235293 0.000000 0 
896640.000000 1.680872 896640.000000 1.680872 0.998371 0.137978 0.420218 0.000000 0 
938400.000000 1.369015 938400.000000 1.369015 0.992329 0.160430 0.342254 0.000000 0 
1097520.000000 1.016560 1097520.000000 1.016560 0.999754 0.245978 0.254140 0.000000 0 
1106400.000000 0.992840 1106400.000000 0.992840 0.986222 0.250753 0.248210 0.000000 0 
1361520.000000 0.874925 1361520.000000 0.874925 0.994654 0.387914 0.218731 0.000000 0 
890400.000000 1.697294 890400.000000 1.697294 0.999423 0.134624 0.424324 0.000000 0 
1187760.000000 0.942522 1187760.000000 0.942522 0.992706 0.294495 0.235631 0.000000 0 
1314480.000000 0.890137 1314480.000000 0.890137 0.994198 0.362624 0.222534 0.000000 0 
974880.000000 1.257939 974880.000000 1.257939 0.997174 0.180043 0.314485 0.000000 0 
1117200.000000 0.989227 1117200.000000 0.989227 0.983934 0.256559 0.247307 0.000000 0 
1281840.000000 0.900552 1281840.000000 0.900552 0.999464 0.345075 0.225138 0.000000 0 
1479360.000000 0.856989 1479360.000000 0.856989 0.997792 0.451269 0.214247 0.000000 0 
1069920.000000 1.057024 1069920.000000 1.057024 0.988025 0.231140 0.264256 0.000000 0 
1276320.000000 0.903414 1276320.000000 0.903414 0.997221 0.342108 0.225853 0.000000 0 
1485840.000000 0.855473 1485840.000000 0.855473 0.996351 0.454753 0.213868 0.000000 0 
966480.000000 1.301432 966480.000000 1.301432 0.986600 0.175527 0.325358 0.000000 0 
905040.000000 1.433195 905040.000000 1.433195 0.999661 0.142495 0.358299 0.000000 0 
895440.000000 1.694565 895440.000000 1.694565 0.997718 0.137333 0.423641 0.000000 0 
1335600.000000 0.879396 1335600.000000 0.879396 0.999093 0.373978 0.219849 0.000000 0 
1854720.000000 0.823295 1854720.000000 0.823295 0.994728 0.653075 0.205824 0.000000 0 
971280.000000 1.275969 971280.000000 1.275969 0.997339 0.178108 0.318992 0.000000 0 
1297680.000000 0.899794 1297680.000000 0.899794 0.996036 0.353591 0.224949 0.000000 0 
1670160.000000 0.829497 1670160.000000 0.829497 0.985613 0.553849 0.207374 0.000000 0 
1102560.000000 1.015845 1102560.000000 1.015845 0.998057 0.248688 0.253961 0.000000 0 
978240.000000 1.225142 978240.000000 1.225142 0.993114 0.181849 0.306285 0.000000 0 
1298400.000000 0.894454 1298400.000000 0.894454 0.989202 0.353978 0.223613 0.000000 0 
1499520.000000 0.852727 1499520.000000 0.852727 0.997362 0.462108 0.213182 0.000000 0 
1501200.000000 0.849866 1501200.000000 0.849866 0.988207 0.463011 0.212466 0.000000 0 
1309200.000000 0.890161 1309200.000000 0.890161 0.999799 0.359785 0.222540 0.000000 0 
897120.000000 1.671243 897120.000000 1.671243 0.998710 0.138237 0.417811 0.000000 0 
901680.000000 1.590022 901680.000000 1.590022 0.995751 0.140688 0.397505 0.000000 0 
#Generacion: 3500 
#Distancia: 317.812020 
880560.000000 1.706100 880560.000000 1.706100 0.995733 0.129333 0.426525 0.000000 0 
1787760.000000 0.822654 1787760.000000 0.822654 0.996178 0.617075 0.205663 0.000000 0 
904080.000000 1.575375 904080.000000 1.575375 0.994553 0.141978 0.393844 0.000000 0 
905040.000000 1.433195 905040.000000 1.433195 0.999661 0.142495 0.358299 0.000000 0 
899520.000000 1.590517 899520.000000 1.590517 0.997385 0.139527 0.397629 0.000000 0 
896160.000000 1.668773 896160.000000 1.668773 0.999537 0.137720 0.417193 0.000000 0 
1587120.000000 0.837382 1587120.000000 0.837382 0.998797 0.509204 0.209346 0.000000 0 
1523520.000000 0.839341 1523520.000000 0.839341 0.987611 0.475011 0.209835 0.000000 0 
989280.000000 1.214717 989280.000000 1.214717 0.997994 0.187785 0.303679 0.000000 0 
991680.000000 1.162092 991680.000000 1.162092 0.986702 0.189075 0.290523 0.000000 0 
1016640.000000 1.094772 1016640.000000 1.094772 0.989208 0.202495 0.273693 0.000000 0 
885840.000000 1.690642 885840.000000 1.690642 0.992280 0.132172 0.422660 0.000000 0 
1006320.000000 1.145132 1006320.000000 1.145132 0.975494 0.196946 0.286283 0.000000 0 
1236000.000000 0.910518 1236000.000000 0.910518 0.999346 0.320430 0.227630 0.000000 0 
1013520.000000 1.127134 1013520.000000 1.127134 0.998876 0.200817 0.281784 0.000000 0 
1678800.000000 0.827776 1678800.000000 0.827776 0.998747 0.558495 0.206944 0.000000 0 
978240.000000 1.225142 978240.000000 1.225142 0.993114 0.181849 0.306285 0.000000 0 
1497360.000000 0.844685 1497360.000000 0.844685 0.999311 0.460946 0.211171 0.000000 0 
1443840.000000 0.859068 1443840.000000 0.859068 0.993728 0.432172 0.214767 0.000000 0 
1422720.000000 0.863981 1422720.000000 0.863981 0.987062 0.420817 0.215995 0.000000 0 
1258800.000000 0.907514 1258800.000000 0.907514 0.997303 0.332688 0.226879 0.000000 0 
1148160.000000 0.966673 1148160.000000 0.966673 0.987780 0.273204 0.241668 0.000000 0 
915840.000000 1.404979 915840.000000 1.404979 0.998265 0.148301 0.351245 0.000000 0 
1220880.000000 0.918306 1220880.000000 0.918306 0.998192 0.312301 0.229577 0.000000 0 
908640.000000 1.415561 908640.000000 1.415561 0.997515 0.144430 0.353890 0.000000 0 
916560.000000 1.383812 916560.000000 1.383812 0.997809 0.148688 0.345953 0.000000 0 
1619520.000000 0.831480 1619520.000000 0.831480 0.993347 0.526624 0.207870 0.000000 0 
976800.000000 1.251653 976800.000000 1.251653 0.997615 0.181075 0.312913 0.000000 0 
1026480.000000 1.088043 1026480.000000 1.088043 0.996778 0.207785 0.272011 0.000000 0 
1599120.000000 0.832826 1599120.000000 0.832826 0.996227 0.515656 0.208207 0.000000 0 
1666320.000000 0.829988 1666320.000000 0.829988 0.998448 0.551785 0.207497 0.000000 0 
1455120.000000 0.854699 1455120.000000 0.854699 0.994590 0.438237 0.213675 0.000000 0 
1042320.000000 1.081843 1042320.000000 1.081843 0.995130 0.216301 0.270461 0.000000 0 
1281840.000000 0.900552 1281840.000000 0.900552 0.999464 0.345075 0.225138 0.000000 0 
1095600.000000 1.013452 1095600.000000 1.013452 0.996954 0.244946 0.253363 0.000000 0 
1391280.000000 0.871413 1391280.000000 0.871413 0.999975 0.403914 0.217853 0.000000 0 
1165680.000000 0.955139 1165680.000000 0.955139 0.995820 0.282624 0.238785 0.000000 0 
939840.000000 1.360321 939840.000000 1.360321 0.987447 0.161204 0.340080 0.000000 0 
1057680.000000 1.065180 1057680.000000 1.065180 0.991429 0.224559 0.266295 0.000000 0 
1731360.000000 0.825365 1731360.000000 0.825365 0.991039 0.586753 0.206341 0.000000 0 
1370160.000000 0.871447 1370160.000000 0.871447 0.999898 0.392559 0.217862 0.000000 0 
920160.000000 1.370687 920160.000000 1.370687 0.996018 0.150624 0.342672 0.000000 0 
960720.000000 1.297707 960720.000000 1.297707 0.991945 0.172430 0.324427 0.000000 0 
971280.000000 1.275969 971280.000000 1.275969 0.997339 0.178108 0.318992 0.000000 0 
1085280.000000 1.019142 1085280.000000 1.019142 0.988116 0.239398 0.254785 0.000000 0 
895440.000000 1.669398 895440.000000 1.669398 0.999712 0.137333 0.417349 0.000000 0 
956880.000000 1.315164 956880.000000 1.315164 0.999109 0.170366 0.328791 0.000000 0 
1472160.000000 0.850258 1472160.000000 0.850258 0.979268 0.447398 0.212565 0.000000 0 
1048560.000000 1.073679 1048560.000000 1.073679 0.994191 0.219656 0.268420 0.000000 0 
1064400.000000 1.056043 1064400.000000 1.056043 0.998612 0.228172 0.264011 0.000000 0 
947760.000000 1.324370 947760.000000 1.324370 0.993837 0.165462 0.331093 0.000000 0 
992640.000000 1.162053 992640.000000 1.162053 0.986022 0.189591 0.290513 0.000000 0 
1079520.000000 1.029807 1079520.000000 1.029807 0.991667 0.236301 0.257452 0.000000 0 
1105200.000000 1.002915 1105200.000000 1.002915 0.998586 0.250108 0.250729 0.000000 0 
1514880.000000 0.840305 1514880.000000 0.840305 0.999272 0.470366 0.210076 0.000000 0 
1758480.000000 0.824742 1758480.000000 0.824742 0.995766 0.601333 0.206186 0.000000 0 
1361520.000000 0.874925 1361520.000000 0.874925 0.994654 0.387914 0.218731 0.000000 0 
1643520.000000 0.830168 1643520.000000 0.830168 0.996572 0.539527 0.207542 0.000000 0 
1296480.000000 0.893773 1296480.000000 0.893773 0.998689 0.352946 0.223443 0.000000 0 
1209840.000000 0.923961 1209840.000000 0.923961 0.982929 0.306366 0.230990 0.000000 0 
1482720.000000 0.849906 1482720.000000 0.849906 0.994924 0.453075 0.212477 0.000000 0 
1344240.000000 0.876764 1344240.000000 0.876764 0.997005 0.378624 0.219191 0.000000 0 
973920.000000 1.258958 973920.000000 1.258958 0.997545 0.179527 0.314739 0.000000 0 
935520.000000 1.369938 935520.000000 1.369938 0.994861 0.158882 0.342485 0.000000 0 
1271280.000000 0.905071 1271280.000000 0.905071 0.998027 0.339398 0.226268 0.000000 0 
1180560.000000 0.948267 1180560.000000 0.948267 0.997352 0.290624 0.237067 0.000000 0 
1200240.000000 0.928361 1200240.000000 0.928361 0.999627 0.301204 0.232090 0.000000 0 
1706160.000000 0.826518 1706160.000000 0.826518 0.999978 0.573204 0.206629 0.000000 0 
1758480.000000 0.824742 1758480.000000 0.824742 0.995766 0.601333 0.206186 0.000000 0 
1065600.000000 1.041372 1065600.000000 1.041372 0.997289 0.228817 0.260343 0.000000 0 
1726080.000000 0.826141 1726080.000000 0.826141 0.999296 0.583914 0.206535 0.000000 0 
1197120.000000 0.939852 1197120.000000 0.939852 0.997750 0.299527 0.234963 0.000000 0 
1106400.000000 0.992840 1106400.000000 0.992840 0.986222 0.250753 0.248210 0.000000 0 
1072080.000000 1.037424 1072080.000000 1.037424 0.991170 0.232301 0.259356 0.000000 0 
1329120.000000 0.884798 1329120.000000 0.884798 0.993707 0.370495 0.221199 0.000000 0 
1006800.000000 1.127839 1006800.000000 1.127839 0.995982 0.197204 0.281960 0.000000 0 
1318560.000000 0.887848 1318560.000000 0.887848 0.997776 0.364817 0.221962 0.000000 0 
1635600.000000 0.830296 1635600.000000 0.830296 0.996849 0.535269 0.207574 0.000000 0 
1187760.000000 0.941718 1187760.000000 0.941718 0.992574 0.294495 0.235430 0.000000 0 
1117200.000000 0.989227 1117200.000000 0.989227 0.983934 0.256559 0.247307 0.000000 0 
941760.000000 1.342413 941760.000000 1.342413 0.999312 0.162237 0.335603 0.000000 0 
1131360.000000 0.979485 1131360.000000 0.979485 0.998925 0.264172 0.244871 0.000000 0 
1118880.000000 0.981075 1118880.000000 0.981075 0.995386 0.257462 0.245269 0.000000 0 
1403760.000000 0.868668 1403760.000000 0.868668 0.998297 0.410624 0.217167 0.000000 0 
1412400.000000 0.868643 1412400.000000 0.868643 0.998282 0.415269 0.217161 0.000000 0 
1335600.000000 0.879396 1335600.000000 0.879396 0.999093 0.373978 0.219849 0.000000 0 
1166640.000000 0.950061 1166640.000000 0.950061 0.999302 0.283140 0.237515 0.000000 0 
960720.000000 1.297707 960720.000000 1.297707 0.991945 0.172430 0.324427 0.000000 0 
984240.000000 1.217819 984240.000000 1.217819 0.995680 0.185075 0.304455 0.000000 0 
905040.000000 1.433195 905040.000000 1.433195 0.999661 0.142495 0.358299 0.000000 0 
881520.000000 1.705088 881520.000000 1.705088 0.994482 0.129849 0.426272 0.000000 0 
941760.000000 1.342413 941760.000000 1.342413 0.999312 0.162237 0.335603 0.000000 0 
1706160.000000 0.826518 1706160.000000 0.826518 0.999978 0.573204 0.206629 0.000000 0 
971280.000000 1.275969 971280.000000 1.275969 0.997339 0.178108 0.318992 0.000000 0 
901680.000000 1.590022 901680.000000 1.590022 0.995751 0.140688 0.397505 0.000000 0 
1138560.000000 0.968282 1138560.000000 0.968282 0.990066 0.268043 0.242071 0.000000 0 
1309200.000000 0.890161 1309200.000000 0.890161 0.991761 0.359785 0.222540 0.000000 0 
1138320.000000 0.976355 1138320.000000 0.976355 0.999162 0.267914 0.244089 0.000000 0 
954240.000000 1.323260 954240.000000 1.323260 0.990621 0.168946 0.330815 0.000000 0 
1303920.000000 0.891890 1303920.000000 0.891890 0.995104 0.356946 0.222973 0.000000 0 
#Generacion: 4000 
#Distancia: 311.935354 
1787760.000000 0.822654 1787760.000000 0.822654 0.996178 0.617075 0.205663 0.000000 0 
880560.000000 1.704594 880560.000000 1.704594 0.998997 0.129333 0.426149 0.000000 0 
883920.000000 1.692034 883920.000000 1.692034 0.998764 0.131140 0.423009 0.000000 0 
891360.000000 1.581051 891360.000000 1.581051 0.999374 0.135140 0.395263 0.000000 0 
899040.000000 1.574492 899040.000000 1.574492 0.995300 0.139269 0.393623 0.000000 0 
901680.000000 1.469489 901680.000000 1.469489 0.998933 0.140688 0.367372 0.000000 0 
1688880.000000 0.822700 1688880.000000 0.822700 0.998057 0.563914 0.205675 0.000000 0 
1530240.000000 0.839039 1530240.000000 0.839039 0.985341 0.478624 0.209760 0.000000 0 
968160.000000 1.255510 968160.000000 1.255510 0.997880 0.176430 0.313878 0.000000 0 
950160.000000 1.298542 950160.000000 1.298542 0.998227 0.166753 0.324635 0.000000 0 
950640.000000 1.270879 950640.000000 1.270879 0.999586 0.167011 0.317720 0.000000 0 
976800.000000 1.213024 976800.000000 1.213024 0.989034 0.181075 0.303256 0.000000 0 
1667040.000000 0.823718 1667040.000000 0.823718 0.995763 0.552172 0.205930 0.000000 0 
1002960.000000 1.115291 1002960.000000 1.115291 0.985057 0.195140 0.278823 0.000000 0 
995040.000000 1.128800 995040.000000 1.128800 0.984619 0.190882 0.282200 0.000000 0 
1146000.000000 0.961534 1146000.000000 0.961534 0.989676 0.272043 0.240383 0.000000 0 
1573440.000000 0.837072 1573440.000000 0.837072 0.988383 0.501849 0.209268 0.000000 0 
1010640.000000 1.088435 1010640.000000 1.088435 0.986638 0.199269 0.272109 0.000000 0 
913680.000000 1.397520 913680.000000 1.397520 0.998411 0.147140 0.349380 0.000000 0 
905040.000000 1.433195 905040.000000 1.433195 0.999661 0.142495 0.358299 0.000000 0 
901680.000000 1.469489 901680.000000 1.469489 0.998933 0.140688 0.367372 0.000000 0 
1433280.000000 0.856293 1433280.000000 0.856293 0.995886 0.426495 0.214073 0.000000 0 
1644000.000000 0.828297 1644000.000000 0.828297 0.996682 0.539785 0.207074 0.000000 0 
1184160.000000 0.931651 1184160.000000 0.931651 0.993016 0.292559 0.232913 0.000000 0 
983520.000000 1.154589 983520.000000 1.154589 0.996359 0.184688 0.288647 0.000000 0 
1514880.000000 0.840305 1514880.000000 0.840305 0.999272 0.470366 0.210076 0.000000 0 
976800.000000 1.213024 976800.000000 1.213024 0.989034 0.181075 0.303256 0.000000 0 
978720.000000 1.177301 978720.000000 1.177301 0.987759 0.182108 0.294325 0.000000 0 
947760.000000 1.324370 947760.000000 1.324370 0.993837 0.165462 0.331093 0.000000 0 
1077360.000000 1.021857 1077360.000000 1.021857 0.996229 0.235140 0.255464 0.000000 0 
1612560.000000 0.830883 1612560.000000 0.830883 0.996824 0.522882 0.207721 0.000000 0 
1383360.000000 0.869176 1383360.000000 0.869176 0.996967 0.399656 0.217294 0.000000 0 
1180560.000000 0.948267 1180560.000000 0.948267 0.997352 0.290624 0.237067 0.000000 0 
1403760.000000 0.868668 1403760.000000 0.868668 0.998297 0.410624 0.217167 0.000000 0 
939120.000000 1.340152 939120.000000 1.340152 0.998405 0.160817 0.335038 0.000000 0 
935520.000000 1.369938 935520.000000 1.369938 0.994861 0.158882 0.342485 0.000000 0 
1633680.000000 0.830436 1633680.000000 0.830436 0.993757 0.534237 0.207609 0.000000 0 
916560.000000 1.383407 916560.000000 1.383407 0.998577 0.148688 0.345852 0.000000 0 
1200240.000000 0.928361 1200240.000000 0.928361 0.999627 0.301204 0.232090 0.000000 0 
964320.000000 1.257547 964320.000000 1.257547 0.999206 0.174366 0.314387 0.000000 0 
1130640.000000 0.965178 1130640.000000 0.965178 0.993080 0.263785 0.241295 0.000000 0 
1497360.000000 0.844685 1497360.000000 0.844685 0.999311 0.460946 0.211171 0.000000 0 
920160.000000 1.370687 920160.000000 1.370687 0.996018 0.150624 0.342672 0.000000 0 
1165680.000000 0.955139 1165680.000000 0.955139 0.995820 0.282624 0.238785 0.000000 0 
1452240.000000 0.854882 1452240.000000 0.854882 0.999933 0.436688 0.213721 0.000000 0 
1370160.000000 0.871447 1370160.000000 0.871447 0.999898 0.392559 0.217862 0.000000 0 
1072080.000000 1.037424 1072080.000000 1.037424 0.991170 0.232301 0.259356 0.000000 0 
1357680.000000 0.875363 1357680.000000 0.875363 0.997028 0.385849 0.218841 0.000000 0 
1589040.000000 0.836212 1589040.000000 0.836212 0.988928 0.510237 0.209053 0.000000 0 
1271280.000000 0.905071 1271280.000000 0.905071 0.998027 0.339398 0.226268 0.000000 0 
1064400.000000 1.056043 1064400.000000 1.056043 0.998612 0.228172 0.264011 0.000000 0 
1344240.000000 0.876764 1344240.000000 0.876764 0.997005 0.378624 0.219191 0.000000 0 
1318560.000000 0.887848 1318560.000000 0.887848 0.997776 0.364817 0.221962 0.000000 0 
1598400.000000 0.831691 1598400.000000 0.831691 0.978108 0.515269 0.207923 0.000000 0 
1421040.000000 0.863779 1421040.000000 0.863779 0.993842 0.419914 0.215945 0.000000 0 
1216800.000000 0.918302 1216800.000000 0.918302 0.991496 0.310108 0.229575 0.000000 0 
1306080.000000 0.890703 1306080.000000 0.890703 0.997911 0.358108 0.222676 0.000000 0 
982560.000000 1.154948 982560.000000 1.154948 0.995713 0.184172 0.288737 0.000000 0 
1236000.000000 0.910518 1236000.000000 0.910518 0.999346 0.320430 0.227630 0.000000 0 
1129440.000000 0.977493 1129440.000000 0.977493 0.995072 0.263140 0.244373 0.000000 0 
1231920.000000 0.917972 1231920.000000 0.917972 0.999285 0.318237 0.229493 0.000000 0 
1296480.000000 0.893773 1296480.000000 0.893773 0.998689 0.352946 0.223443 0.000000 0 
1209840.000000 0.923961 1209840.000000 0.923961 0.982929 0.306366 0.230990 0.000000 0 
978720.000000 1.177301 978720.000000 1.177301 0.987759 0.182108 0.294325 0.000000 0 
1065600.000000 1.041372 1065600.000000 1.041372 0.997289 0.228817 0.260343 0.000000 0 
1099440.000000 1.005463 1099440.000000 1.005463 0.995783 0.247011 0.251366 0.000000 0 
1251120.000000 0.909273 1251120.000000 0.909273 0.998870 0.328559 0.227318 0.000000 0 
1059840.000000 1.065049 1059840.000000 1.065049 0.993890 0.225720 0.266262 0.000000 0 
944160.000000 1.329276 944160.000000 1.329276 0.994041 0.163527 0.332319 0.000000 0 
1117200.000000 0.989227 1117200.000000 0.989227 0.983934 0.256559 0.247307 0.000000 0 
1106400.000000 0.992840 1106400.000000 0.992840 0.986222 0.250753 0.248210 0.000000 0 
1257840.000000 0.906852 1257840.000000 0.906852 0.998045 0.332172 0.226713 0.000000 0 
1118880.000000 0.981075 1118880.000000 0.981075 0.995386 0.257462 0.245269 0.000000 0 
1477680.000000 0.848814 1477680.000000 0.848814 0.993973 0.450366 0.212204 0.000000 0 
1026240.000000 1.083792 1026240.000000 1.083792 0.986288 0.207656 0.270948 0.000000 0 
1487520.000000 0.845650 1487520.000000 0.845650 0.997309 0.455656 0.211412 0.000000 0 
908640.000000 1.415561 908640.000000 1.415561 0.997515 0.144430 0.353890 0.000000 0 
1090560.000000 1.012667 1090560.000000 1.012667 0.995062 0.242237 0.253167 0.000000 0 
1336320.000000 0.883639 1336320.000000 0.883639 0.993860 0.374366 0.220910 0.000000 0 
1688880.000000 0.822700 1688880.000000 0.822700 0.998057 0.563914 0.205675 0.000000 0 
1085280.000000 1.014561 1085280.000000 1.014561 0.997729 0.239398 0.253640 0.000000 0 
1281840.000000 0.900552 1281840.000000 0.900552 0.999464 0.345075 0.225138 0.000000 0 
1415280.000000 0.866360 1415280.000000 0.866360 0.993801 0.416817 0.216590 0.000000 0 
1037760.000000 1.083528 1037760.000000 1.083528 0.996718 0.213849 0.270882 0.000000 0 
1329120.000000 0.884798 1329120.000000 0.884798 0.993707 0.370495 0.221199 0.000000 0 
1166640.000000 0.950061 1166640.000000 0.950061 0.999302 0.283140 0.237515 0.000000 0 
1001760.000000 1.128095 1001760.000000 1.128095 0.995912 0.194495 0.282024 0.000000 0 
905040.000000 1.433195 905040.000000 1.433195 0.999661 0.142495 0.358299 0.000000 0 
908640.000000 1.415561 908640.000000 1.415561 0.997515 0.144430 0.353890 0.000000 0 
1288560.000000 0.899848 1288560.000000 0.899848 0.998860 0.348688 0.224962 0.000000 0 
1040400.000000 1.075986 1040400.000000 1.075986 0.996737 0.215269 0.268997 0.000000 0 
1462560.000000 0.853553 1462560.000000 0.853553 0.982804 0.442237 0.213388 0.000000 0 
1016640.000000 1.086313 1016640.000000 1.086313 0.989864 0.202495 0.271578 0.000000 0 
1054800.000000 1.071596 1054800.000000 1.071596 0.972402 0.223011 0.267899 0.000000 0 
1470240.000000 0.852445 1470240.000000 0.852445 0.999038 0.446366 0.213111 0.000000 0 
1103760.000000 0.999966 1103760.000000 0.999966 0.983937 0.249333 0.249992 0.000000 0 
1048560.000000 1.073679 1048560.000000 1.073679 0.994191 0.219656 0.268420 0.000000 0 
1573440.000000 0.837072 1573440.000000 0.837072 0.988383 0.501849 0.209268 0.000000 0 
939120.000000 1.340152 939120.000000 1.340152 0.998405 0.160817 0.335038 0.000000 0 
935520.000000 1.369938 935520.000000 1.369938 0.994861 0.158882 0.342485 0.000000 0 
#Generacion: 4500 
#Distancia: 295.746263 
1684560.000000 0.822466 1684560.000000 0.822466 0.995663 0.561591 0.205616 0.000000 0 
877680.000000 1.707765 877680.000000 1.707765 0.999075 0.127785 0.426941 0.000000 0 
898320.000000 1.572920 898320.000000 1.572920 0.999562 0.138882 0.393230 0.000000 0 
901680.000000 1.469489 901680.000000 1.469489 0.998933 0.140688 0.367372 0.000000 0 
970320.000000 1.196826 970320.000000 1.196826 0.989069 0.177591 0.299207 0.000000 0 
964560.000000 1.248911 964560.000000 1.248911 0.999526 0.174495 0.312228 0.000000 0 
889440.000000 1.661684 889440.000000 1.661684 0.998953 0.134108 0.415421 0.000000 0 
891120.000000 1.599959 891120.000000 1.599959 0.998337 0.135011 0.399990 0.000000 0 
950640.000000 1.270879 950640.000000 1.270879 0.999586 0.167011 0.317720 0.000000 0 
1005600.000000 1.089997 1005600.000000 1.089997 0.989553 0.196559 0.272499 0.000000 0 
1146000.000000 0.961534 1146000.000000 0.961534 0.989676 0.272043 0.240383 0.000000 0 
1598400.000000 0.831691 1598400.000000 0.831691 0.978108 0.515269 0.207923 0.000000 0 
1017120.000000 1.078340 1017120.000000 1.078340 0.986487 0.202753 0.269585 0.000000 0 
1424400.000000 0.862311 1424400.000000 0.862311 0.997803 0.421720 0.215578 0.000000 0 
1452000.000000 0.848012 1452000.000000 0.848012 0.975873 0.436559 0.212003 0.000000 0 
1626480.000000 0.830684 1626480.000000 0.830684 0.995869 0.530366 0.207671 0.000000 0 
1002960.000000 1.115291 1002960.000000 1.115291 0.985057 0.195140 0.278823 0.000000 0 
941040.000000 1.314328 941040.000000 1.314328 0.996980 0.161849 0.328582 0.000000 0 
950160.000000 1.298542 950160.000000 1.298542 0.998227 0.166753 0.324635 0.000000 0 
1184160.000000 0.931651 1184160.000000 0.931651 0.993016 0.292559 0.232913 0.000000 0 
1474320.000000 0.845731 1474320.000000 0.845731 0.998824 0.448559 0.211433 0.000000 0 
1097280.000000 1.012514 1097280.000000 1.012514 0.992111 0.245849 0.253129 0.000000 0 
934800.000000 1.360246 934800.000000 1.360246 0.997025 0.158495 0.340062 0.000000 0 
908640.000000 1.415561 908640.000000 1.415561 0.997515 0.144430 0.353890 0.000000 0 
1667040.000000 0.823718 1667040.000000 0.823718 0.995763 0.552172 0.205930 0.000000 0 
901680.000000 1.469489 901680.000000 1.469489 0.998933 0.140688 0.367372 0.000000 0 
905040.000000 1.433195 905040.000000 1.433195 0.999661 0.142495 0.358299 0.000000 0 
988560.000000 1.152706 988560.000000 1.152706 0.992511 0.187398 0.288177 0.000000 0 
1645920.000000 0.823796 1645920.000000 0.823796 0.996556 0.540817 0.205949 0.000000 0 
1036800.000000 1.057891 1036800.000000 1.057891 0.983031 0.213333 0.264473 0.000000 0 
1236000.000000 0.910518 1236000.000000 0.910518 0.999346 0.320430 0.227630 0.000000 0 
995040.000000 1.128783 995040.000000 1.128783 0.995011 0.190882 0.282196 0.000000 0 
916560.000000 1.383407 916560.000000 1.383407 0.998577 0.148688 0.345852 0.000000 0 
1252080.000000 0.906851 1252080.000000 0.906851 0.998183 0.329075 0.226713 0.000000 0 
1180560.000000 0.948267 1180560.000000 0.948267 0.997352 0.290624 0.237067 0.000000 0 
962640.000000 1.259141 962640.000000 1.259141 0.993927 0.173462 0.314785 0.000000 0 
1514880.000000 0.840305 1514880.000000 0.840305 0.999272 0.470366 0.210076 0.000000 0 
1383360.000000 0.869176 1383360.000000 0.869176 0.996967 0.399656 0.217294 0.000000 0 
883920.000000 1.692034 883920.000000 1.692034 0.999122 0.131140 0.423009 0.000000 0 
889440.000000 1.661684 889440.000000 1.661684 0.998953 0.134108 0.415421 0.000000 0 
1200240.000000 0.928361 1200240.000000 0.928361 0.999627 0.301204 0.232090 0.000000 0 
1560480.000000 0.837764 1560480.000000 0.837764 0.996196 0.494882 0.209441 0.000000 0 
982560.000000 1.154931 982560.000000 1.154931 0.995878 0.184172 0.288733 0.000000 0 
1501680.000000 0.844712 1501680.000000 0.844712 0.996361 0.463269 0.211178 0.000000 0 
1053360.000000 1.052683 1053360.000000 1.052683 0.983881 0.222237 0.263171 0.000000 0 
891360.000000 1.581051 891360.000000 1.581051 0.999374 0.135140 0.395263 0.000000 0 
1587840.000000 0.835379 1587840.000000 0.835379 0.986055 0.509591 0.208845 0.000000 0 
1540560.000000 0.838430 1540560.000000 0.838430 0.999217 0.484172 0.209607 0.000000 0 
1370160.000000 0.871447 1370160.000000 0.871447 0.999898 0.392559 0.217862 0.000000 0 
1165680.000000 0.955139 1165680.000000 0.955139 0.995820 0.282624 0.238785 0.000000 0 
978720.000000 1.177301 978720.000000 1.177301 0.987759 0.182108 0.294325 0.000000 0 
1357680.000000 0.875363 1357680.000000 0.875363 0.997028 0.385849 0.218841 0.000000 0 
1079040.000000 1.014053 1079040.000000 1.014053 0.988423 0.236043 0.253513 0.000000 0 
1570560.000000 0.835906 1570560.000000 0.835906 0.992979 0.500301 0.208976 0.000000 0 
1296480.000000 0.893773 1296480.000000 0.893773 0.998689 0.352946 0.223443 0.000000 0 
1076880.000000 1.022746 1076880.000000 1.022746 0.992567 0.234882 0.255686 0.000000 0 
1399200.000000 0.865833 1399200.000000 0.865833 0.987067 0.408172 0.216458 0.000000 0 
1344240.000000 0.876764 1344240.000000 0.876764 0.997005 0.378624 0.219191 0.000000 0 
1069920.000000 1.036301 1069920.000000 1.036301 0.999936 0.231140 0.259075 0.000000 0 
1487520.000000 0.845650 1487520.000000 0.845650 0.997309 0.455656 0.211412 0.000000 0 
1306320.000000 0.888189 1306320.000000 0.888189 0.999138 0.358237 0.222047 0.000000 0 
1530240.000000 0.839039 1530240.000000 0.839039 0.985341 0.478624 0.209760 0.000000 0 
936720.000000 1.339344 936720.000000 1.339344 0.994845 0.159527 0.334836 0.000000 0 
1437120.000000 0.850649 1437120.000000 0.850649 0.995323 0.428559 0.212662 0.000000 0 
1103760.000000 0.999966 1103760.000000 0.999966 0.983937 0.249333 0.249992 0.000000 0 
1130640.000000 0.965178 1130640.000000 0.965178 0.993080 0.263785 0.241295 0.000000 0 
1226640.000000 0.917473 1226640.000000 0.917473 0.997782 0.315398 0.229368 0.000000 0 
1124160.000000 0.966935 1124160.000000 0.966935 0.994755 0.260301 0.241734 0.000000 0 
1267200.000000 0.906621 1267200.000000 0.906621 0.998681 0.337204 0.226655 0.000000 0 
975840.000000 1.181661 975840.000000 1.181661 0.996811 0.180559 0.295415 0.000000 0 
1209840.000000 0.923961 1209840.000000 0.923961 0.982929 0.306366 0.230990 0.000000 0 
1634400.000000 0.827354 1634400.000000 0.827354 0.996768 0.534624 0.206839 0.000000 0 
1106400.000000 0.992840 1106400.000000 0.992840 0.986222 0.250753 0.248210 0.000000 0 
1118880.000000 0.981075 1118880.000000 0.981075 0.995386 0.257462 0.245269 0.000000 0 
1318560.000000 0.887848 1318560.000000 0.887848 0.997776 0.364817 0.221962 0.000000 0 
923520.000000 1.365793 923520.000000 1.365793 0.996089 0.152430 0.341448 0.000000 0 
1333680.000000 0.880791 1333680.000000 0.880791 0.994580 0.372946 0.220198 0.000000 0 
1035840.000000 1.076298 1035840.000000 1.076298 0.988425 0.212817 0.269075 0.000000 0 
1285920.000000 0.898068 1285920.000000 0.898068 0.995222 0.347269 0.224517 0.000000 0 
944640.000000 1.305821 944640.000000 1.305821 0.995863 0.163785 0.326455 0.000000 0 
1427520.000000 0.850843 1427520.000000 0.850843 0.994342 0.423398 0.212711 0.000000 0 
1116960.000000 0.986664 1116960.000000 0.986664 0.997768 0.256430 0.246666 0.000000 0 
920160.000000 1.370687 920160.000000 1.370687 0.996018 0.150624 0.342672 0.000000 0 
1216800.000000 0.918302 1216800.000000 0.918302 0.991496 0.310108 0.229575 0.000000 0 
1058400.000000 1.046568 1058400.000000 1.046568 0.993029 0.224946 0.261642 0.000000 0 
1327920.000000 0.885245 1327920.000000 0.885245 0.998117 0.369849 0.221311 0.000000 0 
1166640.000000 0.950061 1166640.000000 0.950061 0.999302 0.283140 0.237515 0.000000 0 
936720.000000 1.339344 936720.000000 1.339344 0.994845 0.159527 0.334836 0.000000 0 
1061760.000000 1.037828 1061760.000000 1.037828 0.993251 0.226753 0.259457 0.000000 0 
878640.000000 1.706918 878640.000000 1.706918 0.999637 0.128301 0.426730 0.000000 0 
1000560.000000 1.127342 1000560.000000 1.127342 0.988825 0.193849 0.281835 0.000000 0 
905040.000000 1.433195 905040.000000 1.433195 0.999661 0.142495 0.358299 0.000000 0 
908880.000000 1.396489 908880.000000 1.396489 0.997218 0.144559 0.349122 0.000000 0 
1398960.000000 0.866581 1398960.000000 0.866581 0.994876 0.408043 0.216645 0.000000 0 
883920.000000 1.692034 883920.000000 1.692034 0.999122 0.131140 0.423009 0.000000 0 
1682400.000000 0.823683 1682400.000000 0.823683 0.996383 0.560430 0.205921 0.000000 0 
1036080.000000 1.072787 1036080.000000 1.072787 0.986652 0.212946 0.268197 0.000000 0 
908880.000000 1.396489 908880.000000 1.396489 0.997218 0.144559 0.349122 0.000000 0 
891120.000000 1.599959 891120.000000 1.599959 0.998337 0.135011 0.399990 0.000000 0 
1272480.000000 0.900440 1272480.000000 0.900440 0.998016 0.340043 0.225110 0.000000 0 
#Generacion: 5000 
#Distancia: 291.740606 
