77724236.149103 75728397.915894 1995840.000000 1.766791 8.572840 41.443138 18932099.478973 75728396.149103 69 
70598585.874306 68569147.346298 2029440.000000 1.471992 7.856915 37.612143 17142286.836575 68569145.874306 66 
37346345.715476 35488747.409904 1857600.000000 1.694429 4.548875 19.734594 8872186.852476 35488745.715476 9 
51644878.298914 49464479.771365 2180400.000000 1.472451 5.946448 27.421978 12366119.942841 49464478.298914 40 
69237151.548086 67426353.283590 1810800.000000 1.735504 7.742635 36.880189 16856588.320898 67426351.548086 64 
45064738.977428 43071780.499221 1992960.000000 1.521793 5.307178 23.884268 10767945.124805 43071778.977428 18 
1694826103438.465576 1694824103040.069824 2000400.000000 1.604319 169483.410304 911196.485720 423706025760.017456 1694824103038.465576 72 
106040214966887.968750 106040212922090.125000 2044800.000000 2.154573 10604022.292209 57010867.917682 26510053230522.531250 106040212922087.968750 84 
49421686574727.406250 49421684564489.000000 2010240.000000 1.593124 4942169.456449 26570798.889638 12355421141122.250000 49421684564487.406250 79 
55232034.708058 53269556.156209 1962480.000000 1.448151 6.326955 29.350556 13317389.039052 53269554.708058 51 
99258900312895.875000 99258898279617.265625 2033280.000000 1.387185 9925890.827962 53364999.824138 24814724569904.316406 99258898279615.875000 83 
54423351.437675 52418392.857069 2004960.000000 1.419394 6.241839 28.915780 13104598.214267 52418391.437675 49 
49852328.786610 47676490.058185 2175840.000000 1.271576 5.767649 26.458241 11919122.514546 47676488.786610 30 
42967506.408432 40953428.843781 2014080.000000 2.435349 5.095343 22.756724 10238357.210945 40953426.408432 15 
75250030.773026 73063632.305525 2186400.000000 1.532499 8.306363 40.112920 18265908.076381 73063630.773026 68 
50159760.061923 48130321.374185 2029440.000000 1.312261 5.813032 26.623527 12032580.343546 48130320.061923 33 
38554292.429963 36365734.174637 2188560.000000 1.744674 4.636573 20.384028 9091433.543659 36365732.429963 10 
43441290.512534 41569532.226991 1871760.000000 1.714457 5.156953 23.011447 10392383.056748 41569530.512534 17 
117952195338126.625000 117952193352128.578125 1986000.000000 1.948133 11795220.335213 63415158.439853 29488048338032.144531 117952193352126.625000 85 
49534878.550254 47363120.400102 2171760.000000 1.849848 5.736312 26.287569 11840780.100025 47363118.550254 29 
42232925.201026 40086606.674761 2146320.000000 1.473735 5.008661 22.361788 10021651.668690 40086605.201026 13 
52915610.788021 50938732.501984 1976880.000000 1.713963 6.093873 28.105167 12734683.125496 50938730.788021 47 
51059428.961117 49082790.592828 1976640.000000 1.631711 5.908279 27.107220 12270697.648207 49082788.961117 38 
41614744.693162 39742025.977879 1872720.000000 1.284717 4.974202 22.029433 9935506.494470 39742024.693162 11 
52895965.127487 50906366.332486 1989600.000000 1.204999 6.090637 28.094605 12726591.583121 50906365.127487 46 
50965524.360151 48871525.831478 2094000.000000 1.471327 5.887152 27.056734 12217881.457870 48871524.360151 37 
49255187.446529 47102388.881331 2152800.000000 1.434802 5.710239 26.137198 11775597.220333 47102387.446529 28 
47766751.073089 45885152.965816 1881600.000000 1.892727 5.588515 25.336963 11471288.241454 45885151.073089 25 
35181886.533406 33180767.980705 2001120.000000 1.447299 4.318077 18.570907 8295191.995176 33180766.533406 8 
43043289.521755 40942090.782657 2101200.000000 1.260903 5.094209 22.797467 10235522.695664 40942089.521755 15 
54569611.832617 52358733.264969 2210880.000000 1.432353 6.235873 28.994415 13089683.316242 52358731.832617 48 
131388474877174.703125 131388472989096.234375 1888080.000000 1.528141 13138848.298909 70638964.643642 32847118247274.058594 131388472989094.703125 88 
50134709.816693 48091351.488343 2043360.000000 1.671650 5.809135 26.610059 12022837.872086 48091349.816693 32 
865644366163.086426 865642404404.350098 1961760.000000 1.263650 86565.240440 465399.852776 216410601101.087524 865642404403.086426 71 
56535417.149304 54378059.384347 2157360.000000 2.235043 6.437806 30.051300 13594514.846087 54378057.149304 56 
35308154729529.773438 35308152700571.351562 2028960.000000 1.581580 3530816.270057 18982878.542758 8827038175142.837891 35308152700569.773438 78 
57412005.425729 55313447.272480 2098560.000000 1.846752 6.531345 30.522584 13828361.818120 55313445.425729 57 
56513036.350605 54486718.384895 2026320.000000 2.034290 6.448672 30.039267 13621679.596224 54486716.350605 56 
4276657299371.444824 4276655163373.111328 2136000.000000 1.666640 427666.516337 2299277.773856 1069163790843.277832 4276655163371.444824 73 
51787102.603688 49589183.959580 2197920.000000 1.355891 5.958918 27.498442 12397295.989895 49589182.603688 41 
127183447294655.015625 127183445384016.546875 1910640.000000 1.532237 12718345.538402 68378197.126159 31795861346004.136719 127183445384015.015625 87 
50083159.974743 48008841.104728 2074320.000000 1.129985 5.800884 26.582344 12002210.276182 48008839.974743 31 
52215120.290844 50179202.337858 2035920.000000 2.047014 6.017920 27.728559 12544800.584465 50179200.290844 44 
59631393.773095 57717155.853678 1914240.000000 2.080583 6.771715 31.715803 14429288.963420 57717153.773095 59 
29606404730155.886719 29606402598237.578125 2131920.000000 1.691016 2960641.259824 15917421.553847 7401600649559.394531 29606402598235.886719 77 
51205232.724868 49195714.377923 2009520.000000 1.653055 5.919571 27.185609 12298928.594481 49195712.724868 39 
54962642.482762 52817764.064186 2144880.000000 1.581423 6.281776 29.205722 13204441.016046 52817762.482762 50 
55650220.226594 53666381.577070 1983840.000000 1.350476 6.366638 29.575387 13416595.394267 53666380.226594 54 
51970361.953080 49877323.885966 2093040.000000 1.932886 5.987732 27.596969 12469330.971491 49877321.953080 43 
75244928820772.203125 75244926721014.078125 2099760.000000 1.873579 7524493.672101 40454262.462781 18811231680253.519531 75244926721012.203125 82 
148756687249217.093750 148756685160738.468750 2088480.000000 1.379207 14875669.516074 79976713.230762 37189171290184.617188 148756685160737.093750 90 
48447039.335886 46333120.680622 2113920.000000 1.344736 5.633312 25.702709 11583280.170155 46333119.335886 27 
9497608941239.646484 9497606927401.425781 2013840.000000 1.779010 949761.692740 5106241.022172 2374401731850.356445 9497606927399.646484 74 
51780408.962986 49768731.503285 2011680.000000 2.540299 5.976873 27.494844 12442182.875821 49768728.962986 41 
65786714.703244 63757516.340450 2029200.000000 1.637206 7.375751 35.025115 15939379.085113 63757514.703244 62 
50644923.872509 48523085.332273 2121840.000000 1.459765 5.852308 26.884368 12130771.333068 48523083.872509 35 
72987594.417408 71075516.292547 1912080.000000 1.875139 8.107551 38.896556 17768879.073137 71075514.417408 67 
33149093.779891 31011175.123386 2137920.000000 1.343496 4.101117 17.478007 7752793.780847 31011173.779891 6 
47472923.590385 45258685.044417 2214240.000000 1.454032 5.525868 25.178991 11314671.261104 45258683.590385 22 
33048288.254556 30973729.557243 2074560.000000 1.302687 4.097373 17.423811 7743432.389311 30973728.254556 5 
45756090.854200 43723052.648135 2033040.000000 1.793935 5.372305 24.255963 10930763.162034 43723050.854200 19 
28883550.485710 26832511.704557 2051040.000000 1.218847 3.683251 15.184705 6708127.926139 26832510.485710 3 
27582631567090.746094 27582629673732.292969 1893360.000000 1.545608 2758263.967373 14829371.466178 6895657418433.073242 27582629673730.746094 76 
54372860.228433 52381341.488341 1991520.000000 1.259907 6.238134 28.888635 13095335.372085 52381340.228433 48 
60067593.290426 58063114.964718 2004480.000000 1.674292 6.806311 31.950319 14515778.741180 58063113.290426 60 
43215770.372394 41296491.938236 1919280.000000 1.565842 5.129649 22.890199 10324122.984559 41296490.372394 16 
24360333.614147 22375775.008930 1984560.000000 1.394783 3.237577 12.752868 5593943.752233 22375773.614147 2 
21167911.162004 19063352.571031 2104560.000000 1.409027 2.906335 11.036511 4765838.142758 19063351.162004 1 
17251608.621822 15266330.161897 1985280.000000 1.540075 2.526633 8.930972 3816582.540474 15266328.621822 0 
35013265.314683 33020066.802429 1993200.000000 1.487746 4.302007 18.480250 8255016.700607 33020065.314683 7 
18527292378811.441406 18527290225293.320312 2153520.000000 1.879024 1852730.022529 9960909.536995 4631822556323.330078 18527290225291.441406 75 
133861542962537.125000 133861540667658.437500 2294880.000000 1.313188 13386155.066766 71968571.141149 33465385166914.609375 133861540667657.125000 89 
50575486.249595 48410207.371702 2165280.000000 1.122108 5.841021 26.847036 12102551.842926 48410206.249595 34 
42006953.180146 40055274.980318 1951680.000000 1.800171 5.005527 22.240297 10013818.745079 40055273.180146 12 
46428043.323891 44457405.245529 1970640.000000 1.921638 5.445740 24.617228 11114351.311382 44457403.323891 20 
52477655.870341 50385097.286250 2092560.000000 1.415909 6.038510 27.869707 12596274.321562 50385095.870341 45 
517702352680644.875000 517702350685767.062500 1994880.000000 2.166409 51770236.068576 278334597.871314 129425587671441.765625 517702350685764.875000 91 
74576654595179.359375 74576652565260.625000 2029920.000000 1.272346 7457666.256526 40094975.244720 18644163141315.156250 74576652565259.359375 81 
57932523.242593 55853884.424689 2078640.000000 1.182096 6.585388 30.802432 13963471.106172 55853883.242593 58 
47020459.764390 44958140.794510 2062320.000000 1.030120 5.495814 24.935731 11239535.198627 44958139.764390 21 
10688033999604166.000000 10688033997569208.000000 2034960.000000 1.716343 1068803400.756921 5746254838.152778 2672008499392302.000000 10688033997569206.000000 92 
102904445.284928 101048289.342234 1856160.000000 4.057306 11.104829 54.980885 25262072.335559 101048285.284928 70 
47616801.440554 45649762.778351 1967040.000000 1.337797 5.564976 25.256345 11412440.694588 45649761.440554 24 
55440364.370053 53385965.819761 2054400.000000 1.449708 6.338596 29.462561 13346491.454940 53385964.370053 52 
51890373.672717 49831655.075335 2058720.000000 1.402618 5.983165 27.553964 12457913.768834 49831653.672717 42 
49241564.711407 47243566.368470 1998000.000000 1.657063 5.724356 26.129874 11810891.592118 47243564.711407 28 
55374347.139092 53600749.223191 1773600.000000 2.084099 6.360075 29.427068 13400187.305798 53600747.139092 53 
47957870.850531 45854992.219030 2102880.000000 1.368498 5.585499 25.439716 11463748.054757 45854990.850531 26 
56220012.174219 54341773.799337 1878240.000000 1.625118 6.434177 29.881727 13585443.449834 54341772.174219 55 
62407027817573.601562 62407025768215.156250 2049360.000000 1.552858 6240703.576821 33552165.149233 15601756442053.789062 62407025768213.601562 80 
126292433523424.718750 126292431567425.968750 1956000.000000 1.253890 12629244.156742 67899157.464207 31573107891856.492188 126292431567424.718750 86 
47785026.038020 45771907.395268 2013120.000000 1.357249 5.577191 25.346788 11442976.848817 45771906.038020 25 
70497182.077595 68422143.920037 2075040.000000 1.842442 7.842214 37.557625 17105535.980009 68422142.077595 65 
42379904.875908 40412626.138128 1967280.000000 1.262220 5.041262 22.440809 10103156.534532 40412624.875908 14 
47545616.352323 45505138.114517 2040480.000000 1.762194 5.550514 25.218073 11376284.528629 45505136.352323 23 
55371589.614902 53559111.450557 1812480.000000 1.835655 6.355911 29.425586 13389777.862639 53559109.614902 52 
50655813.794677 48654695.331350 2001120.000000 1.536673 5.865469 26.890222 12163673.832838 48654693.794677 36 
62936430.951031 60898592.387662 2037840.000000 1.436631 7.089859 33.492705 15224648.096916 60898590.951031 61 
29053905.616125 27199427.901929 1854480.000000 2.285804 3.719943 15.276293 6799856.975482 27199425.616125 4 
66409411.418758 64554693.122700 1854720.000000 1.703942 7.455469 35.359899 16138673.280675 64554691.418758 63 
#Generacion: 1 
#Distancia: 789.423131 
1282320.000000 0.935123 1282320.000000 0.935123 0.997151 0.345333 0.233781 0.000000 0 
1507680.000000 0.862488 1507680.000000 0.862488 0.997867 0.466495 0.215622 0.000000 0 
1305120.000000 0.930810 1305120.000000 0.930810 0.997961 0.357591 0.232703 0.000000 0 
1104240.000000 1.076170 1104240.000000 1.076170 0.984224 0.249591 0.269043 0.000000 0 
1089600.000000 1.088979 1089600.000000 1.088979 0.983572 0.241720 0.272245 0.000000 0 
1115760.000000 1.057797 1115760.000000 1.057797 0.996241 0.255785 0.264449 0.000000 0 
1061280.000000 1.123695 1061280.000000 1.123695 0.999271 0.226495 0.280924 0.000000 0 
1410960.000000 0.895116 1410960.000000 0.895116 0.998111 0.414495 0.223779 0.000000 0 
1274880.000000 0.936693 1274880.000000 0.936693 0.998605 0.341333 0.234173 0.000000 0 
1470720.000000 0.870036 1470720.000000 0.870036 0.998291 0.446624 0.217509 0.000000 0 
1202160.000000 0.986058 1202160.000000 0.986058 0.994923 0.302237 0.246514 0.000000 0 
1061280.000000 1.123695 1061280.000000 1.123695 0.999271 0.226495 0.280924 0.000000 0 
1063200.000000 1.114757 1063200.000000 1.114757 0.990269 0.227527 0.278689 0.000000 0 
1158240.000000 1.011607 1158240.000000 1.011607 0.997135 0.278624 0.252902 0.000000 0 
1335120.000000 0.912884 1335120.000000 0.912884 0.998314 0.373720 0.228221 0.000000 0 
1088880.000000 1.103004 1088880.000000 1.103004 0.987885 0.241333 0.275751 0.000000 0 
1258800.000000 0.944532 1258800.000000 0.944532 0.999121 0.332688 0.236133 0.000000 0 
1328640.000000 0.916049 1328640.000000 0.916049 0.993904 0.370237 0.229012 0.000000 0 
1463040.000000 0.875357 1463040.000000 0.875357 0.999164 0.442495 0.218839 0.000000 0 
1061280.000000 1.123695 1061280.000000 1.123695 0.999271 0.226495 0.280924 0.000000 0 
1213440.000000 0.985537 1213440.000000 0.985537 0.990701 0.308301 0.246384 0.000000 0 
1089600.000000 1.088979 1089600.000000 1.088979 0.983572 0.241720 0.272245 0.000000 0 
1092720.000000 1.076751 1092720.000000 1.076751 0.984344 0.243398 0.269188 0.000000 0 
1158240.000000 1.011607 1158240.000000 1.011607 0.997135 0.278624 0.252902 0.000000 0 
1264080.000000 0.938388 1264080.000000 0.938388 0.996639 0.335527 0.234597 0.000000 0 
1317120.000000 0.918609 1317120.000000 0.918609 0.999826 0.364043 0.229652 0.000000 0 
1495200.000000 0.863923 1495200.000000 0.863923 0.999485 0.459785 0.215981 0.000000 0 
1268160.000000 0.936792 1268160.000000 0.936792 0.997804 0.337720 0.234198 0.000000 0 
1063200.000000 1.114757 1063200.000000 1.114757 0.990269 0.227527 0.278689 0.000000 0 
1227120.000000 0.972281 1227120.000000 0.972281 0.992401 0.315656 0.243070 0.000000 0 
1190160.000000 0.997393 1190160.000000 0.997393 0.985834 0.295785 0.249348 0.000000 0 
1287840.000000 0.931834 1287840.000000 0.931834 0.999752 0.348301 0.232958 0.000000 0 
1241760.000000 0.958165 1241760.000000 0.958165 0.994296 0.323527 0.239541 0.000000 0 
1253760.000000 0.945796 1253760.000000 0.945796 0.999439 0.329978 0.236449 0.000000 0 
1591200.000000 0.856562 1591200.000000 0.856562 0.985098 0.511398 0.214140 0.000000 0 
1114080.000000 1.068967 1114080.000000 1.068967 0.976264 0.254882 0.267242 0.000000 0 
1311600.000000 0.926017 1311600.000000 0.926017 0.999873 0.361075 0.231504 0.000000 0 
1050000.000000 1.246895 1050000.000000 1.246895 0.987609 0.220430 0.311724 0.000000 0 
1482720.000000 0.867750 1482720.000000 0.867750 0.998975 0.453075 0.216938 0.000000 0 
1050000.000000 1.246895 1050000.000000 1.246895 0.987609 0.220430 0.311724 0.000000 0 
1085040.000000 1.105350 1085040.000000 1.105350 0.996667 0.239269 0.276337 0.000000 0 
1006560.000000 1.425936 1006560.000000 1.425936 0.999986 0.197075 0.356484 0.000000 0 
1549680.000000 0.857851 1549680.000000 0.857851 0.972791 0.489075 0.214463 0.000000 0 
1158240.000000 1.011607 1158240.000000 1.011607 0.997135 0.278624 0.252902 0.000000 0 
1158240.000000 1.011607 1158240.000000 1.011607 0.997135 0.278624 0.252902 0.000000 0 
1390560.000000 0.899012 1390560.000000 0.899012 0.991309 0.403527 0.224753 0.000000 0 
1060560.000000 1.127180 1060560.000000 1.127180 0.996139 0.226108 0.281795 0.000000 0 
1720560.000000 0.843530 1720560.000000 0.843530 0.998110 0.580946 0.210882 0.000000 0 
1005360.000000 1.501668 1005360.000000 1.501668 0.991118 0.196430 0.375417 0.000000 0 
1415760.000000 0.888840 1415760.000000 0.888840 0.998697 0.417075 0.222210 0.000000 0 
1437120.000000 0.881423 1437120.000000 0.881423 0.972926 0.428559 0.220356 0.000000 0 
1180320.000000 1.002680 1180320.000000 1.002680 0.999181 0.290495 0.250670 0.000000 0 
1215840.000000 0.979661 1215840.000000 0.979661 0.973353 0.309591 0.244915 0.000000 0 
1608480.000000 0.850573 1608480.000000 0.850573 0.968801 0.520688 0.212643 0.000000 0 
1013760.000000 1.288550 1013760.000000 1.288550 0.969774 0.200946 0.322137 0.000000 0 
1085040.000000 1.105350 1085040.000000 1.105350 0.996667 0.239269 0.276337 0.000000 0 
1339440.000000 0.912755 1339440.000000 0.912755 0.998760 0.376043 0.228189 0.000000 0 
978000.000000 1.774643 978000.000000 1.774643 0.998054 0.181720 0.443661 0.000000 0 
1030320.000000 1.253905 1030320.000000 1.253905 0.977181 0.209849 0.313476 0.000000 0 
1287840.000000 0.931834 1287840.000000 0.931834 0.999752 0.348301 0.232958 0.000000 0 
1091040.000000 1.087259 1091040.000000 1.087259 0.980483 0.242495 0.271815 0.000000 0 
1061280.000000 1.123695 1061280.000000 1.123695 0.999271 0.226495 0.280924 0.000000 0 
1218480.000000 0.972352 1218480.000000 0.972352 0.993215 0.311011 0.243088 0.000000 0 
1227120.000000 0.972281 1227120.000000 0.972281 0.992401 0.315656 0.243070 0.000000 0 
1274880.000000 0.936693 1274880.000000 0.936693 0.998605 0.341333 0.234173 0.000000 0 
1229040.000000 0.967861 1229040.000000 0.967861 0.996650 0.316688 0.241965 0.000000 0 
1733040.000000 0.842931 1733040.000000 0.842931 0.994376 0.587656 0.210733 0.000000 0 
1076640.000000 1.107570 1076640.000000 1.107570 0.987201 0.234753 0.276893 0.000000 0 
1145760.000000 1.025257 1145760.000000 1.025257 0.984016 0.271914 0.256314 0.000000 0 
1487520.000000 0.865824 1487520.000000 0.865824 0.994186 0.455656 0.216456 0.000000 0 
1662480.000000 0.845567 1662480.000000 0.845567 0.954654 0.549720 0.211392 0.000000 0 
1061280.000000 1.123695 1061280.000000 1.123695 0.999271 0.226495 0.280924 0.000000 0 
1158240.000000 1.011607 1158240.000000 1.011607 0.997135 0.278624 0.252902 0.000000 0 
1088160.000000 1.104125 1088160.000000 1.104125 0.993547 0.240946 0.276031 0.000000 0 
1050000.000000 1.246895 1050000.000000 1.246895 0.987609 0.220430 0.311724 0.000000 0 
1274880.000000 0.936693 1274880.000000 0.936693 0.998605 0.341333 0.234173 0.000000 0 
978000.000000 1.774643 978000.000000 1.774643 0.998054 0.181720 0.443661 0.000000 0 
1306080.000000 0.928156 1306080.000000 0.928156 0.997640 0.358108 0.232039 0.000000 0 
1526880.000000 0.858230 1526880.000000 0.858230 0.994803 0.476817 0.214558 0.000000 0 
971280.000000 1.778700 971280.000000 1.778700 0.999393 0.178108 0.444675 0.000000 0 
1050000.000000 1.246895 1050000.000000 1.246895 0.987609 0.220430 0.311724 0.000000 0 
1114080.000000 1.068967 1114080.000000 1.068967 0.976264 0.254882 0.267242 0.000000 0 
1351440.000000 0.910650 1351440.000000 0.910650 0.999495 0.382495 0.227662 0.000000 0 
1200000.000000 0.996401 1200000.000000 0.996401 0.996668 0.301075 0.249100 0.000000 0 
1134960.000000 1.048104 1134960.000000 1.048104 0.993263 0.266108 0.262026 0.000000 0 
987360.000000 1.739409 987360.000000 1.739409 0.998391 0.186753 0.434852 0.000000 0 
1011840.000000 1.315469 1011840.000000 1.315469 0.992768 0.199914 0.328867 0.000000 0 
1175520.000000 1.010221 1175520.000000 1.010221 0.996596 0.287914 0.252555 0.000000 0 
1369440.000000 0.905451 1369440.000000 0.905451 0.971214 0.392172 0.226363 0.000000 0 
999360.000000 1.684911 999360.000000 1.684911 0.996132 0.193204 0.421228 0.000000 0 
1035360.000000 1.252960 1035360.000000 1.252960 0.977473 0.212559 0.313240 0.000000 0 
1526880.000000 0.858230 1526880.000000 0.858230 0.994803 0.476817 0.214558 0.000000 0 
1236240.000000 0.967787 1236240.000000 0.967787 0.996757 0.320559 0.241947 0.000000 0 
1154160.000000 1.023459 1154160.000000 1.023459 0.997674 0.276430 0.255865 0.000000 0 
1130640.000000 1.048856 1130640.000000 1.048856 0.996228 0.263785 0.262214 0.000000 0 
1738080.000000 0.843380 1738080.000000 0.843380 0.998696 0.590366 0.210845 0.000000 1 
1728240.000000 0.846347 1728240.000000 0.846347 0.999179 0.585075 0.211587 0.000000 1 
980640.000000 1.845282 980640.000000 1.845282 0.998317 0.183140 0.461320 0.000000 1 
1021680.000000 1.299473 1021680.000000 1.299473 0.986375 0.205204 0.324868 0.000000 1 
1063440.000000 1.139748 1063440.000000 1.139748 0.999441 0.227656 0.284937 0.000000 1 
#Generacion: 500 
#Distancia: 269.072121 
1879440.000000 0.827060 1879440.000000 0.827060 0.980197 0.666366 0.206765 0.000000 0 
977040.000000 1.310348 977040.000000 1.310348 0.999208 0.181204 0.327587 0.000000 0 
1704960.000000 0.829860 1704960.000000 0.829860 0.957386 0.572559 0.207465 0.000000 0 
1041840.000000 1.114989 1041840.000000 1.114989 0.999318 0.216043 0.278747 0.000000 0 
1657200.000000 0.833640 1657200.000000 0.833640 0.999797 0.546882 0.208410 0.000000 0 
1132080.000000 1.001162 1132080.000000 1.001162 0.994154 0.264559 0.250290 0.000000 0 
1470240.000000 0.862025 1470240.000000 0.862025 0.998958 0.446366 0.215506 0.000000 0 
1444320.000000 0.862931 1444320.000000 0.862931 0.994061 0.432430 0.215733 0.000000 0 
1702560.000000 0.832636 1702560.000000 0.832636 0.999508 0.571269 0.208159 0.000000 0 
1611360.000000 0.839827 1611360.000000 0.839827 0.995419 0.522237 0.209957 0.000000 0 
1576800.000000 0.842635 1576800.000000 0.842635 0.991775 0.503656 0.210659 0.000000 0 
1623840.000000 0.839334 1623840.000000 0.839334 0.994061 0.528946 0.209833 0.000000 0 
1375920.000000 0.880155 1375920.000000 0.880155 0.992311 0.395656 0.220039 0.000000 0 
1397520.000000 0.876109 1397520.000000 0.876109 0.999878 0.407269 0.219027 0.000000 0 
989280.000000 1.290684 989280.000000 1.290684 0.993901 0.187785 0.322671 0.000000 0 
1860000.000000 0.828691 1860000.000000 0.828691 0.994394 0.655914 0.207173 0.000000 0 
1423920.000000 0.867061 1423920.000000 0.867061 0.998295 0.421462 0.216765 0.000000 0 
1232160.000000 0.953597 1232160.000000 0.953597 0.992840 0.318366 0.238399 0.000000 0 
1357920.000000 0.896879 1357920.000000 0.896879 0.992921 0.385978 0.224220 0.000000 0 
1405440.000000 0.872529 1405440.000000 0.872529 0.989595 0.411527 0.218132 0.000000 0 
1157520.000000 0.996417 1157520.000000 0.996417 0.981254 0.278237 0.249104 0.000000 0 
1375680.000000 0.892201 1375680.000000 0.892201 0.986159 0.395527 0.223050 0.000000 0 
1567200.000000 0.846968 1567200.000000 0.846968 0.996020 0.498495 0.211742 0.000000 0 
1364640.000000 0.894597 1364640.000000 0.894597 0.995542 0.389591 0.223649 0.000000 0 
1092720.000000 1.065082 1092720.000000 1.065082 0.994942 0.243398 0.266270 0.000000 0 
1145520.000000 0.998462 1145520.000000 0.998462 0.999531 0.271785 0.249615 0.000000 0 
1165440.000000 0.995422 1165440.000000 0.995422 0.982243 0.282495 0.248856 0.000000 0 
1145520.000000 0.998462 1145520.000000 0.998462 0.999531 0.271785 0.249615 0.000000 0 
1373520.000000 0.893414 1373520.000000 0.893414 0.974829 0.394366 0.223354 0.000000 0 
1259040.000000 0.938501 1259040.000000 0.938501 0.995037 0.332817 0.234625 0.000000 0 
1049040.000000 1.113584 1049040.000000 1.113584 0.986229 0.219914 0.278396 0.000000 0 
1620000.000000 0.839393 1620000.000000 0.839393 0.996660 0.526882 0.209848 0.000000 0 
1236000.000000 0.952845 1236000.000000 0.952845 0.999526 0.320430 0.238211 0.000000 0 
1535760.000000 0.856038 1535760.000000 0.856038 0.995650 0.481591 0.214010 0.000000 0 
1104480.000000 1.028961 1104480.000000 1.028961 0.986179 0.249720 0.257240 0.000000 0 
1404480.000000 0.874805 1404480.000000 0.874805 0.993035 0.411011 0.218701 0.000000 0 
1489680.000000 0.856150 1489680.000000 0.856150 0.986598 0.456817 0.214038 0.000000 0 
1062240.000000 1.067505 1062240.000000 1.067505 0.992890 0.227011 0.266876 0.000000 0 
1315920.000000 0.898239 1315920.000000 0.898239 0.998759 0.363398 0.224560 0.000000 0 
1052160.000000 1.105181 1052160.000000 1.105181 0.992624 0.221591 0.276295 0.000000 0 
1055520.000000 1.103219 1055520.000000 1.103219 0.987530 0.223398 0.275805 0.000000 0 
1177920.000000 0.979827 1177920.000000 0.979827 0.997157 0.289204 0.244957 0.000000 0 
1194480.000000 0.960806 1194480.000000 0.960806 0.995741 0.298108 0.240201 0.000000 0 
956400.000000 1.463833 956400.000000 1.463833 0.994288 0.170108 0.365958 0.000000 0 
977040.000000 1.310348 977040.000000 1.310348 0.999208 0.181204 0.327587 0.000000 0 
991440.000000 1.264707 991440.000000 1.264707 0.996570 0.188946 0.316177 0.000000 0 
1236000.000000 0.952845 1236000.000000 0.952845 0.999526 0.320430 0.238211 0.000000 0 
1479600.000000 0.861958 1479600.000000 0.861958 0.986140 0.451398 0.215489 0.000000 0 
989280.000000 1.290684 989280.000000 1.290684 0.993901 0.187785 0.322671 0.000000 0 
1720800.000000 0.829511 1720800.000000 0.829511 0.999741 0.581075 0.207378 0.000000 0 
1004160.000000 1.235281 1004160.000000 1.235281 0.997259 0.195785 0.308820 0.000000 0 
1166640.000000 0.982692 1166640.000000 0.982692 0.985840 0.283140 0.245673 0.000000 0 
972000.000000 1.374042 972000.000000 1.374042 0.997980 0.178495 0.343510 0.000000 0 
1567440.000000 0.844074 1567440.000000 0.844074 0.990255 0.498624 0.211018 0.000000 0 
1409520.000000 0.870148 1409520.000000 0.870148 0.992176 0.413720 0.217537 0.000000 0 
991440.000000 1.264707 991440.000000 1.264707 0.996570 0.188946 0.316177 0.000000 0 
1011360.000000 1.173508 1011360.000000 1.173508 0.992709 0.199656 0.293377 0.000000 0 
1124400.000000 1.021134 1124400.000000 1.021134 0.986646 0.260430 0.255283 0.000000 0 
1096800.000000 1.045986 1096800.000000 1.045986 0.996136 0.245591 0.261496 0.000000 0 
1021920.000000 1.155484 1021920.000000 1.155484 0.998818 0.205333 0.288871 0.000000 0 
954720.000000 1.469053 954720.000000 1.469053 0.996525 0.169204 0.367263 0.000000 0 
1428960.000000 0.866934 1428960.000000 0.866934 0.998264 0.424172 0.216734 0.000000 0 
1207920.000000 0.958371 1207920.000000 0.958371 0.997574 0.305333 0.239593 0.000000 0 
1259520.000000 0.928502 1259520.000000 0.928502 0.999723 0.333075 0.232125 0.000000 0 
1375680.000000 0.892201 1375680.000000 0.892201 0.986159 0.395527 0.223050 0.000000 0 
1021920.000000 1.155484 1021920.000000 1.155484 0.998818 0.205333 0.288871 0.000000 0 
953760.000000 1.657924 953760.000000 1.657924 0.993743 0.168688 0.414481 0.000000 0 
1095600.000000 1.058004 1095600.000000 1.058004 0.990213 0.244946 0.264501 0.000000 0 
1017120.000000 1.156171 1017120.000000 1.156171 0.993990 0.202753 0.289043 0.000000 0 
1693920.000000 0.832638 1693920.000000 0.832638 0.999495 0.566624 0.208160 0.000000 0 
1301520.000000 0.901432 1301520.000000 0.901432 0.998311 0.355656 0.225358 0.000000 0 
1093680.000000 1.060876 1093680.000000 1.060876 0.982842 0.243914 0.265219 0.000000 0 
1269840.000000 0.910990 1269840.000000 0.910990 0.997265 0.338624 0.227747 0.000000 0 
1172400.000000 0.981776 1172400.000000 0.981776 0.981069 0.286237 0.245444 0.000000 0 
1537920.000000 0.850010 1537920.000000 0.850010 0.994142 0.482753 0.212503 0.000000 0 
972000.000000 1.374042 972000.000000 1.374042 0.997980 0.178495 0.343510 0.000000 0 
964320.000000 1.422197 964320.000000 1.422197 0.996720 0.174366 0.355549 0.000000 0 
996480.000000 1.264518 996480.000000 1.264518 0.996552 0.191656 0.316129 0.000000 0 
982800.000000 1.301974 982800.000000 1.301974 0.995797 0.184301 0.325493 0.000000 0 
1057680.000000 1.087130 1057680.000000 1.087130 0.989022 0.224559 0.271783 0.000000 0 
1783440.000000 0.828701 1783440.000000 0.828701 0.951274 0.614753 0.207175 0.000000 0 
982800.000000 1.301974 982800.000000 1.301974 0.995797 0.184301 0.325493 0.000000 0 
1346400.000000 0.898101 1346400.000000 0.898101 0.994243 0.379785 0.224525 0.000000 0 
1654800.000000 0.834400 1654800.000000 0.834400 0.981822 0.545591 0.208600 0.000000 0 
1477680.000000 0.861991 1477680.000000 0.861991 0.993068 0.450366 0.215498 0.000000 0 
1092720.000000 1.065082 1092720.000000 1.065082 0.994942 0.243398 0.266270 0.000000 0 
961440.000000 1.444664 961440.000000 1.444664 0.997877 0.172817 0.361166 0.000000 0 
1236480.000000 0.940591 1236480.000000 0.940591 0.997362 0.320688 0.235148 0.000000 0 
1536960.000000 0.850818 1536960.000000 0.850818 0.992400 0.482237 0.212704 0.000000 0 
972000.000000 1.374042 972000.000000 1.374042 0.997980 0.178495 0.343510 0.000000 0 
956400.000000 1.465612 956400.000000 1.465612 0.997360 0.170108 0.366403 0.000000 1 
956400.000000 1.465612 956400.000000 1.465612 0.997360 0.170108 0.366403 0.000000 1 
973680.000000 1.450213 973680.000000 1.450213 0.992836 0.179398 0.362553 0.000000 1 
1842240.000000 0.829142 1842240.000000 0.829142 0.988901 0.646366 0.207285 0.000000 1 
1024560.000000 1.199141 1024560.000000 1.199141 0.988067 0.206753 0.299785 0.000000 1 
1032000.000000 1.159146 1032000.000000 1.159146 0.999246 0.210753 0.289786 0.000000 1 
965040.000000 1.450910 965040.000000 1.450910 0.993041 0.174753 0.362728 0.000000 1 
1018080.000000 1.229364 1018080.000000 1.229364 0.996702 0.203269 0.307341 0.000000 1 
1131360.000000 1.025303 1131360.000000 1.025303 0.986466 0.264172 0.256326 0.000000 1 
1060320.000000 1.105618 1060320.000000 1.105618 0.989082 0.225978 0.276405 0.000000 1 
#Generacion: 1000 
#Distancia: 308.152525 
934080.000000 1.437862 934080.000000 1.437862 0.997905 0.158108 0.359465 0.000000 0 
1861440.000000 0.823570 1861440.000000 0.823570 0.980377 0.656688 0.205893 0.000000 0 
934800.000000 1.294724 934800.000000 1.294724 0.998030 0.158495 0.323681 0.000000 0 
1724160.000000 0.824801 1724160.000000 0.824801 0.968435 0.582882 0.206200 0.000000 0 
1855680.000000 0.823754 1855680.000000 0.823754 0.980178 0.653591 0.205938 0.000000 0 
955440.000000 1.264111 955440.000000 1.264111 0.999859 0.169591 0.316028 0.000000 0 
1022160.000000 1.143008 1022160.000000 1.143008 0.994025 0.205462 0.285752 0.000000 0 
1028640.000000 1.093750 1028640.000000 1.093750 0.996180 0.208946 0.273437 0.000000 0 
1044240.000000 1.065281 1044240.000000 1.065281 0.994369 0.217333 0.266320 0.000000 0 
943440.000000 1.294058 943440.000000 1.294058 0.996322 0.163140 0.323515 0.000000 0 
964800.000000 1.227210 964800.000000 1.227210 0.999729 0.174624 0.306803 0.000000 0 
1576560.000000 0.837088 1576560.000000 0.837088 0.997821 0.503527 0.209272 0.000000 0 
1290000.000000 0.900631 1290000.000000 0.900631 0.999269 0.349462 0.225158 0.000000 0 
1468560.000000 0.855411 1468560.000000 0.855411 0.987763 0.445462 0.213853 0.000000 0 
1133280.000000 0.987197 1133280.000000 0.987197 0.992249 0.265204 0.246799 0.000000 0 
1060800.000000 1.045736 1060800.000000 1.045736 0.992750 0.226237 0.261434 0.000000 0 
1333920.000000 0.895445 1333920.000000 0.895445 0.999477 0.373075 0.223861 0.000000 0 
1002480.000000 1.194220 1002480.000000 1.194220 0.999539 0.194882 0.298555 0.000000 0 
1665840.000000 0.831851 1665840.000000 0.831851 0.998335 0.551527 0.207963 0.000000 0 
1548480.000000 0.841248 1548480.000000 0.841248 0.994773 0.488430 0.210312 0.000000 0 
1042800.000000 1.086152 1042800.000000 1.086152 0.997913 0.216559 0.271538 0.000000 0 
1509360.000000 0.852911 1509360.000000 0.852911 0.995750 0.467398 0.213228 0.000000 0 
1155120.000000 0.969204 1155120.000000 0.969204 0.991312 0.276946 0.242301 0.000000 0 
1009680.000000 1.172482 1009680.000000 1.172482 0.998655 0.198753 0.293121 0.000000 0 
1264080.000000 0.907306 1264080.000000 0.907306 0.999242 0.335527 0.226827 0.000000 0 
1174800.000000 0.959371 1174800.000000 0.959371 0.998209 0.287527 0.239843 0.000000 0 
1696320.000000 0.828062 1696320.000000 0.828062 0.960621 0.567914 0.207015 0.000000 0 
1216320.000000 0.932496 1216320.000000 0.932496 0.995253 0.309849 0.233124 0.000000 0 
1346640.000000 0.884025 1346640.000000 0.884025 0.988376 0.379914 0.221006 0.000000 0 
1440000.000000 0.862327 1440000.000000 0.862327 0.998369 0.430108 0.215582 0.000000 0 
1150800.000000 0.973161 1150800.000000 0.973161 0.994269 0.274624 0.243290 0.000000 0 
1199520.000000 0.943096 1199520.000000 0.943096 0.997458 0.300817 0.235774 0.000000 0 
1178880.000000 0.945521 1178880.000000 0.945521 0.999728 0.289720 0.236380 0.000000 0 
1121760.000000 0.999945 1121760.000000 0.999945 0.993446 0.259011 0.249986 0.000000 0 
1701120.000000 0.827853 1701120.000000 0.827853 0.961734 0.570495 0.206963 0.000000 0 
1246800.000000 0.909487 1246800.000000 0.909487 0.999555 0.326237 0.227372 0.000000 0 
1525680.000000 0.847151 1525680.000000 0.847151 0.989705 0.476172 0.211788 0.000000 0 
1538160.000000 0.842680 1538160.000000 0.842680 0.998273 0.482882 0.210670 0.000000 0 
1132560.000000 0.999038 1132560.000000 0.999038 0.988142 0.264817 0.249760 0.000000 0 
1606320.000000 0.836643 1606320.000000 0.836643 0.998540 0.519527 0.209161 0.000000 0 
1225440.000000 0.922235 1225440.000000 0.922235 0.998272 0.314753 0.230559 0.000000 0 
1657200.000000 0.833640 1657200.000000 0.833640 0.999797 0.546882 0.208410 0.000000 0 
1314480.000000 0.900120 1314480.000000 0.900120 0.986869 0.362624 0.225030 0.000000 0 
1386240.000000 0.873885 1386240.000000 0.873885 0.990049 0.401204 0.218471 0.000000 0 
1621200.000000 0.834892 1621200.000000 0.834892 0.995632 0.527527 0.208723 0.000000 0 
973440.000000 1.216282 973440.000000 1.216282 0.997005 0.179269 0.304071 0.000000 0 
1119840.000000 1.012514 1119840.000000 1.012514 0.994487 0.257978 0.253128 0.000000 0 
983040.000000 1.211853 983040.000000 1.211853 0.995501 0.184430 0.302963 0.000000 0 
1017120.000000 1.156171 1017120.000000 1.156171 0.993990 0.202753 0.289043 0.000000 0 
1246320.000000 0.921571 1246320.000000 0.921571 0.997343 0.325978 0.230393 0.000000 0 
1315920.000000 0.898239 1315920.000000 0.898239 0.998759 0.363398 0.224560 0.000000 0 
998400.000000 1.209513 998400.000000 1.209513 0.991973 0.192688 0.302378 0.000000 0 
1430640.000000 0.865644 1430640.000000 0.865644 0.995077 0.425075 0.216411 0.000000 0 
1037520.000000 1.091745 1037520.000000 1.091745 0.991684 0.213720 0.272936 0.000000 0 
1362720.000000 0.883763 1362720.000000 0.883763 0.981484 0.388559 0.220941 0.000000 0 
964800.000000 1.227210 964800.000000 1.227210 0.999729 0.174624 0.306803 0.000000 0 
1178160.000000 0.957047 1178160.000000 0.957047 0.998544 0.289333 0.239262 0.000000 0 
1020000.000000 1.146460 1020000.000000 1.146460 0.991364 0.204301 0.286615 0.000000 0 
1222080.000000 0.931062 1222080.000000 0.931062 0.995522 0.312946 0.232766 0.000000 0 
1410000.000000 0.867305 1410000.000000 0.867305 0.995019 0.413978 0.216826 0.000000 0 
1462320.000000 0.860871 1462320.000000 0.860871 0.993960 0.442108 0.215218 0.000000 0 
1375920.000000 0.880155 1375920.000000 0.880155 0.992311 0.395656 0.220039 0.000000 0 
1521120.000000 0.852578 1521120.000000 0.852578 0.999795 0.473720 0.213144 0.000000 0 
1420560.000000 0.866520 1420560.000000 0.866520 0.994724 0.419656 0.216630 0.000000 0 
1094160.000000 1.037122 1094160.000000 1.037122 0.988403 0.244172 0.259280 0.000000 0 
1239120.000000 0.922202 1239120.000000 0.922202 0.994240 0.322108 0.230551 0.000000 0 
1104480.000000 1.028961 1104480.000000 1.028961 0.986179 0.249720 0.257240 0.000000 0 
1404240.000000 0.873180 1404240.000000 0.873180 0.997433 0.410882 0.218295 0.000000 0 
1257360.000000 0.907509 1257360.000000 0.907509 0.999430 0.331914 0.226877 0.000000 0 
1068480.000000 1.045470 1068480.000000 1.045470 0.992780 0.230366 0.261368 0.000000 0 
1000080.000000 1.199348 1000080.000000 1.199348 0.991470 0.193591 0.299837 0.000000 0 
1086240.000000 1.040085 1086240.000000 1.040085 0.989598 0.239914 0.260021 0.000000 0 
1638720.000000 0.834000 1638720.000000 0.834000 0.989335 0.536946 0.208500 0.000000 0 
1079040.000000 1.044735 1079040.000000 1.044735 0.991840 0.236043 0.261184 0.000000 0 
1638720.000000 0.834000 1638720.000000 0.834000 0.989335 0.536946 0.208500 0.000000 0 
1012080.000000 1.161738 1012080.000000 1.161738 0.995875 0.200043 0.290434 0.000000 0 
1011120.000000 1.171328 1011120.000000 1.171328 0.996818 0.199527 0.292832 0.000000 0 
1109520.000000 1.021613 1109520.000000 1.021613 0.979820 0.252430 0.255403 0.000000 0 
1113360.000000 1.013104 1113360.000000 1.013104 0.991736 0.254495 0.253276 0.000000 0 
1612080.000000 0.835546 1612080.000000 0.835546 0.987468 0.522624 0.208886 0.000000 0 
999360.000000 1.205131 999360.000000 1.205131 0.994286 0.193204 0.301283 0.000000 0 
1097760.000000 1.032656 1097760.000000 1.032656 0.993871 0.246108 0.258164 0.000000 0 
1194720.000000 0.943716 1194720.000000 0.943716 0.997844 0.298237 0.235929 0.000000 0 
1356000.000000 0.883894 1356000.000000 0.883894 0.980398 0.384946 0.220974 0.000000 0 
1112880.000000 1.019686 1112880.000000 1.019686 0.995560 0.254237 0.254921 0.000000 0 
1405440.000000 0.872781 1405440.000000 0.872781 0.999626 0.411527 0.218195 0.000000 0 
1462320.000000 0.860871 1462320.000000 0.860871 0.993960 0.442108 0.215218 0.000000 0 
1379760.000000 0.876463 1379760.000000 0.876463 0.999689 0.397720 0.219116 0.000000 0 
1083360.000000 1.042792 1083360.000000 1.042792 0.992778 0.238366 0.260698 0.000000 0 
1014720.000000 1.161283 1014720.000000 1.161283 0.993513 0.201462 0.290321 0.000000 0 
976320.000000 1.213366 976320.000000 1.213366 0.995792 0.180817 0.303342 0.000000 0 
1100880.000000 1.030370 1100880.000000 1.030370 0.989878 0.247785 0.257592 0.000000 0 
1510080.000000 0.852618 1510080.000000 0.852618 0.993076 0.467785 0.213154 0.000000 0 
1028640.000000 1.093750 1028640.000000 1.093750 0.996180 0.208946 0.273437 0.000000 0 
1150800.000000 0.973161 1150800.000000 0.973161 0.994269 0.274624 0.243290 0.000000 0 
1379520.000000 0.878972 1379520.000000 0.878972 0.999901 0.397591 0.219743 0.000000 0 
1194720.000000 0.943716 1194720.000000 0.943716 0.997844 0.298237 0.235929 0.000000 0 
1606320.000000 0.836643 1606320.000000 0.836643 0.998540 0.519527 0.209161 0.000000 0 
1022160.000000 1.143008 1022160.000000 1.143008 0.994025 0.205462 0.285752 0.000000 0 
976080.000000 1.215530 976080.000000 1.215530 0.995894 0.180688 0.303883 0.000000 0 
#Generacion: 1500 
#Distancia: 292.680505 
1789200.000000 0.822036 1789200.000000 0.822036 0.990732 0.617849 0.205509 0.000000 0 
906480.000000 1.769471 906480.000000 1.769471 0.993620 0.143269 0.442368 0.000000 0 
907680.000000 1.561082 907680.000000 1.561082 0.998743 0.143914 0.390270 0.000000 0 
934800.000000 1.294724 934800.000000 1.294724 0.998030 0.158495 0.323681 0.000000 0 
928320.000000 1.414477 928320.000000 1.414477 0.998364 0.155011 0.353619 0.000000 0 
912000.000000 1.515941 912000.000000 1.515941 0.999775 0.146237 0.378985 0.000000 0 
916320.000000 1.482307 916320.000000 1.482307 0.998395 0.148559 0.370577 0.000000 0 
994800.000000 1.131946 994800.000000 1.131946 0.991336 0.190753 0.282986 0.000000 0 
994320.000000 1.191664 994320.000000 1.191664 0.998595 0.190495 0.297916 0.000000 0 
1622400.000000 0.832970 1622400.000000 0.832970 0.992461 0.528172 0.208243 0.000000 0 
1410000.000000 0.865640 1410000.000000 0.865640 0.996663 0.413978 0.216410 0.000000 0 
1658880.000000 0.832116 1658880.000000 0.832116 0.989801 0.547785 0.208029 0.000000 0 
907680.000000 1.561082 907680.000000 1.561082 0.998743 0.143914 0.390270 0.000000 0 
964800.000000 1.227210 964800.000000 1.227210 0.999729 0.174624 0.306803 0.000000 0 
961440.000000 1.264075 961440.000000 1.264075 0.996383 0.172817 0.316019 0.000000 0 
1696320.000000 0.828062 1696320.000000 0.828062 0.960621 0.567914 0.207015 0.000000 0 
945120.000000 1.283710 945120.000000 1.283710 0.999017 0.164043 0.320928 0.000000 0 
1752000.000000 0.823705 1752000.000000 0.823705 0.961791 0.597849 0.205926 0.000000 0 
1380480.000000 0.869728 1380480.000000 0.869728 0.995951 0.398108 0.217432 0.000000 0 
1667040.000000 0.829458 1667040.000000 0.829458 0.992599 0.552172 0.207365 0.000000 0 
1724160.000000 0.824801 1724160.000000 0.824801 0.968435 0.582882 0.206200 0.000000 0 
918240.000000 1.442979 918240.000000 1.442979 0.995864 0.149591 0.360745 0.000000 0 
1571760.000000 0.835093 1571760.000000 0.835093 0.992711 0.500946 0.208773 0.000000 0 
1765440.000000 0.823689 1765440.000000 0.823689 0.959807 0.605075 0.205922 0.000000 0 
916800.000000 1.443995 916800.000000 1.443995 0.998516 0.148817 0.360999 0.000000 0 
1527120.000000 0.844538 1527120.000000 0.844538 0.994586 0.476946 0.211135 0.000000 0 
1058400.000000 1.046758 1058400.000000 1.046758 0.995981 0.224946 0.261690 0.000000 0 
928320.000000 1.414477 928320.000000 1.414477 0.998364 0.155011 0.353619 0.000000 0 
1172160.000000 0.945408 1172160.000000 0.945408 0.998779 0.286108 0.236352 0.000000 0 
1337040.000000 0.885508 1337040.000000 0.885508 0.994174 0.374753 0.221377 0.000000 0 
955440.000000 1.264111 955440.000000 1.264111 0.999859 0.169591 0.316028 0.000000 0 
1483200.000000 0.849846 1483200.000000 0.849846 0.995762 0.453333 0.212461 0.000000 0 
1098720.000000 1.008026 1098720.000000 1.008026 0.994066 0.246624 0.252007 0.000000 0 
1210320.000000 0.930848 1210320.000000 0.930848 0.998592 0.306624 0.232712 0.000000 0 
1599840.000000 0.833596 1599840.000000 0.833596 0.990443 0.516043 0.208399 0.000000 0 
1065120.000000 1.030031 1065120.000000 1.030031 0.999297 0.228559 0.257508 0.000000 0 
1194720.000000 0.943716 1194720.000000 0.943716 0.997844 0.298237 0.235929 0.000000 0 
1155120.000000 0.969204 1155120.000000 0.969204 0.991312 0.276946 0.242301 0.000000 0 
1106640.000000 0.995364 1106640.000000 0.995364 0.996014 0.250882 0.248841 0.000000 0 
1145040.000000 0.975098 1145040.000000 0.975098 0.995152 0.271527 0.243774 0.000000 0 
1456080.000000 0.853585 1456080.000000 0.853585 0.986255 0.438753 0.213396 0.000000 0 
1471680.000000 0.851026 1471680.000000 0.851026 0.978718 0.447140 0.212757 0.000000 0 
1017600.000000 1.098953 1017600.000000 1.098953 0.985497 0.203011 0.274738 0.000000 0 
1314960.000000 0.888189 1314960.000000 0.888189 0.999323 0.362882 0.222047 0.000000 0 
1446720.000000 0.857403 1446720.000000 0.857403 0.978389 0.433720 0.214351 0.000000 0 
1087920.000000 1.025186 1087920.000000 1.025186 0.998434 0.240817 0.256296 0.000000 0 
1126560.000000 0.987021 1126560.000000 0.987021 0.994141 0.261591 0.246755 0.000000 0 
1288080.000000 0.897201 1288080.000000 0.897201 0.993931 0.348430 0.224300 0.000000 0 
1257360.000000 0.907509 1257360.000000 0.907509 0.999430 0.331914 0.226877 0.000000 0 
1012320.000000 1.116967 1012320.000000 1.116967 0.996357 0.200172 0.279242 0.000000 0 
1116480.000000 0.992489 1116480.000000 0.992489 0.995487 0.256172 0.248122 0.000000 0 
1194960.000000 0.932959 1194960.000000 0.932959 0.999264 0.298366 0.233240 0.000000 0 
1074720.000000 1.029246 1074720.000000 1.029246 0.998447 0.233720 0.257311 0.000000 0 
1502640.000000 0.845872 1502640.000000 0.845872 0.986489 0.463785 0.211468 0.000000 0 
1428240.000000 0.861645 1428240.000000 0.861645 0.996415 0.423785 0.215411 0.000000 0 
1159920.000000 0.956327 1159920.000000 0.956327 0.983964 0.279527 0.239082 0.000000 0 
1092960.000000 1.016730 1092960.000000 1.016730 0.998782 0.243527 0.254182 0.000000 0 
1246800.000000 0.909487 1246800.000000 0.909487 0.999555 0.326237 0.227372 0.000000 0 
1004400.000000 1.131514 1004400.000000 1.131514 0.989892 0.195914 0.282878 0.000000 0 
1044240.000000 1.065281 1044240.000000 1.065281 0.994369 0.217333 0.266320 0.000000 0 
1548480.000000 0.841248 1548480.000000 0.841248 0.994773 0.488430 0.210312 0.000000 0 
1269360.000000 0.900785 1269360.000000 0.900785 0.997636 0.338366 0.225196 0.000000 0 
1538160.000000 0.842680 1538160.000000 0.842680 0.998273 0.482882 0.210670 0.000000 0 
1346640.000000 0.884025 1346640.000000 0.884025 0.988376 0.379914 0.221006 0.000000 0 
981840.000000 1.202114 981840.000000 1.202114 0.991236 0.183785 0.300529 0.000000 0 
1302480.000000 0.893097 1302480.000000 0.893097 0.999275 0.356172 0.223274 0.000000 0 
1223760.000000 0.928137 1223760.000000 0.928137 0.994062 0.313849 0.232034 0.000000 0 
1602720.000000 0.833037 1602720.000000 0.833037 0.988008 0.517591 0.208259 0.000000 0 
1502160.000000 0.846968 1502160.000000 0.846968 0.995944 0.463527 0.211742 0.000000 0 
1433040.000000 0.861269 1433040.000000 0.861269 0.985360 0.426366 0.215317 0.000000 0 
1160640.000000 0.946085 1160640.000000 0.946085 0.998883 0.279914 0.236521 0.000000 0 
993360.000000 1.193277 993360.000000 1.193277 0.999015 0.189978 0.298319 0.000000 0 
1240800.000000 0.918363 1240800.000000 0.918363 0.998521 0.323011 0.229591 0.000000 0 
1373280.000000 0.870946 1373280.000000 0.870946 0.980243 0.394237 0.217737 0.000000 0 
1010400.000000 1.121081 1010400.000000 1.121081 0.993591 0.199140 0.280270 0.000000 0 
1018800.000000 1.091290 1018800.000000 1.091290 0.988722 0.203656 0.272823 0.000000 0 
939840.000000 1.293846 939840.000000 1.293846 0.998244 0.161204 0.323461 0.000000 0 
1025280.000000 1.084668 1025280.000000 1.084668 0.991784 0.207140 0.271167 0.000000 0 
1365360.000000 0.876957 1365360.000000 0.876957 0.987044 0.389978 0.219239 0.000000 0 
1708800.000000 0.827544 1708800.000000 0.827544 0.978181 0.574624 0.206886 0.000000 0 
1557360.000000 0.836630 1557360.000000 0.836630 0.995058 0.493204 0.209157 0.000000 0 
1041120.000000 1.074426 1041120.000000 1.074426 0.995999 0.215656 0.268607 0.000000 0 
1234320.000000 0.919562 1234320.000000 0.919562 0.999784 0.319527 0.229891 0.000000 0 
970560.000000 1.226737 970560.000000 1.226737 0.997531 0.177720 0.306684 0.000000 0 
1225440.000000 0.922235 1225440.000000 0.922235 0.998272 0.314753 0.230559 0.000000 0 
1356720.000000 0.880822 1356720.000000 0.880822 0.996697 0.385333 0.220206 0.000000 0 
1268160.000000 0.902400 1268160.000000 0.902400 0.997835 0.337720 0.225600 0.000000 0 
1291920.000000 0.894826 1291920.000000 0.894826 0.999563 0.350495 0.223707 0.000000 0 
973440.000000 1.216282 973440.000000 1.216282 0.997005 0.179269 0.304071 0.000000 0 
1713360.000000 0.825297 1713360.000000 0.825297 0.983939 0.577075 0.206324 0.000000 0 
1055040.000000 1.059897 1055040.000000 1.059897 0.996602 0.223140 0.264974 0.000000 0 
1030560.000000 1.081860 1030560.000000 1.081860 0.999619 0.209978 0.270465 0.000000 0 
976320.000000 1.213366 976320.000000 1.213366 0.995792 0.180817 0.303342 0.000000 0 
1035360.000000 1.076489 1035360.000000 1.076489 0.994462 0.212559 0.269122 0.000000 0 
1309200.000000 0.888192 1309200.000000 0.888192 0.998991 0.359785 0.222048 0.000000 0 
1136160.000000 0.983436 1136160.000000 0.983436 0.997651 0.266753 0.245859 0.000000 0 
978960.000000 1.203287 978960.000000 1.203287 0.995261 0.182237 0.300822 0.000000 0 
1563120.000000 0.835947 1563120.000000 0.835947 0.995026 0.496301 0.208987 0.000000 0 
1053360.000000 1.060411 1053360.000000 1.060411 0.994846 0.222237 0.265103 0.000000 0 
1136160.000000 0.983436 1136160.000000 0.983436 0.997651 0.266753 0.245859 0.000000 0 
#Generacion: 2000 
#Distancia: 295.209899 
895920.000000 2.074012 895920.000000 2.074012 0.996638 0.137591 0.518503 0.000000 0 
1873440.000000 0.815921 1873440.000000 0.815921 0.991706 0.663140 0.203980 0.000000 0 
906480.000000 1.519989 906480.000000 1.519989 0.995884 0.143269 0.379997 0.000000 0 
1858560.000000 0.816920 1858560.000000 0.816920 0.974766 0.655140 0.204230 0.000000 0 
1734000.000000 0.816956 1734000.000000 0.816956 0.987875 0.588172 0.204239 0.000000 0 
918240.000000 1.441113 918240.000000 1.441113 0.998545 0.149591 0.360278 0.000000 0 
920640.000000 1.299112 920640.000000 1.299112 0.999805 0.150882 0.324778 0.000000 0 
1571760.000000 0.835093 1571760.000000 0.835093 0.992711 0.500946 0.208773 0.000000 0 
994320.000000 1.191664 994320.000000 1.191664 0.998595 0.190495 0.297916 0.000000 0 
912960.000000 1.515756 912960.000000 1.515756 0.999452 0.146753 0.378939 0.000000 0 
913920.000000 1.454826 913920.000000 1.454826 0.997376 0.147269 0.363706 0.000000 0 
1541520.000000 0.836180 1541520.000000 0.836180 0.972834 0.484688 0.209045 0.000000 0 
994800.000000 1.131120 994800.000000 1.131120 0.991079 0.190753 0.282780 0.000000 0 
1688160.000000 0.824788 1688160.000000 0.824788 0.989527 0.563527 0.206197 0.000000 0 
1447200.000000 0.851024 1447200.000000 0.851024 0.993726 0.433978 0.212756 0.000000 0 
1159920.000000 0.956327 1159920.000000 0.956327 0.983964 0.279527 0.239082 0.000000 0 
1062480.000000 1.029661 1062480.000000 1.029661 0.996983 0.227140 0.257415 0.000000 0 
1410000.000000 0.865640 1410000.000000 0.865640 0.996663 0.413978 0.216410 0.000000 0 
1134000.000000 0.964264 1134000.000000 0.964264 0.985043 0.265591 0.241066 0.000000 0 
1496640.000000 0.845512 1496640.000000 0.845512 0.995621 0.460559 0.211378 0.000000 0 
1470960.000000 0.849023 1470960.000000 0.849023 0.990001 0.446753 0.212256 0.000000 0 
1023360.000000 1.071084 1023360.000000 1.071084 0.990253 0.206108 0.267771 0.000000 0 
1385280.000000 0.867802 1385280.000000 0.867802 0.985339 0.400688 0.216950 0.000000 0 
1599840.000000 0.833596 1599840.000000 0.833596 0.990443 0.516043 0.208399 0.000000 0 
1191120.000000 0.944154 1191120.000000 0.944154 0.997496 0.296301 0.236038 0.000000 0 
1334160.000000 0.887465 1334160.000000 0.887465 0.998315 0.373204 0.221866 0.000000 0 
1172160.000000 0.945408 1172160.000000 0.945408 0.998779 0.286108 0.236352 0.000000 0 
1662480.000000 0.828559 1662480.000000 0.828559 0.987475 0.549720 0.207140 0.000000 0 
1640880.000000 0.829866 1640880.000000 0.829866 0.978845 0.538108 0.207467 0.000000 0 
1314960.000000 0.888189 1314960.000000 0.888189 0.999323 0.362882 0.222047 0.000000 0 
1432560.000000 0.853524 1432560.000000 0.853524 0.995154 0.426108 0.213381 0.000000 0 
1288080.000000 0.897201 1288080.000000 0.897201 0.993931 0.348430 0.224300 0.000000 0 
1223760.000000 0.928137 1223760.000000 0.928137 0.994062 0.313849 0.232034 0.000000 0 
1194960.000000 0.932959 1194960.000000 0.932959 0.999264 0.298366 0.233240 0.000000 0 
1617120.000000 0.832947 1617120.000000 0.832947 0.989184 0.525333 0.208237 0.000000 0 
1478160.000000 0.847609 1478160.000000 0.847609 0.986732 0.450624 0.211902 0.000000 0 
1717920.000000 0.818534 1717920.000000 0.818534 0.984675 0.579527 0.204634 0.000000 0 
945120.000000 1.283710 945120.000000 1.283710 0.999017 0.164043 0.320928 0.000000 0 
1104240.000000 1.002658 1104240.000000 1.002658 0.997510 0.249591 0.250664 0.000000 0 
1018800.000000 1.091290 1018800.000000 1.091290 0.988722 0.203656 0.272823 0.000000 0 
1068960.000000 1.017135 1068960.000000 1.017135 0.999071 0.230624 0.254284 0.000000 0 
1126800.000000 0.978145 1126800.000000 0.978145 0.987041 0.261720 0.244536 0.000000 0 
1265040.000000 0.901489 1265040.000000 0.901489 0.998695 0.336043 0.225372 0.000000 0 
1242000.000000 0.906645 1242000.000000 0.906645 0.999957 0.323656 0.226661 0.000000 0 
1252080.000000 0.902685 1252080.000000 0.902685 0.997788 0.329075 0.225671 0.000000 0 
963120.000000 1.239516 963120.000000 1.239516 0.998612 0.173720 0.309879 0.000000 0 
960240.000000 1.256112 960240.000000 1.256112 0.991664 0.172172 0.314028 0.000000 0 
1529520.000000 0.842642 1529520.000000 0.842642 0.997726 0.478237 0.210660 0.000000 0 
1276560.000000 0.898878 1276560.000000 0.898878 0.998258 0.342237 0.224720 0.000000 0 
1033200.000000 1.067059 1033200.000000 1.067059 0.980093 0.211398 0.266765 0.000000 0 
1631520.000000 0.832901 1631520.000000 0.832901 0.988739 0.533075 0.208225 0.000000 0 
1509840.000000 0.844808 1509840.000000 0.844808 0.973460 0.467656 0.211202 0.000000 0 
1361280.000000 0.873743 1361280.000000 0.873743 0.993834 0.387785 0.218436 0.000000 0 
950880.000000 1.275637 950880.000000 1.275637 0.995020 0.167140 0.318909 0.000000 0 
1012320.000000 1.093038 1012320.000000 1.093038 0.983655 0.200172 0.273259 0.000000 0 
1092720.000000 1.006901 1092720.000000 1.006901 0.996966 0.243398 0.251725 0.000000 0 
1348800.000000 0.879718 1348800.000000 0.879718 0.990801 0.381075 0.219929 0.000000 0 
955440.000000 1.264111 955440.000000 1.264111 0.999859 0.169591 0.316028 0.000000 0 
1107360.000000 0.989335 1107360.000000 0.989335 0.984969 0.251269 0.247334 0.000000 0 
1048560.000000 1.043094 1048560.000000 1.043094 0.993944 0.219656 0.260774 0.000000 0 
1002240.000000 1.102847 1002240.000000 1.102847 0.982453 0.194753 0.275712 0.000000 0 
1705440.000000 0.824293 1705440.000000 0.824293 0.988860 0.572817 0.206073 0.000000 0 
996720.000000 1.114518 996720.000000 1.114518 0.994013 0.191785 0.278629 0.000000 0 
1302480.000000 0.893097 1302480.000000 0.893097 0.999275 0.356172 0.223274 0.000000 0 
1660080.000000 0.829552 1660080.000000 0.829552 0.982300 0.548430 0.207388 0.000000 0 
1368240.000000 0.871822 1368240.000000 0.871822 0.998810 0.391527 0.217956 0.000000 0 
1422720.000000 0.859126 1422720.000000 0.859126 0.998420 0.420817 0.214782 0.000000 0 
967680.000000 1.221369 967680.000000 1.221369 0.995189 0.176172 0.305342 0.000000 0 
1521600.000000 0.844634 1521600.000000 0.844634 0.999925 0.473978 0.211158 0.000000 0 
1225200.000000 0.911939 1225200.000000 0.911939 0.996222 0.314624 0.227985 0.000000 0 
1229040.000000 0.907855 1229040.000000 0.907855 0.999841 0.316688 0.226964 0.000000 0 
1160640.000000 0.946085 1160640.000000 0.946085 0.998883 0.279914 0.236521 0.000000 0 
1042800.000000 1.060806 1042800.000000 1.060806 0.997234 0.216559 0.265202 0.000000 0 
1344480.000000 0.884682 1344480.000000 0.884682 0.988495 0.378753 0.221170 0.000000 0 
988080.000000 1.198625 988080.000000 1.198625 0.996472 0.187140 0.299656 0.000000 0 
930000.000000 1.285206 930000.000000 1.285206 0.998091 0.155914 0.321302 0.000000 0 
920640.000000 1.299112 920640.000000 1.299112 0.999805 0.150882 0.324778 0.000000 0 
1380480.000000 0.869728 1380480.000000 0.869728 0.995951 0.398108 0.217432 0.000000 0 
1087440.000000 1.013738 1087440.000000 1.013738 0.983917 0.240559 0.253434 0.000000 0 
976320.000000 1.213366 976320.000000 1.213366 0.995792 0.180817 0.303342 0.000000 0 
1048560.000000 1.043094 1048560.000000 1.043094 0.993944 0.219656 0.260774 0.000000 0 
964800.000000 1.227210 964800.000000 1.227210 0.999729 0.174624 0.306803 0.000000 0 
981840.000000 1.202114 981840.000000 1.202114 0.991236 0.183785 0.300529 0.000000 0 
1133040.000000 0.965669 1133040.000000 0.965669 0.988228 0.265075 0.241417 0.000000 0 
1602720.000000 0.833037 1602720.000000 0.833037 0.988008 0.517591 0.208259 0.000000 0 
1419600.000000 0.865560 1419600.000000 0.865560 0.999762 0.419140 0.216390 0.000000 0 
1734000.000000 0.816956 1734000.000000 0.816956 0.987875 0.588172 0.204239 0.000000 0 
1117440.000000 0.980934 1117440.000000 0.980934 0.991869 0.256688 0.245233 0.000000 0 
1707360.000000 0.819183 1707360.000000 0.819183 0.988276 0.573849 0.204796 0.000000 0 
1209360.000000 0.929995 1209360.000000 0.929995 0.999761 0.306108 0.232499 0.000000 0 
1113120.000000 0.982691 1113120.000000 0.982691 0.996431 0.254366 0.245673 0.000000 0 
1304400.000000 0.888948 1304400.000000 0.888948 0.998087 0.357204 0.222237 0.000000 0 
930000.000000 1.285206 930000.000000 1.285206 0.998091 0.155914 0.321302 0.000000 0 
1209360.000000 0.929995 1209360.000000 0.929995 0.999761 0.306108 0.232499 0.000000 0 
914640.000000 1.448949 914640.000000 1.448949 0.993996 0.147656 0.362237 0.000000 0 
994800.000000 1.131120 994800.000000 1.131120 0.991079 0.190753 0.282780 0.000000 0 
1002000.000000 1.110749 1002000.000000 1.110749 0.990568 0.194624 0.277687 0.000000 0 
1041840.000000 1.061071 1041840.000000 1.061071 0.998054 0.216043 0.265268 0.000000 0 
978480.000000 1.209687 978480.000000 1.209687 0.999282 0.181978 0.302422 0.000000 0 
1078800.000000 1.014638 1078800.000000 1.014638 0.990053 0.235914 0.253660 0.000000 0 
#Generacion: 2500 
#Distancia: 298.733535 
876240.000000 1.669827 876240.000000 1.669827 0.998050 0.127011 0.417457 0.000000 0 
1880400.000000 0.812442 1880400.000000 0.812442 0.982890 0.666882 0.203110 0.000000 0 
916320.000000 1.324606 916320.000000 1.324606 0.999374 0.148559 0.331151 0.000000 0 
911040.000000 1.442920 911040.000000 1.442920 0.998885 0.145720 0.360730 0.000000 0 
896880.000000 1.543262 896880.000000 1.543262 0.999697 0.138108 0.385815 0.000000 0 
1860480.000000 0.813997 1860480.000000 0.813997 0.982848 0.656172 0.203499 0.000000 0 
1752000.000000 0.814684 1752000.000000 0.814684 0.996661 0.597849 0.203671 0.000000 0 
983520.000000 1.114769 983520.000000 1.114769 0.998784 0.184688 0.278692 0.000000 0 
900240.000000 1.491057 900240.000000 1.491057 0.994766 0.139914 0.372764 0.000000 0 
977520.000000 1.171714 977520.000000 1.171714 0.995631 0.181462 0.292929 0.000000 0 
907440.000000 1.489176 907440.000000 1.489176 0.994740 0.143785 0.372294 0.000000 0 
970560.000000 1.216848 970560.000000 1.216848 0.992239 0.177720 0.304212 0.000000 0 
895680.000000 1.597435 895680.000000 1.597435 0.994654 0.137462 0.399359 0.000000 0 
972960.000000 1.177977 972960.000000 1.177977 0.985772 0.179011 0.294494 0.000000 0 
910800.000000 1.443453 910800.000000 1.443453 0.995327 0.145591 0.360863 0.000000 0 
1573920.000000 0.832091 1573920.000000 0.832091 0.989418 0.502108 0.208023 0.000000 0 
929040.000000 1.276105 929040.000000 1.276105 0.998946 0.155398 0.319026 0.000000 0 
1300320.000000 0.886683 1300320.000000 0.886683 0.996130 0.355011 0.221671 0.000000 0 
894240.000000 1.630192 894240.000000 1.630192 0.999727 0.136688 0.407548 0.000000 0 
920640.000000 1.299112 920640.000000 1.299112 0.999805 0.150882 0.324778 0.000000 0 
1500240.000000 0.844141 1500240.000000 0.844141 0.986101 0.462495 0.211035 0.000000 0 
1548960.000000 0.834009 1548960.000000 0.834009 0.992679 0.488688 0.208502 0.000000 0 
1525440.000000 0.840087 1525440.000000 0.840087 0.992798 0.476043 0.210022 0.000000 0 
1012320.000000 1.093038 1012320.000000 1.093038 0.983655 0.200172 0.273259 0.000000 0 
1117440.000000 0.980934 1117440.000000 0.980934 0.991869 0.256688 0.245233 0.000000 0 
1717920.000000 0.818534 1717920.000000 0.818534 0.984675 0.579527 0.204634 0.000000 0 
895680.000000 1.597435 895680.000000 1.597435 0.994654 0.137462 0.399359 0.000000 0 
1626720.000000 0.830021 1626720.000000 0.830021 0.987310 0.530495 0.207505 0.000000 0 
1107360.000000 0.989335 1107360.000000 0.989335 0.984969 0.251269 0.247334 0.000000 0 
1734000.000000 0.816956 1734000.000000 0.816956 0.987875 0.588172 0.204239 0.000000 0 
1697760.000000 0.820548 1697760.000000 0.820548 0.988027 0.568688 0.205137 0.000000 0 
1326240.000000 0.883989 1326240.000000 0.883989 0.992830 0.368946 0.220997 0.000000 0 
1358400.000000 0.879476 1358400.000000 0.879476 0.997350 0.386237 0.219869 0.000000 0 
1288080.000000 0.897201 1288080.000000 0.897201 0.993931 0.348430 0.224300 0.000000 0 
886080.000000 1.633925 886080.000000 1.633925 0.999659 0.132301 0.408481 0.000000 0 
1018320.000000 1.076735 1018320.000000 1.076735 0.991069 0.203398 0.269184 0.000000 0 
1330560.000000 0.879683 1330560.000000 0.879683 0.985282 0.371269 0.219921 0.000000 0 
1637040.000000 0.827765 1637040.000000 0.827765 0.995807 0.536043 0.206941 0.000000 0 
1028400.000000 1.056176 1028400.000000 1.056176 0.996431 0.208817 0.264044 0.000000 0 
1210800.000000 0.916333 1210800.000000 0.916333 0.999551 0.306882 0.229083 0.000000 0 
956640.000000 1.248328 956640.000000 1.248328 0.994030 0.170237 0.312082 0.000000 0 
1124400.000000 0.967904 1124400.000000 0.967904 0.991215 0.260430 0.241976 0.000000 0 
1484640.000000 0.845689 1484640.000000 0.845689 0.995011 0.454108 0.211422 0.000000 0 
1682400.000000 0.821144 1682400.000000 0.821144 0.997655 0.560430 0.205286 0.000000 0 
1104240.000000 1.002658 1104240.000000 1.002658 0.997510 0.249591 0.250664 0.000000 0 
1134000.000000 0.964264 1134000.000000 0.964264 0.985043 0.265591 0.241066 0.000000 0 
918240.000000 1.311238 918240.000000 1.311238 0.999903 0.149591 0.327809 0.000000 0 
1022400.000000 1.069485 1022400.000000 1.069485 0.989325 0.205591 0.267371 0.000000 0 
964800.000000 1.227210 964800.000000 1.227210 0.999729 0.174624 0.306803 0.000000 0 
1432560.000000 0.853524 1432560.000000 0.853524 0.995154 0.426108 0.213381 0.000000 0 
1149360.000000 0.959172 1149360.000000 0.959172 0.984182 0.273849 0.239793 0.000000 0 
1661280.000000 0.827721 1661280.000000 0.827721 0.990511 0.549075 0.206930 0.000000 0 
963120.000000 1.239516 963120.000000 1.239516 0.998612 0.173720 0.309879 0.000000 0 
1060560.000000 1.035547 1060560.000000 1.035547 0.988745 0.226108 0.258887 0.000000 0 
1422720.000000 0.859126 1422720.000000 0.859126 0.998420 0.420817 0.214782 0.000000 0 
1391040.000000 0.865458 1391040.000000 0.865458 0.992745 0.403785 0.216364 0.000000 0 
942480.000000 1.270974 942480.000000 1.270974 0.999232 0.162624 0.317744 0.000000 0 
1447200.000000 0.851024 1447200.000000 0.851024 0.993726 0.433978 0.212756 0.000000 0 
1534560.000000 0.835995 1534560.000000 0.835995 0.984817 0.480946 0.208999 0.000000 0 
1209360.000000 0.929995 1209360.000000 0.929995 0.999761 0.306108 0.232499 0.000000 0 
1466400.000000 0.845854 1466400.000000 0.845854 0.986817 0.444301 0.211463 0.000000 0 
1380480.000000 0.869728 1380480.000000 0.869728 0.995951 0.398108 0.217432 0.000000 0 
1067520.000000 1.025338 1067520.000000 1.025338 0.997022 0.229849 0.256334 0.000000 0 
1092720.000000 1.006901 1092720.000000 1.006901 0.996966 0.243398 0.251725 0.000000 0 
1050000.000000 1.037963 1050000.000000 1.037963 0.992976 0.220430 0.259491 0.000000 0 
955440.000000 1.264111 955440.000000 1.264111 0.999859 0.169591 0.316028 0.000000 0 
1242000.000000 0.906645 1242000.000000 0.906645 0.999957 0.323656 0.226661 0.000000 0 
1252080.000000 0.902685 1252080.000000 0.902685 0.997788 0.329075 0.225671 0.000000 0 
1265040.000000 0.901489 1265040.000000 0.901489 0.998695 0.336043 0.225372 0.000000 0 
1003680.000000 1.101366 1003680.000000 1.101366 0.998608 0.195527 0.275341 0.000000 0 
1668720.000000 0.826288 1668720.000000 0.826288 0.986350 0.553075 0.206572 0.000000 0 
1600800.000000 0.830655 1600800.000000 0.830655 0.996696 0.516559 0.207664 0.000000 0 
1225200.000000 0.911939 1225200.000000 0.911939 0.996222 0.314624 0.227985 0.000000 0 
1276560.000000 0.898878 1276560.000000 0.898878 0.998258 0.342237 0.224720 0.000000 0 
1042320.000000 1.045109 1042320.000000 1.045109 0.990840 0.216301 0.261277 0.000000 0 
1168560.000000 0.944788 1168560.000000 0.944788 0.997429 0.284172 0.236197 0.000000 0 
1036800.000000 1.050118 1036800.000000 1.050118 0.992921 0.213333 0.262530 0.000000 0 
1600800.000000 0.830655 1600800.000000 0.830655 0.996696 0.516559 0.207664 0.000000 0 
1156800.000000 0.954757 1156800.000000 0.954757 0.993631 0.277849 0.238689 0.000000 0 
882720.000000 1.652734 882720.000000 1.652734 0.997728 0.130495 0.413184 0.000000 0 
997920.000000 1.105449 997920.000000 1.105449 0.989938 0.192430 0.276362 0.000000 0 
882720.000000 1.652734 882720.000000 1.652734 0.997728 0.130495 0.413184 0.000000 0 
991680.000000 1.112932 991680.000000 1.112932 0.995190 0.189075 0.278233 0.000000 0 
1457760.000000 0.848838 1457760.000000 0.848838 0.987719 0.439656 0.212210 0.000000 0 
1185840.000000 0.944351 1185840.000000 0.944351 0.999678 0.293462 0.236088 0.000000 0 
1410240.000000 0.861869 1410240.000000 0.861869 0.996316 0.414108 0.215467 0.000000 0 
1068960.000000 1.017135 1068960.000000 1.017135 0.999071 0.230624 0.254284 0.000000 0 
1160640.000000 0.946085 1160640.000000 0.946085 0.998883 0.279914 0.236521 0.000000 0 
1405200.000000 0.864503 1405200.000000 0.864503 0.998070 0.411398 0.216126 0.000000 0 
1368240.000000 0.871822 1368240.000000 0.871822 0.998810 0.391527 0.217956 0.000000 0 
1229040.000000 0.907855 1229040.000000 0.907855 0.999841 0.316688 0.226964 0.000000 0 
1087440.000000 1.013738 1087440.000000 1.013738 0.983917 0.240559 0.253434 0.000000 0 
1190880.000000 0.943226 1190880.000000 0.943226 0.999829 0.296172 0.235806 0.000000 0 
1078800.000000 1.014638 1078800.000000 1.014638 0.990053 0.235914 0.253660 0.000000 0 
1872000.000000 0.813112 1872000.000000 0.813112 0.975960 0.662366 0.203278 0.000000 0 
950880.000000 1.268465 950880.000000 1.268465 0.994913 0.167140 0.317116 0.000000 0 
1194960.000000 0.932959 1194960.000000 0.932959 0.999264 0.298366 0.233240 0.000000 0 
1752000.000000 0.814684 1752000.000000 0.814684 0.996661 0.597849 0.203671 0.000000 0 
1367040.000000 0.878080 1367040.000000 0.878080 0.996511 0.390882 0.219520 0.000000 0 
1196640.000000 0.930380 1196640.000000 0.930380 0.998639 0.299269 0.232595 0.000000 0 
#Generacion: 3000 
#Distancia: 307.274545 
1835280.000000 0.803267 1835280.000000 0.803267 0.995828 0.642624 0.200817 0.000000 0 
875280.000000 1.670336 875280.000000 1.670336 0.997868 0.126495 0.417584 0.000000 0 
882720.000000 1.652734 882720.000000 1.652734 0.997728 0.130495 0.413184 0.000000 0 
885360.000000 1.527839 885360.000000 1.527839 0.995378 0.131914 0.381960 0.000000 0 
911040.000000 1.442920 911040.000000 1.442920 0.998885 0.145720 0.360730 0.000000 0 
911280.000000 1.324753 911280.000000 1.324753 0.998820 0.145849 0.331188 0.000000 0 
1593840.000000 0.824027 1593840.000000 0.824027 0.994490 0.512817 0.206007 0.000000 0 
1682400.000000 0.821144 1682400.000000 0.821144 0.997655 0.560430 0.205286 0.000000 0 
952560.000000 1.182285 952560.000000 1.182285 0.996709 0.168043 0.295571 0.000000 0 
1194960.000000 0.932959 1194960.000000 0.932959 0.999264 0.298366 0.233240 0.000000 0 
1164720.000000 0.937952 1164720.000000 0.937952 0.999589 0.282108 0.234488 0.000000 0 
960000.000000 1.155125 960000.000000 1.155125 0.997670 0.172043 0.288781 0.000000 0 
980160.000000 1.122894 980160.000000 1.122894 0.995520 0.182882 0.280724 0.000000 0 
1240560.000000 0.902461 1240560.000000 0.902461 0.998274 0.322882 0.225615 0.000000 0 
1775040.000000 0.806574 1775040.000000 0.806574 0.991568 0.610237 0.201644 0.000000 0 
967920.000000 1.144439 967920.000000 1.144439 0.997573 0.176301 0.286110 0.000000 0 
927600.000000 1.262977 927600.000000 1.262977 0.996707 0.154624 0.315744 0.000000 0 
1803600.000000 0.804934 1803600.000000 0.804934 0.993898 0.625591 0.201233 0.000000 0 
1146960.000000 0.953872 1146960.000000 0.953872 0.975091 0.272559 0.238468 0.000000 0 
935040.000000 1.235348 935040.000000 1.235348 0.994633 0.158624 0.308837 0.000000 0 
1517760.000000 0.840098 1517760.000000 0.840098 0.978725 0.471914 0.210025 0.000000 0 
1101120.000000 0.987441 1101120.000000 0.987441 0.988964 0.247914 0.246860 0.000000 0 
951360.000000 1.219766 951360.000000 1.219766 0.999730 0.167398 0.304942 0.000000 0 
920640.000000 1.299006 920640.000000 1.299006 0.999792 0.150882 0.324752 0.000000 0 
1080240.000000 0.995197 1080240.000000 0.995197 0.998122 0.236688 0.248799 0.000000 0 
920880.000000 1.275174 920880.000000 1.275174 0.997689 0.151011 0.318794 0.000000 0 
904320.000000 1.478567 904320.000000 1.478567 0.997139 0.142108 0.369642 0.000000 0 
1717920.000000 0.818534 1717920.000000 0.818534 0.984675 0.579527 0.204634 0.000000 0 
1500240.000000 0.844141 1500240.000000 0.844141 0.986101 0.462495 0.211035 0.000000 0 
1697760.000000 0.820548 1697760.000000 0.820548 0.988027 0.568688 0.205137 0.000000 0 
887280.000000 1.516090 887280.000000 1.516090 0.992023 0.132946 0.379023 0.000000 0 
1068960.000000 1.017135 1068960.000000 1.017135 0.999071 0.230624 0.254284 0.000000 0 
1548960.000000 0.834009 1548960.000000 0.834009 0.992679 0.488688 0.208502 0.000000 0 
1483440.000000 0.844429 1483440.000000 0.844429 0.996026 0.453462 0.211107 0.000000 0 
1466400.000000 0.845854 1466400.000000 0.845854 0.986817 0.444301 0.211463 0.000000 0 
1117680.000000 0.974010 1117680.000000 0.974010 0.992625 0.256817 0.243503 0.000000 0 
1073520.000000 0.999579 1073520.000000 0.999579 0.996593 0.233075 0.249895 0.000000 0 
1160640.000000 0.946085 1160640.000000 0.946085 0.998883 0.279914 0.236521 0.000000 0 
900240.000000 1.491057 900240.000000 1.491057 0.994766 0.139914 0.372764 0.000000 0 
1318320.000000 0.880358 1318320.000000 0.880358 0.992198 0.364688 0.220090 0.000000 0 
1207200.000000 0.927649 1207200.000000 0.927649 0.990927 0.304946 0.231912 0.000000 0 
980880.000000 1.113098 980880.000000 1.113098 0.998361 0.183269 0.278274 0.000000 0 
940080.000000 1.234787 940080.000000 1.234787 0.997889 0.161333 0.308697 0.000000 0 
1135200.000000 0.962590 1135200.000000 0.962590 0.985858 0.266237 0.240647 0.000000 0 
1816320.000000 0.803780 1816320.000000 0.803780 0.995184 0.632430 0.200945 0.000000 0 
1054800.000000 1.030319 1054800.000000 1.030319 0.997624 0.223011 0.257580 0.000000 0 
1002720.000000 1.086984 1002720.000000 1.086984 0.999443 0.195011 0.271746 0.000000 0 
1368240.000000 0.871822 1368240.000000 0.871822 0.998810 0.391527 0.217956 0.000000 0 
1391040.000000 0.865458 1391040.000000 0.865458 0.992745 0.403785 0.216364 0.000000 0 
1420080.000000 0.854790 1420080.000000 0.854790 0.992459 0.419398 0.213697 0.000000 0 
1113600.000000 0.986198 1113600.000000 0.986198 0.968861 0.254624 0.246550 0.000000 0 
988800.000000 1.100308 988800.000000 1.100308 0.996583 0.187527 0.275077 0.000000 0 
1222080.000000 0.907648 1222080.000000 0.907648 0.994342 0.312946 0.226912 0.000000 0 
1566000.000000 0.832087 1566000.000000 0.832087 0.989322 0.497849 0.208022 0.000000 0 
1123440.000000 0.962922 1123440.000000 0.962922 0.993239 0.259914 0.240731 0.000000 0 
1333680.000000 0.877849 1333680.000000 0.877849 0.999684 0.372946 0.219462 0.000000 0 
1210800.000000 0.916333 1210800.000000 0.916333 0.999551 0.306882 0.229083 0.000000 0 
905280.000000 1.459213 905280.000000 1.459213 0.994916 0.142624 0.364803 0.000000 0 
1378800.000000 0.869282 1378800.000000 0.869282 0.987959 0.397204 0.217321 0.000000 0 
1432560.000000 0.853524 1432560.000000 0.853524 0.995154 0.426108 0.213381 0.000000 0 
1354800.000000 0.876242 1354800.000000 0.876242 0.993026 0.384301 0.219061 0.000000 0 
1765440.000000 0.811756 1765440.000000 0.811756 0.999654 0.605075 0.202939 0.000000 0 
1061040.000000 1.022428 1061040.000000 1.022428 0.997884 0.226366 0.255607 0.000000 0 
997440.000000 1.099668 997440.000000 1.099668 0.994211 0.192172 0.274917 0.000000 0 
1734000.000000 0.816956 1734000.000000 0.816956 0.987875 0.588172 0.204239 0.000000 0 
1043520.000000 1.035994 1043520.000000 1.035994 0.998941 0.216946 0.258998 0.000000 0 
1285440.000000 0.887993 1285440.000000 0.887993 0.988740 0.347011 0.221998 0.000000 0 
951360.000000 1.219766 951360.000000 1.219766 0.999730 0.167398 0.304942 0.000000 0 
1260480.000000 0.900039 1260480.000000 0.900039 0.995516 0.333591 0.225010 0.000000 0 
918240.000000 1.311238 918240.000000 1.311238 0.999903 0.149591 0.327809 0.000000 0 
1302960.000000 0.881081 1302960.000000 0.881081 0.998359 0.356430 0.220270 0.000000 0 
880560.000000 1.666549 880560.000000 1.666549 0.995465 0.129333 0.416637 0.000000 0 
1452720.000000 0.848927 1452720.000000 0.848927 0.988446 0.436946 0.212232 0.000000 0 
1008960.000000 1.080873 1008960.000000 1.080873 0.999516 0.198366 0.270218 0.000000 0 
1036800.000000 1.050118 1036800.000000 1.050118 0.992921 0.213333 0.262530 0.000000 0 
1752720.000000 0.812827 1752720.000000 0.812827 0.978977 0.598237 0.203207 0.000000 0 
1018080.000000 1.076788 1018080.000000 1.076788 0.997783 0.203269 0.269197 0.000000 0 
1410240.000000 0.861869 1410240.000000 0.861869 0.996316 0.414108 0.215467 0.000000 0 
1445760.000000 0.851486 1445760.000000 0.851486 0.998198 0.433204 0.212872 0.000000 0 
1295040.000000 0.883900 1295040.000000 0.883900 0.996922 0.352172 0.220975 0.000000 0 
1022400.000000 1.069485 1022400.000000 1.069485 0.989325 0.205591 0.267371 0.000000 0 
1582800.000000 0.828601 1582800.000000 0.828601 0.997420 0.506882 0.207150 0.000000 0 
910320.000000 1.456976 910320.000000 1.456976 0.998266 0.145333 0.364244 0.000000 0 
892560.000000 1.499670 892560.000000 1.499670 0.998693 0.135785 0.374917 0.000000 0 
1028400.000000 1.056176 1028400.000000 1.056176 0.996431 0.208817 0.264044 0.000000 0 
1744320.000000 0.816566 1744320.000000 0.816566 0.992687 0.593720 0.204141 0.000000 0 
1405200.000000 0.864503 1405200.000000 0.864503 0.998070 0.411398 0.216126 0.000000 0 
1345200.000000 0.877428 1345200.000000 0.877428 0.978784 0.379140 0.219357 0.000000 0 
1042320.000000 1.044719 1042320.000000 1.044719 0.990616 0.216301 0.261180 0.000000 0 
917040.000000 1.320822 917040.000000 1.320822 0.997941 0.148946 0.330206 0.000000 0 
1534560.000000 0.835995 1534560.000000 0.835995 0.984817 0.480946 0.208999 0.000000 0 
1216320.000000 0.908849 1216320.000000 0.908849 0.986286 0.309849 0.227212 0.000000 0 
1023120.000000 1.058887 1023120.000000 1.058887 0.995748 0.205978 0.264722 0.000000 0 
1576560.000000 0.830851 1576560.000000 0.830851 0.988911 0.503527 0.207713 0.000000 0 
922800.000000 1.264461 922800.000000 1.264461 0.997581 0.152043 0.316115 0.000000 0 
1272000.000000 0.888382 1272000.000000 0.888382 0.995670 0.339785 0.222096 0.000000 0 
966720.000000 1.151297 966720.000000 1.151297 0.996765 0.175656 0.287824 0.000000 0 
1835280.000000 0.803267 1835280.000000 0.803267 0.995828 0.642624 0.200817 0.000000 0 
1270080.000000 0.892284 1270080.000000 0.892284 0.997098 0.338753 0.223071 0.000000 0 
1265760.000000 0.900031 1265760.000000 0.900031 0.998204 0.336430 0.225008 0.000000 0 
#Generacion: 3500 
#Distancia: 303.206869 
854880.000000 1.733676 854880.000000 1.733676 0.999665 0.115527 0.433419 0.000000 0 
1841760.000000 0.803015 1841760.000000 0.803015 0.994437 0.646108 0.200754 0.000000 0 
883920.000000 1.436406 883920.000000 1.436406 0.998020 0.131140 0.359102 0.000000 0 
879600.000000 1.651010 879600.000000 1.651010 0.998664 0.128817 0.412752 0.000000 0 
881040.000000 1.542414 881040.000000 1.542414 0.999609 0.129591 0.385603 0.000000 0 
881040.000000 1.542414 881040.000000 1.542414 0.999609 0.129591 0.385603 0.000000 0 
1628640.000000 0.817177 1628640.000000 0.817177 0.997827 0.531527 0.204294 0.000000 0 
1706400.000000 0.815860 1706400.000000 0.815860 0.989422 0.573333 0.203965 0.000000 0 
917520.000000 1.235302 917520.000000 1.235302 0.997600 0.149204 0.308826 0.000000 0 
911520.000000 1.295296 911520.000000 1.295296 0.992257 0.145978 0.323824 0.000000 0 
906720.000000 1.403541 906720.000000 1.403541 0.993584 0.143398 0.350885 0.000000 0 
910080.000000 1.348623 910080.000000 1.348623 0.999425 0.145204 0.337156 0.000000 0 
1767840.000000 0.805862 1767840.000000 0.805862 0.988409 0.606366 0.201466 0.000000 0 
863280.000000 1.665277 863280.000000 1.665277 0.996624 0.120043 0.416319 0.000000 0 
1798320.000000 0.804766 1798320.000000 0.804766 0.995118 0.622753 0.201192 0.000000 0 
898560.000000 1.423419 898560.000000 1.423419 0.999507 0.139011 0.355855 0.000000 0 
859920.000000 1.695838 859920.000000 1.695838 0.997408 0.118237 0.423959 0.000000 0 
979680.000000 1.143539 979680.000000 1.143539 0.996363 0.182624 0.285885 0.000000 0 
1146960.000000 0.953872 1146960.000000 0.953872 0.975091 0.272559 0.238468 0.000000 0 
1085520.000000 0.982909 1085520.000000 0.982909 0.995216 0.239527 0.245727 0.000000 0 
1744800.000000 0.808910 1744800.000000 0.808910 0.989201 0.593978 0.202228 0.000000 0 
1338480.000000 0.872979 1338480.000000 0.872979 0.992689 0.375527 0.218245 0.000000 0 
1615920.000000 0.821191 1615920.000000 0.821191 0.999133 0.524688 0.205298 0.000000 0 
932880.000000 1.234034 932880.000000 1.234034 0.994133 0.157462 0.308508 0.000000 0 
1402080.000000 0.858934 1402080.000000 0.858934 0.990832 0.409720 0.214734 0.000000 0 
1094880.000000 0.974175 1094880.000000 0.974175 0.992492 0.244559 0.243544 0.000000 0 
937440.000000 1.214614 937440.000000 1.214614 0.991323 0.159914 0.303653 0.000000 0 
1593840.000000 0.824027 1593840.000000 0.824027 0.994490 0.512817 0.206007 0.000000 0 
1028400.000000 1.056176 1028400.000000 1.056176 0.996431 0.208817 0.264044 0.000000 0 
960000.000000 1.155125 960000.000000 1.155125 0.997670 0.172043 0.288781 0.000000 0 
979920.000000 1.113293 979920.000000 1.113293 0.997521 0.182753 0.278323 0.000000 0 
1816320.000000 0.803780 1816320.000000 0.803780 0.995184 0.632430 0.200945 0.000000 0 
1564320.000000 0.830034 1564320.000000 0.830034 0.998292 0.496946 0.207509 0.000000 0 
950160.000000 1.181198 950160.000000 1.181198 0.992018 0.166753 0.295300 0.000000 0 
956640.000000 1.170848 956640.000000 1.170848 0.992482 0.170237 0.292712 0.000000 0 
1730880.000000 0.810982 1730880.000000 0.810982 0.995267 0.586495 0.202745 0.000000 0 
1117680.000000 0.974010 1117680.000000 0.974010 0.992625 0.256817 0.243503 0.000000 0 
1135200.000000 0.962590 1135200.000000 0.962590 0.985858 0.266237 0.240647 0.000000 0 
1061520.000000 1.008182 1061520.000000 1.008182 0.996642 0.226624 0.252046 0.000000 0 
1210800.000000 0.916333 1210800.000000 0.916333 0.999551 0.306882 0.229083 0.000000 0 
1036320.000000 1.044189 1036320.000000 1.044189 0.999692 0.213075 0.261047 0.000000 0 
1420080.000000 0.854790 1420080.000000 0.854790 0.992459 0.419398 0.213697 0.000000 0 
1582800.000000 0.828601 1582800.000000 0.828601 0.997420 0.506882 0.207150 0.000000 0 
859920.000000 1.695838 859920.000000 1.695838 0.997408 0.118237 0.423959 0.000000 0 
1466400.000000 0.845854 1466400.000000 0.845854 0.986817 0.444301 0.211463 0.000000 0 
1160640.000000 0.946085 1160640.000000 0.946085 0.998883 0.279914 0.236521 0.000000 0 
1164720.000000 0.937952 1164720.000000 0.937952 0.999589 0.282108 0.234488 0.000000 0 
1547280.000000 0.831431 1547280.000000 0.831431 0.985465 0.487785 0.207858 0.000000 0 
1520400.000000 0.836285 1520400.000000 0.836285 0.985010 0.473333 0.209071 0.000000 0 
1264560.000000 0.898870 1264560.000000 0.898870 0.992944 0.335785 0.224718 0.000000 0 
947520.000000 1.197909 947520.000000 1.197909 0.999411 0.165333 0.299477 0.000000 0 
1536960.000000 0.835511 1536960.000000 0.835511 0.987230 0.482237 0.208878 0.000000 0 
967920.000000 1.144439 967920.000000 1.144439 0.997573 0.176301 0.286110 0.000000 0 
1227360.000000 0.903319 1227360.000000 0.903319 0.997829 0.315785 0.225830 0.000000 0 
911520.000000 1.295296 911520.000000 1.295296 0.992257 0.145978 0.323824 0.000000 0 
911280.000000 1.324753 911280.000000 1.324753 0.998820 0.145849 0.331188 0.000000 0 
877920.000000 1.662819 877920.000000 1.662819 0.998847 0.127914 0.415705 0.000000 0 
1002720.000000 1.086984 1002720.000000 1.086984 0.999443 0.195011 0.271746 0.000000 0 
1272000.000000 0.888382 1272000.000000 0.888382 0.995670 0.339785 0.222096 0.000000 0 
1328160.000000 0.876630 1328160.000000 0.876630 0.997420 0.369978 0.219158 0.000000 0 
1216320.000000 0.908849 1216320.000000 0.908849 0.986286 0.309849 0.227212 0.000000 0 
1382160.000000 0.865878 1382160.000000 0.865878 0.998496 0.399011 0.216469 0.000000 0 
1315680.000000 0.880322 1315680.000000 0.880322 0.993035 0.363269 0.220081 0.000000 0 
1078560.000000 0.998914 1078560.000000 0.998914 0.995714 0.235785 0.249729 0.000000 0 
1713120.000000 0.814381 1713120.000000 0.814381 0.993950 0.576946 0.203595 0.000000 0 
1122480.000000 0.965406 1122480.000000 0.965406 0.992533 0.259398 0.241351 0.000000 0 
1008960.000000 1.080873 1008960.000000 1.080873 0.999516 0.198366 0.270218 0.000000 0 
900000.000000 1.404430 900000.000000 1.404430 0.994688 0.139785 0.351107 0.000000 0 
1022400.000000 1.069485 1022400.000000 1.069485 0.989325 0.205591 0.267371 0.000000 0 
1361520.000000 0.868407 1361520.000000 0.868407 0.978663 0.387914 0.217102 0.000000 0 
1452720.000000 0.848927 1452720.000000 0.848927 0.988446 0.436946 0.212232 0.000000 0 
1483440.000000 0.844429 1483440.000000 0.844429 0.996026 0.453462 0.211107 0.000000 0 
1239360.000000 0.900513 1239360.000000 0.900513 0.989941 0.322237 0.225128 0.000000 0 
995760.000000 1.097938 995760.000000 1.097938 0.994071 0.191269 0.274484 0.000000 0 
943680.000000 1.205536 943680.000000 1.205536 0.998695 0.163269 0.301384 0.000000 0 
1283760.000000 0.887776 1283760.000000 0.887776 0.989462 0.346108 0.221944 0.000000 0 
1387680.000000 0.863596 1387680.000000 0.863596 0.999793 0.401978 0.215899 0.000000 0 
1252080.000000 0.900253 1252080.000000 0.900253 0.996311 0.329075 0.225063 0.000000 0 
1432560.000000 0.853524 1432560.000000 0.853524 0.995154 0.426108 0.213381 0.000000 0 
1073520.000000 0.999579 1073520.000000 0.999579 0.996593 0.233075 0.249895 0.000000 0 
911280.000000 1.324753 911280.000000 1.324753 0.998820 0.145849 0.331188 0.000000 0 
910080.000000 1.348623 910080.000000 1.348623 0.999425 0.145204 0.337156 0.000000 0 
1295040.000000 0.883900 1295040.000000 0.883900 0.996922 0.352172 0.220975 0.000000 0 
1835280.000000 0.803267 1835280.000000 0.803267 0.995828 0.642624 0.200817 0.000000 0 
1016160.000000 1.072034 1016160.000000 1.072034 0.989485 0.202237 0.268008 0.000000 0 
988800.000000 1.100188 988800.000000 1.100188 0.996140 0.187527 0.275047 0.000000 0 
1509360.000000 0.840677 1509360.000000 0.840677 0.983821 0.467398 0.210169 0.000000 0 
1445520.000000 0.853411 1445520.000000 0.853411 0.995086 0.433075 0.213353 0.000000 0 
1061040.000000 1.022428 1061040.000000 1.022428 0.997884 0.226366 0.255607 0.000000 0 
1043520.000000 1.035994 1043520.000000 1.035994 0.998941 0.216946 0.258998 0.000000 0 
1179840.000000 0.932046 1179840.000000 0.932046 0.997689 0.290237 0.233011 0.000000 0 
1198320.000000 0.926420 1198320.000000 0.926420 0.998856 0.300172 0.231605 0.000000 0 
1302960.000000 0.881081 1302960.000000 0.881081 0.998359 0.356430 0.220270 0.000000 0 
1362480.000000 0.868244 1362480.000000 0.868244 0.977656 0.388430 0.217061 0.000000 0 
1198320.000000 0.926420 1198320.000000 0.926420 0.998856 0.300172 0.231605 0.000000 0 
1058880.000000 1.029131 1058880.000000 1.029131 0.998715 0.225204 0.257283 0.000000 0 
983760.000000 1.110612 983760.000000 1.110612 0.997020 0.184817 0.277653 0.000000 0 
1052160.000000 1.035772 1052160.000000 1.035772 0.999976 0.221591 0.258943 0.000000 0 
1179840.000000 0.932046 1179840.000000 0.932046 0.997689 0.290237 0.233011 0.000000 0 
1491600.000000 0.842662 1491600.000000 0.842662 0.986790 0.457849 0.210666 0.000000 0 
#Generacion: 4000 
#Distancia: 300.917980 
1831920.000000 0.801258 1831920.000000 0.801258 0.995172 0.640817 0.200315 0.000000 0 
842160.000000 1.906940 842160.000000 1.906940 0.999776 0.108688 0.476735 0.000000 0 
852720.000000 1.707990 852720.000000 1.707990 0.992228 0.114366 0.426998 0.000000 0 
901680.000000 1.387935 901680.000000 1.387935 0.997068 0.140688 0.346984 0.000000 0 
909360.000000 1.270818 909360.000000 1.270818 0.998709 0.144817 0.317704 0.000000 0 
864000.000000 1.550351 864000.000000 1.550351 0.998941 0.120430 0.387588 0.000000 0 
863280.000000 1.661110 863280.000000 1.661110 0.996812 0.120043 0.415278 0.000000 0 
880320.000000 1.485430 880320.000000 1.485430 0.996423 0.129204 0.371357 0.000000 0 
1787760.000000 0.804304 1787760.000000 0.804304 0.997210 0.617075 0.201076 0.000000 0 
1726080.000000 0.805374 1726080.000000 0.805374 0.995743 0.583914 0.201343 0.000000 0 
1185600.000000 0.920328 1185600.000000 0.920328 0.991914 0.293333 0.230082 0.000000 0 
963120.000000 1.143451 963120.000000 1.143451 0.995010 0.173720 0.285863 0.000000 0 
859920.000000 1.695695 859920.000000 1.695695 0.996534 0.118237 0.423924 0.000000 0 
973680.000000 1.116087 973680.000000 1.116087 0.997597 0.179398 0.279022 0.000000 0 
878400.000000 1.524417 878400.000000 1.524417 0.993433 0.128172 0.381104 0.000000 0 
883920.000000 1.436406 883920.000000 1.436406 0.998020 0.131140 0.359102 0.000000 0 
1599840.000000 0.818387 1599840.000000 0.818387 0.999816 0.516043 0.204597 0.000000 0 
1268640.000000 0.888332 1268640.000000 0.888332 0.994738 0.337978 0.222083 0.000000 0 
1806000.000000 0.803243 1806000.000000 0.803243 0.994794 0.626882 0.200811 0.000000 0 
989760.000000 1.087229 989760.000000 1.087229 0.997978 0.188043 0.271807 0.000000 0 
1662480.000000 0.816761 1662480.000000 0.816761 0.990118 0.549720 0.204190 0.000000 0 
997920.000000 1.069606 997920.000000 1.069606 0.994933 0.192430 0.267402 0.000000 0 
923280.000000 1.217657 923280.000000 1.217657 0.995370 0.152301 0.304414 0.000000 0 
1210800.000000 0.916333 1210800.000000 0.916333 0.999551 0.306882 0.229083 0.000000 0 
955200.000000 1.154162 955200.000000 1.154162 0.994799 0.169462 0.288541 0.000000 0 
915840.000000 1.258708 915840.000000 1.258708 0.998084 0.148301 0.314677 0.000000 0 
1256160.000000 0.894155 1256160.000000 0.894155 0.999277 0.331269 0.223539 0.000000 0 
893760.000000 1.404380 893760.000000 1.404380 0.995693 0.136430 0.351095 0.000000 0 
883920.000000 1.436406 883920.000000 1.436406 0.998020 0.131140 0.359102 0.000000 0 
1236240.000000 0.897029 1236240.000000 0.897029 0.983490 0.320559 0.224257 0.000000 0 
1168800.000000 0.929131 1168800.000000 0.929131 0.993486 0.284301 0.232283 0.000000 0 
1146960.000000 0.953872 1146960.000000 0.953872 0.975091 0.272559 0.238468 0.000000 0 
1290000.000000 0.881594 1290000.000000 0.881594 0.997910 0.349462 0.220398 0.000000 0 
1416960.000000 0.858636 1416960.000000 0.858636 0.990528 0.417720 0.214659 0.000000 0 
1134000.000000 0.956462 1134000.000000 0.956462 0.989638 0.265591 0.239115 0.000000 0 
1024320.000000 1.047477 1024320.000000 1.047477 0.995958 0.206624 0.261869 0.000000 0 
1068000.000000 0.993362 1068000.000000 0.993362 0.998000 0.230108 0.248341 0.000000 0 
863280.000000 1.661110 863280.000000 1.661110 0.996812 0.120043 0.415278 0.000000 0 
1628640.000000 0.817177 1628640.000000 0.817177 0.997827 0.531527 0.204294 0.000000 0 
1315680.000000 0.880322 1315680.000000 0.880322 0.993035 0.363269 0.220081 0.000000 0 
1483440.000000 0.844429 1483440.000000 0.844429 0.996026 0.453462 0.211107 0.000000 0 
1402080.000000 0.858934 1402080.000000 0.858934 0.990832 0.409720 0.214734 0.000000 0 
1432560.000000 0.853524 1432560.000000 0.853524 0.995154 0.426108 0.213381 0.000000 0 
1122480.000000 0.965406 1122480.000000 0.965406 0.992533 0.259398 0.241351 0.000000 0 
935040.000000 1.208158 935040.000000 1.208158 0.996819 0.158624 0.302040 0.000000 0 
1547280.000000 0.831431 1547280.000000 0.831431 0.985465 0.487785 0.207858 0.000000 0 
1520400.000000 0.836285 1520400.000000 0.836285 0.985010 0.473333 0.209071 0.000000 0 
1160640.000000 0.946085 1160640.000000 0.946085 0.998883 0.279914 0.236521 0.000000 0 
869760.000000 1.527223 869760.000000 1.527223 0.995431 0.123527 0.381806 0.000000 0 
1536960.000000 0.835511 1536960.000000 0.835511 0.987230 0.482237 0.208878 0.000000 0 
953040.000000 1.177665 953040.000000 1.177665 0.995029 0.168301 0.294416 0.000000 0 
1224000.000000 0.899480 1224000.000000 0.899480 0.989338 0.313978 0.224870 0.000000 0 
1628640.000000 0.817177 1628640.000000 0.817177 0.997827 0.531527 0.204294 0.000000 0 
1328160.000000 0.876630 1328160.000000 0.876630 0.997420 0.369978 0.219158 0.000000 0 
1085520.000000 0.982909 1085520.000000 0.982909 0.995216 0.239527 0.245727 0.000000 0 
1495440.000000 0.840363 1495440.000000 0.840363 0.998933 0.459914 0.210091 0.000000 0 
1338480.000000 0.872979 1338480.000000 0.872979 0.992689 0.375527 0.218245 0.000000 0 
1506960.000000 0.838017 1506960.000000 0.838017 0.997846 0.466108 0.209504 0.000000 0 
1010160.000000 1.054166 1010160.000000 1.054166 0.996695 0.199011 0.263541 0.000000 0 
1216320.000000 0.908849 1216320.000000 0.908849 0.986286 0.309849 0.227212 0.000000 0 
1669200.000000 0.815628 1669200.000000 0.815628 0.990972 0.553333 0.203907 0.000000 0 
1831200.000000 0.802894 1831200.000000 0.802894 0.995983 0.640430 0.200723 0.000000 0 
1452720.000000 0.848927 1452720.000000 0.848927 0.988446 0.436946 0.212232 0.000000 0 
1051200.000000 1.020912 1051200.000000 1.020912 0.996909 0.221075 0.255228 0.000000 0 
1354080.000000 0.872957 1354080.000000 0.872957 0.993049 0.383914 0.218239 0.000000 0 
1094880.000000 0.974175 1094880.000000 0.974175 0.992492 0.244559 0.243544 0.000000 0 
987360.000000 1.106357 987360.000000 1.106357 0.994762 0.186753 0.276589 0.000000 0 
1082400.000000 0.993002 1082400.000000 0.993002 0.989310 0.237849 0.248251 0.000000 0 
1297920.000000 0.881053 1297920.000000 0.881053 0.998970 0.353720 0.220263 0.000000 0 
869040.000000 1.549177 869040.000000 1.549177 0.995759 0.123140 0.387294 0.000000 0 
1061520.000000 1.008182 1061520.000000 1.008182 0.996642 0.226624 0.252046 0.000000 0 
1004400.000000 1.056824 1004400.000000 1.056824 0.996850 0.195914 0.264206 0.000000 0 
1564320.000000 0.830034 1564320.000000 0.830034 0.998292 0.496946 0.207509 0.000000 0 
1027680.000000 1.035115 1027680.000000 1.035115 0.987095 0.208430 0.258779 0.000000 0 
1112160.000000 0.968460 1112160.000000 0.968460 0.998846 0.253849 0.242115 0.000000 0 
947520.000000 1.197909 947520.000000 1.197909 0.999411 0.165333 0.299477 0.000000 0 
1043280.000000 1.026154 1043280.000000 1.026154 0.997318 0.216817 0.256539 0.000000 0 
1368240.000000 0.865362 1368240.000000 0.865362 0.999202 0.391527 0.216340 0.000000 0 
1568160.000000 0.825696 1568160.000000 0.825696 0.993976 0.499011 0.206424 0.000000 0 
1445520.000000 0.853411 1445520.000000 0.853411 0.995086 0.433075 0.213353 0.000000 0 
1387680.000000 0.863596 1387680.000000 0.863596 0.999793 0.401978 0.215899 0.000000 0 
1687920.000000 0.813840 1687920.000000 0.813840 0.998741 0.563398 0.203460 0.000000 0 
948720.000000 1.181541 948720.000000 1.181541 0.995519 0.165978 0.295385 0.000000 0 
1034160.000000 1.029806 1034160.000000 1.029806 0.999313 0.211914 0.257451 0.000000 0 
916800.000000 1.233682 916800.000000 1.233682 0.994675 0.148817 0.308420 0.000000 0 
1164720.000000 0.937952 1164720.000000 0.937952 0.999589 0.282108 0.234488 0.000000 0 
1715520.000000 0.805875 1715520.000000 0.805875 0.994562 0.578237 0.201469 0.000000 0 
893760.000000 1.404380 893760.000000 1.404380 0.995693 0.136430 0.351095 0.000000 0 
1103280.000000 0.972588 1103280.000000 0.972588 0.994696 0.249075 0.243147 0.000000 0 
983760.000000 1.110612 983760.000000 1.110612 0.997020 0.184817 0.277653 0.000000 0 
1582320.000000 0.822817 1582320.000000 0.822817 0.996791 0.506624 0.205704 0.000000 0 
1059840.000000 1.013788 1059840.000000 1.013788 0.993757 0.225720 0.253447 0.000000 0 
939840.000000 1.199945 939840.000000 1.199945 0.994676 0.161204 0.299986 0.000000 0 
1587120.000000 0.822243 1587120.000000 0.822243 0.988562 0.509204 0.205561 0.000000 0 
1382640.000000 0.864275 1382640.000000 0.864275 0.999085 0.399269 0.216069 0.000000 0 
1361520.000000 0.868407 1361520.000000 0.868407 0.978663 0.387914 0.217102 0.000000 0 
916800.000000 1.233682 916800.000000 1.233682 0.994675 0.148817 0.308420 0.000000 0 
1704960.000000 0.807366 1704960.000000 0.807366 0.994676 0.572559 0.201842 0.000000 0 
1701120.000000 0.812758 1701120.000000 0.812758 0.990432 0.570495 0.203190 0.000000 0 
1466400.000000 0.845854 1466400.000000 0.845854 0.986817 0.444301 0.211463 0.000000 0 
#Generacion: 4500 
#Distancia: 312.131212 
1852560.000000 0.799845 1852560.000000 0.799845 0.995832 0.651914 0.199961 0.000000 0 
848880.000000 1.717733 848880.000000 1.717733 0.998840 0.112301 0.429433 0.000000 0 
859440.000000 1.553835 859440.000000 1.553835 0.997492 0.117978 0.388459 0.000000 0 
904320.000000 1.293789 904320.000000 1.293789 0.994693 0.142108 0.323447 0.000000 0 
900720.000000 1.387474 900720.000000 1.387474 0.998068 0.140172 0.346868 0.000000 0 
868560.000000 1.531572 868560.000000 1.531572 0.996541 0.122882 0.382893 0.000000 0 
871680.000000 1.445314 871680.000000 1.445314 0.995517 0.124559 0.361328 0.000000 0 
1821360.000000 0.800881 1821360.000000 0.800881 0.993370 0.635140 0.200220 0.000000 0 
948480.000000 1.153803 948480.000000 1.153803 0.994712 0.165849 0.288451 0.000000 0 
1726080.000000 0.805374 1726080.000000 0.805374 0.995743 0.583914 0.201343 0.000000 0 
1534800.000000 0.825933 1534800.000000 0.825933 0.989622 0.481075 0.206483 0.000000 0 
1109280.000000 0.964518 1109280.000000 0.964518 0.993613 0.252301 0.241130 0.000000 0 
1776000.000000 0.802179 1776000.000000 0.802179 0.998452 0.610753 0.200545 0.000000 0 
944640.000000 1.193737 944640.000000 1.193737 0.998295 0.163785 0.298434 0.000000 0 
1568160.000000 0.825696 1568160.000000 0.825696 0.993976 0.499011 0.206424 0.000000 0 
961920.000000 1.131418 961920.000000 1.131418 0.998184 0.173075 0.282854 0.000000 0 
1134000.000000 0.956462 1134000.000000 0.956462 0.989638 0.265591 0.239115 0.000000 0 
1776000.000000 0.802179 1776000.000000 0.802179 0.998452 0.610753 0.200545 0.000000 0 
1185600.000000 0.920328 1185600.000000 0.920328 0.991914 0.293333 0.230082 0.000000 0 
916800.000000 1.233682 916800.000000 1.233682 0.994675 0.148817 0.308420 0.000000 0 
989280.000000 1.083425 989280.000000 1.083425 0.994553 0.187785 0.270856 0.000000 0 
1488720.000000 0.840463 1488720.000000 0.840463 0.998855 0.456301 0.210116 0.000000 0 
909360.000000 1.270762 909360.000000 1.270762 0.998914 0.144817 0.317691 0.000000 0 
915840.000000 1.258708 915840.000000 1.258708 0.998084 0.148301 0.314677 0.000000 0 
1094160.000000 0.972057 1094160.000000 0.972057 0.996663 0.244172 0.243014 0.000000 0 
1168800.000000 0.929131 1168800.000000 0.929131 0.993486 0.284301 0.232283 0.000000 0 
1303440.000000 0.877591 1303440.000000 0.877591 0.988300 0.356688 0.219398 0.000000 0 
997920.000000 1.069606 997920.000000 1.069606 0.994933 0.192430 0.267402 0.000000 0 
1662480.000000 0.816761 1662480.000000 0.816761 0.990118 0.549720 0.204190 0.000000 0 
1506960.000000 0.838017 1506960.000000 0.838017 0.997846 0.466108 0.209504 0.000000 0 
888240.000000 1.429555 888240.000000 1.429555 0.997497 0.133462 0.357389 0.000000 0 
1582320.000000 0.822817 1582320.000000 0.822817 0.996791 0.506624 0.205704 0.000000 0 
1631520.000000 0.817055 1631520.000000 0.817055 0.997523 0.533075 0.204264 0.000000 0 
1669200.000000 0.815628 1669200.000000 0.815628 0.990972 0.553333 0.203907 0.000000 0 
987360.000000 1.106357 987360.000000 1.106357 0.994762 0.186753 0.276589 0.000000 0 
1014240.000000 1.052315 1014240.000000 1.052315 0.998142 0.201204 0.263079 0.000000 0 
1697280.000000 0.814067 1697280.000000 0.814067 0.991922 0.568430 0.203517 0.000000 0 
1291200.000000 0.887258 1291200.000000 0.887258 0.993707 0.350108 0.221815 0.000000 0 
1264320.000000 0.890102 1264320.000000 0.890102 0.995435 0.335656 0.222525 0.000000 0 
1452720.000000 0.848927 1452720.000000 0.848927 0.988446 0.436946 0.212232 0.000000 0 
1022880.000000 1.038647 1022880.000000 1.038647 0.996579 0.205849 0.259662 0.000000 0 
1626480.000000 0.818243 1626480.000000 0.818243 0.978601 0.530366 0.204561 0.000000 0 
935040.000000 1.208158 935040.000000 1.208158 0.996819 0.158624 0.302040 0.000000 0 
1201680.000000 0.915296 1201680.000000 0.915296 0.993698 0.301978 0.228824 0.000000 0 
1004400.000000 1.056824 1004400.000000 1.056824 0.996850 0.195914 0.264206 0.000000 0 
1236240.000000 0.897029 1236240.000000 0.897029 0.983490 0.320559 0.224257 0.000000 0 
852720.000000 1.707990 852720.000000 1.707990 0.992228 0.114366 0.426998 0.000000 0 
1710480.000000 0.806016 1710480.000000 0.806016 0.994060 0.575527 0.201504 0.000000 0 
1085520.000000 0.982909 1085520.000000 0.982909 0.995216 0.239527 0.245727 0.000000 0 
1049760.000000 1.013321 1049760.000000 1.013321 0.992532 0.220301 0.253330 0.000000 0 
1163760.000000 0.940317 1163760.000000 0.940317 0.994518 0.281591 0.235079 0.000000 0 
1278480.000000 0.887295 1278480.000000 0.887295 0.989731 0.343269 0.221824 0.000000 0 
864000.000000 1.549647 864000.000000 1.549647 0.999908 0.120430 0.387412 0.000000 0 
1224000.000000 0.899480 1224000.000000 0.899480 0.989338 0.313978 0.224870 0.000000 0 
1155600.000000 0.948224 1155600.000000 0.948224 0.978521 0.277204 0.237056 0.000000 0 
1146960.000000 0.953872 1146960.000000 0.953872 0.975091 0.272559 0.238468 0.000000 0 
1361280.000000 0.867102 1361280.000000 0.867102 0.993311 0.387785 0.216775 0.000000 0 
1349760.000000 0.870696 1349760.000000 0.870696 0.992554 0.381591 0.217674 0.000000 0 
892800.000000 1.404034 892800.000000 1.404034 0.996840 0.135914 0.351008 0.000000 0 
1395840.000000 0.860836 1395840.000000 0.860836 0.971908 0.406366 0.215209 0.000000 0 
1068000.000000 0.993362 1068000.000000 0.993362 0.998000 0.230108 0.248341 0.000000 0 
1434240.000000 0.852588 1434240.000000 0.852588 0.985794 0.427011 0.213147 0.000000 0 
1033920.000000 1.037333 1033920.000000 1.037333 0.995428 0.211785 0.259333 0.000000 0 
1082400.000000 0.993002 1082400.000000 0.993002 0.989310 0.237849 0.248251 0.000000 0 
1338480.000000 0.872979 1338480.000000 0.872979 0.992689 0.375527 0.218245 0.000000 0 
1599840.000000 0.818387 1599840.000000 0.818387 0.999816 0.516043 0.204597 0.000000 0 
1378560.000000 0.863712 1378560.000000 0.863712 0.990536 0.397075 0.215928 0.000000 0 
966960.000000 1.119080 966960.000000 1.119080 0.999056 0.175785 0.279770 0.000000 0 
1416720.000000 0.854070 1416720.000000 0.854070 0.977830 0.417591 0.213518 0.000000 0 
1321920.000000 0.877035 1321920.000000 0.877035 0.995947 0.366624 0.219259 0.000000 0 
1212240.000000 0.902717 1212240.000000 0.902717 0.986382 0.307656 0.225679 0.000000 0 
1059120.000000 1.006241 1059120.000000 1.006241 0.996634 0.225333 0.251560 0.000000 0 
1468320.000000 0.843716 1468320.000000 0.843716 0.999696 0.445333 0.210929 0.000000 0 
892800.000000 1.404034 892800.000000 1.404034 0.996840 0.135914 0.351008 0.000000 0 
1040880.000000 1.028504 1040880.000000 1.028504 0.997304 0.215527 0.257126 0.000000 0 
939840.000000 1.199945 939840.000000 1.199945 0.994676 0.161204 0.299986 0.000000 0 
1043280.000000 1.022615 1043280.000000 1.022615 0.990847 0.216817 0.255654 0.000000 0 
981360.000000 1.113297 981360.000000 1.113297 0.999695 0.183527 0.278324 0.000000 0 
1208400.000000 0.909878 1208400.000000 0.909878 0.994822 0.305591 0.227470 0.000000 0 
1439520.000000 0.849024 1439520.000000 0.849024 0.984905 0.429849 0.212256 0.000000 0 
1599840.000000 0.818387 1599840.000000 0.818387 0.999816 0.516043 0.204597 0.000000 0 
923280.000000 1.217657 923280.000000 1.217657 0.995370 0.152301 0.304414 0.000000 0 
1062240.000000 1.001046 1062240.000000 1.001046 0.993815 0.227011 0.250261 0.000000 0 
1701120.000000 0.812758 1701120.000000 0.812758 0.990432 0.570495 0.203190 0.000000 0 
923280.000000 1.217657 923280.000000 1.217657 0.995370 0.152301 0.304414 0.000000 0 
1373520.000000 0.864972 1373520.000000 0.864972 0.995964 0.394366 0.216243 0.000000 0 
1468320.000000 0.843716 1468320.000000 0.843716 0.999696 0.445333 0.210929 0.000000 0 
1401360.000000 0.858332 1401360.000000 0.858332 0.975829 0.409333 0.214583 0.000000 0 
871680.000000 1.445314 871680.000000 1.445314 0.995517 0.124559 0.361328 0.000000 0 
1328160.000000 0.876630 1328160.000000 0.876630 0.997420 0.369978 0.219158 0.000000 0 
973680.000000 1.116087 973680.000000 1.116087 0.997597 0.179398 0.279022 0.000000 0 
1411920.000000 0.856182 1411920.000000 0.856182 0.975065 0.415011 0.214046 0.000000 0 
1253280.000000 0.896617 1253280.000000 0.896617 0.998600 0.329720 0.224154 0.000000 0 
1253280.000000 0.896617 1253280.000000 0.896617 0.998600 0.329720 0.224154 0.000000 0 
1515600.000000 0.830979 1515600.000000 0.830979 0.978451 0.470753 0.207745 0.000000 0 
842160.000000 1.749495 842160.000000 1.749495 0.999897 0.108688 0.437374 0.000000 0 
857760.000000 1.556652 857760.000000 1.556652 0.999792 0.117075 0.389163 0.000000 0 
848880.000000 1.717733 848880.000000 1.717733 0.998840 0.112301 0.429433 0.000000 0 
881280.000000 1.434043 881280.000000 1.434043 0.996503 0.129720 0.358511 0.000000 0 
916800.000000 1.233682 916800.000000 1.233682 0.994675 0.148817 0.308420 0.000000 0 
#Generacion: 5000 
#Distancia: 305.457879 
