8.87485e+08  4.12681e+14  1.65072e+15  1.65072e+15  0 
13.624  6.00237e+06  2.59806e+07  2.40095e+07  0 
26.4486  1.19855e+07  4.98343e+07  4.79422e+07  0 
30.7047  1.39404e+07  5.77508e+07  5.57615e+07  0 
18.5179  8.25924e+06  3.50832e+07  3.3037e+07  0 
25.1425  1.1369e+07  4.7405e+07  4.54761e+07  0 
27.0214  1.22519e+07  5.08999e+07  4.90075e+07  0 
13.254  5.85587e+06  2.52924e+07  2.34235e+07  0 
25.6774  1.1581e+07  4.84e+07  4.6324e+07  0 
28.6273  1.30371e+07  5.38868e+07  5.21482e+07  0 
825073  3.83659e+11  1.53464e+12  1.53464e+12  0 
26.6909  1.20573e+07  5.0285e+07  4.82294e+07  0 
36.5545  1.67196e+07  6.86313e+07  6.68784e+07  0 
4.69119e+07  2.1814e+13  8.72561e+13  8.72561e+13  0 
32.5348  1.48215e+07  6.11547e+07  5.92861e+07  0 
1.64437e+08  7.64633e+13  3.05853e+14  3.05853e+14  0 
7.81539e+07  3.63415e+13  1.45366e+14  1.45366e+14  0 
43.8397  2.00509e+07  8.21819e+07  8.02035e+07  0 
41.5228  1.89851e+07  7.78723e+07  7.59406e+07  0 
1.38218e+08  6.42715e+13  2.57086e+14  2.57086e+14  0 
26.4728  1.20064e+07  4.98795e+07  4.80255e+07  0 
10.5269  4.55249e+06  2.022e+07  1.821e+07  0 
26.5507  1.20224e+07  5.00242e+07  4.80896e+07  0 
9.01324e+06  4.19116e+12  1.67646e+13  1.67646e+13  0 
24.6402  1.10898e+07  4.64708e+07  4.43593e+07  0 
17.3926  7.77674e+06  3.29902e+07  3.11069e+07  0 
4.00184e+07  1.86086e+13  7.44342e+13  7.44342e+13  0 
28.8329  1.30913e+07  5.42693e+07  5.23654e+07  0 
6.3562e+06  2.95563e+12  1.18225e+13  1.18225e+13  0 
26.095  1.17944e+07  4.91767e+07  4.71777e+07  0 
15.1725  6.70526e+06  2.88608e+07  2.6821e+07  0 
13.9625  6.16334e+06  2.66103e+07  2.46533e+07  0 
25.7147  1.16008e+07  4.84694e+07  4.64032e+07  0 
14.4813  6.40818e+06  2.75753e+07  2.56327e+07  0 
42.1067  1.92294e+07  7.89585e+07  7.69175e+07  0 
26.6974  1.20769e+07  5.02971e+07  4.83075e+07  0 
29.2441  1.3235e+07  5.50339e+07  5.29402e+07  0 
1.90238e+07  8.84608e+12  3.53843e+13  3.53843e+13  0 
28.0118  1.27238e+07  5.27419e+07  5.08951e+07  0 
25.298  1.14115e+07  4.76944e+07  4.5646e+07  0 
29.1441  1.32379e+07  5.4848e+07  5.29517e+07  0 
8.43522e+06  3.92238e+12  1.56895e+13  1.56895e+13  0 
22.4045  1.01339e+07  4.23124e+07  4.05357e+07  0 
26.8944  1.21594e+07  5.06635e+07  4.86377e+07  0 
32.9059  1.49553e+07  6.1845e+07  5.98213e+07  0 
1.08834e+08  5.0608e+13  2.02432e+14  2.02432e+14  0 
38.836  1.77154e+07  7.28749e+07  7.08616e+07  0 
11.5314  4.98726e+06  2.20884e+07  1.9949e+07  0 
7.13618e+08  3.31832e+14  1.32733e+15  1.32733e+15  0 
6.29709e+07  2.92815e+13  1.17126e+14  1.17126e+14  0 
42.8245  1.95639e+07  8.02935e+07  7.82557e+07  0 
25.2532  1.14298e+07  4.76109e+07  4.5719e+07  0 
17.8566  7.94737e+06  3.38532e+07  3.17895e+07  0 
1.0176e+08  4.73182e+13  1.89273e+14  1.89273e+14  0 
23.0072  1.03651e+07  4.34334e+07  4.14603e+07  0 
22.0793  9.90133e+06  4.17075e+07  3.96053e+07  0 
27.4581  1.24129e+07  5.1712e+07  4.96514e+07  0 
34.2987  1.56011e+07  6.44357e+07  6.24043e+07  0 
27.6312  1.25159e+07  5.20341e+07  5.00635e+07  0 
32.2424  1.46516e+07  6.06108e+07  5.86065e+07  0 
1.01662e+08  4.72727e+13  1.89091e+14  1.89091e+14  0 
23.5006  1.06053e+07  4.43511e+07  4.24212e+07  0 
48.0018  2.20089e+07  8.99233e+07  8.80357e+07  0 
1.13534e+07  5.27932e+12  2.11173e+13  2.11173e+13  0 
29.5598  1.33765e+07  5.56213e+07  5.35059e+07  0 
25.5724  1.1608e+07  4.82046e+07  4.6432e+07  0 
25.7039  1.16033e+07  4.84492e+07  4.64133e+07  0 
14.8324  6.54156e+06  2.82283e+07  2.61662e+07  0 
2.30401e+06  1.07136e+12  4.28546e+12  4.28545e+12  0 
30.8469  1.40636e+07  5.80152e+07  5.62546e+07  0 
26.2449  1.1863e+07  4.94555e+07  4.7452e+07  0 
5.91345e+06  2.74975e+12  1.0999e+13  1.0999e+13  0 
25.7095  1.16311e+07  4.84597e+07  4.65246e+07  0 
19.929  8.92565e+06  3.7708e+07  3.57026e+07  0 
33.4598  1.522e+07  6.28752e+07  6.08798e+07  0 
50.3056  2.30857e+07  9.42085e+07  9.23427e+07  0 
2.52675e+07  1.17494e+13  4.69975e+13  4.69975e+13  0 
4.15483e+07  1.93199e+13  7.72798e+13  7.72798e+13  0 
44.2373  2.02282e+07  8.29214e+07  8.09128e+07  0 
24.6051  1.10939e+07  4.64056e+07  4.43756e+07  0 
86.3989  3.9839e+07  1.61342e+08  1.59356e+08  0 
13.1947  5.80307e+06  2.51822e+07  2.32123e+07  0 
43.439  1.97939e+07  8.14365e+07  7.91757e+07  0 
25.4295  1.14585e+07  4.79388e+07  4.5834e+07  0 
27.8575  1.25921e+07  5.2455e+07  5.03685e+07  0 
42.0757  1.91601e+07  7.89008e+07  7.66402e+07  0 
1.1548e+08  5.36983e+13  2.14793e+14  2.14793e+14  0 
28.8291  1.30906e+07  5.42621e+07  5.23622e+07  0 
188377  8.7595e+10  3.50382e+11  3.5038e+11  0 
25.8966  1.16534e+07  4.88076e+07  4.66135e+07  0 
25.1669  1.13866e+07  4.74504e+07  4.55465e+07  0 
25.5418  1.15669e+07  4.81478e+07  4.62676e+07  0 
12.7561  5.58352e+06  2.43664e+07  2.23341e+07  0 
10.4066  4.54097e+06  1.99963e+07  1.81639e+07  0 
31.5368  1.4352e+07  5.92984e+07  5.74082e+07  0 
25.8237  1.16909e+07  4.86721e+07  4.67636e+07  0 
31.5796  1.4338e+07  5.9378e+07  5.73522e+07  0 
29.561  1.34035e+07  5.56235e+07  5.36142e+07  0 
1.27702e+08  5.93813e+13  2.37525e+14  2.37525e+14  0 
14.0886  6.21081e+06  2.68448e+07  2.48432e+07  0 

0.249075  0.445206  1.10328e+06  1.78082  0 
0.860043  0.208365  2.23968e+06  0.833459  0 
0.73914  0.32531  2.0148e+06  1.30124  0 
0.750366  0.349335  2.03568e+06  1.39734  1 
0.672301  0.474435  1.89048e+06  1.89774  1 
2.62915  862535  5.53022e+06  3.45014e+06  2 
2.94818  1.01077e+06  6.12362e+06  4.04306e+06  3 
3.76362  1.3642e+06  7.64033e+06  5.45681e+06  4 
4.52474  1.67102e+06  9.05601e+06  6.68409e+06  6 
4.74094  1.8159e+06  9.45815e+06  7.2636e+06  7 
5.10328  1.96585e+06  1.01321e+07  7.86339e+06  9 
6.27182  2.52482e+06  1.23056e+07  1.00993e+07  12 
6.53064  2.67211e+06  1.2787e+07  1.06884e+07  13 
6.82133  2.80776e+06  1.33277e+07  1.1231e+07  15 
7.64733  3.20445e+06  1.4864e+07  1.28178e+07  19 
8.47319  3.58985e+06  1.64001e+07  1.43594e+07  22 
10.9537  4.7188e+06  2.10139e+07  1.88752e+07  35 
11.9496  5.21099e+06  2.28662e+07  2.08439e+07  45 
13.6661  5.99831e+06  2.60589e+07  2.39932e+07  53 
21.9156  9.82082e+06  4.1403e+07  3.92833e+07  62 
23.9496  1.07403e+07  4.51862e+07  4.29611e+07  69 
27.0888  1.2229e+07  5.10252e+07  4.89161e+07  77 
28.0184  1.2693e+07  5.27542e+07  5.0772e+07  78 
13.5625  5.96005e+06  2.58663e+07  2.38402e+07  52 
28.707  1.30189e+07  5.4035e+07  5.20754e+07  79 
22.1706  9.99365e+06  4.18773e+07  3.99746e+07  66 
6.79514  2.78406e+06  1.3279e+07  1.11362e+07  14 
24.585  1.10173e+07  4.6368e+07  4.40691e+07  71 
21.8283  9.78242e+06  4.12407e+07  3.91297e+07  61 
12.1534  5.27486e+06  2.32453e+07  2.10994e+07  46 
21.9856  9.87035e+06  4.15331e+07  3.94814e+07  63 
24.9505  1.13084e+07  4.70479e+07  4.52335e+07  72 
24.9774  1.12273e+07  4.70979e+07  4.49091e+07  72 
12.2011  5.32285e+06  2.3334e+07  2.12914e+07  47 
13.0375  5.74383e+06  2.48898e+07  2.29753e+07  51 
5.87964  2.33448e+06  1.15761e+07  9.3379e+06  11 
10.6739  4.614e+06  2.04934e+07  1.8456e+07  33 
13.0154  5.67457e+06  2.48487e+07  2.26983e+07  50 
22.2127  9.94296e+06  4.19556e+07  3.97718e+07  66 
10.9251  4.71258e+06  2.09606e+07  1.88503e+07  34 
11.9356  5.10765e+06  2.28402e+07  2.04306e+07  44 
11.5104  5.01282e+06  2.20493e+07  2.00513e+07  41 
38.136  1.73797e+07  7.15729e+07  6.95188e+07  81 
10.5411  4.51676e+06  2.02465e+07  1.8067e+07  32 
21.9281  9.81142e+06  4.14263e+07  3.92457e+07  62 
4.02111  1.4981e+06  8.11927e+06  5.99239e+06  5 
9.38322  4.00012e+06  1.80928e+07  1.60005e+07  27 
4.43105  1.68314e+06  8.88175e+06  6.73255e+06  6 
9.09126  3.80562e+06  1.75497e+07  1.52225e+07  26 
11.6052  5.07988e+06  2.22256e+07  2.03195e+07  43 
32.835  1.4933e+07  6.17131e+07  5.97319e+07  80 
11.1142  4.84869e+06  2.13124e+07  1.93948e+07  36 
11.739  5.07619e+06  2.24746e+07  2.03048e+07  43 
8.68737  3.67811e+06  1.67985e+07  1.47124e+07  23 
11.4777  4.95679e+06  2.19886e+07  1.98271e+07  40 
10.3117  4.41132e+06  1.98197e+07  1.76453e+07  31 
8.15271  3.43447e+06  1.5804e+07  1.37379e+07  20 
6.96803  2.79738e+06  1.36005e+07  1.11895e+07  15 
11.3227  4.88266e+06  2.17003e+07  1.95307e+07  39 
24.7588  1.11122e+07  4.66915e+07  4.44489e+07  72 
24.4814  1.10599e+07  4.61754e+07  4.42398e+07  71 
5.25287  1.994e+06  1.04103e+07  7.97602e+06  10 
15.0856  6.62704e+06  2.86991e+07  2.65082e+07  56 
22.1078  9.89101e+06  4.17605e+07  3.9564e+07  65 
22.0213  9.88203e+06  4.15996e+07  3.95281e+07  64 
12.1407  5.29373e+06  2.32216e+07  2.11749e+07  46 
14.3537  6.33658e+06  2.73378e+07  2.53463e+07  55 
11.523  5.01791e+06  2.20728e+07  2.00717e+07  42 
8.57135  3.58426e+06  1.65827e+07  1.4337e+07  22 
6.8552  2.85351e+06  1.33907e+07  1.1414e+07  16 
7.62869  3.20268e+06  1.48294e+07  1.28107e+07  18 
11.2481  4.86022e+06  2.15615e+07  1.94409e+07  38 
22.4065  1.00474e+07  4.23162e+07  4.01895e+07  68 
43.689  1.9936e+07  8.19015e+07  7.97439e+07  6 
9.95587  4.24876e+06  1.91579e+07  1.6995e+07  29 
17.3958  7.71895e+06  3.29962e+07  3.08758e+07  58 
22.0868  9.90375e+06  4.17215e+07  3.9615e+07  65 
9.95093  4.23428e+06  1.91487e+07  1.69371e+07  28 
12.5911  5.47264e+06  2.40594e+07  2.18906e+07  49 
14.9875  6.66653e+06  2.85168e+07  2.66661e+07  56 
11.2248  4.85955e+06  2.1518e+07  1.94382e+07  37 
25.0451  1.12662e+07  4.72238e+07  4.5065e+07  73 
15.8345  7.00855e+06  3.00922e+07  2.80342e+07  57 
38.4046  1.75288e+07  7.20725e+07  7.01153e+07  82 
8.93887  3.78402e+06  1.72663e+07  1.51361e+07  25 
7.42356  3.06116e+06  1.44478e+07  1.22446e+07  17 
22.253  9.9889e+06  4.20306e+07  3.99556e+07  67 
8.18165  3.44643e+06  1.58579e+07  1.37857e+07  21 
4.88635  1.87451e+06  9.72861e+06  7.49805e+06  8 
12.4621  5.39363e+06  2.38195e+07  2.15745e+07  48 
24.4356  1.09446e+07  4.60901e+07  4.37785e+07  70 
21.3868  9.63244e+06  4.04195e+07  3.85298e+07  60 
25.4603  1.14663e+07  4.79962e+07  4.5865e+07  74 
13.8721  6.09349e+06  2.6442e+07  2.4374e+07  54 
10.1529  4.36263e+06  1.95243e+07  1.74505e+07  30 
25.5738  1.15237e+07  4.82072e+07  4.6095e+07  75 
19.1629  8.56909e+06  3.6283e+07  3.42764e+07  59 
8.69616  3.6942e+06  1.68149e+07  1.47768e+07  24 
8.66424  3.70851e+06  1.67555e+07  1.4834e+07  23 
42.6916  1.949e+07  8.00463e+07  7.796e+07  83 

0.226448  1658.75  1.06119e+06  6634.98  0 
0.890366  0.202276  2.29608e+06  0.809103  0 
0.439785  0.540313  1.458e+06  2.16125  0 
0.605075  0.255816  1.76544e+06  1.02327  0 
0.525849  0.38196  1.61808e+06  1.52784  0 
0.562108  0.332786  1.68552e+06  1.33114  0 
0.514624  0.471582  1.5972e+06  1.88633  0 
0.51643  0.468465  1.60056e+06  1.87386  0 
0.541462  0.501249  1.64712e+06  2.005  1 
0.588301  0.429435  1.73424e+06  1.71774  1 
0.775398  0.257852  2.08224e+06  1.03141  1 
0.610366  0.322169  1.77528e+06  1.28867  1 
0.694882  0.418114  1.93248e+06  1.67246  2 
0.794495  0.334012  2.11776e+06  1.33605  2 
1.245  165687  2.9557e+06  662746  3 
1.38899  241282  3.22353e+06  965130  4 
1.43401  282076  3.30726e+06  1.1283e+06  5 
1.784  446199  3.95824e+06  1.7848e+06  6 
2.02359  534270  4.40388e+06  2.13708e+06  7 
2.21664  631598  4.76295e+06  2.52639e+06  8 
2.22614  661875  4.78062e+06  2.6475e+06  9 
2.66223  806938  5.59175e+06  3.22775e+06  10 
2.68492  893209  5.63395e+06  3.57284e+06  11 
2.82039  977683  5.88593e+06  3.91073e+06  12 
3.0117  1.03622e+06  6.24176e+06  4.14488e+06  13 
3.18175  1.08751e+06  6.55805e+06  4.35005e+06  14 
3.34383  1.19006e+06  6.85952e+06  4.76024e+06  15 
3.45991  1.24968e+06  7.07544e+06  4.99872e+06  16 
3.77578  1.41894e+06  7.66294e+06  5.67575e+06  18 
3.9398  1.46935e+06  7.96803e+06  5.87739e+06  20 
4.18705  1.50662e+06  8.42792e+06  6.02648e+06  22 
4.13918  1.54034e+06  8.33888e+06  6.16136e+06  22 
4.56196  1.72937e+06  9.12524e+06  6.91748e+06  25 
4.85124  1.86905e+06  9.6633e+06  7.47618e+06  28 
4.98818  1.89828e+06  9.91801e+06  7.59313e+06  29 
5.22135  2.02477e+06  1.03517e+07  8.09907e+06  30 
5.34214  2.12336e+06  1.05764e+07  8.49342e+06  31 
5.53548  2.2318e+06  1.0936e+07  8.92719e+06  32 
5.84413  2.32558e+06  1.15101e+07  9.30232e+06  33 
6.51684  2.66977e+06  1.27613e+07  1.06791e+07  35 
6.77673  2.78564e+06  1.32447e+07  1.11426e+07  36 
7.14622  2.95247e+06  1.3932e+07  1.18099e+07  38 
7.22628  2.95862e+06  1.40809e+07  1.18345e+07  39 
8.25192  3.43626e+06  1.59886e+07  1.3745e+07  41 
8.80322  3.72034e+06  1.7014e+07  1.48814e+07  44 
9.40503  3.98404e+06  1.81334e+07  1.59362e+07  46 
9.60348  4.03966e+06  1.85025e+07  1.61586e+07  48 
9.76418  4.2318e+06  1.88014e+07  1.69272e+07  49 
10.2517  4.4025e+06  1.97081e+07  1.761e+07  51 
10.9428  4.74842e+06  2.09936e+07  1.89937e+07  53 
11.0398  4.74488e+06  2.11741e+07  1.89795e+07  53 
11.2629  4.86849e+06  2.15891e+07  1.9474e+07  54 
11.493  4.93911e+06  2.2017e+07  1.97564e+07  56 
12.4394  5.48375e+06  2.37772e+07  2.1935e+07  58 
12.6193  5.50148e+06  2.41119e+07  2.20059e+07  59 
17.0085  7.54043e+06  3.22759e+07  3.01617e+07  61 
21.5105  9.65861e+06  4.06495e+07  3.86345e+07  64 
21.6324  9.66959e+06  4.08763e+07  3.86784e+07  66 
21.6833  9.7488e+06  4.09709e+07  3.89952e+07  67 
21.7962  9.75024e+06  4.11809e+07  3.9001e+07  68 
24.4547  1.10721e+07  4.61258e+07  4.42884e+07  72 
24.7036  1.11098e+07  4.65887e+07  4.44393e+07  67 
24.8615  1.11743e+07  4.68823e+07  4.46974e+07  73 
25.4675  1.1456e+07  4.80096e+07  4.58242e+07  71 
26.2686  1.19221e+07  4.94996e+07  4.76883e+07  69 
35.7991  1.63035e+07  6.72263e+07  6.52139e+07  73 
8.77466  3.71522e+06  1.69609e+07  1.48609e+07  43 
8.42557  3.55271e+06  1.63116e+07  1.42108e+07  42 
6.8908  2.80814e+06  1.34569e+07  1.12326e+07  37 
9.18048  3.89451e+06  1.77157e+07  1.5578e+07  45 
4.84651  1.84201e+06  9.65452e+06  7.36804e+06  27 
5.5534  2.17473e+06  1.09693e+07  8.69892e+06  32 
10.9136  4.72326e+06  2.09393e+07  1.88931e+07  52 
4.50664  1.71163e+06  9.02235e+06  6.84652e+06  24 
23.5677  1.05674e+07  4.44759e+07  4.22695e+07  71 
0.736688  0.363354  2.01024e+06  1.45342  2 
21.3429  9.56371e+06  4.03378e+07  3.82548e+07  63 
4.13321  1.58304e+06  8.32778e+06  6.33218e+06  22 
9.83532  4.27964e+06  1.89337e+07  1.71186e+07  50 
6.43485  2.65487e+06  1.26088e+07  1.06195e+07  34 
6.52272  2.63891e+06  1.27723e+07  1.05556e+07  34 
4.03998  1.48863e+06  8.15437e+06  5.95453e+06  21 
25.8212  1.16451e+07  4.86675e+07  4.65802e+07  68 
32.2453  1.46376e+07  6.06162e+07  5.85505e+07  70 
4.36857  1.62619e+06  8.76554e+06  6.50475e+06  23 
9.42693  4.00682e+06  1.81741e+07  1.60273e+07  47 
3.71995  1.35296e+06  7.55911e+06  5.41183e+06  17 
12.3011  5.35877e+06  2.352e+07  2.14351e+07  57 
11.3995  4.92849e+06  2.1843e+07  1.9714e+07  55 
13.1606  5.78812e+06  2.51188e+07  2.31525e+07  60 
22.5017  1.0125e+07  4.24931e+07  4.05002e+07  70 
3.90916  1.45666e+06  7.91103e+06  5.82663e+06  19 
4.63868  1.79469e+06  9.26795e+06  7.17875e+06  26 
4.88638  1.90518e+06  9.72866e+06  7.62074e+06  29 
8.11545  3.38613e+06  1.57347e+07  1.35445e+07  40 
9.58319  4.06376e+06  1.84647e+07  1.62551e+07  48 
9.94534  4.27116e+06  1.91383e+07  1.70846e+07  50 
24.4877  1.09895e+07  4.61871e+07  4.39582e+07  72 
18.0121  8.00119e+06  3.41424e+07  3.20048e+07  62 
21.9267  9.75885e+06  4.14236e+07  3.90354e+07  69 

0.216301  0.439392  1.04232e+06  1.75757  0 
0.905978  0.202262  2.32512e+06  0.80905  0 
0.677849  0.230743  1.9008e+06  0.922973  0 
0.487656  0.264996  1.54704e+06  1.05998  0 
0.398366  0.350362  1.38096e+06  1.40145  0 
0.437978  0.303492  1.45464e+06  1.21397  0 
0.460946  0.288809  1.49736e+06  1.15523  0 
0.635011  0.254768  1.82112e+06  1.01907  0 
0.415398  0.34352  1.41264e+06  1.37408  0 
0.554108  0.260777  1.67064e+06  1.04311  0 
0.354753  0.561066  1.29984e+06  2.24427  1 
0.405204  0.468364  1.39368e+06  1.87346  1 
0.496559  0.303876  1.5636e+06  1.2155  1 
0.564301  0.29507  1.6896e+06  1.18028  1 
0.472043  0.312099  1.518e+06  1.2484  1 
0.584688  0.274935  1.72752e+06  1.09974  1 
0.417075  0.354694  1.41576e+06  1.41877  1 
0.75114  0.2538  2.03712e+06  1.0152  1 
0.673204  0.266026  1.89216e+06  1.06411  1 
0.465462  0.394207  1.50576e+06  1.57683  2 
0.516559  0.352438  1.6008e+06  1.40975  2 
0.497204  0.3837  1.5648e+06  1.5348  2 
0.594753  0.295683  1.74624e+06  1.18273  2 
0.567527  0.311002  1.6956e+06  1.24401  2 
0.567398  0.344377  1.69536e+06  1.37751  2 
0.695914  0.266202  1.9344e+06  1.06481  2 
0.629462  0.285891  1.8108e+06  1.14356  2 
0.651914  0.281658  1.85256e+06  1.12663  2 
0.439011  0.462002  1.45656e+06  1.84801  2 
0.419011  0.576287  1.41936e+06  2.30515  2 
0.451011  0.432654  1.47888e+06  1.73062  2 
0.518753  0.359295  1.60488e+06  1.43718  3 
0.688172  0.319984  1.92e+06  1.27994  3 
0.598366  0.339173  1.75296e+06  1.35669  3 
0.718882  0.293214  1.97712e+06  1.17286  3 
0.481591  0.417221  1.53576e+06  1.66888  3 
0.635269  0.328021  1.8216e+06  1.31209  3 
0.452946  0.538392  1.48248e+06  2.15357  3 
0.526753  0.378542  1.61976e+06  1.51417  4 
0.542108  0.37309  1.64832e+06  1.49236  4 
0.703914  0.327267  1.94928e+06  1.30907  4 
0.565075  0.371945  1.69104e+06  1.48778  4 
0.525075  0.379187  1.61664e+06  1.51675  4 
0.484172  0.43569  1.54056e+06  1.74276  4 
0.90443  0.304588  2.32224e+06  1.21835  4 
0.601333  0.362571  1.75848e+06  1.45028  4 
0.763914  0.339523  2.06088e+06  1.35809  5 
0.531656  0.402099  1.62888e+06  1.6084  5 
0.692946  0.374416  1.92888e+06  1.49766  5 
0.621462  0.381044  1.79592e+06  1.52417  5 
0.494237  0.535447  1.55928e+06  2.14179  5 
0.614108  0.404974  1.78224e+06  1.61989  6 
0.571785  0.412769  1.70352e+06  1.65108  6 
0.624946  0.381624  1.8024e+06  1.5265  6 
0.556172  0.51499  1.67448e+06  2.05996  6 
0.605591  0.419627  1.7664e+06  1.67851  7 
0.680817  0.38921  1.90632e+06  1.55684  7 
0.658495  0.394112  1.8648e+06  1.57645  7 
0.618753  0.436051  1.79088e+06  1.7442  8 
0.832817  0.391061  2.18904e+06  1.56424  8 
0.654624  0.442995  1.8576e+06  1.77198  9 
0.702495  0.510095  1.94664e+06  2.04038  10 
0.697704  6412.71  1.93773e+06  25650.8  10 
0.926516  63790.2  2.36332e+06  255161  11 
1.02813  138163  2.55233e+06  552652  12 
1.06421  103640  2.61944e+06  414559  12 
1.05189  106010  2.59652e+06  424039  12 
1.06602  122358  2.62279e+06  489431  13 
1.06261  169793  2.61645e+06  679170  13 
1.1298  211776  2.74142e+06  847103  14 
1.30584  217735  3.06886e+06  870942  15 
1.39719  269693  3.23877e+06  1.07877e+06  16 
1.4515  287446  3.33978e+06  1.14978e+06  17 
1.50829  333955  3.44542e+06  1.33582e+06  18 
1.56693  331401  3.55448e+06  1.3256e+06  18 
1.60269  345629  3.621e+06  1.38252e+06  19 
1.60402  368032  3.62349e+06  1.47213e+06  20 
1.71722  409805  3.83402e+06  1.63922e+06  21 
1.74776  424007  3.89083e+06  1.69603e+06  22 
1.81156  590654  4.0095e+06  2.36262e+06  23 
1.96801  571787  4.30051e+06  2.28715e+06  23 
2.09326  567565  4.53346e+06  2.27026e+06  23 
2.02818  599585  4.41242e+06  2.39834e+06  24 
2.07413  625029  4.49787e+06  2.50011e+06  25 
2.09027  600495  4.5279e+06  2.40198e+06  25 
2.76433  921012  5.78165e+06  3.68405e+06  26 
2.86788  982125  5.97426e+06  3.9285e+06  27 
2.94002  1.00427e+06  6.10844e+06  4.01708e+06  28 
3.17684  1.08895e+06  6.54893e+06  4.35581e+06  29 
3.50201  1.22857e+06  7.15373e+06  4.9143e+06  30 
3.3715  1.29455e+06  6.91099e+06  5.17819e+06  30 
3.46752  1.25352e+06  7.08958e+06  5.01406e+06  30 
3.51711  1.27909e+06  7.18182e+06  5.11638e+06  31 
3.72891  1.37728e+06  7.57578e+06  5.50914e+06  32 
3.70506  1.4427e+06  7.53142e+06  5.77078e+06  32 
3.75237  1.53771e+06  7.61941e+06  6.15085e+06  33 
4.23781  1.64428e+06  8.52233e+06  6.57714e+06  34 
4.54406  1.84345e+06  9.09194e+06  7.37379e+06  35 
4.66256  1.88307e+06  9.31236e+06  7.53228e+06  36 
5.24671  2.14654e+06  1.03989e+07  8.58616e+06  37 

0.216301  0.439392  1.04232e+06  1.75757  0 
0.855398  0.201448  2.23104e+06  0.805791  0 
0.635785  0.2209  1.82256e+06  0.883602  0 
0.424301  0.249367  1.4292e+06  0.997468  0 
0.316043  0.314244  1.22784e+06  1.25698  0 
0.391527  0.266407  1.36824e+06  1.06563  0 
0.281333  0.40962  1.16328e+06  1.63848  0 
0.293978  0.391916  1.1868e+06  1.56766  0 
0.604946  0.232482  1.7652e+06  0.92993  0 
0.36443  0.298639  1.31784e+06  1.19456  0 
0.33243  0.298966  1.25832e+06  1.19586  0 
0.541978  0.240197  1.64808e+06  0.960789  0 
0.525978  0.245287  1.61832e+06  0.981147  0 
0.833591  0.218218  2.19048e+06  0.872874  0 
0.389591  0.29681  1.36464e+06  1.18724  0 
0.304172  0.455567  1.20576e+06  1.82227  1 
0.343269  0.357146  1.27848e+06  1.42858  1 
0.343785  0.301476  1.27944e+06  1.2059  1 
0.583269  0.242732  1.72488e+06  0.970926  1 
0.496301  0.254752  1.56312e+06  1.01901  1 
0.327011  0.411516  1.24824e+06  1.64606  1 
0.431269  0.274744  1.44216e+06  1.09898  1 
0.706882  0.234844  1.9548e+06  0.939378  1 
0.448817  0.271797  1.4748e+06  1.08719  1 
0.585978  0.241116  1.72992e+06  0.964462  1 
0.412172  0.295487  1.40664e+06  1.18195  1 
0.723785  0.234803  1.98624e+06  0.939213  1 
0.642366  0.240327  1.8348e+06  0.961309  1 
0.338108  0.399433  1.26888e+06  1.59773  1 
0.552817  0.250099  1.66824e+06  1.0004  1 
0.327269  0.403872  1.24872e+06  1.61549  1 
0.521333  0.250253  1.60968e+06  1.00101  1 
0.338237  0.374662  1.26912e+06  1.49865  1 
0.562108  0.248221  1.68552e+06  0.992883  1 
0.433075  0.291912  1.44552e+06  1.16765  2 
0.461462  0.284084  1.49832e+06  1.13634  3 
0.575914  0.258603  1.7112e+06  1.03441  2 
0.307011  0.543793  1.21104e+06  2.17517  1 
0.363914  0.351573  1.31688e+06  1.40629  2 
0.593204  0.251912  1.74336e+06  1.00765  1 
0.401462  0.309096  1.38672e+06  1.23638  2 
0.490882  0.281018  1.55304e+06  1.12407  3 
0.518366  0.261567  1.60416e+06  1.04627  2 
0.370237  0.329357  1.32864e+06  1.31743  1 
0.438237  0.28841  1.45512e+06  1.15364  2 
0.500301  0.261782  1.57056e+06  1.04713  2 
0.385075  0.32204  1.35624e+06  1.28816  2 
0.350624  0.365547  1.29216e+06  1.46219  2 
0.355914  0.351699  1.302e+06  1.4068  2 
0.384559  0.327513  1.35528e+06  1.31005  2 
0.678366  0.240988  1.90176e+06  0.963951  2 
0.789462  0.237575  2.1084e+06  0.950302  2 
0.519914  0.279803  1.60704e+06  1.11921  3 
0.590366  0.260284  1.73808e+06  1.04114  3 
0.570108  0.262273  1.7004e+06  1.04909  3 
0.568559  0.267346  1.69752e+06  1.06938  3 
0.566753  0.267401  1.69416e+06  1.0696  3 
0.406366  0.344742  1.39584e+06  1.37897  3 
0.412043  0.339622  1.4064e+06  1.35849  3 
0.625849  0.255531  1.80408e+06  1.02212  3 
0.728301  0.248275  1.99464e+06  0.993099  4 
0.557462  0.267833  1.67688e+06  1.07133  3 
0.382753  0.364477  1.35192e+06  1.45791  3 
0.453462  0.288814  1.48344e+06  1.15525  3 
0.399656  0.354986  1.38336e+06  1.41994  4 
0.352817  0.368985  1.29624e+06  1.47594  3 
0.424172  0.327365  1.42896e+06  1.30946  3 
0.546882  0.269051  1.6572e+06  1.07621  4 
0.500688  0.287404  1.57128e+06  1.14962  3 
0.443914  0.311422  1.46568e+06  1.24569  3 
0.356688  0.365193  1.30344e+06  1.46077  2 
0.362366  0.3707  1.314e+06  1.4828  4 
0.553849  0.273343  1.67016e+06  1.09337  3 
0.527656  0.291767  1.62144e+06  1.16707  4 
0.425462  0.327647  1.43136e+06  1.31059  4 
0.459269  0.293798  1.49424e+06  1.17519  4 
0.676301  0.261962  1.89792e+06  1.04785  4 
0.35514  0.409258  1.30056e+06  1.63703  4 
0.653849  0.263212  1.85616e+06  1.05285  5 
0.444817  0.324596  1.46736e+06  1.29839  4 
0.51643  0.292494  1.60056e+06  1.16997  4 
0.683656  0.25792  1.9116e+06  1.03168  3 
0.570753  0.272366  1.7016e+06  1.08947  4 
0.439914  0.338389  1.45824e+06  1.35356  5 
0.389462  0.377412  1.3644e+06  1.50965  5 
0.46714  0.295718  1.50888e+06  1.18287  5 
0.584559  0.276023  1.72728e+06  1.10409  5 
0.508301  0.294763  1.58544e+06  1.17905  5 
0.542366  0.294132  1.6488e+06  1.17653  5 
0.559398  0.276725  1.68048e+06  1.1069  4 
0.374753  0.398902  1.33704e+06  1.59561  5 
0.382753  0.386324  1.35192e+06  1.5453  5 
0.578753  0.282076  1.71648e+06  1.1283  5 
0.476688  0.345116  1.52664e+06  1.38046  6 
0.453591  0.367558  1.48368e+06  1.47023  5 
0.462237  0.346229  1.49976e+06  1.38492  6 
0.491527  0.342853  1.55424e+06  1.37141  6 
0.565333  0.289506  1.69152e+06  1.15802  5 
0.533204  0.297109  1.63176e+06  1.18843  0 
0.505462  0.316124  1.58016e+06  1.2645  6 

0.216301  0.439392  1.04232e+06  1.75757  0 
0.863527  0.200789  2.24616e+06  0.803158  0 
0.614624  0.2155  1.7832e+06  0.862  0 
0.40314  0.242278  1.38984e+06  0.969112  0 
0.280559  0.30837  1.16184e+06  1.23348  0 
0.22714  0.390151  1.06248e+06  1.5606  0 
0.342366  0.260531  1.2768e+06  1.04212  0 
0.305075  0.273675  1.20744e+06  1.0947  0 
0.257075  0.362535  1.11816e+06  1.45014  0 
0.569849  0.222689  1.69992e+06  0.890757  0 
0.55114  0.226194  1.66512e+06  0.904778  0 
0.529075  0.22748  1.62408e+06  0.909921  0 
0.499656  0.227917  1.56936e+06  0.911669  0 
0.380172  0.246708  1.34712e+06  0.986831  0 
0.475011  0.23079  1.52352e+06  0.923158  0 
0.801333  0.207503  2.13048e+06  0.83001  0 
0.450624  0.234283  1.47816e+06  0.93713  0 
0.273075  0.348726  1.14792e+06  1.39491  0 
0.33643  0.268638  1.26576e+06  1.07455  0 
0.253462  0.375478  1.11144e+06  1.50191  0 
0.442237  0.239508  1.46256e+06  0.958033  0 
0.375398  0.258571  1.33824e+06  1.03428  0 
0.556688  0.224384  1.67544e+06  0.897535  0 
0.330882  0.272428  1.25544e+06  1.08971  0 
0.54572  0.22679  1.65504e+06  0.90716  0 
0.408172  0.25119  1.3992e+06  1.00476  1 
0.491785  0.231832  1.55472e+06  0.927326  1 
0.52714  0.229905  1.62048e+06  0.919619  1 
0.536043  0.228052  1.63704e+06  0.912207  1 
0.37914  0.260166  1.3452e+06  1.04066  1 
0.666882  0.220683  1.8804e+06  0.882732  1 
0.339011  0.270654  1.27056e+06  1.08262  1 
0.448043  0.244983  1.47336e+06  0.979931  1 
0.882366  0.215407  2.2812e+06  0.861626  1 
0.400559  0.251285  1.38504e+06  1.00514  1 
0.453978  0.236307  1.4844e+06  0.945227  1 
0.505591  0.231791  1.5804e+06  0.927166  1 
0.414495  0.247675  1.41096e+06  0.990698  1 
0.360946  0.267286  1.31136e+06  1.06914  1 
0.388172  0.252704  1.362e+06  1.01082  1 
0.807011  0.217879  2.14104e+06  0.871516  1 
0.508946  0.230829  1.58664e+06  0.923314  1 
0.316301  0.305209  1.22832e+06  1.22084  1 
0.271914  0.432009  1.14576e+06  1.72804  1 
0.532688  0.228117  1.6308e+06  0.912469  1 
0.301204  0.312477  1.20024e+06  1.24991  1 
0.292559  0.31404  1.18416e+06  1.25616  1 
0.28714  0.401598  1.17408e+06  1.60639  1 
0.806366  0.218494  2.13984e+06  0.873975  1 
0.597204  0.224629  1.7508e+06  0.898515  1 
0.597849  0.223675  1.752e+06  0.894701  1 
0.537204  0.233175  1.6392e+06  0.932699  2 
0.749462  0.221974  2.034e+06  0.887896  2 
0.432172  0.249914  1.44384e+06  0.999654  2 
0.330882  0.311022  1.25544e+06  1.24409  2 
0.454753  0.249597  1.48584e+06  0.998389  2 
0.562624  0.229914  1.68648e+06  0.919655  2 
0.416172  0.250634  1.41408e+06  1.00254  2 
0.37514  0.278189  1.33776e+06  1.11275  2 
0.673591  0.223261  1.89288e+06  0.893046  2 
0.535269  0.234647  1.6356e+06  0.938589  2 
0.382237  0.262804  1.35096e+06  1.05121  2 
0.292688  0.380393  1.1844e+06  1.52157  2 
0.284559  0.550546  1.16928e+06  2.20218  2 
0.330495  0.328018  1.25472e+06  1.31207  2 
0.684688  0.222483  1.91352e+06  0.889931  2 
0.525849  0.237007  1.61808e+06  0.948029  2 
0.404559  0.253381  1.39248e+06  1.01353  2 
0.357075  0.305884  1.30416e+06  1.22353  2 
0.330753  0.317064  1.2552e+06  1.26826  2 
0.38043  0.26282  1.3476e+06  1.05128  2 
0.571269  0.228779  1.70256e+06  0.915118  2 
0.583656  0.228193  1.7256e+06  0.912773  2 
0.459656  0.237538  1.49496e+06  0.950151  2 
0.32172  0.370846  1.2384e+06  1.48338  2 
0.89772  0.217202  2.30976e+06  0.868806  2 
0.62843  0.224904  1.80888e+06  0.899618  2 
0.394237  0.253788  1.37328e+06  1.01515  2 
0.560946  0.23064  1.68336e+06  0.922559  2 
0.495011  0.238645  1.56072e+06  0.954578  3 
0.64443  0.228667  1.83864e+06  0.914666  3 
0.383785  0.265461  1.35384e+06  1.06184  3 
0.467011  0.24037  1.50864e+06  0.961481  3 
0.348172  0.322006  1.2876e+06  1.28803  3 
0.421333  0.255355  1.42368e+06  1.02142  3 
0.297462  0.386421  1.19328e+06  1.54568  3 
0.46172  0.245967  1.4988e+06  0.983868  3 
0.39514  0.258512  1.37496e+06  1.03405  3 
0.580301  0.22988  1.71936e+06  0.919521  3 
0.676043  0.223486  1.89744e+06  0.893945  3 
0.324043  0.385869  1.24272e+06  1.54348  3 
0.375656  0.288576  1.33872e+06  1.1543  3 
0.727398  0.222503  1.99296e+06  0.890014  3 
0.331656  0.375978  1.25688e+06  1.50391  3 
0.381591  0.269142  1.34976e+06  1.07657  3 
0.347785  0.354786  1.28688e+06  1.41914  3 
0.707656  0.222542  1.95624e+06  0.890169  3 
0.525462  0.243801  1.61736e+06  0.975203  4 
0.451914  0.295356  1.48056e+06  1.18143  4 
0.37514  0.343985  1.33776e+06  1.37594  4 

0.197333  0.397009  1.00704e+06  1.58803  0 
0.823398  0.200115  2.17152e+06  0.800462  0 
0.638753  0.214364  1.82808e+06  0.857457  0 
0.433333  0.224329  1.446e+06  0.897315  0 
0.304172  0.25722  1.20576e+06  1.02888  0 
0.236172  0.320783  1.07928e+06  1.28313  0 
0.270495  0.288332  1.14312e+06  1.15333  0 
0.407914  0.232593  1.39872e+06  0.930373  0 
0.379914  0.238085  1.34664e+06  0.95234  0 
0.368172  0.245845  1.3248e+06  0.983382  0 
0.224946  0.385397  1.0584e+06  1.54159  0 
0.81243  0.202406  2.15112e+06  0.809623  0 
0.355527  0.24643  1.30128e+06  0.985718  0 
0.780817  0.203674  2.09232e+06  0.814695  0 
0.768559  0.204686  2.06952e+06  0.818746  0 
0.543269  0.215131  1.65048e+06  0.860522  0 
0.737978  0.205613  2.01264e+06  0.822452  0 
0.227914  0.372766  1.06392e+06  1.49106  0 
0.274753  0.280189  1.15104e+06  1.12076  0 
0.342366  0.250051  1.2768e+06  1.0002  0 
0.52843  0.218067  1.62288e+06  0.87227  0 
0.730237  0.208778  1.99824e+06  0.835111  0 
0.698882  0.208916  1.93992e+06  0.835666  0 
0.521075  0.219312  1.6092e+06  0.877249  0 
0.504301  0.21969  1.578e+06  0.87876  0 
0.299656  0.275447  1.19736e+06  1.10179  0 
0.373591  0.241852  1.33488e+06  0.967406  0 
0.338495  0.25223  1.2696e+06  1.00892  0 
0.492172  0.220589  1.55544e+06  0.882357  0 
0.425075  0.228965  1.43064e+06  0.915861  0 
0.40443  0.234968  1.39224e+06  0.939874  0 
0.692301  0.211923  1.92768e+06  0.847693  0 
0.485204  0.222232  1.54248e+06  0.888928  0 
0.647785  0.212406  1.84488e+06  0.849625  0 
0.48314  0.222587  1.53864e+06  0.890346  0 
0.369978  0.244128  1.32816e+06  0.976512  0 
0.402882  0.235257  1.38936e+06  0.941029  0 
0.400172  0.236748  1.38432e+06  0.946993  0 
0.471269  0.223254  1.51656e+06  0.893018  0 
0.353591  0.24931  1.29768e+06  0.997241  0 
0.337849  0.255452  1.2684e+06  1.02181  0 
0.636688  0.214717  1.82424e+06  0.858868  0 
0.39914  0.237692  1.3824e+06  0.950769  0 
0.379527  0.240419  1.34592e+06  0.961674  0 
0.466366  0.224355  1.50744e+06  0.897419  1 
0.376172  0.244799  1.33968e+06  0.979196  1 
0.240817  0.373307  1.08792e+06  1.49323  0 
0.706624  0.210533  1.95432e+06  0.84213  0 
0.399398  0.240473  1.38288e+06  0.961892  0 
0.645849  0.214806  1.84128e+06  0.859224  1 
0.256946  0.370262  1.11792e+06  1.48105  1 
0.64972  0.213023  1.84848e+06  0.852093  1 
0.731527  0.20926  2.00064e+06  0.837038  1 
0.807269  0.2044  2.14152e+06  0.817598  0 
0.471398  0.223709  1.5168e+06  0.894837  0 
0.597849  0.216624  1.752e+06  0.866496  1 
0.235785  0.396373  1.07856e+06  1.58549  1 
0.378237  0.243733  1.34352e+06  0.974934  1 
0.373333  0.249186  1.3344e+06  0.996745  1 
0.296043  0.286265  1.19064e+06  1.14506  0 
0.582237  0.216874  1.72296e+06  0.867498  1 
0.272043  0.36809  1.146e+06  1.47236  1 
0.642624  0.215244  1.83528e+06  0.860975  1 
0.513462  0.222459  1.59504e+06  0.889837  0 
0.819914  0.203325  2.16504e+06  0.8133  0 
0.621333  0.215399  1.79568e+06  0.861595  1 
0.392817  0.243556  1.37064e+06  0.974223  1 
0.74714  0.208434  2.02968e+06  0.833737  0 
0.41114  0.236652  1.40472e+06  0.946609  1 
0.793333  0.205893  2.1156e+06  0.823572  1 
0.314495  0.261307  1.22496e+06  1.04523  1 
0.276946  0.290839  1.15512e+06  1.16335  1 
0.72843  0.209337  1.99488e+06  0.837348  0 
0.566108  0.217444  1.69296e+06  0.869777  1 
0.536172  0.218672  1.63728e+06  0.874689  1 
0.454882  0.225804  1.48608e+06  0.903217  1 
0.491656  0.222492  1.55448e+06  0.889967  0 
0.750237  0.206182  2.03544e+06  0.824726  0 
0.685978  0.21255  1.91592e+06  0.850201  1 
0.332172  0.257661  1.25784e+06  1.03064  0 
0.440559  0.226398  1.45944e+06  0.90559  0 
0.304688  0.264907  1.20672e+06  1.05963  1 
0.603527  0.215954  1.76256e+06  0.863816  1 
0.276559  0.338477  1.1544e+06  1.35391  1 
0.564043  0.217917  1.68912e+06  0.871668  1 
0.345333  0.25013  1.28232e+06  1.00052  0 
0.700817  0.212389  1.94352e+06  0.849554  1 
0.424043  0.232777  1.42872e+06  0.931106  1 
0.530753  0.219841  1.6272e+06  0.879363  0 
0.300559  0.293413  1.19904e+06  1.17365  0 
0.363011  0.250605  1.3152e+06  1.00242  1 
0.781591  0.208983  2.09376e+06  0.835932  1 
0.685204  0.214238  1.91448e+06  0.856953  1 
0.34714  0.257816  1.28568e+06  1.03127  0 
0.267656  0.399993  1.13784e+06  1.59997  0 
0.808559  0.206732  2.14392e+06  0.826928  0 
0.574624  0.217556  1.7088e+06  0.870222  1 
0.544559  0.222099  1.65288e+06  0.888395  1 
0.391398  0.245479  1.368e+06  0.981917  1 
0.46172  0.227869  1.4988e+06  0.911475  0 

0.197333  0.397009  1.00704e+06  1.58803  0 
0.823398  0.200115  2.17152e+06  0.800462  0 
0.628172  0.209189  1.8084e+06  0.836756  0 
0.443011  0.220243  1.464e+06  0.880972  0 
0.295269  0.250524  1.1892e+06  1.0021  0 
0.205849  0.31362  1.02288e+06  1.25448  0 
0.248559  0.277902  1.10232e+06  1.11161  0 
0.411398  0.221876  1.4052e+06  0.887506  0 
0.385462  0.232239  1.35696e+06  0.928954  0 
0.357591  0.233537  1.30512e+06  0.934149  0 
0.278366  0.260563  1.15776e+06  1.04225  0 
0.234882  0.284716  1.07688e+06  1.13886  0 
0.335785  0.237563  1.26456e+06  0.950251  0 
0.224043  0.302923  1.05672e+06  1.21169  0 
0.268172  0.265326  1.1388e+06  1.0613  0 
0.61114  0.210262  1.77672e+06  0.84105  0 
0.595527  0.210646  1.74768e+06  0.842585  0 
0.557333  0.211765  1.67664e+06  0.847058  0 
0.539527  0.211858  1.64352e+06  0.84743  0 
0.328172  0.242391  1.2504e+06  0.969563  0 
0.799011  0.201584  2.12616e+06  0.806337  0 
0.404172  0.225038  1.39176e+06  0.900153  0 
0.524817  0.21307  1.61616e+06  0.852281  0 
0.317591  0.243415  1.23072e+06  0.973658  0 
0.78843  0.202707  2.10648e+06  0.810829  0 
0.26172  0.268218  1.1268e+06  1.07287  0 
0.768172  0.202794  2.0688e+06  0.811176  0 
0.396301  0.226621  1.37712e+06  0.906482  0 
0.763011  0.203812  2.0592e+06  0.81525  0 
0.757591  0.204278  2.04912e+06  0.817114  0 
0.73772  0.20438  2.01216e+06  0.817518  0 
0.201075  0.329751  1.014e+06  1.319  0 
0.505591  0.215511  1.5804e+06  0.862042  0 
0.725075  0.204625  1.98864e+06  0.8185  0 
0.219527  0.309388  1.04832e+06  1.23755  0 
0.494753  0.216112  1.56024e+06  0.86445  0 
0.707656  0.205441  1.95624e+06  0.821763  0 
0.488559  0.216504  1.54872e+06  0.866015  0 
0.691269  0.206178  1.92576e+06  0.824711  0 
0.32843  0.239393  1.25088e+06  0.957571  0 
0.353204  0.234652  1.29696e+06  0.938608  0 
0.288946  0.257823  1.17744e+06  1.03129  0 
0.478882  0.218109  1.53072e+06  0.872436  0 
0.682366  0.207149  1.9092e+06  0.828594  0 
0.393849  0.230269  1.37256e+06  0.921075  0 
0.259785  0.27265  1.1232e+06  1.0906  0 
0.653849  0.207425  1.85616e+06  0.8297  0 
0.477462  0.218594  1.52808e+06  0.874376  0 
0.436559  0.22065  1.452e+06  0.882601  0 
0.435011  0.221018  1.44912e+06  0.884071  0 
0.46714  0.21966  1.50888e+06  0.878639  0 
0.464946  0.219663  1.5048e+06  0.878651  0 
0.722237  0.204914  1.98336e+06  0.819657  0 
0.620301  0.209765  1.79376e+06  0.839061  0 
0.393462  0.230997  1.37184e+06  0.923986  0 
0.383914  0.233163  1.35408e+06  0.932652  0 
0.403914  0.226341  1.39128e+06  0.905365  0 
0.317333  0.245984  1.23024e+06  0.983936  0 
0.248301  0.281628  1.10184e+06  1.12651  0 
0.461849  0.22021  1.49904e+06  0.88084  0 
0.328043  0.24341  1.25016e+06  0.973639  0 
0.767527  0.203811  2.0676e+06  0.815243  0 
0.293849  0.260745  1.18656e+06  1.04298  0 
0.268559  0.266366  1.13952e+06  1.06546  0 
0.389333  0.233922  1.36416e+06  0.935688  0 
0.543527  0.213925  1.65096e+06  0.8557  0 
0.336172  0.240477  1.26528e+06  0.961907  0 
0.333462  0.241659  1.26024e+06  0.966635  0 
0.322366  0.244257  1.2396e+06  0.977027  0 
0.538366  0.21429  1.64136e+06  0.857161  0 
0.395527  0.231582  1.37568e+06  0.926329  0 
0.402882  0.23066  1.38936e+06  0.922639  0 
0.293591  0.262448  1.18608e+06  1.04979  0 
0.26043  0.279789  1.1244e+06  1.11916  0 
0.438624  0.225564  1.45584e+06  0.902258  0 
0.396043  0.231384  1.37664e+06  0.925538  0 
0.440817  0.225143  1.45992e+06  0.900571  0 
0.301333  0.259147  1.20048e+06  1.03659  0 
0.496559  0.217351  1.5636e+06  0.869405  0 
0.370753  0.237462  1.3296e+06  0.949846  0 
0.229849  0.304739  1.06752e+06  1.21896  0 
0.444688  0.220697  1.46712e+06  0.88279  0 
0.788817  0.204957  2.1072e+06  0.819827  0 
0.403914  0.227288  1.39128e+06  0.909153  0 
0.814753  0.201726  2.15544e+06  0.806902  0 
0.280946  0.265425  1.16256e+06  1.0617  0 
0.397204  0.230791  1.3788e+06  0.923165  0 
0.394624  0.232931  1.374e+06  0.931725  0 
0.657075  0.209046  1.86216e+06  0.836184  0 
0.362237  0.238803  1.31376e+06  0.955212  0 
0.247269  0.292822  1.09992e+06  1.17129  0 
0.575011  0.213166  1.70952e+06  0.852663  0 
0.52172  0.216705  1.6104e+06  0.86682  0 
0.381978  0.236046  1.35048e+06  0.944185  0 
0.727398  0.207326  1.99296e+06  0.829303  0 
0.510495  0.217194  1.58952e+06  0.868777  0 
0.759398  0.205106  2.05248e+06  0.820426  0 
0.338237  0.238931  1.26912e+06  0.955723  0 
0.557075  0.213352  1.67616e+06  0.853407  0 
0.427527  0.228004  1.4352e+06  0.912016  0 

0.179914  0.405899  974640  1.6236  0 
0.783785  0.199609  2.09784e+06  0.798435  0 
0.569978  0.206671  1.70016e+06  0.826683  0 
0.383656  0.223286  1.3536e+06  0.893143  0 
0.248172  0.272788  1.1016e+06  1.09115  0 
0.184172  0.348093  982560  1.39237  0 
0.204817  0.295179  1.02096e+06  1.18072  0 
0.341333  0.233186  1.27488e+06  0.932744  0 
0.29914  0.237061  1.1964e+06  0.948245  0 
0.27643  0.250248  1.15416e+06  1.00099  0 
0.228172  0.276734  1.0644e+06  1.10693  0 
0.55372  0.208035  1.66992e+06  0.832141  0 
0.519527  0.208756  1.60632e+06  0.835022  0 
0.506753  0.210876  1.58256e+06  0.843506  0 
0.495398  0.212005  1.56144e+06  0.84802  0 
0.194108  0.330708  1.00104e+06  1.32283  0 
0.48043  0.213349  1.5336e+06  0.853395  0 
0.368172  0.223291  1.3248e+06  0.893166  0 
0.26714  0.259455  1.13688e+06  1.03782  0 
0.468946  0.214497  1.51224e+06  0.857988  0 
0.196301  0.320702  1.00512e+06  1.28281  0 
0.288946  0.242427  1.17744e+06  0.96971  0 
0.218624  0.287706  1.04664e+06  1.15082  0 
0.461204  0.21596  1.49784e+06  0.86384  0 
0.443527  0.216331  1.46496e+06  0.865325  0 
0.269591  0.250657  1.14144e+06  1.00263  0 
0.26043  0.26504  1.1244e+06  1.06016  0 
0.421591  0.217737  1.42416e+06  0.870948  0 
0.776946  0.202007  2.08512e+06  0.808029  0 
0.360817  0.228684  1.31112e+06  0.914736  0 
0.770624  0.202292  2.07336e+06  0.809168  0 
0.410237  0.219157  1.40304e+06  0.87663  0 
0.759269  0.202558  2.05224e+06  0.810233  0 
0.752688  0.202659  2.04e+06  0.810637  0 
0.746366  0.202899  2.02824e+06  0.811596  0 
0.334753  0.233357  1.26264e+06  0.933426  0 
0.255656  0.2691  1.11552e+06  1.0764  0 
0.24443  0.273066  1.09464e+06  1.09227  0 
0.357204  0.229504  1.3044e+06  0.918017  0 
0.739785  0.203211  2.016e+06  0.812846  0 
0.329978  0.233754  1.25376e+06  0.935016  0 
0.700559  0.203594  1.94304e+06  0.814375  0 
0.322882  0.234068  1.24056e+06  0.936272  0 
0.694882  0.203684  1.93248e+06  0.814738  0 
0.252688  0.269401  1.11e+06  1.07761  0 
0.350882  0.230267  1.29264e+06  0.921069  0 
0.404043  0.220395  1.39152e+06  0.881581  0 
0.318366  0.234213  1.23216e+06  0.936854  0 
0.684559  0.204212  1.91328e+06  0.816849  0 
0.295656  0.240129  1.18992e+06  0.960515  0 
0.284817  0.248325  1.16976e+06  0.9933  0 
0.364817  0.226784  1.31856e+06  0.907138  0 
0.677204  0.204792  1.8996e+06  0.819168  0 
0.654108  0.204875  1.85664e+06  0.819501  0 
0.28314  0.248447  1.16664e+06  0.99379  0 
0.268043  0.255469  1.13856e+06  1.02188  0 
0.241591  0.275221  1.08936e+06  1.10088  0 
0.233849  0.27532  1.07496e+06  1.10128  0 
0.226237  0.286409  1.0608e+06  1.14564  0 
0.402753  0.220593  1.38912e+06  0.882371  0 
0.277462  0.249004  1.15608e+06  0.996014  0 
0.400043  0.222191  1.38408e+06  0.888764  0 
0.221978  0.286736  1.05288e+06  1.14695  0 
0.492301  0.212425  1.55568e+06  0.8497  0 
0.21772  0.29083  1.04496e+06  1.16332  0 
0.211656  0.294278  1.03368e+06  1.17711  0 
0.227398  0.278606  1.06296e+06  1.11442  0 
0.307398  0.23629  1.21176e+06  0.945162  0 
0.568946  0.20728  1.69824e+06  0.829119  0 
0.393591  0.222574  1.37208e+06  0.890294  0 
0.288301  0.244894  1.17624e+06  0.979575  0 
0.34972  0.232594  1.29048e+06  0.930377  0 
0.418237  0.218574  1.41792e+06  0.874296  0 
0.468043  0.215473  1.51056e+06  0.86189  0 
0.540688  0.20835  1.64568e+06  0.833402  0 
0.20443  0.314937  1.02024e+06  1.25975  0 
0.693849  0.203826  1.93056e+06  0.815304  0 
0.479398  0.21412  1.53168e+06  0.85648  0 
0.568301  0.207682  1.69704e+06  0.830726  0 
0.56043  0.207708  1.6824e+06  0.830832  0 
0.598237  0.206349  1.75272e+06  0.825395  0 
0.770108  0.202309  2.0724e+06  0.809234  0 
0.773333  0.202065  2.0784e+06  0.808262  0 
0.328172  0.233848  1.2504e+06  0.935393  0 
0.332559  0.233538  1.25856e+06  0.934152  0 
0.460301  0.216117  1.49616e+06  0.864466  0 
0.259785  0.268892  1.1232e+06  1.07557  0 
0.347656  0.232986  1.28664e+06  0.931943  0 
0.317849  0.23611  1.2312e+06  0.944439  0 
0.274237  0.250477  1.15008e+06  1.00191  0 
0.46172  0.215781  1.4988e+06  0.863124  0 
0.199011  0.320546  1.01016e+06  1.28218  0 
0.39114  0.223167  1.36752e+06  0.892667  0 
0.34043  0.23327  1.2732e+06  0.933081  0 
0.749075  0.202889  2.03328e+06  0.811556  0 
0.569978  0.206671  1.70016e+06  0.826683  0 
0.770108  0.202309  2.0724e+06  0.809234  0 
0.277462  0.249004  1.15608e+06  0.996014  0 
0.192172  0.413875  997440  1.6555  0 
0.253591  0.318871  1.11168e+06  1.27548  0 

0.168043  0.4027  952560  1.6108  0 
0.783785  0.199609  2.09784e+06  0.798435  0 
0.585849  0.205094  1.72968e+06  0.820376  0 
0.40043  0.217379  1.3848e+06  0.869516  0 
0.25914  0.248755  1.122e+06  0.995021  0 
0.182495  0.327852  979440  1.31141  0 
0.215656  0.287379  1.04112e+06  1.14952  0 
0.374753  0.219054  1.33704e+06  0.876217  0 
0.190366  0.304107  994080  1.21643  0 
0.354624  0.228919  1.2996e+06  0.915676  0 
0.236043  0.267678  1.07904e+06  1.07071  0 
0.334366  0.230214  1.26192e+06  0.920857  0 
0.317462  0.232858  1.23048e+06  0.931431  0 
0.303656  0.235066  1.2048e+06  0.940264  0 
0.168946  0.358377  954240  1.43351  0 
0.566624  0.205436  1.69392e+06  0.821746  0 
0.292301  0.23709  1.18368e+06  0.948359  0 
0.201591  0.292951  1.01496e+06  1.17181  0 
0.542882  0.206452  1.64976e+06  0.825809  0 
0.221204  0.277082  1.05144e+06  1.10833  0 
0.282495  0.237885  1.16544e+06  0.951541  0 
0.526882  0.208003  1.62e+06  0.832012  0 
0.507914  0.208925  1.58472e+06  0.8357  0 
0.49772  0.209263  1.56576e+06  0.837052  0 
0.274624  0.241008  1.1508e+06  0.964033  0 
0.228559  0.269791  1.06512e+06  1.07917  0 
0.491011  0.209686  1.55328e+06  0.838745  0 
0.480688  0.210951  1.53408e+06  0.843805  0 
0.176817  0.349453  968880  1.39781  0 
0.368172  0.223291  1.3248e+06  0.893166  0 
0.266753  0.243135  1.13616e+06  0.97254  0 
0.208817  0.287581  1.0284e+06  1.15032  0 
0.468043  0.212011  1.51056e+06  0.848043  0 
0.248172  0.262365  1.1016e+06  1.04946  0 
0.360559  0.223799  1.31064e+06  0.895197  0 
0.762882  0.200662  2.05896e+06  0.802649  0 
0.355785  0.22455  1.30176e+06  0.8982  0 
0.186366  0.320232  986640  1.28093  0 
0.752817  0.201218  2.04024e+06  0.804871  0 
0.186753  0.306701  987360  1.2268  0 
0.452946  0.214039  1.48248e+06  0.856157  0 
0.723656  0.201877  1.986e+06  0.807507  0 
0.44972  0.214166  1.47648e+06  0.856664  0 
0.438495  0.214282  1.4556e+06  0.857129  0 
0.199011  0.295932  1.01016e+06  1.18373  0 
0.432559  0.214914  1.44456e+06  0.859656  0 
0.703269  0.202924  1.94808e+06  0.811696  0 
0.69514  0.20296  1.93296e+06  0.81184  0 
0.32714  0.23082  1.24848e+06  0.923278  0 
0.276043  0.239039  1.15344e+06  0.956158  0 
0.195398  0.30234  1.00344e+06  1.20936  0 
0.245204  0.265923  1.09608e+06  1.06369  0 
0.672688  0.203366  1.8912e+06  0.813464  0 
0.421204  0.215697  1.42344e+06  0.862787  0 
0.322366  0.231249  1.2396e+06  0.924996  0 
0.396946  0.217524  1.37832e+06  0.870094  0 
0.233204  0.268303  1.07376e+06  1.07321  0 
0.41914  0.216107  1.4196e+06  0.864428  0 
0.606882  0.203829  1.7688e+06  0.815317  0 
0.346753  0.228974  1.28496e+06  0.915898  0 
0.340559  0.229035  1.27344e+06  0.916141  0 
0.395785  0.217756  1.37616e+06  0.871025  0 
0.220043  0.277643  1.04928e+06  1.11057  0 
0.316172  0.233909  1.22808e+06  0.935635  0 
0.416043  0.216342  1.41384e+06  0.865369  0 
0.205333  0.291934  1.02192e+06  1.16773  0 
0.414495  0.21639  1.41096e+06  0.865561  0 
0.537204  0.207017  1.6392e+06  0.828069  0 
0.389075  0.218107  1.36368e+06  0.872429  0 
0.297978  0.236187  1.19424e+06  0.944746  0 
0.316559  0.233033  1.2288e+06  0.932133  0 
0.319914  0.232035  1.23504e+06  0.928141  0 
0.518624  0.208103  1.60464e+06  0.832412  0 
0.270882  0.24233  1.14384e+06  0.969319  0 
0.312043  0.234292  1.2204e+06  0.937166  0 
0.385591  0.218349  1.3572e+06  0.873394  0 
0.309849  0.234404  1.21632e+06  0.937617  0 
0.410882  0.216723  1.40424e+06  0.866892  0 
0.467398  0.21206  1.50936e+06  0.848239  0 
0.241849  0.267039  1.08984e+06  1.06816  0 
0.407269  0.216774  1.39752e+06  0.867096  0 
0.333849  0.230258  1.26096e+06  0.921033  0 
0.383527  0.218593  1.35336e+06  0.874372  0 
0.197591  0.301918  1.00752e+06  1.20767  0 
0.402108  0.21698  1.38792e+06  0.867919  0 
0.467011  0.213473  1.50864e+06  0.85389  0 
0.204817  0.292582  1.02096e+06  1.17033  0 
0.228172  0.276734  1.0644e+06  1.10693  0 
0.309333  0.234721  1.21536e+06  0.938883  0 
0.220172  0.277355  1.04952e+06  1.10942  0 
0.325591  0.230963  1.2456e+06  0.923854  0 
0.464946  0.213768  1.5048e+06  0.855071  0 
0.379914  0.218802  1.34664e+06  0.875209  0 
0.286624  0.237653  1.17312e+06  0.950611  0 
0.379398  0.218823  1.34568e+06  0.875291  0 
0.332817  0.230649  1.25904e+06  0.922595  0 
0.376301  0.218891  1.33992e+06  0.875564  0 
0.274495  0.241417  1.15056e+06  0.965669  0 
0.379398  0.218823  1.34568e+06  0.875291  0 
0.168946  0.358377  954240  1.43351  0 

0.153591  0.476072  925680  1.90429  0 
0.777591  0.199533  2.08632e+06  0.798132  0 
0.488172  0.20859  1.548e+06  0.834358  0 
0.25914  0.248755  1.122e+06  0.995021  0 
0.157849  0.3678  933600  1.4712  0 
0.192559  0.302531  998160  1.21012  0 
0.448946  0.211787  1.47504e+06  0.847147  0 
0.408172  0.21418  1.3992e+06  0.85672  0 
0.227785  0.265294  1.06368e+06  1.06118  0 
0.372688  0.217923  1.3332e+06  0.871691  0 
0.343398  0.222033  1.27872e+06  0.888133  0 
0.171656  0.344929  959280  1.37972  0 
0.206882  0.281487  1.0248e+06  1.12595  0 
0.319011  0.22825  1.23336e+06  0.913001  0 
0.29772  0.232898  1.19376e+06  0.931591  0 
0.280172  0.235802  1.16112e+06  0.943207  0 
0.180559  0.331049  975840  1.3242  0 
0.247398  0.252914  1.10016e+06  1.01165  0 
0.181849  0.312996  978240  1.25198  0 
0.270108  0.239108  1.1424e+06  0.956431  0 
0.194882  0.292981  1.00248e+06  1.17192  0 
0.238624  0.256703  1.08384e+06  1.02681  0 
0.749075  0.200374  2.03328e+06  0.801495  0 
0.161333  0.359927  940080  1.43971  0 
0.733591  0.201049  2.00448e+06  0.804197  0 
0.72172  0.201089  1.9824e+06  0.804357  0 
0.709075  0.201247  1.95888e+06  0.804987  0 
0.695398  0.20127  1.93344e+06  0.805081  0 
0.263011  0.239984  1.1292e+06  0.959937  0 
0.200688  0.286582  1.01328e+06  1.14633  0 
0.186495  0.303611  986880  1.21444  0 
0.635269  0.203033  1.8216e+06  0.812131  0 
0.231656  0.259772  1.07088e+06  1.03909  0 
0.222108  0.276283  1.05312e+06  1.10513  0 
0.175398  0.337172  966240  1.34869  0 
0.617204  0.203447  1.788e+06  0.813789  0 
0.216172  0.276519  1.04208e+06  1.10608  0 
0.609462  0.203688  1.7736e+06  0.814752  0 
0.599785  0.203909  1.7556e+06  0.815636  0 
0.338882  0.222255  1.27032e+06  0.88902  0 
0.58572  0.204093  1.72944e+06  0.816371  0 
0.182237  0.307367  978960  1.22947  0 
0.575269  0.20449  1.71e+06  0.817958  0 
0.569462  0.204543  1.6992e+06  0.818173  0 
0.565075  0.204719  1.69104e+06  0.818877  0 
0.404301  0.2143  1.392e+06  0.8572  0 
0.552172  0.205176  1.66704e+06  0.820703  0 
0.547527  0.205231  1.6584e+06  0.820923  0 
0.542882  0.205434  1.64976e+06  0.821736  0 
0.367269  0.218995  1.32312e+06  0.875979  0 
0.363785  0.219103  1.31664e+06  0.87641  0 
0.235914  0.256886  1.0788e+06  1.02755  0 
0.359914  0.21934  1.30944e+06  0.877359  0 
0.531011  0.205986  1.62768e+06  0.823946  0 
0.275527  0.236615  1.15248e+06  0.94646  0 
0.483527  0.209403  1.53936e+06  0.837611  0 
0.356043  0.219746  1.30224e+06  0.878982  0 
0.351398  0.219748  1.2936e+06  0.878994  0 
0.315011  0.230668  1.22592e+06  0.922673  0 
0.223785  0.274161  1.05624e+06  1.09664  0 
0.477849  0.209691  1.5288e+06  0.838765  0 
0.44443  0.212108  1.46664e+06  0.848433  0 
0.440817  0.212114  1.45992e+06  0.848455  0 
0.233462  0.257801  1.07424e+06  1.03121  0 
0.526366  0.206741  1.61904e+06  0.826965  0 
0.402108  0.21609  1.38792e+06  0.864362  0 
0.306366  0.231164  1.20984e+06  0.924656  0 
0.271656  0.237468  1.14528e+06  0.949872  0 
0.33243  0.226623  1.25832e+06  0.906493  0 
0.395527  0.216312  1.37568e+06  0.865247  0 
0.523269  0.207002  1.61328e+06  0.828007  0 
0.168946  0.358377  954240  1.43351  0 
0.214624  0.278274  1.0392e+06  1.1131  0 
0.328946  0.226741  1.25184e+06  0.906962  0 
0.325849  0.226742  1.24608e+06  0.906967  0 
0.347785  0.220525  1.28688e+06  0.882099  0 
0.294108  0.23433  1.18704e+06  0.937321  0 
0.515398  0.207124  1.59864e+06  0.828495  0 
0.243269  0.255254  1.09248e+06  1.02101  0 
0.511656  0.207185  1.59168e+06  0.82874  0 
0.240559  0.255345  1.08744e+06  1.02138  0 
0.476559  0.210519  1.5264e+06  0.842075  0 
0.391527  0.21676  1.36824e+06  0.867041  0 
0.226624  0.272857  1.06152e+06  1.09143  0 
0.215011  0.276546  1.03992e+06  1.10618  0 
0.29114  0.234691  1.18152e+06  0.938765  0 
0.180817  0.325954  976320  1.30382  0 
0.436817  0.213198  1.45248e+06  0.852791  0 
0.290237  0.234881  1.17984e+06  0.939523  0 
0.318108  0.229766  1.23168e+06  0.919066  0 
0.434108  0.213288  1.44744e+06  0.853152  0 
0.387914  0.21708  1.36152e+06  0.86832  0 
0.212946  0.280673  1.03608e+06  1.12269  0 
0.210882  0.280685  1.03224e+06  1.12274  0 
0.691011  0.20229  1.92528e+06  0.80916  0 
0.414624  0.213525  1.4112e+06  0.854098  0 
0.258495  0.248999  1.1208e+06  0.995998  0 
0.200043  0.292391  1.01208e+06  1.16957  0 
0.305849  0.23128  1.20888e+06  0.92512  0 
0.403785  0.214708  1.39104e+06  0.858833  0 

0.153591  0.476072  925680  1.90429  0 
0.777591  0.199533  2.08632e+06  0.798132  0 
0.488172  0.20859  1.548e+06  0.834358  0 
0.25914  0.248755  1.122e+06  0.995021  0 
0.157849  0.3678  933600  1.4712  0 
0.192559  0.302531  998160  1.21012  0 
0.448946  0.211787  1.47504e+06  0.847147  0 
0.408172  0.21418  1.3992e+06  0.85672  0 
0.227785  0.265294  1.06368e+06  1.06118  0 
0.372688  0.217923  1.3332e+06  0.871691  0 
0.343398  0.222033  1.27872e+06  0.888133  0 
0.171656  0.344929  959280  1.37972  0 
0.206882  0.281487  1.0248e+06  1.12595  0 
0.319011  0.22825  1.23336e+06  0.913001  0 
0.29772  0.232898  1.19376e+06  0.931591  0 
0.280172  0.235802  1.16112e+06  0.943207  0 
0.180559  0.331049  975840  1.3242  0 
0.247398  0.252914  1.10016e+06  1.01165  0 
0.181849  0.312996  978240  1.25198  0 
0.270108  0.239108  1.1424e+06  0.956431  0 
0.194882  0.292981  1.00248e+06  1.17192  0 
0.238624  0.256703  1.08384e+06  1.02681  0 
0.749075  0.200374  2.03328e+06  0.801495  0 
0.161333  0.359927  940080  1.43971  0 
0.700817  0.200803  1.94352e+06  0.803212  0 
0.263011  0.239984  1.1292e+06  0.959937  0 
0.691011  0.20229  1.92528e+06  0.80916  0 
0.200688  0.286582  1.01328e+06  1.14633  0 
0.186495  0.303611  986880  1.21444  0 
0.635269  0.203033  1.8216e+06  0.812131  0 
0.231656  0.259772  1.07088e+06  1.03909  0 
0.222108  0.276283  1.05312e+06  1.10513  0 
0.175398  0.337172  966240  1.34869  0 
0.617204  0.203447  1.788e+06  0.813789  0 
0.216172  0.276519  1.04208e+06  1.10608  0 
0.609462  0.203688  1.7736e+06  0.814752  0 
0.599785  0.203909  1.7556e+06  0.815636  0 
0.338882  0.222255  1.27032e+06  0.88902  0 
0.58572  0.204093  1.72944e+06  0.816371  0 
0.182237  0.307367  978960  1.22947  0 
0.575269  0.20449  1.71e+06  0.817958  0 
0.569462  0.204543  1.6992e+06  0.818173  0 
0.565075  0.204719  1.69104e+06  0.818877  0 
0.404301  0.2143  1.392e+06  0.8572  0 
0.552172  0.205176  1.66704e+06  0.820703  0 
0.547527  0.205231  1.6584e+06  0.820923  0 
0.542882  0.205434  1.64976e+06  0.821736  0 
0.367269  0.218995  1.32312e+06  0.875979  0 
0.363785  0.219103  1.31664e+06  0.87641  0 
0.235914  0.256886  1.0788e+06  1.02755  0 
0.359914  0.21934  1.30944e+06  0.877359  0 
0.531011  0.205986  1.62768e+06  0.823946  0 
0.275527  0.236615  1.15248e+06  0.94646  0 
0.483527  0.209403  1.53936e+06  0.837611  0 
0.356043  0.219746  1.30224e+06  0.878982  0 
0.351398  0.219748  1.2936e+06  0.878994  0 
0.315011  0.230668  1.22592e+06  0.922673  0 
0.223785  0.274161  1.05624e+06  1.09664  0 
0.477849  0.209691  1.5288e+06  0.838765  0 
0.44443  0.212108  1.46664e+06  0.848433  0 
0.440817  0.212114  1.45992e+06  0.848455  0 
0.233462  0.257801  1.07424e+06  1.03121  0 
0.526366  0.206741  1.61904e+06  0.826965  0 
0.402108  0.21609  1.38792e+06  0.864362  0 
0.306366  0.231164  1.20984e+06  0.924656  0 
0.271656  0.237468  1.14528e+06  0.949872  0 
0.33243  0.226623  1.25832e+06  0.906493  0 
0.395527  0.216312  1.37568e+06  0.865247  0 
0.523269  0.207002  1.61328e+06  0.828007  0 
0.168946  0.358377  954240  1.43351  0 
0.214624  0.278274  1.0392e+06  1.1131  0 
0.328946  0.226741  1.25184e+06  0.906962  0 
0.325849  0.226742  1.24608e+06  0.906967  0 
0.347785  0.220525  1.28688e+06  0.882099  0 
0.294108  0.23433  1.18704e+06  0.937321  0 
0.515398  0.207124  1.59864e+06  0.828495  0 
0.243269  0.255254  1.09248e+06  1.02101  0 
0.511656  0.207185  1.59168e+06  0.82874  0 
0.240559  0.255345  1.08744e+06  1.02138  0 
0.476559  0.210519  1.5264e+06  0.842075  0 
0.391527  0.21676  1.36824e+06  0.867041  0 
0.226624  0.272857  1.06152e+06  1.09143  0 
0.215011  0.276546  1.03992e+06  1.10618  0 
0.29114  0.234691  1.18152e+06  0.938765  0 
0.180817  0.325954  976320  1.30382  0 
0.695398  0.20127  1.93344e+06  0.805081  0 
0.436817  0.213198  1.45248e+06  0.852791  0 
0.290237  0.234881  1.17984e+06  0.939523  0 
0.318108  0.229766  1.23168e+06  0.919066  0 
0.434108  0.213288  1.44744e+06  0.853152  0 
0.387914  0.21708  1.36152e+06  0.86832  0 
0.212946  0.280673  1.03608e+06  1.12269  0 
0.210882  0.280685  1.03224e+06  1.12274  0 
0.414624  0.213525  1.4112e+06  0.854098  0 
0.258495  0.248999  1.1208e+06  0.995998  0 
0.200043  0.292391  1.01208e+06  1.16957  0 
0.403785  0.214708  1.39104e+06  0.858833  0 
0.305849  0.23128  1.20888e+06  0.92512  0 
0.275269  0.258412  1.152e+06  1.03365  0 
0.312817  0.249192  1.22184e+06  0.99677  0 

