23.1411  1.04135e+07  4.36824e+07  4.1654e+07  0 
26.8649  1.21703e+07  5.06087e+07  4.8681e+07  0 
22.9556  1.03306e+07  4.33375e+07  4.13224e+07  0 
17.2134  7.67188e+06  3.2657e+07  3.06875e+07  0 
32.1213  1.46613e+07  6.03856e+07  5.86454e+07  0 
24.8604  1.12816e+07  4.68804e+07  4.51264e+07  0 
4.14526e+07  1.92754e+13  7.71017e+13  7.71017e+13  0 
1.29095e+07  6.00294e+12  2.40118e+13  2.40118e+13  0 
18.919  8.49232e+06  3.58293e+07  3.39693e+07  0 
29.5258  1.33796e+07  5.5558e+07  5.35185e+07  0 
27.3931  1.24044e+07  5.15912e+07  4.96176e+07  0 
25.7948  1.16301e+07  4.86184e+07  4.65205e+07  0 
49.7874  2.2808e+07  9.32445e+07  9.12321e+07  0 
46.3876  2.12461e+07  8.69209e+07  8.49843e+07  0 
16.247  7.18656e+06  3.08594e+07  2.87462e+07  0 
18.5998  8.28451e+06  3.52357e+07  3.31381e+07  0 
28.4366  1.29265e+07  5.3532e+07  5.17059e+07  0 
29.4227  1.33446e+07  5.53661e+07  5.33782e+07  0 
2.77213e+07  1.28904e+13  5.15616e+13  5.15616e+13  0 
19.2629  8.61925e+06  3.6469e+07  3.4477e+07  0 
23.3293  1.05081e+07  4.40325e+07  4.20325e+07  0 
35.1904  1.59707e+07  6.60941e+07  6.38827e+07  0 
19.1913  8.60202e+06  3.63358e+07  3.44081e+07  0 
42.3756  1.93943e+07  7.94586e+07  7.7577e+07  0 
47.8358  2.19478e+07  8.96147e+07  8.77912e+07  0 
36.6754  1.67334e+07  6.88563e+07  6.69334e+07  0 
4.08897e+07  1.90137e+13  7.60548e+13  7.60548e+13  0 
31.0479  1.41008e+07  5.83892e+07  5.64034e+07  0 
9.06533e+07  4.21538e+13  1.68615e+14  1.68615e+14  0 
7.95509e+07  3.69912e+13  1.47965e+14  1.47965e+14  0 
40.9092  1.87094e+07  7.67312e+07  7.48376e+07  0 
36.2331  1.65397e+07  6.80335e+07  6.61589e+07  0 
18.5525  8.24055e+06  3.51477e+07  3.29622e+07  0 
27.3832  1.23998e+07  5.15728e+07  4.95993e+07  0 
21.1972  9.56772e+06  4.00668e+07  3.82709e+07  0 
23.0105  1.03539e+07  4.34395e+07  4.14156e+07  0 
27.789  1.26294e+07  5.23275e+07  5.05176e+07  0 
35.7151  1.62515e+07  6.707e+07  6.5006e+07  0 
44.4738  2.0358e+07  8.33613e+07  8.14319e+07  0 
5.11087e+07  2.37655e+13  9.50622e+13  9.50621e+13  0 
1.50255e+07  6.98684e+12  2.79474e+13  2.79474e+13  0 
26.8575  1.21875e+07  5.0595e+07  4.87498e+07  0 
3.43622e+08  1.59784e+14  6.39138e+14  6.39138e+14  0 
1.79068e+07  8.32665e+12  3.33066e+13  3.33066e+13  0 
31.6425  1.43916e+07  5.94951e+07  5.75665e+07  0 
24.0223  1.08641e+07  4.53214e+07  4.34564e+07  0 
3.2233e+07  1.49883e+13  5.99533e+13  5.99533e+13  0 
31.3948  1.42631e+07  5.90344e+07  5.70524e+07  0 
30.2135  1.37248e+07  5.68372e+07  5.48992e+07  0 
22.9672  1.03633e+07  4.3359e+07  4.14534e+07  0 
42.6679  1.94846e+07  8.00023e+07  7.79384e+07  0 
26.6545  1.21005e+07  5.02174e+07  4.84018e+07  0 
1.38988e+07  6.46295e+12  2.58518e+13  2.58518e+13  0 
25.1498  1.13441e+07  4.74186e+07  4.53762e+07  0 
1.41893e+07  6.59804e+12  2.63921e+13  2.63921e+13  0 
25.1635  1.13932e+07  4.74441e+07  4.55728e+07  0 
7.39489e+06  3.43863e+12  1.37545e+13  1.37545e+13  0 
1.2483e+07  5.80458e+12  2.32183e+13  2.32183e+13  0 
3.59278e+07  1.67064e+13  6.68257e+13  6.68257e+13  0 
2.42422e+07  1.12726e+13  4.50905e+13  4.50905e+13  0 
25.271  1.14e+07  4.76441e+07  4.56001e+07  0 
25.6652  1.15738e+07  4.83774e+07  4.62954e+07  0 
31.8844  1.45019e+07  5.9945e+07  5.80077e+07  0 
37.5917  1.71243e+07  7.05607e+07  6.84971e+07  0 
109.556  5.05886e+07  2.04415e+08  2.02354e+08  0 
3.43547e+07  1.59749e+13  6.38998e+13  6.38998e+13  0 
23.5293  1.06156e+07  4.44045e+07  4.24624e+07  0 
25.1251  1.13211e+07  4.73727e+07  4.52845e+07  0 
23.3331  1.05119e+07  4.40395e+07  4.20477e+07  0 
1.30791e+07  6.08176e+12  2.43271e+13  2.4327e+13  0 
15.9302  7.0587e+06  3.02702e+07  2.82348e+07  0 
2.4784e+08  1.15246e+14  4.60983e+14  4.60983e+14  0 
23.0688  1.04087e+07  4.35479e+07  4.16347e+07  0 
30.8106  1.40038e+07  5.79478e+07  5.60151e+07  0 
6.77978e+07  3.1526e+13  1.26104e+14  1.26104e+14  0 
44.8058  2.05342e+07  8.39787e+07  8.21367e+07  0 
26.3545  1.19244e+07  4.96594e+07  4.76976e+07  0 
40.6879  1.85893e+07  7.63195e+07  7.43571e+07  0 
3.75381e+07  1.74552e+13  6.98208e+13  6.98208e+13  0 
26.8895  1.21713e+07  5.06545e+07  4.86853e+07  0 
8.12711e+07  3.77911e+13  1.51164e+14  1.51164e+14  0 
1.21783e+08  5.66293e+13  2.26517e+14  2.26517e+14  0 
38.4765  1.75502e+07  7.22063e+07  7.02007e+07  0 
13.4035  5.92067e+06  2.55705e+07  2.36827e+07  0 
28.8553  1.30444e+07  5.43108e+07  5.21774e+07  0 
7.59022e+07  3.52945e+13  1.41178e+14  1.41178e+14  0 
26.2229  1.18379e+07  4.94146e+07  4.73518e+07  0 
1.93616e+09  9.00315e+14  3.60126e+15  3.60126e+15  0 
1.27537e+08  5.93045e+13  2.37218e+14  2.37218e+14  0 
28.2472  1.27741e+07  5.31798e+07  5.10964e+07  0 
25.9264  1.17636e+07  4.88632e+07  4.70545e+07  0 
21.5052  9.62116e+06  4.06396e+07  3.84846e+07  0 
35.5375  1.61289e+07  6.67398e+07  6.45155e+07  0 
28.28  1.28057e+07  5.32408e+07  5.12229e+07  0 
21.9387  9.86883e+06  4.1446e+07  3.94753e+07  0 
30.5754  1.39112e+07  5.75103e+07  5.56448e+07  0 
27.8766  1.26634e+07  5.24904e+07  5.06535e+07  0 
43.2733  1.97636e+07  8.11283e+07  7.90542e+07  0 
5.5817e+06  2.59549e+12  1.0382e+13  1.0382e+13  0 
8.63714e+07  4.01627e+13  1.60651e+14  1.60651e+14  0 

0.227269  0.510457  1.06272e+06  2.04183  0 
0.75914  0.244129  2.052e+06  0.976518  0 
0.633075  0.370723  1.81752e+06  1.48289  0 
0.638237  0.550291  1.82712e+06  2.20116  1 
1.1088  155874  2.70237e+06  623495  2 
1.45898  288948  3.35371e+06  1.15579e+06  3 
3.06471  1.08247e+06  6.34035e+06  4.32988e+06  4 
3.54963  1.24004e+06  7.24231e+06  4.96015e+06  6 
4.06616  1.53302e+06  8.20305e+06  6.13209e+06  8 
4.75192  1.8084e+06  9.47857e+06  7.23361e+06  11 
4.77091  1.84285e+06  9.51389e+06  7.37141e+06  12 
6.29618  2.56585e+06  1.23509e+07  1.02634e+07  18 
7.32573  3.01254e+06  1.42659e+07  1.20502e+07  21 
9.18616  3.92853e+06  1.77263e+07  1.57141e+07  26 
10.6945  4.60355e+06  2.05317e+07  1.84142e+07  35 
10.7371  4.60447e+06  2.0611e+07  1.84179e+07  36 
12.3051  5.36761e+06  2.35275e+07  2.14705e+07  47 
19.5506  8.72874e+06  3.70042e+07  3.4915e+07  57 
21.6742  9.73053e+06  4.0954e+07  3.89221e+07  59 
25.3441  1.13984e+07  4.77801e+07  4.55937e+07  72 
26.304  1.18835e+07  4.95654e+07  4.7534e+07  77 
26.5445  1.19302e+07  5.00128e+07  4.77208e+07  80 
10.8346  4.67965e+06  2.07924e+07  1.87186e+07  37 
39.1642  1.78468e+07  7.34855e+07  7.13871e+07  85 
25.3498  1.14876e+07  4.77907e+07  4.59503e+07  73 
24.7329  1.11545e+07  4.66433e+07  4.46181e+07  70 
17.1437  7.59752e+06  3.25273e+07  3.03901e+07  55 
4.60949  1.77409e+06  9.21366e+06  7.09638e+06  10 
12.1599  5.27899e+06  2.32575e+07  2.1116e+07  46 
12.6343  5.56655e+06  2.41399e+07  2.22662e+07  49 
9.46195  4.00991e+06  1.82392e+07  1.60396e+07  28 
12.8808  5.6283e+06  2.45983e+07  2.25132e+07  50 
19.469  8.68315e+06  3.68523e+07  3.47326e+07  56 
8.14675  3.36918e+06  1.5793e+07  1.34767e+07  24 
14.6662  6.46084e+06  2.79191e+07  2.58434e+07  53 
6.02129  2.46628e+06  1.18396e+07  9.86512e+06  17 
9.2597  3.91982e+06  1.7863e+07  1.56793e+07  27 
11.414  4.95315e+06  2.18701e+07  1.98126e+07  42 
21.7804  9.7845e+06  4.11516e+07  3.9138e+07  60 
5.3236  2.0908e+06  1.05419e+07  8.36319e+06  15 
14.5667  6.44079e+06  2.7734e+07  2.57632e+07  52 
24.4693  1.10194e+07  4.6153e+07  4.40774e+07  69 
21.6373  9.73607e+06  4.08854e+07  3.89443e+07  59 
10.5624  4.5004e+06  2.02861e+07  1.80016e+07  33 
23.7042  1.06796e+07  4.47298e+07  4.27184e+07  66 
11.5779  4.993e+06  2.2175e+07  1.9972e+07  43 
22.5363  1.01319e+07  4.25575e+07  4.05278e+07  64 
3.66613  1.31035e+06  7.459e+06  5.2414e+06  7 
9.99375  4.32745e+06  1.92284e+07  1.73098e+07  29 
8.47109  3.55264e+06  1.63962e+07  1.42105e+07  25 
7.98466  3.34655e+06  1.54915e+07  1.33862e+07  23 
24.3706  1.09432e+07  4.59694e+07  4.37729e+07  68 
25.5675  1.15268e+07  4.81955e+07  4.61073e+07  74 
10.9028  4.66244e+06  2.09192e+07  1.86498e+07  37 
27.1406  1.22614e+07  5.11215e+07  4.90458e+07  82 
39.7702  1.80689e+07  7.46125e+07  7.22754e+07  86 
10.6222  4.57385e+06  2.03973e+07  1.82954e+07  34 
10.4488  4.47732e+06  2.00748e+07  1.79093e+07  32 
22.7637  1.0236e+07  4.29805e+07  4.09439e+07  65 
5.04528  1.93695e+06  1.00242e+07  7.74782e+06  13 
23.8541  1.07452e+07  4.50087e+07  4.29807e+07  67 
6.98095  2.92092e+06  1.36246e+07  1.16837e+07  20 
28.8372  1.3029e+07  5.42771e+07  5.2116e+07  83 
7.41548  3.06034e+06  1.44328e+07  1.22413e+07  22 
22.1535  9.94389e+06  4.18456e+07  3.97756e+07  62 
3.21376  1.1231e+06  6.61759e+06  4.49239e+06  5 
4.34833  1.64479e+06  8.7279e+06  6.57918e+06  9 
10.2156  4.37934e+06  1.96411e+07  1.75173e+07  31 
26.6844  1.20263e+07  5.02729e+07  4.81053e+07  81 
11.1235  4.80507e+06  2.13296e+07  1.92203e+07  40 
11.7679  5.11783e+06  2.25284e+07  2.04713e+07  45 
13.1849  5.75012e+06  2.51638e+07  2.30005e+07  51 
5.89718  2.34671e+06  1.16088e+07  9.38684e+06  16 
27.1871  1.22061e+07  5.1208e+07  4.88245e+07  82 
24.7791  1.11705e+07  4.67291e+07  4.46821e+07  71 
12.7191  5.52495e+06  2.42975e+07  2.20998e+07  49 
11.3303  4.86813e+06  2.17143e+07  1.94725e+07  41 
8.04248  3.39221e+06  1.5599e+07  1.35689e+07  24 
56.8075  2.60754e+07  1.06302e+08  1.04302e+08  87 
26.3866  1.18843e+07  4.97191e+07  4.75371e+07  79 
6.40469  2.60088e+06  1.25527e+07  1.04035e+07  19 
22.5336  1.00428e+07  4.25525e+07  4.01712e+07  63 
24.4293  1.10255e+07  4.60785e+07  4.41019e+07  69 
20.644  9.23933e+06  3.90379e+07  3.69573e+07  58 
10.9891  4.76675e+06  2.10797e+07  1.9067e+07  39 
5.22801  2.08163e+06  1.03641e+07  8.32651e+06  14 
12.6627  5.5421e+06  2.41926e+07  2.21684e+07  49 
22.7033  1.02475e+07  4.28681e+07  4.09898e+07  65 
10.9726  4.66257e+06  2.10491e+07  1.86503e+07  38 
10.1386  4.35714e+06  1.94978e+07  1.74286e+07  30 
9.23654  3.91163e+06  1.782e+07  1.56465e+07  26 
15.9828  7.06052e+06  3.0368e+07  2.82421e+07  54 
21.8189  9.76193e+06  4.12231e+07  3.90477e+07  60 
25.7136  1.16032e+07  4.84673e+07  4.64129e+07  76 
12.5576  5.43618e+06  2.39971e+07  2.17447e+07  48 
21.8348  9.79132e+06  4.12528e+07  3.91653e+07  61 
25.642  1.15599e+07  4.8334e+07  4.62398e+07  75 
29.5678  1.3361e+07  5.56362e+07  5.3444e+07  84 
9.96867  4.33193e+06  1.91817e+07  1.73277e+07  29 
11.6349  5.08387e+06  2.22809e+07  2.03355e+07  44 

0.207785  0.576666  1.02648e+06  2.30666  0 
0.776172  0.24067  2.08368e+06  0.962681  0 
0.518237  0.331157  1.60392e+06  1.32463  0 
0.47514  0.398926  1.52376e+06  1.5957  0 
0.616688  0.322144  1.78704e+06  1.28858  0 
0.634108  0.345212  1.81944e+06  1.38085  1 
0.640559  0.338618  1.83144e+06  1.35447  1 
0.578366  0.422113  1.71576e+06  1.68845  1 
0.659785  0.366262  1.8672e+06  1.46505  2 
0.832688  0.342723  2.1888e+06  1.37089  2 
0.679398  0.352544  1.90368e+06  1.41018  2 
0.683785  0.449373  1.91184e+06  1.79749  3 
0.737333  0.542028  2.01144e+06  2.16811  4 
0.821716  19078.4  2.16839e+06  76313.6  5 
1.85316  438460  4.08688e+06  1.75384e+06  7 
1.87631  524104  4.12994e+06  2.09642e+06  8 
1.97257  560407  4.30899e+06  2.24163e+06  9 
2.08416  535613  4.51653e+06  2.14245e+06  9 
2.31213  703723  4.94057e+06  2.81489e+06  10 
2.42564  751703  5.15169e+06  3.00681e+06  11 
2.48991  731368  5.27123e+06  2.92547e+06  11 
2.43969  751757  5.17783e+06  3.00703e+06  12 
2.4409  785077  5.18007e+06  3.14031e+06  13 
3.08142  1.07896e+06  6.37143e+06  4.31584e+06  15 
3.27744  1.13387e+06  6.73603e+06  4.53547e+06  17 
3.25624  1.16829e+06  6.69661e+06  4.67317e+06  17 
3.39145  1.1906e+06  6.94809e+06  4.76241e+06  18 
3.67002  1.3034e+06  7.46624e+06  5.2136e+06  19 
3.73413  1.40371e+06  7.58549e+06  5.61485e+06  20 
3.85013  1.35241e+06  7.80125e+06  5.40965e+06  20 
4.27583  1.61054e+06  8.59303e+06  6.44216e+06  23 
4.41227  1.66792e+06  8.84682e+06  6.6717e+06  24 
4.45496  1.71364e+06  8.92623e+06  6.85455e+06  25 
4.49548  1.7425e+06  9.00159e+06  6.96999e+06  26 
4.71419  1.84708e+06  9.4084e+06  7.38832e+06  27 
4.7523  1.91382e+06  9.47927e+06  7.65528e+06  28 
4.80086  1.85252e+06  9.56959e+06  7.41007e+06  28 
4.90705  1.904e+06  9.76711e+06  7.61599e+06  29 
5.13198  1.94751e+06  1.01855e+07  7.79005e+06  30 
5.02623  1.94946e+06  9.98879e+06  7.79783e+06  30 
5.00781  1.96225e+06  9.95453e+06  7.84901e+06  30 
5.20918  2.04449e+06  1.03291e+07  8.17796e+06  31 
5.22774  2.0734e+06  1.03636e+07  8.29359e+06  32 
5.67785  2.29872e+06  1.12008e+07  9.19488e+06  34 
5.9468  2.38724e+06  1.1701e+07  9.54896e+06  36 
7.03154  2.91894e+06  1.37187e+07  1.16758e+07  37 
7.49969  3.09961e+06  1.45894e+07  1.23985e+07  39 
7.97061  3.30857e+06  1.54653e+07  1.32343e+07  40 
8.42276  3.5733e+06  1.63063e+07  1.42932e+07  43 
8.49935  3.57664e+06  1.64488e+07  1.43066e+07  44 
9.44095  4.02048e+06  1.82002e+07  1.60819e+07  45 
9.48907  4.0596e+06  1.82897e+07  1.62384e+07  46 
9.94114  4.20993e+06  1.91305e+07  1.68397e+07  47 
10.0567  4.25551e+06  1.93455e+07  1.7022e+07  48 
10.5242  4.5332e+06  2.0215e+07  1.81328e+07  49 
11.4208  4.96504e+06  2.18826e+07  1.98601e+07  53 
11.8111  5.11427e+06  2.26087e+07  2.04571e+07  54 
11.8427  5.14448e+06  2.26674e+07  2.05779e+07  55 
11.8625  5.16739e+06  2.27043e+07  2.06696e+07  56 
12.3343  5.3905e+06  2.35819e+07  2.1562e+07  58 
12.7309  5.56801e+06  2.43195e+07  2.2272e+07  59 
13.5354  5.89895e+06  2.58158e+07  2.35958e+07  60 
21.5271  9.65163e+06  4.06804e+07  3.86065e+07  62 
21.7413  9.75058e+06  4.10788e+07  3.90023e+07  64 
22.3099  9.95704e+06  4.21365e+07  3.98282e+07  67 
22.3426  1.00634e+07  4.21972e+07  4.02535e+07  68 
22.8113  1.02151e+07  4.30691e+07  4.08604e+07  69 
24.024  1.07951e+07  4.53247e+07  4.31803e+07  70 
24.7549  1.11317e+07  4.66841e+07  4.45269e+07  70 
25.0507  1.12768e+07  4.72344e+07  4.51073e+07  71 
25.1832  1.12816e+07  4.74808e+07  4.51264e+07  72 
54.0034  2.47149e+07  1.01086e+08  9.88596e+07  75 
10.6489  4.61375e+06  2.0447e+07  1.8455e+07  50 
21.8594  9.7741e+06  4.12984e+07  3.90964e+07  65 
8.19922  3.42736e+06  1.58906e+07  1.37094e+07  41 
24.7277  1.11301e+07  4.66336e+07  4.45206e+07  69 
25.2502  1.14306e+07  4.76053e+07  4.57225e+07  73 
2.86461  986186  5.96818e+06  3.94474e+06  14 
7.21356  2.97935e+06  1.40572e+07  1.19174e+07  38 
3.211  1.0842e+06  6.61246e+06  4.33678e+06  16 
21.5363  9.72131e+06  4.06975e+07  3.88852e+07  63 
26.7084  1.2054e+07  5.03175e+07  4.82161e+07  74 
10.9205  4.71782e+06  2.09521e+07  1.88713e+07  51 
4.23075  1.5381e+06  8.50919e+06  6.15239e+06  22 
4.07203  1.57698e+06  8.21398e+06  6.3079e+06  22 
11.4344  4.94889e+06  2.1908e+07  1.97956e+07  53 
14.5417  6.37486e+06  2.76875e+07  2.54995e+07  61 
22.1306  9.97523e+06  4.18029e+07  3.99009e+07  67 
5.81335  2.32099e+06  1.14528e+07  9.28395e+06  35 
11.1971  4.9064e+06  2.14666e+07  1.96256e+07  52 
8.41329  3.6052e+06  1.62887e+07  1.44208e+07  43 
5.41281  2.1333e+06  1.07078e+07  8.5332e+06  33 
21.8242  9.79405e+06  4.1233e+07  3.91762e+07  65 
8.29939  3.51528e+06  1.60769e+07  1.40611e+07  42 
21.8488  9.81454e+06  4.12787e+07  3.92582e+07  66 
4.28195  1.59581e+06  8.60442e+06  6.38322e+06  23 
3.8655  1.4099e+06  7.82983e+06  5.63959e+06  21 
1.12153  118590  2.72604e+06  474360  6 
12.2979  5.35822e+06  2.35141e+07  2.14329e+07  57 
3.91608  1.58036e+06  7.92391e+06  6.32143e+06  22 

0.205849  0.575841  1.02288e+06  2.30337  0 
0.771656  0.220315  2.07528e+06  0.881259  0 
0.481849  0.291325  1.53624e+06  1.1653  0 
0.313075  0.370602  1.22232e+06  1.48241  0 
0.424559  0.304181  1.42968e+06  1.21672  0 
0.67914  0.240537  1.9032e+06  0.962148  0 
0.622108  0.248261  1.79712e+06  0.993043  0 
0.411656  0.342679  1.40568e+06  1.37071  0 
0.611011  0.253143  1.77648e+06  1.01257  0 
0.603398  0.281232  1.76232e+06  1.12493  0 
0.530495  0.285123  1.62672e+06  1.14049  0 
0.436172  0.420728  1.45128e+06  1.68291  1 
0.576817  0.287773  1.71288e+06  1.15109  1 
0.427914  0.432961  1.43592e+06  1.73185  1 
0.460559  0.380734  1.49664e+06  1.52294  1 
0.481462  0.319061  1.53552e+06  1.27624  1 
0.631011  0.280329  1.81368e+06  1.12132  1 
0.718495  0.265015  1.9764e+06  1.06006  1 
0.822108  0.259742  2.16912e+06  1.03897  1 
0.518624  0.343824  1.60464e+06  1.3753  2 
0.565591  0.326033  1.692e+06  1.30413  2 
0.445462  0.436196  1.46856e+06  1.74479  2 
0.67514  0.284174  1.89576e+06  1.13669  2 
0.74443  0.271274  2.02464e+06  1.0851  2 
0.576301  0.324313  1.71192e+06  1.29725  2 
0.496817  0.404906  1.56408e+06  1.61963  2 
0.573462  0.33173  1.70664e+06  1.32692  3 
0.566753  0.337786  1.69416e+06  1.35114  3 
0.759269  0.29193  2.05224e+06  1.16772  3 
0.451398  0.453882  1.4796e+06  1.81553  3 
0.557591  0.364396  1.67712e+06  1.45758  3 
0.731011  0.302068  1.99968e+06  1.20827  3 
0.656688  0.32476  1.86144e+06  1.29904  3 
0.712301  0.320734  1.96488e+06  1.28294  3 
0.525333  0.435103  1.61712e+06  1.74041  3 
0.745591  0.315349  2.0268e+06  1.2614  4 
0.597462  0.347409  1.75128e+06  1.38964  4 
0.718237  0.333154  1.97592e+06  1.33261  4 
0.572946  0.388566  1.70568e+06  1.55427  4 
0.489075  0.460491  1.54968e+06  1.84196  4 
0.838753  0.313176  2.20008e+06  1.25271  4 
0.876817  0.31259  2.27088e+06  1.25036  4 
0.802753  0.314306  2.13312e+06  1.25722  4 
0.564817  0.397031  1.69056e+06  1.58812  4 
0.866237  0.334801  2.2512e+06  1.3392  5 
0.748946  0.340283  2.03304e+06  1.36113  5 
0.659914  0.353673  1.86744e+06  1.41469  5 
0.614108  0.359493  1.78224e+06  1.43797  5 
0.587398  0.428832  1.73256e+06  1.71533  5 
0.619398  0.42463  1.79208e+06  1.69852  6 
0.699785  0.36263  1.9416e+06  1.45052  6 
0.624688  0.373899  1.80192e+06  1.49559  6 
0.698624  0.396656  1.93944e+06  1.58662  7 
0.688301  0.409662  1.92024e+06  1.63865  7 
0.802108  0.369874  2.13192e+06  1.47949  7 
0.629462  0.488315  1.8108e+06  1.95326  7 
0.884301  0.366608  2.2848e+06  1.46643  7 
0.721462  0.412127  1.98192e+06  1.64851  8 
0.683011  0.528921  1.9104e+06  2.11568  8 
0.70972  0.450978  1.96008e+06  1.80391  8 
0.642753  0.568949  1.83552e+06  2.2758  8 
0.765331  28199.5  2.06352e+06  112798  9 
0.846867  36473.6  2.21517e+06  145894  10 
1.08628  83242.2  2.66049e+06  332969  11 
0.898543  92542.9  2.31129e+06  370172  11 
1.04208  121486  2.57826e+06  485943  12 
1.14163  157280  2.76344e+06  629120  13 
1.13229  238976  2.74606e+06  955903  13 
1.15703  167500  2.79208e+06  669999  14 
1.46982  337965  3.37386e+06  1.35186e+06  15 
1.67062  349916  3.74734e+06  1.39967e+06  16 
1.5455  369618  3.51463e+06  1.47847e+06  16 
1.75714  417451  3.90828e+06  1.6698e+06  17 
1.73039  461171  3.85852e+06  1.84468e+06  17 
1.79011  441901  3.9696e+06  1.76761e+06  18 
1.8073  434174  4.00158e+06  1.7367e+06  18 
1.81023  516058  4.00703e+06  2.06423e+06  19 
2.0468  575842  4.44705e+06  2.30337e+06  20 
2.1535  632958  4.64551e+06  2.53183e+06  21 
2.16733  622287  4.67123e+06  2.48915e+06  21 
2.22002  659809  4.76923e+06  2.63924e+06  22 
2.42839  702643  5.15681e+06  2.81057e+06  23 
2.24973  714544  4.82449e+06  2.85818e+06  23 
2.51718  890869  5.32196e+06  3.56348e+06  24 
2.76327  902999  5.77968e+06  3.612e+06  25 
2.83924  936349  5.92099e+06  3.7454e+06  26 
2.78471  976630  5.81956e+06  3.90652e+06  26 
2.79972  948270  5.84748e+06  3.79308e+06  26 
3.29233  1.19342e+06  6.76374e+06  4.77366e+06  27 
3.44138  1.27508e+06  7.04097e+06  5.10033e+06  28 
3.6826  1.40657e+06  7.48964e+06  5.62628e+06  29 
3.83722  1.40653e+06  7.77724e+06  5.62612e+06  29 
3.86043  1.49604e+06  7.82039e+06  5.98416e+06  30 
4.13581  1.63501e+06  8.3326e+06  6.54004e+06  31 
4.68364  1.83774e+06  9.35158e+06  7.35094e+06  32 
4.84863  1.88703e+06  9.65845e+06  7.54813e+06  33 
5.07633  1.99639e+06  1.0082e+07  7.98558e+06  34 
6.03323  2.47453e+06  1.18618e+07  9.89814e+06  35 
7.30945  3.11424e+06  1.42356e+07  1.24569e+07  36 
0.699815  61214.2  1.94166e+06  244857  9 

0.202753  0.576068  1.01712e+06  2.30427  0 
0.79772  0.213651  2.12376e+06  0.854606  0 
0.429849  0.244049  1.43952e+06  0.976197  0 
0.241462  0.379919  1.08912e+06  1.51968  0 
0.347398  0.279832  1.28616e+06  1.11933  0 
0.293462  0.344246  1.18584e+06  1.37698  0 
0.673462  0.2204  1.89264e+06  0.881601  0 
0.654108  0.228129  1.85664e+06  0.912515  0 
0.336301  0.337105  1.26552e+06  1.34842  1 
0.566495  0.237129  1.69368e+06  0.948515  0 
0.533075  0.239329  1.63152e+06  0.957317  0 
0.400043  0.277052  1.38408e+06  1.10821  0 
0.526624  0.241771  1.61952e+06  0.967083  0 
0.37243  0.334165  1.33272e+06  1.33666  0 
0.589849  0.241393  1.73712e+06  0.965572  1 
0.271914  0.482021  1.14576e+06  1.92808  3 
0.402366  0.30045  1.3884e+06  1.2018  1 
0.284172  0.430344  1.16856e+06  1.72137  4 
0.398108  0.30466  1.38048e+06  1.21864  1 
0.701333  0.238387  1.94448e+06  0.953549  1 
0.453204  0.273224  1.48296e+06  1.09289  1 
0.480688  0.27059  1.53408e+06  1.08236  0 
0.366495  0.342169  1.32168e+06  1.36867  0 
0.551398  0.249878  1.6656e+06  0.999514  1 
0.754366  0.237104  2.04312e+06  0.948415  2 
0.322882  0.386923  1.24056e+06  1.54769  3 
0.580688  0.246351  1.72008e+06  0.985403  0 
0.36572  0.351367  1.32024e+06  1.40547  2 
0.418237  0.283193  1.41792e+06  1.13277  1 
0.425591  0.281485  1.4316e+06  1.12594  1 
0.374237  0.308038  1.33608e+06  1.23215  1 
0.50043  0.26303  1.5708e+06  1.05212  3 
0.499656  0.269958  1.56936e+06  1.07983  2 
0.29914  0.54273  1.1964e+06  2.17092  3 
0.402495  0.305984  1.38864e+06  1.22394  3 
0.730882  0.25151  1.99944e+06  1.00604  2 
0.428172  0.293053  1.4364e+06  1.17221  2 
0.680946  0.253958  1.90656e+06  1.01583  2 
0.456301  0.277053  1.48872e+06  1.10821  2 
0.314753  0.438018  1.22544e+06  1.75207  1 
0.368301  0.354123  1.32504e+06  1.41649  2 
0.509075  0.275981  1.58688e+06  1.10392  2 
0.51114  0.2657  1.59072e+06  1.0628  1 
0.776043  0.245829  2.08344e+06  0.983315  4 
0.337075  0.408374  1.26696e+06  1.6335  2 
0.563785  0.257922  1.68864e+06  1.03169  2 
0.379656  0.311642  1.34616e+06  1.24657  3 
0.426495  0.305711  1.43328e+06  1.22284  3 
0.749204  0.24987  2.03352e+06  0.999481  2 
0.304946  0.501612  1.2072e+06  2.00645  2 
0.739785  0.251477  2.016e+06  1.00591  2 
0.697075  0.25844  1.93656e+06  1.03376  0 
0.399527  0.348831  1.38312e+06  1.39533  1 
0.375785  0.382971  1.33896e+06  1.53188  2 
0.471914  0.282578  1.51776e+06  1.13031  1 
0.34314  0.454219  1.27824e+06  1.81688  3 
0.394882  0.352891  1.37448e+06  1.41156  4 
0.349591  0.421157  1.29024e+06  1.68463  4 
0.465591  0.287905  1.506e+06  1.15162  3 
0.419011  0.338005  1.41936e+06  1.35202  2 
0.368688  0.387588  1.32576e+06  1.55035  2 
0.435656  0.315422  1.45032e+06  1.26169  1 
0.484301  0.278017  1.5408e+06  1.11207  2 
0.436301  0.296106  1.45152e+06  1.18442  4 
0.337333  0.492415  1.26744e+06  1.96966  2 
0.533075  0.266747  1.63152e+06  1.06699  2 
0.383656  0.353943  1.3536e+06  1.41577  2 
0.518366  0.270662  1.60416e+06  1.08265  3 
0.72443  0.259687  1.98744e+06  1.03875  4 
0.439785  0.358154  1.458e+06  1.43262  5 
0.413333  0.376203  1.4088e+06  1.50481  5 
0.400946  0.383738  1.38576e+06  1.53495  5 
0.420172  0.362382  1.42152e+06  1.44953  3 
0.446237  0.345565  1.47e+06  1.38226  3 
0.374753  0.408261  1.33704e+06  1.63305  4 
0.567011  0.274783  1.69464e+06  1.09913  4 
0.59243  0.274638  1.74192e+06  1.09855  1 
0.458366  0.296184  1.49256e+06  1.18474  2 
0.607398  0.268135  1.76976e+06  1.07254  1 
0.366495  0.437426  1.32168e+06  1.74971  5 
0.44714  0.319693  1.47168e+06  1.27877  4 
0.49914  0.279783  1.5684e+06  1.11913  2 
0.425591  0.367047  1.4316e+06  1.46819  5 
0.461591  0.331105  1.49856e+06  1.32442  5 
0.377591  0.430485  1.34232e+06  1.72194  4 
0.642882  0.272122  1.83576e+06  1.08849  1 
0.572817  0.280054  1.70544e+06  1.12021  4 
0.564301  0.281093  1.6896e+06  1.12437  4 
0.64172  0.272511  1.8336e+06  1.09004  4 
0.461978  0.298959  1.49928e+06  1.19584  4 
0.504688  0.286843  1.57872e+06  1.14737  3 
0.50572  0.283224  1.58064e+06  1.13289  2 
0.65514  0.270514  1.85856e+06  1.08206  4 
0.505075  0.283296  1.57944e+06  1.13318  1 
0.648559  0.272244  1.84632e+06  1.08897  5 
0.629591  0.286152  1.81104e+06  1.14461  1 
0.482624  0.31268  1.53768e+06  1.25072  4 
0.601075  0.289956  1.758e+06  1.15982  1 
0.525204  0.312221  1.61688e+06  1.24888  0 
0.564688  0.361163  1.69032e+06  1.44465  2 

0.185333  0.542282  984720  2.16913  0 
0.833075  0.209726  2.18952e+06  0.838904  0 
0.507527  0.225282  1.584e+06  0.901128  0 
0.280688  0.313276  1.16208e+06  1.2531  0 
0.413333  0.234498  1.4088e+06  0.937993  0 
0.344301  0.248412  1.2804e+06  0.993646  0 
0.24314  0.369376  1.09224e+06  1.4775  0 
0.314366  0.272341  1.22472e+06  1.08936  0 
0.29372  0.287611  1.18632e+06  1.15044  0 
0.813591  0.21152  2.15328e+06  0.846081  0 
0.758237  0.212975  2.05032e+06  0.851899  0 
0.694882  0.213748  1.93248e+06  0.854991  0 
0.681204  0.215492  1.90704e+06  0.861967  0 
0.636172  0.215657  1.82328e+06  0.862628  0 
0.271914  0.321992  1.14576e+06  1.28797  0 
0.453591  0.228109  1.48368e+06  0.912436  0 
0.627011  0.220537  1.80624e+06  0.882147  0 
0.599398  0.220939  1.75488e+06  0.883757  0 
0.267656  0.364866  1.13784e+06  1.45946  0 
0.410108  0.237068  1.4028e+06  0.948272  0 
0.341204  0.258148  1.27464e+06  1.03259  0 
0.290882  0.309121  1.18104e+06  1.23648  0 
0.579656  0.222717  1.71816e+06  0.890867  0 
0.571011  0.222986  1.70208e+06  0.891945  0 
0.537075  0.223369  1.63896e+06  0.893475  0 
0.81114  0.212645  2.14872e+06  0.850582  0 
0.292172  0.389487  1.18344e+06  1.55795  0 
0.393849  0.250861  1.37256e+06  1.00344  2 
0.525333  0.228514  1.61712e+06  0.914055  0 
0.46443  0.230671  1.50384e+06  0.922682  0 
0.452817  0.235965  1.48224e+06  0.943859  0 
0.367785  0.267573  1.32408e+06  1.07029  0 
0.430753  0.243722  1.4412e+06  0.97489  0 
0.685978  0.216376  1.91592e+06  0.865506  0 
0.25643  0.441484  1.11696e+06  1.76594  1 
0.390753  0.257866  1.3668e+06  1.03146  0 
0.26443  0.399943  1.13184e+06  1.59977  1 
0.314237  0.305977  1.22448e+06  1.22391  1 
0.549462  0.227921  1.662e+06  0.911683  0 
0.377849  0.26108  1.3428e+06  1.04432  0 
0.55372  0.223846  1.66992e+06  0.895382  0 
0.412688  0.244371  1.4076e+06  0.977485  1 
0.353462  0.294898  1.29744e+06  1.17959  1 
0.450495  0.242947  1.47792e+06  0.971788  1 
0.780817  0.215627  2.09232e+06  0.862509  0 
0.294237  0.355835  1.18728e+06  1.42334  2 
0.326882  0.305524  1.248e+06  1.2221  1 
0.680946  0.220688  1.90656e+06  0.88275  0 
0.64172  0.220945  1.8336e+06  0.883779  0 
0.350495  0.295416  1.29192e+06  1.18166  0 
0.330882  0.295933  1.25544e+06  1.18373  1 
0.301591  0.338574  1.20096e+06  1.3543  0 
0.434624  0.243511  1.4484e+06  0.974043  0 
0.360946  0.293335  1.31136e+06  1.17334  1 
0.367914  0.264182  1.32432e+06  1.05673  2 
0.638753  0.222284  1.82808e+06  0.889137  0 
0.356817  0.293906  1.30368e+06  1.17562  2 
0.309591  0.316812  1.21584e+06  1.26725  2 
0.608301  0.22349  1.77144e+06  0.893958  1 
0.627914  0.222819  1.80792e+06  0.891277  0 
0.459785  0.235908  1.4952e+06  0.943634  0 
0.784817  0.219364  2.09976e+06  0.877457  0 
0.37914  0.289446  1.3452e+06  1.15779  0 
0.716043  0.220159  1.97184e+06  0.880636  0 
0.650495  0.222965  1.84992e+06  0.891861  0 
0.305849  0.338682  1.20888e+06  1.35473  1 
0.419398  0.250801  1.42008e+06  1.0032  1 
0.452946  0.24497  1.48248e+06  0.97988  0 
0.335011  0.300592  1.26312e+06  1.20237  2 
0.258882  0.531092  1.12152e+06  2.12437  1 
0.611914  0.223495  1.77816e+06  0.893979  0 
0.396688  0.253833  1.37784e+06  1.01533  2 
0.498753  0.231699  1.56768e+06  0.926795  0 
0.47114  0.234896  1.51632e+06  0.939585  0 
0.438882  0.250501  1.45632e+06  1.00201  0 
0.473849  0.2328  1.52136e+06  0.931199  0 
0.527269  0.230133  1.62072e+06  0.920532  0 
0.518366  0.230962  1.60416e+06  0.923848  2 
0.266108  0.430025  1.13496e+06  1.7201  1 
0.730495  0.219877  1.99872e+06  0.879508  2 
0.663398  0.221046  1.87392e+06  0.884183  1 
0.557204  0.224106  1.6764e+06  0.896424  0 
0.704172  0.220332  1.94976e+06  0.881327  0 
0.412301  0.25228  1.40688e+06  1.00912  0 
0.45772  0.236759  1.49136e+06  0.947034  0 
0.472946  0.2401  1.51968e+06  0.960401  0 
0.615398  0.224781  1.78464e+06  0.899124  1 
0.56172  0.228244  1.6848e+06  0.912974  0 
0.589591  0.227958  1.73664e+06  0.911832  0 
0.460946  0.240459  1.49736e+06  0.961836  0 
0.694624  0.2215  1.932e+06  0.885999  1 
0.311011  0.353983  1.21848e+06  1.41593  1 
0.515656  0.232562  1.59912e+06  0.930248  0 
0.285462  0.546562  1.17096e+06  2.18625  0 
0.401978  0.324792  1.38768e+06  1.29917  0 
0.417333  0.253268  1.41624e+06  1.01307  2 
0.556172  0.235322  1.67448e+06  0.94129  0 
0.557849  0.232737  1.6776e+06  0.93095  0 
0.539656  0.236255  1.64376e+06  0.945021  0 
0.634366  0.231907  1.81992e+06  0.927629  0 

0.181075  0.543031  976800  2.17212  0 
0.831011  0.205224  2.18568e+06  0.820898  0 
0.50314  0.217436  1.57584e+06  0.869743  0 
0.254237  0.301724  1.11288e+06  1.2069  0 
0.425462  0.224055  1.43136e+06  0.896221  0 
0.357333  0.238842  1.30464e+06  0.955368  0 
0.201978  0.372548  1.01568e+06  1.49019  0 
0.305075  0.248549  1.20744e+06  0.994195  0 
0.279527  0.260888  1.15992e+06  1.04355  0 
0.261978  0.288097  1.12728e+06  1.15239  0 
0.794108  0.20608  2.11704e+06  0.824321  0 
0.669204  0.206083  1.88472e+06  0.824331  0 
0.244559  0.336698  1.09488e+06  1.34679  0 
0.415398  0.229259  1.41264e+06  0.917036  0 
0.405075  0.229445  1.39344e+06  0.917782  0 
0.654882  0.208143  1.85808e+06  0.832571  0 
0.60314  0.208635  1.76184e+06  0.834538  0 
0.345591  0.24103  1.2828e+06  0.964118  0 
0.398882  0.232586  1.38192e+06  0.930342  0 
0.579398  0.211761  1.71768e+06  0.847042  0 
0.487914  0.219128  1.54752e+06  0.876513  0 
0.393462  0.234077  1.37184e+06  0.93631  0 
0.329849  0.244191  1.25352e+06  0.976765  0 
0.567656  0.213254  1.69584e+06  0.853018  0 
0.561075  0.214097  1.6836e+06  0.856388  0 
0.557978  0.2146  1.67784e+06  0.858399  0 
0.481333  0.221262  1.53528e+06  0.885048  0 
0.365462  0.23639  1.31976e+06  0.945561  0 
0.475269  0.221861  1.524e+06  0.887443  0 
0.350753  0.239351  1.2924e+06  0.957404  0 
0.539011  0.215988  1.64256e+06  0.863952  0 
0.326882  0.247308  1.248e+06  0.989232  0 
0.499269  0.218175  1.56864e+06  0.872699  0 
0.537978  0.216618  1.64064e+06  0.866472  0 
0.528946  0.216629  1.62384e+06  0.866518  0 
0.59914  0.211575  1.7544e+06  0.8463  0 
0.572172  0.2144  1.70424e+06  0.857601  1 
0.250624  0.362946  1.10616e+06  1.45179  1 
0.418237  0.229902  1.41792e+06  0.919608  1 
0.302495  0.269734  1.20264e+06  1.07894  1 
0.587398  0.212429  1.73256e+06  0.849718  1 
0.569849  0.2145  1.69992e+06  0.858001  1 
0.22843  0.488602  1.06488e+06  1.95441  1 
0.253462  0.361608  1.11144e+06  1.44643  1 
0.309978  0.257495  1.21656e+06  1.02998  1 
0.651527  0.209589  1.85184e+06  0.838358  1 
0.720559  0.208397  1.98024e+06  0.833589  1 
0.449462  0.226283  1.476e+06  0.905131  1 
0.490624  0.219997  1.55256e+06  0.87999  1 
0.233978  0.430952  1.0752e+06  1.72381  1 
0.556817  0.21689  1.67568e+06  0.867562  1 
0.262753  0.336706  1.12872e+06  1.34682  1 
0.284688  0.285203  1.16952e+06  1.14081  1 
0.586495  0.213683  1.73088e+06  0.854731  1 
0.267656  0.32232  1.13784e+06  1.28928  1 
0.357978  0.240597  1.30584e+06  0.962389  1 
0.392559  0.236452  1.37016e+06  0.945808  1 
0.409333  0.233208  1.40136e+06  0.932831  1 
0.21372  0.535764  1.03752e+06  2.14306  1 
0.240946  0.373262  1.08816e+06  1.49305  1 
0.484172  0.221804  1.54056e+06  0.887218  1 
0.675656  0.208772  1.89672e+06  0.835087  1 
0.37243  0.236589  1.33272e+06  0.946357  1 
0.507398  0.219256  1.58376e+06  0.877023  1 
0.213075  0.542502  1.03632e+06  2.17001  1 
0.478624  0.225398  1.53024e+06  0.901593  1 
0.51914  0.217496  1.6056e+06  0.869983  1 
0.610366  0.210917  1.77528e+06  0.843666  1 
0.559527  0.215603  1.68072e+06  0.862414  1 
0.466882  0.225729  1.5084e+06  0.902915  1 
0.330366  0.255559  1.25448e+06  1.02224  1 
0.846882  0.20702  2.2152e+06  0.82808  1 
0.305333  0.267042  1.20792e+06  1.06817  1 
0.346753  0.245224  1.28496e+06  0.980898  1 
0.616559  0.210357  1.7868e+06  0.841428  1 
0.511914  0.218424  1.59216e+06  0.873697  1 
0.693462  0.208424  1.92984e+06  0.833697  1 
0.64972  0.209592  1.84848e+06  0.838367  1 
0.341978  0.252414  1.27608e+06  1.00966  1 
0.400559  0.234503  1.38504e+06  0.938011  1 
0.604172  0.211127  1.76376e+06  0.844507  1 
0.235656  0.54384  1.07832e+06  2.17536  2 
0.402753  0.250553  1.38912e+06  1.00221  2 
0.256043  0.366463  1.11624e+06  1.46585  2 
0.353849  0.251262  1.29816e+06  1.00505  2 
0.414624  0.236001  1.4112e+06  0.944003  2 
0.668559  0.210067  1.88352e+06  0.840266  2 
0.584172  0.21531  1.72656e+06  0.861241  2 
0.213462  0.545314  1.03704e+06  2.18126  2 
0.405075  0.236189  1.39344e+06  0.944755  2 
0.509204  0.220579  1.58712e+06  0.882316  2 
0.285591  0.306572  1.1712e+06  1.22629  2 
0.265462  0.360851  1.13376e+06  1.4434  2 
0.441978  0.23419  1.46208e+06  0.936759  2 
0.311011  0.295929  1.21848e+06  1.18372  2 
0.452559  0.227918  1.48176e+06  0.911671  2 
0.570108  0.21641  1.7004e+06  0.865642  2 
0.490753  0.222177  1.5528e+06  0.888708  2 
0.312172  0.258384  1.22064e+06  1.03354  2 
0.596043  0.21339  1.74864e+06  0.853561  2 

0.166366  0.586409  949440  2.34564  0 
0.885075  0.200673  2.28624e+06  0.802691  0 
0.497333  0.214031  1.56504e+06  0.856124  0 
0.22972  0.314331  1.06728e+06  1.25732  0 
0.408688  0.225599  1.40016e+06  0.902396  0 
0.328043  0.236943  1.25016e+06  0.947773  0 
0.278624  0.256998  1.15824e+06  1.02799  0 
0.194366  0.416731  1.00152e+06  1.66692  0 
0.195269  0.344449  1.0032e+06  1.3778  0 
0.245333  0.285558  1.09632e+06  1.14223  0 
0.170624  0.571925  957360  2.2877  0 
0.313591  0.239373  1.22328e+06  0.957491  0 
0.297462  0.243437  1.19328e+06  0.97375  0 
0.266882  0.269473  1.1364e+06  1.07789  0 
0.804559  0.203077  2.13648e+06  0.812309  0 
0.481333  0.215222  1.53528e+06  0.860888  0 
0.397333  0.226593  1.37904e+06  0.906371  0 
0.633333  0.204181  1.818e+06  0.816722  0 
0.384301  0.227268  1.3548e+06  0.909071  0 
0.62043  0.205256  1.794e+06  0.821025  0 
0.257204  0.276796  1.1184e+06  1.10719  0 
0.472817  0.216678  1.51944e+06  0.866714  0 
0.463398  0.217107  1.50192e+06  0.868427  0 
0.610108  0.205543  1.7748e+06  0.822171  0 
0.441849  0.217761  1.46184e+06  0.871045  0 
0.593204  0.206517  1.74336e+06  0.82607  0 
0.377333  0.229787  1.34184e+06  0.919146  0 
0.291011  0.246797  1.18128e+06  0.987189  0 
0.223656  0.33652  1.056e+06  1.34608  0 
0.58314  0.208158  1.72464e+06  0.832633  0 
0.575785  0.208371  1.71096e+06  0.833485  0 
0.365333  0.231932  1.31952e+06  0.927726  0 
0.560817  0.20915  1.68312e+06  0.8366  0 
0.215656  0.339677  1.04112e+06  1.35871  0 
0.547785  0.209512  1.65888e+06  0.838049  0 
0.431656  0.221103  1.44288e+06  0.88441  0 
0.359914  0.232586  1.30944e+06  0.930344  0 
0.424688  0.221335  1.42992e+06  0.885339  0 
0.54043  0.210071  1.6452e+06  0.840285  0 
0.342366  0.233456  1.2768e+06  0.933824  0 
0.420688  0.22237  1.42248e+06  0.889478  0 
0.526495  0.21081  1.61928e+06  0.843239  0 
0.513462  0.211228  1.59504e+06  0.844913  0 
0.416172  0.22317  1.41408e+06  0.892681  0 
0.273849  0.267172  1.14936e+06  1.06869  0 
0.267011  0.267407  1.13664e+06  1.06963  0 
0.378495  0.228216  1.344e+06  0.912863  0 
0.374495  0.230662  1.33656e+06  0.922649  0 
0.294237  0.245624  1.18728e+06  0.982495  0 
0.480043  0.215638  1.53288e+06  0.862552  0 
0.590624  0.207236  1.73856e+06  0.828944  0 
0.28572  0.25615  1.17144e+06  1.0246  0 
0.605978  0.205694  1.76712e+06  0.822776  0 
0.28443  0.256317  1.16904e+06  1.02527  0 
0.605333  0.205753  1.76592e+06  0.823013  0 
0.628172  0.204761  1.8084e+06  0.819043  0 
0.331527  0.236515  1.25664e+06  0.946061  0 
0.324301  0.238967  1.2432e+06  0.955867  0 
0.415785  0.224796  1.41336e+06  0.899184  0 
0.476172  0.216324  1.52568e+06  0.865297  0 
0.305591  0.243175  1.2084e+06  0.9727  0 
0.229462  0.327396  1.0668e+06  1.30958  0 
0.490366  0.215025  1.55208e+06  0.8601  0 
0.382882  0.228047  1.35216e+06  0.91219  0 
0.618366  0.205392  1.79016e+06  0.821569  0 
0.278495  0.265853  1.158e+06  1.06341  0 
0.402108  0.226539  1.38792e+06  0.906157  0 
0.427398  0.221767  1.43496e+06  0.88707  0 
0.478366  0.217206  1.52976e+06  0.868823  0 
0.704301  0.204471  1.95e+06  0.817884  0 
0.422495  0.224988  1.42584e+06  0.899951  0 
0.553075  0.20954  1.66872e+06  0.838161  0 
0.348043  0.23488  1.28736e+06  0.939521  0 
0.28572  0.25789  1.17144e+06  1.03156  0 
0.222624  0.363756  1.05408e+06  1.45503  0 
0.314882  0.243159  1.22568e+06  0.972637  0 
0.446624  0.22035  1.47072e+06  0.8814  0 
0.292559  0.249879  1.18416e+06  0.999514  0 
0.247011  0.313672  1.09944e+06  1.25469  0 
0.347656  0.235845  1.28664e+06  0.943382  0 
0.232688  0.329666  1.0728e+06  1.31866  0 
0.274624  0.268396  1.1508e+06  1.07358  0 
0.189075  0.585922  991680  2.34369  0 
0.268172  0.287703  1.1388e+06  1.15081  0 
0.466624  0.217326  1.50792e+06  0.869302  0 
0.629978  0.205591  1.81176e+06  0.822363  0 
0.45114  0.21803  1.47912e+06  0.87212  0 
0.647011  0.204699  1.84344e+06  0.818795  0 
0.229462  0.337788  1.0668e+06  1.35115  0 
0.196301  0.582645  1.00512e+06  2.33058  0 
0.590753  0.208142  1.7388e+06  0.832569  0 
0.370366  0.232249  1.32888e+06  0.928997  0 
0.354366  0.234447  1.29912e+06  0.937789  0 
0.526237  0.21171  1.6188e+06  0.84684  0 
0.481333  0.215312  1.53528e+06  0.861247  0 
0.836301  0.203208  2.19552e+06  0.812833  0 
0.384817  0.228499  1.35576e+06  0.913998  0 
0.409849  0.226901  1.40232e+06  0.907602  0 
0.295527  0.246199  1.18968e+06  0.984796  0 
0.492559  0.215064  1.55616e+06  0.860254  0 

0.166366  0.586409  949440  2.34564  0 
0.886882  0.19921  2.2896e+06  0.796839  0 
0.506624  0.209979  1.58232e+06  0.839916  0 
0.220688  0.2842  1.05048e+06  1.1368  0 
0.437849  0.215693  1.4544e+06  0.86277  0 
0.37514  0.223804  1.33776e+06  0.895216  0 
0.321591  0.232019  1.23816e+06  0.928075  0 
0.168559  0.43773  953520  1.75092  0 
0.278237  0.242605  1.15752e+06  0.970418  0 
0.185591  0.367989  985200  1.47195  0 
0.194624  0.337462  1.002e+06  1.34985  0 
0.25514  0.26149  1.11456e+06  1.04596  0 
0.264172  0.250994  1.13136e+06  1.00398  0 
0.211269  0.302426  1.03296e+06  1.20971  0 
0.861333  0.20069  2.24208e+06  0.802761  0 
0.833462  0.201042  2.19024e+06  0.804167  0 
0.247011  0.276325  1.09944e+06  1.1053  0 
0.310882  0.234789  1.21824e+06  0.939158  0 
0.808043  0.202201  2.14296e+06  0.808805  0 
0.428043  0.21616  1.43616e+06  0.864639  0 
0.364688  0.224549  1.31832e+06  0.898196  0 
0.247785  0.264845  1.10088e+06  1.05938  0 
0.187269  0.344557  988320  1.37823  0 
0.647011  0.202702  1.84344e+06  0.810808  0 
0.420946  0.217005  1.42296e+06  0.868019  0 
0.592817  0.203241  1.74264e+06  0.812963  0 
0.300301  0.236396  1.19856e+06  0.945585  0 
0.412817  0.218029  1.40784e+06  0.872115  0 
0.239269  0.278618  1.08504e+06  1.11447  0 
0.498495  0.21029  1.5672e+06  0.841161  0 
0.356301  0.226825  1.30272e+06  0.907299  0 
0.287527  0.23746  1.1748e+06  0.949841  0 
0.587656  0.204895  1.73304e+06  0.819581  0 
0.493591  0.210626  1.55808e+06  0.842504  0 
0.579011  0.20517  1.71696e+06  0.820681  0 
0.348946  0.227243  1.28904e+06  0.908971  0 
0.343914  0.227322  1.27968e+06  0.909288  0 
0.273591  0.243219  1.14888e+06  0.972874  0 
0.486237  0.211317  1.5444e+06  0.845268  0 
0.57114  0.205742  1.70232e+06  0.822967  0 
0.234108  0.280188  1.07544e+06  1.12075  0 
0.283914  0.237914  1.16808e+06  0.951655  0 
0.480043  0.212189  1.53288e+06  0.848756  0 
0.40714  0.220324  1.39728e+06  0.881298  0 
0.567011  0.206506  1.69464e+06  0.826024  0 
0.402495  0.220532  1.38864e+06  0.882126  0 
0.560172  0.206901  1.68192e+06  0.827603  0 
0.399398  0.220771  1.38288e+06  0.883085  0 
0.204301  0.334435  1.02e+06  1.33774  0 
0.199269  0.334463  1.01064e+06  1.33785  0 
0.553978  0.207176  1.6704e+06  0.828704  0 
0.535914  0.20735  1.6368e+06  0.829401  0 
0.387914  0.221192  1.36152e+06  0.884767  0 
0.472172  0.213246  1.51824e+06  0.852983  0 
0.450237  0.213248  1.47744e+06  0.852992  0 
0.174237  0.43534  964080  1.74136  0 
0.335011  0.229803  1.26312e+06  0.919214  0 
0.53243  0.207772  1.63032e+06  0.83109  0 
0.261978  0.254208  1.12728e+06  1.01683  0 
0.229333  0.282032  1.06656e+06  1.12813  0 
0.518882  0.207856  1.60512e+06  0.831426  0 
0.249978  0.262904  1.10496e+06  1.05161  0 
0.315914  0.232881  1.2276e+06  0.931526  0 
0.259914  0.259712  1.12344e+06  1.03885  0 
0.271914  0.2476  1.14576e+06  0.990399  0 
0.333462  0.230434  1.26024e+06  0.921735  0 
0.383527  0.222334  1.35336e+06  0.889335  0 
0.307269  0.234968  1.21152e+06  0.939872  0 
0.325075  0.230745  1.24464e+06  0.922981  0 
0.269462  0.249814  1.1412e+06  0.999258  0 
0.342753  0.227801  1.27752e+06  0.911203  0 
0.27243  0.246406  1.14672e+06  0.985622  0 
0.441462  0.214644  1.46112e+06  0.858578  0 
0.411785  0.218508  1.40592e+06  0.874032  0 
0.382366  0.222784  1.3512e+06  0.891138  0 
0.209462  0.333437  1.0296e+06  1.33375  0 
0.233204  0.280848  1.07376e+06  1.12339  0 
0.224172  0.283397  1.05696e+06  1.13359  0 
0.219914  0.301297  1.04904e+06  1.20519  0 
0.242237  0.277874  1.09056e+06  1.1115  0 
0.237849  0.279474  1.0824e+06  1.11789  0 
0.167914  0.571863  952320  2.28745  0 
0.210624  0.332355  1.03176e+06  1.32942  0 
0.588172  0.204305  1.734e+06  0.81722  0 
0.197333  0.336991  1.00704e+06  1.34796  0 
0.516946  0.20955  1.60152e+06  0.838199  0 
0.259527  0.25982  1.12272e+06  1.03928  0 
0.246624  0.277191  1.09872e+06  1.10876  0 
0.397978  0.220811  1.38024e+06  0.883245  0 
0.353075  0.226908  1.29672e+06  0.907632  0 
0.484301  0.211877  1.5408e+06  0.847507  0 
0.193591  0.344249  1.00008e+06  1.37699  0 
0.397462  0.220923  1.37928e+06  0.883691  0 
0.214753  0.302176  1.03944e+06  1.2087  0 
0.37114  0.224306  1.33032e+06  0.897225  0 
0.419785  0.217788  1.4208e+06  0.871151  0 
0.362753  0.226668  1.31472e+06  0.906674  0 
0.332301  0.230622  1.25808e+06  0.922488  0 
0.491785  0.211201  1.55472e+06  0.844802  0 
0.211656  0.302329  1.03368e+06  1.20932  0 

0.162624  0.463687  942480  1.85475  0 
0.853075  0.199158  2.22672e+06  0.796631  0 
0.592043  0.20275  1.7412e+06  0.811001  0 
0.351269  0.222804  1.29336e+06  0.891214  0 
0.194882  0.303886  1.00248e+06  1.21555  0 
0.284817  0.236377  1.16976e+06  0.945506  0 
0.238753  0.258652  1.08408e+06  1.03461  0 
0.163785  0.432606  944640  1.73042  0 
0.21514  0.280408  1.04016e+06  1.12163  0 
0.173978  0.377284  963600  1.50914  0 
0.569591  0.203423  1.69944e+06  0.813694  0 
0.546882  0.204666  1.6572e+06  0.818663  0 
0.523011  0.206019  1.6128e+06  0.824078  0 
0.493075  0.207147  1.55712e+06  0.828589  0 
0.270108  0.243934  1.1424e+06  0.975735  0 
0.180172  0.348426  975120  1.3937  0 
0.224817  0.265739  1.05816e+06  1.06296  0 
0.20172  0.286398  1.0152e+06  1.14559  0 
0.47914  0.209912  1.5312e+06  0.839649  0 
0.336172  0.224993  1.26528e+06  0.89997  0 
0.466108  0.211598  1.50696e+06  0.846391  0 
0.319398  0.22555  1.23408e+06  0.902201  0 
0.259527  0.246147  1.12272e+06  0.98459  0 
0.452946  0.212251  1.48248e+06  0.849005  0 
0.443011  0.213608  1.464e+06  0.854431  0 
0.432946  0.214342  1.44528e+06  0.857367  0 
0.186753  0.333053  987360  1.33221  0 
0.413978  0.215171  1.41e+06  0.860683  0 
0.252688  0.252205  1.11e+06  1.00882  0 
0.232817  0.26004  1.07304e+06  1.04016  0 
0.208817  0.280717  1.0284e+06  1.12287  0 
0.31372  0.22835  1.22352e+06  0.9134  0 
0.405075  0.217372  1.39344e+06  0.869488  0 
0.247269  0.253187  1.09992e+06  1.01275  0 
0.279785  0.238335  1.1604e+06  0.953339  0 
0.399269  0.218058  1.38264e+06  0.872233  0 
0.392301  0.218087  1.36968e+06  0.872348  0 
0.274495  0.239219  1.15056e+06  0.956878  0 
0.308172  0.232528  1.2132e+06  0.930114  0 
0.296172  0.232961  1.19088e+06  0.931844  0 
0.388946  0.218368  1.36344e+06  0.873473  0 
0.191527  0.330303  996240  1.32121  0 
0.192172  0.325033  997440  1.30013  0 
0.253849  0.249521  1.11216e+06  0.998084  0 
0.844817  0.200167  2.21136e+06  0.800669  0 
0.289591  0.23383  1.17864e+06  0.935321  0 
0.386366  0.220512  1.35864e+06  0.882047  0 
0.641075  0.20051  1.8324e+06  0.80204  0 
0.217849  0.278267  1.0452e+06  1.11307  0 
0.382753  0.220779  1.35192e+06  0.883115  0 
0.377075  0.220826  1.34136e+06  0.883302  0 
0.634624  0.201052  1.8204e+06  0.804209  0 
0.188559  0.331366  990720  1.32546  0 
0.364688  0.221118  1.31832e+06  0.884471  0 
0.193204  0.311917  999360  1.24767  0 
0.231269  0.261269  1.07016e+06  1.04508  0 
0.267656  0.244736  1.13784e+06  0.978945  0 
0.197075  0.302645  1.00656e+06  1.21058  0 
0.621204  0.201539  1.79544e+06  0.806155  0 
0.178108  0.376162  971280  1.50465  0 
0.566108  0.203589  1.69296e+06  0.814355  0 
0.162753  0.458122  942720  1.83249  0 
0.200688  0.301233  1.01328e+06  1.20493  0 
0.241333  0.257621  1.08888e+06  1.03048  0 
0.47514  0.210567  1.52376e+06  0.842267  0 
0.48714  0.209059  1.54608e+06  0.836237  0 
0.258753  0.248446  1.12128e+06  0.993783  0 
0.474366  0.210675  1.52232e+06  0.842699  0 
0.288817  0.234832  1.1772e+06  0.939327  0 
0.355785  0.222041  1.30176e+06  0.888163  0 
0.517333  0.206424  1.60224e+06  0.825694  0 
0.273591  0.243219  1.14888e+06  0.972874  0 
0.347398  0.22431  1.28616e+06  0.89724  0 
0.273849  0.240441  1.14936e+06  0.961765  0 
0.607398  0.202108  1.76976e+06  0.808432  0 
0.403527  0.21742  1.39056e+06  0.869678  0 
0.228946  0.26511  1.06584e+06  1.06044  0 
0.471785  0.210971  1.51752e+06  0.843883  0 
0.34443  0.224373  1.28064e+06  0.89749  0 
0.280559  0.237732  1.16184e+06  0.95093  0 
0.269591  0.244023  1.14144e+06  0.976093  0 
0.26714  0.245189  1.13688e+06  0.980757  0 
0.455785  0.211807  1.48776e+06  0.847226  0 
0.442366  0.213942  1.4628e+06  0.855768  0 
0.431398  0.214776  1.4424e+06  0.859106  0 
0.270495  0.243545  1.14312e+06  0.97418  0 
0.432559  0.214385  1.44456e+06  0.857542  0 
0.19643  0.303501  1.00536e+06  1.21401  0 
0.450237  0.213248  1.47744e+06  0.852992  0 
0.44972  0.213254  1.47648e+06  0.853017  0 
0.311656  0.232191  1.21968e+06  0.928763  0 
0.468172  0.211272  1.5108e+06  0.84509  0 
0.541462  0.205701  1.64712e+06  0.822804  0 
0.55772  0.204368  1.67736e+06  0.817473  0 
0.306624  0.232775  1.21032e+06  0.931102  0 
0.40043  0.217876  1.3848e+06  0.871504  0 
0.44443  0.21344  1.46664e+06  0.853759  0 
0.596946  0.202597  1.75032e+06  0.810389  0 
0.25372  0.250432  1.11192e+06  1.00173  0 
0.351011  0.224188  1.29288e+06  0.896751  0 

0.153591  0.444584  925680  1.77833  0 
0.865849  0.197824  2.25048e+06  0.791296  0 
0.615398  0.20141  1.78464e+06  0.805642  0 
0.388301  0.217924  1.36224e+06  0.871696  0 
0.218237  0.267319  1.04592e+06  1.06928  0 
0.172043  0.351995  960000  1.40798  0 
0.343656  0.22315  1.2792e+06  0.892599  0 
0.30443  0.227201  1.20624e+06  0.908802  0 
0.184172  0.321165  982560  1.28466  0 
0.276172  0.238195  1.15368e+06  0.952779  0 
0.19514  0.292103  1.00296e+06  1.16841  0 
0.255269  0.247531  1.1148e+06  0.990126  0 
0.591011  0.202231  1.73928e+06  0.808925  0 
0.573204  0.202998  1.70616e+06  0.811992  0 
0.236301  0.252442  1.07952e+06  1.00977  0 
0.541978  0.203319  1.64808e+06  0.813277  0 
0.526108  0.205302  1.61856e+06  0.821208  0 
0.501978  0.206291  1.57368e+06  0.825163  0 
0.488946  0.206692  1.54944e+06  0.826766  0 
0.174108  0.334428  963840  1.33771  0 
0.477462  0.208191  1.52808e+06  0.832763  0 
0.208817  0.280717  1.0284e+06  1.12287  0 
0.460559  0.209412  1.49664e+06  0.837649  0 
0.163785  0.432606  944640  1.73042  0 
0.452301  0.209717  1.48128e+06  0.838866  0 
0.176817  0.326264  968880  1.30506  0 
0.229075  0.258254  1.06608e+06  1.03301  0 
0.435269  0.210781  1.4496e+06  0.843125  0 
0.426753  0.21119  1.43376e+06  0.844759  0 
0.290237  0.231725  1.17984e+06  0.9269  0 
0.265204  0.241498  1.13328e+06  0.965993  0 
0.20172  0.286398  1.0152e+06  1.14559  0 
0.22172  0.261761  1.0524e+06  1.04704  0 
0.382495  0.217994  1.35144e+06  0.871977  0 
0.373204  0.218389  1.33416e+06  0.873557  0 
0.419269  0.213848  1.41984e+06  0.855391  0 
0.159785  0.437347  937200  1.74939  0 
0.339398  0.223294  1.27128e+06  0.893175  0 
0.191269  0.304092  995760  1.21637  0 
0.232043  0.254423  1.0716e+06  1.01769  0 
0.286495  0.234131  1.17288e+06  0.936526  0 
0.412172  0.21419  1.40664e+06  0.856762  0 
0.261591  0.241547  1.12656e+06  0.966187  0 
0.251269  0.249035  1.10736e+06  0.996141  0 
0.403398  0.214545  1.39032e+06  0.85818  0 
0.842108  0.198156  2.20632e+06  0.792625  0 
0.320559  0.22419  1.23624e+06  0.89676  0 
0.830237  0.198535  2.18424e+06  0.794139  0 
0.257591  0.244741  1.11912e+06  0.978965  0 
0.822753  0.198626  2.17032e+06  0.794504  0 
0.816043  0.198657  2.15784e+06  0.794627  0 
0.284043  0.235538  1.16832e+06  0.942152  0 
0.369204  0.220736  1.32672e+06  0.882944  0 
0.789978  0.199021  2.10936e+06  0.796085  0 
0.315785  0.224955  1.22736e+06  0.899819  0 
0.179527  0.324108  973920  1.29643  0 
0.36714  0.220985  1.32288e+06  0.883941  0 
0.301204  0.229675  1.20024e+06  0.918701  0 
0.364688  0.221118  1.31832e+06  0.884471  0 
0.662624  0.199382  1.87248e+06  0.797526  0 
0.215398  0.27884  1.04064e+06  1.11536  0 
0.246366  0.250601  1.09824e+06  1.0024  0 
0.230237  0.255734  1.06824e+06  1.02293  0 
0.401591  0.216049  1.38696e+06  0.864197  0 
0.398882  0.216122  1.38192e+06  0.864487  0 
0.359398  0.22142  1.30848e+06  0.885682  0 
0.272946  0.239771  1.14768e+06  0.959084  0 
0.660559  0.199716  1.86864e+06  0.798865  0 
0.351527  0.221479  1.29384e+06  0.885915  0 
0.270753  0.239845  1.1436e+06  0.959379  0 
0.241333  0.250811  1.08888e+06  1.00324  0 
0.396301  0.216327  1.37712e+06  0.865308  0 
0.392688  0.21634  1.3704e+06  0.865361  0 
0.198753  0.290639  1.00968e+06  1.16256  0 
0.634237  0.200047  1.81968e+06  0.800189  0 
0.347914  0.221799  1.28712e+06  0.887196  0 
0.30714  0.226026  1.21128e+06  0.904106  0 
0.170882  0.431266  957840  1.72506  0 
0.42572  0.211395  1.43184e+06  0.84558  0 
0.289204  0.231753  1.17792e+06  0.92701  0 
0.48572  0.207229  1.54344e+06  0.828916  0 
0.482624  0.207235  1.53768e+06  0.828941  0 
0.212559  0.279892  1.03536e+06  1.11957  0 
0.446108  0.209981  1.46976e+06  0.839924  0 
0.250237  0.249808  1.10544e+06  0.999231  0 
0.171269  0.430241  958560  1.72096  0 
0.611398  0.20154  1.7772e+06  0.806161  0 
0.629075  0.200761  1.81008e+06  0.803045  0 
0.168817  0.431958  954000  1.72783  0 
0.338495  0.223544  1.2696e+06  0.894175  0 
0.283398  0.23688  1.16712e+06  0.947519  0 
0.586753  0.202377  1.73136e+06  0.80951  0 
0.480172  0.207599  1.53312e+06  0.830395  0 
0.192043  0.303503  997200  1.21401  0 
0.164172  0.432025  945360  1.7281  0 
0.217333  0.278282  1.04424e+06  1.11313  0 
0.520301  0.205736  1.60776e+06  0.822944  0 
0.274495  0.239219  1.15056e+06  0.956878  0 
0.270237  0.239865  1.14264e+06  0.959458  0 
0.280559  0.2377  1.16184e+06  0.950799  0 

0.153591  0.444584  925680  1.77833  0 
0.865849  0.197824  2.25048e+06  0.791296  0 
0.615398  0.20141  1.78464e+06  0.805642  0 
0.388301  0.217924  1.36224e+06  0.871696  0 
0.218237  0.267319  1.04592e+06  1.06928  0 
0.172043  0.351995  960000  1.40798  0 
0.343656  0.22315  1.2792e+06  0.892599  0 
0.30443  0.227201  1.20624e+06  0.908802  0 
0.184172  0.321165  982560  1.28466  0 
0.276172  0.238195  1.15368e+06  0.952779  0 
0.19514  0.292103  1.00296e+06  1.16841  0 
0.255269  0.247531  1.1148e+06  0.990126  0 
0.591011  0.202231  1.73928e+06  0.808925  0 
0.573204  0.202998  1.70616e+06  0.811992  0 
0.236301  0.252442  1.07952e+06  1.00977  0 
0.541978  0.203319  1.64808e+06  0.813277  0 
0.526108  0.205302  1.61856e+06  0.821208  0 
0.501978  0.206291  1.57368e+06  0.825163  0 
0.488946  0.206692  1.54944e+06  0.826766  0 
0.174108  0.334428  963840  1.33771  0 
0.477462  0.208191  1.52808e+06  0.832763  0 
0.208817  0.280717  1.0284e+06  1.12287  0 
0.460559  0.209412  1.49664e+06  0.837649  0 
0.163785  0.432606  944640  1.73042  0 
0.452301  0.209717  1.48128e+06  0.838866  0 
0.176817  0.326264  968880  1.30506  0 
0.229075  0.258254  1.06608e+06  1.03301  0 
0.435269  0.210781  1.4496e+06  0.843125  0 
0.426753  0.21119  1.43376e+06  0.844759  0 
0.290237  0.231725  1.17984e+06  0.9269  0 
0.265204  0.241498  1.13328e+06  0.965993  0 
0.20172  0.286398  1.0152e+06  1.14559  0 
0.22172  0.261761  1.0524e+06  1.04704  0 
0.382495  0.217994  1.35144e+06  0.871977  0 
0.373204  0.218389  1.33416e+06  0.873557  0 
0.419269  0.213848  1.41984e+06  0.855391  0 
0.159785  0.437347  937200  1.74939  0 
0.339398  0.223294  1.27128e+06  0.893175  0 
0.191269  0.304092  995760  1.21637  0 
0.232043  0.254423  1.0716e+06  1.01769  0 
0.286495  0.234131  1.17288e+06  0.936526  0 
0.412172  0.21419  1.40664e+06  0.856762  0 
0.261591  0.241547  1.12656e+06  0.966187  0 
0.251269  0.249035  1.10736e+06  0.996141  0 
0.403398  0.214545  1.39032e+06  0.85818  0 
0.842108  0.198156  2.20632e+06  0.792625  0 
0.320559  0.22419  1.23624e+06  0.89676  0 
0.830237  0.198535  2.18424e+06  0.794139  0 
0.257591  0.244741  1.11912e+06  0.978965  0 
0.822753  0.198626  2.17032e+06  0.794504  0 
0.816043  0.198657  2.15784e+06  0.794627  0 
0.284043  0.235538  1.16832e+06  0.942152  0 
0.369204  0.220736  1.32672e+06  0.882944  0 
0.789978  0.199021  2.10936e+06  0.796085  0 
0.315785  0.224955  1.22736e+06  0.899819  0 
0.179527  0.324108  973920  1.29643  0 
0.36714  0.220985  1.32288e+06  0.883941  0 
0.301204  0.229675  1.20024e+06  0.918701  0 
0.364688  0.221118  1.31832e+06  0.884471  0 
0.662624  0.199382  1.87248e+06  0.797526  0 
0.215398  0.27884  1.04064e+06  1.11536  0 
0.246366  0.250601  1.09824e+06  1.0024  0 
0.230237  0.255734  1.06824e+06  1.02293  0 
0.401591  0.216049  1.38696e+06  0.864197  0 
0.398882  0.216122  1.38192e+06  0.864487  0 
0.359398  0.22142  1.30848e+06  0.885682  0 
0.272946  0.239771  1.14768e+06  0.959084  0 
0.660559  0.199716  1.86864e+06  0.798865  0 
0.351527  0.221479  1.29384e+06  0.885915  0 
0.270753  0.239845  1.1436e+06  0.959379  0 
0.241333  0.250811  1.08888e+06  1.00324  0 
0.396301  0.216327  1.37712e+06  0.865308  0 
0.392688  0.21634  1.3704e+06  0.865361  0 
0.198753  0.290639  1.00968e+06  1.16256  0 
0.634237  0.200047  1.81968e+06  0.800189  0 
0.347914  0.221799  1.28712e+06  0.887196  0 
0.30714  0.226026  1.21128e+06  0.904106  0 
0.170882  0.431266  957840  1.72506  0 
0.42572  0.211395  1.43184e+06  0.84558  0 
0.289204  0.231753  1.17792e+06  0.92701  0 
0.48572  0.207229  1.54344e+06  0.828916  0 
0.482624  0.207235  1.53768e+06  0.828941  0 
0.212559  0.279892  1.03536e+06  1.11957  0 
0.446108  0.209981  1.46976e+06  0.839924  0 
0.250237  0.249808  1.10544e+06  0.999231  0 
0.171269  0.430241  958560  1.72096  0 
0.611398  0.20154  1.7772e+06  0.806161  0 
0.629075  0.200761  1.81008e+06  0.803045  0 
0.168817  0.431958  954000  1.72783  0 
0.338495  0.223544  1.2696e+06  0.894175  0 
0.283398  0.23688  1.16712e+06  0.947519  0 
0.586753  0.202377  1.73136e+06  0.80951  0 
0.480172  0.207599  1.53312e+06  0.830395  0 
0.192043  0.303503  997200  1.21401  0 
0.164172  0.432025  945360  1.7281  0 
0.217333  0.278282  1.04424e+06  1.11313  0 
0.520301  0.205736  1.60776e+06  0.822944  0 
0.274495  0.239219  1.15056e+06  0.956878  0 
0.270237  0.239865  1.14264e+06  0.959458  0 
0.280559  0.2377  1.16184e+06  0.950799  0 

