45.4753  2.0799e+07  8.52241e+07  8.31961e+07  0 
32.3276  1.46774e+07  6.07694e+07  5.87097e+07  0 
6.23277e+07  2.89824e+13  1.1593e+14  1.1593e+14  0 
28.2149  1.2776e+07  5.31196e+07  5.11039e+07  0 
1.5492e+08  7.20377e+13  2.88151e+14  2.88151e+14  0 
23.6175  1.06551e+07  4.45685e+07  4.26202e+07  0 
46.7272  2.1427e+07  8.75525e+07  8.57081e+07  0 
4.93809e+06  2.29621e+12  9.18484e+12  9.18484e+12  0 
7.51603e+07  3.49495e+13  1.39798e+14  1.39798e+14  0 
1.76705e+07  8.21677e+12  3.28671e+13  3.28671e+13  0 
25.8869  1.17151e+07  4.87895e+07  4.68604e+07  0 
26.3178  1.18768e+07  4.9591e+07  4.75074e+07  0 
54.242  2.49211e+07  1.0153e+08  9.96845e+07  0 
27.5247  1.24723e+07  5.1836e+07  4.98891e+07  0 
31.1865  1.4143e+07  5.86469e+07  5.65719e+07  0 
26.4164  1.18999e+07  4.97745e+07  4.75996e+07  0 
24.7115  1.12106e+07  4.66033e+07  4.48425e+07  0 
40.9334  1.87312e+07  7.67762e+07  7.49248e+07  0 
2.42777e+07  1.12891e+13  4.51565e+13  4.51565e+13  0 
22.3472  1.00398e+07  4.22059e+07  4.01592e+07  0 
13.4676  5.94748e+06  2.56897e+07  2.37899e+07  0 
29.671  1.34767e+07  5.5828e+07  5.39068e+07  0 
24.9491  1.12674e+07  4.70453e+07  4.50696e+07  0 
29.9931  1.35765e+07  5.64272e+07  5.43061e+07  0 
25.8645  1.17203e+07  4.8748e+07  4.68813e+07  0 
26.9745  1.22255e+07  5.08126e+07  4.8902e+07  0 
30.5249  1.3856e+07  5.74163e+07  5.54241e+07  0 
25.45  1.14817e+07  4.7977e+07  4.59267e+07  0 
17.0087  7.58645e+06  3.22761e+07  3.03458e+07  0 
27.5845  1.24556e+07  5.19472e+07  4.98223e+07  0 
30.3835  1.38064e+07  5.71534e+07  5.52257e+07  0 
1.96054e+07  9.1165e+12  3.6466e+13  3.6466e+13  0 
30.6515  1.39316e+07  5.76517e+07  5.57265e+07  0 
33.9672  1.54969e+07  6.3819e+07  6.19876e+07  0 
24.6861  1.11766e+07  4.65561e+07  4.47064e+07  0 
35.7058  1.62675e+07  6.70528e+07  6.50701e+07  0 
27.3755  1.23759e+07  5.15584e+07  4.95035e+07  0 
39.0298  1.78345e+07  7.32355e+07  7.13381e+07  0 
40.0311  1.82886e+07  7.50979e+07  7.31544e+07  0 
26.4116  1.19398e+07  4.97656e+07  4.77592e+07  0 
1.86189e+07  8.65778e+12  3.46311e+13  3.46311e+13  0 
34.7513  1.58344e+07  6.52775e+07  6.33378e+07  0 
1.91404e+07  8.90026e+12  3.56011e+13  3.56011e+13  0 
37.3238  1.70138e+07  7.00623e+07  6.80552e+07  0 
26.2149  1.1838e+07  4.93997e+07  4.73521e+07  0 
2.15938e+07  1.00411e+13  4.01644e+13  4.01644e+13  0 
2.46099e+08  1.14436e+14  4.57744e+14  4.57744e+14  0 
28.8441  1.31112e+07  5.42901e+07  5.2445e+07  0 
41.4706  1.89246e+07  7.77753e+07  7.56985e+07  0 
39.0846  1.78368e+07  7.33374e+07  7.13471e+07  0 
5.11468e+07  2.37832e+13  9.5133e+13  9.5133e+13  0 
23.1963  1.04803e+07  4.37852e+07  4.19214e+07  0 
27.2278  1.23546e+07  5.12836e+07  4.94186e+07  0 
13.0223  5.73297e+06  2.48615e+07  2.29319e+07  0 
15.1828  6.72445e+06  2.888e+07  2.68978e+07  0 
26.6556  1.20697e+07  5.02194e+07  4.82788e+07  0 
26.0944  1.18037e+07  4.91756e+07  4.72146e+07  0 
29.1164  1.31987e+07  5.47965e+07  5.27949e+07  0 
1.45945e+08  6.78646e+13  2.71458e+14  2.71458e+14  0 
23.3188  1.05128e+07  4.40129e+07  4.20511e+07  0 
17.6401  7.84081e+06  3.34505e+07  3.13633e+07  0 
43.5428  1.994e+07  8.16295e+07  7.976e+07  0 
1.51927e+07  7.06459e+12  2.82584e+13  2.82584e+13  0 
28.6768  1.30203e+07  5.39789e+07  5.20813e+07  0 
1.65065e+07  7.67551e+12  3.0702e+13  3.0702e+13  0 
48.4451  2.22148e+07  9.07479e+07  8.88591e+07  0 
35.1903  1.60335e+07  6.60939e+07  6.41339e+07  0 
27.7219  1.25684e+07  5.22027e+07  5.02736e+07  0 
4.54567e+06  2.11374e+12  8.45495e+12  8.45495e+12  0 
26.9647  1.22022e+07  5.07944e+07  4.88086e+07  0 
25.9387  1.17765e+07  4.8886e+07  4.71062e+07  0 
1.02252e+08  4.75472e+13  1.90189e+14  1.90189e+14  0 
6.61718e+07  3.07699e+13  1.2308e+14  1.2308e+14  0 
29.6432  1.34094e+07  5.57764e+07  5.36378e+07  0 
25.6719  1.16471e+07  4.83898e+07  4.65884e+07  0 
22.9727  1.03716e+07  4.33693e+07  4.14865e+07  0 
1.26408e+06  5.87797e+11  2.35119e+12  2.35119e+12  0 
27.3353  1.23973e+07  5.14836e+07  4.95893e+07  0 
31.7036  1.43907e+07  5.96086e+07  5.75626e+07  0 
6.41503e+07  2.98299e+13  1.1932e+14  1.1932e+14  0 
1.2395e+08  5.76367e+13  2.30547e+14  2.30547e+14  0 
2.68043e+07  1.2464e+13  4.98561e+13  4.98561e+13  0 
4.55147e+07  2.11643e+13  8.46573e+13  8.46573e+13  0 
27.8575  1.26687e+07  5.24549e+07  5.06748e+07  0 
25.9033  1.16858e+07  4.88201e+07  4.67432e+07  0 
27.5602  1.24829e+07  5.19019e+07  4.99318e+07  0 
26.6813  1.2066e+07  5.02672e+07  4.82642e+07  0 
26.7872  1.21601e+07  5.04642e+07  4.86402e+07  0 
24.7225  1.11625e+07  4.66239e+07  4.46499e+07  0 
21.7591  9.80975e+06  4.11119e+07  3.9239e+07  0 
24.1916  1.08995e+07  4.56364e+07  4.3598e+07  0 
27.3727  1.23652e+07  5.15533e+07  4.94609e+07  0 
27.5573  1.24488e+07  5.18965e+07  4.97953e+07  0 
27.5179  1.24183e+07  5.18232e+07  4.96733e+07  0 
1.36948e+09  6.36808e+14  2.54723e+15  2.54723e+15  0 
26.2012  1.18502e+07  4.93742e+07  4.74009e+07  0 
7.01081e+07  3.26003e+13  1.30401e+14  1.30401e+14  0 
35.283  1.60749e+07  6.62664e+07  6.42996e+07  0 
22.3642  1.0054e+07  4.22375e+07  4.02162e+07  0 
6.98684e+07  3.24888e+13  1.29955e+14  1.29955e+14  0 

0.248559  0.510276  1.10232e+06  2.0411  0 
0.888688  0.221713  2.29296e+06  0.886853  0 
0.670108  0.30492  1.8864e+06  1.21968  0 
1.19246  201496  2.85798e+06  805983  1 
2.33434  691550  4.98188e+06  2.7662e+06  2 
3.55616  1.21746e+06  7.25446e+06  4.86982e+06  3 
3.74345  1.38195e+06  7.60283e+06  5.52779e+06  4 
3.97951  1.49363e+06  8.04189e+06  5.97453e+06  5 
4.1527  1.57267e+06  8.36403e+06  6.29067e+06  6 
6.45004  2.58477e+06  1.26371e+07  1.03391e+07  12 
9.39112  3.98297e+06  1.81075e+07  1.59319e+07  23 
9.68483  4.10665e+06  1.86538e+07  1.64266e+07  24 
9.90971  4.2588e+06  1.90721e+07  1.70352e+07  27 
11.5703  4.99953e+06  2.21607e+07  1.99981e+07  41 
11.8582  5.12758e+06  2.26962e+07  2.05103e+07  45 
13.3258  5.86895e+06  2.5426e+07  2.34758e+07  50 
13.7497  6.07887e+06  2.62144e+07  2.43155e+07  52 
17.2877  7.62517e+06  3.27951e+07  3.05007e+07  54 
18.8793  8.4021e+06  3.57554e+07  3.36084e+07  55 
21.85  9.77213e+06  4.12809e+07  3.90885e+07  62 
23.713  1.06597e+07  4.47462e+07  4.26388e+07  64 
24.4485  1.09889e+07  4.61142e+07  4.39556e+07  16 
24.59  1.10943e+07  4.63774e+07  4.43772e+07  66 
25.3455  1.1441e+07  4.77827e+07  4.57641e+07  30 
9.84623  4.1886e+06  1.8954e+07  1.67544e+07  26 
21.9796  9.91061e+06  4.15221e+07  3.96425e+07  60 
25.1402  1.13161e+07  4.74007e+07  4.52643e+07  71 
11.7645  5.07736e+06  2.2522e+07  2.03094e+07  43 
13.4884  5.92731e+06  2.57283e+07  2.37092e+07  51 
11.6222  5.03434e+06  2.22573e+07  2.01374e+07  42 
23.9192  1.07436e+07  4.51298e+07  4.29746e+07  22 
12.2187  5.36368e+06  2.33668e+07  2.14547e+07  47 
20.0871  8.97297e+06  3.8002e+07  3.58919e+07  56 
13.0732  5.71835e+06  2.49561e+07  2.28734e+07  49 
25.713  1.15977e+07  4.84662e+07  4.63907e+07  10 
22.5434  1.00805e+07  4.25708e+07  4.0322e+07  28 
9.76734  4.15305e+06  1.88072e+07  1.66122e+07  25 
25.8077  1.16472e+07  4.86423e+07  4.65889e+07  44 
4.01939  1.47942e+06  8.11607e+06  5.91767e+06  5 
10.7853  4.64688e+06  2.07007e+07  1.85875e+07  35 
10.0675  4.36536e+06  1.93656e+07  1.74614e+07  29 
5.81301  2.36457e+06  1.14522e+07  9.45828e+06  11 
4.96984  1.90547e+06  9.88389e+06  7.62189e+06  8 
7.9939  3.3605e+06  1.55086e+07  1.3442e+07  18 
11.7876  5.10611e+06  2.2565e+07  2.04244e+07  44 
22.6463  1.01341e+07  4.2762e+07  4.05363e+07  62 
14.9527  6.60817e+06  2.8452e+07  2.64327e+07  46 
7.3738  3.04522e+06  1.43553e+07  1.21809e+07  16 
20.9849  9.40102e+06  3.96719e+07  3.76041e+07  58 
11.3957  4.91516e+06  2.1836e+07  1.96607e+07  38 
25.3122  1.13976e+07  4.77206e+07  4.55904e+07  72 
10.3167  4.44072e+06  1.9829e+07  1.77629e+07  32 
6.49554  2.60887e+06  1.27217e+07  1.04355e+07  13 
38.582  1.76349e+07  7.24025e+07  7.05396e+07  78 
9.12071  3.86437e+06  1.76045e+07  1.54575e+07  21 
25.6971  1.15906e+07  4.84367e+07  4.63624e+07  24 
27.1678  1.22971e+07  5.11721e+07  4.91882e+07  77 
38.1122  1.73754e+07  7.15288e+07  6.95015e+07  77 
21.4009  9.6311e+06  4.04456e+07  3.85244e+07  59 
10.6064  4.56513e+06  2.0368e+07  1.82605e+07  34 
7.72576  3.25658e+06  1.50099e+07  1.30263e+07  17 
10.5914  4.5495e+06  2.034e+07  1.8198e+07  33 
4.49006  1.7092e+06  8.99152e+06  6.8368e+06  7 
10.9805  4.75355e+06  2.10638e+07  1.90142e+07  37 
4.99059  1.96018e+06  9.9225e+06  7.84074e+06  9 
10.3685  4.40846e+06  1.99254e+07  1.76339e+07  31 
11.9898  5.18662e+06  2.2941e+07  2.07465e+07  46 
11.5143  4.99301e+06  2.20567e+07  1.9972e+07  40 
5.53813  2.17657e+06  1.09409e+07  8.70628e+06  10 
33.4951  1.5204e+07  6.2941e+07  6.0816e+07  78 
10.2573  4.40675e+06  1.97186e+07  1.7627e+07  30 
21.8989  9.80016e+06  4.13719e+07  3.92007e+07  63 
24.22  1.08786e+07  4.56892e+07  4.35145e+07  41 
6.46833  2.61475e+06  1.26711e+07  1.0459e+07  13 
24.6857  1.11235e+07  4.65553e+07  4.4494e+07  67 
25.8807  1.16413e+07  4.87781e+07  4.65653e+07  12 
12.4683  5.37899e+06  2.3831e+07  2.1516e+07  48 
10.2738  4.4264e+06  1.97492e+07  1.77056e+07  31 
9.21836  3.8874e+06  1.77861e+07  1.55496e+07  22 
11.7189  5.02694e+06  2.24372e+07  2.01078e+07  42 
27.0832  1.22313e+07  5.10148e+07  4.89251e+07  77 
12.4048  5.41422e+06  2.3713e+07  2.16569e+07  48 
28.9273  1.30862e+07  5.44449e+07  5.23446e+07  79 
15.2585  6.7165e+06  2.90207e+07  2.6866e+07  52 
25.0648  1.12766e+07  4.72606e+07  4.51064e+07  23 
25.9821  1.1704e+07  4.89667e+07  4.68161e+07  76 
6.85617  2.80782e+06  1.33925e+07  1.12313e+07  15 
8.10311  3.43571e+06  1.57118e+07  1.37428e+07  19 
24.8167  1.11949e+07  4.67991e+07  4.47798e+07  62 
10.9388  4.7225e+06  2.09862e+07  1.889e+07  36 
13.877  6.06988e+06  2.64513e+07  2.42795e+07  52 
8.3256  3.47328e+06  1.61256e+07  1.38931e+07  20 
12.2856  5.33034e+06  2.34912e+07  2.13214e+07  47 
21.7227  9.72886e+06  4.10442e+07  3.89154e+07  42 
9.98743  4.27837e+06  1.92166e+07  1.71135e+07  28 
6.74941  2.77174e+06  1.31939e+07  1.10869e+07  14 
11.4923  4.94976e+06  2.20157e+07  1.97991e+07  39 
24.2869  1.09222e+07  4.58136e+07  4.36886e+07  74 
34.0262  1.54893e+07  6.39286e+07  6.19573e+07  41 
35.8296  1.63151e+07  6.7283e+07  6.52606e+07  76 

0.201733  126.27  1.01522e+06  505.081  0 
0.912172  0.216527  2.33664e+06  0.86611  0 
0.437333  0.343237  1.45344e+06  1.37295  0 
0.685978  0.261408  1.91592e+06  1.04563  0 
0.535785  0.291955  1.63656e+06  1.16782  0 
0.741075  0.279981  2.0184e+06  1.11992  1 
0.596301  0.330037  1.74912e+06  1.32015  1 
0.583011  0.417723  1.7244e+06  1.67089  1 
0.709075  0.312996  1.95888e+06  1.25198  1 
0.753462  0.296585  2.04144e+06  1.18634  2 
0.606753  0.466886  1.76856e+06  1.86754  3 
0.773978  0.457337  2.0796e+06  1.82935  3 
0.969292  46601.2  2.44288e+06  186405  4 
0.974061  48338.8  2.45175e+06  193355  5 
1.06128  93096  2.61398e+06  372384  6 
1.0876  129393  2.66293e+06  517573  7 
1.23487  195054  2.93685e+06  780214  8 
1.64478  391784  3.6993e+06  1.56714e+06  9 
1.6568  385315  3.72166e+06  1.54126e+06  9 
1.96908  529924  4.3025e+06  2.1197e+06  11 
2.05023  594656  4.45342e+06  2.37862e+06  12 
2.35166  708180  5.01408e+06  2.83272e+06  13 
2.39172  700590  5.0886e+06  2.80236e+06  13 
2.65468  863308  5.57771e+06  3.45323e+06  14 
2.72727  857762  5.71273e+06  3.43105e+06  14 
3.2856  1.13226e+06  6.75122e+06  4.52906e+06  17 
3.42922  1.19275e+06  7.01835e+06  4.77099e+06  18 
3.45648  1.22361e+06  7.06906e+06  4.89442e+06  19 
3.47498  1.26503e+06  7.10346e+06  5.0601e+06  20 
3.64068  1.30386e+06  7.41166e+06  5.21542e+06  22 
3.67789  1.32428e+06  7.48087e+06  5.29711e+06  23 
4.00745  1.45064e+06  8.09385e+06  5.80257e+06  24 
4.24832  1.64665e+06  8.54187e+06  6.58659e+06  25 
4.36474  1.64996e+06  8.75841e+06  6.59985e+06  26 
4.46398  1.72917e+06  8.943e+06  6.91668e+06  27 
4.39937  1.74953e+06  8.82282e+06  6.9981e+06  27 
4.61455  1.75497e+06  9.22307e+06  7.01987e+06  28 
4.64918  1.78769e+06  9.28747e+06  7.15075e+06  29 
4.65244  1.85148e+06  9.29353e+06  7.40593e+06  30 
4.85415  1.88474e+06  9.66872e+06  7.53896e+06  31 
5.0048  1.93751e+06  9.94892e+06  7.75004e+06  32 
5.44651  2.18407e+06  1.07705e+07  8.73626e+06  33 
5.73022  2.24015e+06  1.12982e+07  8.96061e+06  35 
6.52953  2.65347e+06  1.27849e+07  1.06139e+07  37 
7.18831  2.97366e+06  1.40103e+07  1.18947e+07  40 
7.48383  3.12014e+06  1.45599e+07  1.24806e+07  42 
7.52734  3.15645e+06  1.46408e+07  1.26258e+07  43 
7.77824  3.2481e+06  1.51075e+07  1.29924e+07  44 
7.77453  3.26342e+06  1.51006e+07  1.30537e+07  44 
7.87929  3.29023e+06  1.52955e+07  1.31609e+07  45 
8.33489  3.52356e+06  1.61429e+07  1.40943e+07  47 
9.38935  3.98413e+06  1.81042e+07  1.59365e+07  48 
10.2272  4.4e+06  1.96626e+07  1.76e+07  50 
10.4479  4.49647e+06  2.00732e+07  1.79859e+07  51 
10.4536  4.4636e+06  2.00838e+07  1.78544e+07  51 
10.7122  4.61263e+06  2.05647e+07  1.84505e+07  52 
10.7703  4.65237e+06  2.06728e+07  1.86095e+07  53 
11.3704  4.97174e+06  2.1789e+07  1.9887e+07  56 
11.99  5.22607e+06  2.29414e+07  2.09043e+07  60 
12.4538  5.43938e+06  2.3804e+07  2.17575e+07  62 
21.1565  9.4514e+06  3.9991e+07  3.78056e+07  64 
21.285  9.53666e+06  4.02301e+07  3.81466e+07  65 
21.7546  9.72737e+06  4.11035e+07  3.89095e+07  66 
22.297  9.99987e+06  4.21124e+07  3.99995e+07  66 
23.2941  1.04946e+07  4.39669e+07  4.19783e+07  71 
23.7497  1.06635e+07  4.48144e+07  4.2654e+07  73 
40.9513  1.86956e+07  7.68095e+07  7.47825e+07  73 
41.1474  1.87807e+07  7.71742e+07  7.51229e+07  74 
0.568817  0.423953  1.698e+06  1.69581  1 
10.4434  4.50784e+06  2.00646e+07  1.80314e+07  51 
27.2487  1.22736e+07  5.13225e+07  4.90944e+07  77 
4.82806  1.82353e+06  9.62019e+06  7.29412e+06  30 
6.96241  2.87294e+06  1.35901e+07  1.14918e+07  39 
5.85322  2.35759e+06  1.1527e+07  9.43035e+06  36 
0.599914  0.356491  1.75584e+06  1.42596  2 
11.092  4.77662e+06  2.1271e+07  1.91065e+07  55 
19.5604  8.71786e+06  3.70223e+07  3.48714e+07  63 
11.5472  4.98326e+06  2.21177e+07  1.9933e+07  57 
6.72182  2.78813e+06  1.31426e+07  1.11525e+07  38 
8.06607  3.39928e+06  1.56429e+07  1.35971e+07  46 
11.6024  5.02322e+06  2.22205e+07  2.00929e+07  58 
3.22222  1.08449e+06  6.63332e+06  4.33796e+06  16 
1.80062  450027  3.98914e+06  1.80011e+06  10 
5.49796  2.21303e+06  1.08662e+07  8.85212e+06  34 
4.56685  1.78e+06  9.13433e+06  7.12001e+06  28 
5.68343  2.28949e+06  1.12112e+07  9.15798e+06  35 
3.16466  1.07945e+06  6.52628e+06  4.3178e+06  15 
10.0016  4.25154e+06  1.92429e+07  1.70061e+07  49 
10.9273  4.73724e+06  2.09647e+07  1.8949e+07  54 
24.8347  1.119e+07  4.68326e+07  4.47602e+07  75 
22.4256  1.00579e+07  4.23516e+07  4.02317e+07  68 
23.4533  1.05418e+07  4.42632e+07  4.21672e+07  72 
22.8504  1.02474e+07  4.31418e+07  4.09895e+07  70 
3.60673  1.30019e+06  7.34852e+06  5.20076e+06  21 
12.2404  5.30955e+06  2.34071e+07  2.12382e+07  61 
11.8697  5.1555e+06  2.27177e+07  2.0622e+07  59 
22.3487  1.00148e+07  4.22085e+07  4.00591e+07  67 
7.27536  3.00412e+06  1.41722e+07  1.20165e+07  41 
24.6774  1.10992e+07  4.65399e+07  4.4397e+07  74 
21.7005  9.73246e+06  4.1003e+07  3.89298e+07  66 

0.189591  0.53707  992640  2.14828  0 
0.905591  0.210272  2.3244e+06  0.841088  0 
0.588946  0.231974  1.73544e+06  0.927897  0 
0.36972  0.33842  1.32768e+06  1.35368  0 
0.496301  0.26695  1.56312e+06  1.0678  0 
0.44314  0.291378  1.46424e+06  1.16551  0 
0.341075  0.518958  1.2744e+06  2.07583  0 
0.424688  0.326978  1.42992e+06  1.30791  0 
0.372043  0.397749  1.332e+06  1.591  1 
0.505591  0.302656  1.5804e+06  1.21063  1 
0.480172  0.325758  1.53312e+06  1.30303  1 
0.565075  0.280429  1.69104e+06  1.12171  1 
0.712559  0.269198  1.96536e+06  1.07679  1 
0.458882  0.349625  1.49352e+06  1.3985  1 
0.648043  0.280288  1.84536e+06  1.12115  1 
0.467914  0.389963  1.51032e+06  1.55985  2 
0.485204  0.344811  1.54248e+06  1.37924  2 
0.642624  0.290577  1.83528e+06  1.16231  2 
0.58714  0.304967  1.73208e+06  1.21987  2 
0.506108  0.320992  1.58136e+06  1.28397  2 
0.400172  0.502325  1.38432e+06  2.0093  2 
0.59914  0.292969  1.7544e+06  1.17187  2 
0.462495  0.501952  1.50024e+06  2.00781  2 
0.847656  0.284645  2.21664e+06  1.13858  2 
0.49114  0.363992  1.55352e+06  1.45597  3 
0.61914  0.328895  1.7916e+06  1.31558  3 
0.567011  0.334152  1.69464e+06  1.33661  3 
0.535527  0.343396  1.63608e+06  1.37358  3 
0.453204  0.580589  1.48296e+06  2.32236  3 
0.663656  0.294224  1.8744e+06  1.17689  3 
0.715011  0.326543  1.96992e+06  1.30617  4 
0.571785  0.371035  1.70352e+06  1.48414  4 
0.735656  0.308019  2.00832e+06  1.23208  4 
0.508559  0.391899  1.58592e+06  1.5676  4 
0.495656  0.419578  1.56192e+06  1.67831  4 
0.655398  0.337774  1.85904e+06  1.35109  4 
0.682882  0.328221  1.91016e+06  1.31289  4 
0.615398  0.338549  1.78464e+06  1.3542  4 
0.60572  0.354313  1.76664e+06  1.41725  4 
0.539011  0.426373  1.64256e+06  1.70549  5 
0.757978  0.330574  2.04984e+06  1.3223  5 
0.835785  0.327925  2.19456e+06  1.3117  5 
0.753591  0.334812  2.04168e+06  1.33925  5 
0.619656  0.359311  1.79256e+06  1.43724  5 
0.665591  0.351125  1.878e+06  1.4045  5 
0.67643  0.371409  1.89816e+06  1.48564  6 
0.660559  0.372591  1.86864e+06  1.49036  6 
0.688043  0.354883  1.91976e+06  1.41953  6 
0.634882  0.430002  1.82088e+06  1.72001  6 
0.636172  0.496892  1.82328e+06  1.98757  7 
0.700301  0.371834  1.94256e+06  1.48734  7 
0.639351  2978.77  1.82919e+06  11915.1  8 
0.819785  0.389397  2.1648e+06  1.55759  8 
0.746495  0.414182  2.02848e+06  1.65673  8 
0.757658  4291.23  2.04924e+06  17164.9  9 
0.82387  26620.1  2.1724e+06  106480  10 
0.849828  22190.4  2.22068e+06  88761.5  10 
0.94662  25918.4  2.40071e+06  103674  11 
0.846623  50280.2  2.21472e+06  201121  11 
0.972021  110210  2.44796e+06  440841  12 
1.08214  104297  2.65279e+06  417186  12 
1.29298  246558  3.04495e+06  986231  13 
1.41749  228554  3.27654e+06  914217  13 
1.44039  236020  3.31912e+06  944079  14 
1.32407  306795  3.10278e+06  1.22718e+06  14 
1.56007  331812  3.54173e+06  1.32725e+06  15 
1.56045  331567  3.54243e+06  1.32627e+06  15 
1.74421  411676  3.88422e+06  1.6467e+06  16 
1.67072  506867  3.74755e+06  2.02747e+06  16 
1.86393  488768  4.10691e+06  1.95507e+06  17 
1.76  501338  3.91359e+06  2.00535e+06  17 
1.98006  535566  4.3229e+06  2.14226e+06  18 
2.13923  599022  4.61897e+06  2.39609e+06  19 
2.2091  673811  4.74892e+06  2.69524e+06  20 
2.36446  755117  5.0379e+06  3.02047e+06  21 
2.39207  737714  5.08925e+06  2.95086e+06  21 
2.56581  935801  5.4124e+06  3.7432e+06  22 
2.63256  866943  5.53657e+06  3.46777e+06  22 
2.73133  911429  5.72027e+06  3.64572e+06  23 
2.81038  987005  5.8673e+06  3.94802e+06  24 
2.96357  1.04774e+06  6.15224e+06  4.19096e+06  25 
3.28259  1.14107e+06  6.74562e+06  4.56426e+06  26 
3.24643  1.14693e+06  6.67835e+06  4.58771e+06  26 
3.39671  1.21537e+06  6.95788e+06  4.86148e+06  27 
3.46602  1.24562e+06  7.08679e+06  4.98248e+06  28 
3.49423  1.26198e+06  7.13927e+06  5.04792e+06  29 
3.54233  1.26215e+06  7.22874e+06  5.04858e+06  30 
3.61168  1.28869e+06  7.35773e+06  5.15477e+06  31 
3.72067  1.34339e+06  7.56045e+06  5.37358e+06  32 
3.81534  1.3849e+06  7.73654e+06  5.53958e+06  33 
4.08039  1.52998e+06  8.22953e+06  6.11993e+06  34 
4.12362  1.63078e+06  8.30993e+06  6.52313e+06  35 
4.47163  1.75073e+06  8.95723e+06  7.00291e+06  36 
4.27768  1.78096e+06  8.59649e+06  7.12385e+06  36 
4.50607  1.6972e+06  9.02128e+06  6.7888e+06  36 
5.61783  2.27483e+06  1.10892e+07  9.09933e+06  37 
5.74872  2.3372e+06  1.13326e+07  9.34879e+06  38 
5.96176  2.49836e+06  1.17289e+07  9.99344e+06  39 
6.60922  2.74231e+06  1.29332e+07  1.09692e+07  40 
6.67732  2.75867e+06  1.30598e+07  1.10347e+07  41 

0.186624  0.535144  987120  2.14058  0 
0.887656  0.210004  2.29104e+06  0.840017  0 
0.584817  0.232095  1.72776e+06  0.92838  0 
0.340688  0.292052  1.27368e+06  1.16821  0 
0.241075  0.437694  1.0884e+06  1.75077  0 
0.273978  0.374375  1.1496e+06  1.4975  0 
0.517075  0.237244  1.60176e+06  0.948977  0 
0.444946  0.248843  1.4676e+06  0.99537  0 
0.402753  0.254277  1.38912e+06  1.01711  0 
0.320817  0.32518  1.23672e+06  1.30072  0 
0.390882  0.270426  1.36704e+06  1.0817  0 
0.574237  0.233581  1.70808e+06  0.934326  0 
0.515011  0.245885  1.59792e+06  0.983542  1 
0.38972  0.291588  1.36488e+06  1.16635  1 
0.539398  0.255313  1.64328e+06  1.02125  1 
0.387785  0.320792  1.36128e+06  1.28317  3 
0.557204  0.253972  1.6764e+06  1.01589  0 
0.328688  0.376434  1.25136e+06  1.50574  0 
0.338108  0.330811  1.26888e+06  1.32325  1 
0.357075  0.328827  1.30416e+06  1.31531  2 
0.28843  0.400754  1.17648e+06  1.60302  0 
0.403914  0.283668  1.39128e+06  1.13467  1 
0.494882  0.270819  1.56048e+06  1.08327  2 
0.424559  0.281636  1.42968e+06  1.12655  1 
0.337978  0.3433  1.26864e+06  1.3732  0 
0.500817  0.268588  1.57152e+06  1.07435  0 
0.580559  0.235679  1.71984e+06  0.942716  0 
0.40172  0.301814  1.3872e+06  1.20726  2 
0.443527  0.277393  1.46496e+06  1.10957  2 
0.46172  0.277048  1.4988e+06  1.10819  1 
0.507656  0.263979  1.58424e+06  1.05591  2 
0.391785  0.31282  1.36872e+06  1.25128  1 
0.330882  0.409314  1.25544e+06  1.63726  1 
0.340946  0.345204  1.27416e+06  1.38082  1 
0.376946  0.342819  1.34112e+06  1.37128  1 
0.487656  0.284199  1.54704e+06  1.1368  0 
0.509591  0.276148  1.58784e+06  1.10459  1 
0.409462  0.334621  1.4016e+06  1.33848  1 
0.558753  0.264548  1.67928e+06  1.05819  0 
0.412688  0.325166  1.4076e+06  1.30066  3 
0.553333  0.26528  1.6692e+06  1.06112  1 
0.521849  0.27023  1.61064e+06  1.08092  0 
0.580946  0.241672  1.72056e+06  0.966687  1 
0.392559  0.341129  1.37016e+06  1.36452  1 
0.467269  0.28603  1.50912e+06  1.14412  1 
0.449591  0.289968  1.47624e+06  1.15987  0 
0.460817  0.289646  1.49712e+06  1.15858  1 
0.447269  0.295861  1.47192e+06  1.18344  1 
0.310624  0.438218  1.21776e+06  1.75287  2 
0.304688  0.471922  1.20672e+06  1.88769  1 
0.297204  0.513214  1.1928e+06  2.05286  3 
0.493075  0.282743  1.55712e+06  1.13097  0 
0.439785  0.315632  1.458e+06  1.26253  4 
0.635785  0.240619  1.82256e+06  0.962477  2 
0.466108  0.292767  1.50696e+06  1.17107  1 
0.320301  0.465313  1.23576e+06  1.86125  3 
0.565333  0.269457  1.69152e+06  1.07783  0 
0.347011  0.362258  1.28544e+06  1.44903  2 
0.384043  0.345856  1.35432e+06  1.38343  2 
0.308301  0.513767  1.21344e+06  2.05507  4 
0.332301  0.432925  1.25808e+06  1.7317  2 
0.342108  0.367377  1.27632e+06  1.46951  2 
0.539011  0.270693  1.64256e+06  1.08277  3 
0.607914  0.244563  1.77072e+06  0.978251  3 
0.373849  0.354864  1.33536e+06  1.41946  3 
0.452817  0.311002  1.48224e+06  1.24401  3 
0.473591  0.291975  1.52088e+06  1.1679  2 
0.327914  0.440191  1.24992e+06  1.76076  4 
0.525075  0.279069  1.61664e+06  1.11628  4 
0.497204  0.283632  1.5648e+06  1.13453  1 
0.581978  0.252806  1.72248e+06  1.01122  1 
0.376043  0.36179  1.33944e+06  1.44716  4 
0.466882  0.315205  1.5084e+06  1.26082  0 
0.462366  0.322302  1.5e+06  1.28921  3 
0.364172  0.405077  1.31736e+06  1.62031  4 
0.748301  0.247934  2.03184e+06  0.991737  1 
0.468172  0.312891  1.5108e+06  1.25157  2 
0.557075  0.276885  1.67616e+06  1.10754  2 
0.623398  0.275671  1.79952e+06  1.10269  1 
0.335914  0.433052  1.2648e+06  1.73221  1 
0.653204  0.255439  1.85496e+06  1.02176  5 
0.418753  0.357978  1.41888e+06  1.43191  3 
0.542237  0.277126  1.64856e+06  1.1085  4 
0.469591  0.293726  1.51344e+06  1.1749  3 
0.630495  0.266663  1.81272e+06  1.06665  3 
0.511269  0.292561  1.59096e+06  1.17024  4 
0.567527  0.279448  1.6956e+06  1.11779  3 
0.462366  0.344654  1.5e+06  1.37862  0 
0.367269  0.408331  1.32312e+06  1.63332  5 
0.366366  0.44129  1.32144e+06  1.76516  4 
0.564172  0.286793  1.68936e+06  1.14717  2 
0.348688  0.443934  1.28856e+06  1.77573  0 
0.566366  0.280686  1.69344e+06  1.12274  5 
0.687656  0.267855  1.91904e+06  1.07142  4 
0.551011  0.300227  1.66488e+06  1.20091  1 
0.822366  0.248564  2.1696e+06  0.994258  3 
0.50043  0.309254  1.5708e+06  1.23702  5 
0.499785  0.313565  1.5696e+06  1.25426  0 
0.340043  0.458299  1.27248e+06  1.8332  3 
0.606237  0.278544  1.7676e+06  1.11418  5 

0.176688  0.532753  968640  2.13101  0 
0.887656  0.210004  2.29104e+06  0.840017  0 
0.560817  0.224946  1.68312e+06  0.899782  0 
0.311785  0.285256  1.21992e+06  1.14102  0 
0.221075  0.437683  1.0512e+06  1.75073  0 
0.252043  0.334108  1.1088e+06  1.33643  0 
0.498753  0.23287  1.56768e+06  0.931479  0 
0.438108  0.238912  1.45488e+06  0.955649  0 
0.376301  0.252925  1.33992e+06  1.0117  0 
0.231785  0.398911  1.07112e+06  1.59564  0 
0.293204  0.311406  1.18536e+06  1.24562  0 
0.357204  0.269708  1.3044e+06  1.07883  0 
0.728043  0.212902  1.99416e+06  0.851609  0 
0.282495  0.315859  1.16544e+06  1.26344  0 
0.41372  0.244109  1.40952e+06  0.976435  0 
0.34972  0.276659  1.29048e+06  1.10663  0 
0.27114  0.32831  1.14432e+06  1.31324  0 
0.407527  0.2474  1.398e+06  0.989601  0 
0.37114  0.256001  1.33032e+06  1.024  0 
0.537204  0.227754  1.6392e+06  0.911014  0 
0.674237  0.220197  1.89408e+06  0.880788  0 
0.664172  0.220945  1.87536e+06  0.883781  0 
0.342624  0.281488  1.27728e+06  1.12595  0 
0.485333  0.235387  1.54272e+06  0.941549  0 
0.331656  0.282468  1.25688e+06  1.12987  0 
0.660688  0.222442  1.86888e+06  0.889768  0 
0.726237  0.218138  1.9908e+06  0.872552  0 
0.354753  0.275026  1.29984e+06  1.10011  0 
0.473204  0.237515  1.52016e+06  0.95006  0 
0.651011  0.223974  1.85088e+06  0.895897  0 
0.630366  0.224039  1.81248e+06  0.896156  0 
0.497978  0.233415  1.56624e+06  0.933659  0 
0.484688  0.236187  1.54152e+06  0.94475  0 
0.472172  0.23868  1.51824e+06  0.954721  0 
0.626753  0.224814  1.80576e+06  0.899255  0 
0.623398  0.224936  1.79952e+06  0.899745  0 
0.235011  0.426932  1.07712e+06  1.70773  0 
0.494624  0.235455  1.56e+06  0.941822  0 
0.419656  0.252081  1.42056e+06  1.00833  0 
0.415656  0.255643  1.41312e+06  1.02257  0 
0.759914  0.217239  2.05344e+06  0.868956  0 
0.299785  0.3479  1.1976e+06  1.3916  0 
0.462366  0.245622  1.5e+06  0.98249  0 
0.458753  0.248418  1.49328e+06  0.993674  0 
0.679785  0.223574  1.9044e+06  0.894295  0 
0.279914  0.354302  1.16064e+06  1.41721  0 
0.362753  0.289719  1.31472e+06  1.15888  0 
0.368688  0.279601  1.32576e+06  1.1184  0 
0.318624  0.314598  1.23264e+06  1.25839  0 
0.474237  0.245162  1.52208e+06  0.980649  0 
0.269075  0.394676  1.14048e+06  1.5787  0 
0.226882  0.525906  1.062e+06  2.10362  0 
0.52843  0.233984  1.62288e+06  0.935935  0 
0.649978  0.225457  1.84896e+06  0.901827  0 
0.37643  0.267309  1.34016e+06  1.06924  0 
0.544043  0.233524  1.65192e+06  0.934094  0 
0.569849  0.231548  1.69992e+06  0.926193  0 
0.716559  0.220598  1.9728e+06  0.882391  0 
0.587914  0.226268  1.73352e+06  0.905072  0 
0.310882  0.347043  1.21824e+06  1.38817  1 
0.655785  0.224295  1.85976e+06  0.897179  0 
0.349978  0.29095  1.29096e+06  1.1638  0 
0.672043  0.224104  1.89e+06  0.896415  0 
0.360946  0.290253  1.31136e+06  1.16101  0 
0.515527  0.235256  1.59888e+06  0.941024  0 
0.375269  0.283982  1.338e+06  1.13593  0 
0.377591  0.277294  1.34232e+06  1.10918  0 
0.499011  0.236065  1.56816e+06  0.944261  0 
0.304172  0.440908  1.20576e+06  1.76363  0 
0.417075  0.258558  1.41576e+06  1.03423  0 
0.239398  0.52114  1.08528e+06  2.08456  0 
0.567011  0.233856  1.69464e+06  0.935422  0 
0.249075  0.4509  1.10328e+06  1.8036  0 
0.462366  0.252262  1.5e+06  1.00905  0 
0.420301  0.25586  1.42176e+06  1.02344  0 
0.659527  0.225065  1.86672e+06  0.90026  0 
0.324817  0.321253  1.24416e+06  1.28501  0 
0.425849  0.253584  1.43208e+06  1.01434  0 
0.72314  0.223812  1.98504e+06  0.895247  0 
0.414495  0.26979  1.41096e+06  1.07916  0 
0.675269  0.225033  1.896e+06  0.900131  0 
0.315011  0.362325  1.22592e+06  1.4493  0 
0.72443  0.223269  1.98744e+06  0.893077  0 
0.491269  0.246493  1.55376e+06  0.985971  0 
0.707527  0.224154  1.956e+06  0.896617  0 
0.759914  0.219689  2.05344e+06  0.878756  0 
0.595785  0.23033  1.74816e+06  0.921322  0 
0.583398  0.231679  1.72512e+06  0.926715  0 
0.600043  0.228446  1.75608e+06  0.913785  0 
0.576172  0.232144  1.71168e+06  0.928576  0 
0.356559  0.316489  1.3032e+06  1.26596  0 
0.510366  0.236436  1.58928e+06  0.945743  0 
0.460559  0.256293  1.49664e+06  1.02517  1 
0.506108  0.245521  1.58136e+06  0.982083  0 
0.405204  0.314548  1.39368e+06  1.25819  0 
0.699656  0.233083  1.94136e+06  0.932334  0 
0.405978  0.296277  1.39512e+06  1.18511  0 
0.338237  0.484089  1.26912e+06  1.93636  0 
0.344688  0.341152  1.28112e+06  1.36461  0 
0.240172  0.565965  1.08672e+06  2.26386  1 

0.176688  0.532753  968640  2.13101  0 
0.758882  0.208207  2.05152e+06  0.832828  0 
0.44843  0.227029  1.47408e+06  0.908118  0 
0.247914  0.325179  1.10112e+06  1.30072  0 
0.360301  0.245025  1.31016e+06  0.980099  0 
0.297462  0.269494  1.19328e+06  1.07797  0 
0.199398  0.447838  1.01088e+06  1.79135  0 
0.222108  0.398705  1.05312e+06  1.59482  0 
0.338495  0.247191  1.2696e+06  0.988765  0 
0.271785  0.306272  1.14552e+06  1.22509  0 
0.280301  0.287002  1.16136e+06  1.14801  0 
0.715914  0.209904  1.9716e+06  0.839614  0 
0.69243  0.210258  1.92792e+06  0.841032  0 
0.616946  0.211701  1.78752e+06  0.846805  0 
0.431656  0.232071  1.44288e+06  0.928284  0 
0.384301  0.232139  1.3548e+06  0.928556  0 
0.603914  0.214443  1.76328e+06  0.857771  0 
0.327914  0.258385  1.24992e+06  1.03354  0 
0.203398  0.437799  1.01832e+06  1.75119  0 
0.314108  0.260981  1.22424e+06  1.04392  0 
0.575656  0.218765  1.71072e+06  0.875061  1 
0.558624  0.219049  1.67904e+06  0.876196  0 
0.534882  0.220406  1.63488e+06  0.881622  0 
0.241333  0.392573  1.08888e+06  1.57029  0 
0.514495  0.221315  1.59696e+06  0.88526  0 
0.32972  0.252714  1.25328e+06  1.01086  0 
0.499011  0.222977  1.56816e+06  0.891908  0 
0.445333  0.227487  1.46832e+06  0.909947  0 
0.379914  0.241932  1.34664e+06  0.967727  1 
0.490366  0.22444  1.55208e+06  0.897759  0 
0.486237  0.225343  1.5444e+06  0.901374  0 
0.480817  0.225524  1.53432e+06  0.902097  0 
0.376946  0.243983  1.34112e+06  0.975934  0 
0.599527  0.217897  1.75512e+06  0.871589  1 
0.322237  0.260609  1.23936e+06  1.04244  0 
0.513978  0.222715  1.596e+06  0.890859  0 
0.479914  0.22698  1.53264e+06  0.90792  0 
0.245591  0.397625  1.0968e+06  1.5905  0 
0.717075  0.210472  1.97376e+06  0.841887  1 
0.60972  0.216132  1.77408e+06  0.864527  0 
0.333333  0.257317  1.26e+06  1.02927  1 
0.25114  0.331901  1.10712e+06  1.32761  0 
0.578882  0.219251  1.71672e+06  0.877005  1 
0.701849  0.210655  1.94544e+06  0.842621  0 
0.61643  0.215537  1.78656e+06  0.86215  1 
0.235656  0.464188  1.07832e+06  1.85675  1 
0.599527  0.218419  1.75512e+06  0.873676  0 
0.592301  0.218962  1.74168e+06  0.875848  0 
0.40314  0.239733  1.38984e+06  0.95893  1 
0.760043  0.209809  2.05368e+06  0.839237  1 
0.459527  0.231311  1.49472e+06  0.925246  1 
0.517591  0.222109  1.60272e+06  0.888435  1 
0.404688  0.239722  1.39272e+06  0.958887  1 
0.22443  0.472068  1.05744e+06  1.88827  1 
0.533591  0.221954  1.63248e+06  0.887818  1 
0.390495  0.243445  1.36632e+06  0.973779  0 
0.543656  0.220997  1.6512e+06  0.883989  0 
0.398495  0.240204  1.3812e+06  0.960817  0 
0.467656  0.228122  1.50984e+06  0.912488  0 
0.535398  0.221107  1.63584e+06  0.884427  1 
0.321591  0.269846  1.23816e+06  1.07939  0 
0.303011  0.282567  1.2036e+06  1.13027  1 
0.366366  0.247245  1.32144e+06  0.988982  0 
0.336688  0.252896  1.26624e+06  1.01159  0 
0.583527  0.219224  1.72536e+06  0.876895  1 
0.500043  0.224201  1.57008e+06  0.896804  1 
0.204559  0.529527  1.02048e+06  2.11811  0 
0.391914  0.24022  1.36896e+06  0.960879  0 
0.663914  0.212974  1.87488e+06  0.851896  0 
0.604817  0.218059  1.76496e+06  0.872237  0 
0.215785  0.480616  1.04136e+06  1.92247  1 
0.483914  0.225649  1.54008e+06  0.902597  0 
0.295398  0.287024  1.18944e+06  1.1481  0 
0.390366  0.244207  1.36608e+06  0.976828  0 
0.328946  0.266575  1.25184e+06  1.0663  1 
0.467269  0.228443  1.50912e+06  0.913772  1 
0.282108  0.304598  1.16472e+06  1.21839  0 
0.41643  0.235245  1.41456e+06  0.94098  1 
0.316301  0.275519  1.22832e+06  1.10208  0 
0.605462  0.216397  1.76616e+06  0.86559  1 
0.272688  0.308062  1.1472e+06  1.23225  1 
0.573462  0.220992  1.70664e+06  0.883969  0 
0.42314  0.234402  1.42704e+06  0.937609  0 
0.315914  0.279775  1.2276e+06  1.1191  0 
0.372172  0.246134  1.33224e+06  0.984537  1 
0.427656  0.232964  1.43544e+06  0.931854  0 
0.391527  0.241311  1.36824e+06  0.965243  0 
0.239398  0.432366  1.08528e+06  1.72946  1 
0.528946  0.222242  1.62384e+06  0.888969  0 
0.684301  0.217281  1.9128e+06  0.869125  0 
0.280559  0.373157  1.16184e+06  1.49263  0 
0.515527  0.224217  1.59888e+06  0.896867  0 
0.357204  0.256111  1.3044e+06  1.02444  0 
0.360172  0.253353  1.30992e+06  1.01341  0 
0.366624  0.250434  1.32192e+06  1.00173  0 
0.478624  0.23058  1.53024e+06  0.92232  0 
0.342237  0.268585  1.27656e+06  1.07434  0 
0.334624  0.303617  1.2624e+06  1.21447  0 
0.41243  0.240962  1.40712e+06  0.963847  0 
0.261333  0.424619  1.12608e+06  1.69848  0 

0.168946  0.533398  954240  2.13359  0 
0.790108  0.205488  2.1096e+06  0.821954  0 
0.468043  0.216378  1.51056e+06  0.865511  0 
0.228559  0.292272  1.06512e+06  1.16909  0 
0.397978  0.223651  1.38024e+06  0.894606  0 
0.333591  0.237422  1.26048e+06  0.949689  0 
0.175914  0.456532  967200  1.82613  0 
0.188301  0.408157  990240  1.63263  0 
0.291914  0.252595  1.18296e+06  1.01038  0 
0.262882  0.263598  1.12896e+06  1.05439  0 
0.207269  0.3507  1.02552e+06  1.4028  0 
0.246366  0.273192  1.09824e+06  1.09277  0 
0.381333  0.226568  1.34928e+06  0.906273  0 
0.321075  0.241884  1.2372e+06  0.967536  0 
0.767914  0.20636  2.06832e+06  0.825441  0 
0.753075  0.206813  2.04072e+06  0.827251  0 
0.647398  0.207236  1.84416e+06  0.828942  0 
0.603656  0.208751  1.7628e+06  0.835002  0 
0.221075  0.335507  1.0512e+06  1.34203  0 
0.583398  0.209117  1.72512e+06  0.836469  0 
0.363914  0.230206  1.31688e+06  0.920825  0 
0.451269  0.216872  1.47936e+06  0.86749  0 
0.285333  0.256822  1.17072e+06  1.02729  0 
0.201075  0.401669  1.014e+06  1.60668  0 
0.191914  0.402264  996960  1.60906  0 
0.56972  0.210753  1.69968e+06  0.843014  0 
0.241204  0.287593  1.08864e+06  1.15037  0 
0.561333  0.211808  1.68408e+06  0.847234  0 
0.433333  0.219311  1.446e+06  0.877245  0 
0.317204  0.248024  1.23e+06  0.992097  0 
0.540172  0.212747  1.64472e+06  0.850987  0 
0.288301  0.252981  1.17624e+06  1.01192  0 
0.360946  0.231621  1.31136e+06  0.926483  0 
0.393333  0.223688  1.3716e+06  0.894751  0 
0.420817  0.220839  1.42272e+06  0.883355  0 
0.526495  0.213652  1.61928e+06  0.854608  0 
0.523656  0.213667  1.614e+06  0.85467  0 
0.513462  0.213897  1.59504e+06  0.855589  0 
0.356559  0.235152  1.3032e+06  0.940607  0 
0.496043  0.214149  1.56264e+06  0.856594  0 
0.186237  0.449604  986400  1.79842  0 
0.314495  0.250541  1.22496e+06  1.00216  0 
0.389591  0.22491  1.36464e+06  0.899639  0 
0.378882  0.228629  1.34472e+06  0.914516  0 
0.410366  0.222135  1.40328e+06  0.888538  0 
0.274237  0.262243  1.15008e+06  1.04897  0 
0.307785  0.251316  1.21248e+06  1.00526  0 
0.26172  0.265741  1.1268e+06  1.06296  0 
0.18714  0.445277  988080  1.78111  0 
0.487527  0.215336  1.5468e+06  0.861343  0 
0.419398  0.221118  1.42008e+06  0.884473  0 
0.317591  0.247125  1.23072e+06  0.988501  0 
0.375656  0.229347  1.33872e+06  0.917389  0 
0.262366  0.26471  1.128e+06  1.05884  0 
0.217591  0.35027  1.04472e+06  1.40108  0 
0.478495  0.216062  1.53e+06  0.864246  0 
0.313591  0.251007  1.22328e+06  1.00403  0 
0.374882  0.230027  1.33728e+06  0.920108  0 
0.44714  0.219156  1.47168e+06  0.876626  0 
0.539011  0.21352  1.64256e+06  0.854081  0 
0.40572  0.223542  1.39464e+06  0.894167  0 
0.315914  0.250507  1.2276e+06  1.00203  0 
0.213591  0.40301  1.03728e+06  1.61204  0 
0.560817  0.213072  1.68312e+06  0.852287  0 
0.440817  0.219966  1.45992e+06  0.879862  1 
0.267656  0.264908  1.13784e+06  1.05963  0 
0.783011  0.207322  2.0964e+06  0.829289  0 
0.534366  0.213931  1.63392e+06  0.855726  0 
0.415527  0.223244  1.41288e+06  0.892976  0 
0.194753  0.405871  1.00224e+06  1.62348  0 
0.179785  0.529413  974400  2.11765  0 
0.371527  0.234106  1.33104e+06  0.936423  0 
0.238108  0.297357  1.08288e+06  1.18943  0 
0.341333  0.237706  1.27488e+06  0.950824  0 
0.194624  0.47116  1.002e+06  1.88464  0 
0.441849  0.219727  1.46184e+06  0.878908  0 
0.391269  0.225186  1.36776e+06  0.900743  0 
0.382882  0.230593  1.35216e+06  0.922373  0 
0.430108  0.222215  1.44e+06  0.888861  0 
0.580946  0.211968  1.72056e+06  0.847872  0 
0.582624  0.211028  1.72368e+06  0.844112  0 
0.365075  0.234222  1.31904e+06  0.936886  0 
0.576946  0.212575  1.71312e+06  0.850299  0 
0.610882  0.210866  1.77624e+06  0.843462  0 
0.423914  0.22256  1.42848e+06  0.890242  0 
0.224946  0.35634  1.0584e+06  1.42536  1 
0.650237  0.207927  1.84944e+06  0.831707  0 
0.292817  0.254113  1.18464e+06  1.01645  0 
0.323785  0.250156  1.24224e+06  1.00062  0 
0.419527  0.222583  1.42032e+06  0.890333  0 
0.244043  0.287711  1.09392e+06  1.15085  0 
0.297462  0.253282  1.19328e+06  1.01313  0 
0.807398  0.206561  2.14176e+06  0.826246  0 
0.493204  0.215496  1.55736e+06  0.861985  0 
0.431011  0.221044  1.44168e+06  0.884176  0 
0.319785  0.251148  1.2348e+06  1.00459  0 
0.276301  0.263303  1.15392e+06  1.05321  0 
0.250624  0.283328  1.10616e+06  1.13331  0 
0.506108  0.214236  1.58136e+06  0.856943  0 
0.225204  0.337407  1.05888e+06  1.34963  0 

0.160172  0.453824  937920  1.8153  0 
0.736559  0.203034  2.01e+06  0.812137  0 
0.485591  0.212455  1.5432e+06  0.849819  0 
0.28443  0.252604  1.16904e+06  1.01042  0 
0.194237  0.346745  1.00128e+06  1.38698  0 
0.224559  0.28354  1.05768e+06  1.13416  0 
0.439914  0.216742  1.45824e+06  0.866968  0 
0.161204  0.4117  939840  1.6468  0 
0.406624  0.220197  1.39632e+06  0.880787  0 
0.377204  0.224271  1.3416e+06  0.897085  0 
0.258753  0.259404  1.12128e+06  1.03762  0 
0.354366  0.228729  1.29912e+06  0.914917  0 
0.232301  0.262747  1.07208e+06  1.05099  0 
0.333333  0.232748  1.26e+06  0.930992  0 
0.205849  0.300397  1.02288e+06  1.20159  0 
0.178108  0.371569  971280  1.48628  0 
0.319656  0.238441  1.23456e+06  0.953764  0 
0.305849  0.242384  1.20888e+06  0.969535  0 
0.722882  0.203736  1.98456e+06  0.814943  0 
0.709333  0.204404  1.95936e+06  0.817615  0 
0.665204  0.204495  1.87728e+06  0.817981  0 
0.298882  0.242877  1.19592e+06  0.971507  0 
0.636301  0.205505  1.82352e+06  0.822019  0 
0.272172  0.253975  1.14624e+06  1.0159  0 
0.62843  0.20724  1.80888e+06  0.828961  0 
0.189075  0.366453  991680  1.46581  0 
0.600559  0.207439  1.75704e+06  0.829757  0 
0.173591  0.407123  962880  1.62849  0 
0.591011  0.208138  1.73928e+06  0.832551  0 
0.584043  0.208441  1.72632e+06  0.833762  0 
0.569849  0.208567  1.69992e+06  0.834267  0 
0.370237  0.224851  1.32864e+06  0.899404  0 
0.293591  0.248894  1.18608e+06  0.995577  0 
0.184559  0.3679  983280  1.4716  0 
0.361591  0.225239  1.31256e+06  0.900957  0 
0.40314  0.220498  1.38984e+06  0.881993  0 
0.478882  0.213265  1.53072e+06  0.853059  0 
0.558495  0.209036  1.6788e+06  0.836144  0 
0.399527  0.220878  1.38312e+06  0.883513  0 
0.328946  0.235097  1.25184e+06  0.940389  0 
0.221333  0.287513  1.05168e+06  1.15005  0 
0.325462  0.235262  1.24536e+06  0.941046  0 
0.251785  0.259632  1.10832e+06  1.03853  0 
0.471656  0.213771  1.51728e+06  0.855082  0 
0.542624  0.209584  1.64928e+06  0.838336  0 
0.21372  0.297571  1.03752e+06  1.19028  0 
0.290624  0.249812  1.18056e+06  0.999249  0 
0.391527  0.221536  1.36824e+06  0.886144  0 
0.269462  0.25408  1.1412e+06  1.01632  0 
0.244688  0.260196  1.09512e+06  1.04078  0 
0.352043  0.229925  1.2948e+06  0.919701  0 
0.226753  0.2813  1.06176e+06  1.1252  0 
0.314753  0.240174  1.22544e+06  0.960696  0 
0.355269  0.226558  1.3008e+06  0.906231  0 
0.434753  0.218108  1.44864e+06  0.872432  0 
0.422882  0.218148  1.42656e+06  0.872592  0 
0.230366  0.272122  1.06848e+06  1.08849  0 
0.468301  0.214844  1.51104e+06  0.859377  0 
0.38972  0.222327  1.36488e+06  0.889309  0 
0.523527  0.210784  1.61376e+06  0.843135  0 
0.519398  0.211006  1.60608e+06  0.844023  0 
0.388301  0.222533  1.36224e+06  0.890133  0 
0.347011  0.231384  1.28544e+06  0.925537  0 
0.240043  0.261401  1.08648e+06  1.0456  0 
0.198882  0.345482  1.00992e+06  1.38193  0 
0.464043  0.215557  1.50312e+06  0.862228  0 
0.23114  0.268463  1.06992e+06  1.07385  0 
0.177075  0.406051  969360  1.6242  0 
0.387269  0.222979  1.36032e+06  0.891914  0 
0.38572  0.223261  1.35744e+06  0.893045  0 
0.382237  0.223294  1.35096e+06  0.893177  0 
0.342882  0.231799  1.27776e+06  0.927196  0 
0.380688  0.223431  1.34808e+06  0.893724  0 
0.231527  0.265159  1.07064e+06  1.06064  0 
0.324688  0.235821  1.24392e+06  0.943286  0 
0.323785  0.237698  1.24224e+06  0.950792  0 
0.46172  0.216022  1.4988e+06  0.864089  0 
0.330366  0.234434  1.25448e+06  0.937736  0 
0.360946  0.225453  1.31136e+06  0.901812  0 
0.378882  0.223634  1.34472e+06  0.894537  0 
0.416172  0.219562  1.41408e+06  0.878248  0 
0.470108  0.214232  1.5144e+06  0.856928  0 
0.283398  0.253432  1.16712e+06  1.01373  0 
0.342366  0.231815  1.2768e+06  0.927261  0 
0.170108  0.411196  956400  1.64478  0 
0.312946  0.241886  1.22208e+06  0.967544  0 
0.168559  0.411233  953520  1.64493  0 
0.635269  0.206789  1.8216e+06  0.827155  0 
0.450108  0.216319  1.4772e+06  0.865276  0 
0.334753  0.232369  1.26264e+06  0.929477  0 
0.295269  0.248558  1.1892e+06  0.994233  0 
0.251398  0.259869  1.1076e+06  1.03948  0 
0.180301  0.371272  975360  1.48509  0 
0.439656  0.217522  1.45776e+06  0.870087  0 
0.632688  0.207046  1.8168e+06  0.828184  0 
0.517591  0.212261  1.60272e+06  0.849042  0 
0.598366  0.207946  1.75296e+06  0.831784  0 
0.291656  0.249652  1.18248e+06  0.998608  0 
0.287656  0.252475  1.17504e+06  1.0099  0 
0.16843  0.411584  953280  1.64634  0 

0.155914  0.482475  930000  1.9299  0 
0.730753  0.201927  1.9992e+06  0.807708  0 
0.460559  0.213641  1.49664e+06  0.854565  0 
0.235785  0.258725  1.07856e+06  1.0349  0 
0.162495  0.409375  942240  1.6375  0 
0.180946  0.347783  976560  1.39113  0 
0.409462  0.217104  1.4016e+06  0.868414  0 
0.195527  0.299156  1.00368e+06  1.19662  0 
0.372043  0.221853  1.332e+06  0.88741  0 
0.339269  0.225072  1.27104e+06  0.900289  0 
0.313591  0.233282  1.22328e+06  0.933127  0 
0.217204  0.280121  1.044e+06  1.12048  0 
0.295785  0.238098  1.19016e+06  0.952393  0 
0.16443  0.383598  945840  1.53439  0 
0.282753  0.241431  1.16592e+06  0.965723  0 
0.22314  0.264073  1.05504e+06  1.05629  0 
0.697978  0.20289  1.93824e+06  0.811559  0 
0.206495  0.284725  1.02408e+06  1.1389  0 
0.672559  0.202966  1.89096e+06  0.811865  0 
0.634753  0.203862  1.82064e+06  0.815447  0 
0.186108  0.33382  986160  1.33528  0 
0.171398  0.374359  958800  1.49744  0 
0.611656  0.204487  1.77768e+06  0.817949  0 
0.564043  0.205138  1.68912e+06  0.820553  0 
0.555269  0.206543  1.6728e+06  0.826172  0 
0.276301  0.250382  1.15392e+06  1.00153  0 
0.172688  0.368303  961200  1.47321  0 
0.539656  0.207711  1.64376e+06  0.830845  0 
0.267011  0.252942  1.13664e+06  1.01177  0 
0.156817  0.410822  931680  1.64329  0 
0.528301  0.208258  1.62264e+06  0.833034  0 
0.201591  0.288974  1.01496e+06  1.1559  0 
0.261333  0.254012  1.12608e+06  1.01605  0 
0.515914  0.209096  1.5996e+06  0.836383  0 
0.307398  0.234146  1.21176e+06  0.936584  0 
0.213591  0.280998  1.03728e+06  1.12399  0 
0.332043  0.229715  1.2576e+06  0.918861  0 
0.32843  0.229854  1.25088e+06  0.919417  0 
0.506882  0.210359  1.5828e+06  0.841437  0 
0.228817  0.260829  1.0656e+06  1.04332  0 
0.451527  0.214123  1.47984e+06  0.85649  0 
0.319011  0.230304  1.23336e+06  0.921217  0 
0.446237  0.214495  1.47e+06  0.857979  0 
0.405204  0.219267  1.39368e+06  0.877066  0 
0.304946  0.235522  1.2072e+06  0.942087  0 
0.479398  0.211228  1.53168e+06  0.844914  0 
0.169075  0.378977  954480  1.51591  0 
0.258108  0.256444  1.12008e+06  1.02578  0 
0.253075  0.256502  1.11072e+06  1.02601  0 
0.29914  0.235904  1.1964e+06  0.943615  0 
0.337075  0.2273  1.26696e+06  0.909201  0 
0.397333  0.219679  1.37904e+06  0.878714  0 
0.438882  0.215007  1.45632e+06  0.86003  0 
0.368817  0.223056  1.326e+06  0.892226  0 
0.434108  0.215134  1.44744e+06  0.860535  0 
0.426366  0.215252  1.43304e+06  0.86101  0 
0.175269  0.366537  966000  1.46615  0 
0.366108  0.223317  1.32096e+06  0.893267  0 
0.355785  0.223493  1.30176e+06  0.893973  0 
0.243527  0.257188  1.09296e+06  1.02875  0 
0.387011  0.22047  1.35984e+06  0.881882  0 
0.353075  0.223774  1.29672e+06  0.895094  0 
0.188043  0.332649  989760  1.3306  0 
0.221978  0.278872  1.05288e+06  1.11549  0 
0.553075  0.206587  1.66872e+06  0.82635  0 
0.348172  0.223961  1.2876e+06  0.895842  0 
0.161075  0.409778  939600  1.63911  0 
0.264301  0.252974  1.1316e+06  1.0119  0 
0.380043  0.220837  1.34688e+06  0.883346  0 
0.423011  0.21611  1.4268e+06  0.864441  0 
0.233849  0.259887  1.07496e+06  1.03955  0 
0.15772  0.409912  933360  1.63965  0 
0.171785  0.371934  959520  1.48774  0 
0.336172  0.228072  1.26528e+06  0.912286  0 
0.298237  0.237008  1.19472e+06  0.948033  0 
0.470237  0.212744  1.51464e+06  0.850974  0 
0.311656  0.233424  1.21968e+06  0.933697  0 
0.218624  0.279441  1.04664e+06  1.11776  0 
0.232688  0.260155  1.0728e+06  1.04062  0 
0.228172  0.263025  1.0644e+06  1.0521  0 
0.466624  0.213033  1.50792e+06  0.852132  0 
0.18443  0.347221  983040  1.38888  0 
0.408946  0.217596  1.40064e+06  0.870383  0 
0.31114  0.233509  1.21872e+06  0.934038  0 
0.61114  0.204557  1.77672e+06  0.818227  0 
0.221462  0.27898  1.05192e+06  1.11592  0 
0.242108  0.258293  1.09032e+06  1.03317  0 
0.326366  0.2299  1.24704e+06  0.919602  0 
0.605333  0.204741  1.76592e+06  0.818965  0 
0.241204  0.258343  1.08864e+06  1.03337  0 
0.342495  0.224742  1.27704e+06  0.898968  0 
0.631269  0.20421  1.81416e+06  0.81684  0 
0.310108  0.233878  1.2168e+06  0.93551  0 
0.274366  0.252692  1.15032e+06  1.01077  0 
0.216301  0.280763  1.04232e+06  1.12305  0 
0.374366  0.22165  1.33632e+06  0.886599  0 
0.239398  0.258523  1.08528e+06  1.03409  0 
0.293978  0.241261  1.1868e+06  0.965043  0 
0.524688  0.208932  1.61592e+06  0.835729  0 
0.337075  0.2273  1.26696e+06  0.909201  0 

0.145978  0.431411  911520  1.72565  0 
0.744946  0.199026  2.0256e+06  0.796104  0 
0.52172  0.208676  1.6104e+06  0.834704  0 
0.320301  0.228899  1.23576e+06  0.915595  0 
0.193591  0.294512  1.00008e+06  1.17805  0 
0.259269  0.244894  1.12224e+06  0.979576  0 
0.158108  0.386322  934080  1.54529  0 
0.226753  0.26191  1.06176e+06  1.04764  0 
0.171527  0.363363  959040  1.45345  0 
0.500043  0.209768  1.57008e+06  0.83907  0 
0.208043  0.273773  1.02696e+06  1.09509  0 
0.478882  0.211172  1.53072e+06  0.844688  0 
0.45643  0.212919  1.48896e+06  0.851677  0 
0.436946  0.214335  1.45272e+06  0.857339  0 
0.42043  0.214867  1.422e+06  0.859466  0 
0.180946  0.347783  976560  1.39113  0 
0.404559  0.216556  1.39248e+06  0.866223  0 
0.306882  0.232971  1.2108e+06  0.931884  0 
0.182624  0.333595  979680  1.33438  0 
0.183656  0.312854  981600  1.25141  0 
0.394753  0.218006  1.37424e+06  0.872023  0 
0.249462  0.252493  1.104e+06  1.00997  0 
0.377849  0.219732  1.3428e+06  0.87893  0 
0.149075  0.404154  917280  1.61662  0 
0.298237  0.237008  1.19472e+06  0.948033  0 
0.706753  0.20103  1.95456e+06  0.804121  0 
0.36843  0.221493  1.32528e+06  0.88597  0 
0.650495  0.201684  1.84992e+06  0.806734  0 
0.219398  0.267033  1.04808e+06  1.06813  0 
0.174237  0.350803  964080  1.40321  0 
0.164946  0.373396  946800  1.49358  0 
0.359527  0.223009  1.30872e+06  0.892036  0 
0.201591  0.288975  1.01496e+06  1.1559  0 
0.24172  0.256428  1.0896e+06  1.02571  0 
0.350882  0.223497  1.29264e+06  0.893987  0 
0.60714  0.203403  1.76928e+06  0.813614  0 
0.202882  0.283774  1.01736e+06  1.1351  0 
0.345204  0.224121  1.28208e+06  0.896484  0 
0.21243  0.26908  1.03512e+06  1.07632  0 
0.293591  0.239653  1.18608e+06  0.958611  0 
0.235785  0.257349  1.07856e+06  1.02939  0 
0.285978  0.24055  1.17192e+06  0.962201  0 
0.601849  0.20444  1.75944e+06  0.817759  0 
0.590108  0.20452  1.7376e+06  0.81808  0 
0.189849  0.307069  993120  1.22827  0 
0.335656  0.225171  1.26432e+06  0.900684  0 
0.568172  0.205086  1.6968e+06  0.820343  0 
0.559914  0.205092  1.68144e+06  0.820367  0 
0.549075  0.205226  1.66128e+06  0.820902  0 
0.282753  0.241431  1.16592e+06  0.965723  0 
0.198495  0.289446  1.0092e+06  1.15778  0 
0.327785  0.225824  1.24968e+06  0.903294  0 
0.22314  0.264073  1.05504e+06  1.05629  0 
0.544946  0.206156  1.6536e+06  0.824625  0 
0.315914  0.230535  1.2276e+06  0.922141  0 
0.195914  0.292175  1.0044e+06  1.1687  0 
0.169204  0.368711  954720  1.47484  0 
0.233591  0.259431  1.07448e+06  1.03772  0 
0.294624  0.23788  1.188e+06  0.951522  0 
0.539398  0.20709  1.64328e+06  0.828361  0 
0.279527  0.243323  1.15992e+06  0.973293  0 
0.366108  0.221578  1.32096e+06  0.886313  0 
0.373204  0.220197  1.33416e+06  0.880786  0 
0.206753  0.281338  1.02456e+06  1.12535  0 
0.216172  0.267819  1.04208e+06  1.07128  0 
0.255914  0.251287  1.116e+06  1.00515  0 
0.533978  0.207517  1.6332e+06  0.830069  0 
0.29914  0.235904  1.1964e+06  0.943615  0 
0.228817  0.260829  1.0656e+06  1.04332  0 
0.472688  0.211841  1.5192e+06  0.847362  0 
0.499011  0.210181  1.56816e+06  0.840724  0 
0.371914  0.220615  1.33176e+06  0.882461  0 
0.496301  0.210345  1.56312e+06  0.841381  0 
0.224559  0.263271  1.05768e+06  1.05308  0 
0.510237  0.209072  1.58904e+06  0.836288  0 
0.494366  0.210476  1.55952e+06  0.841905  0 
0.247785  0.255752  1.10088e+06  1.02301  0 
0.232688  0.260155  1.0728e+06  1.04062  0 
0.258624  0.250443  1.12104e+06  1.00177  0 
0.52843  0.208098  1.62288e+06  0.832394  0 
0.162237  0.385799  941760  1.5432  0 
0.16443  0.383598  945840  1.53439  0 
0.254624  0.252039  1.1136e+06  1.00816  0 
0.245075  0.255986  1.09584e+06  1.02394  0 
0.16843  0.372994  953280  1.49198  0 
0.35643  0.223096  1.30296e+06  0.892386  0 
0.469204  0.212521  1.51272e+06  0.850084  0 
0.241333  0.256442  1.08888e+06  1.02577  0 
0.647785  0.203041  1.84488e+06  0.812164  0 
0.50972  0.209427  1.58808e+06  0.83771  0 
0.324946  0.228578  1.2444e+06  0.914313  0 
0.238495  0.257079  1.0836e+06  1.02832  0 
0.365849  0.222227  1.32048e+06  0.888907  0 
0.48972  0.211042  1.55088e+06  0.844167  0 
0.404301  0.217884  1.392e+06  0.871538  0 
0.604946  0.204354  1.7652e+06  0.817415  0 
0.557204  0.205153  1.6764e+06  0.82061  0 
0.291011  0.240482  1.18128e+06  0.961927  0 
0.289462  0.24049  1.1784e+06  0.961959  0 
0.346753  0.22409  1.28496e+06  0.896359  0 

0.145978  0.431411  911520  1.72565  0 
0.744946  0.199026  2.0256e+06  0.796104  0 
0.52172  0.208676  1.6104e+06  0.834704  0 
0.320301  0.228899  1.23576e+06  0.915595  0 
0.193591  0.294512  1.00008e+06  1.17805  0 
0.259269  0.244894  1.12224e+06  0.979576  0 
0.158108  0.386322  934080  1.54529  0 
0.226753  0.26191  1.06176e+06  1.04764  0 
0.171527  0.363363  959040  1.45345  0 
0.500043  0.209768  1.57008e+06  0.83907  0 
0.208043  0.273773  1.02696e+06  1.09509  0 
0.478882  0.211172  1.53072e+06  0.844688  0 
0.45643  0.212919  1.48896e+06  0.851677  0 
0.436946  0.214335  1.45272e+06  0.857339  0 
0.42043  0.214867  1.422e+06  0.859466  0 
0.180946  0.347783  976560  1.39113  0 
0.404559  0.216556  1.39248e+06  0.866223  0 
0.306882  0.232971  1.2108e+06  0.931884  0 
0.182624  0.333595  979680  1.33438  0 
0.183656  0.312854  981600  1.25141  0 
0.394753  0.218006  1.37424e+06  0.872023  0 
0.249462  0.252493  1.104e+06  1.00997  0 
0.377849  0.219732  1.3428e+06  0.87893  0 
0.149075  0.404154  917280  1.61662  0 
0.298237  0.237008  1.19472e+06  0.948033  0 
0.706753  0.20103  1.95456e+06  0.804121  0 
0.36843  0.221493  1.32528e+06  0.88597  0 
0.650495  0.201684  1.84992e+06  0.806734  0 
0.219398  0.267033  1.04808e+06  1.06813  0 
0.174237  0.350803  964080  1.40321  0 
0.164946  0.373396  946800  1.49358  0 
0.359527  0.223009  1.30872e+06  0.892036  0 
0.201591  0.288975  1.01496e+06  1.1559  0 
0.24172  0.256428  1.0896e+06  1.02571  0 
0.350882  0.223497  1.29264e+06  0.893987  0 
0.60714  0.203403  1.76928e+06  0.813614  0 
0.202882  0.283774  1.01736e+06  1.1351  0 
0.345204  0.224121  1.28208e+06  0.896484  0 
0.21243  0.26908  1.03512e+06  1.07632  0 
0.293591  0.239653  1.18608e+06  0.958611  0 
0.235785  0.257349  1.07856e+06  1.02939  0 
0.285978  0.24055  1.17192e+06  0.962201  0 
0.601849  0.20444  1.75944e+06  0.817759  0 
0.590108  0.20452  1.7376e+06  0.81808  0 
0.189849  0.307069  993120  1.22827  0 
0.335656  0.225171  1.26432e+06  0.900684  0 
0.568172  0.205086  1.6968e+06  0.820343  0 
0.559914  0.205092  1.68144e+06  0.820367  0 
0.549075  0.205226  1.66128e+06  0.820902  0 
0.282753  0.241431  1.16592e+06  0.965723  0 
0.198495  0.289446  1.0092e+06  1.15778  0 
0.327785  0.225824  1.24968e+06  0.903294  0 
0.22314  0.264073  1.05504e+06  1.05629  0 
0.544946  0.206156  1.6536e+06  0.824625  0 
0.315914  0.230535  1.2276e+06  0.922141  0 
0.195914  0.292175  1.0044e+06  1.1687  0 
0.169204  0.368711  954720  1.47484  0 
0.233591  0.259431  1.07448e+06  1.03772  0 
0.294624  0.23788  1.188e+06  0.951522  0 
0.539398  0.20709  1.64328e+06  0.828361  0 
0.279527  0.243323  1.15992e+06  0.973293  0 
0.366108  0.221578  1.32096e+06  0.886313  0 
0.373204  0.220197  1.33416e+06  0.880786  0 
0.206753  0.281338  1.02456e+06  1.12535  0 
0.216172  0.267819  1.04208e+06  1.07128  0 
0.255914  0.251287  1.116e+06  1.00515  0 
0.533978  0.207517  1.6332e+06  0.830069  0 
0.29914  0.235904  1.1964e+06  0.943615  0 
0.228817  0.260829  1.0656e+06  1.04332  0 
0.472688  0.211841  1.5192e+06  0.847362  0 
0.499011  0.210181  1.56816e+06  0.840724  0 
0.371914  0.220615  1.33176e+06  0.882461  0 
0.496301  0.210345  1.56312e+06  0.841381  0 
0.224559  0.263271  1.05768e+06  1.05308  0 
0.510237  0.209072  1.58904e+06  0.836288  0 
0.494366  0.210476  1.55952e+06  0.841905  0 
0.247785  0.255752  1.10088e+06  1.02301  0 
0.232688  0.260155  1.0728e+06  1.04062  0 
0.258624  0.250443  1.12104e+06  1.00177  0 
0.52843  0.208098  1.62288e+06  0.832394  0 
0.162237  0.385799  941760  1.5432  0 
0.16443  0.383598  945840  1.53439  0 
0.254624  0.252039  1.1136e+06  1.00816  0 
0.245075  0.255986  1.09584e+06  1.02394  0 
0.16843  0.372994  953280  1.49198  0 
0.35643  0.223096  1.30296e+06  0.892386  0 
0.469204  0.212521  1.51272e+06  0.850084  0 
0.241333  0.256442  1.08888e+06  1.02577  0 
0.647785  0.203041  1.84488e+06  0.812164  0 
0.50972  0.209427  1.58808e+06  0.83771  0 
0.324946  0.228578  1.2444e+06  0.914313  0 
0.238495  0.257079  1.0836e+06  1.02832  0 
0.365849  0.222227  1.32048e+06  0.888907  0 
0.48972  0.211042  1.55088e+06  0.844167  0 
0.404301  0.217884  1.392e+06  0.871538  0 
0.604946  0.204354  1.7652e+06  0.817415  0 
0.557204  0.205153  1.6764e+06  0.82061  0 
0.291011  0.240482  1.18128e+06  0.961927  0 
0.289462  0.24049  1.1784e+06  0.961959  0 
0.346753  0.22409  1.28496e+06  0.896359  0 

