40.4903  1.84837e+07  7.59519e+07  7.39347e+07  0 
9.07507e+07  4.21991e+13  1.68796e+14  1.68796e+14  0 
50.2395  2.30378e+07  9.40855e+07  9.21511e+07  0 
42.8734  1.96343e+07  8.03846e+07  7.85373e+07  0 
25.6574  1.16018e+07  4.83627e+07  4.64072e+07  0 
31.3041  1.42197e+07  5.88656e+07  5.68786e+07  0 
32.2732  1.46588e+07  6.06681e+07  5.86353e+07  0 
27.6463  1.25488e+07  5.2062e+07  5.01951e+07  0 
1.25457e+07  5.83375e+12  2.3335e+13  2.3335e+13  0 
26.5791  1.20521e+07  5.00771e+07  4.82085e+07  0 
41.4717  1.89871e+07  7.77773e+07  7.59483e+07  0 
11.0115  4.77372e+06  2.11214e+07  1.90949e+07  0 
33.3783  1.52123e+07  6.27237e+07  6.0849e+07  0 
35.6507  1.62304e+07  6.69503e+07  6.49215e+07  0 
2.10935e+07  9.80847e+12  3.92339e+13  3.92339e+13  0 
32.9973  1.50028e+07  6.20149e+07  6.00114e+07  0 
25.8824  1.16936e+07  4.87812e+07  4.67743e+07  0 
1.38473e+08  6.43899e+13  2.5756e+14  2.5756e+14  0 
43.8965  2.00561e+07  8.22875e+07  8.02242e+07  0 
25.948  1.17693e+07  4.89033e+07  4.70772e+07  0 
1.87399e+07  8.71404e+12  3.48562e+13  3.48562e+13  0 
1.01686e+08  4.72839e+13  1.89135e+14  1.89135e+14  0 
31.2061  1.41977e+07  5.86834e+07  5.67907e+07  0 
17.6821  7.87821e+06  3.35286e+07  3.15129e+07  0 
22.5232  1.0156e+07  4.25331e+07  4.06241e+07  0 
7.37053e+06  3.4273e+12  1.37092e+13  1.37092e+13  0 
3.83778e+06  1.78457e+12  7.13828e+12  7.13828e+12  0 
38.7612  1.77165e+07  7.27358e+07  7.08662e+07  0 
3.11631e+07  1.44908e+13  5.79633e+13  5.79633e+13  0 
2.40984e+08  1.12057e+14  4.48229e+14  4.48229e+14  0 
27.4678  1.24666e+07  5.17302e+07  4.98663e+07  0 
26.361  1.19022e+07  4.96714e+07  4.76088e+07  0 
30.47  1.38402e+07  5.73141e+07  5.53608e+07  0 
25.4478  1.14973e+07  4.79729e+07  4.59891e+07  0 
32.2418  1.46731e+07  6.06098e+07  5.86922e+07  0 
3.36668e+09  1.5655e+15  6.26202e+15  6.26202e+15  0 
23.9229  1.07927e+07  4.51366e+07  4.31707e+07  0 
30.2503  1.37864e+07  5.69055e+07  5.51456e+07  0 
6.8453e+07  3.18306e+13  1.27323e+14  1.27323e+14  0 
7.58913e+07  3.52895e+13  1.41158e+14  1.41158e+14  0 
27.4016  1.24028e+07  5.16069e+07  4.96111e+07  0 
45.2387  2.06951e+07  8.4784e+07  8.27805e+07  0 
28.7154  1.30081e+07  5.40506e+07  5.20322e+07  0 
39.8234  1.81826e+07  7.47116e+07  7.27304e+07  0 
3.52205e+06  1.63775e+12  6.55101e+12  6.55101e+12  0 
10.8399  4.68358e+06  2.08022e+07  1.87343e+07  0 
30.955  1.40508e+07  5.82163e+07  5.62034e+07  0 
10.164  4.37022e+06  1.95451e+07  1.74809e+07  0 
8.78009e+07  4.08274e+13  1.6331e+14  1.6331e+14  0 
27.7166  1.25924e+07  5.21928e+07  5.03695e+07  0 
28.4244  1.28607e+07  5.35094e+07  5.1443e+07  0 
16.4002  7.27028e+06  3.11444e+07  2.90811e+07  0 
8.04167e+07  3.73938e+13  1.49575e+14  1.49575e+14  0 
48.1176  2.20606e+07  9.01387e+07  8.82425e+07  0 
1.65839e+08  7.71153e+13  3.08461e+14  3.08461e+14  0 
28.4786  1.29146e+07  5.36102e+07  5.16586e+07  0 
39.1599  1.78705e+07  7.34774e+07  7.1482e+07  0 
25.1251  1.13333e+07  4.73726e+07  4.53331e+07  0 
1.01037e+07  4.6982e+12  1.87928e+13  1.87928e+13  0 
5.83091e+07  2.71137e+13  1.08455e+14  1.08455e+14  0 
12.5527  5.46438e+06  2.3988e+07  2.18575e+07  0 
24.1049  1.08584e+07  4.54751e+07  4.34337e+07  0 
28.5968  1.29847e+07  5.383e+07  5.19388e+07  0 
5.60014e+06  2.60406e+12  1.04163e+13  1.04163e+13  0 
16.812  7.44819e+06  3.19103e+07  2.97928e+07  0 
41.7126  1.90889e+07  7.82255e+07  7.63556e+07  0 
26.1661  1.18322e+07  4.93089e+07  4.73289e+07  0 
33.0925  1.50339e+07  6.21921e+07  6.01358e+07  0 
37.2526  1.6904e+07  6.99298e+07  6.7616e+07  0 
34.1534  1.55863e+07  6.41653e+07  6.23452e+07  0 
888183  4.13005e+11  1.65202e+12  1.65202e+12  0 
8.59434e+07  3.99637e+13  1.59855e+14  1.59855e+14  0 
33.018  1.504e+07  6.20535e+07  6.01599e+07  0 
29.0734  1.31315e+07  5.47166e+07  5.25261e+07  0 
49.5109  2.2672e+07  9.27302e+07  9.06881e+07  0 
39.4219  1.79933e+07  7.39647e+07  7.19734e+07  0 
38.271  1.74709e+07  7.18241e+07  6.98837e+07  0 
51.3988  2.35512e+07  9.62418e+07  9.42047e+07  0 
27.57  1.25225e+07  5.19203e+07  5.00898e+07  0 
32.2404  1.46646e+07  6.06071e+07  5.86586e+07  0 
25.4296  1.15011e+07  4.79391e+07  4.60044e+07  0 
24.2943  1.09567e+07  4.58273e+07  4.38267e+07  0 
12.9861  5.73757e+06  2.47942e+07  2.29503e+07  0 
24.2785  1.08959e+07  4.5798e+07  4.35835e+07  0 
25.038  1.12839e+07  4.72107e+07  4.51354e+07  0 
22.4185  1.00797e+07  4.23385e+07  4.03186e+07  0 
29.1928  1.32486e+07  5.49387e+07  5.29942e+07  0 
22.7809  1.02754e+07  4.30125e+07  4.11017e+07  0 
25.3045  1.14249e+07  4.77064e+07  4.56998e+07  0 
25.9098  1.1682e+07  4.88322e+07  4.67279e+07  0 
25.778  1.16286e+07  4.8587e+07  4.65144e+07  0 
29.2029  1.32462e+07  5.49575e+07  5.29849e+07  0 
23.0747  1.03838e+07  4.3559e+07  4.15353e+07  0 
6.09078e+07  2.83221e+13  1.13289e+14  1.13289e+14  0 
2.00106e+06  9.30491e+11  3.72197e+12  3.72196e+12  0 
25.5702  1.15889e+07  4.82005e+07  4.63554e+07  0 
25.0286  1.13483e+07  4.71933e+07  4.53933e+07  0 
4.85338e+07  2.25682e+13  9.02728e+13  9.02728e+13  0 
47.9751  2.19323e+07  8.98737e+07  8.77291e+07  0 
1.34886e+07  6.27218e+12  2.50887e+13  2.50887e+13  0 

0.283527  0.468291  1.16736e+06  1.87316  0 
0.888817  0.219545  2.2932e+06  0.878182  0 
0.679656  0.287358  1.90416e+06  1.14943  0 
0.83114  0.412445  2.18592e+06  1.64978  1 
1.86356  476297  4.10623e+06  1.90519e+06  3 
3.48669  1.22577e+06  7.12523e+06  4.90308e+06  4 
4.01728  1.49079e+06  8.11213e+06  5.96317e+06  6 
5.00498  1.96747e+06  9.94926e+06  7.8699e+06  9 
5.78271  2.31946e+06  1.13958e+07  9.27784e+06  12 
7.14049  2.96247e+06  1.39213e+07  1.18499e+07  19 
7.8811  3.30457e+06  1.52988e+07  1.32183e+07  22 
8.63424  3.59946e+06  1.66997e+07  1.43979e+07  27 
8.85704  3.66665e+06  1.71141e+07  1.46666e+07  28 
9.6666  4.11521e+06  1.86199e+07  1.64608e+07  32 
10.4244  4.47624e+06  2.00294e+07  1.79049e+07  36 
10.5357  4.51471e+06  2.02363e+07  1.80588e+07  37 
11.4719  5.01216e+06  2.19778e+07  2.00486e+07  40 
13.364  5.85983e+06  2.54971e+07  2.34393e+07  53 
22.0177  9.88141e+06  4.1593e+07  3.95256e+07  64 
22.2256  9.98214e+06  4.19796e+07  3.99285e+07  61 
24.3981  1.10495e+07  4.60205e+07  4.41979e+07  70 
4.1895  1.61846e+06  8.43247e+06  6.47383e+06  7 
8.3324  3.44897e+06  1.61383e+07  1.37959e+07  24 
5.20697  2.0314e+06  1.0325e+07  8.1256e+06  10 
24.7676  1.11401e+07  4.67077e+07  4.45602e+07  82 
28.9665  1.30746e+07  5.45177e+07  5.22982e+07  81 
8.12096  3.46423e+06  1.5745e+07  1.38569e+07  24 
22.2609  9.97244e+06  4.20452e+07  3.98898e+07  61 
18.8041  8.36595e+06  3.56156e+07  3.34638e+07  57 
19.8593  8.8647e+06  3.75782e+07  3.54588e+07  58 
6.42788  2.60038e+06  1.25959e+07  1.04015e+07  15 
7.14039  2.98156e+06  1.39211e+07  1.19262e+07  19 
7.47451  3.08209e+06  1.45426e+07  1.23284e+07  20 
7.76518  3.25451e+06  1.50832e+07  1.3018e+07  21 
22.4885  1.01342e+07  4.24685e+07  4.05368e+07  62 
8.58319  3.59264e+06  1.66047e+07  1.43706e+07  26 
10.6848  4.5783e+06  2.05137e+07  1.83132e+07  38 
9.25699  3.9305e+06  1.7858e+07  1.5722e+07  30 
39.9876  1.82265e+07  7.50169e+07  7.29061e+07  85 
24.4018  1.101e+07  4.60273e+07  4.40401e+07  70 
8.946  3.78379e+06  1.72796e+07  1.51352e+07  29 
6.79931  2.75858e+06  1.32867e+07  1.10343e+07  18 
3.81861  1.40105e+06  7.74261e+06  5.60421e+06  5 
10.4644  4.44149e+06  2.01038e+07  1.7766e+07  35 
24.5073  1.10067e+07  4.62237e+07  4.40267e+07  70 
12.6492  5.53436e+06  2.41676e+07  2.21374e+07  50 
11.804  5.12345e+06  2.25955e+07  2.04938e+07  43 
23.8828  1.07637e+07  4.5062e+07  4.30547e+07  68 
40.3574  1.84746e+07  7.57047e+07  7.38982e+07  86 
10.1438  4.37142e+06  1.95075e+07  1.74857e+07  33 
23.2956  1.04053e+07  4.39698e+07  4.16211e+07  65 
24.5779  1.1094e+07  4.63548e+07  4.4376e+07  77 
8.79362  3.74623e+06  1.69961e+07  1.49849e+07  28 
8.11701  3.39705e+06  1.57376e+07  1.35882e+07  23 
20.699  9.26423e+06  3.91401e+07  3.70569e+07  59 
11.5264  5.0223e+06  2.2079e+07  2.00892e+07  41 
26.5475  1.19858e+07  5.00183e+07  4.7943e+07  80 
20.9919  9.35364e+06  3.96849e+07  3.74146e+07  60 
21.4342  9.62673e+06  4.05075e+07  3.85069e+07  60 
38.7694  1.7681e+07  7.27512e+07  7.07239e+07  84 
8.19345  3.38237e+06  1.58798e+07  1.35295e+07  23 
24.6297  1.11134e+07  4.64512e+07  4.44537e+07  66 
10.7964  4.64412e+06  2.07213e+07  1.85765e+07  39 
5.3744  2.0855e+06  1.06364e+07  8.34199e+06  11 
24.7235  1.11001e+07  4.66258e+07  4.44003e+07  12 
11.6084  5.05056e+06  2.22317e+07  2.02022e+07  42 
23.451  1.05352e+07  4.42589e+07  4.21407e+07  66 
10.3891  4.46772e+06  1.99637e+07  1.78709e+07  35 
4.83747  1.8936e+06  9.63769e+06  7.57441e+06  8 
23.657  1.0674e+07  4.4642e+07  4.26961e+07  67 
24.4128  1.10125e+07  4.60478e+07  4.405e+07  71 
8.55939  3.58716e+06  1.65605e+07  1.43486e+07  25 
12.736  5.49042e+06  2.4329e+07  2.19617e+07  50 
6.29937  2.55113e+06  1.23568e+07  1.02045e+07  14 
11.4974  4.95388e+06  2.20252e+07  1.98155e+07  40 
6.46322  2.63602e+06  1.26616e+07  1.05441e+07  16 
9.43072  4.05016e+06  1.81811e+07  1.62007e+07  31 
6.12543  2.48951e+06  1.20333e+07  9.95803e+06  13 
11.4829  5.00047e+06  2.19982e+07  2.00019e+07  40 
12.3103  5.35499e+06  2.35372e+07  2.142e+07  47 
6.72569  2.72597e+06  1.31498e+07  1.09039e+07  17 
26.7462  1.2087e+07  5.03879e+07  4.83482e+07  83 
22.7388  1.02354e+07  4.29342e+07  4.09417e+07  63 
24.4991  1.10368e+07  4.62083e+07  4.41472e+07  72 
22.7625  1.02346e+07  4.29783e+07  4.09383e+07  63 
24.0328  1.08818e+07  4.5341e+07  4.35271e+07  69 
11.6447  5.03333e+06  2.22991e+07  2.01333e+07  42 
10.2832  4.40828e+06  1.97667e+07  1.76331e+07  34 
26.0944  1.17414e+07  4.91756e+07  4.69657e+07  18 
11.8775  5.21172e+06  2.27321e+07  2.08469e+07  44 
24.7171  1.11328e+07  4.66137e+07  4.4531e+07  67 
12.1634  5.29165e+06  2.3264e+07  2.11666e+07  45 
13.1429  5.7684e+06  2.50858e+07  2.30736e+07  51 
13.3076  5.81215e+06  2.53921e+07  2.32486e+07  52 
12.2371  5.3375e+06  2.3401e+07  2.135e+07  46 
12.672  5.53858e+06  2.42099e+07  2.21543e+07  54 
0.962804  72984.1  2.43081e+06  291936  2 
25.7954  1.15761e+07  4.86195e+07  4.63045e+07  63 
24.7691  1.11364e+07  4.67105e+07  4.45455e+07  14 
25.4184  1.14713e+07  4.79182e+07  4.58854e+07  47 

0.281591  0.468307  1.16376e+06  1.87323  0 
0.884946  0.218219  2.286e+06  0.872875  0 
0.674366  0.24908  1.89432e+06  0.996319  0 
0.500946  0.29949  1.57176e+06  1.19796  0 
0.724043  0.310949  1.98672e+06  1.2438  1 
0.695914  0.341222  1.9344e+06  1.36489  1 
0.709978  0.353323  1.96056e+06  1.41329  2 
0.879398  0.481745  2.27568e+06  1.92698  3 
1.00421  37755.7  2.50782e+06  151023  4 
1.02424  39032.4  2.54509e+06  156129  5 
1.12956  146868  2.74099e+06  587471  6 
1.16732  137665  2.81122e+06  550658  6 
1.26729  158168  2.99715e+06  632674  7 
1.32724  216528  3.10867e+06  866110  8 
1.29935  229240  3.0568e+06  916961  8 
1.84247  438828  4.06699e+06  1.75531e+06  9 
2.00797  544946  4.37482e+06  2.17979e+06  10 
2.19778  599188  4.72787e+06  2.39675e+06  11 
2.8575  961817  5.95495e+06  3.84727e+06  12 
2.94346  966568  6.11483e+06  3.86627e+06  13 
3.01453  1.02421e+06  6.24702e+06  4.09686e+06  14 
3.3484  1.15241e+06  6.86802e+06  4.60962e+06  15 
3.42461  1.14818e+06  7.00978e+06  4.59274e+06  15 
3.29336  1.16281e+06  6.76564e+06  4.65124e+06  15 
3.3006  1.19318e+06  6.77912e+06  4.77272e+06  16 
3.37129  1.20481e+06  6.91061e+06  4.81925e+06  17 
3.42139  1.21617e+06  7.00378e+06  4.86466e+06  18 
3.53423  1.2363e+06  7.21367e+06  4.94519e+06  19 
3.54199  1.29223e+06  7.2281e+06  5.1689e+06  20 
3.80932  1.37874e+06  7.72534e+06  5.51494e+06  21 
3.94985  1.46934e+06  7.98672e+06  5.87736e+06  22 
3.9301  1.47119e+06  7.94998e+06  5.88478e+06  22 
4.13878  1.53733e+06  8.33813e+06  6.14933e+06  23 
4.16829  1.58442e+06  8.39302e+06  6.33766e+06  24 
4.29854  1.63922e+06  8.63529e+06  6.55689e+06  25 
4.29894  1.60059e+06  8.63602e+06  6.40234e+06  25 
4.34716  1.64845e+06  8.72572e+06  6.5938e+06  26 
4.56207  1.74358e+06  9.12545e+06  6.97433e+06  27 
4.6946  1.83155e+06  9.37196e+06  7.3262e+06  28 
4.94709  1.93696e+06  9.84159e+06  7.74783e+06  30 
5.07255  1.97988e+06  1.0075e+07  7.91951e+06  31 
5.05482  2.01831e+06  1.0042e+07  8.07324e+06  31 
5.21239  2.02348e+06  1.0335e+07  8.09392e+06  32 
5.74686  2.26259e+06  1.13292e+07  9.05036e+06  34 
6.3941  2.571e+06  1.2533e+07  1.0284e+07  35 
6.47966  2.63928e+06  1.26922e+07  1.05571e+07  36 
6.79729  2.77576e+06  1.3283e+07  1.1103e+07  38 
7.09851  2.91793e+06  1.38432e+07  1.16717e+07  39 
7.5104  3.11498e+06  1.46094e+07  1.24599e+07  40 
7.99945  3.38553e+06  1.5519e+07  1.35421e+07  42 
8.11193  3.43717e+06  1.57282e+07  1.37487e+07  43 
8.42621  3.57407e+06  1.63128e+07  1.42963e+07  44 
8.89279  3.71525e+06  1.71806e+07  1.4861e+07  45 
8.9951  3.75034e+06  1.73709e+07  1.50014e+07  46 
9.13199  3.84742e+06  1.76255e+07  1.53897e+07  47 
9.57919  4.07288e+06  1.84573e+07  1.62915e+07  48 
9.82306  4.15958e+06  1.89109e+07  1.66383e+07  49 
10.0434  4.29268e+06  1.93206e+07  1.71707e+07  51 
10.0997  4.34001e+06  1.94255e+07  1.736e+07  52 
10.0727  4.34525e+06  1.93752e+07  1.7381e+07  52 
10.1672  4.42016e+06  1.9551e+07  1.76806e+07  53 
11.6308  5.04571e+06  2.22732e+07  2.01828e+07  55 
11.7106  5.11529e+06  2.24217e+07  2.04612e+07  56 
12.672  5.49434e+06  2.42098e+07  2.19774e+07  59 
12.5905  5.49726e+06  2.40583e+07  2.1989e+07  59 
17.963  7.987e+06  3.40511e+07  3.1948e+07  61 
21.6688  9.75799e+06  4.0944e+07  3.90319e+07  62 
22.0992  9.89546e+06  4.17445e+07  3.95818e+07  65 
22.1143  9.91316e+06  4.17726e+07  3.96526e+07  66 
22.8396  1.02471e+07  4.31216e+07  4.09885e+07  67 
24.534  1.10661e+07  4.62733e+07  4.42643e+07  69 
24.7339  1.11529e+07  4.6645e+07  4.46117e+07  70 
24.8539  1.11972e+07  4.68683e+07  4.47889e+07  71 
26.3836  1.18993e+07  4.97134e+07  4.75971e+07  75 
26.6848  1.19871e+07  5.02737e+07  4.79483e+07  76 
27.0665  1.22274e+07  5.09838e+07  4.89097e+07  77 
27.355  1.23466e+07  5.15204e+07  4.93865e+07  78 
21.922  9.83077e+06  4.14149e+07  3.93231e+07  63 
40.3658  1.84291e+07  7.57204e+07  7.37164e+07  79 
25.272  1.1333e+07  4.7646e+07  4.53321e+07  73 
22.001  9.86997e+06  4.15619e+07  3.94799e+07  64 
8.56131  3.56891e+06  1.6564e+07  1.42756e+07  44 
25.7139  1.16127e+07  4.84678e+07  4.64508e+07  74 
8.95159  3.76377e+06  1.72899e+07  1.50551e+07  46 
4.82122  1.85827e+06  9.60746e+06  7.43306e+06  29 
9.92631  4.18498e+06  1.91029e+07  1.67399e+07  50 
11.8803  5.11771e+06  2.27374e+07  2.04708e+07  57 
11.4792  5.04188e+06  2.19913e+07  2.01675e+07  54 
21.7031  9.75005e+06  4.10078e+07  3.90002e+07  62 
11.531  5.01211e+06  2.20877e+07  2.00484e+07  54 
24.4975  1.10285e+07  4.62053e+07  4.41142e+07  68 
24.9753  1.12289e+07  4.70941e+07  4.49154e+07  72 
13.0497  5.72649e+06  2.49124e+07  2.2906e+07  60 
7.76065  3.22192e+06  1.50748e+07  1.28877e+07  41 
47.2341  2.15392e+07  8.84954e+07  8.61569e+07  80 
8.94657  3.81171e+06  1.72806e+07  1.52469e+07  46 
10.2375  4.36153e+06  1.96817e+07  1.74461e+07  53 
6.66559  2.72712e+06  1.3038e+07  1.09085e+07  37 
12.0581  5.20558e+06  2.3068e+07  2.08223e+07  58 
5.62708  2.22069e+06  1.11064e+07  8.88276e+06  33 

0.261155  757.701  1.12575e+06  3030.81  0 
0.899398  0.214951  2.31288e+06  0.859804  0 
0.339527  0.372182  1.27152e+06  1.48873  0 
0.684946  0.224073  1.914e+06  0.896292  0 
0.545075  0.244937  1.65384e+06  0.979747  0 
0.448172  0.279672  1.4736e+06  1.11869  0 
0.421978  0.349265  1.42488e+06  1.39706  0 
0.390882  0.356691  1.36704e+06  1.42676  0 
0.521462  0.278353  1.60992e+06  1.11341  0 
0.374237  0.414742  1.33608e+06  1.65897  1 
0.444688  0.374347  1.46712e+06  1.49739  1 
0.601462  0.280226  1.75872e+06  1.1209  1 
0.822624  0.258449  2.17008e+06  1.0338  1 
0.514495  0.28485  1.59696e+06  1.1394  1 
0.410366  0.386499  1.40328e+06  1.546  1 
0.478237  0.291829  1.52952e+06  1.16732  1 
0.696301  0.276756  1.93512e+06  1.10702  1 
0.804688  0.261163  2.13672e+06  1.04465  1 
0.486237  0.389435  1.5444e+06  1.55774  2 
0.521333  0.301225  1.60968e+06  1.2049  2 
0.507398  0.358237  1.58376e+06  1.43295  2 
0.447011  0.563949  1.47144e+06  2.2558  2 
0.559785  0.291227  1.6812e+06  1.16491  2 
0.455398  0.396868  1.48704e+06  1.58747  2 
0.530882  0.35444  1.62744e+06  1.41776  3 
0.615398  0.301309  1.78464e+06  1.20524  3 
0.643785  0.29615  1.83744e+06  1.1846  3 
0.600559  0.321445  1.75704e+06  1.28578  3 
0.470366  0.497769  1.51488e+06  1.99108  3 
0.530108  0.391943  1.626e+06  1.56777  3 
0.479011  0.421431  1.53096e+06  1.68573  3 
0.52972  0.404041  1.62528e+06  1.61616  3 
0.816688  0.297597  2.15904e+06  1.19039  4 
0.58443  0.358023  1.72704e+06  1.43209  4 
0.624688  0.302933  1.80192e+06  1.21173  4 
0.62172  0.334524  1.7964e+06  1.33809  4 
0.494753  0.437451  1.56024e+06  1.7498  4 
0.592946  0.39128  1.74288e+06  1.56512  5 
0.687785  0.311927  1.91928e+06  1.24771  5 
0.752559  0.308827  2.03976e+06  1.23531  5 
0.65643  0.324943  1.86096e+06  1.29977  5 
0.531656  0.465468  1.62888e+06  1.86187  5 
0.623656  0.378727  1.8e+06  1.51491  5 
0.549978  0.529544  1.66296e+06  2.11817  6 
0.659656  0.368867  1.86696e+06  1.47547  6 
0.747011  0.334441  2.02944e+06  1.33776  6 
0.654882  0.480597  1.85808e+06  1.92239  6 
0.658882  0.448238  1.86552e+06  1.79295  6 
0.594495  0.528714  1.74576e+06  2.11486  6 
0.697333  0.350481  1.93704e+06  1.40193  6 
0.689978  0.375265  1.92336e+06  1.50106  7 
0.788043  0.334607  2.10576e+06  1.33843  7 
0.745204  0.398378  2.02608e+06  1.59351  8 
0.720172  0.43527  1.97952e+06  1.74108  8 
0.737333  0.469022  2.01144e+06  1.87609  9 
0.846624  0.420429  2.21472e+06  1.68172  9 
0.721978  3840.17  1.98288e+06  15360.7  9 
0.839785  0.49547  2.202e+06  1.98188  10 
0.867266  33058.9  2.25311e+06  132236  11 
0.872111  7351.85  2.26213e+06  29407.4  11 
0.902018  42978.6  2.31775e+06  171914  12 
0.920665  26809.4  2.35244e+06  107237  12 
0.988646  61960.7  2.47888e+06  247843  13 
0.986817  103290  2.47548e+06  413160  13 
1.13365  117749  2.74859e+06  470996  14 
1.21323  190034  2.89661e+06  760135  15 
1.24781  225310  2.96092e+06  901240  16 
1.30211  243902  3.06193e+06  975607  17 
1.36045  255549  3.17043e+06  1.02219e+06  18 
1.30486  266839  3.06704e+06  1.06736e+06  18 
1.3531  256393  3.15677e+06  1.02557e+06  18 
1.33011  272043  3.11401e+06  1.08817e+06  19 
1.37386  260404  3.19538e+06  1.04162e+06  19 
1.44236  301858  3.32279e+06  1.20743e+06  20 
1.48852  309762  3.40865e+06  1.23905e+06  21 
1.59752  324807  3.61139e+06  1.29923e+06  22 
1.50699  367189  3.443e+06  1.46876e+06  22 
1.73001  472516  3.85782e+06  1.89006e+06  23 
1.83896  528938  4.06047e+06  2.11575e+06  24 
1.83915  507244  4.06082e+06  2.02898e+06  24 
1.97181  537014  4.30757e+06  2.14806e+06  25 
2.03464  604990  4.42444e+06  2.41996e+06  26 
2.35784  747657  5.02559e+06  2.99063e+06  27 
2.37842  696865  5.06386e+06  2.78746e+06  27 
2.41076  742203  5.12401e+06  2.96881e+06  28 
2.665  887663  5.59689e+06  3.55065e+06  29 
2.98269  966273  6.18781e+06  3.86509e+06  30 
3.12251  1.13275e+06  6.44787e+06  4.53099e+06  31 
3.53799  1.26211e+06  7.22066e+06  5.04843e+06  32 
3.64158  1.34279e+06  7.41333e+06  5.37117e+06  33 
3.58331  1.41038e+06  7.30495e+06  5.64151e+06  33 
3.66798  1.38447e+06  7.46244e+06  5.53788e+06  34 
4.00473  1.51208e+06  8.08881e+06  6.04833e+06  35 
4.50857  1.75099e+06  9.02594e+06  7.00394e+06  36 
4.49924  1.84181e+06  9.00859e+06  7.36723e+06  36 
4.54689  1.76904e+06  9.09721e+06  7.07617e+06  37 
4.67729  1.90108e+06  9.33976e+06  7.60432e+06  38 
4.85664  1.86196e+06  9.67334e+06  7.44783e+06  38 
6.60282  2.78247e+06  1.29212e+07  1.11299e+07  39 
10.9989  4.81281e+06  2.1098e+07  1.92512e+07  40 

0.228301  0.457839  1.06464e+06  1.83136  0 
0.882882  0.214328  2.28216e+06  0.857311  0 
0.618366  0.22438  1.79016e+06  0.89752  0 
0.399527  0.269723  1.38312e+06  1.07889  0 
0.289849  0.344152  1.17912e+06  1.37661  0 
0.359527  0.291417  1.30872e+06  1.16567  0 
0.56843  0.230169  1.69728e+06  0.920676  0 
0.314624  0.306842  1.2252e+06  1.22737  0 
0.524817  0.244017  1.61616e+06  0.976067  0 
0.475785  0.248069  1.52496e+06  0.992277  0 
0.271398  0.410286  1.1448e+06  1.64114  0 
0.446753  0.262722  1.47096e+06  1.05089  0 
0.385204  0.285573  1.35648e+06  1.14229  0 
0.607656  0.229617  1.77024e+06  0.918468  0 
0.288559  0.522263  1.17672e+06  2.08905  2 
0.352172  0.323753  1.29504e+06  1.29501  1 
0.388946  0.312203  1.36344e+06  1.24881  3 
0.758237  0.233791  2.05032e+06  0.935164  1 
0.523269  0.25023  1.61328e+06  1.00092  1 
0.288688  0.458049  1.17696e+06  1.8322  1 
0.311785  0.375973  1.21992e+06  1.50389  0 
0.405591  0.281381  1.3944e+06  1.12552  1 
0.395527  0.30846  1.37568e+06  1.23384  1 
0.631527  0.236614  1.81464e+06  0.946457  0 
0.369978  0.315755  1.32816e+06  1.26302  0 
0.452559  0.273111  1.48176e+06  1.09245  0 
0.476559  0.2559  1.5264e+06  1.0236  0 
0.462108  0.267824  1.49952e+06  1.0713  2 
0.471656  0.265094  1.51728e+06  1.06038  0 
0.414624  0.280753  1.4112e+06  1.12301  0 
0.349075  0.350865  1.28928e+06  1.40346  1 
0.534108  0.249483  1.63344e+06  0.997931  2 
0.569333  0.248939  1.69896e+06  0.995758  1 
0.695011  0.244372  1.93272e+06  0.977488  0 
0.357978  0.350364  1.30584e+06  1.40146  4 
0.36572  0.347967  1.32024e+06  1.39187  3 
0.443656  0.293823  1.4652e+06  1.17529  0 
0.510237  0.265954  1.58904e+06  1.06381  2 
0.553591  0.251261  1.66968e+06  1.00504  2 
0.484688  0.283421  1.54152e+06  1.13368  2 
0.757462  0.242954  2.04888e+06  0.971815  1 
0.486108  0.283052  1.54416e+06  1.13221  0 
0.304946  0.679736  1.2072e+06  2.71894  3 
0.460817  0.283587  1.49712e+06  1.13435  0 
0.320559  0.421805  1.23624e+06  1.68722  3 
0.661849  0.248896  1.87104e+06  0.995586  1 
0.320043  0.42857  1.23528e+06  1.71428  2 
0.638237  0.250331  1.82712e+06  1.00132  2 
0.32843  0.414289  1.25088e+06  1.65716  2 
0.531785  0.254277  1.62912e+06  1.01711  3 
0.345075  0.386307  1.28184e+06  1.54523  5 
0.401204  0.31596  1.38624e+06  1.26384  2 
0.429849  0.296575  1.43952e+06  1.1863  0 
0.44572  0.291808  1.46904e+06  1.16723  0 
0.489333  0.269924  1.55016e+06  1.0797  1 
0.387914  0.323507  1.36152e+06  1.29403  4 
0.409849  0.297462  1.40232e+06  1.18985  1 
0.674366  0.258294  1.89432e+06  1.03317  0 
0.389462  0.336772  1.3644e+06  1.34709  2 
0.374237  0.375377  1.33608e+06  1.50151  3 
0.427269  0.307108  1.43472e+06  1.22843  4 
0.534495  0.265525  1.63416e+06  1.0621  0 
0.473978  0.289537  1.5216e+06  1.15815  2 
0.524688  0.283662  1.61592e+06  1.13465  0 
0.446237  0.304999  1.47e+06  1.22  3 
0.713849  0.253754  1.96776e+06  1.01502  1 
0.776559  0.246184  2.0844e+06  0.984734  0 
0.450108  0.293833  1.4772e+06  1.17533  2 
0.467656  0.291608  1.50984e+06  1.16643  4 
0.374624  0.348711  1.3368e+06  1.39484  2 
0.348559  0.412232  1.28832e+06  1.64893  4 
0.569978  0.25893  1.70016e+06  1.03572  1 
0.333978  0.432071  1.2612e+06  1.72828  4 
0.532301  0.277185  1.63008e+06  1.10874  1 
0.393849  0.345783  1.37256e+06  1.38313  4 
0.469591  0.291758  1.51344e+06  1.16703  1 
0.435656  0.32126  1.45032e+06  1.28504  3 
0.786882  0.24755  2.1036e+06  0.990201  3 
0.427269  0.332834  1.43472e+06  1.33134  1 
0.463527  0.298512  1.50216e+06  1.19405  3 
0.540688  0.28995  1.64568e+06  1.1598  4 
0.356043  0.421719  1.30224e+06  1.68688  3 
0.429978  0.321552  1.43976e+06  1.28621  1 
0.779914  0.250552  2.09064e+06  1.00221  0 
0.541075  0.27894  1.6464e+06  1.11576  4 
0.634753  0.261928  1.82064e+06  1.04771  0 
0.456301  0.351836  1.48872e+06  1.40735  0 
0.779011  0.294897  2.08896e+06  1.17959  1 
0.467914  0.304543  1.51032e+06  1.21817  1 
0.439527  0.356054  1.45752e+06  1.42422  0 
0.395785  0.440512  1.37616e+06  1.76205  0 
0.360559  0.465427  1.31064e+06  1.86171  5 
0.395656  0.446645  1.37592e+06  1.78658  5 
0.357849  0.476115  1.3056e+06  1.90446  4 
0.401591  0.357429  1.38696e+06  1.42971  5 
0.398495  0.381213  1.3812e+06  1.52485  5 
0.480172  0.299525  1.53312e+06  1.1981  5 
0.390495  0.449522  1.36632e+06  1.79809  7 
0.489075  0.307296  1.54968e+06  1.22919  5 
0.569591  0.301008  1.69944e+06  1.20403  0 

0.190882  0.456499  995040  1.82599  0 
0.884301  0.212214  2.2848e+06  0.848855  0 
0.630366  0.217481  1.81248e+06  0.869926  0 
0.411785  0.240351  1.40592e+06  0.961403  0 
0.267785  0.323934  1.13808e+06  1.29574  0 
0.319914  0.263112  1.23504e+06  1.05245  0 
0.230366  0.420105  1.06848e+06  1.68042  0 
0.232301  0.391279  1.07208e+06  1.56512  0 
0.295785  0.294968  1.19016e+06  1.17987  0 
0.582624  0.219319  1.72368e+06  0.877277  0 
0.547269  0.223225  1.65792e+06  0.892901  0 
0.304817  0.275809  1.20696e+06  1.10324  0 
0.393204  0.248701  1.37136e+06  0.994804  0 
0.534108  0.22695  1.63344e+06  0.9078  0 
0.508559  0.228892  1.58592e+06  0.915569  0 
0.369333  0.253791  1.32696e+06  1.01516  0 
0.282495  0.314747  1.16544e+06  1.25899  0 
0.482495  0.231785  1.53744e+06  0.92714  0 
0.29643  0.285862  1.19136e+06  1.14345  0 
0.459785  0.236095  1.4952e+06  0.944379  0 
0.22714  0.445683  1.06248e+06  1.78273  0 
0.366882  0.256889  1.3224e+06  1.02756  0 
0.359011  0.261242  1.30776e+06  1.04497  0 
0.448946  0.238577  1.47504e+06  0.954307  0 
0.82714  0.216142  2.17848e+06  0.864567  0 
0.266753  0.372896  1.13616e+06  1.49159  0 
0.425978  0.24011  1.43232e+06  0.960439  0 
0.276817  0.359808  1.15488e+06  1.43923  0 
0.321591  0.291755  1.23816e+06  1.16702  0 
0.368946  0.272436  1.32624e+06  1.08975  0 
0.501849  0.234315  1.57344e+06  0.937261  0 
0.524301  0.229398  1.6152e+06  0.91759  0 
0.377333  0.256665  1.34184e+06  1.02666  0 
0.371785  0.26024  1.33152e+06  1.04096  0 
0.325333  0.287546  1.24512e+06  1.15018  0 
0.62443  0.227254  1.80144e+06  0.909017  0 
0.401075  0.255948  1.386e+06  1.02379  0 
0.50972  0.231965  1.58808e+06  0.927862  0 
0.258237  0.421916  1.12032e+06  1.68766  0 
0.314108  0.312148  1.22424e+06  1.24859  0 
0.340043  0.285791  1.27248e+06  1.14316  0 
0.450495  0.239474  1.47792e+06  0.957898  0 
0.348172  0.281228  1.2876e+06  1.12491  0 
0.464688  0.23837  1.50432e+06  0.953482  0 
0.652301  0.220958  1.85328e+06  0.883834  0 
0.415914  0.249284  1.4136e+06  0.997137  0 
0.583269  0.227842  1.72488e+06  0.911369  0 
0.484043  0.23835  1.54032e+06  0.953401  0 
0.369462  0.268522  1.3272e+06  1.07409  0 
0.641204  0.221618  1.83264e+06  0.886472  0 
0.718237  0.218889  1.97592e+06  0.875558  0 
0.551398  0.22808  1.6656e+06  0.912322  1 
0.491011  0.235244  1.55328e+06  0.940977  0 
0.253333  0.512802  1.1112e+06  2.05121  2 
0.396817  0.256631  1.37808e+06  1.02652  0 
0.289978  0.356965  1.17936e+06  1.42786  1 
0.441462  0.244938  1.46112e+06  0.979753  2 
0.612301  0.227734  1.77888e+06  0.910937  0 
0.313591  0.343978  1.22328e+06  1.37591  2 
0.49114  0.236816  1.55352e+06  0.947263  0 
0.530108  0.23212  1.626e+06  0.928481  0 
0.377204  0.285166  1.3416e+06  1.14066  0 
0.278366  0.384321  1.15776e+06  1.53729  2 
0.419527  0.269673  1.42032e+06  1.07869  0 
0.644559  0.226027  1.83888e+06  0.904108  0 
0.527398  0.235923  1.62096e+06  0.943692  0 
0.422366  0.256319  1.4256e+06  1.02528  0 
0.326108  0.312098  1.24656e+06  1.24839  0 
0.780946  0.219747  2.09256e+06  0.878987  0 
0.574108  0.231227  1.70784e+06  0.924908  0 
0.484559  0.238856  1.54128e+06  0.955422  0 
0.277075  0.411734  1.15536e+06  1.64694  0 
0.264172  0.430798  1.13136e+06  1.72319  0 
0.353849  0.297308  1.29816e+06  1.18923  1 
0.440817  0.251807  1.45992e+06  1.00723  0 
0.430882  0.252787  1.44144e+06  1.01115  0 
0.466495  0.241862  1.50768e+06  0.96745  0 
0.75643  0.221083  2.04696e+06  0.884332  0 
0.341978  0.29893  1.27608e+06  1.19572  0 
0.66714  0.223756  1.88088e+06  0.895022  0 
0.602495  0.229031  1.76064e+06  0.916122  0 
0.29243  0.372535  1.18392e+06  1.49014  0 
0.601075  0.230001  1.758e+06  0.920004  0 
0.453333  0.244353  1.4832e+06  0.977413  0 
0.837462  0.219665  2.19768e+06  0.878659  0 
0.341849  0.313747  1.27584e+06  1.25499  0 
0.380172  0.285237  1.34712e+06  1.14095  0 
0.694753  0.224239  1.93224e+06  0.896956  0 
0.510108  0.237853  1.5888e+06  0.951413  0 
0.269591  0.43099  1.14144e+06  1.72396  0 
0.571914  0.232663  1.70376e+06  0.930652  0 
0.487269  0.245519  1.54632e+06  0.982077  0 
0.424559  0.267974  1.42968e+06  1.0719  0 
0.339269  0.361601  1.27104e+06  1.4464  0 
0.425204  0.261629  1.43088e+06  1.04652  0 
0.672817  0.2297  1.89144e+06  0.918802  0 
0.307398  0.397556  1.21176e+06  1.59023  0 
0.470237  0.251126  1.51464e+06  1.0045  0 
0.764172  0.221899  2.06136e+06  0.887595  0 
0.520559  0.237157  1.60824e+06  0.94863  0 

0.180946  0.456254  976560  1.82502  0 
0.734366  0.208957  2.00592e+06  0.835828  0 
0.495269  0.223708  1.5612e+06  0.894831  0 
0.29643  0.262258  1.19136e+06  1.04903  0 
0.210624  0.336105  1.03176e+06  1.34442  0 
0.454495  0.227119  1.48536e+06  0.908476  0 
0.260946  0.304989  1.12536e+06  1.21996  0 
0.421591  0.232073  1.42416e+06  0.928291  0 
0.396688  0.235136  1.37784e+06  0.940544  0 
0.188172  0.400362  990000  1.60145  0 
0.367914  0.240493  1.32432e+06  0.961972  0 
0.348301  0.247402  1.28784e+06  0.989608  0 
0.28172  0.285734  1.164e+06  1.14294  0 
0.708817  0.209365  1.9584e+06  0.83746  0 
0.689462  0.210899  1.9224e+06  0.843597  0 
0.335398  0.250353  1.26384e+06  1.00141  0 
0.594237  0.212276  1.74528e+06  0.849106  0 
0.568688  0.214009  1.69776e+06  0.856037  0 
0.24572  0.327527  1.09704e+06  1.31011  0 
0.549075  0.215754  1.66128e+06  0.863017  0 
0.530624  0.21647  1.62696e+06  0.865879  1 
0.515011  0.217496  1.59792e+06  0.869983  0 
0.256688  0.312385  1.11744e+06  1.24954  0 
0.277978  0.295269  1.15704e+06  1.18107  0 
0.493075  0.223745  1.55712e+06  0.894981  0 
0.489978  0.225099  1.55136e+06  0.900396  1 
0.385849  0.238704  1.35768e+06  0.954816  0 
0.487656  0.225419  1.54704e+06  0.901676  0 
0.346882  0.248069  1.2852e+06  0.992277  0 
0.68043  0.21117  1.9056e+06  0.844679  0 
0.704946  0.209797  1.9512e+06  0.839188  0 
0.484559  0.226192  1.54128e+06  0.904768  0 
0.327914  0.261442  1.24992e+06  1.04577  0 
0.505204  0.223082  1.57968e+06  0.89233  0 
0.403785  0.234561  1.39104e+06  0.938244  0 
0.395527  0.238148  1.37568e+06  0.952592  0 
0.319656  0.261709  1.23456e+06  1.04684  1 
0.565978  0.215221  1.69272e+06  0.860884  0 
0.568172  0.214719  1.6968e+06  0.858876  0 
0.358495  0.247058  1.3068e+06  0.988231  0 
0.52972  0.217162  1.62528e+06  0.868648  1 
0.472688  0.232884  1.5192e+06  0.931535  2 
0.204172  0.44827  1.01976e+06  1.79308  1 
0.280301  0.30306  1.16136e+06  1.21224  1 
0.434753  0.234546  1.44864e+06  0.938183  0 
0.595527  0.215016  1.74768e+06  0.860064  2 
0.454108  0.233463  1.48464e+06  0.933852  2 
0.47643  0.231684  1.52616e+06  0.926736  0 
0.616817  0.213078  1.78728e+06  0.852312  2 
0.410753  0.236421  1.404e+06  0.945682  1 
0.418495  0.235778  1.4184e+06  0.943112  1 
0.513333  0.223263  1.5948e+06  0.893052  1 
0.544172  0.216596  1.65216e+06  0.866384  1 
0.707785  0.210681  1.95648e+06  0.842726  1 
0.479656  0.229774  1.53216e+06  0.919097  0 
0.603011  0.213864  1.7616e+06  0.855456  1 
0.377075  0.244992  1.34136e+06  0.979966  1 
0.522237  0.220615  1.61136e+06  0.882459  0 
0.342753  0.251909  1.27752e+06  1.00764  1 
0.782624  0.210604  2.09568e+06  0.842416  1 
0.369591  0.250838  1.32744e+06  1.00335  2 
0.575785  0.215264  1.71096e+06  0.861055  1 
0.532817  0.216692  1.63104e+06  0.866767  0 
0.253978  0.331852  1.1124e+06  1.32741  1 
0.355398  0.251389  1.30104e+06  1.00556  2 
0.509333  0.223876  1.58736e+06  0.895503  1 
0.369849  0.249118  1.32792e+06  0.996473  1 
0.339785  0.263306  1.272e+06  1.05323  1 
0.402624  0.238586  1.38888e+06  0.954344  1 
0.29114  0.29898  1.18152e+06  1.19592  2 
0.64443  0.212371  1.83864e+06  0.849484  2 
0.23772  0.386964  1.08216e+06  1.54786  1 
0.561333  0.216403  1.68408e+06  0.865613  1 
0.297333  0.264634  1.19304e+06  1.05854  1 
0.495269  0.224456  1.5612e+06  0.897824  1 
0.596559  0.213968  1.7496e+06  0.855871  1 
0.478108  0.230519  1.52928e+06  0.922076  1 
0.265333  0.309728  1.13352e+06  1.23891  1 
0.236559  0.396062  1.08e+06  1.58425  1 
0.250366  0.3362  1.10568e+06  1.3448  1 
0.450753  0.233668  1.4784e+06  0.934671  2 
0.389333  0.239314  1.36416e+06  0.957255  1 
0.370366  0.246459  1.32888e+06  0.985835  0 
0.429462  0.237734  1.4388e+06  0.950935  0 
0.389849  0.241176  1.36512e+06  0.964702  2 
0.294882  0.305361  1.18848e+06  1.22144  0 
0.42972  0.237446  1.43928e+06  0.949785  0 
0.495269  0.233804  1.5612e+06  0.935217  2 
0.754237  0.211026  2.04288e+06  0.844103  2 
0.388559  0.246881  1.36272e+06  0.987526  0 
0.449075  0.235434  1.47528e+06  0.941737  2 
0.537591  0.224779  1.63992e+06  0.899117  0 
0.377462  0.24887  1.34208e+06  0.99548  2 
0.437849  0.236712  1.4544e+06  0.946849  2 
0.556946  0.217596  1.67592e+06  0.870385  2 
0.323527  0.265536  1.24176e+06  1.06214  1 
0.509333  0.231612  1.58736e+06  0.926449  0 
0.289849  0.324719  1.17912e+06  1.29888  2 
0.628301  0.21456  1.80864e+06  0.85824  1 
0.267011  0.32932  1.13664e+06  1.31728  2 

0.168688  0.441704  953760  1.76682  0 
0.691785  0.205543  1.92672e+06  0.82217  0 
0.465075  0.217812  1.50504e+06  0.871248  0 
0.281849  0.258691  1.16424e+06  1.03476  0 
0.186624  0.353399  987120  1.41359  0 
0.234237  0.309228  1.07568e+06  1.23691  0 
0.427398  0.224325  1.43496e+06  0.897299  0 
0.39514  0.230402  1.37496e+06  0.921608  0 
0.250237  0.283537  1.10544e+06  1.13415  0 
0.370882  0.234432  1.32984e+06  0.937728  0 
0.348301  0.235655  1.28784e+06  0.942618  0 
0.329204  0.23885  1.25232e+06  0.955402  0 
0.219398  0.338784  1.04808e+06  1.35513  0 
0.307398  0.245506  1.21176e+06  0.982024  0 
0.257849  0.271728  1.1196e+06  1.08691  0 
0.669978  0.206349  1.88616e+06  0.825395  0 
0.632559  0.207523  1.81656e+06  0.830092  0 
0.224559  0.327297  1.05768e+06  1.30919  0 
0.612817  0.208678  1.77984e+06  0.834713  0 
0.601591  0.209319  1.75896e+06  0.837276  0 
0.587269  0.209728  1.73232e+06  0.838912  0 
0.578237  0.210233  1.71552e+06  0.840932  0 
0.297333  0.251637  1.19304e+06  1.00655  0 
0.550237  0.21086  1.66344e+06  0.843441  0 
0.180301  0.407614  975360  1.63046  0 
0.535011  0.211526  1.63512e+06  0.846105  0 
0.211398  0.347247  1.0332e+06  1.38899  0 
0.276817  0.260766  1.15488e+06  1.04307  0 
0.529591  0.213012  1.62504e+06  0.852048  0 
0.522366  0.213206  1.6116e+06  0.852825  0 
0.273075  0.267911  1.14792e+06  1.07164  1 
0.481204  0.214096  1.53504e+06  0.856383  0 
0.321204  0.241809  1.23744e+06  0.967234  0 
0.204559  0.349924  1.02048e+06  1.3997  0 
0.215785  0.343847  1.04136e+06  1.37539  0 
0.455785  0.220949  1.48776e+06  0.883795  0 
0.449462  0.221236  1.476e+06  0.884942  0 
0.440817  0.221839  1.45992e+06  0.887357  0 
0.436043  0.222017  1.45104e+06  0.88807  0 
0.416301  0.2281  1.41432e+06  0.912398  0 
0.337075  0.236701  1.26696e+06  0.946802  0 
0.372301  0.23231  1.33248e+06  0.929238  0 
0.302237  0.249629  1.20216e+06  0.998518  0 
0.256301  0.2763  1.11672e+06  1.1052  0 
0.209849  0.348222  1.03032e+06  1.39289  0 
0.319785  0.242399  1.2348e+06  0.969595  0 
0.432559  0.222961  1.44456e+06  0.891843  0 
0.408559  0.229114  1.39992e+06  0.916456  0 
0.463656  0.22  1.5024e+06  0.879999  0 
0.325978  0.241087  1.24632e+06  0.964349  0 
0.33243  0.238177  1.25832e+06  0.95271  0 
0.520559  0.213597  1.60824e+06  0.854387  0 
0.688946  0.205914  1.92144e+06  0.823657  0 
0.57243  0.21043  1.70472e+06  0.841722  0 
0.359656  0.235291  1.30896e+06  0.941164  0 
0.348043  0.236302  1.28736e+06  0.945209  0 
0.607656  0.209187  1.77024e+06  0.836749  0 
0.665591  0.207423  1.878e+06  0.829694  0 
0.328688  0.241049  1.25136e+06  0.964195  0 
0.199011  0.35347  1.01016e+06  1.41388  1 
0.313075  0.24867  1.22232e+06  0.994681  0 
0.228172  0.338806  1.0644e+06  1.35522  1 
0.617978  0.209707  1.78944e+06  0.838827  1 
0.303785  0.25134  1.20504e+06  1.00536  0 
0.330108  0.240477  1.254e+06  0.96191  0 
0.525462  0.213809  1.61736e+06  0.855237  1 
0.709075  0.207487  1.95888e+06  0.829947  0 
0.403914  0.232663  1.39128e+06  0.930652  1 
0.297333  0.258892  1.19304e+06  1.03557  0 
0.281075  0.266029  1.1628e+06  1.06412  0 
0.44043  0.223645  1.4592e+06  0.89458  1 
0.469462  0.221137  1.5132e+06  0.884548  1 
0.635914  0.208276  1.8228e+06  0.833103  0 
0.508946  0.214126  1.58664e+06  0.856505  1 
0.600688  0.209938  1.75728e+06  0.839752  1 
0.683785  0.208112  1.91184e+06  0.832449  1 
0.232301  0.338036  1.07208e+06  1.35215  0 
0.699785  0.207795  1.9416e+06  0.831181  1 
0.311914  0.249223  1.22016e+06  0.99689  0 
0.572946  0.212179  1.70568e+06  0.848716  0 
0.586753  0.210239  1.73136e+06  0.840956  1 
0.374237  0.23639  1.33608e+06  0.94556  1 
0.320301  0.247615  1.23576e+06  0.99046  1 
0.305849  0.249682  1.20888e+06  0.998727  0 
0.427011  0.230152  1.43424e+06  0.920606  1 
0.28314  0.259144  1.16664e+06  1.03658  1 
0.210753  0.351597  1.032e+06  1.40639  0 
0.322366  0.244799  1.2396e+06  0.979196  1 
0.540946  0.212802  1.64616e+06  0.85121  1 
0.257978  0.28324  1.11984e+06  1.13296  0 
0.619011  0.209357  1.79136e+06  0.837429  1 
0.580172  0.210315  1.71912e+06  0.841258  1 
0.248172  0.309876  1.1016e+06  1.2395  1 
0.484688  0.215167  1.54152e+06  0.860669  1 
0.336688  0.238423  1.26624e+06  0.953691  0 
0.450366  0.221639  1.47768e+06  0.886556  1 
0.542108  0.212578  1.64832e+06  0.850314  1 
0.245591  0.3108  1.0968e+06  1.2432  1 
0.427656  0.225548  1.43544e+06  0.902192  1 
0.300688  0.25375  1.19928e+06  1.015  1 

0.161849  0.456823  941040  1.82729  0 
0.742624  0.2028  2.02128e+06  0.8112  0 
0.492559  0.210607  1.55616e+06  0.842427  0 
0.282108  0.246576  1.16472e+06  0.986306  0 
0.17772  0.353725  970560  1.4149  0 
0.213333  0.289222  1.0368e+06  1.15689  0 
0.453849  0.214976  1.48416e+06  0.859906  0 
0.424946  0.219301  1.4304e+06  0.877202  0 
0.256043  0.263688  1.11624e+06  1.05475  0 
0.397462  0.22212  1.37928e+06  0.888479  0 
0.377075  0.226224  1.34136e+06  0.904895  0 
0.193204  0.327273  999360  1.30909  0 
0.359785  0.232643  1.3092e+06  0.930573  0 
0.346108  0.234188  1.28376e+06  0.936752  0 
0.24172  0.277619  1.0896e+06  1.11048  0 
0.202366  0.29814  1.0164e+06  1.19256  0 
0.33514  0.236083  1.26336e+06  0.944331  0 
0.268946  0.253621  1.14024e+06  1.01448  0 
0.326108  0.237484  1.24656e+06  0.949935  0 
0.259656  0.255629  1.12296e+06  1.02251  0 
0.318495  0.23925  1.2324e+06  0.957002  0 
0.248688  0.27036  1.10256e+06  1.08144  0 
0.730237  0.2037  1.99824e+06  0.814799  0 
0.716817  0.203752  1.97328e+06  0.815008  0 
0.696301  0.203946  1.93512e+06  0.815784  0 
0.685978  0.204102  1.91592e+06  0.81641  0 
0.678237  0.20466  1.90152e+06  0.818639  0 
0.662624  0.204761  1.87248e+06  0.819045  0 
0.312817  0.240738  1.22184e+06  0.96295  0 
0.651269  0.20514  1.85136e+06  0.820558  0 
0.188172  0.345544  990000  1.38217  0 
0.634495  0.205793  1.82016e+06  0.823173  0 
0.296043  0.241916  1.19064e+06  0.967665  0 
0.621978  0.206019  1.79688e+06  0.824078  0 
0.616301  0.206144  1.78632e+06  0.824578  0 
0.603527  0.206391  1.76256e+06  0.825565  0 
0.573978  0.206417  1.7076e+06  0.825666  0 
0.568301  0.206448  1.69704e+06  0.825792  0 
0.56314  0.206482  1.68744e+06  0.825929  0 
0.25114  0.266679  1.10712e+06  1.06672  0 
0.238237  0.27887  1.08312e+06  1.11548  0 
0.184688  0.350115  983520  1.40046  0 
0.393849  0.222758  1.37256e+06  0.891032  0 
0.557978  0.207142  1.67784e+06  0.828569  0 
0.446237  0.215993  1.47e+06  0.863974  0 
0.203269  0.29496  1.01808e+06  1.17984  0 
0.442495  0.216183  1.46304e+06  0.864732  0 
0.488172  0.21199  1.548e+06  0.847959  0 
0.277075  0.250708  1.15536e+06  1.00283  0 
0.421333  0.219358  1.42368e+06  0.877433  0 
0.475269  0.212228  1.524e+06  0.848913  0 
0.438624  0.216687  1.45584e+06  0.86675  0 
0.471656  0.212395  1.51728e+06  0.849579  0 
0.54714  0.208059  1.65768e+06  0.832235  0 
0.465462  0.212461  1.50576e+06  0.849846  0 
0.390624  0.223759  1.36656e+06  0.895036  0 
0.419011  0.219454  1.41936e+06  0.877814  0 
0.370495  0.23033  1.32912e+06  0.921321  0 
0.434882  0.217216  1.44888e+06  0.868864  0 
0.24572  0.275582  1.09704e+06  1.10233  0 
0.211398  0.289767  1.0332e+06  1.15907  0 
0.414237  0.220186  1.41048e+06  0.880744  0 
0.339785  0.234261  1.272e+06  0.937046  0 
0.175914  0.453406  967200  1.81362  0 
0.23643  0.287286  1.07976e+06  1.14915  0 
0.386366  0.22443  1.35864e+06  0.897718  0 
0.254108  0.264903  1.11264e+06  1.05961  0 
0.545075  0.208943  1.65384e+06  0.835771  0 
0.191656  0.343906  996480  1.37562  0 
0.258366  0.26164  1.12056e+06  1.04656  0 
0.432946  0.218017  1.44528e+06  0.872068  0 
0.352688  0.232915  1.296e+06  0.931661  0 
0.262624  0.254364  1.12848e+06  1.01745  0 
0.329978  0.236329  1.25376e+06  0.945315  0 
0.525462  0.209455  1.61736e+06  0.83782  0 
0.233849  0.288146  1.07496e+06  1.15259  0 
0.385333  0.224739  1.35672e+06  0.898956  0 
0.274753  0.25264  1.15104e+06  1.01056  0 
0.224172  0.288304  1.05696e+06  1.15322  0 
0.199398  0.326363  1.01088e+06  1.30545  0 
0.524172  0.209701  1.61496e+06  0.838803  0 
0.338237  0.235208  1.26912e+06  0.940833  0 
0.429333  0.21846  1.43856e+06  0.873838  0 
0.167785  0.455997  952080  1.82399  0 
0.368043  0.231855  1.32456e+06  0.927419  0 
0.412946  0.221429  1.40808e+06  0.885714  0 
0.409333  0.221449  1.40136e+06  0.885798  0 
0.518882  0.209982  1.60512e+06  0.839929  0 
0.183011  0.353121  980400  1.41248  0 
0.452688  0.215393  1.482e+06  0.861573  0 
0.254753  0.264303  1.11384e+06  1.05721  0 
0.273849  0.253045  1.14936e+06  1.01218  0 
0.514624  0.210037  1.5972e+06  0.840148  0 
0.461849  0.214435  1.49904e+06  0.857741  0 
0.167269  0.456025  951120  1.8241  0 
0.235914  0.287418  1.0788e+06  1.14967  0 
0.464946  0.212845  1.5048e+06  0.851381  0 
0.250624  0.267328  1.10616e+06  1.06931  0 
0.335785  0.235574  1.26456e+06  0.942296  0 
0.32314  0.238859  1.24104e+06  0.955436  0 

0.149849  0.448166  918720  1.79267  0 
0.705462  0.200128  1.95216e+06  0.800511  0 
0.459785  0.21244  1.4952e+06  0.849761  0 
0.262753  0.250404  1.12872e+06  1.00161  0 
0.169462  0.354025  955200  1.4161  0 
0.196817  0.290531  1.00608e+06  1.16212  0 
0.425591  0.217047  1.4316e+06  0.868189  0 
0.387269  0.22233  1.36032e+06  0.889321  0 
0.237462  0.265075  1.08168e+06  1.0603  0 
0.362882  0.225794  1.31496e+06  0.903175  0 
0.328172  0.233773  1.2504e+06  0.935091  0 
0.310624  0.235642  1.21776e+06  0.942566  0 
0.182624  0.339291  979680  1.35716  0 
0.657075  0.200447  1.86216e+06  0.801788  0 
0.642108  0.200591  1.83432e+06  0.802365  0 
0.24843  0.254714  1.10208e+06  1.01885  0 
0.298624  0.240183  1.19544e+06  0.960731  0 
0.62972  0.202402  1.81128e+06  0.809609  0 
0.609849  0.202785  1.77432e+06  0.81114  0 
0.160301  0.404193  938160  1.61677  0 
0.221978  0.281608  1.05288e+06  1.12643  0 
0.591785  0.203721  1.74072e+06  0.814883  0 
0.57243  0.204092  1.70472e+06  0.816367  0 
0.555914  0.204793  1.674e+06  0.819172  0 
0.291011  0.24324  1.18128e+06  0.972961  0 
0.187785  0.332432  989280  1.32973  0 
0.545075  0.206247  1.65384e+06  0.824987  0 
0.284301  0.244377  1.1688e+06  0.977507  0 
0.27914  0.244989  1.1592e+06  0.979955  0 
0.534753  0.207774  1.63464e+06  0.831097  0 
0.420946  0.217877  1.42296e+06  0.871508  0 
0.528043  0.208452  1.62216e+06  0.833807  0 
0.191011  0.328617  995280  1.31447  0 
0.215914  0.286914  1.0416e+06  1.14765  0 
0.417333  0.218295  1.41624e+06  0.873181  0 
0.521978  0.208838  1.61088e+06  0.835351  0 
0.453462  0.213487  1.48344e+06  0.853948  0 
0.17914  0.349732  973200  1.39893  0 
0.514624  0.20899  1.5972e+06  0.835959  0 
0.413333  0.218949  1.4088e+06  0.875798  0 
0.508946  0.209106  1.58664e+06  0.836423  0 
0.245333  0.254763  1.09632e+06  1.01905  0 
0.166882  0.378528  950400  1.51411  0 
0.450882  0.214477  1.47864e+06  0.857907  0 
0.276301  0.247905  1.15392e+06  0.991618  0 
0.295914  0.240811  1.1904e+06  0.963245  0 
0.185462  0.334358  984960  1.33743  0 
0.259269  0.252427  1.12224e+06  1.00971  0 
0.506366  0.210233  1.58184e+06  0.840934  0 
0.500817  0.210297  1.57152e+06  0.841189  0 
0.242237  0.262941  1.09056e+06  1.05176  0 
0.213849  0.288293  1.03776e+06  1.15317  0 
0.305462  0.238171  1.20816e+06  0.952686  0 
0.498237  0.210447  1.56672e+06  0.841789  0 
0.446495  0.215061  1.47048e+06  0.860242  0 
0.404946  0.220377  1.3932e+06  0.881509  0 
0.237591  0.263147  1.08192e+06  1.05259  0 
0.209075  0.288643  1.02888e+06  1.15457  0 
0.206366  0.288645  1.02384e+06  1.15458  0 
0.492559  0.210607  1.55616e+06  0.842427  0 
0.379398  0.223986  1.34568e+06  0.895943  0 
0.324043  0.233971  1.24272e+06  0.935886  0 
0.294366  0.241643  1.18752e+06  0.966571  0 
0.486882  0.210952  1.5456e+06  0.843808  0 
0.471914  0.211012  1.51776e+06  0.844047  0 
0.193204  0.327273  999360  1.30909  0 
0.273204  0.249131  1.14816e+06  0.996525  0 
0.253591  0.253457  1.11168e+06  1.01383  0 
0.292946  0.242009  1.18488e+06  0.968036  0 
0.233333  0.280521  1.074e+06  1.12208  0 
0.355914  0.232695  1.302e+06  0.93078  0 
0.374753  0.224718  1.33704e+06  0.898872  0 
0.432172  0.215995  1.44384e+06  0.86398  0 
0.302495  0.239152  1.20264e+06  0.956607  0 
0.640688  0.201418  1.83168e+06  0.805671  0 
0.540946  0.206801  1.64616e+06  0.827202  0 
0.315785  0.234668  1.22736e+06  0.938672  0 
0.34972  0.232841  1.29048e+06  0.931365  0 
0.272301  0.24932  1.14648e+06  0.997279  0 
0.175914  0.353183  967200  1.41273  0 
0.427656  0.216274  1.43544e+06  0.865096  0 
0.604172  0.203028  1.76376e+06  0.812111  0 
0.401075  0.22166  1.386e+06  0.886641  0 
0.292301  0.242501  1.18368e+06  0.970004  0 
0.287269  0.243797  1.17432e+06  0.975188  0 
0.398366  0.221767  1.38096e+06  0.887068  0 
0.314108  0.235091  1.22424e+06  0.940366  0 
0.369075  0.225258  1.32648e+06  0.901033  0 
0.423011  0.21736  1.4268e+06  0.869441  0 
0.278624  0.247105  1.15824e+06  0.988422  0 
0.309075  0.237676  1.21488e+06  0.950705  0 
0.244817  0.262448  1.09536e+06  1.04979  0 
0.54043  0.207282  1.6452e+06  0.829127  0 
0.378753  0.224329  1.34448e+06  0.897317  0 
0.19643  0.290656  1.00536e+06  1.16262  0 
0.302108  0.239569  1.20192e+06  0.958275  0 
0.26972  0.250017  1.14168e+06  1.00007  0 
0.195914  0.326894  1.0044e+06  1.30758  0 
0.567785  0.20443  1.69608e+06  0.81772  0 
0.175269  0.353671  966000  1.41469  0 

0.149333  0.448126  917760  1.79251  0 
0.724043  0.197961  1.98672e+06  0.791843  0 
0.481075  0.208997  1.5348e+06  0.835988  0 
0.277075  0.245562  1.15536e+06  0.982247  0 
0.172946  0.341738  961680  1.36695  0 
0.210108  0.282159  1.0308e+06  1.12864  0 
0.44843  0.212236  1.47408e+06  0.848944  0 
0.239785  0.249603  1.086e+06  0.998411  0 
0.418882  0.216974  1.41912e+06  0.867894  0 
0.183011  0.295368  980400  1.18147  0 
0.393591  0.221398  1.37208e+06  0.88559  0 
0.370753  0.223902  1.3296e+06  0.895608  0 
0.155011  0.403767  928320  1.61507  0 
0.355398  0.227574  1.30104e+06  0.910297  0 
0.336688  0.232338  1.26624e+06  0.929352  0 
0.22714  0.263474  1.06248e+06  1.05389  0 
0.32314  0.233316  1.24104e+06  0.933264  0 
0.16172  0.378418  940800  1.51367  0 
0.311269  0.234705  1.21896e+06  0.938821  0 
0.656172  0.198764  1.86048e+06  0.795056  0 
0.629333  0.200831  1.81056e+06  0.803323  0 
0.164817  0.35412  946560  1.41648  0 
0.59772  0.200878  1.75176e+06  0.803511  0 
0.302366  0.237564  1.2024e+06  0.950255  0 
0.58172  0.20177  1.722e+06  0.807078  0 
0.232946  0.254919  1.07328e+06  1.01968  0 
0.193075  0.288558  999120  1.15423  0 
0.568817  0.202566  1.698e+06  0.810265  0 
0.29514  0.240167  1.18896e+06  0.960666  0 
0.553462  0.204238  1.66944e+06  0.816952  0 
0.178753  0.333794  972480  1.33518  0 
0.29114  0.241652  1.18152e+06  0.966608  0 
0.546108  0.205139  1.65576e+06  0.820554  0 
0.410495  0.217587  1.40352e+06  0.870347  0 
0.534753  0.205317  1.63464e+06  0.821268  0 
0.283398  0.241957  1.16712e+06  0.967827  0 
0.528043  0.205487  1.62216e+06  0.821946  0 
0.522366  0.205777  1.6116e+06  0.823108  0 
0.359656  0.22445  1.30896e+06  0.897801  0 
0.442495  0.213853  1.46304e+06  0.85541  0 
0.273978  0.245895  1.1496e+06  0.983581  0 
0.279914  0.242527  1.16064e+06  0.970106  0 
0.434624  0.214246  1.4484e+06  0.856984  0 
0.355656  0.224933  1.30152e+06  0.899733  0 
0.43114  0.214342  1.44192e+06  0.857367  0 
0.516172  0.206375  1.60008e+06  0.825502  0 
0.403011  0.218866  1.3896e+06  0.875466  0 
0.180559  0.318486  975840  1.27395  0 
0.477333  0.209793  1.52784e+06  0.839173  0 
0.506882  0.206795  1.5828e+06  0.827181  0 
0.305075  0.235376  1.20744e+06  0.941504  0 
0.271269  0.24743  1.14456e+06  0.98972  0 
0.205978  0.286396  1.02312e+06  1.14558  0 
0.389978  0.22192  1.36536e+06  0.887681  0 
0.398237  0.219544  1.38072e+06  0.878178  0 
0.38572  0.222057  1.35744e+06  0.888229  0 
0.300559  0.238069  1.19904e+06  0.952276  0 
0.176946  0.337682  969120  1.35073  0 
0.347011  0.230595  1.28544e+06  0.92238  0 
0.471269  0.210619  1.51656e+06  0.842475  0 
0.269849  0.247796  1.14192e+06  0.991183  0 
0.237591  0.25357  1.08192e+06  1.01428  0 
0.649462  0.199497  1.848e+06  0.797989  0 
0.299269  0.238551  1.19664e+06  0.954203  0 
0.466624  0.211005  1.50792e+06  0.844022  0 
0.502495  0.207805  1.57464e+06  0.83122  0 
0.463527  0.211064  1.50216e+06  0.844254  0 
0.380688  0.222845  1.34808e+06  0.89138  0 
0.266237  0.248552  1.1352e+06  0.994207  0 
0.462495  0.211266  1.50024e+06  0.845062  0 
0.272559  0.246642  1.14696e+06  0.986567  0 
0.294237  0.24087  1.18728e+06  0.963479  0 
0.229978  0.262736  1.06776e+06  1.05094  0 
0.26443  0.24893  1.13184e+06  0.99572  0 
0.564817  0.203616  1.69056e+06  0.814462  0 
0.318624  0.234132  1.23264e+06  0.936529  0 
0.221978  0.281608  1.05288e+06  1.12643  0 
0.188817  0.294846  991200  1.17938  0 
0.279398  0.243126  1.15968e+06  0.972503  0 
0.494495  0.208522  1.55976e+06  0.834088  0 
0.491914  0.208525  1.55496e+06  0.834101  0 
0.521849  0.205954  1.61064e+06  0.823816  0 
0.392301  0.221526  1.36968e+06  0.886106  0 
0.291527  0.24126  1.18224e+06  0.965041  0 
0.192688  0.290383  998400  1.16153  0 
0.423656  0.216596  1.428e+06  0.866383  0 
0.550366  0.204771  1.66368e+06  0.819084  0 
0.345978  0.232009  1.28352e+06  0.928035  0 
0.409075  0.218552  1.40088e+06  0.874207  0 
0.459011  0.211926  1.49376e+06  0.847705  0 
0.480043  0.209524  1.53288e+06  0.838097  0 
0.488688  0.208774  1.54896e+06  0.835097  0 
0.32843  0.233116  1.25088e+06  0.932464  0 
0.372688  0.223709  1.3332e+06  0.894835  0 
0.18572  0.295194  985440  1.18077  0 
0.454366  0.212098  1.48512e+06  0.848391  0 
0.415656  0.217488  1.41312e+06  0.869951  0 
0.396688  0.221325  1.37784e+06  0.885298  0 
0.316946  0.234668  1.22952e+06  0.93867  0 
0.448946  0.212229  1.47504e+06  0.848917  0 

0.149333  0.448126  917760  1.79251  0 
0.724043  0.197961  1.98672e+06  0.791843  0 
0.481075  0.208997  1.5348e+06  0.835988  0 
0.277075  0.245562  1.15536e+06  0.982247  0 
0.172946  0.341738  961680  1.36695  0 
0.210108  0.282159  1.0308e+06  1.12864  0 
0.44843  0.212236  1.47408e+06  0.848944  0 
0.239785  0.249603  1.086e+06  0.998411  0 
0.418882  0.216974  1.41912e+06  0.867894  0 
0.183011  0.295368  980400  1.18147  0 
0.393591  0.221398  1.37208e+06  0.88559  0 
0.370753  0.223902  1.3296e+06  0.895608  0 
0.155011  0.403767  928320  1.61507  0 
0.355398  0.227574  1.30104e+06  0.910297  0 
0.336688  0.232338  1.26624e+06  0.929352  0 
0.22714  0.263474  1.06248e+06  1.05389  0 
0.32314  0.233316  1.24104e+06  0.933264  0 
0.16172  0.378418  940800  1.51367  0 
0.311269  0.234705  1.21896e+06  0.938821  0 
0.656172  0.198764  1.86048e+06  0.795056  0 
0.629333  0.200831  1.81056e+06  0.803323  0 
0.164817  0.35412  946560  1.41648  0 
0.59772  0.200878  1.75176e+06  0.803511  0 
0.302366  0.237564  1.2024e+06  0.950255  0 
0.58172  0.20177  1.722e+06  0.807078  0 
0.232946  0.254919  1.07328e+06  1.01968  0 
0.193075  0.288558  999120  1.15423  0 
0.568817  0.202566  1.698e+06  0.810265  0 
0.29514  0.240167  1.18896e+06  0.960666  0 
0.553462  0.204238  1.66944e+06  0.816952  0 
0.178753  0.333794  972480  1.33518  0 
0.29114  0.241652  1.18152e+06  0.966608  0 
0.546108  0.205139  1.65576e+06  0.820554  0 
0.410495  0.217587  1.40352e+06  0.870347  0 
0.534753  0.205317  1.63464e+06  0.821268  0 
0.283398  0.241957  1.16712e+06  0.967827  0 
0.528043  0.205487  1.62216e+06  0.821946  0 
0.522366  0.205777  1.6116e+06  0.823108  0 
0.359656  0.22445  1.30896e+06  0.897801  0 
0.442495  0.213853  1.46304e+06  0.85541  0 
0.273978  0.245895  1.1496e+06  0.983581  0 
0.279914  0.242527  1.16064e+06  0.970106  0 
0.434624  0.214246  1.4484e+06  0.856984  0 
0.355656  0.224933  1.30152e+06  0.899733  0 
0.43114  0.214342  1.44192e+06  0.857367  0 
0.516172  0.206375  1.60008e+06  0.825502  0 
0.403011  0.218866  1.3896e+06  0.875466  0 
0.180559  0.318486  975840  1.27395  0 
0.477333  0.209793  1.52784e+06  0.839173  0 
0.506882  0.206795  1.5828e+06  0.827181  0 
0.305075  0.235376  1.20744e+06  0.941504  0 
0.271269  0.24743  1.14456e+06  0.98972  0 
0.205978  0.286396  1.02312e+06  1.14558  0 
0.389978  0.22192  1.36536e+06  0.887681  0 
0.398237  0.219544  1.38072e+06  0.878178  0 
0.38572  0.222057  1.35744e+06  0.888229  0 
0.300559  0.238069  1.19904e+06  0.952276  0 
0.176946  0.337682  969120  1.35073  0 
0.347011  0.230595  1.28544e+06  0.92238  0 
0.471269  0.210619  1.51656e+06  0.842475  0 
0.269849  0.247796  1.14192e+06  0.991183  0 
0.237591  0.25357  1.08192e+06  1.01428  0 
0.649462  0.199497  1.848e+06  0.797989  0 
0.299269  0.238551  1.19664e+06  0.954203  0 
0.466624  0.211005  1.50792e+06  0.844022  0 
0.502495  0.207805  1.57464e+06  0.83122  0 
0.463527  0.211064  1.50216e+06  0.844254  0 
0.380688  0.222845  1.34808e+06  0.89138  0 
0.266237  0.248552  1.1352e+06  0.994207  0 
0.462495  0.211266  1.50024e+06  0.845062  0 
0.192172  0.290124  997440  1.1605  0 
0.272559  0.246642  1.14696e+06  0.986567  0 
0.294237  0.24087  1.18728e+06  0.963479  0 
0.229978  0.262736  1.06776e+06  1.05094  0 
0.26443  0.24893  1.13184e+06  0.99572  0 
0.564817  0.203616  1.69056e+06  0.814462  0 
0.318624  0.234132  1.23264e+06  0.936529  0 
0.221978  0.281608  1.05288e+06  1.12643  0 
0.188817  0.294846  991200  1.17938  0 
0.279398  0.243126  1.15968e+06  0.972503  0 
0.494495  0.208522  1.55976e+06  0.834088  0 
0.491914  0.208525  1.55496e+06  0.834101  0 
0.521849  0.205954  1.61064e+06  0.823816  0 
0.392301  0.221526  1.36968e+06  0.886106  0 
0.291527  0.24126  1.18224e+06  0.965041  0 
0.423656  0.216596  1.428e+06  0.866383  0 
0.550366  0.204771  1.66368e+06  0.819084  0 
0.345978  0.232009  1.28352e+06  0.928035  0 
0.409075  0.218552  1.40088e+06  0.874207  0 
0.459011  0.211926  1.49376e+06  0.847705  0 
0.480043  0.209524  1.53288e+06  0.838097  0 
0.488688  0.208774  1.54896e+06  0.835097  0 
0.32843  0.233116  1.25088e+06  0.932464  0 
0.372688  0.223709  1.3332e+06  0.894835  0 
0.18572  0.295194  985440  1.18077  0 
0.454366  0.212098  1.48512e+06  0.848391  0 
0.415656  0.217488  1.41312e+06  0.869951  0 
0.396688  0.221325  1.37784e+06  0.885298  0 
0.316946  0.234668  1.22952e+06  0.93867  0 
0.448946  0.212229  1.47504e+06  0.848917  0 

