26.6009  1.20605e+07  5.01177e+07  4.82418e+07  0 
5.03027e+07  2.33908e+13  9.35631e+13  9.35631e+13  0 
13.0916  5.73297e+06  2.49904e+07  2.29319e+07  0 
1.54554e+07  7.18675e+12  2.8747e+13  2.8747e+13  0 
23.7576  1.07098e+07  4.48292e+07  4.28391e+07  0 
23.1002  1.04123e+07  4.36064e+07  4.16492e+07  0 
6.16024e+07  2.86451e+13  1.1458e+14  1.1458e+14  0 
27.0204  1.22661e+07  5.08979e+07  4.90645e+07  0 
48.6102  2.22512e+07  9.10549e+07  8.90046e+07  0 
9.11526e+07  4.23859e+13  1.69544e+14  1.69544e+14  0 
51.2892  2.35005e+07  9.60379e+07  9.40019e+07  0 
37.466  1.7097e+07  7.03268e+07  6.83881e+07  0 
12.3114  5.37899e+06  2.35391e+07  2.15159e+07  0 
27.574  1.24856e+07  5.19277e+07  4.99424e+07  0 
1.29032e+07  5.99997e+12  2.39999e+13  2.39999e+13  0 
41.4788  1.89859e+07  7.77906e+07  7.59438e+07  0 
22.457  1.01132e+07  4.24099e+07  4.0453e+07  0 
31.3216  1.42414e+07  5.88982e+07  5.69657e+07  0 
27.5923  1.24808e+07  5.19616e+07  4.99233e+07  0 
26.4203  1.19687e+07  4.97817e+07  4.78747e+07  0 
23.4752  1.05921e+07  4.43039e+07  4.23683e+07  0 
25.2372  1.13831e+07  4.75812e+07  4.55326e+07  0 
41.6414  1.90577e+07  7.80931e+07  7.62309e+07  0 
44.465  2.04036e+07  8.33449e+07  8.16143e+07  0 
31.3576  1.42445e+07  5.89651e+07  5.69782e+07  0 
25.1471  1.14165e+07  4.74136e+07  4.56661e+07  0 
3.19861e+07  1.48735e+13  5.94941e+13  5.94941e+13  0 
24.7217  1.11746e+07  4.66224e+07  4.46986e+07  0 
26.4085  1.19107e+07  4.97597e+07  4.76427e+07  0 
26.7885  1.21418e+07  5.04666e+07  4.85673e+07  0 
22.1059  9.94598e+06  4.1757e+07  3.97839e+07  0 
54.899  2.52327e+07  1.02752e+08  1.00931e+08  0 
28.6124  1.29972e+07  5.38591e+07  5.19888e+07  0 
6.37767e+07  2.96561e+13  1.18625e+14  1.18625e+14  0 
2.61832e+07  1.21752e+13  4.87007e+13  4.87007e+13  0 
8.44855e+06  3.92858e+12  1.57143e+13  1.57143e+13  0 
30.0743  1.36452e+07  5.65782e+07  5.45806e+07  0 
27.474  1.24521e+07  5.17417e+07  4.98085e+07  0 
22.8229  1.02538e+07  4.30907e+07  4.10151e+07  0 
30.0494  1.36195e+07  5.65319e+07  5.44782e+07  0 
28.0916  1.27906e+07  5.28904e+07  5.11624e+07  0 
24.6099  1.11018e+07  4.64145e+07  4.44071e+07  0 
7.91114e+07  3.67868e+13  1.47147e+14  1.47147e+14  0 
25.7002  1.16302e+07  4.84424e+07  4.65207e+07  0 
25.4084  1.14881e+07  4.78996e+07  4.59524e+07  0 
45.8579  2.09604e+07  8.59356e+07  8.38414e+07  0 
44.7803  2.04915e+07  8.39313e+07  8.19659e+07  0 
11.227  4.84362e+06  2.15222e+07  1.93745e+07  0 
4.8889e+07  2.27334e+13  9.09335e+13  9.09335e+13  0 
1.91476e+07  8.90362e+12  3.56145e+13  3.56145e+13  0 
27.0162  1.22305e+07  5.08901e+07  4.89221e+07  0 
5.76555e+07  2.68098e+13  1.07239e+14  1.07239e+14  0 
43.1956  1.9761e+07  8.09839e+07  7.9044e+07  0 
27.9895  1.27154e+07  5.27005e+07  5.08616e+07  0 
35.375  1.60945e+07  6.64376e+07  6.43781e+07  0 
34.2217  1.55832e+07  6.42923e+07  6.23327e+07  0 
6.12893e+06  2.84995e+12  1.13998e+13  1.13998e+13  0 
26.041  1.17785e+07  4.90762e+07  4.7114e+07  0 
30.6215  1.39523e+07  5.7596e+07  5.58092e+07  0 
22.7457  1.02311e+07  4.2947e+07  4.09245e+07  0 
9.96511e+06  4.63377e+12  1.85351e+13  1.85351e+13  0 
1.35228e+08  6.28808e+13  2.51523e+14  2.51523e+14  0 
26.1904  1.18323e+07  4.93541e+07  4.7329e+07  0 
29.2209  1.32666e+07  5.49909e+07  5.30664e+07  0 
1.03551e+07  4.81512e+12  1.92605e+13  1.92605e+13  0 
11.6946  5.11515e+06  2.23919e+07  2.04606e+07  0 
2.84623e+06  1.3235e+12  5.294e+12  5.29399e+12  0 
25.1572  1.1373e+07  4.74325e+07  4.54921e+07  0 
29.8032  1.34905e+07  5.60739e+07  5.39619e+07  0 
35.0285  1.59496e+07  6.5793e+07  6.37983e+07  0 
2.24221e+07  1.04263e+13  4.17052e+13  4.17052e+13  0 
22.8864  1.03277e+07  4.32088e+07  4.13106e+07  0 
23.6919  1.06851e+07  4.4707e+07  4.27405e+07  0 
26.9432  1.22355e+07  5.07543e+07  4.8942e+07  0 
24.1434  1.08725e+07  4.55467e+07  4.34899e+07  0 
28.7363  1.30209e+07  5.40896e+07  5.20834e+07  0 
7.26957e+07  3.38035e+13  1.35214e+14  1.35214e+14  0 
38.5276  1.75789e+07  7.23014e+07  7.03154e+07  0 
3.63363e+06  1.68964e+12  6.75856e+12  6.75856e+12  0 
9.86662e+07  4.58798e+13  1.83519e+14  1.83519e+14  0 
8.22451e+07  3.8244e+13  1.52976e+14  1.52976e+14  0 
10.8297  4.65665e+06  2.07832e+07  1.86266e+07  0 
13.0346  5.67514e+06  2.48843e+07  2.27006e+07  0 
25.213  1.14223e+07  4.75361e+07  4.56891e+07  0 
34.427  1.56543e+07  6.46741e+07  6.26171e+07  0 
27.7464  1.25529e+07  5.22483e+07  5.02114e+07  0 
46.0539  2.10564e+07  8.63002e+07  8.42256e+07  0 
4.98913e+07  2.31995e+13  9.27979e+13  9.27979e+13  0 
5.66438e+07  2.63394e+13  1.05357e+14  1.05357e+14  0 
15.0207  6.66193e+06  2.85785e+07  2.66477e+07  0 
3.10037e+07  1.44167e+13  5.76668e+13  5.76668e+13  0 
1.11193e+08  5.17049e+13  2.0682e+14  2.0682e+14  0 
22.3818  1.00755e+07  4.22702e+07  4.03022e+07  0 
26.1549  1.18661e+07  4.9288e+07  4.74645e+07  0 
13.5656  5.98476e+06  2.5872e+07  2.3939e+07  0 
1.48964e+08  6.92682e+13  2.77073e+14  2.77073e+14  0 
25.4399  1.15093e+07  4.79583e+07  4.60371e+07  0 
23.2822  1.0456e+07  4.39449e+07  4.1824e+07  0 
16.848  7.53597e+06  3.19772e+07  3.01439e+07  0 
27.5732  1.25176e+07  5.19262e+07  5.00703e+07  0 

0.309333  0.393303  1.21536e+06  1.57321  0 
0.783785  0.217024  2.09784e+06  0.868095  0 
0.647269  0.368412  1.84392e+06  1.47365  0 
0.700172  0.47317  1.94232e+06  1.89268  1 
1.13228  184552  2.74605e+06  738207  2 
2.63587  799302  5.54273e+06  3.19721e+06  3 
4.16558  1.49148e+06  8.38799e+06  5.96591e+06  7 
3.99575  1.50142e+06  8.07209e+06  6.00569e+06  7 
4.33005  1.65159e+06  8.69389e+06  6.60637e+06  9 
4.87432  1.83904e+06  9.70623e+06  7.35616e+06  10 
5.90687  2.37257e+06  1.16268e+07  9.4903e+06  15 
10.1609  4.36914e+06  1.95393e+07  1.74765e+07  28 
10.186  4.37473e+06  1.95859e+07  1.74989e+07  29 
10.5794  4.51906e+06  2.03176e+07  1.80763e+07  33 
11.5457  4.95825e+06  2.21149e+07  1.9833e+07  41 
13.9312  6.13407e+06  2.6552e+07  2.45363e+07  51 
15.8296  6.97721e+06  3.0083e+07  2.79088e+07  55 
16.2817  7.14406e+06  3.09239e+07  2.85762e+07  56 
22.7851  1.02965e+07  4.30202e+07  4.11859e+07  66 
31.0399  1.40648e+07  5.83742e+07  5.62593e+07  81 
11.0078  4.72201e+06  2.11145e+07  1.8888e+07  37 
26.5005  1.19241e+07  4.99309e+07  4.76963e+07  77 
21.664  9.72516e+06  4.09351e+07  3.89006e+07  60 
23.1071  1.03804e+07  4.36191e+07  4.15218e+07  68 
24.4221  1.10492e+07  4.60651e+07  4.41967e+07  71 
9.0624  3.82076e+06  1.74961e+07  1.5283e+07  22 
9.92078  4.27924e+06  1.90927e+07  1.7117e+07  25 
15.6838  6.94981e+06  2.98119e+07  2.77992e+07  54 
24.298  1.09612e+07  4.58342e+07  4.38449e+07  69 
6.4271  2.5939e+06  1.25944e+07  1.03756e+07  16 
22.4611  1.01091e+07  4.24176e+07  4.04364e+07  63 
5.1792  1.97805e+06  1.02733e+07  7.91219e+06  13 
15.6446  6.86486e+06  2.97389e+07  2.74594e+07  53 
10.8716  4.63983e+06  2.08611e+07  1.85593e+07  36 
15.0239  6.64906e+06  2.85844e+07  2.65962e+07  52 
37.5651  1.71235e+07  7.0511e+07  6.84941e+07  84 
3.95277  1.47796e+06  7.99216e+06  5.91184e+06  6 
25.7922  1.1658e+07  4.86135e+07  4.66321e+07  75 
8.2061  3.40938e+06  1.59034e+07  1.36375e+07  18 
10.2833  4.39718e+06  1.9767e+07  1.75887e+07  30 
12.1569  5.22904e+06  2.32518e+07  2.09161e+07  45 
9.37852  3.94603e+06  1.80841e+07  1.57841e+07  24 
24.8061  1.11824e+07  4.67794e+07  4.47296e+07  72 
11.3158  4.91324e+06  2.16874e+07  1.96529e+07  40 
11.5237  5.00809e+06  2.20741e+07  2.00324e+07  41 
29.8628  1.35542e+07  5.61847e+07  5.4217e+07  80 
22.6544  1.01424e+07  4.27771e+07  4.05696e+07  64 
33.951  1.5393e+07  6.37889e+07  6.15721e+07  83 
9.32541  3.94168e+06  1.79853e+07  1.57667e+07  23 
7.44977  3.08721e+06  1.44966e+07  1.23488e+07  17 
11.9595  5.15289e+06  2.28846e+07  2.06116e+07  44 
10.3652  4.42722e+06  1.99193e+07  1.77089e+07  31 
13.2481  5.84218e+06  2.52815e+07  2.33687e+07  49 
22.7254  1.02049e+07  4.29093e+07  4.08196e+07  65 
5.10086  1.94678e+06  1.01276e+07  7.78713e+06  12 
12.1487  5.31314e+06  2.32366e+07  2.12526e+07  45 
22.2104  9.94197e+06  4.19514e+07  3.97679e+07  62 
13.352  5.89677e+06  2.54747e+07  2.35871e+07  50 
11.7436  5.09344e+06  2.24831e+07  2.03738e+07  43 
12.9776  5.66186e+06  2.47784e+07  2.26474e+07  48 
11.9446  5.15473e+06  2.28569e+07  2.06189e+07  44 
6.23611  2.61993e+06  1.22392e+07  1.04797e+07  16 
3.08917  1.03348e+06  6.38585e+06  4.13393e+06  4 
12.8587  5.63919e+06  2.45571e+07  2.25567e+07  47 
10.6975  4.60664e+06  2.05373e+07  1.84265e+07  35 
8.91338  3.80426e+06  1.72189e+07  1.5217e+07  21 
17.0479  7.51258e+06  3.23491e+07  3.00503e+07  57 
4.94638  1.90861e+06  9.84027e+06  7.63443e+06  11 
4.30177  1.59351e+06  8.6413e+06  6.37402e+06  8 
10.0433  4.29705e+06  1.93206e+07  1.71882e+07  26 
12.3688  5.39839e+06  2.3646e+07  2.15935e+07  46 
22.9462  1.02712e+07  4.33198e+07  4.1085e+07  67 
8.13553  3.414e+06  1.57721e+07  1.3656e+07  18 
8.56986  3.63793e+06  1.65799e+07  1.45517e+07  19 
25.7417  1.16283e+07  4.85195e+07  4.65131e+07  74 
10.4973  4.46654e+06  2.01649e+07  1.78662e+07  32 
26.6462  1.20327e+07  5.0202e+07  4.81308e+07  78 
25.1205  1.13557e+07  4.73641e+07  4.5423e+07  73 
3.33167  1.22905e+06  6.8369e+06  4.91618e+06  5 
22.8787  1.02519e+07  4.31944e+07  4.10075e+07  66 
21.6711  9.7516e+06  4.09483e+07  3.90064e+07  61 
10.663  4.5714e+06  2.04732e+07  1.82856e+07  34 
13.3666  5.85114e+06  2.55019e+07  2.34046e+07  50 
11.5468  4.98602e+06  2.2117e+07  1.99441e+07  42 
25.8097  1.16297e+07  4.8646e+07  4.65189e+07  75 
20.1604  9.0783e+06  3.81384e+07  3.63132e+07  58 
10.1068  4.31817e+06  1.94387e+07  1.72727e+07  27 
27.1067  1.2226e+07  5.10584e+07  4.89041e+07  79 
24.3977  1.10304e+07  4.60197e+07  4.41217e+07  70 
8.8466  3.74537e+06  1.70947e+07  1.49815e+07  20 
11.2253  4.90277e+06  2.15191e+07  1.96111e+07  39 
22.923  1.02845e+07  4.32768e+07  4.11382e+07  67 
11.0098  4.75509e+06  2.11182e+07  1.90203e+07  38 
45.7904  2.08802e+07  8.58101e+07  8.3521e+07  85 
6.32634  2.59655e+06  1.2407e+07  1.03862e+07  16 
5.7037  2.28032e+06  1.12489e+07  9.12128e+06  14 
32.3351  1.46371e+07  6.07833e+07  5.85484e+07  82 
21.7195  9.73301e+06  4.10383e+07  3.8932e+07  61 
21.5735  9.67165e+06  4.07667e+07  3.86866e+07  59 
25.843  1.16889e+07  4.8708e+07  4.67556e+07  76 

0.29914  0.390769  1.1964e+06  1.56308  0 
0.758882  0.213584  2.05152e+06  0.854334  0 
0.634753  0.271112  1.82064e+06  1.08445  0 
0.543914  0.305577  1.65168e+06  1.22231  0 
0.470882  0.349306  1.51584e+06  1.39722  0 
0.638495  0.406774  1.8276e+06  1.6271  1 
0.742624  0.360176  2.02128e+06  1.44071  1 
0.596817  0.411279  1.75008e+06  1.64511  1 
0.839785  0.320371  2.202e+06  1.28149  1 
0.790366  0.551282  2.11008e+06  2.20513  2 
0.870882  0.521475  2.25984e+06  2.0859  2 
1.09676  96695.8  2.67998e+06  386783  3 
1.10641  156080  2.69792e+06  624321  4 
1.37195  191179  3.19183e+06  764715  5 
1.45784  296394  3.35157e+06  1.18557e+06  6 
1.62691  360673  3.66605e+06  1.44269e+06  7 
1.78015  409850  3.95108e+06  1.6394e+06  9 
1.80753  464521  4.002e+06  1.85808e+06  10 
2.60054  773150  5.477e+06  3.0926e+06  11 
2.97209  1.03754e+06  6.16808e+06  4.15016e+06  12 
3.35821  1.17989e+06  6.88627e+06  4.71956e+06  14 
3.76017  1.31892e+06  7.63391e+06  5.27568e+06  15 
3.58296  1.32946e+06  7.3043e+06  5.31782e+06  15 
3.7288  1.37981e+06  7.57556e+06  5.51925e+06  16 
3.89334  1.37508e+06  7.88161e+06  5.50033e+06  16 
4.11302  1.57606e+06  8.29022e+06  6.30422e+06  17 
4.27323  1.61203e+06  8.58821e+06  6.44814e+06  18 
4.4594  1.6908e+06  8.93448e+06  6.7632e+06  19 
4.50825  1.70175e+06  9.02534e+06  6.80702e+06  20 
4.7747  1.8337e+06  9.52095e+06  7.33479e+06  21 
4.8094  1.89621e+06  9.58548e+06  7.58484e+06  22 
5.00796  1.96328e+06  9.95481e+06  7.85313e+06  23 
5.10366  1.9644e+06  1.01328e+07  7.85762e+06  24 
5.22452  2.08096e+06  1.03576e+07  8.32384e+06  25 
5.63855  2.25201e+06  1.11277e+07  9.00802e+06  27 
5.60064  2.27776e+06  1.10572e+07  9.11102e+06  27 
5.78925  2.29706e+06  1.1408e+07  9.18824e+06  28 
6.01177  2.45201e+06  1.18219e+07  9.80806e+06  32 
7.12633  2.96752e+06  1.3895e+07  1.18701e+07  34 
7.15023  2.95914e+06  1.39394e+07  1.18366e+07  34 
7.13875  2.97432e+06  1.39181e+07  1.18973e+07  35 
7.32162  3.06955e+06  1.42582e+07  1.22782e+07  36 
7.74463  3.19815e+06  1.5045e+07  1.27926e+07  37 
7.76814  3.28054e+06  1.50887e+07  1.31222e+07  38 
7.8783  3.27249e+06  1.52936e+07  1.309e+07  38 
8.37122  3.5566e+06  1.62105e+07  1.42264e+07  39 
8.41042  3.48381e+06  1.62834e+07  1.39352e+07  39 
8.44775  3.57623e+06  1.63528e+07  1.43049e+07  40 
8.42278  3.59041e+06  1.63064e+07  1.43617e+07  40 
8.90861  3.7448e+06  1.721e+07  1.49792e+07  41 
8.97514  3.81348e+06  1.73338e+07  1.52539e+07  42 
9.66681  4.16955e+06  1.86203e+07  1.66782e+07  46 
9.85277  4.18414e+06  1.89662e+07  1.67366e+07  47 
9.93649  4.27473e+06  1.91219e+07  1.70989e+07  49 
9.95462  4.3197e+06  1.91556e+07  1.72788e+07  50 
10.0331  4.32596e+06  1.93016e+07  1.73038e+07  51 
10.1243  4.3385e+06  1.94713e+07  1.7354e+07  52 
10.1607  4.35949e+06  1.95389e+07  1.7438e+07  53 
10.3539  4.41788e+06  1.98982e+07  1.76715e+07  54 
11.9872  5.26936e+06  2.29363e+07  2.10775e+07  56 
12.1415  5.26014e+06  2.32231e+07  2.10406e+07  57 
13.7373  6.00373e+06  2.61915e+07  2.40149e+07  58 
13.9327  6.11994e+06  2.65548e+07  2.44798e+07  59 
15.5605  6.84653e+06  2.95826e+07  2.73861e+07  61 
19.1115  8.53061e+06  3.61874e+07  3.41225e+07  63 
20.37  9.08994e+06  3.85282e+07  3.63598e+07  64 
21.7909  9.75915e+06  4.11712e+07  3.90366e+07  65 
22.119  9.88417e+06  4.17814e+07  3.95367e+07  67 
23.5478  1.05766e+07  4.4439e+07  4.23066e+07  68 
24.4948  1.1019e+07  4.62004e+07  4.40759e+07  70 
25.8023  1.1617e+07  4.86324e+07  4.6468e+07  70 
28.0786  1.27138e+07  5.28662e+07  5.0855e+07  75 
44.1758  2.02145e+07  8.2807e+07  8.0858e+07  83 
1.69136  364064  3.78593e+06  1.45625e+06  8 
9.48116  4.0333e+06  1.8275e+07  1.61332e+07  44 
24.5448  1.10671e+07  4.62934e+07  4.42682e+07  71 
18.8208  8.36985e+06  3.56466e+07  3.34794e+07  62 
15.5107  6.90125e+06  2.949e+07  2.7605e+07  61 
5.32656  2.12505e+06  1.05474e+07  8.50021e+06  26 
5.97329  2.4463e+06  1.17503e+07  9.7852e+06  31 
37.6572  1.71542e+07  7.06823e+07  6.86169e+07  55 
9.93478  4.22575e+06  1.91187e+07  1.6903e+07  48 
12.0285  5.20753e+06  2.30129e+07  2.08301e+07  56 
5.93824  2.37546e+06  1.16851e+07  9.50185e+06  30 
10.0222  4.29024e+06  1.92813e+07  1.7161e+07  50 
9.97296  4.23217e+06  1.91897e+07  1.69287e+07  49 
27.9435  1.26246e+07  5.26149e+07  5.04985e+07  71 
9.64335  4.11586e+06  1.85766e+07  1.64634e+07  45 
6.59875  2.69304e+06  1.29137e+07  1.07722e+07  33 
24.4697  1.09787e+07  4.61536e+07  4.39149e+07  69 
8.81963  3.75707e+06  1.70445e+07  1.50283e+07  41 
9.76565  4.19403e+06  1.88041e+07  1.67761e+07  47 
11.3476  4.94246e+06  2.17465e+07  1.97698e+07  55 
24.4581  1.10744e+07  4.6132e+07  4.42974e+07  69 
7.35243  2.99682e+06  1.43155e+07  1.19873e+07  36 
14.0074  6.12181e+06  2.66938e+07  2.44873e+07  60 
22.0485  9.82067e+06  4.16503e+07  3.92827e+07  66 
9.24625  3.89467e+06  1.7838e+07  1.55787e+07  43 
3.16957  1.07279e+06  6.5354e+06  4.29116e+06  13 
5.9289  2.37334e+06  1.16678e+07  9.49335e+06  29 

0.24843  0.453276  1.10208e+06  1.8131  0 
0.794882  0.210644  2.11848e+06  0.842574  0 
0.585075  0.249272  1.72824e+06  0.997087  0 
0.43243  0.295805  1.44432e+06  1.18322  0 
0.350366  0.334729  1.29168e+06  1.33892  0 
0.538624  0.26576  1.64184e+06  1.06304  0 
0.768559  0.229111  2.06952e+06  0.916446  0 
0.532301  0.304941  1.63008e+06  1.21976  1 
0.363398  0.426925  1.31592e+06  1.7077  1 
0.622237  0.287968  1.79736e+06  1.15187  1 
0.509333  0.335842  1.58736e+06  1.34337  1 
0.526108  0.326869  1.61856e+06  1.30748  1 
0.42714  0.355489  1.43448e+06  1.42196  1 
0.50843  0.34793  1.58568e+06  1.39172  1 
0.746366  0.280661  2.02824e+06  1.12264  1 
0.684172  0.286024  1.91256e+06  1.1441  1 
0.433333  0.416185  1.446e+06  1.66474  2 
0.435785  0.393226  1.45056e+06  1.5729  2 
0.540688  0.329605  1.64568e+06  1.31842  2 
0.407398  0.504246  1.39776e+06  2.01699  2 
0.458366  0.357665  1.49256e+06  1.43066  2 
0.691656  0.291101  1.92648e+06  1.16441  2 
0.447398  0.362184  1.47216e+06  1.44874  2 
0.623011  0.29946  1.7988e+06  1.19784  2 
0.633462  0.292568  1.81824e+06  1.17027  2 
0.447011  0.390582  1.47144e+06  1.56233  2 
0.629204  0.310321  1.81032e+06  1.24128  3 
0.60172  0.33372  1.7592e+06  1.33488  3 
0.797075  0.297499  2.12256e+06  1.19  3 
0.519785  0.361859  1.6068e+06  1.44743  3 
0.597978  0.337737  1.75224e+06  1.35095  3 
0.558753  0.348956  1.67928e+06  1.39583  3 
0.474495  0.369293  1.52256e+06  1.47717  3 
0.644817  0.328128  1.83936e+06  1.31251  4 
0.658624  0.320326  1.86504e+06  1.2813  4 
0.583527  0.356923  1.72536e+06  1.42769  4 
0.529591  0.433618  1.62504e+06  1.73447  4 
0.573591  0.373599  1.70688e+06  1.49439  4 
0.536043  0.421885  1.63704e+06  1.68754  4 
0.750366  0.326384  2.03568e+06  1.30553  5 
0.537849  0.549792  1.6404e+06  2.19917  5 
0.594882  0.371864  1.74648e+06  1.48746  5 
0.691398  0.365599  1.926e+06  1.4624  5 
0.62172  0.440537  1.7964e+06  1.76215  6 
0.621978  0.398915  1.79688e+06  1.59566  6 
0.59643  0.511759  1.74936e+06  2.04703  6 
0.733204  0.389229  2.00376e+06  1.55691  6 
0.61374  3729.54  1.78156e+06  14918.2  7 
0.763914  0.398219  2.06088e+06  1.59287  7 
0.632043  0.411499  1.8156e+06  1.646  7 
0.628301  0.444784  1.80864e+06  1.77913  7 
0.694882  0.419952  1.93248e+06  1.67981  8 
0.854152  11780.8  2.22872e+06  47123.2  9 
0.866999  55254.9  2.25262e+06  221020  10 
0.959452  13885.4  2.42458e+06  55541.4  10 
0.925943  135704  2.36225e+06  542815  11 
1.03455  78808.2  2.56427e+06  315233  11 
1.20414  78167.1  2.87971e+06  312668  11 
1.11446  147042  2.71289e+06  588169  12 
1.1504  126856  2.77974e+06  507423  12 
1.05319  149874  2.59894e+06  599497  12 
1.0976  149466  2.68154e+06  597862  12 
1.09128  154564  2.66977e+06  618255  13 
1.10564  186202  2.69649e+06  744808  14 
1.32145  235375  3.0979e+06  941499  15 
1.42036  313167  3.28187e+06  1.25267e+06  16 
1.44077  279099  3.31984e+06  1.1164e+06  16 
1.55202  306112  3.52677e+06  1.22445e+06  17 
1.4409  314080  3.32008e+06  1.25632e+06  17 
1.52877  322179  3.48352e+06  1.28872e+06  18 
1.7617  397850  3.91676e+06  1.5914e+06  19 
1.64896  411068  3.70707e+06  1.64427e+06  19 
1.67657  416527  3.75843e+06  1.66611e+06  20 
1.88636  523016  4.14862e+06  2.09207e+06  21 
1.92903  556899  4.22799e+06  2.22759e+06  22 
2.05153  577083  4.45585e+06  2.30833e+06  23 
2.10008  571157  4.54615e+06  2.28463e+06  23 
2.31331  723349  4.94275e+06  2.8934e+06  24 
2.38094  731459  5.06855e+06  2.92583e+06  25 
2.38469  747120  5.07552e+06  2.98848e+06  26 
2.74596  921953  5.74749e+06  3.68781e+06  27 
2.84749  947621  5.93632e+06  3.79048e+06  28 
3.03685  1.10413e+06  6.28854e+06  4.41654e+06  29 
3.22769  1.12478e+06  6.6435e+06  4.4991e+06  30 
3.34142  1.17358e+06  6.85503e+06  4.69432e+06  31 
3.34023  1.19343e+06  6.85283e+06  4.77372e+06  31 
3.42024  1.18581e+06  7.00165e+06  4.74325e+06  32 
3.48617  1.23705e+06  7.12428e+06  4.9482e+06  33 
3.95111  1.52597e+06  7.98907e+06  6.10387e+06  34 
4.36159  1.65768e+06  8.75256e+06  6.63072e+06  35 
4.42046  1.73965e+06  8.86206e+06  6.95862e+06  36 
4.60556  1.82303e+06  9.20634e+06  7.2921e+06  37 
4.86892  1.86551e+06  9.69619e+06  7.46203e+06  38 
5.12954  1.97769e+06  1.01809e+07  7.91078e+06  39 
5.31522  2.14228e+06  1.05263e+07  8.56911e+06  40 
5.87994  2.34871e+06  1.15767e+07  9.39485e+06  41 
6.18567  2.55838e+06  1.21453e+07  1.02335e+07  42 
6.29539  2.70384e+06  1.23494e+07  1.08154e+07  43 
9.65447  4.23479e+06  1.85973e+07  1.69392e+07  44 
0.62714  0.336396  1.80648e+06  1.34558  4 

0.219398  0.452246  1.04808e+06  1.80898  0 
0.871785  0.208244  2.26152e+06  0.832977  0 
0.641591  0.229465  1.83336e+06  0.91786  0 
0.399398  0.263429  1.38288e+06  1.05372  0 
0.302366  0.332717  1.2024e+06  1.33087  0 
0.268301  0.365199  1.13904e+06  1.4608  0 
0.585333  0.233887  1.72872e+06  0.935546  0 
0.343398  0.304132  1.27872e+06  1.21653  0 
0.545849  0.243686  1.65528e+06  0.974746  0 
0.377204  0.291983  1.3416e+06  1.16793  0 
0.510753  0.260771  1.59e+06  1.04308  0 
0.502495  0.26149  1.57464e+06  1.04596  0 
0.310366  0.38482  1.21728e+06  1.53928  0 
0.434108  0.276888  1.44744e+06  1.10755  1 
0.661591  0.242844  1.87056e+06  0.971377  1 
0.268301  0.429306  1.13904e+06  1.71723  1 
0.330366  0.352948  1.25448e+06  1.41179  1 
0.359527  0.317767  1.30872e+06  1.27107  0 
0.626366  0.247082  1.80504e+06  0.98833  1 
0.654495  0.243403  1.85736e+06  0.973611  1 
0.376172  0.30503  1.33968e+06  1.22012  0 
0.575269  0.260056  1.71e+06  1.04022  1 
0.348043  0.348182  1.28736e+06  1.39273  2 
0.579656  0.250095  1.71816e+06  1.00038  0 
0.291785  0.418314  1.18272e+06  1.67325  2 
0.422624  0.298462  1.42608e+06  1.19385  1 
0.529204  0.261214  1.62432e+06  1.04485  0 
0.443269  0.29057  1.46448e+06  1.16228  2 
0.400301  0.307081  1.38456e+06  1.22833  3 
0.546882  0.263889  1.6572e+06  1.05556  2 
0.531656  0.268412  1.62888e+06  1.07365  2 
0.622237  0.252079  1.79736e+06  1.00832  0 
0.429849  0.300417  1.43952e+06  1.20167  2 
0.383011  0.32677  1.3524e+06  1.30708  2 
0.387656  0.308585  1.36104e+06  1.23434  2 
0.492043  0.279601  1.5552e+06  1.11841  3 
0.302108  0.419702  1.20192e+06  1.67881  3 
0.456817  0.288795  1.48968e+06  1.15518  2 
0.377591  0.34911  1.34232e+06  1.39644  4 
0.34843  0.370246  1.28808e+06  1.48099  1 
0.326108  0.395226  1.24656e+06  1.5809  1 
0.503914  0.297767  1.57728e+06  1.19107  0 
0.523269  0.288703  1.61328e+06  1.15481  4 
0.378624  0.350491  1.34424e+06  1.40196  2 
0.468559  0.306504  1.51152e+06  1.22602  2 
0.642108  0.26797  1.83432e+06  1.07188  4 
0.506108  0.294877  1.58136e+06  1.17951  0 
0.393978  0.341395  1.3728e+06  1.36558  3 
0.703398  0.259214  1.94832e+06  1.03686  2 
0.319914  0.489491  1.23504e+06  1.95796  2 
0.365075  0.406288  1.31904e+06  1.62515  4 
0.383269  0.344798  1.35288e+06  1.37919  4 
0.592946  0.277233  1.74288e+06  1.10893  4 
0.403527  0.30953  1.39056e+06  1.23812  2 
0.334237  0.420731  1.26168e+06  1.68292  2 
0.54714  0.277826  1.65768e+06  1.1113  2 
0.614237  0.274741  1.78248e+06  1.09896  1 
0.409849  0.312668  1.40232e+06  1.25067  4 
0.343656  0.428199  1.2792e+06  1.7128  3 
0.392688  0.356406  1.3704e+06  1.42562  0 
0.711269  0.262492  1.96296e+06  1.04997  2 
0.410882  0.311541  1.40424e+06  1.24616  0 
0.569075  0.278402  1.69848e+06  1.11361  3 
0.54843  0.281124  1.66008e+06  1.1245  4 
0.379527  0.393591  1.34592e+06  1.57437  3 
0.406624  0.312756  1.39632e+06  1.25102  2 
0.514366  0.301724  1.59672e+06  1.2069  0 
0.446366  0.32332  1.47024e+06  1.29328  3 
0.441849  0.327225  1.46184e+06  1.3089  4 
0.57114  0.289591  1.70232e+06  1.15837  5 
0.397978  0.379374  1.38024e+06  1.5175  1 
0.560817  0.298811  1.68312e+06  1.19524  5 
0.646753  0.280897  1.84296e+06  1.12359  4 
0.620817  0.284164  1.79472e+06  1.13666  5 
0.48572  0.312387  1.54344e+06  1.24955  4 
0.556688  0.307388  1.67544e+06  1.22955  3 
0.576301  0.287343  1.71192e+06  1.14937  0 
0.543011  0.310646  1.65e+06  1.24258  5 
0.409075  0.330785  1.40088e+06  1.32314  4 
0.431011  0.327764  1.44168e+06  1.31106  4 
0.461591  0.317012  1.49856e+06  1.26805  4 
0.476043  0.322098  1.52544e+06  1.28839  5 
0.566366  0.309886  1.69344e+06  1.23954  6 
0.640172  0.285761  1.83072e+06  1.14304  5 
0.584946  0.288697  1.728e+06  1.15479  4 
0.536301  0.314156  1.63752e+06  1.25662  0 
0.498237  0.31535  1.56672e+06  1.2614  0 
0.469591  0.330694  1.51344e+06  1.32277  0 
0.399656  0.386581  1.38336e+06  1.54633  0 
0.417204  0.331012  1.416e+06  1.32405  3 
0.398882  0.412463  1.38192e+06  1.64985  5 
0.414495  0.342681  1.41096e+06  1.37073  5 
0.410624  0.373833  1.40376e+06  1.49533  5 
0.517591  0.327553  1.60272e+06  1.31021  3 
0.460946  0.336986  1.49736e+06  1.34794  5 
0.576043  0.31033  1.71144e+06  1.24132  2 
0.614882  0.291261  1.78368e+06  1.16505  6 
0.585462  0.291556  1.72896e+06  1.16622  3 
0.405462  0.527926  1.39416e+06  2.1117  4 
0.413204  0.385464  1.40856e+06  1.54186  0 

0.192946  0.478627  998880  1.91451  0 
0.896043  0.204324  2.30664e+06  0.817297  0 
0.558237  0.217739  1.67832e+06  0.870957  0 
0.335398  0.25925  1.26384e+06  1.037  0 
0.255398  0.361717  1.11504e+06  1.44687  0 
0.273204  0.313963  1.14816e+06  1.25585  0 
0.499398  0.227037  1.56888e+06  0.908147  1 
0.295269  0.282455  1.1892e+06  1.12982  0 
0.467269  0.233872  1.50912e+06  0.935486  0 
0.218753  0.455172  1.04688e+06  1.82069  0 
0.448688  0.238861  1.47456e+06  0.955444  0 
0.412043  0.241578  1.4064e+06  0.966312  0 
0.36172  0.246501  1.3128e+06  0.986002  0 
0.245075  0.426889  1.09584e+06  1.70755  1 
0.828043  0.212409  2.18016e+06  0.849638  0 
0.330753  0.269975  1.2552e+06  1.0799  1 
0.291398  0.30369  1.182e+06  1.21476  0 
0.358237  0.255671  1.30632e+06  1.02269  0 
0.455656  0.236209  1.48752e+06  0.944838  2 
0.794495  0.215536  2.11776e+06  0.862144  0 
0.491914  0.231836  1.55496e+06  0.927345  0 
0.778882  0.21596  2.08872e+06  0.863841  0 
0.357204  0.257195  1.3044e+06  1.02878  1 
0.775527  0.21762  2.08248e+06  0.870481  1 
0.374624  0.261466  1.3368e+06  1.04586  0 
0.781333  0.216516  2.09328e+06  0.866063  0 
0.369849  0.26236  1.32792e+06  1.04944  0 
0.531527  0.230436  1.62864e+06  0.921742  1 
0.600946  0.21814  1.75776e+06  0.872561  0 
0.73772  0.218037  2.01216e+06  0.872149  0 
0.510237  0.233384  1.58904e+06  0.933535  1 
0.413075  0.241658  1.40832e+06  0.966631  0 
0.587914  0.227144  1.73352e+06  0.908575  0 
0.352817  0.273056  1.29624e+06  1.09222  0 
0.456172  0.239645  1.48848e+06  0.958581  0 
0.354237  0.269606  1.29888e+06  1.07843  2 
0.525591  0.231784  1.6176e+06  0.927135  0 
0.343011  0.276105  1.278e+06  1.10442  1 
0.266495  0.417603  1.13568e+06  1.67041  2 
0.324043  0.29615  1.24272e+06  1.1846  2 
0.449204  0.2405  1.47552e+06  0.961998  0 
0.895398  0.216075  2.30544e+06  0.864301  0 
0.571914  0.227418  1.70376e+06  0.909672  1 
0.273462  0.348711  1.14864e+06  1.39485  1 
0.391269  0.253251  1.36776e+06  1.013  1 
0.471785  0.235614  1.51752e+06  0.942457  1 
0.509075  0.234843  1.58688e+06  0.939372  2 
0.271656  0.394747  1.14528e+06  1.57899  1 
0.332301  0.293593  1.25808e+06  1.17437  2 
0.400043  0.247288  1.38408e+06  0.989151  1 
0.280043  0.326766  1.16088e+06  1.30706  0 
0.301075  0.315852  1.2e+06  1.26341  1 
0.264559  0.433607  1.13208e+06  1.73443  3 
0.597978  0.227089  1.75224e+06  0.908356  2 
0.341333  0.281995  1.27488e+06  1.12798  2 
0.499656  0.23602  1.56936e+06  0.944079  0 
0.442624  0.241687  1.46328e+06  0.96675  0 
0.313591  0.339016  1.22328e+06  1.35606  0 
0.487656  0.24145  1.54704e+06  0.965801  3 
0.687398  0.220808  1.91856e+06  0.883233  1 
0.607398  0.224759  1.76976e+06  0.899035  2 
0.624559  0.224263  1.80168e+06  0.897054  2 
0.665591  0.220982  1.878e+06  0.883928  2 
0.278495  0.390442  1.158e+06  1.56177  1 
0.282108  0.360769  1.16472e+06  1.44307  1 
0.548301  0.230584  1.65984e+06  0.922337  2 
0.489591  0.24062  1.55064e+06  0.962478  0 
0.278366  0.415334  1.15776e+06  1.66134  2 
0.769075  0.219197  2.07048e+06  0.876789  0 
0.415656  0.251255  1.41312e+06  1.00502  0 
0.606882  0.227407  1.7688e+06  0.909626  0 
0.41643  0.246035  1.41456e+06  0.984141  1 
0.347527  0.287399  1.2864e+06  1.14959  0 
0.593978  0.227951  1.7448e+06  0.911802  0 
0.639914  0.223035  1.83024e+06  0.89214  0 
0.340172  0.307584  1.27272e+06  1.23033  2 
0.839011  0.217425  2.20056e+06  0.869701  1 
0.527011  0.235339  1.62024e+06  0.941355  1 
0.310624  0.350032  1.21776e+06  1.40013  2 
0.536559  0.231007  1.638e+06  0.924027  0 
0.494882  0.238935  1.56048e+06  0.955738  3 
0.798366  0.218598  2.12496e+06  0.874394  2 
0.697462  0.221506  1.93728e+06  0.886022  0 
0.78172  0.219927  2.094e+06  0.87971  2 
0.60043  0.228188  1.7568e+06  0.912752  0 
0.488817  0.241866  1.5492e+06  0.967464  0 
0.374108  0.296495  1.33584e+06  1.18598  0 
0.513462  0.241575  1.59504e+06  0.966298  0 
0.466495  0.24204  1.50768e+06  0.96816  1 
0.363011  0.341878  1.3152e+06  1.36751  0 
0.537462  0.232765  1.63968e+06  0.931061  2 
0.436043  0.24706  1.45104e+06  0.98824  1 
0.432817  0.249461  1.44504e+06  0.997846  2 
0.294366  0.391595  1.18752e+06  1.56638  2 
0.592172  0.231274  1.74144e+06  0.925094  1 
0.420817  0.251299  1.42272e+06  1.00519  3 
0.628946  0.225353  1.80984e+06  0.901413  1 
0.775011  0.220045  2.08152e+06  0.880182  1 
0.543398  0.234908  1.65072e+06  0.939633  3 
0.702366  0.230308  1.9464e+06  0.921233  0 

0.172559  0.541897  960960  2.16759  0 
0.869075  0.202701  2.25648e+06  0.810805  0 
0.503398  0.216172  1.57632e+06  0.864689  0 
0.258882  0.301418  1.12152e+06  1.20567  0 
0.420172  0.227472  1.42152e+06  0.909889  0 
0.359914  0.241574  1.30944e+06  0.966298  0 
0.199656  0.470915  1.01136e+06  1.88366  0 
0.307011  0.259808  1.21104e+06  1.03923  0 
0.219527  0.37833  1.04832e+06  1.51332  0 
0.222882  0.321845  1.05456e+06  1.28738  0 
0.279527  0.279356  1.15992e+06  1.11742  0 
0.34043  0.246919  1.2732e+06  0.987676  0 
0.318624  0.248968  1.23264e+06  0.995872  0 
0.783914  0.205422  2.09808e+06  0.82169  0 
0.294108  0.269844  1.18704e+06  1.07938  0 
0.402495  0.232444  1.38864e+06  0.929777  0 
0.246624  0.313325  1.09872e+06  1.2533  0 
0.491398  0.219085  1.554e+06  0.876342  0 
0.73772  0.209074  2.01216e+06  0.836295  0 
0.384946  0.235066  1.356e+06  0.940263  0 
0.662108  0.20997  1.87152e+06  0.839879  0 
0.481978  0.222202  1.53648e+06  0.888806  0 
0.473333  0.223159  1.5204e+06  0.892636  0 
0.264559  0.297714  1.13208e+06  1.19085  0 
0.378237  0.238016  1.34352e+06  0.952062  0 
0.649333  0.212622  1.84776e+06  0.850487  0 
0.62443  0.21369  1.80144e+06  0.854758  0 
0.357462  0.243675  1.30488e+06  0.974702  0 
0.467527  0.225244  1.5096e+06  0.900975  0 
0.550237  0.214418  1.66344e+06  0.857673  0 
0.400559  0.233527  1.38504e+06  0.934109  0 
0.411914  0.231021  1.40616e+06  0.924085  0 
0.456301  0.226148  1.48872e+06  0.904593  0 
0.291398  0.278197  1.182e+06  1.11279  0 
0.431785  0.22639  1.44312e+06  0.90556  0 
0.399527  0.234453  1.38312e+06  0.93781  0 
0.28714  0.279069  1.17408e+06  1.11628  0 
0.219269  0.46936  1.04784e+06  1.87744  0 
0.480688  0.223158  1.53408e+06  0.892632  0 
0.221462  0.470399  1.05192e+06  1.88159  0 
0.46843  0.226073  1.51128e+06  0.904291  1 
0.489978  0.225656  1.55136e+06  0.902626  0 
0.260946  0.304181  1.12536e+06  1.21673  1 
0.541333  0.21707  1.64688e+06  0.868282  1 
0.66443  0.213375  1.87584e+06  0.853502  1 
0.491398  0.220409  1.554e+06  0.881637  1 
0.521333  0.21883  1.60968e+06  0.875322  1 
0.408559  0.238885  1.39992e+06  0.955539  0 
0.322624  0.258031  1.24008e+06  1.03212  1 
0.393462  0.24277  1.37184e+06  0.97108  0 
0.418495  0.234142  1.4184e+06  0.936569  1 
0.421462  0.230415  1.42392e+06  0.921662  1 
0.664043  0.214029  1.87512e+06  0.856114  1 
0.235914  0.38599  1.0788e+06  1.54396  1 
0.291011  0.292154  1.18128e+06  1.16862  1 
0.797333  0.209058  2.12304e+06  0.83623  1 
0.23643  0.384951  1.07976e+06  1.5398  1 
0.205978  0.529668  1.02312e+06  2.11867  0 
0.889462  0.203966  2.2944e+06  0.815862  1 
0.241075  0.369928  1.0884e+06  1.47971  1 
0.523656  0.217495  1.614e+06  0.86998  0 
0.340817  0.250023  1.27392e+06  1.00009  1 
0.453591  0.229796  1.48368e+06  0.919182  1 
0.549849  0.216559  1.66272e+06  0.866235  1 
0.610237  0.216025  1.77504e+06  0.8641  0 
0.679785  0.21145  1.9044e+06  0.845802  1 
0.453978  0.226493  1.4844e+06  0.905972  1 
0.251398  0.349864  1.1076e+06  1.39946  2 
0.306495  0.27384  1.21008e+06  1.09536  1 
0.516172  0.219333  1.60008e+06  0.877331  1 
0.749462  0.209606  2.034e+06  0.838426  1 
0.617849  0.214768  1.7892e+06  0.859071  0 
0.616946  0.215318  1.78752e+06  0.861273  0 
0.364301  0.245391  1.3176e+06  0.981563  1 
0.383011  0.243759  1.3524e+06  0.975038  1 
0.491527  0.220262  1.55424e+06  0.881049  1 
0.336817  0.257169  1.26648e+06  1.02868  1 
0.842495  0.20631  2.20704e+06  0.825242  1 
0.458108  0.227998  1.49208e+06  0.911993  1 
0.622237  0.215255  1.79736e+06  0.861021  1 
0.365591  0.255565  1.32e+06  1.02226  2 
0.262108  0.324931  1.12752e+06  1.29972  2 
0.491527  0.225002  1.55424e+06  0.900007  2 
0.624043  0.215019  1.80072e+06  0.860077  1 
0.316688  0.277351  1.22904e+06  1.10941  2 
0.432301  0.232386  1.44408e+06  0.929542  0 
0.35372  0.262256  1.29792e+06  1.04902  2 
0.565204  0.219646  1.69128e+06  0.878584  1 
0.336688  0.269288  1.26624e+06  1.07715  2 
0.404946  0.244889  1.3932e+06  0.979555  2 
0.524559  0.219768  1.61568e+06  0.879073  2 
0.880817  0.210492  2.27832e+06  0.841967  0 
0.479011  0.227385  1.53096e+06  0.90954  2 
0.903398  0.205214  2.32032e+06  0.820854  2 
0.500043  0.222137  1.57008e+06  0.888548  2 
0.293978  0.293665  1.1868e+06  1.17466  2 
0.664559  0.214418  1.87608e+06  0.857674  2 
0.628688  0.214935  1.80936e+06  0.859741  1 
0.243785  0.392111  1.09344e+06  1.56844  2 
0.491914  0.224534  1.55496e+06  0.898135  2 

0.171914  0.541613  959760  2.16645  0 
0.801849  0.201745  2.13144e+06  0.806978  0 
0.473462  0.217048  1.52064e+06  0.868193  0 
0.225075  0.293949  1.05864e+06  1.1758  0 
0.40314  0.226124  1.38984e+06  0.904496  0 
0.342237  0.233383  1.27656e+06  0.933531  0 
0.174366  0.464799  964320  1.8592  0 
0.299656  0.24861  1.19736e+06  0.994442  0 
0.187914  0.379391  989520  1.51756  0 
0.269849  0.266121  1.14192e+06  1.06448  0 
0.197333  0.345364  1.00704e+06  1.38146  0 
0.251269  0.274142  1.10736e+06  1.09657  0 
0.761591  0.202011  2.05656e+06  0.808046  0 
0.742882  0.203495  2.02176e+06  0.813981  0 
0.728301  0.205531  1.99464e+06  0.822123  0 
0.703656  0.205765  1.9488e+06  0.82306  0 
0.69114  0.207581  1.92552e+06  0.830323  0 
0.649591  0.207586  1.84824e+06  0.830346  0 
0.234108  0.284646  1.07544e+06  1.13858  0 
0.214108  0.33616  1.03824e+06  1.34464  0 
0.327656  0.239615  1.24944e+06  0.95846  0 
0.290882  0.25741  1.18104e+06  1.02964  0 
0.458882  0.218079  1.49352e+06  0.872314  0 
0.640688  0.209273  1.83168e+06  0.83709  0 
0.62443  0.209315  1.80144e+06  0.837261  0 
0.595398  0.209377  1.74744e+06  0.837506  0 
0.570366  0.210447  1.70088e+06  0.841789  0 
0.259011  0.267544  1.12176e+06  1.07018  0 
0.451269  0.219806  1.47936e+06  0.879225  0 
0.394753  0.227122  1.37424e+06  0.908488  0 
0.242495  0.278464  1.09104e+06  1.11386  0 
0.334237  0.233598  1.26168e+06  0.934393  0 
0.291914  0.251981  1.18296e+06  1.00792  0 
0.315785  0.243373  1.22736e+06  0.973492  0 
0.226495  0.288951  1.06128e+06  1.1558  0 
0.554366  0.212081  1.67112e+06  0.848323  0 
0.433591  0.221336  1.44648e+06  0.885345  0 
0.527656  0.212356  1.62144e+06  0.849425  0 
0.378753  0.228692  1.34448e+06  0.914767  0 
0.193462  0.35892  999840  1.43568  0 
0.512559  0.213215  1.59336e+06  0.852861  0 
0.30043  0.245293  1.1988e+06  0.981172  0 
0.362366  0.230461  1.314e+06  0.921845  0 
0.283785  0.263344  1.16784e+06  1.05338  0 
0.255785  0.271517  1.11576e+06  1.08607  0 
0.507269  0.214963  1.58352e+06  0.859853  0 
0.418753  0.224122  1.41888e+06  0.896486  0 
0.274495  0.264401  1.15056e+06  1.05761  0 
0.643656  0.207596  1.8372e+06  0.830384  0 
0.449075  0.21997  1.47528e+06  0.879879  0 
0.49114  0.215703  1.55352e+06  0.862814  0 
0.414753  0.224801  1.41144e+06  0.899202  0 
0.755656  0.202244  2.04552e+06  0.808977  0 
0.247011  0.277278  1.09944e+06  1.10911  0 
0.315011  0.243612  1.22592e+06  0.974448  0 
0.251398  0.273462  1.1076e+06  1.09385  0 
0.394108  0.227916  1.37304e+06  0.911665  0 
0.347011  0.232794  1.28544e+06  0.931176  0 
0.414237  0.225167  1.41048e+06  0.900669  0 
0.472301  0.217868  1.51848e+06  0.871473  0 
0.489978  0.21685  1.55136e+06  0.8674  0 
0.565462  0.21201  1.69176e+06  0.848041  0 
0.293204  0.267388  1.18536e+06  1.06955  0 
0.275656  0.267489  1.15272e+06  1.06996  0 
0.515398  0.214142  1.59864e+06  0.85657  0 
0.180172  0.468439  975120  1.87375  1 
0.499398  0.217321  1.56888e+06  0.869284  0 
0.44314  0.222975  1.46424e+06  0.891901  0 
0.316817  0.244762  1.22928e+06  0.979047  0 
0.269462  0.268615  1.1412e+06  1.07446  0 
0.660301  0.20887  1.86816e+06  0.83548  1 
0.621075  0.210252  1.7952e+06  0.841008  0 
0.336559  0.235031  1.266e+06  0.940122  0 
0.305849  0.249702  1.20888e+06  0.998809  0 
0.200559  0.35819  1.01304e+06  1.43276  0 
0.362753  0.231047  1.31472e+06  0.92419  0 
0.557462  0.212156  1.67688e+06  0.848624  0 
0.468043  0.219322  1.51056e+06  0.877288  0 
0.40714  0.226127  1.39728e+06  0.904507  0 
0.182366  0.467948  979200  1.87179  1 
0.330495  0.242467  1.25472e+06  0.96987  1 
0.621591  0.209797  1.79616e+06  0.83919  0 
0.614753  0.210323  1.78344e+06  0.84129  0 
0.394495  0.229605  1.37376e+06  0.918419  0 
0.216043  0.33797  1.04184e+06  1.35188  0 
0.460043  0.219479  1.49568e+06  0.877917  0 
0.404559  0.227104  1.39248e+06  0.908416  0 
0.237333  0.289303  1.08144e+06  1.15721  0 
0.297849  0.252726  1.194e+06  1.0109  0 
0.449978  0.222429  1.47696e+06  0.889714  0 
0.174108  0.542062  963840  2.16825  0 
0.399011  0.229018  1.38216e+06  0.916073  1 
0.227656  0.320086  1.06344e+06  1.28034  0 
0.75514  0.205241  2.04456e+06  0.820965  0 
0.267656  0.282817  1.13784e+06  1.13127  0 
0.635011  0.209435  1.82112e+06  0.837738  0 
0.712043  0.206678  1.9644e+06  0.826713  0 
0.660817  0.207724  1.86912e+06  0.830895  0 
0.441204  0.224454  1.46064e+06  0.897815  0 
0.252817  0.304037  1.11024e+06  1.21615  0 

0.166822  32.6269  950289  130.508  0 
0.827527  0.20038  2.1792e+06  0.801519  0 
0.167269  0.465374  951120  1.8615  0 
0.569075  0.206998  1.69848e+06  0.827991  0 
0.32972  0.229285  1.25328e+06  0.917139  0 
0.196688  0.314488  1.00584e+06  1.25795  0 
0.260946  0.246683  1.12536e+06  0.986734  0 
0.225849  0.276788  1.06008e+06  1.10715  0 
0.546108  0.210161  1.65576e+06  0.840646  0 
0.207011  0.293096  1.02504e+06  1.17238  0 
0.527785  0.210537  1.62168e+06  0.842148  0 
0.506366  0.212233  1.58184e+06  0.848931  0 
0.18043  0.387185  975600  1.54874  0 
0.489849  0.213725  1.55112e+06  0.8549  0 
0.469591  0.214519  1.51344e+06  0.858075  0 
0.314624  0.232653  1.2252e+06  0.930611  0 
0.455914  0.217076  1.488e+06  0.868305  0 
0.437333  0.217807  1.45344e+06  0.87123  0 
0.406108  0.218316  1.39536e+06  0.873265  0 
0.214237  0.282835  1.03848e+06  1.13134  0 
0.393978  0.21971  1.3728e+06  0.87884  0 
0.169978  0.455883  956160  1.82353  0 
0.38314  0.220436  1.35264e+06  0.881742  0 
0.300817  0.238142  1.19952e+06  0.952569  0 
0.29243  0.238799  1.18392e+06  0.955194  0 
0.251914  0.268964  1.10856e+06  1.07586  0 
0.373849  0.221851  1.33536e+06  0.887406  0 
0.25372  0.250599  1.11192e+06  1.00239  0 
0.242108  0.269649  1.09032e+06  1.0786  0 
0.200043  0.296399  1.01208e+06  1.18559  0 
0.190108  0.342987  993600  1.37195  0 
0.74972  0.200703  2.03448e+06  0.802812  0 
0.281591  0.240437  1.16376e+06  0.96175  0 
0.275398  0.241258  1.15224e+06  0.965033  0 
0.271269  0.241358  1.14456e+06  0.96543  0 
0.36443  0.225398  1.31784e+06  0.901592  0 
0.191269  0.33931  995760  1.35724  0 
0.705978  0.203341  1.95312e+06  0.813364  0 
0.310753  0.234771  1.218e+06  0.939083  0 
0.353978  0.226012  1.2984e+06  0.904048  0 
0.239011  0.270541  1.08456e+06  1.08216  0 
0.346495  0.226224  1.28448e+06  0.904897  0 
0.210882  0.290164  1.03224e+06  1.16066  0 
0.232559  0.274004  1.07256e+06  1.09602  0 
0.265075  0.24398  1.13304e+06  0.975921  0 
0.658495  0.204352  1.8648e+06  0.817408  0 
0.187527  0.38194  988800  1.52776  0 
0.565204  0.207785  1.69128e+06  0.831141  0 
0.325591  0.230319  1.2456e+06  0.921275  0 
0.222882  0.281286  1.05456e+06  1.12514  0 
0.30843  0.236688  1.21368e+06  0.94675  0 
0.37243  0.22416  1.33272e+06  0.896642  0 
0.341591  0.228291  1.27536e+06  0.913163  0 
0.462495  0.216121  1.50024e+06  0.864484  0 
0.259398  0.249671  1.12248e+06  0.998682  0 
0.496043  0.212883  1.56264e+06  0.851534  0 
0.324817  0.232035  1.24416e+06  0.928142  0 
0.37643  0.221259  1.34016e+06  0.885035  0 
0.487398  0.213968  1.54656e+06  0.855872  0 
0.526495  0.211687  1.61928e+06  0.846749  0 
0.298108  0.238254  1.19448e+06  0.953017  0 
0.511398  0.211691  1.5912e+06  0.846766  0 
0.253204  0.264672  1.11096e+06  1.05869  0 
0.264559  0.245907  1.13208e+06  0.983628  0 
0.362882  0.225498  1.31496e+06  0.901993  0 
0.45243  0.217301  1.48152e+06  0.869205  0 
0.460559  0.216577  1.49664e+06  0.86631  0 
0.339527  0.228793  1.27152e+06  0.915171  0 
0.213462  0.289687  1.03704e+06  1.15875  0 
0.486495  0.214062  1.54488e+06  0.856249  0 
0.371656  0.224978  1.33128e+06  0.899912  0 
0.241204  0.270132  1.08864e+06  1.08053  0 
0.495656  0.213288  1.56192e+06  0.853154  0 
0.658108  0.205415  1.86408e+06  0.82166  0 
0.371269  0.225045  1.33056e+06  0.900178  0 
0.337075  0.228999  1.26696e+06  0.915995  0 
0.40443  0.219447  1.39224e+06  0.877787  0 
0.436817  0.218073  1.45248e+06  0.872293  0 
0.495011  0.213489  1.56072e+06  0.853958  0 
0.220688  0.2826  1.05048e+06  1.1304  0 
0.268688  0.243845  1.13976e+06  0.975378  0 
0.22572  0.279471  1.05984e+06  1.11789  0 
0.231785  0.276689  1.07112e+06  1.10675  0 
0.430108  0.21822  1.44e+06  0.872881  0 
0.391785  0.220345  1.36872e+06  0.88138  0 
0.217591  0.282757  1.04472e+06  1.13103  0 
0.447398  0.217731  1.47216e+06  0.870922  0 
0.646624  0.206944  1.84272e+06  0.827777  0 
0.256688  0.250554  1.11744e+06  1.00222  0 
0.32043  0.232616  1.236e+06  0.930464  0 
0.555527  0.210139  1.67328e+06  0.840558  0 
0.241204  0.270132  1.08864e+06  1.08053  0 
0.167269  0.465374  951120  1.8615  0 
0.241204  0.270132  1.08864e+06  1.08053  0 
0.169978  0.455883  956160  1.82353  0 
0.217591  0.282757  1.04472e+06  1.13103  0 
0.271269  0.241358  1.14456e+06  0.96543  0 
0.526495  0.211687  1.61928e+06  0.846749  0 
0.325591  0.230319  1.2456e+06  0.921275  0 
0.199914  0.45843  1.01184e+06  1.83372  0 

0.144301  0.474222  908400  1.89689  0 
0.783785  0.197064  2.09784e+06  0.788255  0 
0.518882  0.210529  1.60512e+06  0.842116  0 
0.281204  0.235826  1.16304e+06  0.943303  0 
0.181204  0.372524  977040  1.4901  0 
0.196817  0.28822  1.00608e+06  1.15288  0 
0.243398  0.25122  1.09272e+06  1.00488  0 
0.493333  0.212426  1.5576e+06  0.849704  0 
0.159269  0.413485  936240  1.65394  0 
0.458237  0.214658  1.49232e+06  0.858634  0 
0.43243  0.215843  1.44432e+06  0.863371  0 
0.391656  0.217198  1.36848e+06  0.868794  0 
0.37243  0.21891  1.33272e+06  0.875641  0 
0.227011  0.270806  1.06224e+06  1.08322  0 
0.182366  0.315689  979200  1.26276  0 
0.166882  0.396384  950400  1.58554  0 
0.358624  0.222944  1.30704e+06  0.891776  0 
0.759527  0.198364  2.05272e+06  0.793456  0 
0.72043  0.19913  1.98e+06  0.796519  0 
0.341591  0.224515  1.27536e+06  0.898059  0 
0.267656  0.241362  1.13784e+06  0.965447  0 
0.213978  0.27846  1.038e+06  1.11384  0 
0.710753  0.20076  1.962e+06  0.803038  0 
0.332817  0.225226  1.25904e+06  0.900902  0 
0.678366  0.201918  1.90176e+06  0.807674  0 
0.258366  0.24347  1.12056e+06  0.97388  0 
0.173591  0.375992  962880  1.50397  0 
0.316688  0.228449  1.22904e+06  0.913797  0 
0.310495  0.229444  1.21752e+06  0.917775  0 
0.658495  0.204352  1.8648e+06  0.817408  0 
0.636688  0.204624  1.82424e+06  0.818495  0 
0.252043  0.245723  1.1088e+06  0.982893  0 
0.611527  0.205324  1.77744e+06  0.821298  0 
0.597591  0.205682  1.75152e+06  0.822727  0 
0.152301  0.469481  923280  1.87792  0 
0.305849  0.229851  1.20888e+06  0.919402  0 
0.56972  0.206538  1.69968e+06  0.826153  0 
0.301849  0.232186  1.20144e+06  0.928744  0 
0.239914  0.252087  1.08624e+06  1.00835  0 
0.360301  0.219546  1.31016e+06  0.878185  0 
0.564559  0.207646  1.69008e+06  0.830584  0 
0.21114  0.284411  1.03272e+06  1.13764  0 
0.21914  0.275774  1.0476e+06  1.1031  0 
0.204946  0.285635  1.0212e+06  1.14254  0 
0.29514  0.233303  1.18896e+06  0.933212  0 
0.224559  0.272819  1.05768e+06  1.09128  0 
0.24972  0.248147  1.10448e+06  0.992588  0 
0.561333  0.208236  1.68408e+06  0.832943  0 
0.292043  0.233792  1.1832e+06  0.935169  0 
0.486624  0.21269  1.54512e+06  0.850759  0 
0.165075  0.411189  947040  1.64476  0 
0.277075  0.239749  1.15536e+06  0.958995  0 
0.246237  0.249675  1.098e+06  0.998701  0 
0.176172  0.374614  967680  1.49846  0 
0.285333  0.234523  1.17072e+06  0.938091  0 
0.261978  0.242235  1.12728e+06  0.968941  0 
0.54972  0.209333  1.66248e+06  0.837331  0 
0.256301  0.244556  1.11672e+06  0.978224  0 
0.195656  0.302692  1.00392e+06  1.21077  0 
0.163398  0.412326  943920  1.6493  0 
0.424301  0.216047  1.4292e+06  0.86419  0 
0.481204  0.213519  1.53504e+06  0.854076  0 
0.245204  0.249782  1.09608e+06  0.999128  0 
0.454753  0.214825  1.48584e+06  0.8593  0 
0.204043  0.286235  1.01952e+06  1.14494  0 
0.282108  0.234972  1.16472e+06  0.939886  0 
0.329204  0.227598  1.25232e+06  0.910391  0 
0.349849  0.223669  1.29072e+06  0.894676  0 
0.450495  0.215009  1.47792e+06  0.860034  0 
0.542495  0.209734  1.64904e+06  0.838934  0 
0.414882  0.21641  1.41168e+06  0.865638  0 
0.174624  0.375224  964800  1.50089  0 
0.240301  0.251319  1.08696e+06  1.00527  0 
0.326495  0.227697  1.24728e+06  0.91079  0 
0.511398  0.211691  1.5912e+06  0.846766  0 
0.181333  0.371802  977280  1.48721  0 
0.479269  0.213954  1.53144e+06  0.855815  0 
0.377204  0.218255  1.3416e+06  0.87302  0 
0.569075  0.206998  1.69848e+06  0.827991  0 
0.249075  0.249013  1.10328e+06  0.99605  0 
0.449333  0.215219  1.47576e+06  0.860875  0 
0.290882  0.233933  1.18104e+06  0.935732  0 
0.447527  0.215271  1.4724e+06  0.861084  0 
0.193333  0.315148  999600  1.26059  0 
0.272301  0.24084  1.14648e+06  0.96336  0 
0.713204  0.200239  1.96656e+06  0.800954  0 
0.196301  0.288391  1.00512e+06  1.15356  0 
0.293591  0.233343  1.18608e+06  0.93337  0 
0.238495  0.270358  1.0836e+06  1.08143  0 
0.171914  0.39595  959760  1.5838  0 
0.281591  0.235406  1.16376e+06  0.941626  0 
0.169591  0.396006  955440  1.58403  0 
0.191656  0.315353  996480  1.26141  0 
0.499011  0.212149  1.56816e+06  0.848597  0 
0.358366  0.222998  1.30656e+06  0.89199  0 
0.159011  0.457201  935760  1.8288  0 
0.341333  0.22488  1.27488e+06  0.899521  0 
0.444688  0.215619  1.46712e+06  0.862475  0 
0.536301  0.210316  1.63752e+06  0.841263  0 
0.284817  0.234761  1.16976e+06  0.939045  0 

0.138495  0.478485  897600  1.91394  0 
0.787527  0.196781  2.1048e+06  0.787124  0 
0.509204  0.206629  1.58712e+06  0.826518  0 
0.266882  0.238893  1.1364e+06  0.955573  0 
0.163914  0.3579  944880  1.4316  0 
0.194495  0.286531  1.00176e+06  1.14612  0 
0.230882  0.250511  1.06944e+06  1.00204  0 
0.478237  0.210886  1.52952e+06  0.843544  0 
0.435656  0.213323  1.45032e+06  0.853293  0 
0.408559  0.215463  1.39992e+06  0.861853  0 
0.385591  0.216115  1.3572e+06  0.86446  0 
0.362882  0.21823  1.31496e+06  0.872919  0 
0.344817  0.220915  1.28136e+06  0.88366  0 
0.177978  0.315164  971040  1.26066  0 
0.149462  0.458181  918000  1.83272  0 
0.21514  0.272923  1.04016e+06  1.09169  0 
0.322495  0.225368  1.23984e+06  0.901471  0 
0.151785  0.414303  922320  1.65721  0 
0.309462  0.227794  1.2156e+06  0.911178  0 
0.166495  0.348242  949680  1.39297  0 
0.292946  0.229576  1.18488e+06  0.918304  0 
0.773333  0.197455  2.0784e+06  0.789821  0 
0.757462  0.197574  2.04888e+06  0.790295  0 
0.141204  0.468775  902640  1.8751  0 
0.73243  0.198893  2.00232e+06  0.795571  0 
0.259269  0.240565  1.12224e+06  0.962259  0 
0.72043  0.19913  1.98e+06  0.796519  0 
0.251527  0.243101  1.10784e+06  0.972403  0 
0.692946  0.199487  1.92888e+06  0.797947  0 
0.281978  0.23269  1.16448e+06  0.930762  0 
0.685333  0.200469  1.91472e+06  0.801875  0 
0.665333  0.200751  1.87752e+06  0.803003  0 
0.634624  0.200936  1.8204e+06  0.803744  0 
0.189462  0.302584  992400  1.21034  0 
0.15914  0.408373  936000  1.63349  0 
0.247011  0.245795  1.09944e+06  0.98318  0 
0.152817  0.410042  924240  1.64017  0 
0.622237  0.202456  1.79736e+06  0.809826  0 
0.613462  0.202584  1.78104e+06  0.810335  0 
0.211269  0.278585  1.03296e+06  1.11434  0 
0.596946  0.203032  1.75032e+06  0.812127  0 
0.278495  0.235413  1.158e+06  0.941653  0 
0.578882  0.203625  1.71672e+06  0.814501  0 
0.275398  0.235977  1.15224e+06  0.943909  0 
0.173591  0.345385  962880  1.38154  0 
0.241333  0.247867  1.08888e+06  0.991469  0 
0.334366  0.222785  1.26192e+06  0.891141  0 
0.212559  0.273002  1.03536e+06  1.09201  0 
0.545204  0.204442  1.65408e+06  0.817768  0 
0.226495  0.270758  1.06128e+06  1.08303  0 
0.541591  0.204474  1.64736e+06  0.817898  0 
0.331914  0.223253  1.25736e+06  0.893012  0 
0.279656  0.233456  1.16016e+06  0.933824  0 
0.358237  0.219101  1.30632e+06  0.876404  0 
0.27243  0.23722  1.14672e+06  0.948878  0 
0.378366  0.216592  1.34376e+06  0.866367  0 
0.426753  0.213845  1.43376e+06  0.85538  0 
0.181075  0.313575  976800  1.2543  0 
0.342624  0.221216  1.27728e+06  0.884866  0 
0.307398  0.2282  1.21176e+06  0.912799  0 
0.193204  0.300049  999360  1.2002  0 
0.356172  0.219741  1.30248e+06  0.878965  0 
0.353591  0.219786  1.29768e+06  0.879144  0 
0.321204  0.226735  1.23744e+06  0.90694  0 
0.630495  0.201401  1.81272e+06  0.805605  0 
0.249333  0.24476  1.10376e+06  0.979039  0 
0.245978  0.2462  1.09752e+06  0.984799  0 
0.304301  0.228578  1.206e+06  0.914311  0 
0.468301  0.212377  1.51104e+06  0.849507  0 
0.689978  0.199556  1.92336e+06  0.798225  0 
0.413333  0.214558  1.4088e+06  0.85823  0 
0.148559  0.465983  916320  1.86393  0 
0.204946  0.285635  1.0212e+06  1.14254  0 
0.229333  0.269869  1.06656e+06  1.07948  0 
0.303398  0.228733  1.20432e+06  0.914934  0 
0.19372  0.288387  1.00032e+06  1.15355  0 
0.527656  0.205873  1.62144e+06  0.823493  0 
0.176301  0.344694  967920  1.37877  0 
0.348946  0.220239  1.28904e+06  0.880957  0 
0.347398  0.220289  1.28616e+06  0.881155  0 
0.405849  0.215523  1.39488e+06  0.862091  0 
0.368559  0.217661  1.32552e+06  0.870642  0 
0.50172  0.210333  1.5732e+06  0.841333  0 
0.247914  0.245265  1.10112e+06  0.981059  0 
0.520946  0.206106  1.60896e+06  0.824424  0 
0.225978  0.271853  1.06032e+06  1.08741  0 
0.192688  0.301712  998400  1.20685  0 
0.36172  0.218592  1.3128e+06  0.874366  0 
0.219269  0.272433  1.04784e+06  1.08973  0 
0.488817  0.210406  1.5492e+06  0.841623  0 
0.314108  0.227369  1.22424e+06  0.909476  0 
0.233978  0.250103  1.0752e+06  1.00041  0 
0.201849  0.286124  1.01544e+06  1.14449  0 
0.405075  0.215709  1.39344e+06  0.862834  0 
0.24572  0.247563  1.09704e+06  0.990252  0 
0.611398  0.202818  1.7772e+06  0.811272  0 
0.198108  0.286331  1.00848e+06  1.14532  0 
0.301204  0.22943  1.20024e+06  0.917721  0 
0.386495  0.215986  1.35888e+06  0.863944  0 
0.59643  0.203516  1.74936e+06  0.814063  0 

0.138495  0.478485  897600  1.91394  0 
0.787527  0.196781  2.1048e+06  0.787124  0 
0.509204  0.206629  1.58712e+06  0.826518  0 
0.266882  0.238893  1.1364e+06  0.955573  0 
0.163914  0.3579  944880  1.4316  0 
0.194495  0.286531  1.00176e+06  1.14612  0 
0.230882  0.250511  1.06944e+06  1.00204  0 
0.478237  0.210886  1.52952e+06  0.843544  0 
0.435656  0.213323  1.45032e+06  0.853293  0 
0.408559  0.215463  1.39992e+06  0.861853  0 
0.385591  0.216115  1.3572e+06  0.86446  0 
0.362882  0.21823  1.31496e+06  0.872919  0 
0.344817  0.220915  1.28136e+06  0.88366  0 
0.177978  0.315164  971040  1.26066  0 
0.149462  0.458181  918000  1.83272  0 
0.21514  0.272923  1.04016e+06  1.09169  0 
0.322495  0.225368  1.23984e+06  0.901471  0 
0.151785  0.414303  922320  1.65721  0 
0.309462  0.227794  1.2156e+06  0.911178  0 
0.166495  0.348242  949680  1.39297  0 
0.292946  0.229576  1.18488e+06  0.918304  0 
0.773333  0.197455  2.0784e+06  0.789821  0 
0.757462  0.197574  2.04888e+06  0.790295  0 
0.141204  0.468775  902640  1.8751  0 
0.73243  0.198893  2.00232e+06  0.795571  0 
0.259269  0.240565  1.12224e+06  0.962259  0 
0.72043  0.19913  1.98e+06  0.796519  0 
0.251527  0.243101  1.10784e+06  0.972403  0 
0.692946  0.199487  1.92888e+06  0.797947  0 
0.281978  0.23269  1.16448e+06  0.930762  0 
0.685333  0.200469  1.91472e+06  0.801875  0 
0.665333  0.200751  1.87752e+06  0.803003  0 
0.634624  0.200936  1.8204e+06  0.803744  0 
0.189462  0.302584  992400  1.21034  0 
0.15914  0.408373  936000  1.63349  0 
0.247011  0.245795  1.09944e+06  0.98318  0 
0.152817  0.410042  924240  1.64017  0 
0.622237  0.202456  1.79736e+06  0.809826  0 
0.613462  0.202584  1.78104e+06  0.810335  0 
0.211269  0.278585  1.03296e+06  1.11434  0 
0.596946  0.203032  1.75032e+06  0.812127  0 
0.278495  0.235413  1.158e+06  0.941653  0 
0.578882  0.203625  1.71672e+06  0.814501  0 
0.275398  0.235977  1.15224e+06  0.943909  0 
0.173591  0.345385  962880  1.38154  0 
0.241333  0.247867  1.08888e+06  0.991469  0 
0.334366  0.222785  1.26192e+06  0.891141  0 
0.212559  0.273002  1.03536e+06  1.09201  0 
0.545204  0.204442  1.65408e+06  0.817768  0 
0.226495  0.270758  1.06128e+06  1.08303  0 
0.541591  0.204474  1.64736e+06  0.817898  0 
0.331914  0.223253  1.25736e+06  0.893012  0 
0.279656  0.233456  1.16016e+06  0.933824  0 
0.358237  0.219101  1.30632e+06  0.876404  0 
0.27243  0.23722  1.14672e+06  0.948878  0 
0.378366  0.216592  1.34376e+06  0.866367  0 
0.426753  0.213845  1.43376e+06  0.85538  0 
0.181075  0.313575  976800  1.2543  0 
0.342624  0.221216  1.27728e+06  0.884866  0 
0.307398  0.2282  1.21176e+06  0.912799  0 
0.193204  0.300049  999360  1.2002  0 
0.356172  0.219741  1.30248e+06  0.878965  0 
0.353591  0.219786  1.29768e+06  0.879144  0 
0.321204  0.226735  1.23744e+06  0.90694  0 
0.630495  0.201401  1.81272e+06  0.805605  0 
0.249333  0.24476  1.10376e+06  0.979039  0 
0.245978  0.2462  1.09752e+06  0.984799  0 
0.304301  0.228578  1.206e+06  0.914311  0 
0.468301  0.212377  1.51104e+06  0.849507  0 
0.689978  0.199556  1.92336e+06  0.798225  0 
0.413333  0.214558  1.4088e+06  0.85823  0 
0.148559  0.465983  916320  1.86393  0 
0.204946  0.285635  1.0212e+06  1.14254  0 
0.229333  0.269869  1.06656e+06  1.07948  0 
0.303398  0.228733  1.20432e+06  0.914934  0 
0.19372  0.288387  1.00032e+06  1.15355  0 
0.527656  0.205873  1.62144e+06  0.823493  0 
0.176301  0.344694  967920  1.37877  0 
0.348946  0.220239  1.28904e+06  0.880957  0 
0.347398  0.220289  1.28616e+06  0.881155  0 
0.405849  0.215523  1.39488e+06  0.862091  0 
0.368559  0.217661  1.32552e+06  0.870642  0 
0.50172  0.210333  1.5732e+06  0.841333  0 
0.247914  0.245265  1.10112e+06  0.981059  0 
0.520946  0.206106  1.60896e+06  0.824424  0 
0.192688  0.301712  998400  1.20685  0 
0.225978  0.271853  1.06032e+06  1.08741  0 
0.36172  0.218592  1.3128e+06  0.874366  0 
0.219269  0.272433  1.04784e+06  1.08973  0 
0.488817  0.210406  1.5492e+06  0.841623  0 
0.314108  0.227369  1.22424e+06  0.909476  0 
0.233978  0.250103  1.0752e+06  1.00041  0 
0.201849  0.286124  1.01544e+06  1.14449  0 
0.405075  0.215709  1.39344e+06  0.862834  0 
0.24572  0.247563  1.09704e+06  0.990252  0 
0.611398  0.202818  1.7772e+06  0.811272  0 
0.198108  0.286331  1.00848e+06  1.14532  0 
0.301204  0.22943  1.20024e+06  0.917721  0 
0.386495  0.215986  1.35888e+06  0.863944  0 
0.59643  0.203516  1.74936e+06  0.814063  0 

