22.185  9.96634e+06  4.19042e+07  3.98654e+07  0 
26.3179  1.19168e+07  4.95913e+07  4.76672e+07  0 
7.40887e+06  3.44512e+12  1.37805e+13  1.37805e+13  0 
48.6312  2.22739e+07  9.1094e+07  8.90957e+07  0 
39.8269  1.81926e+07  7.47179e+07  7.27703e+07  0 
22.2486  1.00305e+07  4.20225e+07  4.01219e+07  0 
36.2442  1.65054e+07  6.80542e+07  6.60216e+07  0 
28.3771  1.28231e+07  5.34214e+07  5.12923e+07  0 
23.9965  1.08544e+07  4.52736e+07  4.34176e+07  0 
7.55095e+08  3.51119e+14  1.40448e+15  1.40448e+15  0 
30.3549  1.38265e+07  5.71001e+07  5.53061e+07  0 
26.3402  1.19782e+07  4.96328e+07  4.79127e+07  0 
2.48332e+06  1.15474e+12  4.61897e+12  4.61897e+12  0 
1.52107e+07  7.07298e+12  2.82919e+13  2.82919e+13  0 
26.1413  1.18254e+07  4.92629e+07  4.73016e+07  0 
13.3569  5.82898e+06  2.54838e+07  2.33159e+07  0 
12.8413  5.66368e+06  2.45248e+07  2.26547e+07  0 
29.7468  1.34674e+07  5.59691e+07  5.38696e+07  0 
18.6702  8.31642e+06  3.53666e+07  3.32657e+07  0 
2.64115e+09  1.22813e+15  4.91253e+15  4.91253e+15  0 
4.79009e+07  2.22739e+13  8.90958e+13  8.90958e+13  0 
16.1197  7.17868e+06  3.06227e+07  2.87147e+07  0 
16.582  7.38399e+06  3.14826e+07  2.9536e+07  0 
8.21316e+08  3.81912e+14  1.52765e+15  1.52765e+15  0 
2.41281e+07  1.12195e+13  4.48782e+13  4.48782e+13  0 
7.86441e+07  3.65695e+13  1.46278e+14  1.46278e+14  0 
25.0582  1.13258e+07  4.72483e+07  4.53033e+07  0 
44.3488  2.03102e+07  8.31288e+07  8.12407e+07  0 
5.40008e+06  2.51104e+12  1.00441e+13  1.00441e+13  0 
39.696  1.81245e+07  7.44746e+07  7.24979e+07  0 
31.7372  1.44357e+07  5.96712e+07  5.77428e+07  0 
29.9475  1.3556e+07  5.63424e+07  5.42239e+07  0 
27.4227  1.24385e+07  5.16463e+07  4.97539e+07  0 
17.9673  8.08836e+06  3.40591e+07  3.23534e+07  0 
30.183  1.37069e+07  5.67803e+07  5.48274e+07  0 
7.44504e+06  3.46194e+12  1.38478e+13  1.38478e+13  0 
6.95667e+07  3.23485e+13  1.29394e+14  1.29394e+14  0 
26.4503  1.19456e+07  4.98376e+07  4.77825e+07  0 
26.091  1.18284e+07  4.91692e+07  4.73137e+07  0 
27.632  1.25472e+07  5.20355e+07  5.01889e+07  0 
19.0634  8.52568e+06  3.60979e+07  3.41027e+07  0 
1.3095e+07  6.08917e+12  2.43567e+13  2.43567e+13  0 
5.27738e+07  2.45398e+13  9.81593e+13  9.81593e+13  0 
5.64262e+06  2.62382e+12  1.04953e+13  1.04953e+13  0 
13.7771  6.07231e+06  2.62654e+07  2.42893e+07  0 
1.64782e+07  7.66237e+12  3.06495e+13  3.06495e+13  0 
5.26549e+07  2.44845e+13  9.79381e+13  9.79381e+13  0 
829854  3.85882e+11  1.54353e+12  1.54353e+12  0 
29.7054  1.34765e+07  5.58921e+07  5.39058e+07  0 
32.4169  1.47338e+07  6.09354e+07  5.89352e+07  0 
43.0914  1.97255e+07  8.07899e+07  7.89021e+07  0 
24.2282  1.0928e+07  4.57045e+07  4.3712e+07  0 
32.3344  1.47465e+07  6.0782e+07  5.89858e+07  0 
17.736  7.93874e+06  3.36289e+07  3.1755e+07  0 
18.0407  8.05946e+06  3.41958e+07  3.22378e+07  0 
21.9491  9.84234e+06  4.14653e+07  3.93693e+07  0 
16.3827  7.27532e+06  3.11118e+07  2.91013e+07  0 
31.9679  1.45085e+07  6.01004e+07  5.8034e+07  0 
28.681  1.29781e+07  5.39866e+07  5.19125e+07  0 
49.8455  2.27987e+07  9.33526e+07  9.11948e+07  0 
27.4548  1.24382e+07  5.17059e+07  4.97527e+07  0 
44.6924  2.04791e+07  8.37678e+07  8.19164e+07  0 
33.2271  1.51492e+07  6.24423e+07  6.0597e+07  0 
42.0021  1.91384e+07  7.87639e+07  7.65537e+07  0 
25.346  1.14398e+07  4.77835e+07  4.57591e+07  0 
19.9037  8.97357e+06  3.76609e+07  3.58943e+07  0 
7.68384e+07  3.57298e+13  1.42919e+14  1.42919e+14  0 
2.21051e+08  1.02789e+14  4.11154e+14  4.11154e+14  0 
7.14309e+06  3.32154e+12  1.32861e+13  1.32861e+13  0 
26.4809  1.19429e+07  4.98945e+07  4.77714e+07  0 
29.9313  1.35656e+07  5.63122e+07  5.42624e+07  0 
29.2964  1.3309e+07  5.51313e+07  5.32361e+07  0 
29.4457  1.33612e+07  5.5409e+07  5.34446e+07  0 
5.61625e+07  2.61155e+13  1.04462e+14  1.04462e+14  0 
39.514  1.79867e+07  7.4136e+07  7.1947e+07  0 
24.1949  1.0931e+07  4.56425e+07  4.37241e+07  0 
26.5553  1.2003e+07  5.00329e+07  4.80121e+07  0 
464593  2.16035e+11  8.64144e+11  8.64142e+11  0 
18.0526  8.0434e+06  3.42179e+07  3.21736e+07  0 
12.1648  5.2878e+06  2.32666e+07  2.11512e+07  0 
7.67874e+06  3.57061e+12  1.42825e+13  1.42825e+13  0 
21.9944  9.89364e+06  4.15495e+07  3.95745e+07  0 
25.5004  1.1513e+07  4.80708e+07  4.60519e+07  0 
41.478  1.89213e+07  7.77892e+07  7.56853e+07  0 
26.1196  1.18067e+07  4.92224e+07  4.72268e+07  0 
27.8779  1.26069e+07  5.2493e+07  5.04278e+07  0 
28.2312  1.2797e+07  5.315e+07  5.1188e+07  0 
25.4674  1.14954e+07  4.80094e+07  4.59816e+07  0 
23.4432  1.05967e+07  4.42444e+07  4.23866e+07  0 
25.0562  1.13255e+07  4.72445e+07  4.53022e+07  0 
24.7605  1.11859e+07  4.66945e+07  4.47436e+07  0 
21.9017  9.83728e+06  4.13771e+07  3.93491e+07  0 
27.2786  1.23643e+07  5.13782e+07  4.94573e+07  0 
42.3025  1.93436e+07  7.93227e+07  7.73746e+07  0 
33.9367  1.54259e+07  6.37622e+07  6.17037e+07  0 
32.4086  1.47267e+07  6.092e+07  5.89069e+07  0 
24.7391  1.11621e+07  4.66548e+07  4.46484e+07  0 
6.02004e+07  2.79932e+13  1.11973e+14  1.11973e+14  0 
14.4695  6.37491e+06  2.75533e+07  2.54996e+07  0 
9.14678e+07  4.25325e+13  1.7013e+14  1.7013e+14  0 

0.280946  0.570733  1.16256e+06  2.28293  0 
0.68572  0.356336  1.91544e+06  1.42534  0 
1.46261  294593  3.36045e+06  1.17837e+06  2 
2.08909  573665  4.5257e+06  2.29466e+06  4 
4.81873  1.84745e+06  9.60284e+06  7.3898e+06  10 
5.91032  2.38e+06  1.16332e+07  9.52001e+06  11 
6.00107  2.44434e+06  1.1802e+07  9.77736e+06  13 
7.12024  2.88693e+06  1.38836e+07  1.15477e+07  20 
7.57066  3.18854e+06  1.47214e+07  1.27541e+07  22 
7.7605  3.21039e+06  1.50745e+07  1.28416e+07  24 
8.54816  3.59351e+06  1.65396e+07  1.43741e+07  28 
10.2047  4.39223e+06  1.96207e+07  1.75689e+07  37 
11.2302  4.89069e+06  2.15281e+07  1.95628e+07  43 
11.6782  5.02556e+06  2.23614e+07  2.01022e+07  46 
12.8278  5.58577e+06  2.44997e+07  2.23431e+07  49 
13.1103  5.74772e+06  2.50251e+07  2.29909e+07  50 
21.706  9.72339e+06  4.10132e+07  3.88936e+07  60 
21.7624  9.73812e+06  4.1118e+07  3.89525e+07  61 
22.15  9.94712e+06  4.1839e+07  3.97885e+07  64 
22.6586  1.01974e+07  4.2785e+07  4.07896e+07  65 
22.7779  1.02315e+07  4.30069e+07  4.09259e+07  66 
23.1945  1.04484e+07  4.37818e+07  4.17934e+07  68 
24.7322  1.11304e+07  4.66418e+07  4.45214e+07  71 
5.97939  2.39934e+06  1.17617e+07  9.59734e+06  12 
10.9667  4.72083e+06  2.1038e+07  1.88833e+07  41 
10.0328  4.30325e+06  1.9301e+07  1.7213e+07  36 
12.3436  5.33782e+06  2.35991e+07  2.13513e+07  48 
23.2592  1.04132e+07  4.3902e+07  4.16528e+07  68 
25.072  1.13146e+07  4.7274e+07  4.52584e+07  73 
25.1793  1.13278e+07  4.74734e+07  4.5311e+07  75 
7.07643  2.89284e+06  1.38022e+07  1.15714e+07  20 
9.85546  4.21293e+06  1.89712e+07  1.68517e+07  34 
22.1917  9.93278e+06  4.19165e+07  3.97311e+07  64 
15.9463  7.03852e+06  3.03002e+07  2.81541e+07  56 
21.9067  9.8325e+06  4.13865e+07  3.933e+07  62 
25.0859  1.12769e+07  4.72998e+07  4.51077e+07  73 
7.77019  3.25414e+06  1.50925e+07  1.30166e+07  25 
24.5541  1.10768e+07  4.63106e+07  4.43073e+07  70 
43.6896  1.99281e+07  8.19027e+07  7.97122e+07  85 
10.6731  4.63074e+06  2.04919e+07  1.8523e+07  40 
21.7361  9.71133e+06  4.10692e+07  3.88453e+07  60 
11.6195  5.02645e+06  2.22524e+07  2.01058e+07  46 
21.6092  9.68494e+06  4.0833e+07  3.87398e+07  58 
24.8378  1.1176e+07  4.68384e+07  4.47038e+07  72 
27.0348  1.21799e+07  5.09248e+07  4.87197e+07  78 
6.90366  2.82162e+06  1.34808e+07  1.12865e+07  18 
15.3446  6.77002e+06  2.9181e+07  2.70801e+07  53 
4.52238  1.77079e+06  9.05162e+06  7.08314e+06  8 
22.0981  9.92077e+06  4.17425e+07  3.96831e+07  63 
7.60816  3.20435e+06  1.47912e+07  1.28174e+07  23 
21.6748  9.70204e+06  4.09552e+07  3.88082e+07  59 
6.30038  2.54374e+06  1.23587e+07  1.01749e+07  15 
4.52362  1.77124e+06  9.05393e+06  7.08497e+06  9 
21.8935  9.83546e+06  4.13619e+07  3.93419e+07  62 
22.985  1.03136e+07  4.33922e+07  4.12545e+07  67 
6.94733  2.85303e+06  1.3562e+07  1.14121e+07  19 
24.4764  1.102e+07  4.61661e+07  4.40798e+07  69 
5.98434  2.38832e+06  1.17709e+07  9.55327e+06  12 
5.92861  2.3657e+06  1.16672e+07  9.46281e+06  11 
11.4193  4.92168e+06  2.18798e+07  1.96867e+07  44 
11.8278  5.10281e+06  2.26396e+07  2.04112e+07  47 
6.39986  2.56629e+06  1.25437e+07  1.02652e+07  16 
11.0879  4.82298e+06  2.12635e+07  1.92919e+07  42 
25.0821  1.13215e+07  4.72927e+07  4.52858e+07  74 
35.1835  1.6039e+07  6.60813e+07  6.4156e+07  84 
9.92278  4.22437e+06  1.90964e+07  1.68975e+07  35 
13.1938  5.75261e+06  2.51805e+07  2.30104e+07  51 
9.26556  3.89219e+06  1.78739e+07  1.55687e+07  33 
15.5906  6.91539e+06  2.96384e+07  2.76616e+07  55 
18.9882  8.47275e+06  3.59581e+07  3.3891e+07  57 
11.5911  4.99857e+06  2.21994e+07  1.99943e+07  45 
11.4013  4.92592e+06  2.18464e+07  1.97037e+07  44 
10.6943  4.61971e+06  2.05313e+07  1.84788e+07  40 
32.2456  1.4637e+07  6.06169e+07  5.85479e+07  82 
27.3681  1.23217e+07  5.15446e+07  4.92869e+07  80 
8.17199  3.44986e+06  1.58399e+07  1.37994e+07  26 
8.23754  3.4582e+06  1.59618e+07  1.38328e+07  27 
15.3982  6.85174e+06  2.92807e+07  2.7407e+07  54 
4.31302  1.63264e+06  8.66223e+06  6.53055e+06  6 
8.60212  3.62125e+06  1.66399e+07  1.4485e+07  29 
34.7221  1.57805e+07  6.52231e+07  6.31219e+07  83 
25.3648  1.1443e+07  4.78186e+07  4.57721e+07  76 
8.87594  3.75193e+06  1.71492e+07  1.50077e+07  32 
4.48978  1.70247e+06  8.991e+06  6.80988e+06  7 
7.31415  2.98148e+06  1.42443e+07  1.19259e+07  21 
8.70093  3.68957e+06  1.68237e+07  1.47583e+07  31 
10.7406  4.5773e+06  2.06175e+07  1.83092e+07  40 
8.62689  3.67362e+06  1.6686e+07  1.46945e+07  30 
27.8635  1.25728e+07  5.24661e+07  5.02913e+07  81 
1.70762  395202  3.81617e+06  1.58081e+06  3 
1.11482  117754  2.71357e+06  471015  1 
10.6134  4.55651e+06  2.0381e+07  1.82261e+07  39 
6.07893  2.5379e+06  1.19468e+07  1.01516e+07  14 
6.56888  2.66595e+06  1.28581e+07  1.06638e+07  17 
3.18279  1.11116e+06  6.55998e+06  4.44463e+06  5 
10.4055  4.48579e+06  1.99942e+07  1.79432e+07  38 
13.6905  6.03029e+06  2.61043e+07  2.41212e+07  52 
27.2154  1.23075e+07  5.12606e+07  4.92299e+07  79 
25.6528  1.15588e+07  4.83542e+07  4.6235e+07  77 
47.2339  2.15784e+07  8.84951e+07  8.63135e+07  86 

0.213075  0.634433  1.03632e+06  2.53773  0 
0.792043  0.240512  2.1132e+06  0.962047  0 
0.478495  0.380543  1.53e+06  1.52217  0 
0.661591  0.258947  1.87056e+06  1.03579  0 
0.596301  0.315687  1.74912e+06  1.26275  0 
0.592043  0.354285  1.7412e+06  1.41714  0 
0.585462  0.47358  1.72896e+06  1.89432  1 
0.761204  0.292512  2.05584e+06  1.17005  1 
0.61243  0.339379  1.77912e+06  1.35752  1 
0.626495  0.326956  1.80528e+06  1.30783  1 
0.646882  0.37623  1.8432e+06  1.50492  2 
0.821978  0.342279  2.16888e+06  1.36912  2 
0.735527  0.353347  2.00808e+06  1.41339  2 
0.743011  0.398911  2.022e+06  1.59565  3 
0.77114  0.382727  2.07432e+06  1.53091  3 
0.712559  0.419748  1.96536e+06  1.67899  3 
0.991979  49590.6  2.48508e+06  198362  4 
1.05674  101603  2.60553e+06  406411  5 
1.33537  193547  3.12379e+06  774189  6 
1.33053  234256  3.11478e+06  937025  6 
1.43366  343892  3.30661e+06  1.37557e+06  7 
1.65248  415522  3.71361e+06  1.66209e+06  8 
2.0825  553623  4.51345e+06  2.21449e+06  9 
2.25563  675646  4.83546e+06  2.70259e+06  10 
2.34127  681512  4.99477e+06  2.72605e+06  11 
2.6677  895879  5.60191e+06  3.58351e+06  12 
2.71315  908374  5.68646e+06  3.6335e+06  13 
2.8677  969081  5.97392e+06  3.87632e+06  14 
2.92375  918886  6.07818e+06  3.67554e+06  14 
3.07147  1.06066e+06  6.35294e+06  4.24262e+06  15 
3.26423  1.15383e+06  6.71146e+06  4.61531e+06  16 
3.31326  1.17795e+06  6.80267e+06  4.71179e+06  17 
3.44835  1.2038e+06  7.05394e+06  4.81522e+06  18 
3.53214  1.33469e+06  7.20979e+06  5.33875e+06  20 
4.07556  1.5038e+06  8.22055e+06  6.01519e+06  22 
4.30746  1.62099e+06  8.65188e+06  6.48396e+06  24 
4.38445  1.66255e+06  8.79508e+06  6.6502e+06  26 
4.47704  1.68712e+06  8.9673e+06  6.7485e+06  27 
4.50634  1.70189e+06  9.02179e+06  6.80755e+06  28 
4.75432  1.85344e+06  9.48303e+06  7.41376e+06  29 
4.98376  1.91993e+06  9.9098e+06  7.67972e+06  30 
5.20577  2.06852e+06  1.03227e+07  8.27409e+06  33 
5.24516  2.07106e+06  1.0396e+07  8.28424e+06  34 
5.47975  2.18771e+06  1.08323e+07  8.75082e+06  35 
6.22962  2.52115e+06  1.22271e+07  1.00846e+07  37 
6.21122  2.53312e+06  1.21929e+07  1.01325e+07  37 
6.58533  2.7069e+06  1.28887e+07  1.08276e+07  38 
6.96871  2.86435e+06  1.36018e+07  1.14574e+07  39 
7.01754  2.93344e+06  1.36926e+07  1.17337e+07  40 
7.18404  2.9337e+06  1.40023e+07  1.17348e+07  41 
8.13514  3.48396e+06  1.57714e+07  1.39358e+07  42 
8.89641  3.78023e+06  1.71873e+07  1.51209e+07  43 
9.0131  3.82171e+06  1.74044e+07  1.52868e+07  44 
10.1046  4.34446e+06  1.94346e+07  1.73778e+07  46 
10.4213  4.47362e+06  2.00235e+07  1.78945e+07  49 
10.7348  4.65e+06  2.06066e+07  1.86e+07  50 
10.9272  4.70336e+06  2.09645e+07  1.88134e+07  51 
11.4029  4.95853e+06  2.18494e+07  1.98341e+07  53 
11.6158  5.05681e+06  2.22454e+07  2.02272e+07  54 
11.6594  5.03143e+06  2.23265e+07  2.01257e+07  54 
11.6529  5.05886e+06  2.23143e+07  2.02355e+07  55 
11.6888  5.07421e+06  2.23813e+07  2.02969e+07  56 
11.7123  5.08692e+06  2.24249e+07  2.03477e+07  57 
11.7193  5.0919e+06  2.24378e+07  2.03676e+07  58 
11.8453  5.12982e+06  2.26723e+07  2.05193e+07  59 
12.0526  5.18498e+06  2.30578e+07  2.07399e+07  60 
12.8311  5.5424e+06  2.45058e+07  2.21696e+07  62 
15.3972  6.82303e+06  2.92788e+07  2.72921e+07  63 
20.91  9.37968e+06  3.95326e+07  3.75187e+07  64 
20.9414  9.42723e+06  3.9591e+07  3.77089e+07  65 
21.6717  9.75723e+06  4.09494e+07  3.90289e+07  68 
21.7075  9.71188e+06  4.10159e+07  3.88475e+07  68 
22.0405  9.88695e+06  4.16353e+07  3.95478e+07  69 
22.1002  9.91162e+06  4.17465e+07  3.96465e+07  70 
26.1257  1.18074e+07  4.92338e+07  4.72296e+07  78 
26.2582  1.18655e+07  4.94803e+07  4.74619e+07  79 
11.8309  5.14122e+06  2.26454e+07  2.05649e+07  59 
24.9549  1.12555e+07  4.70562e+07  4.50219e+07  72 
10.2451  4.38246e+06  1.96958e+07  1.75298e+07  48 
10.202  4.35713e+06  1.96156e+07  1.74285e+07  47 
25.2958  1.14681e+07  4.76902e+07  4.58724e+07  74 
21.0777  9.47911e+06  3.98446e+07  3.79164e+07  66 
27.2662  1.23571e+07  5.13552e+07  4.94282e+07  80 
11.3036  4.88161e+06  2.16646e+07  1.95265e+07  52 
4.3112  1.65051e+06  8.65883e+06  6.60204e+06  25 
5.49876  2.23915e+06  1.08677e+07  8.95658e+06  36 
25.49  1.15039e+07  4.80514e+07  4.60155e+07  75 
25.8873  1.16826e+07  4.87903e+07  4.67304e+07  77 
12.4885  5.4469e+06  2.38686e+07  2.17876e+07  61 
4.18226  1.55257e+06  8.41901e+06  6.21029e+06  23 
5.13464  1.98901e+06  1.01904e+07  7.95603e+06  32 
3.48653  1.25654e+06  7.12495e+06  5.02615e+06  19 
4.06866  1.48907e+06  8.20771e+06  5.95628e+06  21 
9.02568  3.83482e+06  1.74278e+07  1.53393e+07  45 
21.6025  9.67456e+06  4.08206e+07  3.86983e+07  67 
25.7133  1.1554e+07  4.84668e+07  4.62161e+07  76 
24.6783  1.10994e+07  4.65417e+07  4.43978e+07  71 
25.2117  1.13203e+07  4.75337e+07  4.52811e+07  73 
4.98967  1.9402e+06  9.92079e+06  7.76079e+06  31 
12.6884  5.57349e+06  2.42404e+07  2.2294e+07  62 

0.177204  0.633567  969600  2.53427  0 
0.789462  0.211518  2.1084e+06  0.846074  0 
0.437849  0.29286  1.4544e+06  1.17144  0 
0.34572  0.500685  1.28304e+06  2.00274  0 
0.608688  0.233135  1.77216e+06  0.932541  0 
0.39372  0.381808  1.37232e+06  1.52723  0 
0.570495  0.267672  1.70112e+06  1.07069  0 
0.478108  0.280909  1.52928e+06  1.12364  0 
0.433462  0.35644  1.44624e+06  1.42576  0 
0.452301  0.360967  1.48128e+06  1.44387  1 
0.64043  0.28359  1.8312e+06  1.13436  1 
0.676946  0.239754  1.89912e+06  0.959018  1 
0.489591  0.333611  1.55064e+06  1.33444  1 
0.411269  0.402969  1.40496e+06  1.61188  1 
0.533591  0.300415  1.63248e+06  1.20166  1 
0.410108  0.554077  1.4028e+06  2.21631  1 
0.477075  0.362344  1.52736e+06  1.44938  2 
0.587269  0.30932  1.73232e+06  1.23728  2 
0.922624  0.27453  2.35608e+06  1.09812  2 
0.682495  0.297104  1.90944e+06  1.18841  2 
0.503656  0.334409  1.5768e+06  1.33764  2 
0.583398  0.310379  1.72512e+06  1.24152  2 
0.435527  0.441371  1.45008e+06  1.76548  2 
0.44714  0.4049  1.47168e+06  1.6196  2 
0.685075  0.277382  1.91424e+06  1.10953  2 
0.579398  0.322645  1.71768e+06  1.29058  2 
0.65914  0.321387  1.866e+06  1.28555  3 
0.485333  0.377255  1.54272e+06  1.50902  3 
0.56714  0.350827  1.69488e+06  1.40331  3 
0.856559  0.310335  2.2332e+06  1.24134  3 
0.587269  0.338824  1.73232e+06  1.3553  3 
0.58972  0.334154  1.73688e+06  1.33662  3 
0.515269  0.351696  1.5984e+06  1.40678  3 
0.44572  0.47116  1.46904e+06  1.88464  3 
0.639011  0.326646  1.82856e+06  1.30658  3 
0.701462  0.321452  1.94472e+06  1.28581  4 
0.529333  0.387285  1.62456e+06  1.54914  4 
0.661075  0.324807  1.8696e+06  1.29923  4 
0.596817  0.342789  1.75008e+06  1.37116  4 
0.504817  0.499511  1.57896e+06  1.99804  4 
0.511011  0.509898  1.59048e+06  2.03959  5 
0.623914  0.443552  1.80048e+06  1.77421  5 
0.661978  0.333137  1.87128e+06  1.33255  5 
0.644172  0.345337  1.83816e+06  1.38135  5 
0.54972  0.445348  1.66248e+06  1.78139  5 
0.62843  0.366292  1.80888e+06  1.46517  5 
0.653462  0.378489  1.85544e+06  1.51396  6 
0.546237  0.539918  1.656e+06  2.15967  6 
0.686624  0.35704  1.91712e+06  1.42816  6 
0.640946  0.481366  1.83216e+06  1.92546  6 
0.60172  0.509775  1.7592e+06  2.0391  6 
0.70172  0.343687  1.9452e+06  1.37475  6 
0.813333  0.334479  2.1528e+06  1.33792  6 
0.604817  0.489725  1.76496e+06  1.9589  6 
0.790108  0.3471  2.1096e+06  1.3884  7 
0.785333  0.353094  2.10072e+06  1.41238  7 
0.671527  0.414437  1.88904e+06  1.65775  7 
0.782237  0.359132  2.09496e+06  1.43653  7 
0.729591  0.402955  1.99704e+06  1.61182  7 
0.655527  0.449932  1.85928e+06  1.79973  7 
0.871381  232.503  2.26077e+06  930.014  8 
0.682527  52515.5  1.9095e+06  210062  8 
0.800402  9587.1  2.12875e+06  38348.4  8 
0.829133  13707.1  2.18219e+06  54828.3  9 
0.907693  13997.5  2.32831e+06  55989.9  10 
0.899571  96860.8  2.3132e+06  387443  10 
0.932246  71674.8  2.37398e+06  286699  11 
0.943015  91802.5  2.39401e+06  367210  12 
1.05183  109520  2.5964e+06  438081  13 
1.10188  146233  2.68949e+06  584932  14 
1.13397  177658  2.74919e+06  710632  15 
1.22761  198280  2.92336e+06  793119  16 
1.26813  325540  2.99872e+06  1.30216e+06  17 
1.35139  242399  3.15359e+06  969595  17 
1.48984  337974  3.41109e+06  1.35189e+06  18 
1.46169  467386  3.35874e+06  1.86954e+06  18 
1.69977  394794  3.80157e+06  1.57917e+06  19 
1.7014  439169  3.80459e+06  1.75668e+06  20 
1.91264  515196  4.1975e+06  2.06078e+06  21 
1.92609  582410  4.22252e+06  2.32964e+06  22 
2.10872  595335  4.56222e+06  2.38134e+06  23 
2.19461  598672  4.72197e+06  2.39469e+06  24 
2.35503  733450  5.02036e+06  2.9338e+06  25 
2.4613  764085  5.21802e+06  3.05634e+06  26 
2.92057  1.00302e+06  6.07226e+06  4.0121e+06  27 
2.96294  1.06173e+06  6.15108e+06  4.24692e+06  28 
3.21817  1.09857e+06  6.6258e+06  4.39428e+06  29 
3.26518  1.16951e+06  6.71323e+06  4.67803e+06  30 
3.34408  1.2368e+06  6.85999e+06  4.94719e+06  31 
3.3974  1.18179e+06  6.95916e+06  4.72717e+06  31 
3.4895  1.29212e+06  7.13048e+06  5.16848e+06  32 
3.54957  1.27415e+06  7.2422e+06  5.0966e+06  32 
3.68477  1.31542e+06  7.49368e+06  5.26168e+06  33 
3.70522  1.36555e+06  7.5317e+06  5.46219e+06  34 
3.80277  1.35913e+06  7.71316e+06  5.43652e+06  34 
4.53471  1.76332e+06  9.07456e+06  7.05328e+06  35 
4.56254  1.82174e+06  9.12633e+06  7.28697e+06  36 
4.65113  1.8135e+06  9.2911e+06  7.25398e+06  36 
4.88126  1.94979e+06  9.71915e+06  7.79915e+06  37 
5.78143  2.41601e+06  1.13935e+07  9.66402e+06  38 

0.174624  0.633978  964800  2.53591  0 
0.740043  0.211191  2.01648e+06  0.844763  0 
0.372559  0.27455  1.33296e+06  1.0982  0 
0.273978  0.457477  1.1496e+06  1.82991  0 
0.28714  0.360954  1.17408e+06  1.44382  0 
0.318882  0.309459  1.23312e+06  1.23784  0 
0.634237  0.223288  1.81968e+06  0.893153  0 
0.584043  0.231669  1.72632e+06  0.926676  0 
0.520043  0.239418  1.60728e+06  0.95767  0 
0.493849  0.248135  1.55856e+06  0.992538  0 
0.438108  0.249029  1.45488e+06  0.996115  0 
0.364043  0.296595  1.31712e+06  1.18638  2 
0.445978  0.293434  1.46952e+06  1.17374  3 
0.300688  0.378666  1.19928e+06  1.51466  0 
0.638753  0.232969  1.82808e+06  0.931878  1 
0.332043  0.33817  1.2576e+06  1.35268  1 
0.340301  0.315984  1.27296e+06  1.26394  1 
0.373462  0.297329  1.33464e+06  1.18931  2 
0.496172  0.267714  1.56288e+06  1.07086  1 
0.478237  0.271144  1.52952e+06  1.08458  2 
0.48714  0.270351  1.54608e+06  1.0814  1 
0.29914  0.506229  1.1964e+06  2.02492  1 
0.280688  0.548775  1.16208e+06  2.1951  1 
0.532817  0.247279  1.63104e+06  0.989117  0 
0.280172  0.629825  1.16112e+06  2.5193  1 
0.468946  0.288605  1.51224e+06  1.15442  2 
0.529849  0.254848  1.62552e+06  1.01939  2 
0.442882  0.295825  1.46376e+06  1.1833  3 
0.586624  0.244101  1.73112e+06  0.976403  0 
0.360172  0.322454  1.30992e+06  1.28982  0 
0.392946  0.304775  1.37088e+06  1.2191  2 
0.471398  0.293449  1.5168e+06  1.1738  0 
0.499785  0.273794  1.5696e+06  1.09518  2 
0.650495  0.245506  1.84992e+06  0.982023  0 
0.654882  0.239987  1.85808e+06  0.959948  1 
0.341204  0.353435  1.27464e+06  1.41374  2 
0.378753  0.313192  1.34448e+06  1.25277  1 
0.567785  0.273563  1.69608e+06  1.09425  2 
0.624301  0.258906  1.8012e+06  1.03562  2 
0.479656  0.275355  1.53216e+06  1.10142  3 
0.310366  0.426405  1.21728e+06  1.70562  1 
0.639656  0.249984  1.82976e+06  0.999937  3 
0.590108  0.263879  1.7376e+06  1.05552  3 
0.465978  0.297022  1.50672e+06  1.18809  0 
0.315527  0.483089  1.22688e+06  1.93236  1 
0.526237  0.279448  1.6188e+06  1.11779  2 
0.402237  0.328774  1.38816e+06  1.3151  4 
0.522366  0.287227  1.6116e+06  1.14891  1 
0.39514  0.336149  1.37496e+06  1.3446  1 
0.614753  0.270358  1.78344e+06  1.08143  4 
0.34572  0.383849  1.28304e+06  1.5354  3 
0.466237  0.305577  1.5072e+06  1.22231  4 
0.597333  0.275355  1.75104e+06  1.10142  4 
0.592172  0.276523  1.74144e+06  1.10609  4 
0.61514  0.266963  1.78416e+06  1.06785  5 
0.473333  0.294136  1.5204e+06  1.17655  2 
0.369849  0.336924  1.32792e+06  1.34769  1 
0.340946  0.427836  1.27416e+06  1.71134  0 
0.55643  0.278875  1.67496e+06  1.1155  1 
0.697849  0.262074  1.938e+06  1.0483  2 
0.711914  0.253768  1.96416e+06  1.01507  2 
0.496301  0.29346  1.56312e+06  1.17384  1 
0.632301  0.263367  1.81608e+06  1.05347  4 
0.364301  0.378515  1.3176e+06  1.51406  3 
0.42443  0.308312  1.42944e+06  1.23325  3 
0.379269  0.351125  1.34544e+06  1.4045  3 
0.353462  0.476076  1.29744e+06  1.9043  2 
0.501849  0.32433  1.57344e+06  1.29732  1 
0.321591  0.51231  1.23816e+06  2.04924  3 
0.355269  0.439325  1.3008e+06  1.7573  2 
0.369591  0.387341  1.32744e+06  1.54937  4 
0.633591  0.266317  1.81848e+06  1.06527  4 
0.544172  0.280769  1.65216e+06  1.12308  3 
0.517204  0.29447  1.602e+06  1.17788  3 
0.340946  0.480563  1.27416e+06  1.92225  3 
0.504817  0.300647  1.57896e+06  1.20259  3 
0.415527  0.336135  1.41288e+06  1.34454  3 
0.665462  0.272574  1.87776e+06  1.0903  3 
0.337591  0.529834  1.26792e+06  2.11934  4 
0.379656  0.39048  1.34616e+06  1.56192  3 
0.518753  0.299711  1.60488e+06  1.19885  1 
0.341462  0.490307  1.27512e+06  1.96123  0 
0.380559  0.381411  1.34784e+06  1.52565  4 
0.515785  0.316403  1.59936e+06  1.26561  1 
0.377849  0.454031  1.3428e+06  1.81612  5 
0.599527  0.283538  1.75512e+06  1.13415  5 
0.63914  0.279362  1.8288e+06  1.11745  3 
0.387398  0.361901  1.36056e+06  1.44761  3 
0.419011  0.339498  1.41936e+06  1.35799  4 
0.548172  0.283993  1.6596e+06  1.13597  5 
0.324559  0.571518  1.24368e+06  2.28607  4 
0.516172  0.304688  1.60008e+06  1.21875  4 
0.373591  0.503176  1.33488e+06  2.0127  4 
0.434366  0.367333  1.44792e+06  1.46933  3 
0.443656  0.34797  1.4652e+06  1.39188  1 
0.345462  0.55807  1.28256e+06  2.23228  0 
0.380172  0.433094  1.34712e+06  1.73238  4 
0.334495  0.58982  1.26216e+06  2.35928  2 
0.383914  0.385172  1.35408e+06  1.54069  4 
0.330624  0.609476  1.25496e+06  2.4379  3 

0.174624  0.633978  964800  2.53591  0 
0.754366  0.210845  2.04312e+06  0.843378  0 
0.380172  0.254582  1.34712e+06  1.01833  0 
0.224043  0.427673  1.05672e+06  1.71069  0 
0.275011  0.337813  1.15152e+06  1.35125  0 
0.325978  0.28218  1.24632e+06  1.12872  0 
0.638753  0.219629  1.82808e+06  0.878515  0 
0.590237  0.224342  1.73784e+06  0.897367  0 
0.242753  0.398915  1.09152e+06  1.59566  0 
0.29914  0.30496  1.1964e+06  1.21984  0 
0.54043  0.227988  1.6452e+06  0.91195  0 
0.480301  0.229779  1.53336e+06  0.919117  0 
0.247656  0.375091  1.10064e+06  1.50036  0 
0.356043  0.262831  1.30224e+06  1.05132  0 
0.463269  0.240192  1.50168e+06  0.960769  0 
0.228817  0.411834  1.0656e+06  1.64734  0 
0.408946  0.240674  1.40064e+06  0.962696  0 
0.338237  0.269393  1.26912e+06  1.07757  0 
0.316172  0.290894  1.22808e+06  1.16358  0 
0.395656  0.246597  1.37592e+06  0.986388  0 
0.29243  0.314853  1.18392e+06  1.25941  0 
0.320688  0.28555  1.23648e+06  1.1422  0 
0.469333  0.235661  1.51296e+06  0.942644  0 
0.38172  0.250591  1.35e+06  1.00237  0 
0.348559  0.265476  1.28832e+06  1.0619  0 
0.729204  0.216303  1.99632e+06  0.86521  0 
0.311785  0.30191  1.21992e+06  1.20764  0 
0.585978  0.225411  1.72992e+06  0.901643  0 
0.530753  0.228608  1.6272e+06  0.914431  0 
0.294108  0.392135  1.18704e+06  1.56854  1 
0.476688  0.239578  1.52664e+06  0.958314  1 
0.296559  0.36328  1.1916e+06  1.45312  1 
0.580946  0.229024  1.72056e+06  0.916096  1 
0.411785  0.248408  1.40592e+06  0.993632  1 
0.632043  0.228321  1.8156e+06  0.913284  1 
0.449978  0.248133  1.47696e+06  0.992531  1 
0.321075  0.289874  1.2372e+06  1.1595  1 
0.51514  0.233785  1.59816e+06  0.935141  1 
0.385204  0.256604  1.35648e+06  1.02642  1 
0.494237  0.235703  1.55928e+06  0.942812  1 
0.548172  0.233006  1.6596e+06  0.932023  1 
0.461849  0.241083  1.49904e+06  0.964331  1 
0.371527  0.265839  1.33104e+06  1.06336  1 
0.491656  0.237852  1.55448e+06  0.951406  1 
0.282882  0.4239  1.16616e+06  1.6956  1 
0.310366  0.318656  1.21728e+06  1.27462  1 
0.690366  0.224812  1.92408e+06  0.899249  1 
0.241591  0.471212  1.08936e+06  1.88485  1 
0.28314  0.408781  1.16664e+06  1.63512  1 
0.23243  0.65801  1.07232e+06  2.63204  1 
0.750495  0.221795  2.03592e+06  0.887178  1 
0.707527  0.224411  1.956e+06  0.897646  1 
0.664688  0.227654  1.87632e+06  0.910616  1 
0.688043  0.226205  1.91976e+06  0.90482  1 
0.360172  0.284687  1.30992e+06  1.13875  1 
0.395527  0.259106  1.37568e+06  1.03642  2 
0.520559  0.237392  1.60824e+06  0.949567  2 
0.481462  0.244437  1.53552e+06  0.97775  2 
0.373075  0.27796  1.33392e+06  1.11184  2 
0.283656  0.493558  1.1676e+06  1.97423  2 
0.502366  0.23804  1.5744e+06  0.95216  2 
0.316172  0.397864  1.22808e+06  1.59146  2 
0.742882  0.225375  2.02176e+06  0.9015  2 
0.306366  0.409818  1.20984e+06  1.63927  2 
0.642624  0.228524  1.83528e+06  0.914096  2 
0.295398  0.432481  1.18944e+06  1.72992  2 
0.450108  0.249882  1.4772e+06  0.999528  2 
0.581333  0.230161  1.72128e+06  0.920642  2 
0.375656  0.274172  1.33872e+06  1.09669  2 
0.376301  0.269763  1.33992e+06  1.07905  2 
0.33643  0.297325  1.26576e+06  1.1893  2 
0.619656  0.229688  1.79256e+06  0.918752  2 
0.772817  0.223286  2.07744e+06  0.893146  2 
0.47772  0.247658  1.52856e+06  0.99063  2 
0.322882  0.314307  1.24056e+06  1.25723  2 
0.255785  0.528939  1.11576e+06  2.11575  2 
0.52314  0.235144  1.61304e+06  0.940577  2 
0.482882  0.243047  1.53816e+06  0.972186  2 
0.575527  0.234432  1.71048e+06  0.937728  2 
0.424043  0.255568  1.42872e+06  1.02227  2 
0.493333  0.24766  1.5576e+06  0.99064  3 
0.583269  0.231059  1.72488e+06  0.924235  3 
0.598495  0.230312  1.7532e+06  0.921246  3 
0.761204  0.22732  2.05584e+06  0.90928  3 
0.259011  0.629071  1.12176e+06  2.51628  3 
0.377462  0.275639  1.34208e+06  1.10255  3 
0.309462  0.424115  1.2156e+06  1.69646  3 
0.497204  0.244134  1.5648e+06  0.976536  3 
0.525075  0.239425  1.61664e+06  0.957699  3 
0.406366  0.261434  1.39584e+06  1.04573  3 
0.262624  0.613119  1.12848e+06  2.45247  3 
0.323269  0.371098  1.24128e+06  1.48439  3 
0.788817  0.22512  2.1072e+06  0.900479  3 
0.260559  0.622404  1.12464e+06  2.48961  3 
0.397075  0.269327  1.37856e+06  1.07731  3 
0.346882  0.330154  1.2852e+06  1.32062  3 
0.538495  0.236581  1.6416e+06  0.946325  3 
0.35514  0.302078  1.30056e+06  1.20831  3 
0.33372  0.347446  1.26072e+06  1.38979  3 
0.571398  0.235826  1.7028e+06  0.943304  3 

0.17387  370.091  963398  1480.37  0 
0.731011  0.207686  1.99968e+06  0.830744  0 
0.186108  0.449205  986160  1.79682  0 
0.498237  0.224893  1.56672e+06  0.899572  0 
0.315785  0.269164  1.22736e+06  1.07666  0 
0.223398  0.325671  1.05552e+06  1.30268  0 
0.442882  0.228984  1.46376e+06  0.915936  0 
0.275527  0.28995  1.15248e+06  1.1598  0 
0.388817  0.23709  1.3632e+06  0.94836  0 
0.198366  0.410496  1.00896e+06  1.64199  0 
0.34714  0.245021  1.28568e+06  0.980085  0 
0.698753  0.209797  1.93968e+06  0.839189  0 
0.33243  0.253955  1.25832e+06  1.01582  0 
0.674495  0.21042  1.89456e+06  0.841681  0 
0.662237  0.212717  1.87176e+06  0.850868  0 
0.647269  0.213327  1.84392e+06  0.853307  0 
0.631785  0.214063  1.81512e+06  0.856252  0 
0.607656  0.214544  1.77024e+06  0.858176  0 
0.318624  0.259511  1.23264e+06  1.03804  0 
0.299527  0.281367  1.19712e+06  1.12547  0 
0.599269  0.21593  1.75464e+06  0.863719  0 
0.573849  0.217004  1.70736e+06  0.868016  0 
0.269978  0.304226  1.14216e+06  1.2169  0 
0.432688  0.231934  1.4448e+06  0.927736  0 
0.566366  0.21994  1.69344e+06  0.87976  0 
0.324172  0.254819  1.24296e+06  1.01928  0 
0.557849  0.220507  1.6776e+06  0.882026  0 
0.554108  0.221336  1.67064e+06  0.885345  1 
0.488043  0.225431  1.54776e+06  0.901725  0 
0.412817  0.233547  1.40784e+06  0.934188  0 
0.380043  0.241612  1.34688e+06  0.966446  0 
0.527527  0.221526  1.6212e+06  0.886106  0 
0.37643  0.241673  1.34016e+06  0.966692  0 
0.524559  0.222434  1.61568e+06  0.889736  0 
0.273075  0.291444  1.14792e+06  1.16578  1 
0.669075  0.210466  1.88448e+06  0.841866  0 
0.30972  0.279531  1.21608e+06  1.11813  0 
0.267785  0.324266  1.13808e+06  1.29706  0 
0.47643  0.227888  1.52616e+06  0.911554  1 
0.522366  0.223887  1.6116e+06  0.89555  0 
0.514882  0.223941  1.59768e+06  0.895764  0 
0.46043  0.22822  1.4964e+06  0.91288  0 
0.459656  0.228447  1.49496e+06  0.913787  0 
0.572043  0.219448  1.704e+06  0.877791  0 
0.56443  0.220072  1.68984e+06  0.880286  1 
0.690495  0.210135  1.92432e+06  0.84054  0 
0.524043  0.223666  1.61472e+06  0.894664  0 
0.595914  0.216982  1.7484e+06  0.867927  0 
0.655269  0.213462  1.8588e+06  0.853849  1 
0.624559  0.214884  1.80168e+06  0.859535  0 
0.498882  0.225024  1.56792e+06  0.900095  0 
0.669204  0.213063  1.88472e+06  0.852251  1 
0.293462  0.302103  1.18584e+06  1.20841  0 
0.321591  0.278231  1.23816e+06  1.11293  0 
0.356172  0.251149  1.30248e+06  1.00459  0 
0.302624  0.289181  1.20288e+06  1.15672  0 
0.443398  0.230917  1.46472e+06  0.923666  1 
0.40843  0.237474  1.39968e+06  0.949898  1 
0.270495  0.315953  1.14312e+06  1.26381  0 
0.572172  0.221152  1.70424e+06  0.884606  1 
0.444946  0.230601  1.4676e+06  0.922404  0 
0.313462  0.283314  1.22304e+06  1.13326  1 
0.610108  0.214884  1.7748e+06  0.859537  0 
0.339527  0.263831  1.27152e+06  1.05532  0 
0.673849  0.212132  1.89336e+06  0.848528  0 
0.270366  0.322646  1.14288e+06  1.29058  0 
0.605333  0.215977  1.76592e+06  0.863909  0 
0.715656  0.20994  1.97112e+06  0.839762  0 
0.67372  0.212527  1.89312e+06  0.85011  1 
0.379398  0.24763  1.34568e+06  0.990521  0 
0.492817  0.22564  1.55664e+06  0.902561  0 
0.300172  0.289184  1.19832e+06  1.15674  0 
0.677849  0.211676  1.9008e+06  0.846703  0 
0.600301  0.216939  1.75656e+06  0.867756  0 
0.418366  0.235338  1.41816e+06  0.941351  1 
0.652043  0.213921  1.8528e+06  0.855682  1 
0.671785  0.212914  1.88952e+06  0.851657  1 
0.223785  0.446972  1.05624e+06  1.78789  0 
0.491011  0.227622  1.55328e+06  0.910486  1 
0.215527  0.633479  1.04088e+06  2.53392  1 
0.478237  0.230107  1.52952e+06  0.920429  0 
0.362108  0.248125  1.31352e+06  0.992499  0 
0.524559  0.22317  1.61568e+06  0.892682  0 
0.796946  0.209265  2.12232e+06  0.837062  1 
0.432043  0.235105  1.4436e+06  0.940419  1 
0.294753  0.300776  1.18824e+06  1.2031  0 
0.58043  0.217403  1.7196e+06  0.869613  0 
0.381462  0.247472  1.34952e+06  0.989888  1 
0.388043  0.245822  1.36176e+06  0.98329  1 
0.223914  0.364381  1.05648e+06  1.45752  1 
0.298366  0.296742  1.19496e+06  1.18697  0 
0.392172  0.240425  1.36944e+06  0.9617  1 
0.529849  0.221573  1.62552e+06  0.886292  0 
0.235914  0.326653  1.0788e+06  1.30661  0 
0.242237  0.623254  1.09056e+06  2.49302  0 
0.286108  0.321198  1.17216e+06  1.28479  0 
0.387269  0.286024  1.36032e+06  1.1441  0 
0.288559  0.321112  1.17672e+06  1.28445  0 
0.324559  0.301065  1.24368e+06  1.20426  0 
0.493075  0.228549  1.55712e+06  0.914195  0 

0.172172  0.633754  960240  2.53502  0 
0.735656  0.204847  2.00832e+06  0.819388  0 
0.344301  0.242715  1.2804e+06  0.970858  0 
0.186108  0.449205  986160  1.79682  0 
0.220043  0.32177  1.04928e+06  1.28708  0 
0.282495  0.266463  1.16544e+06  1.06585  0 
0.674624  0.206121  1.8948e+06  0.824482  0 
0.634237  0.207394  1.81968e+06  0.829576  0 
0.594624  0.210471  1.746e+06  0.841882  0 
0.562237  0.212647  1.68576e+06  0.850587  0 
0.252043  0.292301  1.1088e+06  1.16921  0 
0.522882  0.213981  1.61256e+06  0.855922  0 
0.192817  0.413095  998640  1.65238  0 
0.48314  0.215593  1.53864e+06  0.862372  0 
0.227269  0.294601  1.06272e+06  1.1784  0 
0.446366  0.218602  1.47024e+06  0.874408  0 
0.424559  0.221257  1.42968e+06  0.885027  0 
0.321591  0.247282  1.23816e+06  0.989127  0 
0.201591  0.33762  1.01496e+06  1.35048  0 
0.265591  0.272013  1.134e+06  1.08805  0 
0.404043  0.227694  1.39152e+06  0.910778  0 
0.307914  0.251769  1.21272e+06  1.00708  0 
0.389333  0.230973  1.36416e+06  0.923892  0 
0.368817  0.232669  1.326e+06  0.930675  0 
0.299011  0.252994  1.19616e+06  1.01198  0 
0.356946  0.234622  1.30392e+06  0.938489  0 
0.290237  0.259141  1.17984e+06  1.03656  0 
0.352301  0.238188  1.29528e+06  0.95275  0 
0.333849  0.242855  1.26096e+06  0.971421  0 
0.418495  0.223921  1.4184e+06  0.895685  0 
0.346495  0.23943  1.28448e+06  0.957718  0 
0.194753  0.410053  1.00224e+06  1.64021  0 
0.325333  0.244473  1.24512e+06  0.97789  0 
0.397333  0.228188  1.37904e+06  0.912752  0 
0.28043  0.269263  1.1616e+06  1.07705  0 
0.248946  0.29256  1.10304e+06  1.17024  0 
0.632301  0.208101  1.81608e+06  0.832405  0 
0.315269  0.250068  1.2264e+06  1.00027  0 
0.361591  0.233097  1.31256e+06  0.932388  0 
0.579398  0.211206  1.71768e+06  0.844824  0 
0.42314  0.22175  1.42704e+06  0.886999  0 
0.394366  0.229563  1.37352e+06  0.918254  0 
0.61914  0.209307  1.7916e+06  0.837227  0 
0.572559  0.211594  1.70496e+06  0.846374  0 
0.219011  0.336504  1.04736e+06  1.34601  0 
0.226366  0.316383  1.06104e+06  1.26553  0 
0.279527  0.270573  1.15992e+06  1.08229  0 
0.281591  0.268024  1.16376e+06  1.0721  0 
0.560817  0.213204  1.68312e+06  0.852817  0 
0.59372  0.21064  1.74432e+06  0.84256  0 
0.570624  0.212091  1.70136e+06  0.848363  0 
0.480559  0.218064  1.53384e+06  0.872256  0 
0.265075  0.288426  1.13304e+06  1.1537  0 
0.210495  0.33715  1.03152e+06  1.3486  0 
0.35514  0.237763  1.30056e+06  0.951052  0 
0.545591  0.213745  1.6548e+06  0.854981  0 
0.512559  0.215502  1.59336e+06  0.862009  0 
0.39243  0.230964  1.36992e+06  0.923858  0 
0.214624  0.443332  1.0392e+06  1.77333  0 
0.434882  0.224025  1.44888e+06  0.896101  1 
0.278108  0.277428  1.15728e+06  1.10971  1 
0.259527  0.295328  1.12272e+06  1.18131  1 
0.267269  0.289607  1.13712e+06  1.15843  0 
0.505849  0.216407  1.58088e+06  0.865626  1 
0.374624  0.23437  1.3368e+06  0.937482  1 
0.639656  0.210401  1.82976e+06  0.841603  0 
0.424043  0.2241  1.42872e+06  0.896402  1 
0.610366  0.210762  1.77528e+06  0.843047  1 
0.666366  0.208329  1.87944e+06  0.833316  1 
0.48443  0.21914  1.54104e+06  0.87656  0 
0.492817  0.217593  1.55664e+06  0.870372  1 
0.228172  0.332582  1.0644e+06  1.33033  1 
0.666237  0.210188  1.8792e+06  0.840753  1 
0.395527  0.230282  1.37568e+06  0.921126  1 
0.486495  0.21766  1.54488e+06  0.870639  0 
0.577978  0.211648  1.71504e+06  0.846591  0 
0.540172  0.213982  1.64472e+06  0.855926  0 
0.244172  0.317421  1.09416e+06  1.26968  0 
0.501591  0.217413  1.57296e+06  0.869652  1 
0.361075  0.236137  1.3116e+06  0.944549  1 
0.29643  0.264953  1.19136e+06  1.05981  1 
0.281978  0.274619  1.16448e+06  1.09848  1 
0.39114  0.231875  1.36752e+06  0.927501  0 
0.534753  0.215621  1.63464e+06  0.862483  1 
0.38572  0.232734  1.35744e+06  0.930937  0 
0.214238  781.174  1.03848e+06  3124.69  0 
0.287527  0.267214  1.1748e+06  1.06886  0 
0.244301  0.30594  1.0944e+06  1.22376  0 
0.535269  0.215287  1.6356e+06  0.861148  0 
0.456301  0.219204  1.48872e+06  0.876815  0 
0.373075  0.234933  1.33392e+06  0.939733  0 
0.469204  0.219158  1.51272e+06  0.876634  0 
0.350495  0.241691  1.29192e+06  0.966763  1 
0.25643  0.30258  1.11696e+06  1.21032  1 
0.420301  0.226986  1.42176e+06  0.907944  1 
0.23243  0.32238  1.07232e+06  1.28952  0 
0.455785  0.222675  1.48776e+06  0.890699  0 
0.32572  0.249372  1.24584e+06  0.99749  0 
0.301075  0.258215  1.2e+06  1.03286  1 
0.326108  0.248826  1.24656e+06  0.995303  0 

0.169416  459.016  955114  1836.06  0 
0.792946  0.203038  2.11488e+06  0.812153  0 
0.170624  0.636675  957360  2.5467  0 
0.373075  0.222738  1.33392e+06  0.890951  0 
0.180688  0.439129  976080  1.75652  0 
0.218882  0.292305  1.04712e+06  1.16922  0 
0.307398  0.238222  1.21176e+06  0.952887  0 
0.273333  0.258422  1.1484e+06  1.03369  0 
0.193204  0.41303  999360  1.65212  0 
0.19643  0.346602  1.00536e+06  1.38641  0 
0.247398  0.271113  1.10016e+06  1.08445  0 
0.771011  0.20319  2.07408e+06  0.812758  0 
0.735914  0.203766  2.0088e+06  0.815062  0 
0.715656  0.203909  1.97112e+06  0.815638  0 
0.668559  0.204564  1.88352e+06  0.818256  0 
0.201978  0.32695  1.01568e+06  1.3078  0 
0.651656  0.207076  1.85208e+06  0.828303  0 
0.634237  0.207394  1.81968e+06  0.829576  0 
0.61914  0.207489  1.7916e+06  0.829956  0 
0.57114  0.207991  1.70232e+06  0.831966  0 
0.205333  0.3084  1.02192e+06  1.2336  0 
0.552172  0.209842  1.66704e+06  0.839368  0 
0.356043  0.226937  1.30224e+06  0.907748  0 
0.535011  0.211593  1.63512e+06  0.846372  0 
0.296817  0.247641  1.19208e+06  0.990565  0 
0.509333  0.213102  1.58736e+06  0.852408  0 
0.262495  0.262191  1.12824e+06  1.04876  0 
0.238624  0.282858  1.08384e+06  1.13143  0 
0.284301  0.24984  1.1688e+06  0.999359  0 
0.497333  0.214761  1.56504e+06  0.859044  0 
0.343656  0.230366  1.2792e+06  0.921463  0 
0.489075  0.214944  1.54968e+06  0.859778  0 
0.480172  0.215371  1.53312e+06  0.861482  0 
0.472817  0.215798  1.51944e+06  0.86319  0 
0.440946  0.215884  1.46016e+06  0.863538  0 
0.255527  0.264263  1.11528e+06  1.05705  0 
0.186495  0.418703  986880  1.67481  0 
0.334108  0.232663  1.26144e+06  0.93065  0 
0.196946  0.337428  1.00632e+06  1.34971  0 
0.435914  0.217648  1.4508e+06  0.870593  0 
0.243011  0.27826  1.092e+06  1.11304  0 
0.428172  0.218391  1.4364e+06  0.873565  0 
0.279011  0.254217  1.15896e+06  1.01687  0 
0.214882  0.303831  1.03968e+06  1.21532  0 
0.420817  0.218944  1.42272e+06  0.875777  0 
0.368043  0.223443  1.32456e+06  0.893773  0 
0.265462  0.258843  1.13376e+06  1.03537  0 
0.189978  0.414565  993360  1.65826  0 
0.183269  0.432749  980880  1.731  0 
0.239914  0.278642  1.08624e+06  1.11457  0 
0.412043  0.219834  1.4064e+06  0.879336  0 
0.303914  0.244795  1.20528e+06  0.979179  0 
0.210108  0.305649  1.0308e+06  1.2226  0 
0.402753  0.220314  1.38912e+06  0.881255  0 
0.253204  0.265172  1.11096e+06  1.06069  0 
0.396946  0.220645  1.37832e+06  0.88258  0 
0.354108  0.227235  1.29864e+06  0.90894  0 
0.664301  0.205186  1.8756e+06  0.820743  0 
0.235527  0.290456  1.07808e+06  1.16182  0 
0.363785  0.225138  1.31664e+06  0.900552  0 
0.387656  0.221009  1.36104e+06  0.884037  0 
0.384559  0.221043  1.35528e+06  0.884171  0 
0.203656  0.315011  1.0188e+06  1.26004  0 
0.194753  0.410053  1.00224e+06  1.64021  0 
0.260301  0.262719  1.12416e+06  1.05088  0 
0.327656  0.236782  1.24944e+06  0.947127  0 
0.324688  0.236797  1.24392e+06  0.947188  0 
0.352688  0.22873  1.296e+06  0.91492  0 
0.282882  0.252053  1.16616e+06  1.00821  0 
0.246108  0.27284  1.09776e+06  1.09136  0 
0.256043  0.263048  1.11624e+06  1.05219  0 
0.233204  0.291138  1.07376e+06  1.16455  0 
0.320172  0.237122  1.23552e+06  0.948487  0 
0.306366  0.239203  1.20984e+06  0.956812  0 
0.278108  0.255702  1.15728e+06  1.02281  0 
0.246495  0.271561  1.09848e+06  1.08625  0 
0.503656  0.213869  1.5768e+06  0.855476  0 
0.526753  0.212382  1.61976e+06  0.849529  0 
0.293849  0.249234  1.18656e+06  0.996936  0 
0.362882  0.226354  1.31496e+06  0.905415  0 
0.212559  0.305073  1.03536e+06  1.22029  0 
0.425462  0.218412  1.43136e+06  0.873648  0 
0.363269  0.225839  1.31568e+06  0.903357  0 
0.333333  0.23628  1.26e+06  0.945121  0 
0.362366  0.226446  1.314e+06  0.905783  0 
0.230495  0.291815  1.06872e+06  1.16726  0 
0.38043  0.222262  1.3476e+06  0.889049  0 
0.243914  0.277819  1.09368e+06  1.11128  0 
0.33372  0.235799  1.26072e+06  0.943196  0 
0.50314  0.214416  1.57584e+06  0.857664  0 
0.175785  0.636336  966960  2.54534  0 
0.290237  0.249509  1.17984e+06  0.998037  0 
0.323656  0.236813  1.242e+06  0.947254  0 
0.41914  0.219527  1.4196e+06  0.878109  0 
0.401462  0.220369  1.38672e+06  0.881476  0 
0.34843  0.230093  1.28808e+06  0.920372  0 
0.618753  0.207755  1.79088e+06  0.831021  0 
0.664172  0.206079  1.87536e+06  0.824315  0 
0.662624  0.207014  1.87248e+06  0.828055  0 
0.401462  0.220369  1.38672e+06  0.881476  0 

0.159269  0.459483  936240  1.83793  0 
0.763785  0.202123  2.06064e+06  0.808493  0 
0.514108  0.21046  1.59624e+06  0.841842  0 
0.29372  0.236335  1.18632e+06  0.94534  0 
0.178495  0.345038  972000  1.38015  0 
0.227398  0.27854  1.06296e+06  1.11416  0 
0.195527  0.298397  1.00368e+06  1.19359  0 
0.265333  0.250987  1.13352e+06  1.00395  0 
0.483527  0.212199  1.53936e+06  0.848796  0 
0.454237  0.213744  1.48488e+06  0.854976  0 
0.428559  0.215627  1.43712e+06  0.862508  0 
0.406366  0.218864  1.39584e+06  0.875455  0 
0.247656  0.261638  1.10064e+06  1.04655  0 
0.375269  0.219787  1.338e+06  0.87915  0 
0.358624  0.223116  1.30704e+06  0.892464  0 
0.215656  0.286537  1.04112e+06  1.14615  0 
0.347527  0.226558  1.2864e+06  0.906234  0 
0.235914  0.268902  1.0788e+06  1.07561  0 
0.327914  0.227265  1.24992e+06  0.909058  0 
0.285978  0.241213  1.17192e+06  0.964851  0 
0.743914  0.202841  2.02368e+06  0.811364  0 
0.726882  0.203408  1.992e+06  0.813633  0 
0.673849  0.203525  1.89336e+06  0.814098  0 
0.664559  0.203586  1.87608e+06  0.814344  0 
0.256946  0.255033  1.11792e+06  1.02013  0 
0.656817  0.203872  1.86168e+06  0.815486  0 
0.317978  0.229771  1.23144e+06  0.919086  0 
0.647914  0.204097  1.84512e+06  0.816388  0 
0.637075  0.205176  1.82496e+06  0.820703  0 
0.312946  0.230881  1.22208e+06  0.923522  0 
0.230882  0.271864  1.06944e+06  1.08746  0 
0.604172  0.205969  1.76376e+06  0.823875  0 
0.174108  0.419145  963840  1.67658  0 
0.59243  0.206179  1.74192e+06  0.824718  0 
0.223269  0.281036  1.05528e+06  1.12414  0 
0.191656  0.338275  996480  1.3531  0 
0.187398  0.341436  988560  1.36575  0 
0.282108  0.247402  1.16472e+06  0.989609  0 
0.244301  0.263976  1.0944e+06  1.0559  0 
0.21243  0.293559  1.03512e+06  1.17424  0 
0.184301  0.341589  982800  1.36635  0 
0.56972  0.207444  1.69968e+06  0.829777  0 
0.305978  0.233387  1.20912e+06  0.933548  0 
0.27643  0.248208  1.15416e+06  0.992833  0 
0.212946  0.289728  1.03608e+06  1.15891  0 
0.228172  0.275769  1.0644e+06  1.10308  0 
0.55772  0.208078  1.67736e+06  0.832312  0 
0.253591  0.259303  1.11168e+06  1.03721  0 
0.422753  0.216595  1.42632e+06  0.86638  0 
0.201591  0.296187  1.01496e+06  1.18475  0 
0.416946  0.216985  1.41552e+06  0.867942  0 
0.448559  0.213861  1.47432e+06  0.855444  0 
0.283527  0.24568  1.16736e+06  0.982719  0 
0.55114  0.208738  1.66512e+06  0.834953  0 
0.242624  0.265738  1.09128e+06  1.06295  0 
0.255398  0.256514  1.11504e+06  1.02606  0 
0.53772  0.208922  1.64016e+06  0.83569  0 
0.482108  0.212303  1.53672e+06  0.84921  0 
0.443011  0.21428  1.464e+06  0.857118  0 
0.250882  0.260357  1.10664e+06  1.04143  0 
0.528688  0.209183  1.62336e+06  0.836731  0 
0.357462  0.223895  1.30488e+06  0.895578  0 
0.177333  0.373849  969840  1.4954  0 
0.480688  0.212631  1.53408e+06  0.850523  0 
0.32572  0.228672  1.24584e+06  0.914686  0 
0.291011  0.240117  1.18128e+06  0.96047  0 
0.47914  0.21265  1.5312e+06  0.850601  0 
0.198495  0.297306  1.0092e+06  1.18922  0 
0.476172  0.212665  1.52568e+06  0.850661  0 
0.272301  0.249963  1.14648e+06  0.999852  0 
0.355269  0.225574  1.3008e+06  0.902296  0 
0.518882  0.209544  1.60512e+06  0.838174  0 
0.373333  0.222239  1.3344e+06  0.888956  0 
0.371785  0.222357  1.33152e+06  0.889428  0 
0.401204  0.219067  1.38624e+06  0.876266  0 
0.284817  0.244991  1.16976e+06  0.979963  0 
0.300946  0.235658  1.19976e+06  0.942632  0 
0.442366  0.21484  1.4628e+06  0.85936  0 
0.398495  0.219157  1.3812e+06  0.876629  0 
0.169075  0.458857  954480  1.83543  0 
0.503656  0.211586  1.5768e+06  0.846343  0 
0.217204  0.285984  1.044e+06  1.14394  0 
0.473978  0.213197  1.5216e+06  0.852788  0 
0.50314  0.21163  1.57584e+06  0.84652  0 
0.283011  0.245867  1.1664e+06  0.983469  0 
0.250366  0.260591  1.10568e+06  1.04236  0 
0.442495  0.214372  1.46304e+06  0.85749  0 
0.471527  0.213277  1.51704e+06  0.85311  0 
0.194882  0.337813  1.00248e+06  1.35125  0 
0.323656  0.229331  1.242e+06  0.917325  0 
0.413204  0.218454  1.40856e+06  0.873814  0 
0.168688  0.459044  953760  1.83617  0 
0.368688  0.222735  1.32576e+06  0.890938  0 
0.412043  0.218528  1.4064e+06  0.874111  0 
0.632946  0.205663  1.81728e+06  0.822653  0 
0.349333  0.226277  1.28976e+06  0.905107  0 
0.469849  0.213467  1.51392e+06  0.853867  0 
0.194108  0.337997  1.00104e+06  1.35199  0 
0.343656  0.22704  1.2792e+06  0.908158  0 
0.393462  0.219568  1.37184e+06  0.878274  0 

0.158624  0.453312  935040  1.81325  0 
0.781591  0.200576  2.09376e+06  0.802303  0 
0.530753  0.207827  1.6272e+06  0.831309  0 
0.305204  0.228573  1.20768e+06  0.914292  0 
0.186624  0.334712  987120  1.33885  0 
0.233204  0.262677  1.07376e+06  1.05071  0 
0.195527  0.298397  1.00368e+06  1.19359  0 
0.277978  0.239682  1.15704e+06  0.958729  0 
0.163656  0.38214  944400  1.52856  0 
0.496817  0.209411  1.56408e+06  0.837645  0 
0.169333  0.349471  954960  1.39789  0 
0.216172  0.280697  1.04208e+06  1.12279  0 
0.478366  0.21185  1.52976e+06  0.847401  0 
0.453333  0.213341  1.4832e+06  0.853364  0 
0.425591  0.214982  1.4316e+06  0.859926  0 
0.408559  0.216244  1.39992e+06  0.864977  0 
0.26572  0.248694  1.13424e+06  0.994774  0 
0.397075  0.218241  1.37856e+06  0.872966  0 
0.177075  0.339847  969360  1.35939  0 
0.256559  0.253466  1.1172e+06  1.01386  0 
0.294882  0.230573  1.18848e+06  0.922291  0 
0.386237  0.219486  1.3584e+06  0.877943  0 
0.372559  0.219562  1.33296e+06  0.878247  0 
0.208817  0.288474  1.0284e+06  1.1539  0 
0.226237  0.266272  1.0608e+06  1.06509  0 
0.364688  0.221965  1.31832e+06  0.887859  0 
0.770366  0.201325  2.07288e+06  0.805298  0 
0.189333  0.315304  992160  1.26122  0 
0.717978  0.201712  1.97544e+06  0.806847  0 
0.357978  0.222689  1.30584e+06  0.890755  0 
0.709978  0.20207  1.96056e+06  0.80828  0 
0.249075  0.257107  1.10328e+06  1.02843  0 
0.289849  0.233039  1.17912e+06  0.932157  0 
0.704946  0.202462  1.9512e+06  0.809849  0 
0.350366  0.223631  1.29168e+06  0.894524  0 
0.693978  0.202913  1.9308e+06  0.811654  0 
0.667656  0.203523  1.88184e+06  0.814094  0 
0.244817  0.257895  1.09536e+06  1.03158  0 
0.66043  0.203672  1.8684e+06  0.814688  0 
0.654624  0.203782  1.8576e+06  0.815128  0 
0.211914  0.284438  1.03416e+06  1.13775  0 
0.273978  0.243842  1.1496e+06  0.975368  0 
0.343269  0.224608  1.27848e+06  0.898433  0 
0.204043  0.294478  1.01952e+06  1.17791  0 
0.647914  0.204097  1.84512e+06  0.816388  0 
0.33914  0.225028  1.2708e+06  0.900112  0 
0.639398  0.204349  1.82928e+06  0.817395  0 
0.335527  0.225165  1.26408e+06  0.900662  0 
0.331914  0.225396  1.25736e+06  0.901584  0 
0.328172  0.2256  1.2504e+06  0.902399  0 
0.286108  0.236908  1.17216e+06  0.947633  0 
0.252559  0.254445  1.10976e+06  1.01778  0 
0.596688  0.205211  1.74984e+06  0.820843  0 
0.26172  0.250891  1.1268e+06  1.00356  0 
0.201591  0.295888  1.01496e+06  1.18355  0 
0.282366  0.237463  1.1652e+06  0.949851  0 
0.59114  0.205636  1.73952e+06  0.822545  0 
0.310237  0.226398  1.21704e+06  0.905594  0 
0.197978  0.296279  1.00824e+06  1.18512  0 
0.231269  0.263088  1.07016e+06  1.05235  0 
0.582753  0.206032  1.72392e+06  0.824126  0 
0.492946  0.210183  1.55688e+06  0.840732  0 
0.579269  0.20616  1.71744e+06  0.824642  0 
0.260172  0.251569  1.12392e+06  1.00627  0 
0.207398  0.291704  1.02576e+06  1.16681  0 
0.243398  0.259083  1.09272e+06  1.03633  0 
0.472301  0.21195  1.51848e+06  0.8478  0 
0.576559  0.2065  1.7124e+06  0.826002  0 
0.573333  0.206518  1.7064e+06  0.826073  0 
0.526366  0.208165  1.61904e+06  0.832659  0 
0.556301  0.20659  1.67472e+06  0.826358  0 
0.296946  0.229393  1.19232e+06  0.917573  0 
0.447656  0.213832  1.47264e+06  0.85533  0 
0.251527  0.255672  1.10784e+06  1.02269  0 
0.194495  0.300955  1.00176e+06  1.20382  0 
0.555269  0.206787  1.6728e+06  0.827149  0 
0.524559  0.208487  1.61568e+06  0.833948  0 
0.394366  0.218588  1.37352e+06  0.874351  0 
0.541591  0.207021  1.64736e+06  0.828082  0 
0.268301  0.247961  1.13904e+06  0.991843  0 
0.441075  0.214255  1.4604e+06  0.857019  0 
0.168688  0.371748  953760  1.48699  0 
0.480172  0.211221  1.53312e+06  0.844885  0 
0.419914  0.215653  1.42104e+06  0.86261  0 
0.391527  0.218903  1.36824e+06  0.875612  0 
0.53643  0.207279  1.63776e+06  0.829117  0 
0.357462  0.222784  1.30488e+06  0.891135  0 
0.465978  0.212826  1.50672e+06  0.851302  0 
0.239785  0.262261  1.086e+06  1.04905  0 
0.638237  0.204803  1.82712e+06  0.81921  0 
0.17243  0.349071  960720  1.39628  0 
0.401462  0.217847  1.38672e+06  0.871386  0 
0.35372  0.223256  1.29792e+06  0.893025  0 
0.362624  0.222344  1.31448e+06  0.889376  0 
0.228946  0.265971  1.06584e+06  1.06388  0 
0.211656  0.287897  1.03368e+06  1.15159  0 
0.348172  0.224383  1.2876e+06  0.897533  0 
0.452817  0.213622  1.48224e+06  0.854488  0 
0.21243  0.284249  1.03512e+06  1.137  0 
0.243914  0.258901  1.09368e+06  1.0356  0 

0.158624  0.453312  935040  1.81325  0 
0.781591  0.200576  2.09376e+06  0.802303  0 
0.530753  0.207827  1.6272e+06  0.831309  0 
0.305204  0.228573  1.20768e+06  0.914292  0 
0.186624  0.334712  987120  1.33885  0 
0.233204  0.262677  1.07376e+06  1.05071  0 
0.195527  0.298397  1.00368e+06  1.19359  0 
0.277978  0.239682  1.15704e+06  0.958729  0 
0.163656  0.38214  944400  1.52856  0 
0.496817  0.209411  1.56408e+06  0.837645  0 
0.169333  0.349471  954960  1.39789  0 
0.216172  0.280697  1.04208e+06  1.12279  0 
0.478366  0.21185  1.52976e+06  0.847401  0 
0.453333  0.213341  1.4832e+06  0.853364  0 
0.43114  0.214318  1.44192e+06  0.857272  0 
0.408559  0.216244  1.39992e+06  0.864977  0 
0.26572  0.248694  1.13424e+06  0.994774  0 
0.397075  0.218241  1.37856e+06  0.872966  0 
0.177075  0.339847  969360  1.35939  0 
0.256559  0.253466  1.1172e+06  1.01386  0 
0.294882  0.230573  1.18848e+06  0.922291  0 
0.386237  0.219486  1.3584e+06  0.877943  0 
0.372559  0.219562  1.33296e+06  0.878247  0 
0.208817  0.288474  1.0284e+06  1.1539  0 
0.226237  0.266272  1.0608e+06  1.06509  0 
0.364688  0.221965  1.31832e+06  0.887859  0 
0.770366  0.201325  2.07288e+06  0.805298  0 
0.189333  0.315304  992160  1.26122  0 
0.717978  0.201712  1.97544e+06  0.806847  0 
0.357978  0.222689  1.30584e+06  0.890755  0 
0.709978  0.20207  1.96056e+06  0.80828  0 
0.249075  0.257107  1.10328e+06  1.02843  0 
0.289849  0.233039  1.17912e+06  0.932157  0 
0.704946  0.202462  1.9512e+06  0.809849  0 
0.350366  0.223631  1.29168e+06  0.894524  0 
0.693978  0.202913  1.9308e+06  0.811654  0 
0.667656  0.203523  1.88184e+06  0.814094  0 
0.244817  0.257895  1.09536e+06  1.03158  0 
0.66043  0.203672  1.8684e+06  0.814688  0 
0.654624  0.203782  1.8576e+06  0.815128  0 
0.211914  0.284438  1.03416e+06  1.13775  0 
0.273978  0.243842  1.1496e+06  0.975368  0 
0.343269  0.224608  1.27848e+06  0.898433  0 
0.204043  0.294478  1.01952e+06  1.17791  0 
0.647914  0.204097  1.84512e+06  0.816388  0 
0.33914  0.225028  1.2708e+06  0.900112  0 
0.639398  0.204349  1.82928e+06  0.817395  0 
0.335527  0.225165  1.26408e+06  0.900662  0 
0.331914  0.225396  1.25736e+06  0.901584  0 
0.328172  0.2256  1.2504e+06  0.902399  0 
0.286108  0.236908  1.17216e+06  0.947633  0 
0.252559  0.254445  1.10976e+06  1.01778  0 
0.596688  0.205211  1.74984e+06  0.820843  0 
0.26172  0.250891  1.1268e+06  1.00356  0 
0.201591  0.295888  1.01496e+06  1.18355  0 
0.282366  0.237463  1.1652e+06  0.949851  0 
0.59114  0.205636  1.73952e+06  0.822545  0 
0.310237  0.226398  1.21704e+06  0.905594  0 
0.197978  0.296279  1.00824e+06  1.18512  0 
0.231269  0.263088  1.07016e+06  1.05235  0 
0.582753  0.206032  1.72392e+06  0.824126  0 
0.492946  0.210183  1.55688e+06  0.840732  0 
0.579269  0.20616  1.71744e+06  0.824642  0 
0.260172  0.251569  1.12392e+06  1.00627  0 
0.207398  0.291704  1.02576e+06  1.16681  0 
0.243398  0.259083  1.09272e+06  1.03633  0 
0.472301  0.21195  1.51848e+06  0.8478  0 
0.576559  0.2065  1.7124e+06  0.826002  0 
0.573333  0.206518  1.7064e+06  0.826073  0 
0.425591  0.214982  1.4316e+06  0.859926  0 
0.526366  0.208165  1.61904e+06  0.832659  0 
0.556301  0.20659  1.67472e+06  0.826358  0 
0.296946  0.229393  1.19232e+06  0.917573  0 
0.551398  0.206651  1.6656e+06  0.826606  0 
0.251527  0.255672  1.10784e+06  1.02269  0 
0.194495  0.300955  1.00176e+06  1.20382  0 
0.524559  0.208487  1.61568e+06  0.833948  0 
0.394366  0.218588  1.37352e+06  0.874351  0 
0.541591  0.207021  1.64736e+06  0.828082  0 
0.268301  0.247961  1.13904e+06  0.991843  0 
0.168688  0.371748  953760  1.48699  0 
0.480172  0.211221  1.53312e+06  0.844885  0 
0.419914  0.215653  1.42104e+06  0.86261  0 
0.391527  0.218903  1.36824e+06  0.875612  0 
0.53643  0.207279  1.63776e+06  0.829117  0 
0.357462  0.222784  1.30488e+06  0.891135  0 
0.452817  0.213622  1.48224e+06  0.854488  0 
0.465978  0.212826  1.50672e+06  0.851302  0 
0.447656  0.213832  1.47264e+06  0.85533  0 
0.239785  0.262261  1.086e+06  1.04905  0 
0.638237  0.204803  1.82712e+06  0.81921  0 
0.17243  0.349071  960720  1.39628  0 
0.401462  0.217847  1.38672e+06  0.871386  0 
0.35372  0.223256  1.29792e+06  0.893025  0 
0.362624  0.222344  1.31448e+06  0.889376  0 
0.228946  0.265971  1.06584e+06  1.06388  0 
0.211656  0.287897  1.03368e+06  1.15159  0 
0.348172  0.224383  1.2876e+06  0.897533  0 
0.21243  0.284249  1.03512e+06  1.137  0 
0.243914  0.258901  1.09368e+06  1.0356  0 

