3.21715e+07  1.49598e+13  5.98391e+13  5.98391e+13  0 
26.885  1.21444e+07  5.06461e+07  4.85776e+07  0 
2.98098e+07  1.38616e+13  5.54463e+13  5.54463e+13  0 
22.0647  9.89796e+06  4.16803e+07  3.95918e+07  0 
3.42218e+07  1.59131e+13  6.36525e+13  6.36525e+13  0 
1.82599e+08  8.49084e+13  3.39634e+14  3.39634e+14  0 
27.5837  1.25175e+07  5.19456e+07  5.007e+07  0 
5.23154e+08  2.43267e+14  9.73067e+14  9.73067e+14  0 
27.2957  1.23542e+07  5.14099e+07  4.94167e+07  0 
5.30118e+06  2.46505e+12  9.8602e+12  9.8602e+12  0 
41.9078  1.91568e+07  7.85885e+07  7.66272e+07  0 
22.3929  1.01055e+07  4.22908e+07  4.0422e+07  0 
29.8867  1.35492e+07  5.62292e+07  5.41969e+07  0 
26.6143  1.20524e+07  5.01426e+07  4.82096e+07  0 
6.18563e+07  2.87632e+13  1.15053e+14  1.15053e+14  0 
23.7228  1.0701e+07  4.47644e+07  4.28041e+07  0 
53.7188  2.46323e+07  1.00557e+08  9.85291e+07  0 
25.4102  1.14862e+07  4.7903e+07  4.59448e+07  0 
4.70656e+07  2.18855e+13  8.7542e+13  8.7542e+13  0 
3.24476e+07  1.50881e+13  6.03525e+13  6.03525e+13  0 
27.5491  1.2464e+07  5.18813e+07  4.98559e+07  0 
38.8476  1.77223e+07  7.28965e+07  7.08891e+07  0 
28.7139  1.30172e+07  5.40478e+07  5.20688e+07  0 
37.2177  1.69785e+07  6.98649e+07  6.79139e+07  0 
23.0117  1.03801e+07  4.34418e+07  4.15206e+07  0 
26.9386  1.21811e+07  5.07457e+07  4.87242e+07  0 
2.84193e+07  1.3215e+13  5.28598e+13  5.28598e+13  0 
6.32727e+07  2.94218e+13  1.17687e+14  1.17687e+14  0 
23.9345  1.07884e+07  4.51582e+07  4.31535e+07  0 
23.2376  1.04595e+07  4.3862e+07  4.18378e+07  0 
4.72825e+07  2.19863e+13  8.79454e+13  8.79454e+13  0 
13.7202  6.04059e+06  2.61596e+07  2.41623e+07  0 
33.6071  1.5289e+07  6.31492e+07  6.1156e+07  0 
35.7547  1.62744e+07  6.71437e+07  6.50974e+07  0 
28.4658  1.28641e+07  5.35864e+07  5.14564e+07  0 
22.4876  1.00785e+07  4.2467e+07  4.03142e+07  0 
26.3209  1.18626e+07  4.95969e+07  4.74503e+07  0 
1.34728e+09  6.26486e+14  2.50594e+15  2.50594e+15  0 
1.55966e+06  7.25243e+11  2.90097e+12  2.90097e+12  0 
23.7643  1.07368e+07  4.48415e+07  4.29472e+07  0 
29.7966  1.35223e+07  5.60616e+07  5.40891e+07  0 
31.1576  1.42027e+07  5.85931e+07  5.68106e+07  0 
23.0129  1.0358e+07  4.3444e+07  4.14321e+07  0 
27.5025  1.24582e+07  5.17946e+07  4.98326e+07  0 
9.73377e+07  4.5262e+13  1.81048e+14  1.81048e+14  0 
30.2995  1.38052e+07  5.69972e+07  5.52209e+07  0 
25.7816  1.16315e+07  4.85938e+07  4.65262e+07  0 
26.5824  1.20143e+07  5.00832e+07  4.80574e+07  0 
12.1116  5.25422e+06  2.31675e+07  2.10169e+07  0 
27.3694  1.24151e+07  5.15471e+07  4.96602e+07  0 
29.4684  1.3349e+07  5.54512e+07  5.33958e+07  0 
26.5417  1.19799e+07  5.00076e+07  4.79196e+07  0 
20.0253  8.97137e+06  3.78871e+07  3.58855e+07  0 
34.1806  1.556e+07  6.4216e+07  6.22398e+07  0 
26.6535  1.20937e+07  5.02154e+07  4.83746e+07  0 
44.5952  2.03501e+07  8.35871e+07  8.14005e+07  0 
26.7313  1.20939e+07  5.03603e+07  4.83755e+07  0 
46.0506  2.10524e+07  8.62941e+07  8.42094e+07  0 
28.7835  1.30687e+07  5.41773e+07  5.22748e+07  0 
29.2174  1.32573e+07  5.49844e+07  5.30291e+07  0 
26.9958  1.22087e+07  5.08522e+07  4.88348e+07  0 
36.9604  1.68865e+07  6.93863e+07  6.7546e+07  0 
15.1116  6.75053e+06  2.87476e+07  2.70021e+07  0 
8.18718e+06  3.80704e+12  1.52282e+13  1.52282e+13  0 
3.06565e+06  1.42553e+12  5.70212e+12  5.70211e+12  0 
25.6529  1.1589e+07  4.83543e+07  4.63561e+07  0 
2.25795e+06  1.04995e+12  4.19979e+12  4.19979e+12  0 
24.255  1.09323e+07  4.57544e+07  4.3729e+07  0 
14.5554  6.43607e+06  2.7713e+07  2.57443e+07  0 
12.4446  5.41879e+06  2.37869e+07  2.16752e+07  0 
35.7711  1.62994e+07  6.71742e+07  6.51978e+07  0 
28.9211  1.31187e+07  5.44332e+07  5.24748e+07  0 
29.4914  1.34255e+07  5.54939e+07  5.37021e+07  0 
28.6442  1.30077e+07  5.39182e+07  5.20308e+07  0 
19.7814  8.91285e+06  3.74334e+07  3.56514e+07  0 
40.4775  1.84899e+07  7.59282e+07  7.39595e+07  0 
36.9409  1.68597e+07  6.935e+07  6.74387e+07  0 
2.68076e+06  1.24655e+12  4.98621e+12  4.98621e+12  0 
26.2997  1.18274e+07  4.95575e+07  4.73094e+07  0 
26.0297  1.17892e+07  4.90552e+07  4.71568e+07  0 
36.034  1.6425e+07  6.76632e+07  6.57e+07  0 
25.4868  1.15521e+07  4.80454e+07  4.62082e+07  0 
28.4426  1.28861e+07  5.35433e+07  5.15446e+07  0 
51.9923  2.38179e+07  9.73456e+07  9.52715e+07  0 
40.1761  1.83367e+07  7.53675e+07  7.33467e+07  0 
33.7411  1.54036e+07  6.33985e+07  6.16143e+07  0 
1.4799e+07  6.88154e+12  2.75262e+13  2.75262e+13  0 
25.7147  1.15686e+07  4.84693e+07  4.62745e+07  0 
29.2825  1.32631e+07  5.51055e+07  5.30523e+07  0 
23.7085  1.07139e+07  4.47378e+07  4.28557e+07  0 
28.5663  1.29589e+07  5.37733e+07  5.18355e+07  0 
6.99736e+07  3.25377e+13  1.30151e+14  1.30151e+14  0 
1.50428e+07  6.99491e+12  2.79797e+13  2.79797e+13  0 
48.8197  2.23763e+07  9.14446e+07  8.95054e+07  0 
23.7303  1.07141e+07  4.47784e+07  4.28565e+07  0 
17.2721  7.64224e+06  3.27661e+07  3.05689e+07  0 
42.1707  1.9279e+07  7.90776e+07  7.71161e+07  0 
66.2611  3.04838e+07  1.23886e+08  1.21935e+08  0 
23.4216  1.05243e+07  4.42041e+07  4.20974e+07  0 
33.9356  1.54592e+07  6.37603e+07  6.18369e+07  0 

0.240559  0.508001  1.08744e+06  2.032  0 
0.844946  0.219143  2.2116e+06  0.876571  0 
0.646237  0.374931  1.842e+06  1.49972  0 
0.742753  0.559557  2.02152e+06  2.23823  1 
1.84322  494740  4.0684e+06  1.97896e+06  2 
4.34199  1.63327e+06  8.71611e+06  6.53307e+06  5 
5.79673  2.32256e+06  1.14219e+07  9.29024e+06  10 
6.10537  2.43062e+06  1.1996e+07  9.72247e+06  12 
6.4993  2.61992e+06  1.27287e+07  1.04797e+07  14 
6.51181  2.66689e+06  1.2752e+07  1.06676e+07  15 
8.27209  3.47438e+06  1.60261e+07  1.38975e+07  20 
11.0317  4.75418e+06  2.1159e+07  1.90167e+07  40 
11.3291  4.9239e+06  2.17121e+07  1.96956e+07  44 
12.2293  5.37196e+06  2.33865e+07  2.14878e+07  49 
14.7168  6.53537e+06  2.80132e+07  2.61415e+07  56 
20.0806  9.00792e+06  3.79899e+07  3.60317e+07  54 
20.4558  9.11483e+06  3.86877e+07  3.64593e+07  25 
21.5496  9.65196e+06  4.07223e+07  3.86079e+07  65 
24.5732  1.10571e+07  4.63462e+07  4.42284e+07  24 
21.8979  9.7958e+06  4.13701e+07  3.91832e+07  71 
12.4954  5.43287e+06  2.38814e+07  2.17315e+07  12 
7.38698  3.06815e+06  1.43798e+07  1.22726e+07  17 
14.8683  6.54462e+06  2.8295e+07  2.61785e+07  52 
12.0429  5.25528e+06  2.30398e+07  2.10211e+07  22 
23.931  1.07345e+07  4.51516e+07  4.29381e+07  11 
8.86111  3.71762e+06  1.71217e+07  1.48705e+07  23 
23.4769  1.05428e+07  4.4307e+07  4.21712e+07  9 
14.3738  6.34997e+06  2.73753e+07  2.53999e+07  72 
22.6437  1.02123e+07  4.27573e+07  4.08493e+07  65 
21.951  9.86634e+06  4.14689e+07  3.94653e+07  51 
14.0786  6.12947e+06  2.68262e+07  2.45179e+07  47 
26.0097  1.17319e+07  4.90181e+07  4.69275e+07  77 
11.9996  5.2249e+06  2.29593e+07  2.08996e+07  44 
26.9569  1.21585e+07  5.07798e+07  4.8634e+07  78 
6.03777  2.42228e+06  1.18703e+07  9.68913e+06  11 
11.1856  4.84285e+06  2.14452e+07  1.93714e+07  42 
23.5423  1.06237e+07  4.44286e+07  4.2495e+07  74 
7.39398  3.05898e+06  1.43928e+07  1.22359e+07  17 
10.5755  4.53966e+06  2.03105e+07  1.81586e+07  35 
25.6554  1.15678e+07  4.83591e+07  4.62711e+07  8 
20.2313  9.04155e+06  3.82703e+07  3.61662e+07  67 
24.5554  1.10408e+07  4.6313e+07  4.4163e+07  66 
10.6351  4.53101e+06  2.04213e+07  1.81241e+07  35 
18.2611  8.17322e+06  3.46057e+07  3.26929e+07  59 
7.80276  3.26935e+06  1.51531e+07  1.30774e+07  19 
41.2522  1.88377e+07  7.73691e+07  7.53507e+07  84 
28.1361  1.27612e+07  5.29731e+07  5.10449e+07  80 
7.7779  3.22466e+06  1.51069e+07  1.28987e+07  18 
8.87229  3.74333e+06  1.71425e+07  1.49733e+07  24 
22.0638  9.85293e+06  4.16787e+07  3.94117e+07  24 
13.5461  5.92978e+06  2.58357e+07  2.37191e+07  27 
11.2273  4.8803e+06  2.15228e+07  1.95212e+07  43 
12.4433  5.40859e+06  2.37845e+07  2.16343e+07  17 
4.00224  1.50672e+06  8.08417e+06  6.02689e+06  4 
15.9174  7.07899e+06  3.02463e+07  2.8316e+07  63 
5.1825  2.04582e+06  1.02795e+07  8.1833e+06  8 
27.2195  1.22612e+07  5.12684e+07  4.90448e+07  21 
22.0346  9.85347e+06  4.16243e+07  3.94139e+07  18 
10.3414  4.43696e+06  1.9875e+07  1.77478e+07  34 
4.75556  1.80235e+06  9.48534e+06  7.20942e+06  6 
11.072  4.82344e+06  2.12339e+07  1.92938e+07  41 
10.1051  4.3331e+06  1.94355e+07  1.73324e+07  32 
3.57611  1.27107e+06  7.29157e+06  5.08429e+06  3 
9.68338  4.14875e+06  1.86511e+07  1.6595e+07  28 
11.5218  5.02466e+06  2.20705e+07  2.00986e+07  43 
4.73429  1.8197e+06  9.44577e+06  7.27881e+06  6 
8.36937  3.50294e+06  1.6207e+07  1.40117e+07  21 
11.1445  4.7707e+06  2.13688e+07  1.90828e+07  41 
13.9717  6.1832e+06  2.66273e+07  2.47328e+07  53 
9.09028  3.84734e+06  1.75479e+07  1.53894e+07  25 
10.7064  4.57701e+06  2.0554e+07  1.83081e+07  36 
32.8059  1.48834e+07  6.1659e+07  5.95338e+07  82 
21.6113  9.72942e+06  4.08369e+07  3.89177e+07  66 
9.84876  4.17207e+06  1.89587e+07  1.66883e+07  30 
6.98994  2.88466e+06  1.36413e+07  1.15387e+07  16 
6.26068  2.54382e+06  1.22849e+07  1.01753e+07  13 
8.50723  3.63802e+06  1.64634e+07  1.45521e+07  22 
5.71662  2.24625e+06  1.12729e+07  8.985e+06  9 
22.6535  1.01522e+07  4.27756e+07  4.06089e+07  34 
21.7907  9.76568e+06  4.11707e+07  3.90627e+07  27 
9.14114  3.94161e+06  1.76425e+07  1.57664e+07  26 
12.0105  5.26794e+06  2.29795e+07  2.10718e+07  2 
25.1718  1.13228e+07  4.74595e+07  4.52911e+07  13 
19.2645  8.5832e+06  3.64719e+07  3.43328e+07  55 
10.7708  4.65069e+06  2.06737e+07  1.86028e+07  38 
9.78632  4.15786e+06  1.88426e+07  1.66314e+07  29 
28.6545  1.29648e+07  5.39375e+07  5.18593e+07  81 
10.9172  4.71631e+06  2.0946e+07  1.88652e+07  39 
10.7351  4.59717e+06  2.06073e+07  1.83887e+07  37 
9.40403  3.97031e+06  1.81315e+07  1.58813e+07  27 
10.0169  4.30923e+06  1.92714e+07  1.72369e+07  31 
24.809  1.11873e+07  4.67848e+07  4.47491e+07  70 
24.6611  1.10741e+07  4.65097e+07  4.42962e+07  67 
10.1844  4.39757e+06  1.9583e+07  1.75903e+07  33 
24.8874  1.12684e+07  4.69306e+07  4.50734e+07  71 
11.835  5.16134e+06  2.26532e+07  2.06453e+07  14 
12.5115  5.4561e+06  2.39114e+07  2.18244e+07  66 
4.80625  1.83931e+06  9.57963e+06  7.35723e+06  7 
18.0108  7.97869e+06  3.41401e+07  3.19148e+07  35 
21.4916  9.66749e+06  4.06144e+07  3.86699e+07  64 

0.198882  0.549859  1.00992e+06  2.19943  0 
0.855914  0.211786  2.232e+06  0.847145  0 
0.567011  0.271512  1.69464e+06  1.08605  0 
0.471011  0.371217  1.51608e+06  1.48487  0 
0.527914  0.412228  1.62192e+06  1.64891  1 
0.65643  0.363117  1.86096e+06  1.45247  1 
0.871785  0.319858  2.26152e+06  1.27943  1 
0.68572  0.404911  1.91544e+06  1.61965  2 
0.546237  0.473702  1.656e+06  1.89481  2 
0.775914  0.370376  2.0832e+06  1.4815  2 
0.776407  12949.6  2.08412e+06  51798.4  3 
0.899913  50460.1  2.31384e+06  201840  4 
0.967169  14833.9  2.43893e+06  59335.7  4 
0.96036  98547.6  2.42627e+06  394190  5 
1.06393  82688.8  2.61891e+06  330755  5 
1.69456  360512  3.79189e+06  1.44205e+06  6 
1.62768  395230  3.66748e+06  1.58092e+06  6 
1.65369  379186  3.71586e+06  1.51675e+06  6 
1.70671  455083  3.81449e+06  1.82033e+06  7 
1.78698  444886  3.96378e+06  1.77954e+06  7 
1.85606  487806  4.09226e+06  1.95123e+06  8 
2.04891  563742  4.45097e+06  2.25497e+06  9 
2.3175  682160  4.95056e+06  2.72864e+06  11 
2.95828  1.03316e+06  6.14239e+06  4.13264e+06  13 
3.29084  1.14184e+06  6.76096e+06  4.56736e+06  14 
3.29244  1.14042e+06  6.76394e+06  4.5617e+06  14 
3.34429  1.16843e+06  6.86038e+06  4.67374e+06  15 
3.41226  1.20658e+06  6.98681e+06  4.82633e+06  16 
3.52029  1.2687e+06  7.18775e+06  5.07479e+06  17 
3.46747  1.2838e+06  7.0895e+06  5.13518e+06  17 
3.83225  1.36234e+06  7.76798e+06  5.44935e+06  19 
4.09222  1.58438e+06  8.25153e+06  6.33753e+06  20 
4.46297  1.69702e+06  8.94112e+06  6.78808e+06  22 
4.6259  1.80194e+06  9.24417e+06  7.20777e+06  23 
4.72836  1.78161e+06  9.43475e+06  7.12643e+06  23 
4.77656  1.83186e+06  9.52441e+06  7.32745e+06  25 
4.76402  1.83473e+06  9.50107e+06  7.33892e+06  24 
4.82176  1.86302e+06  9.60847e+06  7.45207e+06  26 
4.79563  1.87373e+06  9.55988e+06  7.49492e+06  26 
4.92467  1.92329e+06  9.79989e+06  7.69317e+06  27 
5.1301  2.07516e+06  1.0182e+07  8.30063e+06  28 
5.16396  1.99382e+06  1.0245e+07  7.97528e+06  28 
5.30151  2.06552e+06  1.05008e+07  8.26209e+06  29 
5.58794  2.23441e+06  1.10336e+07  8.93764e+06  30 
5.62175  2.25632e+06  1.10965e+07  9.02526e+06  31 
5.90371  2.37152e+06  1.16209e+07  9.48609e+06  32 
6.40565  2.61579e+06  1.25545e+07  1.04632e+07  33 
6.41854  2.59886e+06  1.25785e+07  1.03955e+07  33 
6.84794  2.79919e+06  1.33772e+07  1.11968e+07  34 
7.28758  3.01034e+06  1.41949e+07  1.20414e+07  35 
7.34504  3.00269e+06  1.43018e+07  1.20107e+07  35 
7.63965  3.18018e+06  1.48497e+07  1.27207e+07  36 
7.90825  3.37144e+06  1.53493e+07  1.34857e+07  38 
8.03024  3.36804e+06  1.55763e+07  1.34722e+07  38 
8.17381  3.44596e+06  1.58433e+07  1.37839e+07  39 
8.29758  3.51756e+06  1.60735e+07  1.40702e+07  40 
10.9568  4.73389e+06  2.10197e+07  1.89355e+07  47 
11.0198  4.72526e+06  2.11369e+07  1.8901e+07  47 
11.4404  4.94766e+06  2.19192e+07  1.97906e+07  48 
11.5929  5.06531e+06  2.22029e+07  2.02613e+07  49 
11.6588  5.08362e+06  2.23253e+07  2.03345e+07  50 
12.101  5.25843e+06  2.31479e+07  2.10337e+07  52 
12.1587  5.29224e+06  2.32553e+07  2.11689e+07  53 
13.8108  6.01951e+06  2.6328e+07  2.4078e+07  54 
17.5163  7.79891e+06  3.32203e+07  3.11956e+07  55 
23.1781  1.04318e+07  4.37512e+07  4.1727e+07  61 
24.2879  1.09595e+07  4.58154e+07  4.38381e+07  62 
24.615  1.1077e+07  4.64239e+07  4.43081e+07  64 
24.7951  1.11633e+07  4.67589e+07  4.46531e+07  65 
25.1701  1.12877e+07  4.74564e+07  4.51507e+07  66 
27.3744  1.23272e+07  5.15563e+07  4.93087e+07  71 
27.86  1.25763e+07  5.24595e+07  5.03053e+07  72 
28.9442  1.31027e+07  5.44762e+07  5.24107e+07  73 
30.189  1.36988e+07  5.67915e+07  5.47952e+07  74 
21.9772  9.87648e+06  4.15176e+07  3.95059e+07  59 
11.4567  4.94084e+06  2.19495e+07  1.97634e+07  48 
4.77512  1.82021e+06  9.52173e+06  7.28085e+06  24 
10.0412  4.3119e+06  1.93166e+07  1.72476e+07  44 
7.75988  3.2098e+06  1.50734e+07  1.28392e+07  37 
3.65235  1.32434e+06  7.43336e+06  5.29737e+06  18 
9.31222  3.91148e+06  1.79607e+07  1.56459e+07  43 
50.5176  2.31269e+07  9.46027e+07  9.25077e+07  75 
10.472  4.49765e+06  2.0118e+07  1.79906e+07  46 
25.2272  1.1362e+07  4.75626e+07  4.5448e+07  67 
22.2546  9.98854e+06  4.20335e+07  3.99542e+07  60 
24.3511  1.09773e+07  4.5933e+07  4.39091e+07  63 
25.6617  1.15241e+07  4.83708e+07  4.60963e+07  68 
18.7842  8.32946e+06  3.55786e+07  3.33178e+07  56 
10.2455  4.38777e+06  1.96967e+07  1.75511e+07  45 
21.8442  9.78719e+06  4.12701e+07  3.91488e+07  58 
11.9302  5.20823e+06  2.28302e+07  2.08329e+07  51 
8.8825  3.744e+06  1.71614e+07  1.4976e+07  41 
20.4648  9.09014e+06  3.87046e+07  3.63605e+07  57 
4.31802  1.60142e+06  8.67152e+06  6.40569e+06  21 
26.1106  1.17735e+07  4.92058e+07  4.7094e+07  69 
9.03779  3.82209e+06  1.74503e+07  1.52884e+07  42 
2.30838  655056  4.93358e+06  2.62022e+06  10 
4.74872  1.86476e+06  9.47262e+06  7.45902e+06  24 
2.57729  836858  5.43375e+06  3.34743e+06  12 
26.4723  1.19302e+07  4.98786e+07  4.7721e+07  70 

0.18843  0.54726  990480  2.18904  0 
0.847398  0.210014  2.21616e+06  0.840057  0 
0.547785  0.260268  1.65888e+06  1.04107  0 
0.376946  0.372671  1.34112e+06  1.49068  0 
0.477075  0.301958  1.52736e+06  1.20783  0 
0.424817  0.322788  1.43016e+06  1.29115  0 
0.80172  0.227456  2.1312e+06  0.909825  0 
0.404559  0.333092  1.39248e+06  1.33237  0 
0.726237  0.243821  1.9908e+06  0.975284  0 
0.395219  2137.19  1.37511e+06  8548.78  1 
0.558624  0.305388  1.67904e+06  1.22155  1 
0.532301  0.356403  1.63008e+06  1.42561  2 
0.564043  0.304508  1.68912e+06  1.21803  1 
0.540688  0.313627  1.64568e+06  1.25451  1 
0.62443  0.286352  1.80144e+06  1.14541  1 
0.658108  0.279897  1.86408e+06  1.11959  1 
0.612688  0.289442  1.7796e+06  1.15777  1 
0.518753  0.383762  1.60488e+06  1.53505  2 
0.409075  0.516835  1.40088e+06  2.06734  1 
0.611269  0.293544  1.77696e+06  1.17417  1 
0.422366  0.444942  1.4256e+06  1.77977  1 
0.466108  0.406217  1.50696e+06  1.62487  2 
0.527398  0.380461  1.62096e+06  1.52184  2 
0.529978  0.398979  1.62576e+06  1.59592  3 
0.572172  0.346809  1.70424e+06  1.38724  2 
0.709591  0.287658  1.95984e+06  1.15063  2 
0.799785  0.280915  2.1276e+06  1.12366  2 
0.735785  0.281571  2.00856e+06  1.12628  2 
0.691527  0.317048  1.92624e+06  1.26819  2 
0.670882  0.339924  1.88784e+06  1.3597  2 
0.523785  0.442989  1.61424e+06  1.77196  3 
0.428301  0.509038  1.43664e+06  2.03615  2 
0.548559  0.49226  1.66032e+06  1.96904  4 
0.577849  0.357762  1.7148e+06  1.43105  3 
0.749204  0.304416  2.03352e+06  1.21766  3 
0.775785  0.293496  2.08296e+06  1.17398  3 
0.735785  0.322756  2.00856e+06  1.29102  3 
0.701978  0.347374  1.94568e+06  1.3895  3 
0.711011  0.345118  1.96248e+06  1.38047  3 
0.730366  0.354045  1.99848e+06  1.41618  4 
0.607398  0.358593  1.76976e+06  1.43437  4 
0.743269  0.339015  2.02248e+06  1.35606  4 
0.572164  4436.99  1.70423e+06  17748  5 
0.730882  0.357202  1.99944e+06  1.42881  5 
0.652301  0.386385  1.85328e+06  1.54554  5 
0.647398  0.50805  1.84416e+06  2.0322  5 
0.699011  0.382882  1.94016e+06  1.53153  5 
0.673849  0.387397  1.89336e+06  1.54959  6 
0.799785  0.36066  2.1276e+06  1.44264  6 
0.663269  0.439551  1.87368e+06  1.75821  6 
0.769978  0.415344  2.07216e+06  1.66137  7 
0.745018  51873.9  2.02573e+06  207495  7 
0.916432  60781.4  2.34456e+06  243126  8 
0.918142  54496.3  2.34774e+06  217985  8 
0.841214  83524.9  2.20466e+06  334100  8 
0.906287  68544  2.32569e+06  274176  8 
0.966519  72431.6  2.43772e+06  289726  9 
1.00846  57372.6  2.51573e+06  229490  9 
0.98483  92766.2  2.47178e+06  371065  10 
1.03287  158366  2.56114e+06  633463  11 
1.15841  133880  2.79464e+06  535522  11 
1.10425  151357  2.69391e+06  605428  11 
1.19209  204864  2.85729e+06  819455  12 
1.37435  275392  3.19629e+06  1.10157e+06  13 
1.39101  332161  3.22728e+06  1.32865e+06  14 
1.40977  331643  3.26217e+06  1.32657e+06  14 
1.54898  373094  3.5211e+06  1.49238e+06  15 
1.41325  387921  3.26864e+06  1.55168e+06  15 
1.62644  363995  3.66518e+06  1.45598e+06  15 
1.56571  409734  3.55221e+06  1.63894e+06  16 
1.68273  424671  3.76988e+06  1.69868e+06  17 
1.77921  426511  3.94932e+06  1.70605e+06  18 
1.7883  451259  3.96623e+06  1.80504e+06  19 
1.79001  461655  3.96942e+06  1.84662e+06  20 
1.87743  575507  4.13202e+06  2.30203e+06  21 
2.2728  645111  4.8674e+06  2.58045e+06  22 
2.41858  728982  5.13857e+06  2.91593e+06  23 
2.58549  896114  5.44901e+06  3.58445e+06  24 
2.67903  817390  5.623e+06  3.26956e+06  24 
2.95738  1.04876e+06  6.14073e+06  4.19505e+06  25 
2.99052  1.06111e+06  6.20236e+06  4.24444e+06  26 
3.022  1.05343e+06  6.26093e+06  4.21373e+06  26 
2.99888  1.12566e+06  6.21791e+06  4.50263e+06  27 
3.25232  1.14841e+06  6.68931e+06  4.59363e+06  28 
3.37637  1.21257e+06  6.92006e+06  4.8503e+06  29 
3.62975  1.28257e+06  7.39133e+06  5.13029e+06  30 
3.72024  1.36569e+06  7.55965e+06  5.46277e+06  31 
3.97185  1.56465e+06  8.02764e+06  6.2586e+06  32 
4.23138  1.62017e+06  8.51037e+06  6.48069e+06  33 
4.35441  1.6688e+06  8.7392e+06  6.67521e+06  34 
4.46938  1.73606e+06  8.95306e+06  6.94426e+06  35 
4.52472  1.69039e+06  9.05598e+06  6.76158e+06  35 
4.71095  1.89123e+06  9.40237e+06  7.56493e+06  36 
4.88752  1.92246e+06  9.73078e+06  7.68982e+06  37 
5.10624  2.06826e+06  1.01376e+07  8.27305e+06  38 
5.4811  2.22529e+06  1.08348e+07  8.90117e+06  39 
5.46465  2.29546e+06  1.08042e+07  9.18185e+06  39 
5.53494  2.28891e+06  1.0935e+07  9.15563e+06  40 
6.46771  2.64926e+06  1.26699e+07  1.05971e+07  41 
0.429333  0.356099  1.43856e+06  1.4244  1 

0.176301  0.548684  967920  2.19474  0 
0.857462  0.206857  2.23488e+06  0.827426  0 
0.529204  0.236882  1.62432e+06  0.947527  0 
0.317075  0.313524  1.22976e+06  1.2541  0 
0.452688  0.253303  1.482e+06  1.01321  0 
0.257462  0.45812  1.11888e+06  1.83248  0 
0.273204  0.377192  1.14816e+06  1.50877  0 
0.411398  0.269767  1.4052e+06  1.07907  0 
0.779785  0.214512  2.0904e+06  0.858049  0 
0.388817  0.301288  1.3632e+06  1.20515  0 
0.74172  0.227388  2.0196e+06  0.909552  0 
0.35372  0.305906  1.29792e+06  1.22363  0 
0.699914  0.230586  1.94184e+06  0.922342  0 
0.691011  0.234259  1.92528e+06  0.937036  0 
0.397978  0.302596  1.38024e+06  1.21038  0 
0.54843  0.259365  1.66008e+06  1.03746  0 
0.567656  0.249758  1.69584e+06  0.999031  1 
0.367269  0.312505  1.32312e+06  1.25002  2 
0.704946  0.244859  1.9512e+06  0.979438  1 
0.317204  0.396962  1.23e+06  1.58785  1 
0.426366  0.280609  1.43304e+06  1.12244  0 
0.509978  0.264673  1.58856e+06  1.05869  1 
0.509462  0.267433  1.5876e+06  1.06973  1 
0.28838  817.406  1.17639e+06  3269.62  1 
0.362237  0.337375  1.31376e+06  1.3495  1 
0.312301  0.443241  1.22088e+06  1.77296  1 
0.336043  0.341688  1.26504e+06  1.36675  1 
0.424172  0.297943  1.42896e+06  1.19177  2 
0.46972  0.273035  1.51368e+06  1.09214  2 
0.628172  0.247193  1.8084e+06  0.988772  1 
0.298366  0.473492  1.19496e+06  1.89397  1 
0.303914  0.465575  1.20528e+06  1.8623  2 
0.338495  0.419344  1.2696e+06  1.67738  3 
0.436172  0.298299  1.45128e+06  1.1932  0 
0.510366  0.275245  1.58928e+06  1.10098  0 
0.370753  0.31384  1.3296e+06  1.25536  1 
0.322753  0.423244  1.24032e+06  1.69298  4 
0.443011  0.283348  1.464e+06  1.13339  0 
0.752817  0.255399  2.04024e+06  1.0216  0 
0.55372  0.263726  1.66992e+06  1.0549  1 
0.700946  0.256451  1.94376e+06  1.0258  0 
0.350495  0.36006  1.29192e+06  1.44024  4 
0.626108  0.258119  1.80456e+06  1.03248  1 
0.335656  0.420601  1.26432e+06  1.68241  3 
0.533591  0.27448  1.63248e+06  1.09792  0 
0.575269  0.259172  1.71e+06  1.03669  1 
0.302237  0.483115  1.20216e+06  1.93246  2 
0.312688  0.481051  1.2216e+06  1.9242  0 
0.319269  0.428444  1.23384e+06  1.71377  2 
0.299011  0.487396  1.19616e+06  1.94958  4 
0.472301  0.282277  1.51848e+06  1.12911  2 
0.754495  0.252603  2.04336e+06  1.01041  0 
0.316043  0.528332  1.22784e+06  2.11333  0 
0.636043  0.267611  1.82304e+06  1.07044  2 
0.347656  0.427527  1.28664e+06  1.71011  2 
0.368817  0.372544  1.326e+06  1.49018  3 
0.320043  0.456988  1.23528e+06  1.82795  3 
0.30843  0.554805  1.21368e+06  2.21922  0 
0.391656  0.351519  1.36848e+06  1.40608  3 
0.681333  0.2627  1.90728e+06  1.0508  0 
0.449462  0.298501  1.476e+06  1.19401  1 
0.408817  0.33815  1.4004e+06  1.3526  0 
0.56043  0.269405  1.6824e+06  1.07762  2 
0.463011  0.283911  1.5012e+06  1.13564  1 
0.461849  0.29603  1.49904e+06  1.18412  0 
0.392172  0.34601  1.36944e+06  1.38404  1 
0.363527  0.398548  1.31616e+06  1.59419  2 
0.377204  0.368275  1.3416e+06  1.4731  1 
0.409075  0.323049  1.40088e+06  1.29219  1 
0.533204  0.279  1.63176e+06  1.116  3 
0.324708  1809.69  1.24396e+06  7238.75  0 
0.420172  0.325497  1.42152e+06  1.30199  2 
0.413849  0.352047  1.40976e+06  1.40819  2 
0.468817  0.306606  1.512e+06  1.22643  0 
0.370495  0.38563  1.32912e+06  1.54252  0 
0.402882  0.379567  1.38936e+06  1.51827  5 
0.378624  0.382436  1.34424e+06  1.52974  1 
0.334882  0.460669  1.26288e+06  1.84268  3 
0.515785  0.288025  1.59936e+06  1.1521  3 
0.620301  0.269942  1.79376e+06  1.07977  0 
0.685204  0.263134  1.91448e+06  1.05254  3 
0.555011  0.283642  1.67232e+06  1.13457  3 
0.46172  0.317282  1.4988e+06  1.26913  0 
0.358495  0.439251  1.3068e+06  1.757  0 
0.455785  0.324252  1.48776e+06  1.29701  0 
0.46972  0.296663  1.51368e+06  1.18665  1 
0.424301  0.331011  1.4292e+06  1.32404  4 
0.360559  0.491626  1.31064e+06  1.9665  5 
0.578882  0.285021  1.71672e+06  1.14008  2 
0.496172  0.310739  1.56288e+06  1.24296  0 
0.381462  0.40008  1.34952e+06  1.60032  1 
0.373591  0.420726  1.33488e+06  1.6829  4 
0.376043  0.405973  1.33944e+06  1.62389  3 
0.48714  0.317372  1.54608e+06  1.26949  3 
0.458753  0.334141  1.49328e+06  1.33656  0 
0.547656  0.312229  1.65864e+06  1.24892  1 
0.448817  0.345477  1.4748e+06  1.38191  4 
0.431398  0.359409  1.4424e+06  1.43764  0 
0.448946  0.391009  1.47504e+06  1.56404  0 
0.455656  0.348261  1.48752e+06  1.39304  5 

0.176301  0.548684  967920  2.19474  0 
0.848172  0.206836  2.2176e+06  0.827344  0 
0.530624  0.231561  1.62696e+06  0.926243  0 
0.290366  0.305361  1.18008e+06  1.22144  0 
0.466237  0.235411  1.5072e+06  0.941642  0 
0.228559  0.447258  1.06512e+06  1.78903  0 
0.231269  0.389465  1.07016e+06  1.55786  0 
0.403527  0.249313  1.39056e+06  0.997252  0 
0.34972  0.261828  1.29048e+06  1.04731  0 
0.251527  0.35493  1.10784e+06  1.41972  0 
0.319785  0.278451  1.2348e+06  1.1138  0 
0.769075  0.208767  2.07048e+06  0.835069  0 
0.27114  0.334898  1.14432e+06  1.33959  0 
0.746237  0.218717  2.028e+06  0.874868  0 
0.702624  0.22059  1.94688e+06  0.882359  0 
0.646882  0.222351  1.8432e+06  0.889405  0 
0.458624  0.242085  1.49304e+06  0.968341  0 
0.639656  0.224777  1.82976e+06  0.899107  0 
0.599785  0.224885  1.7556e+06  0.899538  0 
0.313591  0.298215  1.22328e+06  1.19286  0 
0.335914  0.272811  1.2648e+06  1.09124  0 
0.450108  0.244744  1.4772e+06  0.978976  0 
0.400301  0.256685  1.38456e+06  1.02674  0 
0.55514  0.228894  1.67256e+06  0.915576  0 
0.303269  0.303777  1.20408e+06  1.21511  0 
0.288946  0.314565  1.17744e+06  1.25826  0 
0.73914  0.220039  2.0148e+06  0.880155  0 
0.64443  0.224382  1.83864e+06  0.897527  0 
0.411656  0.249295  1.40568e+06  0.997179  0 
0.277333  0.336683  1.15584e+06  1.34673  0 
0.234237  0.393213  1.07568e+06  1.57285  0 
0.366237  0.271902  1.3212e+06  1.08761  0 
0.508043  0.235668  1.58496e+06  0.942673  0 
0.60443  0.228576  1.76424e+06  0.914304  0 
0.320817  0.312498  1.23672e+06  1.24999  0 
0.466624  0.242112  1.50792e+06  0.968447  0 
0.345075  0.27611  1.28184e+06  1.10444  0 
0.415785  0.258847  1.41336e+06  1.03539  0 
0.438624  0.250607  1.45584e+06  1.00243  0 
0.351527  0.273053  1.29384e+06  1.09221  0 
0.404301  0.268814  1.392e+06  1.07526  0 
0.501462  0.235695  1.57272e+06  0.94278  0 
0.566495  0.229427  1.69368e+06  0.917708  0 
0.575914  0.229292  1.7112e+06  0.917169  0 
0.65914  0.224894  1.866e+06  0.899577  0 
0.433978  0.254763  1.4472e+06  1.01905  0 
0.437978  0.253133  1.45464e+06  1.01253  0 
0.338624  0.281524  1.26984e+06  1.1261  0 
0.660301  0.223287  1.86816e+06  0.89315  0 
0.272817  0.369608  1.14744e+06  1.47843  0 
0.558366  0.233606  1.67856e+06  0.934424  0 
0.440817  0.250184  1.45992e+06  1.00074  0 
0.627785  0.225727  1.80768e+06  0.902909  0 
0.290882  0.320743  1.18104e+06  1.28297  0 
0.775398  0.220256  2.08224e+06  0.881022  0 
0.455785  0.250078  1.48776e+06  1.00031  0 
0.554624  0.235627  1.6716e+06  0.942509  0 
0.733978  0.222287  2.0052e+06  0.88915  0 
0.565075  0.235795  1.69104e+06  0.943178  0 
0.893333  0.22086  2.3016e+06  0.883441  0 
0.314495  0.342394  1.22496e+06  1.36957  0 
0.35243  0.295126  1.29552e+06  1.18051  0 
0.592301  0.231549  1.74168e+06  0.926195  0 
0.387785  0.275149  1.36128e+06  1.1006  0 
0.362237  0.287052  1.31376e+06  1.14821  0 
0.471398  0.249262  1.5168e+06  0.997049  0 
0.528688  0.239695  1.62336e+06  0.958779  0 
0.516043  0.242999  1.59984e+06  0.971994  0 
0.277849  0.434782  1.1568e+06  1.73913  0 
0.450366  0.25195  1.47768e+06  1.0078  0 
0.557204  0.236435  1.6764e+06  0.945739  0 
0.412559  0.27087  1.40736e+06  1.08348  0 
0.645333  0.229182  1.84032e+06  0.916729  0 
0.560043  0.235902  1.68168e+06  0.943609  0 
0.340559  0.299031  1.27344e+06  1.19612  0 
0.449849  0.266407  1.47672e+06  1.06563  0 
0.239527  0.453195  1.08552e+06  1.81278  0 
0.682495  0.223512  1.90944e+06  0.894049  0 
0.668688  0.22367  1.88376e+06  0.894682  0 
0.481333  0.245803  1.53528e+06  0.983213  0 
0.284946  0.365082  1.17e+06  1.46033  0 
0.325075  0.341271  1.24464e+06  1.36508  0 
0.422624  0.267957  1.42608e+06  1.07183  0 
0.430366  0.267499  1.44048e+06  1.06999  0 
0.536301  0.237465  1.63752e+06  0.949858  0 
0.48314  0.243027  1.53864e+06  0.972107  0 
0.267527  0.434893  1.1376e+06  1.73957  0 
0.519011  0.240944  1.60536e+06  0.963777  0 
0.358366  0.308039  1.30656e+06  1.23216  0 
0.544688  0.244208  1.65312e+06  0.976833  0 
0.568043  0.242779  1.69656e+06  0.971118  0 
0.291656  0.415162  1.18248e+06  1.66065  0 
0.485849  0.247849  1.54368e+06  0.991394  0 
0.405075  0.277034  1.39344e+06  1.10813  0 
0.365591  0.304139  1.32e+06  1.21656  0 
0.65114  0.233581  1.85112e+06  0.934326  0 
0.545204  0.243163  1.65408e+06  0.972653  0 
0.369333  0.289665  1.32696e+06  1.15866  0 
0.452946  0.264057  1.48248e+06  1.05623  0 
0.692688  0.230276  1.9284e+06  0.921104  0 

0.173978  0.548584  963600  2.19434  0 
0.851656  0.20552  2.22408e+06  0.822079  0 
0.509204  0.217981  1.58712e+06  0.871926  0 
0.255527  0.296022  1.11528e+06  1.18409  0 
0.418624  0.22628  1.41864e+06  0.905119  0 
0.36314  0.240545  1.31544e+06  0.962179  0 
0.209978  0.466607  1.03056e+06  1.86643  0 
0.21243  0.369288  1.03512e+06  1.47715  0 
0.324559  0.256006  1.24368e+06  1.02402  0 
0.290753  0.263409  1.1808e+06  1.05364  0 
0.229591  0.335959  1.06704e+06  1.34384  0 
0.747914  0.208395  2.03112e+06  0.833579  0 
0.35372  0.24143  1.29792e+06  0.96572  0 
0.67114  0.209757  1.88832e+06  0.83903  0 
0.335269  0.248105  1.2636e+06  0.992419  0 
0.483914  0.218997  1.54008e+06  0.875988  0 
0.663914  0.210909  1.87488e+06  0.843636  0 
0.39243  0.23398  1.36992e+06  0.93592  0 
0.57114  0.211871  1.70232e+06  0.847486  0 
0.28043  0.291575  1.1616e+06  1.1663  0 
0.251914  0.310428  1.10856e+06  1.24171  0 
0.460559  0.222939  1.49664e+06  0.891756  0 
0.385978  0.237655  1.35792e+06  0.95062  0 
0.564043  0.215488  1.68912e+06  0.861954  0 
0.522753  0.216322  1.61232e+06  0.865289  0 
0.376301  0.238935  1.33992e+06  0.955741  0 
0.347398  0.247436  1.28616e+06  0.989746  0 
0.252043  0.396637  1.1088e+06  1.58655  0 
0.295398  0.295653  1.18944e+06  1.18261  0 
0.264559  0.321398  1.13208e+06  1.28559  0 
0.706108  0.210781  1.95336e+06  0.843123  0 
0.681462  0.213211  1.90752e+06  0.852842  0 
0.747398  0.210458  2.03016e+06  0.841832  0 
0.234882  0.41809  1.07688e+06  1.67236  0 
0.265849  0.317004  1.13448e+06  1.26801  0 
0.510237  0.219701  1.58904e+06  0.878805  0 
0.470624  0.223255  1.51536e+06  0.893021  0 
0.292559  0.310835  1.18416e+06  1.24334  0 
0.469978  0.224137  1.51416e+06  0.896547  0 
0.308946  0.277687  1.21464e+06  1.11075  0 
0.496301  0.223032  1.56312e+06  0.892129  0 
0.356817  0.242982  1.30368e+06  0.97193  0 
0.397591  0.235554  1.37952e+06  0.942217  0 
0.404559  0.23404  1.39248e+06  0.936159  0 
0.352559  0.250256  1.29576e+06  1.00102  0 
0.376946  0.239225  1.34112e+06  0.9569  0 
0.326753  0.259223  1.24776e+06  1.03689  0 
0.505075  0.220682  1.57944e+06  0.882726  0 
0.58972  0.215179  1.73688e+06  0.860716  0 
0.611785  0.213934  1.77792e+06  0.855734  0 
0.32843  0.257856  1.25088e+06  1.03142  0 
0.552688  0.216638  1.668e+06  0.86655  0 
0.446108  0.227619  1.46976e+06  0.910475  0 
0.314237  0.274776  1.22448e+06  1.09911  0 
0.35514  0.247964  1.30056e+06  0.991857  0 
0.220043  0.538424  1.04928e+06  2.15369  0 
0.253591  0.329604  1.11168e+06  1.31842  0 
0.232301  0.53536  1.07208e+06  2.14144  0 
0.252688  0.346529  1.11e+06  1.38612  0 
0.352043  0.254728  1.2948e+06  1.01891  0 
0.523398  0.218921  1.61352e+06  0.875684  0 
0.296301  0.29115  1.19112e+06  1.1646  0 
0.563785  0.21636  1.68864e+06  0.865438  0 
0.686495  0.212398  1.91688e+06  0.849593  0 
0.212043  0.548733  1.0344e+06  2.19493  0 
0.575398  0.215409  1.71024e+06  0.861637  0 
0.442366  0.228867  1.4628e+06  0.915468  0 
0.431269  0.231059  1.44216e+06  0.924237  0 
0.647011  0.213878  1.84344e+06  0.855513  0 
0.533333  0.218308  1.632e+06  0.873231  0 
0.764817  0.209223  2.06256e+06  0.836893  0 
0.663785  0.213212  1.87464e+06  0.852848  0 
0.469462  0.226823  1.5132e+06  0.907291  0 
0.491398  0.2257  1.554e+06  0.9028  0 
0.581591  0.216629  1.72176e+06  0.866515  0 
0.303398  0.307201  1.20432e+06  1.2288  0 
0.690237  0.212981  1.92384e+06  0.851923  0 
0.357204  0.247572  1.3044e+06  0.990289  0 
0.565462  0.21777  1.69176e+06  0.87108  0 
0.400559  0.235583  1.38504e+06  0.942332  0 
0.338495  0.265326  1.2696e+06  1.06131  0 
0.382108  0.242027  1.35072e+06  0.968109  0 
0.316172  0.30097  1.22808e+06  1.20388  0 
0.283269  0.319774  1.16688e+06  1.2791  0 
0.371656  0.243269  1.33128e+06  0.973077  0 
0.216043  0.548766  1.04184e+06  2.19506  0 
0.522495  0.220314  1.61184e+06  0.881255  0 
0.500301  0.22441  1.57056e+06  0.897639  0 
0.469333  0.229034  1.51296e+06  0.916134  0 
0.706624  0.211546  1.95432e+06  0.846185  0 
0.546882  0.219581  1.6572e+06  0.878322  0 
0.255656  0.332661  1.11552e+06  1.33064  0 
0.505591  0.223166  1.5804e+06  0.892663  0 
0.389591  0.240768  1.36464e+06  0.963071  0 
0.240817  0.461774  1.08792e+06  1.8471  0 
0.39243  0.239542  1.36992e+06  0.958167  0 
0.725462  0.21124  1.98936e+06  0.844961  0 
0.452172  0.232808  1.48104e+06  0.931231  0 
0.356301  0.253194  1.30272e+06  1.01277  0 
0.244688  0.448398  1.09512e+06  1.79359  0 

0.173137  329.377  962035  1317.51  0 
0.86443  0.20533  2.24784e+06  0.821322  0 
0.17772  0.552062  970560  2.20825  0 
0.512688  0.214363  1.5936e+06  0.857452  0 
0.249591  0.281839  1.10424e+06  1.12736  0 
0.178366  0.470996  971760  1.88398  0 
0.450753  0.222306  1.4784e+06  0.889223  0 
0.39372  0.227687  1.37232e+06  0.910747  0 
0.33772  0.237069  1.26816e+06  0.948275  0 
0.205849  0.406676  1.02288e+06  1.6267  0 
0.213333  0.366293  1.0368e+06  1.46517  0 
0.216301  0.325704  1.04232e+06  1.30281  0 
0.304688  0.249827  1.20672e+06  0.999308  0 
0.284559  0.255747  1.16928e+06  1.02299  0 
0.229462  0.30655  1.0668e+06  1.2262  0 
0.190366  0.454325  994080  1.8173  0 
0.271527  0.271666  1.14504e+06  1.08667  0 
0.379785  0.228344  1.3464e+06  0.913375  0 
0.833591  0.206575  2.19048e+06  0.826301  0 
0.264172  0.272458  1.13136e+06  1.08983  0 
0.242237  0.2964  1.09056e+06  1.1856  0 
0.797462  0.207279  2.12328e+06  0.829117  0 
0.320172  0.242786  1.23552e+06  0.971145  0 
0.27772  0.263876  1.15656e+06  1.0555  0 
0.373075  0.230227  1.33392e+06  0.920909  0 
0.312172  0.243437  1.22064e+06  0.973747  0 
0.741204  0.208173  2.01864e+06  0.83269  0 
0.731011  0.208333  1.99968e+06  0.833333  0 
0.650882  0.208361  1.85064e+06  0.833443  0 
0.506753  0.216918  1.58256e+06  0.867672  0 
0.496817  0.217104  1.56408e+06  0.868415  0 
0.36714  0.231913  1.32288e+06  0.927653  0 
0.439914  0.222676  1.45824e+06  0.890705  0 
0.594753  0.209678  1.74624e+06  0.838711  0 
0.353075  0.232447  1.29672e+06  0.929787  0 
0.476817  0.217718  1.52688e+06  0.870873  0 
0.205978  0.402138  1.02312e+06  1.60855  0 
0.208817  0.379549  1.0284e+06  1.5182  0 
0.573978  0.210479  1.7076e+06  0.841916  0 
0.430366  0.223838  1.44048e+06  0.895352  0 
0.567527  0.210566  1.6956e+06  0.842263  0 
0.274495  0.267393  1.15056e+06  1.06957  0 
0.545591  0.211291  1.6548e+06  0.845165  0 
0.419656  0.224879  1.42056e+06  0.899514  0 
0.414624  0.22514  1.4112e+06  0.90056  0 
0.254108  0.279335  1.11264e+06  1.11734  0 
0.227011  0.321395  1.06224e+06  1.28558  0 
0.470753  0.220413  1.5156e+06  0.881651  0 
0.541204  0.212647  1.64664e+06  0.850586  0 
0.290108  0.254126  1.1796e+06  1.0165  0 
0.214753  0.346967  1.03944e+06  1.38787  0 
0.412688  0.226176  1.4076e+06  0.904703  0 
0.406366  0.226222  1.39584e+06  0.904888  0 
0.331011  0.241322  1.25568e+06  0.965288  0 
0.203269  0.453147  1.01808e+06  1.81259  0 
0.405462  0.226391  1.39416e+06  0.905565  0 
0.241462  0.304709  1.08912e+06  1.21884  0 
0.310882  0.249107  1.21824e+06  0.996427  0 
0.197333  0.45365  1.00704e+06  1.8146  0 
0.534495  0.213724  1.63416e+06  0.854896  0 
0.362882  0.231927  1.31496e+06  0.92771  0 
0.470237  0.220752  1.51464e+06  0.88301  0 
0.468301  0.22185  1.51104e+06  0.887401  0 
0.402624  0.227506  1.38888e+06  0.910023  0 
0.362753  0.231937  1.31472e+06  0.927749  0 
0.461333  0.222214  1.49808e+06  0.888856  0 
0.458495  0.222233  1.4928e+06  0.888931  0 
0.350108  0.237012  1.2912e+06  0.948049  0 
0.826882  0.207244  2.178e+06  0.828976  0 
0.50972  0.216897  1.58808e+06  0.867587  0 
0.495527  0.217714  1.56168e+06  0.870856  0 
0.448559  0.222686  1.47432e+06  0.890743  0 
0.281333  0.269704  1.16328e+06  1.07882  0 
0.571527  0.212833  1.70304e+06  0.851332  0 
0.307527  0.252624  1.212e+06  1.0105  0 
0.685591  0.210146  1.9152e+06  0.840586  0 
0.824817  0.208817  2.17416e+06  0.835268  0 
0.360946  0.237396  1.31136e+06  0.949583  0 
0.38172  0.235974  1.35e+06  0.943898  0 
0.433075  0.223935  1.44552e+06  0.895738  0 
0.571656  0.210691  1.70328e+06  0.842765  0 
0.351398  0.252624  1.2936e+06  1.01049  0 
0.371398  0.237107  1.3308e+06  0.94843  0 
0.218753  0.34695  1.04688e+06  1.3878  0 
0.39243  0.229785  1.36992e+06  0.919138  0 
0.397075  0.228302  1.37856e+06  0.913208  0 
0.264301  0.29699  1.1316e+06  1.18796  0 
0.38714  0.231978  1.36008e+06  0.927911  0 
0.48043  0.218837  1.5336e+06  0.87535  0 
0.216946  0.357311  1.04352e+06  1.42925  0 
0.478882  0.221144  1.53072e+06  0.884575  0 
0.524172  0.214757  1.61496e+06  0.859029  0 
0.267656  0.282014  1.13784e+06  1.12806  0 
0.268946  0.278013  1.14024e+06  1.11205  0 
0.276301  0.275822  1.15392e+06  1.10329  0 
0.295914  0.265532  1.1904e+06  1.06213  0 
0.278237  0.274546  1.15752e+06  1.09819  0 
0.207656  0.40458  1.02624e+06  1.61832  0 
0.471011  0.221796  1.51608e+06  0.887185  0 
0.299914  0.264163  1.19784e+06  1.05665  0 

0.173137  329.377  962035  1317.51  0 
0.802882  0.202875  2.13336e+06  0.811498  0 
0.174753  0.470817  965040  1.88327  0 
0.540688  0.210674  1.64568e+06  0.842698  0 
0.309204  0.240492  1.21512e+06  0.96197  0 
0.198237  0.344716  1.00872e+06  1.37886  0 
0.234108  0.269459  1.07544e+06  1.07783  0 
0.200043  0.317281  1.01208e+06  1.26912  0 
0.510624  0.213225  1.58976e+06  0.852898  0 
0.208946  0.281677  1.02864e+06  1.12671  0 
0.485462  0.216388  1.54296e+06  0.865551  0 
0.457462  0.217834  1.49088e+06  0.871336  0 
0.288559  0.247434  1.17672e+06  0.989734  0 
0.436946  0.219438  1.45272e+06  0.877753  0 
0.411656  0.220834  1.40568e+06  0.883337  0 
0.390882  0.223879  1.36704e+06  0.895518  0 
0.182366  0.390426  979200  1.56171  0 
0.371656  0.225945  1.33128e+06  0.903781  0 
0.274366  0.253719  1.15032e+06  1.01488  0 
0.356946  0.227741  1.30392e+06  0.910964  0 
0.342237  0.231189  1.27656e+06  0.924754  0 
0.261462  0.260447  1.12632e+06  1.04179  0 
0.187656  0.381562  989040  1.52625  0 
0.332559  0.232862  1.25856e+06  0.931449  0 
0.790366  0.204052  2.11008e+06  0.81621  0 
0.776301  0.204398  2.08392e+06  0.817593  0 
0.693075  0.20519  1.92912e+06  0.820762  0 
0.300817  0.242045  1.19952e+06  0.968181  0 
0.229075  0.274958  1.06608e+06  1.09983  0 
0.255269  0.264561  1.1148e+06  1.05824  0 
0.249849  0.264844  1.10472e+06  1.05938  0 
0.282495  0.249784  1.16544e+06  0.999137  0 
0.243011  0.265734  1.092e+06  1.06294  0 
0.194753  0.376836  1.00224e+06  1.50735  0 
0.681204  0.207424  1.90704e+06  0.829695  0 
0.270882  0.25749  1.14384e+06  1.02996  0 
0.326366  0.237573  1.24704e+06  0.950291  0 
0.40714  0.221066  1.39728e+06  0.884262  0 
0.657978  0.207888  1.86384e+06  0.831551  0 
0.501204  0.213705  1.57224e+06  0.854819  0 
0.226495  0.277708  1.06128e+06  1.11083  0 
0.179785  0.463221  974400  1.85288  0 
0.321204  0.237928  1.23744e+06  0.951712  0 
0.653591  0.208147  1.85568e+06  0.832588  0 
0.352559  0.228691  1.29576e+06  0.914763  0 
0.239656  0.267079  1.08576e+06  1.06831  0 
0.298495  0.243318  1.1952e+06  0.97327  0 
0.638624  0.208355  1.82784e+06  0.833418  0 
0.280301  0.250921  1.16136e+06  1.00368  0 
0.404946  0.221402  1.3932e+06  0.885609  0 
0.600946  0.208741  1.75776e+06  0.834964  0 
0.488559  0.214493  1.54872e+06  0.85797  0 
0.40314  0.221818  1.38984e+06  0.887273  0 
0.388172  0.224217  1.362e+06  0.896869  0 
0.592559  0.209012  1.74216e+06  0.836046  0 
0.184172  0.388791  982560  1.55517  0 
0.349462  0.229599  1.29e+06  0.918396  0 
0.452817  0.217874  1.48224e+06  0.871494  0 
0.397462  0.222335  1.37928e+06  0.889341  0 
0.267269  0.259041  1.13712e+06  1.03617  0 
0.481849  0.216494  1.53624e+06  0.865974  0 
0.339785  0.231542  1.272e+06  0.926169  0 
0.689978  0.206294  1.92336e+06  0.825178  0 
0.468946  0.216763  1.51224e+06  0.867051  0 
0.466753  0.216785  1.50816e+06  0.867142  0 
0.271527  0.256466  1.14504e+06  1.02587  0 
0.26572  0.259445  1.13424e+06  1.03778  0 
0.305462  0.241192  1.20816e+06  0.964769  0 
0.385333  0.225122  1.35672e+06  0.900487  0 
0.578624  0.209893  1.71624e+06  0.839574  0 
0.260688  0.263702  1.12488e+06  1.05481  0 
0.539527  0.212477  1.64352e+06  0.849907  0 
0.429204  0.220101  1.43832e+06  0.880402  0 
0.259011  0.263927  1.12176e+06  1.05571  0 
0.218753  0.28106  1.04688e+06  1.12424  0 
0.215656  0.281092  1.04112e+06  1.12437  0 
0.451914  0.218898  1.48056e+06  0.875592  0 
0.20843  0.313735  1.02768e+06  1.25494  0 
0.21514  0.281146  1.04016e+06  1.12458  0 
0.529204  0.212713  1.62432e+06  0.850853  0 
0.281333  0.250474  1.16328e+06  1.0019  0 
0.363527  0.227342  1.31616e+06  0.909369  0 
0.187269  0.382321  988320  1.52929  0 
0.488043  0.216006  1.54776e+06  0.864025  0 
0.351527  0.229219  1.29384e+06  0.916876  0 
0.286753  0.249473  1.17336e+06  0.997891  0 
0.571011  0.210412  1.70208e+06  0.84165  0 
0.423011  0.220576  1.4268e+06  0.882302  0 
0.54043  0.212123  1.6452e+06  0.848491  0 
0.258753  0.264194  1.12128e+06  1.05678  0 
0.320946  0.238432  1.23696e+06  0.953727  0 
0.775011  0.20496  2.08152e+06  0.81984  0 
0.207914  0.31705  1.02672e+06  1.2682  0 
0.439269  0.21922  1.45704e+06  0.87688  0 
0.397075  0.223677  1.37856e+06  0.894709  0 
0.356688  0.228555  1.30344e+06  0.914222  0 
0.420946  0.220708  1.42296e+06  0.882833  0 
0.348559  0.231081  1.28832e+06  0.924323  0 
0.355656  0.228585  1.30152e+06  0.914341  0 
0.347914  0.231093  1.28712e+06  0.924373  0 

0.167914  0.432089  952320  1.72836  0 
0.846624  0.200542  2.21472e+06  0.802169  0 
0.57114  0.208418  1.70232e+06  0.833674  0 
0.362624  0.226382  1.31448e+06  0.905527  0 
0.208559  0.279994  1.02792e+06  1.11998  0 
0.315914  0.233311  1.2276e+06  0.933243  0 
0.168559  0.38285  953520  1.5314  0 
0.173204  0.329448  962160  1.31779  0 
0.278366  0.244919  1.15776e+06  0.979676  0 
0.255656  0.256463  1.11552e+06  1.02585  0 
0.236301  0.260404  1.07952e+06  1.04162  0 
0.552043  0.208622  1.6668e+06  0.834489  0 
0.533849  0.210348  1.63296e+06  0.841393  0 
0.508559  0.211256  1.58592e+06  0.845024  0 
0.490882  0.212769  1.55304e+06  0.851077  0 
0.222366  0.266666  1.0536e+06  1.06666  0 
0.195914  0.317408  1.0044e+06  1.26963  0 
0.473462  0.21452  1.52064e+06  0.85808  0 
0.464043  0.216855  1.50312e+06  0.86742  0 
0.446624  0.217196  1.47072e+06  0.868786  0 
0.435785  0.217373  1.45056e+06  0.869491  0 
0.307656  0.236668  1.21224e+06  0.946671  0 
0.421204  0.218327  1.42344e+06  0.873309  0 
0.270753  0.248952  1.1436e+06  0.995807  0 
0.299914  0.237631  1.19784e+06  0.950525  0 
0.406882  0.219249  1.3968e+06  0.876995  0 
0.813333  0.201414  2.1528e+06  0.805655  0 
0.214237  0.273691  1.03848e+06  1.09476  0 
0.399527  0.220411  1.38312e+06  0.881643  0 
0.202753  0.296985  1.01712e+06  1.18794  0 
0.796559  0.202731  2.1216e+06  0.810923  0 
0.782108  0.202826  2.09472e+06  0.811304  0 
0.356946  0.227741  1.30392e+06  0.910964  0 
0.189333  0.323938  992160  1.29575  0 
0.727011  0.203157  1.99224e+06  0.812628  0 
0.350495  0.228252  1.29192e+06  0.913009  0 
0.696301  0.203458  1.93512e+06  0.813833  0 
0.294882  0.240491  1.18848e+06  0.961964  0 
0.344817  0.229168  1.28136e+06  0.916671  0 
0.38572  0.22247  1.35744e+06  0.88988  0 
0.33772  0.229506  1.26816e+06  0.918026  0 
0.267011  0.25094  1.13664e+06  1.00376  0 
0.204946  0.28164  1.0212e+06  1.12656  0 
0.29114  0.241315  1.18152e+06  0.965261  0 
0.274237  0.245493  1.15008e+06  0.981971  0 
0.330366  0.229859  1.25448e+06  0.919436  0 
0.693075  0.20519  1.92912e+06  0.820762  0 
0.32714  0.230011  1.24848e+06  0.920045  0 
0.382624  0.223131  1.35168e+06  0.892525  0 
0.68843  0.205407  1.92048e+06  0.821629  0 
0.251011  0.257417  1.10688e+06  1.02967  0 
0.288172  0.241351  1.176e+06  0.965405  0 
0.183527  0.32684  981360  1.30736  0 
0.379785  0.223835  1.3464e+06  0.895339  0 
0.374108  0.224182  1.33584e+06  0.896727  0 
0.682366  0.206257  1.9092e+06  0.825028  0 
0.220301  0.268563  1.04976e+06  1.07425  0 
0.232817  0.264695  1.07304e+06  1.05878  0 
0.649204  0.206577  1.84752e+06  0.826309  0 
0.318882  0.231593  1.23312e+06  0.92637  0 
0.194366  0.321196  1.00152e+06  1.28478  0 
0.486882  0.213119  1.5456e+06  0.852477  0 
0.499914  0.211452  1.56984e+06  0.845808  0 
0.216817  0.272418  1.04328e+06  1.08967  0 
0.639398  0.207369  1.82928e+06  0.829474  0 
0.286237  0.243901  1.1724e+06  0.975604  0 
0.221462  0.266795  1.05192e+06  1.06718  0 
0.361204  0.226857  1.31184e+06  0.907429  0 
0.298495  0.239746  1.1952e+06  0.958984  0 
0.808559  0.202012  2.14392e+06  0.808047  0 
0.291785  0.240614  1.18272e+06  0.962457  0 
0.199527  0.316741  1.01112e+06  1.26696  0 
0.318237  0.232219  1.23192e+06  0.928876  0 
0.182495  0.328868  979440  1.31547  0 
0.41914  0.21867  1.4196e+06  0.874679  0 
0.181462  0.328923  977520  1.31569  0 
0.522624  0.210798  1.61208e+06  0.843191  0 
0.550108  0.209901  1.6632e+06  0.839602  0 
0.416172  0.218802  1.41408e+06  0.875208  0 
0.283527  0.244472  1.16736e+06  0.977889  0 
0.347269  0.228731  1.28592e+06  0.914923  0 
0.371656  0.225945  1.33128e+06  0.903781  0 
0.533462  0.210367  1.63224e+06  0.841466  0 
0.270366  0.249626  1.14288e+06  0.998506  0 
0.171269  0.382485  958560  1.52994  0 
0.366495  0.226019  1.32168e+06  0.904078  0 
0.296301  0.240137  1.19112e+06  0.96055  0 
0.335398  0.229596  1.26384e+06  0.918385  0 
0.63914  0.207711  1.8288e+06  0.830844  0 
0.631269  0.208181  1.81416e+06  0.832723  0 
0.359398  0.22752  1.30848e+06  0.910079  0 
0.680559  0.20636  1.90584e+06  0.825439  0 
0.342624  0.229308  1.27728e+06  0.917232  0 
0.465849  0.216657  1.50648e+06  0.866628  0 
0.244559  0.260211  1.09488e+06  1.04084  0 
0.273462  0.248759  1.14864e+06  0.995036  0 
0.36572  0.226191  1.32024e+06  0.904762  0 
0.358237  0.227555  1.30632e+06  0.910219  0 
0.301978  0.237455  1.20168e+06  0.949821  0 
0.223011  0.266491  1.0548e+06  1.06596  0 

0.162366  0.421439  942000  1.68575  0 
0.800817  0.199611  2.12952e+06  0.798442  0 
0.550495  0.207531  1.66392e+06  0.830126  0 
0.347914  0.227302  1.28712e+06  0.909207  0 
0.201462  0.275908  1.01472e+06  1.10363  0 
0.307785  0.232962  1.21248e+06  0.931848  0 
0.162366  0.328  942000  1.312  0 
0.274753  0.242762  1.15104e+06  0.971047  0 
0.250495  0.251077  1.10592e+06  1.00431  0 
0.527011  0.208817  1.62024e+06  0.835268  0 
0.174237  0.309781  964080  1.23913  0 
0.232301  0.255297  1.07208e+06  1.02119  0 
0.500043  0.210365  1.57008e+06  0.841459  0 
0.468817  0.213527  1.512e+06  0.854109  0 
0.453333  0.214845  1.4832e+06  0.859379  0 
0.440301  0.21619  1.45896e+06  0.864761  0 
0.22043  0.265224  1.05e+06  1.06089  0 
0.429075  0.217501  1.43808e+06  0.870005  0 
0.192301  0.296407  997680  1.18563  0 
0.411656  0.218556  1.40568e+06  0.874225  0 
0.396946  0.219886  1.37832e+06  0.879546  0 
0.777075  0.201062  2.08536e+06  0.804248  0 
0.212946  0.269616  1.03608e+06  1.07846  0 
0.391269  0.221342  1.36776e+06  0.88537  0 
0.297849  0.237135  1.194e+06  0.948538  0 
0.37643  0.221886  1.34016e+06  0.887543  0 
0.729849  0.202489  1.99752e+06  0.809955  0 
0.342237  0.228061  1.27656e+06  0.912244  0 
0.336946  0.228071  1.26672e+06  0.912285  0 
0.29114  0.238022  1.18152e+06  0.952088  0 
0.708559  0.202858  1.95792e+06  0.811432  0 
0.208559  0.271543  1.02792e+06  1.08617  0 
0.262624  0.246794  1.12848e+06  0.987176  0 
0.696301  0.203458  1.93512e+06  0.813833  0 
0.254366  0.247052  1.11312e+06  0.988207  0 
0.167398  0.32406  951360  1.29624  0 
0.331398  0.229107  1.2564e+06  0.916427  0 
0.661075  0.203769  1.8696e+06  0.815078  0 
0.326495  0.229342  1.24728e+06  0.91737  0 
0.19772  0.293097  1.00776e+06  1.17239  0 
0.247398  0.251742  1.10016e+06  1.00697  0 
0.653204  0.204581  1.85496e+06  0.818326  0 
0.370495  0.224583  1.32912e+06  0.89833  0 
0.171656  0.311744  959280  1.24698  0 
0.272172  0.243174  1.14624e+06  0.972697  0 
0.324043  0.230049  1.24272e+06  0.920195  0 
0.642366  0.205137  1.8348e+06  0.820549  0 
0.252172  0.247867  1.10904e+06  0.991466  0 
0.199269  0.279971  1.01064e+06  1.11988  0 
0.205978  0.273853  1.02312e+06  1.09541  0 
0.319914  0.230911  1.23504e+06  0.923643  0 
0.364559  0.225408  1.31808e+06  0.901634  0 
0.281462  0.24091  1.16352e+06  0.963641  0 
0.491785  0.211691  1.55472e+06  0.846764  0 
0.317204  0.231381  1.23e+06  0.925525  0 
0.279011  0.241421  1.15896e+06  0.965686  0 
0.24314  0.253961  1.09224e+06  1.01584  0 
0.635656  0.206241  1.82232e+06  0.824963  0 
0.218495  0.268335  1.0464e+06  1.07334  0 
0.359914  0.226238  1.30944e+06  0.904953  0 
0.425462  0.217554  1.43136e+06  0.870216  0 
0.335398  0.228115  1.26384e+06  0.912462  0 
0.270753  0.245914  1.1436e+06  0.983657  0 
0.629462  0.206668  1.8108e+06  0.826672  0 
0.312043  0.232105  1.2204e+06  0.928419  0 
0.357204  0.226499  1.3044e+06  0.905997  0 
0.543785  0.208047  1.65144e+06  0.832189  0 
0.490882  0.212769  1.55304e+06  0.851077  0 
0.521075  0.209675  1.6092e+06  0.8387  0 
0.450624  0.215526  1.47816e+06  0.862106  0 
0.375785  0.222029  1.33896e+06  0.888115  0 
0.406882  0.219249  1.3968e+06  0.876995  0 
0.363914  0.225619  1.31688e+06  0.902477  0 
0.356688  0.226574  1.30344e+06  0.906297  0 
0.230753  0.264719  1.0692e+06  1.05888  0 
0.189591  0.309284  992640  1.23713  0 
0.489333  0.213055  1.55016e+06  0.852218  0 
0.304559  0.236673  1.20648e+06  0.946693  0 
0.319398  0.230934  1.23408e+06  0.923737  0 
0.295398  0.237581  1.18944e+06  0.950324  0 
0.276817  0.242337  1.15488e+06  0.969348  0 
0.486882  0.213119  1.5456e+06  0.852477  0 
0.374108  0.224182  1.33584e+06  0.896727  0 
0.370108  0.224985  1.3284e+06  0.899941  0 
0.290366  0.240544  1.18008e+06  0.962175  0 
0.511785  0.210006  1.59192e+06  0.840022  0 
0.304043  0.236777  1.20552e+06  0.947107  0 
0.346882  0.227717  1.2852e+06  0.910867  0 
0.63514  0.206347  1.82136e+06  0.825388  0 
0.280301  0.241157  1.16136e+06  0.964628  0 
0.533462  0.208557  1.63224e+06  0.834227  0 
0.411269  0.218997  1.40496e+06  0.87599  0 
0.435527  0.217257  1.45008e+06  0.869026  0 
0.32972  0.229123  1.25328e+06  0.916494  0 
0.327785  0.229154  1.24968e+06  0.916617  0 
0.28972  0.24074  1.17888e+06  0.962959  0 
0.171011  0.323969  958080  1.29588  0 
0.616043  0.207449  1.78584e+06  0.829797  0 
0.275269  0.242716  1.152e+06  0.970864  0 
0.32972  0.229123  1.25328e+06  0.916494  0 

0.162366  0.421439  942000  1.68575  0 
0.800817  0.199611  2.12952e+06  0.798442  0 
0.550495  0.207531  1.66392e+06  0.830126  0 
0.347914  0.227302  1.28712e+06  0.909207  0 
0.201462  0.275908  1.01472e+06  1.10363  0 
0.307785  0.232962  1.21248e+06  0.931848  0 
0.162366  0.328  942000  1.312  0 
0.274753  0.242762  1.15104e+06  0.971047  0 
0.250495  0.251077  1.10592e+06  1.00431  0 
0.527011  0.208817  1.62024e+06  0.835268  0 
0.174237  0.309781  964080  1.23913  0 
0.232301  0.255297  1.07208e+06  1.02119  0 
0.500043  0.210365  1.57008e+06  0.841459  0 
0.468817  0.213527  1.512e+06  0.854109  0 
0.453333  0.214845  1.4832e+06  0.859379  0 
0.440301  0.21619  1.45896e+06  0.864761  0 
0.22043  0.265224  1.05e+06  1.06089  0 
0.429075  0.217501  1.43808e+06  0.870005  0 
0.192301  0.296407  997680  1.18563  0 
0.411656  0.218556  1.40568e+06  0.874225  0 
0.396946  0.219886  1.37832e+06  0.879546  0 
0.777075  0.201062  2.08536e+06  0.804248  0 
0.212946  0.269616  1.03608e+06  1.07846  0 
0.391269  0.221342  1.36776e+06  0.88537  0 
0.297849  0.237135  1.194e+06  0.948538  0 
0.37643  0.221886  1.34016e+06  0.887543  0 
0.729849  0.202489  1.99752e+06  0.809955  0 
0.342237  0.228061  1.27656e+06  0.912244  0 
0.336946  0.228071  1.26672e+06  0.912285  0 
0.29114  0.238022  1.18152e+06  0.952088  0 
0.708559  0.202858  1.95792e+06  0.811432  0 
0.208559  0.271543  1.02792e+06  1.08617  0 
0.262624  0.246794  1.12848e+06  0.987176  0 
0.696301  0.203458  1.93512e+06  0.813833  0 
0.254366  0.247052  1.11312e+06  0.988207  0 
0.167398  0.32406  951360  1.29624  0 
0.331398  0.229107  1.2564e+06  0.916427  0 
0.661075  0.203769  1.8696e+06  0.815078  0 
0.326495  0.229342  1.24728e+06  0.91737  0 
0.19772  0.293097  1.00776e+06  1.17239  0 
0.247398  0.251742  1.10016e+06  1.00697  0 
0.653204  0.204581  1.85496e+06  0.818326  0 
0.370495  0.224583  1.32912e+06  0.89833  0 
0.171656  0.311744  959280  1.24698  0 
0.272172  0.243174  1.14624e+06  0.972697  0 
0.324043  0.230049  1.24272e+06  0.920195  0 
0.642366  0.205137  1.8348e+06  0.820549  0 
0.252172  0.247867  1.10904e+06  0.991466  0 
0.199269  0.279971  1.01064e+06  1.11988  0 
0.205978  0.273853  1.02312e+06  1.09541  0 
0.319914  0.230911  1.23504e+06  0.923643  0 
0.364559  0.225408  1.31808e+06  0.901634  0 
0.281462  0.24091  1.16352e+06  0.963641  0 
0.491785  0.211691  1.55472e+06  0.846764  0 
0.317204  0.231381  1.23e+06  0.925525  0 
0.279011  0.241421  1.15896e+06  0.965686  0 
0.24314  0.253961  1.09224e+06  1.01584  0 
0.635656  0.206241  1.82232e+06  0.824963  0 
0.218495  0.268335  1.0464e+06  1.07334  0 
0.359914  0.226238  1.30944e+06  0.904953  0 
0.290108  0.239546  1.1796e+06  0.958185  0 
0.425462  0.217554  1.43136e+06  0.870216  0 
0.335398  0.228115  1.26384e+06  0.912462  0 
0.270753  0.245914  1.1436e+06  0.983657  0 
0.629462  0.206668  1.8108e+06  0.826672  0 
0.312043  0.232105  1.2204e+06  0.928419  0 
0.357204  0.226499  1.3044e+06  0.905997  0 
0.543785  0.208047  1.65144e+06  0.832189  0 
0.490882  0.212769  1.55304e+06  0.851077  0 
0.521075  0.209675  1.6092e+06  0.8387  0 
0.450624  0.215526  1.47816e+06  0.862106  0 
0.375785  0.222029  1.33896e+06  0.888115  0 
0.406882  0.219249  1.3968e+06  0.876995  0 
0.363914  0.225619  1.31688e+06  0.902477  0 
0.356688  0.226574  1.30344e+06  0.906297  0 
0.230753  0.264719  1.0692e+06  1.05888  0 
0.189591  0.309284  992640  1.23713  0 
0.489333  0.213055  1.55016e+06  0.852218  0 
0.304559  0.236673  1.20648e+06  0.946693  0 
0.319398  0.230934  1.23408e+06  0.923737  0 
0.295398  0.237581  1.18944e+06  0.950324  0 
0.276817  0.242337  1.15488e+06  0.969348  0 
0.486882  0.213119  1.5456e+06  0.852477  0 
0.374108  0.224182  1.33584e+06  0.896727  0 
0.370108  0.224985  1.3284e+06  0.899941  0 
0.511785  0.210006  1.59192e+06  0.840022  0 
0.304043  0.236777  1.20552e+06  0.947107  0 
0.346882  0.227717  1.2852e+06  0.910867  0 
0.63514  0.206347  1.82136e+06  0.825388  0 
0.280301  0.241157  1.16136e+06  0.964628  0 
0.533462  0.208557  1.63224e+06  0.834227  0 
0.411269  0.218997  1.40496e+06  0.87599  0 
0.435527  0.217257  1.45008e+06  0.869026  0 
0.32972  0.229123  1.25328e+06  0.916494  0 
0.327785  0.229154  1.24968e+06  0.916617  0 
0.28972  0.24074  1.17888e+06  0.962959  0 
0.171011  0.323969  958080  1.29588  0 
0.616043  0.207449  1.78584e+06  0.829797  0 
0.275269  0.242716  1.152e+06  0.970864  0 
0.32972  0.229123  1.25328e+06  0.916494  0 

