26.0346  1.18229e+07  4.90644e+07  4.72916e+07  0 
27.8494  1.25759e+07  5.24398e+07  5.03036e+07  0 
17.9316  8.0387e+06  3.39927e+07  3.21548e+07  0 
31.4178  1.42548e+07  5.90771e+07  5.70191e+07  0 
15.0891  6.65486e+06  2.87058e+07  2.66194e+07  0 
26.9935  1.22466e+07  5.08478e+07  4.89864e+07  0 
25.3109  1.14338e+07  4.77182e+07  4.57351e+07  0 
3.88978e+07  1.80875e+13  7.23499e+13  7.23499e+13  0 
23.8605  1.07988e+07  4.50205e+07  4.3195e+07  0 
70.9799  3.26863e+07  1.32663e+08  1.30745e+08  0 
2.90065e+07  1.3488e+13  5.39521e+13  5.39521e+13  0 
3.50028e+07  1.62763e+13  6.51052e+13  6.51052e+13  0 
26.7897  1.20717e+07  5.04688e+07  4.82867e+07  0 
25.3245  1.14329e+07  4.77435e+07  4.57316e+07  0 
23.7641  1.06819e+07  4.48413e+07  4.27276e+07  0 
41.658  1.90193e+07  7.81239e+07  7.60771e+07  0 
29.7168  1.34597e+07  5.59132e+07  5.38387e+07  0 
40.4722  1.84476e+07  7.59183e+07  7.37903e+07  0 
26.1269  1.17978e+07  4.92361e+07  4.71913e+07  0 
26.0927  1.1774e+07  4.91725e+07  4.7096e+07  0 
1.25754e+09  5.84758e+14  2.33903e+15  2.33903e+15  0 
28.456  1.28924e+07  5.35682e+07  5.15697e+07  0 
49.2441  2.25357e+07  9.2234e+07  9.01426e+07  0 
23.4168  1.05858e+07  4.41952e+07  4.23434e+07  0 
2.64588e+07  1.23033e+13  4.92133e+13  4.92133e+13  0 
36.3283  1.65347e+07  6.82107e+07  6.61388e+07  0 
33.3409  1.52127e+07  6.26541e+07  6.0851e+07  0 
22.9095  1.03503e+07  4.32517e+07  4.14013e+07  0 
22.1818  9.97919e+06  4.18982e+07  3.99168e+07  0 
41.8309  1.91233e+07  7.84454e+07  7.6493e+07  0 
19.1337  8.53457e+06  3.62287e+07  3.41383e+07  0 
116.431  5.37997e+07  2.17202e+08  2.15199e+08  0 
4.73734e+07  2.20286e+13  8.81145e+13  8.81145e+13  0 
25.2865  1.14352e+07  4.76729e+07  4.57406e+07  0 
1.46257e+08  6.80094e+13  2.72038e+14  2.72038e+14  0 
23.1179  1.04425e+07  4.36392e+07  4.17701e+07  0 
33.6948  1.53627e+07  6.33123e+07  6.14506e+07  0 
26.7228  1.21385e+07  5.03445e+07  4.85541e+07  0 
33.4008  1.51752e+07  6.27655e+07  6.07008e+07  0 
25.2752  1.14673e+07  4.76518e+07  4.58691e+07  0 
3.80593e+07  1.76976e+13  7.07904e+13  7.07904e+13  0 
22.6331  1.02286e+07  4.27376e+07  4.09145e+07  0 
25.6756  1.15905e+07  4.83965e+07  4.63618e+07  0 
32.5588  1.48123e+07  6.11993e+07  5.92493e+07  0 
34.6622  1.58471e+07  6.51117e+07  6.33883e+07  0 
25.7818  1.16739e+07  4.85941e+07  4.66957e+07  0 
34.7472  1.58275e+07  6.52699e+07  6.331e+07  0 
11.5615  5.05567e+06  2.21443e+07  2.02227e+07  0 
28.2431  1.27888e+07  5.31722e+07  5.11553e+07  0 
1.3469e+07  6.26309e+12  2.50524e+13  2.50523e+13  0 
30.9302  1.40446e+07  5.81702e+07  5.61785e+07  0 
49.4407  2.26236e+07  9.25997e+07  9.04944e+07  0 
33.2425  1.50649e+07  6.24711e+07  6.02595e+07  0 
1.78098e+08  8.28154e+13  3.31261e+14  3.31261e+14  0 
16.7407  7.4333e+06  3.17778e+07  2.97332e+07  0 
38.0514  1.73529e+07  7.14155e+07  6.94115e+07  0 
25.5526  1.14927e+07  4.81679e+07  4.59707e+07  0 
35.5539  1.62429e+07  6.67702e+07  6.49714e+07  0 
2.30928e+07  1.07381e+13  4.29525e+13  4.29525e+13  0 
28.2109  1.27691e+07  5.31123e+07  5.10764e+07  0 
6.3503e+08  2.95289e+14  1.18116e+15  1.18116e+15  0 
17.1205  7.62408e+06  3.24842e+07  3.04963e+07  0 
29.0559  1.31708e+07  5.46839e+07  5.2683e+07  0 
15.7497  6.99723e+06  2.99344e+07  2.79889e+07  0 
3.89115e+06  1.80939e+12  7.23755e+12  7.23755e+12  0 
22.7907  1.02765e+07  4.30307e+07  4.11062e+07  0 
29.5026  1.33443e+07  5.55148e+07  5.33771e+07  0 
25.4934  1.15558e+07  4.80578e+07  4.6223e+07  0 
23.1141  1.04063e+07  4.36323e+07  4.16252e+07  0 
27.5016  1.24531e+07  5.17929e+07  4.98125e+07  0 
27.7822  1.26017e+07  5.2315e+07  5.04067e+07  0 
43.2942  1.98039e+07  8.11672e+07  7.92157e+07  0 
26.387  1.18939e+07  4.97198e+07  4.75754e+07  0 
5.58767e+06  2.59827e+12  1.03931e+13  1.03931e+13  0 
11.9465  5.23058e+06  2.28606e+07  2.09223e+07  0 
41.6583  1.9039e+07  7.81245e+07  7.61558e+07  0 
38.9663  1.78152e+07  7.31174e+07  7.12608e+07  0 
34.4833  1.57412e+07  6.47789e+07  6.29647e+07  0 
41.5364  1.90043e+07  7.78977e+07  7.60171e+07  0 
22.0163  9.88573e+06  4.15903e+07  3.95429e+07  0 
26.2415  1.19049e+07  4.94493e+07  4.76195e+07  0 
23.3607  1.05556e+07  4.4091e+07  4.22226e+07  0 
26.1891  1.18267e+07  4.93518e+07  4.7307e+07  0 
28.4298  1.28771e+07  5.35194e+07  5.15085e+07  0 
37.1126  1.69496e+07  6.96695e+07  6.77985e+07  0 
26.9578  1.21808e+07  5.07815e+07  4.87233e+07  0 
28.6086  1.30022e+07  5.38521e+07  5.20086e+07  0 
22.5505  1.01399e+07  4.2584e+07  4.05596e+07  0 
22.57  1.01502e+07  4.26202e+07  4.06008e+07  0 
3.47798e+07  1.61726e+13  6.46905e+13  6.46905e+13  0 
1.25011e+07  5.81301e+12  2.32521e+13  2.3252e+13  0 
36.3515  1.65441e+07  6.82538e+07  6.61766e+07  0 
4.24749e+07  1.97508e+13  7.90033e+13  7.90033e+13  0 
1.75249e+07  8.14906e+12  3.25963e+13  3.25963e+13  0 
1.80267e+07  8.38243e+12  3.35297e+13  3.35297e+13  0 
5.53283e+06  2.57276e+12  1.02911e+13  1.02911e+13  0 
24.8935  1.12443e+07  4.69419e+07  4.4977e+07  0 
27.4581  1.24527e+07  5.17121e+07  4.98109e+07  0 
27.606  1.24838e+07  5.19872e+07  4.99352e+07  0 
34.0486  1.54871e+07  6.39703e+07  6.19486e+07  0 

0.292946  0.421365  1.18488e+06  1.68546  0 
0.819914  0.234123  2.16504e+06  0.936493  0 
0.687398  0.326798  1.91856e+06  1.30719  0 
0.727398  0.467315  1.99296e+06  1.86926  1 
1.55882  323313  3.53941e+06  1.29325e+06  2 
2.02537  559099  4.40719e+06  2.2364e+06  3 
3.41445  1.2091e+06  6.99088e+06  4.8364e+06  4 
4.07304  1.54222e+06  8.21585e+06  6.16889e+06  5 
4.07498  1.48283e+06  8.21947e+06  5.93131e+06  5 
4.56497  1.76365e+06  9.13084e+06  7.0546e+06  6 
5.29516  2.11303e+06  1.0489e+07  8.45211e+06  8 
6.1612  2.5038e+06  1.20998e+07  1.00152e+07  11 
7.3014  3.01773e+06  1.42206e+07  1.20709e+07  17 
7.84864  3.2707e+06  1.52385e+07  1.30828e+07  19 
8.09876  3.43722e+06  1.57037e+07  1.37489e+07  21 
9.9151  4.27024e+06  1.90821e+07  1.7081e+07  29 
11.0027  4.70367e+06  2.1105e+07  1.88147e+07  38 
22.2036  9.95914e+06  4.19387e+07  3.98366e+07  59 
30.7764  1.39373e+07  5.78841e+07  5.57491e+07  79 
24.6009  1.11374e+07  4.63978e+07  4.45498e+07  63 
22.2253  9.9511e+06  4.1979e+07  3.98044e+07  59 
11.3739  4.91302e+06  2.17955e+07  1.96521e+07  41 
8.32274  3.48197e+06  1.61203e+07  1.39279e+07  22 
12.1746  5.27105e+06  2.32848e+07  2.10842e+07  46 
7.28713  3.01314e+06  1.41941e+07  1.20526e+07  16 
10.3887  4.46821e+06  1.9963e+07  1.78728e+07  36 
7.18618  2.9413e+06  1.40063e+07  1.17652e+07  15 
42.0673  1.92331e+07  7.88852e+07  7.69324e+07  60 
8.98354  3.78091e+06  1.73494e+07  1.51236e+07  25 
6.42412  2.5711e+06  1.25889e+07  1.02844e+07  12 
9.41201  4.01218e+06  1.81463e+07  1.60487e+07  27 
16.4708  7.37926e+06  3.12758e+07  2.9517e+07  54 
8.57014  3.66145e+06  1.65805e+07  1.46458e+07  24 
22.7323  1.01777e+07  4.29221e+07  4.07109e+07  61 
11.4837  4.95598e+06  2.19998e+07  1.98239e+07  42 
24.8307  1.12181e+07  4.68252e+07  4.48723e+07  65 
12.1221  5.21726e+06  2.31872e+07  2.0869e+07  45 
11.3503  4.9217e+06  2.17515e+07  1.96868e+07  41 
32.6838  1.48688e+07  6.14318e+07  5.94753e+07  80 
7.9116  3.2542e+06  1.53556e+07  1.30168e+07  19 
7.47508  3.07011e+06  1.45437e+07  1.22805e+07  18 
22.1514  9.97517e+06  4.18416e+07  3.99007e+07  59 
10.5949  4.59457e+06  2.03465e+07  1.83783e+07  37 
10.0662  4.2936e+06  1.93632e+07  1.71744e+07  31 
17.7205  7.82209e+06  3.36e+07  3.12884e+07  55 
12.1653  5.29461e+06  2.32674e+07  2.11785e+07  46 
15.6549  6.92899e+06  2.97581e+07  2.7716e+07  52 
35.2276  1.60115e+07  6.61633e+07  6.40458e+07  81 
24.8469  1.12042e+07  4.68552e+07  4.48166e+07  65 
14.0196  6.16791e+06  2.67164e+07  2.46716e+07  50 
9.39959  3.94089e+06  1.81232e+07  1.57636e+07  26 
7.28426  3.04918e+06  1.41887e+07  1.21967e+07  16 
25.5736  1.15391e+07  4.82069e+07  4.61563e+07  70 
4.60331  1.75622e+06  9.20216e+06  7.02489e+06  7 
5.65104  2.27503e+06  1.11509e+07  9.10014e+06  9 
21.9659  9.84374e+06  4.14965e+07  3.93749e+07  58 
25.1562  1.13757e+07  4.74305e+07  4.55028e+07  68 
9.93224  4.28445e+06  1.9114e+07  1.71378e+07  30 
26.7975  1.21031e+07  5.04833e+07  4.84124e+07  72 
24.9012  1.12038e+07  4.69563e+07  4.48153e+07  65 
7.86446  3.32509e+06  1.52679e+07  1.33004e+07  20 
22.4322  1.0021e+07  4.23639e+07  4.00839e+07  60 
12.2716  5.29547e+06  2.34653e+07  2.11819e+07  47 
25.2273  1.13572e+07  4.75628e+07  4.54289e+07  68 
11.0584  4.77685e+06  2.12086e+07  1.91074e+07  39 
6.46997  2.64251e+06  1.26741e+07  1.05701e+07  13 
24.4634  1.10312e+07  4.61418e+07  4.41249e+07  62 
12.305  5.33806e+06  2.35273e+07  2.13522e+07  48 
11.3102  4.87726e+06  2.1677e+07  1.95091e+07  40 
22.3445  1.00767e+07  4.22007e+07  4.03069e+07  60 
4.5878  1.73869e+06  9.17332e+06  6.95476e+06  6 
36.0065  1.63625e+07  6.76121e+07  6.54501e+07  82 
42.4216  1.93749e+07  7.95443e+07  7.74997e+07  84 
24.9455  1.12205e+07  4.70386e+07  4.48822e+07  66 
24.7741  1.11625e+07  4.67199e+07  4.46501e+07  64 
11.6847  5.1056e+06  2.23736e+07  2.04224e+07  44 
7.86379  3.3282e+06  1.52667e+07  1.33128e+07  20 
25.7293  1.1607e+07  4.84965e+07  4.64279e+07  71 
11.4933  4.97469e+06  2.20175e+07  1.98988e+07  43 
26.9895  1.21938e+07  5.08404e+07  4.87752e+07  78 
3.38149  1.25647e+06  6.92957e+06  5.0259e+06  4 
39.8934  1.82599e+07  7.48416e+07  7.30397e+07  83 
8.13213  3.35452e+06  1.57658e+07  1.34181e+07  21 
10.126  4.35267e+06  1.94744e+07  1.74107e+07  33 
10.307  4.43106e+06  1.9811e+07  1.77242e+07  34 
21.2646  9.55498e+06  4.01922e+07  3.82199e+07  56 
10.3158  4.44419e+06  1.98273e+07  1.77768e+07  35 
25.0458  1.13203e+07  4.72253e+07  4.52813e+07  67 
21.5944  9.68386e+06  4.08057e+07  3.87354e+07  57 
9.53956  4.08595e+06  1.83836e+07  1.63438e+07  28 
13.5797  5.94013e+06  2.58982e+07  2.37605e+07  49 
16.055  7.05456e+06  3.05023e+07  2.82182e+07  53 
11.8564  5.10262e+06  2.26929e+07  2.04105e+07  44 
6.50058  2.65111e+06  1.27311e+07  1.06044e+07  14 
8.48352  3.62256e+06  1.64193e+07  1.44902e+07  23 
15.3679  6.71394e+06  2.92243e+07  2.68558e+07  51 
25.1744  1.13889e+07  4.74644e+07  4.55557e+07  69 
10.12  4.30497e+06  1.94632e+07  1.72199e+07  32 
5.97347  2.41554e+06  1.17507e+07  9.66217e+06  10 
26.3367  1.18907e+07  4.96263e+07  4.7563e+07  71 

0.258653  434.199  1.1211e+06  1736.8  0 
0.923656  0.21948  2.358e+06  0.87792  0 
0.536559  0.38917  1.638e+06  1.55668  0 
0.699527  0.258479  1.94112e+06  1.03392  0 
0.640043  0.336183  1.83048e+06  1.34473  0 
0.657204  0.302607  1.8624e+06  1.21043  0 
0.618366  0.352271  1.79016e+06  1.40909  0 
0.666753  0.281116  1.88016e+06  1.12446  0 
0.639011  0.339906  1.82856e+06  1.35962  0 
0.683269  0.387106  1.91088e+06  1.54842  1 
0.569462  0.426964  1.6992e+06  1.70786  1 
0.742495  0.401994  2.02104e+06  1.60798  2 
0.764817  0.392187  2.06256e+06  1.56875  2 
0.719398  0.427358  1.97808e+06  1.70943  2 
0.829462  0.443949  2.1828e+06  1.77579  3 
1.13967  187145  2.75978e+06  748579  4 
1.69655  359815  3.79558e+06  1.43926e+06  5 
1.7235  392330  3.84572e+06  1.56932e+06  6 
1.7621  441717  3.91751e+06  1.76687e+06  7 
1.96883  546006  4.30202e+06  2.18403e+06  8 
2.00751  547012  4.37397e+06  2.18805e+06  9 
3.07166  1.0335e+06  6.35329e+06  4.13402e+06  10 
3.13275  1.03341e+06  6.46691e+06  4.13363e+06  10 
3.166  1.07761e+06  6.52876e+06  4.31045e+06  11 
3.21263  1.13667e+06  6.61548e+06  4.54669e+06  12 
3.195  1.15278e+06  6.58271e+06  4.61111e+06  12 
3.33168  1.17871e+06  6.83692e+06  4.71484e+06  13 
3.395  1.16178e+06  6.9547e+06  4.6471e+06  13 
3.42753  1.1874e+06  7.0152e+06  4.7496e+06  14 
3.56759  1.30209e+06  7.27571e+06  5.20835e+06  15 
3.65464  1.30663e+06  7.43764e+06  5.22652e+06  16 
3.75467  1.36664e+06  7.62369e+06  5.46658e+06  17 
3.94287  1.43585e+06  7.97373e+06  5.74342e+06  18 
4.05561  1.50712e+06  8.18343e+06  6.02847e+06  19 
4.27871  1.6021e+06  8.5984e+06  6.40841e+06  20 
4.18563  1.62362e+06  8.42527e+06  6.49447e+06  20 
4.3492  1.66002e+06  8.72951e+06  6.64007e+06  22 
4.36289  1.66555e+06  8.75498e+06  6.66218e+06  23 
4.4142  1.67794e+06  8.8504e+06  6.71177e+06  24 
4.49719  1.71719e+06  9.00478e+06  6.86878e+06  25 
4.72306  1.86662e+06  9.42489e+06  7.46649e+06  27 
5.0242  1.95307e+06  9.98502e+06  7.8123e+06  29 
5.44596  2.17097e+06  1.07695e+07  8.68388e+06  30 
5.62058  2.29051e+06  1.10943e+07  9.16204e+06  31 
5.8165  2.37609e+06  1.14587e+07  9.50438e+06  32 
5.94703  2.39605e+06  1.17015e+07  9.58419e+06  33 
6.3192  2.54703e+06  1.23937e+07  1.01881e+07  35 
6.72865  2.75266e+06  1.31553e+07  1.10107e+07  36 
6.95783  2.81609e+06  1.35816e+07  1.12644e+07  37 
7.34994  3.01384e+06  1.43109e+07  1.20554e+07  39 
8.08583  3.40019e+06  1.56796e+07  1.36008e+07  42 
8.4506  3.52349e+06  1.63581e+07  1.4094e+07  45 
9.34159  3.93096e+06  1.80154e+07  1.57238e+07  47 
10.0318  4.26365e+06  1.92991e+07  1.70546e+07  48 
9.99413  4.28599e+06  1.92291e+07  1.7144e+07  48 
10.0214  4.30903e+06  1.92797e+07  1.72361e+07  49 
10.2207  4.395e+06  1.96505e+07  1.758e+07  50 
10.7119  4.60607e+06  2.05641e+07  1.84243e+07  51 
11.4663  5.00889e+06  2.19673e+07  2.00355e+07  52 
11.679  5.07487e+06  2.2363e+07  2.02995e+07  53 
11.7245  5.10183e+06  2.24476e+07  2.04073e+07  54 
11.9124  5.19661e+06  2.27971e+07  2.07864e+07  55 
12.0116  5.20576e+06  2.29816e+07  2.0823e+07  56 
12.2814  5.41461e+06  2.34834e+07  2.16584e+07  57 
13.5055  5.95623e+06  2.57603e+07  2.38249e+07  58 
14.1135  6.16628e+06  2.68911e+07  2.46651e+07  59 
21.552  9.67038e+06  4.07268e+07  3.86815e+07  62 
21.7901  9.77647e+06  4.11696e+07  3.91059e+07  63 
21.7048  9.79649e+06  4.10109e+07  3.9186e+07  63 
22.5541  1.01386e+07  4.25906e+07  4.05545e+07  65 
24.0532  1.08418e+07  4.5379e+07  4.33671e+07  67 
24.7113  1.10746e+07  4.66031e+07  4.42984e+07  69 
25.0014  1.12683e+07  4.71426e+07  4.5073e+07  70 
25.007  1.13011e+07  4.71529e+07  4.52044e+07  71 
26.0881  1.1787e+07  4.91639e+07  4.71482e+07  72 
26.581  1.20466e+07  5.00806e+07  4.81863e+07  73 
27.4123  1.23839e+07  5.16269e+07  4.95355e+07  74 
27.6589  1.25085e+07  5.20855e+07  5.00342e+07  75 
28.1761  1.27133e+07  5.30476e+07  5.08531e+07  76 
33.2931  1.51301e+07  6.25651e+07  6.05206e+07  77 
6.8481  2.82519e+06  1.33775e+07  1.13007e+07  37 
9.12311  3.83357e+06  1.7609e+07  1.53343e+07  46 
16.5931  7.38758e+06  3.15032e+07  2.95503e+07  61 
4.28545  1.61687e+06  8.61094e+06  6.4675e+06  21 
5.91164  2.41151e+06  1.16357e+07  9.64606e+06  33 
38.7599  1.76536e+07  7.27334e+07  7.06144e+07  78 
1.76287  441416  3.91894e+06  1.76566e+06  7 
14.1234  6.22723e+06  2.69095e+07  2.49089e+07  60 
8.32415  3.50669e+06  1.61229e+07  1.40268e+07  43 
23.9191  1.07088e+07  4.51296e+07  4.28354e+07  66 
1.73478  442032  3.86669e+06  1.76813e+06  7 
6.02222  2.40695e+06  1.18413e+07  9.62781e+06  34 
8.40199  3.5103e+06  1.62677e+07  1.40412e+07  44 
24.5285  1.10056e+07  4.6263e+07  4.40226e+07  68 
7.52342  3.15085e+06  1.46336e+07  1.26034e+07  40 
4.95974  1.88224e+06  9.86512e+06  7.52896e+06  28 
22.1483  9.94462e+06  4.18358e+07  3.97785e+07  64 
6.99472  2.83132e+06  1.36502e+07  1.13253e+07  38 
4.63263  1.78341e+06  9.25668e+06  7.13365e+06  26 
8.00091  3.35459e+06  1.55217e+07  1.34183e+07  41 

0.232946  0.483337  1.07328e+06  1.93335  0 
0.854624  0.214566  2.2296e+06  0.858265  0 
0.583011  0.236058  1.7244e+06  0.944233  0 
0.405333  0.324936  1.39392e+06  1.29974  0 
0.524688  0.269865  1.61592e+06  1.07946  0 
0.345462  0.430481  1.28256e+06  1.72192  0 
0.468946  0.301807  1.51224e+06  1.20723  0 
0.352559  0.410431  1.29576e+06  1.64173  0 
0.437591  0.324063  1.45392e+06  1.29625  0 
0.429591  0.421653  1.43904e+06  1.68661  1 
0.573849  0.293342  1.70736e+06  1.17337  1 
0.400559  0.448512  1.38504e+06  1.79405  1 
0.48714  0.326518  1.54608e+06  1.30607  1 
0.450495  0.398488  1.47792e+06  1.59395  1 
0.562753  0.321466  1.68672e+06  1.28587  1 
0.458882  0.369481  1.49352e+06  1.47792  1 
0.645591  0.264599  1.8408e+06  1.0584  1 
0.460301  0.345808  1.49616e+06  1.38323  1 
0.554495  0.334078  1.67136e+06  1.33631  2 
0.531527  0.336521  1.62864e+06  1.34608  2 
0.664688  0.277835  1.87632e+06  1.11134  2 
0.409978  0.583181  1.40256e+06  2.33272  2 
0.65914  0.314366  1.866e+06  1.25747  2 
0.476172  0.389724  1.52568e+06  1.55889  2 
0.476043  0.484749  1.52544e+06  1.939  2 
0.453333  0.510598  1.4832e+06  2.04239  2 
0.64714  0.326863  1.84368e+06  1.30745  2 
0.508946  0.373848  1.58664e+06  1.49539  2 
0.664172  0.281825  1.87536e+06  1.1273  2 
0.722495  0.29701  1.98384e+06  1.18804  3 
0.559269  0.338716  1.68024e+06  1.35486  3 
0.545333  0.341985  1.65432e+06  1.36794  3 
0.506882  0.395486  1.5828e+06  1.58194  3 
0.658366  0.328648  1.86456e+06  1.31459  3 
0.506495  0.411901  1.58208e+06  1.6476  3 
0.482237  0.461601  1.53696e+06  1.84641  3 
0.708172  0.300082  1.9572e+06  1.20033  3 
0.786237  0.294079  2.1024e+06  1.17632  3 
0.814108  0.324654  2.15424e+06  1.29862  4 
0.552688  0.348584  1.668e+06  1.39434  4 
0.520688  0.503794  1.60848e+06  2.01518  4 
0.827785  0.295431  2.17968e+06  1.18173  4 
0.728559  0.338454  1.99512e+06  1.35381  4 
0.492301  0.519321  1.55568e+06  2.07728  4 
0.660559  0.341299  1.86864e+06  1.36519  4 
0.563656  0.381628  1.6884e+06  1.52651  5 
0.883656  0.300992  2.2836e+06  1.20397  5 
0.654237  0.360675  1.85688e+06  1.4427  5 
0.655785  0.364957  1.85976e+06  1.45983  6 
0.572817  0.505236  1.70544e+06  2.02094  6 
0.632172  0.387146  1.81584e+06  1.54858  6 
0.588043  0.425738  1.73376e+06  1.70295  6 
0.575656  0.445807  1.71072e+06  1.78323  6 
0.780688  0.38158  2.09208e+06  1.52632  7 
0.587398  0.47191  1.73256e+06  1.88764  7 
0.60572  0.433539  1.76664e+06  1.73415  7 
0.69514  0.406102  1.93296e+06  1.62441  7 
0.691398  0.457735  1.926e+06  1.83094  8 
0.720946  0.445915  1.98096e+06  1.78366  8 
0.789462  0.387718  2.1084e+06  1.55087  8 
0.680946  0.466613  1.90656e+06  1.86645  8 
0.819011  0.431204  2.16336e+06  1.72481  9 
0.840153  12951.4  2.20268e+06  51805.5  10 
0.853386  27805.1  2.2273e+06  111220  11 
0.945277  56014.1  2.39821e+06  224056  12 
0.981875  111972  2.46629e+06  447888  13 
1.0573  93106.3  2.60658e+06  372425  13 
1.02402  135229  2.54467e+06  540914  14 
1.06279  125000  2.6168e+06  499999  14 
1.3368  311271  3.12644e+06  1.24508e+06  15 
1.341  239127  3.13427e+06  956510  15 
1.42324  273045  3.28722e+06  1.09218e+06  16 
1.3915  318286  3.22818e+06  1.27314e+06  16 
1.50073  281659  3.43135e+06  1.12663e+06  17 
1.43523  301543  3.30953e+06  1.20617e+06  17 
1.6466  381172  3.70268e+06  1.52469e+06  18 
1.64904  388184  3.70721e+06  1.55274e+06  19 
1.87262  485249  4.12307e+06  1.941e+06  20 
1.95366  538951  4.2738e+06  2.1558e+06  21 
1.97199  536796  4.3079e+06  2.14718e+06  21 
1.92161  560469  4.21419e+06  2.24188e+06  21 
2.15015  633382  4.63929e+06  2.53353e+06  22 
2.4795  740027  5.25187e+06  2.96011e+06  23 
2.72029  906414  5.69974e+06  3.62566e+06  24 
2.81008  932510  5.86676e+06  3.73004e+06  25 
3.03922  1.00306e+06  6.29294e+06  4.01222e+06  26 
3.20615  1.21562e+06  6.60344e+06  4.86248e+06  27 
3.46014  1.27505e+06  7.07587e+06  5.10019e+06  28 
3.45413  1.28389e+06  7.06467e+06  5.13555e+06  28 
3.65665  1.32862e+06  7.44138e+06  5.3145e+06  29 
3.53798  1.45002e+06  7.22065e+06  5.80009e+06  29 
3.85943  1.42964e+06  7.81854e+06  5.71854e+06  30 
4.42006  1.66633e+06  8.86131e+06  6.66531e+06  31 
4.44759  1.78023e+06  8.91251e+06  7.12092e+06  32 
4.5408  1.77293e+06  9.08589e+06  7.09173e+06  32 
4.57792  1.70715e+06  9.15493e+06  6.82861e+06  32 
4.93934  1.9219e+06  9.82718e+06  7.68758e+06  33 
5.20732  2.1152e+06  1.03256e+07  8.46081e+06  34 
5.54908  2.2836e+06  1.09613e+07  9.13441e+06  35 
5.67638  2.33554e+06  1.11981e+07  9.34215e+06  36 

0.222108  0.508901  1.05312e+06  2.03561  0 
0.823914  0.21295  2.17248e+06  0.851799  0 
0.539527  0.226409  1.64352e+06  0.905637  0 
0.327269  0.305916  1.24872e+06  1.22366  0 
0.487269  0.249447  1.54632e+06  0.997787  0 
0.44043  0.258725  1.4592e+06  1.0349  0 
0.291398  0.414198  1.182e+06  1.65679  0 
0.356559  0.270566  1.3032e+06  1.08226  0 
0.305333  0.319448  1.20792e+06  1.27779  0 
0.407656  0.262303  1.39824e+06  1.04921  0 
0.322624  0.306032  1.24008e+06  1.22413  0 
0.289075  0.474578  1.17768e+06  1.89831  0 
0.313591  0.318364  1.22328e+06  1.27346  0 
0.335656  0.347087  1.26432e+06  1.38835  1 
0.321849  0.393507  1.23864e+06  1.57403  2 
0.33372  0.37025  1.26072e+06  1.481  3 
0.364559  0.304228  1.31808e+06  1.21691  0 
0.50172  0.26034  1.5732e+06  1.04136  0 
0.348946  0.307344  1.28904e+06  1.22938  0 
0.418237  0.268452  1.41792e+06  1.07381  0 
0.401978  0.289793  1.38768e+06  1.15917  0 
0.298495  0.484051  1.1952e+06  1.9362  1 
0.703269  0.235822  1.94808e+06  0.943289  1 
0.523398  0.250069  1.61352e+06  1.00028  2 
0.605333  0.243547  1.76592e+06  0.974188  1 
0.392172  0.296697  1.36944e+06  1.18679  1 
0.51372  0.258207  1.59552e+06  1.03283  1 
0.343914  0.343418  1.27968e+06  1.37367  2 
0.331269  0.417021  1.25616e+06  1.66808  2 
0.754237  0.245139  2.04288e+06  0.980556  1 
0.32572  0.424589  1.24584e+06  1.69836  4 
0.593333  0.250314  1.7436e+06  1.00126  3 
0.422237  0.279552  1.42536e+06  1.11821  2 
0.409591  0.293105  1.40184e+06  1.17242  2 
0.478753  0.270622  1.53048e+06  1.08249  4 
0.407656  0.29981  1.39824e+06  1.19924  0 
0.303535  484.216  1.20458e+06  1936.86  1 
0.56043  0.255677  1.6824e+06  1.02271  0 
0.586237  0.254027  1.7304e+06  1.01611  3 
0.317333  0.529058  1.23024e+06  2.11623  3 
0.321462  0.486847  1.23792e+06  1.94739  2 
0.809462  0.242665  2.1456e+06  0.970659  2 
0.351398  0.309808  1.2936e+06  1.23923  1 
0.524559  0.26728  1.61568e+06  1.06912  2 
0.377591  0.311243  1.34232e+06  1.24497  2 
0.537333  0.271391  1.63944e+06  1.08556  0 
0.552817  0.26766  1.66824e+06  1.07064  2 
0.326366  0.428708  1.24704e+06  1.71483  2 
0.353978  0.385571  1.2984e+06  1.54228  3 
0.638237  0.253131  1.82712e+06  1.01252  3 
0.42572  0.279644  1.43184e+06  1.11857  1 
0.566108  0.262253  1.69296e+06  1.04901  4 
0.501333  0.27903  1.57248e+06  1.11612  3 
0.414108  0.302896  1.41024e+06  1.21158  3 
0.572688  0.261129  1.7052e+06  1.04451  0 
0.503656  0.271394  1.5768e+06  1.08557  1 
0.383914  0.346738  1.35408e+06  1.38695  4 
0.60443  0.262542  1.76424e+06  1.05017  5 
0.469462  0.280942  1.5132e+06  1.12377  0 
0.465075  0.28262  1.50504e+06  1.13048  2 
0.421333  0.330355  1.42368e+06  1.32142  4 
0.559914  0.270146  1.68144e+06  1.08058  3 
0.452301  0.290022  1.48128e+06  1.16009  0 
0.680301  0.259786  1.90536e+06  1.03914  4 
0.41772  0.33192  1.41696e+06  1.32768  4 
0.595914  0.269327  1.7484e+06  1.07731  5 
0.336946  0.445854  1.26672e+06  1.78341  2 
0.360688  0.422368  1.31088e+06  1.68947  5 
0.536559  0.275069  1.638e+06  1.10027  2 
0.428172  0.296607  1.4364e+06  1.18643  1 
0.440688  0.290581  1.45968e+06  1.16232  1 
0.381075  0.401555  1.3488e+06  1.60622  4 
0.379785  0.407154  1.3464e+06  1.62862  4 
0.777075  0.253768  2.08536e+06  1.01507  4 
0.57772  0.279649  1.71456e+06  1.1186  5 
0.513462  0.291313  1.59504e+06  1.16525  4 
0.799398  0.258923  2.12688e+06  1.03569  1 
0.388946  0.369786  1.36344e+06  1.47914  3 
0.429849  0.296869  1.43952e+06  1.18748  3 
0.506108  0.296325  1.58136e+06  1.1853  1 
0.530624  0.283119  1.62696e+06  1.13247  4 
0.364172  0.446511  1.31736e+06  1.78605  6 
0.65372  0.265928  1.85592e+06  1.06371  5 
0.682366  0.261059  1.9092e+06  1.04424  4 
0.442495  0.356461  1.46304e+06  1.42584  5 
0.505075  0.298792  1.57944e+06  1.19517  2 
0.448301  0.305613  1.47384e+06  1.22245  4 
0.566495  0.284295  1.69368e+06  1.13718  2 
0.445462  0.348153  1.46856e+06  1.39261  1 
0.390366  0.49851  1.36608e+06  1.99404  0 
0.541462  0.287632  1.64712e+06  1.15053  1 
0.445849  0.319624  1.46928e+06  1.2785  4 
0.496301  0.30049  1.56312e+06  1.20196  4 
0.452559  0.304833  1.48176e+06  1.21933  1 
0.517204  0.296583  1.602e+06  1.18633  5 
0.390624  0.401848  1.36656e+06  1.60739  4 
0.523656  0.294386  1.614e+06  1.17754  0 
0.468301  0.322355  1.51104e+06  1.28942  5 
0.554753  0.298348  1.67184e+06  1.19339  0 
0.570753  0.289381  1.7016e+06  1.15753  5 

0.215398  0.508264  1.04064e+06  2.03305  0 
0.855269  0.211099  2.2308e+06  0.844396  0 
0.523656  0.223155  1.614e+06  0.892621  0 
0.29514  0.283424  1.18896e+06  1.1337  0 
0.226495  0.349547  1.06128e+06  1.39819  0 
0.463656  0.228926  1.5024e+06  0.915702  0 
0.413333  0.242244  1.4088e+06  0.968975  0 
0.373849  0.249611  1.33536e+06  0.998442  0 
0.34714  0.255465  1.28568e+06  1.02186  0 
0.273462  0.327759  1.14864e+06  1.31103  0 
0.32714  0.271265  1.24848e+06  1.08506  1 
0.751011  0.215404  2.03688e+06  0.861616  1 
0.719914  0.215676  1.97904e+06  0.862704  0 
0.689075  0.216656  1.92168e+06  0.866622  0 
0.458108  0.237031  1.49208e+06  0.948124  0 
0.321849  0.279293  1.23864e+06  1.11717  0 
0.661462  0.219152  1.87032e+06  0.876609  0 
0.409591  0.243426  1.40184e+06  0.973703  0 
0.647914  0.219576  1.84512e+06  0.878306  0 
0.344172  0.257308  1.28016e+06  1.02923  0 
0.625333  0.221472  1.80312e+06  0.885889  0 
0.383269  0.248824  1.35288e+06  0.995298  0 
0.501204  0.228817  1.57224e+06  0.915267  0 
0.44443  0.2422  1.46664e+06  0.968798  0 
0.515656  0.232874  1.59912e+06  0.931496  0 
0.259656  0.378517  1.12296e+06  1.51407  2 
0.337204  0.274463  1.2672e+06  1.09785  0 
0.34443  0.272429  1.28064e+06  1.08971  0 
0.480817  0.238844  1.53432e+06  0.955377  0 
0.432043  0.249527  1.4436e+06  0.998109  1 
0.424172  0.251456  1.42896e+06  1.00583  0 
0.493591  0.238765  1.55808e+06  0.955061  0 
0.533075  0.22603  1.63152e+06  0.904121  0 
0.655527  0.220948  1.85928e+06  0.883792  1 
0.375656  0.265438  1.33872e+06  1.06175  1 
0.280172  0.328457  1.16112e+06  1.31383  0 
0.526237  0.232198  1.6188e+06  0.928791  1 
0.642624  0.223551  1.83528e+06  0.894204  1 
0.32043  0.289533  1.236e+06  1.15813  1 
0.823656  0.215679  2.172e+06  0.862717  1 
0.304688  0.318378  1.20672e+06  1.27351  1 
0.508817  0.235003  1.5864e+06  0.940012  2 
0.416172  0.254737  1.41408e+06  1.01895  1 
0.711785  0.218264  1.96392e+06  0.873057  1 
0.430366  0.250366  1.44048e+06  1.00146  1 
0.461591  0.24069  1.49856e+06  0.962759  1 
0.559398  0.22383  1.68048e+06  0.895318  1 
0.36843  0.265762  1.32528e+06  1.06305  1 
0.319656  0.306801  1.23456e+06  1.22721  2 
0.393849  0.261571  1.37256e+06  1.04628  2 
0.409204  0.258224  1.40112e+06  1.0329  2 
0.497075  0.237824  1.56456e+06  0.951296  1 
0.449591  0.244238  1.47624e+06  0.976952  1 
0.589462  0.228742  1.7364e+06  0.914969  1 
0.430237  0.254915  1.44024e+06  1.01966  2 
0.318882  0.322235  1.23312e+06  1.28894  0 
0.428301  0.257347  1.43664e+06  1.02939  0 
0.505075  0.238502  1.57944e+06  0.954008  0 
0.349204  0.272642  1.28952e+06  1.09057  0 
0.506366  0.238375  1.58184e+06  0.953499  0 
0.329075  0.304073  1.25208e+06  1.21629  0 
0.26972  0.499593  1.14168e+06  1.99837  2 
0.665333  0.222503  1.87752e+06  0.890011  1 
0.54172  0.232927  1.6476e+06  0.931709  0 
0.590882  0.228027  1.73904e+06  0.912107  0 
0.31772  0.332197  1.23096e+06  1.32879  2 
0.372817  0.266235  1.33344e+06  1.06494  1 
0.292043  0.342705  1.1832e+06  1.37082  1 
0.731785  0.221127  2.00112e+06  0.88451  1 
0.477333  0.24177  1.52784e+06  0.967081  0 
0.306366  0.33901  1.20984e+06  1.35604  0 
0.316946  0.33804  1.22952e+06  1.35216  2 
0.525462  0.233768  1.61736e+06  0.935073  0 
0.28043  0.365912  1.1616e+06  1.46365  1 
0.444946  0.254398  1.4676e+06  1.01759  1 
0.411914  0.263707  1.40616e+06  1.05483  3 
0.416946  0.258637  1.41552e+06  1.03455  2 
0.682753  0.222401  1.90992e+06  0.889602  0 
0.271011  0.493279  1.14408e+06  1.97312  1 
0.338108  0.303347  1.26888e+06  1.21339  3 
0.574366  0.231337  1.70832e+06  0.925348  0 
0.492688  0.240388  1.5564e+06  0.961554  3 
0.713333  0.221713  1.9668e+06  0.886851  0 
0.341075  0.282117  1.2744e+06  1.12847  2 
0.580688  0.229016  1.72008e+06  0.916063  1 
0.761333  0.219796  2.05608e+06  0.879183  1 
0.601204  0.226545  1.75824e+06  0.906178  0 
0.613462  0.224385  1.78104e+06  0.89754  1 
0.451656  0.244692  1.48008e+06  0.978768  2 
0.462882  0.262336  1.50096e+06  1.04934  0 
0.533075  0.234995  1.63152e+06  0.939979  0 
0.52572  0.23808  1.61784e+06  0.95232  0 
0.678237  0.22424  1.90152e+06  0.896961  2 
0.315527  0.375772  1.22688e+06  1.50309  1 
0.451914  0.271997  1.48056e+06  1.08799  1 
0.479785  0.254187  1.5324e+06  1.01675  0 
0.60172  0.229739  1.7592e+06  0.918957  0 
0.692559  0.223993  1.92816e+06  0.895972  0 
0.716172  0.222348  1.97208e+06  0.889392  1 
0.710882  0.222709  1.96224e+06  0.890836  1 

0.197462  0.51824  1.00728e+06  2.07296  0 
0.747656  0.20621  2.03064e+06  0.824839  0 
0.446237  0.226137  1.47e+06  0.904549  0 
0.24172  0.315983  1.0896e+06  1.26393  0 
0.368043  0.24315  1.32456e+06  0.9726  0 
0.315269  0.260599  1.2264e+06  1.04239  0 
0.204817  0.456623  1.02096e+06  1.82649  0 
0.282753  0.283816  1.16592e+06  1.13526  0 
0.222882  0.437166  1.05456e+06  1.74866  0 
0.716559  0.2091  1.9728e+06  0.8364  0 
0.263656  0.301069  1.1304e+06  1.20428  0 
0.698366  0.211253  1.93896e+06  0.845014  0 
0.682366  0.21137  1.9092e+06  0.845481  0 
0.34572  0.247501  1.28304e+06  0.990006  0 
0.657333  0.213071  1.86264e+06  0.852285  0 
0.624688  0.213302  1.80192e+06  0.853208  0 
0.270495  0.286576  1.14312e+06  1.1463  0 
0.430108  0.2309  1.44e+06  0.923602  0 
0.420817  0.233367  1.42272e+06  0.933469  0 
0.587011  0.216852  1.73184e+06  0.867409  0 
0.306495  0.265961  1.21008e+06  1.06385  0 
0.333978  0.252881  1.2612e+06  1.01152  1 
0.39772  0.23546  1.37976e+06  0.94184  0 
0.560559  0.218896  1.68264e+06  0.875584  0 
0.549462  0.219941  1.662e+06  0.879764  0 
0.39114  0.237312  1.36752e+06  0.949248  0 
0.542237  0.220324  1.64856e+06  0.881294  0 
0.50843  0.220875  1.58568e+06  0.883499  0 
0.299269  0.278702  1.19664e+06  1.11481  0 
0.361978  0.244348  1.31328e+06  0.977393  0 
0.260817  0.310518  1.12512e+06  1.24207  0 
0.331527  0.257832  1.25664e+06  1.03133  0 
0.293849  0.281496  1.18656e+06  1.12598  0 
0.498624  0.223848  1.56744e+06  0.895393  0 
0.386624  0.241137  1.35912e+06  0.96455  0 
0.494753  0.224404  1.56024e+06  0.897615  0 
0.240301  0.344207  1.08696e+06  1.37683  1 
0.581204  0.217499  1.72104e+06  0.869997  0 
0.414624  0.234094  1.4112e+06  0.936377  0 
0.442495  0.229551  1.46304e+06  0.918204  0 
0.240817  0.324368  1.08792e+06  1.29747  1 
0.314753  0.264301  1.22544e+06  1.0572  0 
0.346882  0.262912  1.2852e+06  1.05165  0 
0.640301  0.215924  1.83096e+06  0.863696  1 
0.396559  0.241971  1.3776e+06  0.967884  0 
0.324172  0.269823  1.24296e+06  1.07929  1 
0.609978  0.217494  1.77456e+06  0.869977  1 
0.471398  0.230905  1.5168e+06  0.923621  0 
0.833204  0.206927  2.18976e+06  0.827708  1 
0.654882  0.214629  1.85808e+06  0.858516  0 
0.482753  0.228878  1.53792e+06  0.915513  0 
0.372043  0.246749  1.332e+06  0.986995  1 
0.262366  0.31998  1.128e+06  1.27992  1 
0.682108  0.21366  1.90872e+06  0.85464  1 
0.336301  0.267607  1.26552e+06  1.07043  0 
0.35643  0.259961  1.30296e+06  1.03985  1 
0.552946  0.220655  1.66848e+06  0.882621  0 
0.41514  0.235925  1.41216e+06  0.9437  1 
0.717075  0.20939  1.97376e+06  0.837558  1 
0.458624  0.231096  1.49304e+06  0.924383  1 
0.321462  0.282418  1.23792e+06  1.12967  1 
0.409333  0.237445  1.40136e+06  0.949781  1 
0.527785  0.222919  1.62168e+06  0.891674  1 
0.24972  0.456324  1.10448e+06  1.8253  2 
0.683527  0.212565  1.91136e+06  0.850258  1 
0.271011  0.287902  1.14408e+06  1.15161  0 
0.430495  0.231888  1.44072e+06  0.927554  0 
0.543914  0.221011  1.65168e+06  0.884043  0 
0.323398  0.278549  1.24152e+06  1.11419  1 
0.404301  0.240675  1.392e+06  0.962698  1 
0.486882  0.228658  1.5456e+06  0.914632  1 
0.499656  0.224045  1.56936e+06  0.896179  1 
0.653462  0.215668  1.85544e+06  0.862672  1 
0.284946  0.285811  1.17e+06  1.14324  1 
0.784817  0.209272  2.09976e+06  0.83709  0 
0.392172  0.243377  1.36944e+06  0.973509  0 
0.241462  0.480476  1.08912e+06  1.9219  1 
0.368043  0.256165  1.32456e+06  1.02466  1 
0.305978  0.283783  1.20912e+06  1.13513  1 
0.44972  0.231511  1.47648e+06  0.926043  1 
0.583398  0.217849  1.72512e+06  0.871395  0 
0.481075  0.229465  1.5348e+06  0.91786  1 
0.354624  0.260231  1.2996e+06  1.04092  0 
0.427914  0.239172  1.43592e+06  0.956687  0 
0.357204  0.262973  1.3044e+06  1.05189  0 
0.325075  0.28219  1.24464e+06  1.12876  0 
0.323527  0.283198  1.24176e+06  1.13279  0 
0.391011  0.249637  1.36728e+06  0.998547  0 
0.293333  0.315829  1.1856e+06  1.26332  0 
0.594366  0.220083  1.74552e+06  0.880332  0 
0.718366  0.210238  1.97616e+06  0.840951  2 
0.342882  0.270027  1.27776e+06  1.08011  1 
0.549978  0.221599  1.66296e+06  0.886395  0 
0.658366  0.217735  1.86456e+06  0.870939  0 
0.43514  0.233463  1.44936e+06  0.933852  1 
0.295914  0.298754  1.1904e+06  1.19502  1 
0.545978  0.222621  1.65552e+06  0.890484  0 
0.305978  0.287294  1.20912e+06  1.14918  2 
0.275785  0.319316  1.15296e+06  1.27727  0 
0.505849  0.22508  1.58088e+06  0.900321  2 

0.18443  0.389036  983040  1.55614  0 
0.796559  0.204678  2.1216e+06  0.818714  0 
0.618495  0.212108  1.7904e+06  0.848432  0 
0.450108  0.222067  1.4772e+06  0.888268  0 
0.314108  0.250792  1.22424e+06  1.00317  0 
0.217204  0.302418  1.044e+06  1.20967  0 
0.265075  0.264342  1.13304e+06  1.05737  0 
0.418624  0.225197  1.41864e+06  0.90079  0 
0.190237  0.365275  993840  1.4611  0 
0.397204  0.2278  1.3788e+06  0.9112  0 
0.374882  0.230681  1.33728e+06  0.922724  0 
0.195785  0.349581  1.00416e+06  1.39832  0 
0.360172  0.237426  1.30992e+06  0.949705  0 
0.205849  0.331454  1.02288e+06  1.32582  0 
0.349591  0.240187  1.29024e+06  0.960749  0 
0.331914  0.240673  1.25736e+06  0.962692  0 
0.604043  0.212351  1.76352e+06  0.849402  0 
0.591785  0.212478  1.74072e+06  0.84991  0 
0.255527  0.280193  1.11528e+06  1.12077  0 
0.303527  0.255591  1.20456e+06  1.02237  0 
0.583398  0.214055  1.72512e+06  0.856218  0 
0.574108  0.214236  1.70784e+06  0.856943  0 
0.772043  0.205083  2.076e+06  0.820334  0 
0.553978  0.215295  1.6704e+06  0.861181  0 
0.752172  0.205393  2.03904e+06  0.821572  0 
0.730495  0.205674  1.99872e+06  0.822696  0 
0.544688  0.216266  1.65312e+06  0.865063  0 
0.228043  0.296695  1.06416e+06  1.18678  0 
0.538882  0.216939  1.64232e+06  0.867756  0 
0.51514  0.216971  1.59816e+06  0.867884  0 
0.327011  0.244656  1.24824e+06  0.978626  0 
0.321591  0.245947  1.23816e+06  0.983789  0 
0.291656  0.259802  1.18248e+06  1.03921  0 
0.722495  0.207944  1.98384e+06  0.831776  0 
0.707269  0.207992  1.95552e+06  0.831966  0 
0.501333  0.218026  1.57248e+06  0.872106  0 
0.490495  0.2187  1.55232e+06  0.874801  0 
0.213849  0.304003  1.03776e+06  1.21601  0 
0.371785  0.232604  1.33152e+06  0.930414  0 
0.693849  0.20947  1.93056e+06  0.83788  0 
0.487785  0.219499  1.54728e+06  0.877996  0 
0.262624  0.276598  1.12848e+06  1.10639  0 
0.289075  0.26198  1.17768e+06  1.04792  0 
0.328946  0.242572  1.25184e+06  0.970288  0 
0.35514  0.238202  1.30056e+06  0.952806  0 
0.651011  0.210355  1.85088e+06  0.841421  0 
0.309204  0.253933  1.21512e+06  1.01573  0 
0.290108  0.260609  1.1796e+06  1.04244  0 
0.392946  0.229415  1.37088e+06  0.917661  0 
0.443011  0.223944  1.464e+06  0.895777  0 
0.257204  0.279122  1.1184e+06  1.11649  0 
0.316817  0.249847  1.22928e+06  0.999388  0 
0.435656  0.22427  1.45032e+06  0.89708  0 
0.466108  0.221202  1.50696e+06  0.884806  0 
0.648043  0.211249  1.84536e+06  0.844997  0 
0.353591  0.239365  1.29768e+06  0.957459  0 
0.27914  0.263543  1.1592e+06  1.05417  0 
0.369333  0.236841  1.32696e+06  0.947365  0 
0.693075  0.20995  1.92912e+06  0.839801  0 
0.727011  0.207542  1.99224e+06  0.830168  0 
0.367011  0.237112  1.32264e+06  0.94845  0 
0.429591  0.224886  1.43904e+06  0.899543  0 
0.569462  0.215084  1.6992e+06  0.860336  0 
0.541075  0.216755  1.6464e+06  0.867018  0 
0.644301  0.211966  1.8384e+06  0.847865  0 
0.639785  0.211991  1.83e+06  0.847964  0 
0.498624  0.218602  1.56744e+06  0.874409  0 
0.625204  0.212041  1.80288e+06  0.848164  0 
0.553462  0.218041  1.66944e+06  0.872163  0 
0.524301  0.218437  1.6152e+06  0.87375  0 
0.40572  0.228769  1.39464e+06  0.915076  0 
0.464043  0.226724  1.50312e+06  0.906895  0 
0.331785  0.248471  1.25712e+06  0.993886  0 
0.277075  0.277853  1.15536e+06  1.11141  0 
0.334237  0.244652  1.26168e+06  0.978608  0 
0.363011  0.239292  1.3152e+06  0.95717  0 
0.369849  0.238199  1.32792e+06  0.952798  0 
0.26043  0.293054  1.1244e+06  1.17222  0 
0.743656  0.206865  2.0232e+06  0.82746  0 
0.392688  0.233862  1.3704e+06  0.935447  0 
0.223785  0.302879  1.05624e+06  1.21152  0 
0.218366  0.303873  1.04616e+06  1.21549  0 
0.261204  0.283581  1.12584e+06  1.13432  0 
0.436688  0.227185  1.45224e+06  0.908739  0 
0.191656  0.384185  996480  1.53674  0 
0.492559  0.221708  1.55616e+06  0.886833  0 
0.287011  0.263581  1.17384e+06  1.05432  0 
0.355527  0.24104  1.30128e+06  0.964159  0 
0.259011  0.295342  1.12176e+06  1.18137  0 
0.343269  0.241417  1.27848e+06  0.965669  0 
0.373591  0.234333  1.33488e+06  0.937334  0 
0.326882  0.249235  1.248e+06  0.996941  0 
0.721075  0.208972  1.9812e+06  0.835887  0 
0.359656  0.239656  1.30896e+06  0.958626  0 
0.465978  0.224218  1.50672e+06  0.896874  0 
0.702753  0.209521  1.94712e+06  0.838086  0 
0.408301  0.22859  1.39944e+06  0.914361  0 
0.425333  0.227444  1.43112e+06  0.909775  0 
0.598753  0.213702  1.75368e+06  0.854809  0 
0.316559  0.256399  1.2288e+06  1.0256  0 

0.178108  0.388884  971280  1.55554  0 
0.881462  0.202933  2.27952e+06  0.811731  0 
0.698495  0.207463  1.9392e+06  0.829853  0 
0.508559  0.214399  1.58592e+06  0.857596  0 
0.345333  0.229573  1.28232e+06  0.91829  0 
0.235656  0.279675  1.07832e+06  1.1187  0 
0.180559  0.334415  975840  1.33766  0 
0.304301  0.239922  1.206e+06  0.95969  0 
0.274624  0.251004  1.1508e+06  1.00402  0 
0.210366  0.305744  1.03128e+06  1.22297  0 
0.256817  0.261864  1.11768e+06  1.04745  0 
0.192301  0.317192  997680  1.26877  0 
0.490495  0.216236  1.55232e+06  0.864946  0 
0.472301  0.216662  1.51848e+06  0.866646  0 
0.461075  0.218274  1.4976e+06  0.873094  0 
0.221849  0.294696  1.05264e+06  1.17878  0 
0.446495  0.219973  1.47048e+06  0.879892  0 
0.287656  0.241674  1.17504e+06  0.966696  0 
0.428688  0.220627  1.43736e+06  0.882509  0 
0.24843  0.269166  1.10208e+06  1.07666  0 
0.337204  0.231485  1.2672e+06  0.925938  0 
0.200817  0.309724  1.01352e+06  1.2389  0 
0.412817  0.222278  1.40784e+06  0.889114  0 
0.404559  0.222285  1.39248e+06  0.889141  0 
0.325591  0.232744  1.2456e+06  0.930977  0 
0.214108  0.299419  1.03824e+06  1.19767  0 
0.659527  0.20808  1.86672e+06  0.832322  0 
0.229849  0.286725  1.06752e+06  1.1469  0 
0.268946  0.255277  1.14024e+06  1.02111  0 
0.385978  0.223907  1.35792e+06  0.895629  0 
0.249849  0.264073  1.10472e+06  1.05629  0 
0.649849  0.209551  1.84872e+06  0.838202  0 
0.644946  0.209842  1.8396e+06  0.83937  0 
0.854237  0.203137  2.22888e+06  0.812546  0 
0.625075  0.210244  1.80264e+06  0.840976  0 
0.371398  0.225475  1.3308e+06  0.9019  0 
0.618882  0.210386  1.79112e+06  0.841542  0 
0.778624  0.203493  2.08824e+06  0.813972  0 
0.32172  0.234756  1.2384e+06  0.939025  0 
0.60972  0.21058  1.77408e+06  0.842322  0 
0.366882  0.225891  1.3224e+06  0.903563  0 
0.314882  0.23625  1.22568e+06  0.945  0 
0.558495  0.210855  1.6788e+06  0.843419  0 
0.310495  0.236388  1.21752e+06  0.945552  0 
0.217333  0.296101  1.04424e+06  1.18441  0 
0.225075  0.292045  1.05864e+06  1.16818  0 
0.76043  0.204922  2.0544e+06  0.819686  0 
0.756817  0.204923  2.04768e+06  0.81969  0 
0.362753  0.227191  1.31472e+06  0.908763  0 
0.245333  0.277419  1.09632e+06  1.10967  0 
0.24172  0.27742  1.0896e+06  1.10968  0 
0.703011  0.205385  1.9476e+06  0.821538  0 
0.536301  0.212527  1.63752e+06  0.850107  0 
0.308688  0.236552  1.21416e+06  0.94621  0 
0.264043  0.260205  1.13112e+06  1.04082  0 
0.281075  0.249376  1.1628e+06  0.997505  0 
0.36043  0.227969  1.3104e+06  0.911877  0 
0.212559  0.302622  1.03536e+06  1.21049  0 
0.190753  0.321609  994800  1.28644  0 
0.356817  0.228031  1.30368e+06  0.912124  0 
0.655785  0.2086  1.85976e+06  0.834398  0 
0.424946  0.221328  1.4304e+06  0.885313  0 
0.220946  0.295043  1.05096e+06  1.18017  0 
0.237075  0.27903  1.08096e+06  1.11612  0 
0.210495  0.305124  1.03152e+06  1.2205  0 
0.34443  0.230872  1.28064e+06  0.923487  0 
0.341462  0.230881  1.27512e+06  0.923523  0 
0.33514  0.232181  1.26336e+06  0.928723  0 
0.507398  0.215681  1.58376e+06  0.862725  0 
0.331914  0.232189  1.25736e+06  0.928756  0 
0.445978  0.220106  1.46952e+06  0.880425  0 
0.471785  0.21668  1.51752e+06  0.866722  0 
0.247914  0.27639  1.10112e+06  1.10556  0 
0.403269  0.223404  1.39008e+06  0.893618  0 
0.457978  0.219492  1.49184e+06  0.877967  0 
0.443011  0.220164  1.464e+06  0.880656  0 
0.530237  0.213972  1.62624e+06  0.85589  0 
0.508172  0.21446  1.5852e+06  0.857839  0 
0.273591  0.254993  1.14888e+06  1.01997  0 
0.18314  0.334163  980640  1.33665  0 
0.300817  0.24143  1.19952e+06  0.965718  0 
0.642237  0.210026  1.83456e+06  0.840104  0 
0.330366  0.232542  1.25448e+06  0.930168  0 
0.261462  0.261662  1.12632e+06  1.04665  0 
0.256688  0.263656  1.11744e+06  1.05462  0 
0.470882  0.218166  1.51584e+06  0.872666  0 
0.253462  0.26397  1.11144e+06  1.05588  0 
0.646495  0.209786  1.84248e+06  0.839145  0 
0.216817  0.299369  1.04328e+06  1.19747  0 
0.700559  0.207415  1.94304e+06  0.82966  0 
0.330237  0.232737  1.25424e+06  0.930949  0 
0.384559  0.225469  1.35528e+06  0.901876  0 
0.210366  0.305744  1.03128e+06  1.22297  0 
0.384559  0.225469  1.35528e+06  0.901876  0 
0.308688  0.236552  1.21416e+06  0.94621  0 
0.625075  0.210244  1.80264e+06  0.840976  0 
0.362753  0.227191  1.31472e+06  0.908763  0 
0.24172  0.27742  1.0896e+06  1.10968  0 
0.230237  0.304836  1.06824e+06  1.21934  0 
0.289462  0.253077  1.1784e+06  1.01231  0 

0.159785  0.432071  937200  1.72828  0 
0.778882  0.200906  2.08872e+06  0.803622  0 
0.517978  0.209322  1.60344e+06  0.837287  0 
0.318366  0.233842  1.23216e+06  0.935369  0 
0.184043  0.310193  982320  1.24077  0 
0.26172  0.258087  1.1268e+06  1.03235  0 
0.229849  0.279774  1.06752e+06  1.1191  0 
0.293333  0.23604  1.1856e+06  0.944158  0 
0.493075  0.211895  1.55712e+06  0.84758  0 
0.204688  0.289031  1.02072e+06  1.15613  0 
0.467269  0.213936  1.50912e+06  0.855746  0 
0.445978  0.214617  1.46952e+06  0.858467  0 
0.167527  0.367618  951600  1.47047  0 
0.429978  0.216973  1.43976e+06  0.867892  0 
0.241591  0.264598  1.08936e+06  1.05839  0 
0.169591  0.351206  955440  1.40482  0 
0.279398  0.243359  1.15968e+06  0.973437  0 
0.415914  0.220595  1.4136e+06  0.88238  0 
0.398495  0.220667  1.3812e+06  0.882667  0 
0.171527  0.338108  959040  1.35243  0 
0.38443  0.223185  1.35504e+06  0.892742  0 
0.174108  0.326847  963840  1.30739  0 
0.372043  0.224456  1.332e+06  0.897823  0 
0.35514  0.224863  1.30056e+06  0.899453  0 
0.270753  0.246815  1.1436e+06  0.987259  0 
0.34843  0.225534  1.28808e+06  0.902135  0 
0.338108  0.227328  1.26888e+06  0.909312  0 
0.771656  0.203385  2.07528e+06  0.813541  0 
0.75914  0.203502  2.052e+06  0.814007  0 
0.75372  0.203717  2.04192e+06  0.814869  0 
0.218624  0.283628  1.04664e+06  1.13451  0 
0.23643  0.274627  1.07976e+06  1.09851  0 
0.725978  0.204378  1.99032e+06  0.817513  0 
0.333333  0.228964  1.26e+06  0.915857  0 
0.288688  0.237932  1.17696e+06  0.951729  0 
0.327785  0.229208  1.24968e+06  0.916831  0 
0.20043  0.302624  1.0128e+06  1.21049  0 
0.257591  0.258942  1.11912e+06  1.03577  0 
0.703011  0.205385  1.9476e+06  0.821538  0 
0.684043  0.205978  1.91232e+06  0.823914  0 
0.233333  0.274794  1.074e+06  1.09918  0 
0.215656  0.285287  1.04112e+06  1.14115  0 
0.254753  0.26139  1.11384e+06  1.04556  0 
0.681204  0.206441  1.90704e+06  0.825764  0 
0.201978  0.2993  1.01568e+06  1.1972  0 
0.668946  0.206831  1.88424e+06  0.827323  0 
0.504043  0.209446  1.57752e+06  0.837783  0 
0.225591  0.281644  1.0596e+06  1.12657  0 
0.488817  0.212058  1.5492e+06  0.848233  0 
0.251785  0.262726  1.10832e+06  1.0509  0 
0.268946  0.25044  1.14024e+06  1.00176  0 
0.249075  0.262841  1.10328e+06  1.05136  0 
0.479656  0.212311  1.53216e+06  0.849242  0 
0.181075  0.325234  976800  1.30094  0 
0.311785  0.234559  1.21992e+06  0.938237  0 
0.282495  0.241958  1.16544e+06  0.967833  0 
0.659527  0.20808  1.86672e+06  0.832322  0 
0.648688  0.208134  1.84656e+06  0.832535  0 
0.319914  0.232753  1.23504e+06  0.931013  0 
0.444688  0.215915  1.46712e+06  0.863661  0 
0.308301  0.235012  1.21344e+06  0.940048  0 
0.639527  0.208351  1.82952e+06  0.833404  0 
0.196817  0.309265  1.00608e+06  1.23706  0 
0.178624  0.325924  972240  1.3037  0 
0.426624  0.219737  1.43352e+06  0.878946  0 
0.637462  0.208484  1.82568e+06  0.833934  0 
0.376301  0.223657  1.33992e+06  0.894628  0 
0.44043  0.216175  1.4592e+06  0.8647  0 
0.476043  0.213194  1.52544e+06  0.852776  0 
0.304688  0.235363  1.20672e+06  0.941452  0 
0.45914  0.213951  1.494e+06  0.855803  0 
0.474624  0.213284  1.5228e+06  0.853135  0 
0.253978  0.262111  1.1124e+06  1.04844  0 
0.333462  0.228377  1.26024e+06  0.913509  0 
0.160301  0.431516  938160  1.72606  0 
0.248301  0.264048  1.10184e+06  1.05619  0 
0.239527  0.274093  1.08552e+06  1.09637  0 
0.375785  0.223914  1.33896e+06  0.895655  0 
0.229333  0.280036  1.06656e+06  1.12015  0 
0.337591  0.227431  1.26792e+06  0.909725  0 
0.214366  0.28853  1.03872e+06  1.15412  0 
0.588172  0.208885  1.734e+06  0.835539  0 
0.17772  0.326419  970560  1.30567  0 
0.270366  0.249937  1.14288e+06  0.999746  0 
0.200043  0.308715  1.01208e+06  1.23486  0 
0.224817  0.283315  1.05816e+06  1.13326  0 
0.287656  0.241674  1.17504e+06  0.966696  0 
0.183785  0.324926  981840  1.29971  0 
0.383914  0.223414  1.35408e+06  0.893657  0 
0.388043  0.223001  1.36176e+06  0.892005  0 
0.678753  0.206672  1.90248e+06  0.826686  0 
0.503914  0.2112  1.57728e+06  0.844801  0 
0.175011  0.326724  965520  1.3069  0 
0.303656  0.235937  1.2048e+06  0.943747  0 
0.517591  0.209344  1.60272e+06  0.837375  0 
0.183269  0.325139  980880  1.30056  0 
0.51643  0.209421  1.60056e+06  0.837684  0 
0.299527  0.236037  1.19712e+06  0.944148  0 
0.169591  0.351206  955440  1.40482  0 
0.225978  0.300051  1.06032e+06  1.2002  0 

0.153075  0.434213  924720  1.73685  0 
0.789204  0.200721  2.10792e+06  0.802882  0 
0.523398  0.208429  1.61352e+06  0.833718  0 
0.313849  0.229892  1.22376e+06  0.91957  0 
0.184688  0.307866  983520  1.23146  0 
0.257849  0.257049  1.1196e+06  1.0282  0 
0.220817  0.279485  1.05072e+06  1.11794  0 
0.158366  0.336467  934560  1.34587  0 
0.293333  0.23604  1.1856e+06  0.944158  0 
0.502366  0.209566  1.5744e+06  0.838263  0 
0.48172  0.211277  1.536e+06  0.84511  0 
0.204172  0.288904  1.01976e+06  1.15562  0 
0.462366  0.213273  1.5e+06  0.85309  0 
0.445978  0.214617  1.46952e+06  0.858467  0 
0.277075  0.24194  1.15536e+06  0.967762  0 
0.241591  0.264598  1.08936e+06  1.05839  0 
0.42972  0.216156  1.43928e+06  0.864623  0 
0.415914  0.216517  1.4136e+06  0.86607  0 
0.401462  0.218105  1.38672e+06  0.872419  0 
0.230753  0.269595  1.0692e+06  1.07838  0 
0.171398  0.32663  958800  1.30652  0 
0.391785  0.220526  1.36872e+06  0.882104  0 
0.381849  0.22165  1.35024e+06  0.8866  0 
0.778882  0.200906  2.08872e+06  0.803622  0 
0.265978  0.249772  1.13472e+06  0.999089  0 
0.37372  0.222716  1.33512e+06  0.890864  0 
0.214108  0.279919  1.03824e+06  1.11968  0 
0.363656  0.223511  1.3164e+06  0.894046  0 
0.195398  0.301565  1.00344e+06  1.20626  0 
0.771011  0.202224  2.07408e+06  0.808897  0 
0.751398  0.202493  2.0376e+06  0.809971  0 
0.248172  0.258981  1.1016e+06  1.03592  0 
0.176301  0.32121  967920  1.28484  0 
0.746108  0.203108  2.02776e+06  0.812432  0 
0.358366  0.224603  1.30656e+06  0.89841  0 
0.733333  0.203208  2.004e+06  0.812833  0 
0.270495  0.244782  1.14312e+06  0.97913  0 
0.353462  0.224784  1.29744e+06  0.899136  0 
0.710366  0.203849  1.96128e+06  0.815398  0 
0.30443  0.231646  1.20624e+06  0.926583  0 
0.34843  0.225534  1.28808e+06  0.902135  0 
0.288688  0.237932  1.17696e+06  0.951729  0 
0.344172  0.225889  1.28016e+06  0.903558  0 
0.167398  0.330243  951360  1.32097  0 
0.180946  0.310162  976560  1.24065  0 
0.285075  0.238433  1.17024e+06  0.953731  0 
0.335914  0.226745  1.2648e+06  0.906979  0 
0.703011  0.205385  1.9476e+06  0.821538  0 
0.155785  0.425906  929760  1.70362  0 
0.684043  0.205978  1.91232e+06  0.823914  0 
0.282753  0.238744  1.16592e+06  0.954978  0 
0.333333  0.2276  1.26e+06  0.910401  0 
0.199914  0.299337  1.01184e+06  1.19735  0 
0.677333  0.206285  1.89984e+06  0.825142  0 
0.664172  0.206561  1.87536e+06  0.826245  0 
0.478882  0.211496  1.53072e+06  0.845984  0 
0.476559  0.211589  1.5264e+06  0.846357  0 
0.202624  0.295538  1.01688e+06  1.18215  0 
0.443269  0.214619  1.46448e+06  0.858477  0 
0.193075  0.306336  999120  1.22534  0 
0.441204  0.214697  1.46064e+06  0.85879  0 
0.657462  0.206989  1.86288e+06  0.827957  0 
0.323914  0.228491  1.24248e+06  0.913963  0 
0.496172  0.209929  1.56288e+06  0.839715  0 
0.622495  0.207211  1.79784e+06  0.828845  0 
0.492688  0.21007  1.5564e+06  0.840281  0 
0.385075  0.220541  1.35624e+06  0.882166  0 
0.439656  0.215067  1.45776e+06  0.860269  0 
0.474237  0.2122  1.52208e+06  0.848799  0 
0.264946  0.25539  1.1328e+06  1.02156  0 
0.48843  0.210271  1.54848e+06  0.841083  0 
0.21243  0.287909  1.03512e+06  1.15164  0 
0.28972  0.236946  1.17888e+06  0.947783  0 
0.450366  0.213636  1.47768e+06  0.854545  0 
0.208817  0.287979  1.0284e+06  1.15192  0 
0.175398  0.321666  966240  1.28667  0 
0.247011  0.263747  1.09944e+06  1.05499  0 
0.395785  0.219685  1.37616e+06  0.878741  0 
0.380817  0.221902  1.34832e+06  0.887607  0 
0.368559  0.222734  1.32552e+06  0.890935  0 
0.310108  0.230894  1.2168e+06  0.923578  0 
0.433462  0.215477  1.44624e+06  0.861909  0 
0.620043  0.207887  1.79328e+06  0.831546  0 
0.276559  0.243322  1.1544e+06  0.973287  0 
0.309591  0.230936  1.21584e+06  0.923744  0 
0.350366  0.225054  1.29168e+06  0.900215  0 
0.608172  0.207958  1.7712e+06  0.831833  0 
0.253849  0.258532  1.11216e+06  1.03413  0 
0.332817  0.228047  1.25904e+06  0.912186  0 
0.473204  0.212857  1.52016e+06  0.851426  0 
0.586108  0.20802  1.73016e+06  0.832078  0 
0.30172  0.235645  1.2012e+06  0.942581  0 
0.230366  0.270412  1.06848e+06  1.08165  0 
0.343785  0.226362  1.27944e+06  0.905449  0 
0.163011  0.336097  943200  1.34439  0 
0.282108  0.241586  1.16472e+06  0.966345  0 
0.469591  0.212923  1.51344e+06  0.851693  0 
0.342624  0.226399  1.27728e+06  0.905595  0 
0.217204  0.279576  1.044e+06  1.1183  0 
0.29772  0.235729  1.19376e+06  0.942917  0 

0.153075  0.434213  924720  1.73685  0 
0.789204  0.200721  2.10792e+06  0.802882  0 
0.523398  0.208429  1.61352e+06  0.833718  0 
0.313849  0.229892  1.22376e+06  0.91957  0 
0.184688  0.307866  983520  1.23146  0 
0.257849  0.257049  1.1196e+06  1.0282  0 
0.220817  0.279485  1.05072e+06  1.11794  0 
0.158366  0.336467  934560  1.34587  0 
0.293333  0.23604  1.1856e+06  0.944158  0 
0.502366  0.209566  1.5744e+06  0.838263  0 
0.48172  0.211277  1.536e+06  0.84511  0 
0.204172  0.288904  1.01976e+06  1.15562  0 
0.462366  0.213273  1.5e+06  0.85309  0 
0.445978  0.214617  1.46952e+06  0.858467  0 
0.277075  0.24194  1.15536e+06  0.967762  0 
0.241591  0.264598  1.08936e+06  1.05839  0 
0.42972  0.216156  1.43928e+06  0.864623  0 
0.415914  0.216517  1.4136e+06  0.86607  0 
0.401462  0.218105  1.38672e+06  0.872419  0 
0.230753  0.269595  1.0692e+06  1.07838  0 
0.171398  0.32663  958800  1.30652  0 
0.391785  0.220526  1.36872e+06  0.882104  0 
0.381849  0.22165  1.35024e+06  0.8866  0 
0.778882  0.200906  2.08872e+06  0.803622  0 
0.265978  0.249772  1.13472e+06  0.999089  0 
0.37372  0.222716  1.33512e+06  0.890864  0 
0.214108  0.279919  1.03824e+06  1.11968  0 
0.363656  0.223511  1.3164e+06  0.894046  0 
0.195398  0.301565  1.00344e+06  1.20626  0 
0.771011  0.202224  2.07408e+06  0.808897  0 
0.751398  0.202493  2.0376e+06  0.809971  0 
0.248172  0.258981  1.1016e+06  1.03592  0 
0.176301  0.32121  967920  1.28484  0 
0.746108  0.203108  2.02776e+06  0.812432  0 
0.358366  0.224603  1.30656e+06  0.89841  0 
0.733333  0.203208  2.004e+06  0.812833  0 
0.270495  0.244782  1.14312e+06  0.97913  0 
0.353462  0.224784  1.29744e+06  0.899136  0 
0.710366  0.203849  1.96128e+06  0.815398  0 
0.30443  0.231646  1.20624e+06  0.926583  0 
0.34843  0.225534  1.28808e+06  0.902135  0 
0.288688  0.237932  1.17696e+06  0.951729  0 
0.344172  0.225889  1.28016e+06  0.903558  0 
0.167398  0.330243  951360  1.32097  0 
0.180946  0.310162  976560  1.24065  0 
0.285075  0.238433  1.17024e+06  0.953731  0 
0.335914  0.226745  1.2648e+06  0.906979  0 
0.703011  0.205385  1.9476e+06  0.821538  0 
0.155785  0.425906  929760  1.70362  0 
0.684043  0.205978  1.91232e+06  0.823914  0 
0.282753  0.238744  1.16592e+06  0.954978  0 
0.333333  0.2276  1.26e+06  0.910401  0 
0.199914  0.299337  1.01184e+06  1.19735  0 
0.677333  0.206285  1.89984e+06  0.825142  0 
0.664172  0.206561  1.87536e+06  0.826245  0 
0.478882  0.211496  1.53072e+06  0.845984  0 
0.476559  0.211589  1.5264e+06  0.846357  0 
0.202624  0.295538  1.01688e+06  1.18215  0 
0.443269  0.214619  1.46448e+06  0.858477  0 
0.193075  0.306336  999120  1.22534  0 
0.441204  0.214697  1.46064e+06  0.85879  0 
0.657462  0.206989  1.86288e+06  0.827957  0 
0.323914  0.228491  1.24248e+06  0.913963  0 
0.496172  0.209929  1.56288e+06  0.839715  0 
0.622495  0.207211  1.79784e+06  0.828845  0 
0.492688  0.21007  1.5564e+06  0.840281  0 
0.385075  0.220541  1.35624e+06  0.882166  0 
0.439656  0.215067  1.45776e+06  0.860269  0 
0.474237  0.2122  1.52208e+06  0.848799  0 
0.264946  0.25539  1.1328e+06  1.02156  0 
0.48843  0.210271  1.54848e+06  0.841083  0 
0.21243  0.287909  1.03512e+06  1.15164  0 
0.28972  0.236946  1.17888e+06  0.947783  0 
0.450366  0.213636  1.47768e+06  0.854545  0 
0.208817  0.287979  1.0284e+06  1.15192  0 
0.175398  0.321666  966240  1.28667  0 
0.247011  0.263747  1.09944e+06  1.05499  0 
0.395785  0.219685  1.37616e+06  0.878741  0 
0.380817  0.221902  1.34832e+06  0.887607  0 
0.368559  0.222734  1.32552e+06  0.890935  0 
0.310108  0.230894  1.2168e+06  0.923578  0 
0.433462  0.215477  1.44624e+06  0.861909  0 
0.620043  0.207887  1.79328e+06  0.831546  0 
0.309591  0.230936  1.21584e+06  0.923744  0 
0.276559  0.243322  1.1544e+06  0.973287  0 
0.350366  0.225054  1.29168e+06  0.900215  0 
0.608172  0.207958  1.7712e+06  0.831833  0 
0.253849  0.258532  1.11216e+06  1.03413  0 
0.332817  0.228047  1.25904e+06  0.912186  0 
0.473204  0.212857  1.52016e+06  0.851426  0 
0.586108  0.20802  1.73016e+06  0.832078  0 
0.30172  0.235645  1.2012e+06  0.942581  0 
0.230366  0.270412  1.06848e+06  1.08165  0 
0.343785  0.226362  1.27944e+06  0.905449  0 
0.163011  0.336097  943200  1.34439  0 
0.282108  0.241586  1.16472e+06  0.966345  0 
0.469591  0.212923  1.51344e+06  0.851693  0 
0.342624  0.226399  1.27728e+06  0.905595  0 
0.217204  0.279576  1.044e+06  1.1183  0 
0.29772  0.235729  1.19376e+06  0.942917  0 

