23.7669  1.07312e+07  4.48465e+07  4.29248e+07  0 
19.6278  8.77146e+06  3.71477e+07  3.50859e+07  0 
28.3922  1.28968e+07  5.34495e+07  5.15874e+07  0 
13.5154  5.92889e+06  2.57786e+07  2.37156e+07  0 
25.9903  1.17648e+07  4.8982e+07  4.70594e+07  0 
1.99855e+07  9.29324e+12  3.7173e+13  3.7173e+13  0 
9.64277e+07  4.48389e+13  1.79356e+14  1.79356e+14  0 
47.2352  2.16451e+07  8.84975e+07  8.65804e+07  0 
23.2614  1.05096e+07  4.39062e+07  4.20385e+07  0 
1.70673e+07  7.93632e+12  3.17453e+13  3.17453e+13  0 
39.9343  1.82081e+07  7.49178e+07  7.28325e+07  0 
39.5474  1.80509e+07  7.41982e+07  7.22036e+07  0 
34.642  1.57796e+07  6.50741e+07  6.31186e+07  0 
25.9814  1.17624e+07  4.89654e+07  4.70497e+07  0 
28.5734  1.29729e+07  5.37865e+07  5.18917e+07  0 
36.3235  1.65495e+07  6.82016e+07  6.61979e+07  0 
20.878  9.35355e+06  3.94732e+07  3.74142e+07  0 
28.5223  1.2937e+07  5.36915e+07  5.17482e+07  0 
26.3114  1.19062e+07  4.95792e+07  4.76246e+07  0 
27.9719  1.26491e+07  5.26677e+07  5.05962e+07  0 
22.2481  9.97076e+06  4.20214e+07  3.9883e+07  0 
3.85101e+07  1.79072e+13  7.16289e+13  7.16289e+13  0 
26.9181  1.21958e+07  5.07077e+07  4.87834e+07  0 
42.3799  1.93939e+07  7.94667e+07  7.75757e+07  0 
15.879  7.07185e+06  3.0175e+07  2.82874e+07  0 
1.99553e+07  9.27922e+12  3.71169e+13  3.71169e+13  0 
2.7266e+06  1.26787e+12  5.07147e+12  5.07147e+12  0 
36.1064  1.64312e+07  6.7798e+07  6.57246e+07  0 
8.23226e+07  3.828e+13  1.5312e+14  1.5312e+14  0 
24.326  1.09807e+07  4.58864e+07  4.3923e+07  0 
31.3838  1.42719e+07  5.90138e+07  5.70878e+07  0 
39.9323  1.82325e+07  7.4914e+07  7.29299e+07  0 
37.9842  1.73277e+07  7.12906e+07  6.93109e+07  0 
25.7805  1.16427e+07  4.85917e+07  4.65709e+07  0 
35.9785  1.64236e+07  6.756e+07  6.56943e+07  0 
43.8675  2.00673e+07  8.22335e+07  8.02691e+07  0 
26.4709  1.19844e+07  4.9876e+07  4.79375e+07  0 
1.46359e+08  6.80568e+13  2.72227e+14  2.72227e+14  0 
24.7725  1.11743e+07  4.67168e+07  4.46972e+07  0 
21.7627  9.80786e+06  4.11186e+07  3.92314e+07  0 
36.3875  1.65944e+07  6.83208e+07  6.63778e+07  0 
28.2701  1.2834e+07  5.32224e+07  5.1336e+07  0 
19.1399  8.53429e+06  3.62403e+07  3.41372e+07  0 
28.5348  1.29622e+07  5.37147e+07  5.18487e+07  0 
22.484  1.01486e+07  4.24603e+07  4.05946e+07  0 
13.8353  6.01797e+06  2.63737e+07  2.40719e+07  0 
22.3106  1.0037e+07  4.21378e+07  4.0148e+07  0 
21.9936  9.90146e+06  4.15481e+07  3.96058e+07  0 
26.1072  1.17851e+07  4.91993e+07  4.71404e+07  0 
37.9168  1.73104e+07  7.11653e+07  6.92414e+07  0 
25.6947  1.16296e+07  4.84322e+07  4.65184e+07  0 
62.2317  2.86164e+07  1.16391e+08  1.14466e+08  0 
27.2127  1.23171e+07  5.12557e+07  4.92685e+07  0 
26.5939  1.202e+07  5.01047e+07  4.80799e+07  0 
29.0758  1.31912e+07  5.4721e+07  5.2765e+07  0 
28.0855  1.27068e+07  5.2879e+07  5.08273e+07  0 
6.78331e+07  3.15424e+13  1.2617e+14  1.2617e+14  0 
33.9478  1.54366e+07  6.37828e+07  6.17462e+07  0 
22.1341  9.9485e+06  4.18095e+07  3.9794e+07  0 
23.7898  1.07495e+07  4.48891e+07  4.29981e+07  0 
25.6143  1.15885e+07  4.82826e+07  4.6354e+07  0 
25.3647  1.14425e+07  4.78183e+07  4.57702e+07  0 
24.2098  1.0915e+07  4.56703e+07  4.366e+07  0 
3.46213e+07  1.60989e+13  6.43957e+13  6.43957e+13  0 
4.20555e+06  1.95558e+12  7.82232e+12  7.82232e+12  0 
29.0704  1.3193e+07  5.4711e+07  5.27718e+07  0 
4.25636e+07  1.97921e+13  7.91683e+13  7.91683e+13  0 
33.485  1.52311e+07  6.2922e+07  6.09245e+07  0 
25.6835  1.15834e+07  4.84113e+07  4.63337e+07  0 
40.9838  1.87284e+07  7.68698e+07  7.49136e+07  0 
1.42642e+08  6.63283e+13  2.65313e+14  2.65313e+14  0 
1.28604e+08  5.9801e+13  2.39204e+14  2.39204e+14  0 
55.0739  2.5251e+07  1.03077e+08  1.01004e+08  0 
20.5176  9.20504e+06  3.88028e+07  3.68202e+07  0 
4.24413e+07  1.97352e+13  7.89408e+13  7.89408e+13  0 
28.3931  1.28675e+07  5.34512e+07  5.147e+07  0 
26.0661  1.18129e+07  4.91229e+07  4.72514e+07  0 
34.2586  1.56093e+07  6.43611e+07  6.24372e+07  0 
22.0006  9.88303e+06  4.15611e+07  3.95321e+07  0 
37.5001  1.71501e+07  7.03902e+07  6.86005e+07  0 
30.4107  1.37984e+07  5.72038e+07  5.51936e+07  0 
1.43792e+07  6.68633e+12  2.67453e+13  2.67453e+13  0 
38.0384  1.73304e+07  7.13914e+07  6.93216e+07  0 
3.40248e+07  1.58215e+13  6.32861e+13  6.32861e+13  0 
26.0813  1.1786e+07  4.91512e+07  4.71441e+07  0 
30.2171  1.37082e+07  5.68439e+07  5.48327e+07  0 
27.2071  1.23013e+07  5.12451e+07  4.92054e+07  0 
32.4292  1.47121e+07  6.09583e+07  5.88485e+07  0 
32.6249  1.48629e+07  6.13223e+07  5.94515e+07  0 
21.6589  9.71906e+06  4.09256e+07  3.88762e+07  0 
35.3405  1.60992e+07  6.63734e+07  6.4397e+07  0 
27.6746  1.25451e+07  5.21147e+07  5.01803e+07  0 
1.71856e+07  7.99132e+12  3.19653e+13  3.19653e+13  0 
25.7018  1.16463e+07  4.84453e+07  4.65851e+07  0 
35.0567  1.6011e+07  6.58455e+07  6.40441e+07  0 
38.9638  1.77765e+07  7.31126e+07  7.1106e+07  0 
29.1586  1.32492e+07  5.4875e+07  5.29968e+07  0 
11.453  4.99411e+06  2.19425e+07  1.99764e+07  0 
37.3046  1.70072e+07  7.00266e+07  6.80288e+07  0 
25.9698  1.17841e+07  4.89439e+07  4.71362e+07  0 

0.367398  0.395138  1.32336e+06  1.58055  0 
0.852301  0.234851  2.22528e+06  0.939403  0 
0.973408  104195  2.45054e+06  416779  1 
2.93907  988349  6.10667e+06  3.95339e+06  2 
3.28953  1.15947e+06  6.75852e+06  4.63788e+06  3 
4.87264  1.834e+06  9.70312e+06  7.336e+06  8 
4.90354  1.93717e+06  9.76059e+06  7.74867e+06  9 
5.41501  2.14086e+06  1.07119e+07  8.56343e+06  10 
9.47866  4.01882e+06  1.82703e+07  1.60753e+07  38 
10.688  4.63214e+06  2.05196e+07  1.85286e+07  39 
11.686  5.0502e+06  2.23759e+07  2.02008e+07  43 
11.7591  5.08228e+06  2.25119e+07  2.03291e+07  44 
29.1539  1.32467e+07  5.48663e+07  5.29869e+07  85 
16.2214  7.1846e+06  3.08118e+07  2.87384e+07  57 
27.7107  1.25546e+07  5.2182e+07  5.02185e+07  82 
6.53566  2.61582e+06  1.27963e+07  1.04633e+07  14 
14.3004  6.35561e+06  2.72388e+07  2.54224e+07  54 
11.4984  4.99604e+06  2.2027e+07  1.99841e+07  41 
7.74578  3.22473e+06  1.50472e+07  1.28989e+07  20 
21.703  9.74814e+06  4.10076e+07  3.89926e+07  63 
13.9639  6.16398e+06  2.66129e+07  2.46559e+07  51 
25.3298  1.13455e+07  4.77535e+07  4.53818e+07  75 
7.90497  3.26905e+06  1.53433e+07  1.30762e+07  21 
18.1074  8.03146e+06  3.43197e+07  3.21258e+07  77 
24.8419  1.11399e+07  4.68459e+07  4.45596e+07  73 
14.7609  6.51789e+06  2.80952e+07  2.60716e+07  55 
6.76773  2.75278e+06  1.3228e+07  1.10111e+07  15 
10.0997  4.30648e+06  1.94255e+07  1.72259e+07  33 
11.3911  4.93631e+06  2.18275e+07  1.97452e+07  45 
36.2419  1.64832e+07  6.80499e+07  6.59329e+07  86 
9.96969  4.28243e+06  1.91836e+07  1.71297e+07  32 
20.7543  9.32176e+06  3.9243e+07  3.7287e+07  59 
7.59286  3.15818e+06  1.47627e+07  1.26327e+07  19 
10.0351  4.32539e+06  1.93053e+07  1.73016e+07  33 
22.1131  9.92574e+06  4.17703e+07  3.9703e+07  66 
7.58926  3.15513e+06  1.4756e+07  1.26205e+07  18 
22.0149  9.90943e+06  4.15877e+07  3.96377e+07  65 
15.7371  7.0107e+06  2.99109e+07  2.80428e+07  64 
9.54186  4.08355e+06  1.83879e+07  1.63342e+07  31 
11.6965  5.11582e+06  2.23955e+07  2.04633e+07  44 
22.5243  1.01433e+07  4.25353e+07  4.05733e+07  68 
26.4996  1.19507e+07  4.99293e+07  4.78027e+07  79 
27.5914  1.25073e+07  5.196e+07  5.00292e+07  81 
3.93187  1.4455e+06  7.95327e+06  5.78199e+06  4 
12.3475  5.35683e+06  2.36063e+07  2.14273e+07  48 
25.1167  1.12823e+07  4.73571e+07  4.51294e+07  74 
6.94312  2.84759e+06  1.35542e+07  1.13904e+07  16 
24.2254  1.08658e+07  4.56992e+07  4.34631e+07  72 
12.0579  5.2267e+06  2.30678e+07  2.09068e+07  47 
21.2997  9.50425e+06  4.02574e+07  3.8017e+07  60 
13.1183  5.79875e+06  2.50401e+07  2.3195e+07  52 
14.5388  6.33874e+06  2.76822e+07  2.53549e+07  54 
4.23698  1.62914e+06  8.52079e+06  6.51655e+06  5 
4.74781  1.83037e+06  9.47093e+06  7.32149e+06  7 
22.6938  1.01485e+07  4.28505e+07  4.05941e+07  69 
12.5069  5.44447e+06  2.39028e+07  2.17779e+07  49 
22.3506  1.00169e+07  4.22121e+07  4.00675e+07  67 
5.54485  2.165e+06  1.09534e+07  8.65999e+06  11 
9.28456  3.91098e+06  1.79093e+07  1.56439e+07  28 
15.9417  7.04195e+06  3.02915e+07  2.81678e+07  56 
10.2793  4.40258e+06  1.97595e+07  1.76103e+07  34 
11.509  5.01987e+06  2.20467e+07  2.00795e+07  42 
26.8267  1.21409e+07  5.05376e+07  4.85636e+07  80 
11.6057  4.99588e+06  2.22266e+07  1.99835e+07  41 
10.836  4.68018e+06  2.0795e+07  1.87207e+07  35 
10.1518  4.36044e+06  1.95223e+07  1.74418e+07  40 
8.71766  3.63309e+06  1.68548e+07  1.45324e+07  25 
26.1622  1.18187e+07  4.93017e+07  4.72749e+07  76 
21.636  9.71969e+06  4.0883e+07  3.88788e+07  62 
13.5364  5.88031e+06  2.58178e+07  2.35212e+07  53 
6.61859  2.61515e+06  1.29506e+07  1.04606e+07  14 
22.113  9.95298e+06  4.17701e+07  3.98119e+07  66 
7.44016  3.0507e+06  1.44787e+07  1.22028e+07  17 
34.556  1.57586e+07  6.49142e+07  6.30345e+07  84 
8.25149  3.48598e+06  1.59878e+07  1.39439e+07  24 
9.93138  4.29221e+06  1.91124e+07  1.71688e+07  32 
25.0462  1.13339e+07  4.7226e+07  4.53355e+07  74 
5.82579  2.29473e+06  1.1476e+07  9.17894e+06  12 
26.4462  1.1923e+07  4.983e+07  4.76921e+07  78 
30.148  1.36156e+07  5.67153e+07  5.44624e+07  83 
8.83448  3.75983e+06  1.70721e+07  1.50393e+07  26 
11.1291  4.80841e+06  2.13401e+07  1.92336e+07  37 
5.49899  2.18741e+06  1.08681e+07  8.74964e+06  11 
7.92875  3.33861e+06  1.53875e+07  1.33544e+07  22 
22.8542  1.02781e+07  4.31488e+07  4.11124e+07  70 
9.41481  4.05525e+06  1.81515e+07  1.6221e+07  30 
12.6171  5.49462e+06  2.41077e+07  2.19785e+07  50 
12.0519  5.20165e+06  2.30566e+07  2.08066e+07  46 
5.8423  2.31639e+06  1.15067e+07  9.26557e+06  13 
18.8343  8.41183e+06  3.56717e+07  3.36473e+07  58 
9.09136  3.84082e+06  1.75499e+07  1.53633e+07  27 
21.6144  9.67987e+06  4.08427e+07  3.87195e+07  61 
10.8765  4.68125e+06  2.08703e+07  1.8725e+07  36 
6.68575  2.76523e+06  1.30755e+07  1.10609e+07  15 
9.45556  4.0304e+06  1.82274e+07  1.61216e+07  30 
24.6359  1.11406e+07  4.64627e+07  4.45624e+07  73 
8.16096  3.40651e+06  1.58194e+07  1.3626e+07  23 
23.0338  1.0328e+07  4.34829e+07  4.13118e+07  71 
4.71596  1.7852e+06  9.41168e+06  7.1408e+06  6 
9.54212  4.01797e+06  1.83883e+07  1.60719e+07  30 

0.244301  0.460073  1.0944e+06  1.84029  0 
0.846366  0.22036  2.21424e+06  0.88144  0 
0.630882  0.258412  1.81344e+06  1.03365  0 
0.498882  0.329162  1.56792e+06  1.31665  0 
0.614495  0.313723  1.78296e+06  1.25489  0 
0.578753  0.36385  1.71648e+06  1.4554  1 
0.646366  0.321637  1.84224e+06  1.28655  1 
0.596559  0.340462  1.7496e+06  1.36185  1 
0.763656  0.292515  2.0604e+06  1.17006  1 
0.683914  0.32313  1.91208e+06  1.29252  2 
0.667527  0.378467  1.8816e+06  1.51387  2 
0.834753  0.325114  2.19264e+06  1.30045  3 
0.85514  0.344914  2.23056e+06  1.37966  4 
1.06106  134934  2.61357e+06  539735  5 
1.11535  150039  2.71456e+06  600158  6 
1.19723  136693  2.86685e+06  546772  6 
1.20059  188716  2.8731e+06  754865  7 
1.2533  177766  2.97114e+06  711065  7 
1.42831  260285  3.29666e+06  1.04114e+06  8 
1.38223  273176  3.21094e+06  1.09271e+06  8 
1.57513  344516  3.56974e+06  1.37806e+06  9 
1.6573  383205  3.72258e+06  1.53282e+06  10 
1.80932  456473  4.00533e+06  1.82589e+06  11 
2.6431  826062  5.55617e+06  3.30425e+06  12 
2.64535  876606  5.56034e+06  3.50643e+06  13 
3.1557  1.07468e+06  6.5096e+06  4.29872e+06  14 
3.12518  1.11251e+06  6.45283e+06  4.45003e+06  14 
3.37646  1.20536e+06  6.92022e+06  4.82142e+06  15 
3.44126  1.20351e+06  7.04075e+06  4.81403e+06  15 
3.45667  1.24907e+06  7.06941e+06  4.99629e+06  16 
3.60567  1.27294e+06  7.34654e+06  5.09174e+06  17 
3.87246  1.41607e+06  7.84277e+06  5.66429e+06  19 
4.06012  1.50832e+06  8.19182e+06  6.03326e+06  20 
4.38348  1.65004e+06  8.79327e+06  6.60016e+06  22 
4.41768  1.66744e+06  8.85689e+06  6.66977e+06  23 
4.45594  1.70809e+06  8.92804e+06  6.83236e+06  24 
4.60428  1.73723e+06  9.20396e+06  6.94892e+06  26 
4.54782  1.7435e+06  9.09894e+06  6.97399e+06  25 
4.66763  1.79573e+06  9.32179e+06  7.18291e+06  27 
4.69643  1.80846e+06  9.37536e+06  7.23384e+06  28 
4.72715  1.82742e+06  9.43249e+06  7.30969e+06  29 
4.86867  1.84823e+06  9.69573e+06  7.39293e+06  30 
4.86002  1.89317e+06  9.67964e+06  7.57268e+06  31 
4.98516  1.93324e+06  9.91239e+06  7.73295e+06  32 
5.37351  2.1587e+06  1.06347e+07  8.6348e+06  33 
5.66399  2.31202e+06  1.1175e+07  9.24807e+06  34 
5.69699  2.28824e+06  1.12364e+07  9.15297e+06  34 
6.42825  2.65906e+06  1.25965e+07  1.06362e+07  36 
6.43714  2.62359e+06  1.26131e+07  1.04944e+07  36 
6.59165  2.69586e+06  1.29005e+07  1.07834e+07  37 
7.52363  3.17675e+06  1.4634e+07  1.2707e+07  39 
7.70407  3.23107e+06  1.49696e+07  1.29243e+07  40 
7.7538  3.2767e+06  1.50621e+07  1.31068e+07  41 
8.57865  3.63163e+06  1.65963e+07  1.45265e+07  43 
8.63237  3.62031e+06  1.66962e+07  1.44812e+07  43 
8.88289  3.75973e+06  1.71622e+07  1.50389e+07  44 
9.66248  4.14083e+06  1.86122e+07  1.65633e+07  46 
9.94612  4.24099e+06  1.91398e+07  1.6964e+07  47 
9.99996  4.25738e+06  1.92399e+07  1.70295e+07  48 
10.0525  4.38083e+06  1.93377e+07  1.75233e+07  49 
10.2256  4.34516e+06  1.96597e+07  1.73806e+07  50 
10.468  4.49642e+06  2.01104e+07  1.79857e+07  52 
10.413  4.51192e+06  2.00083e+07  1.80477e+07  52 
11.0215  4.77486e+06  2.11399e+07  1.90995e+07  54 
11.5959  5.00807e+06  2.22084e+07  2.00323e+07  55 
11.7525  5.04811e+06  2.24996e+07  2.01925e+07  56 
11.9672  5.17275e+06  2.2899e+07  2.0691e+07  57 
12.352  5.36082e+06  2.36148e+07  2.14433e+07  58 
12.7064  5.50652e+06  2.42739e+07  2.20261e+07  59 
12.9453  5.65798e+06  2.47183e+07  2.26319e+07  60 
13.2553  5.75724e+06  2.52948e+07  2.3029e+07  61 
15.571  6.86109e+06  2.9602e+07  2.74444e+07  63 
18.4516  8.22697e+06  3.49599e+07  3.29079e+07  64 
22.285  1.00091e+07  4.209e+07  4.00364e+07  66 
24.3382  1.10053e+07  4.59091e+07  4.40213e+07  67 
29.1497  1.32223e+07  5.48585e+07  5.28893e+07  73 
41.7553  1.90554e+07  7.83049e+07  7.62217e+07  74 
6.19704  2.52562e+06  1.21665e+07  1.01025e+07  35 
8.41866  3.56768e+06  1.62987e+07  1.42707e+07  42 
15.3064  6.7832e+06  2.91099e+07  2.71328e+07  62 
4.2773  1.59617e+06  8.59578e+06  6.38466e+06  21 
10.6507  4.57717e+06  2.04502e+07  1.83087e+07  53 
3.63109  1.30522e+06  7.39383e+06  5.22087e+06  18 
9.71172  4.11027e+06  1.87038e+07  1.64411e+07  46 
4.54843  1.73028e+06  9.10009e+06  6.92113e+06  25 
25.0798  1.12859e+07  4.72885e+07  4.51436e+07  71 
24.3478  1.09484e+07  4.5927e+07  4.37936e+07  67 
4.79046  1.8706e+06  9.55026e+06  7.48242e+06  30 
24.8115  1.11945e+07  4.67893e+07  4.47781e+07  70 
24.5937  1.10674e+07  4.63843e+07  4.42696e+07  68 
27.4911  1.24163e+07  5.17735e+07  4.96653e+07  72 
9.94976  4.1873e+06  1.91465e+07  1.67492e+07  47 
10.1199  4.32634e+06  1.9463e+07  1.73054e+07  49 
21.9729  9.9032e+06  4.15095e+07  3.96128e+07  65 
7.27921  3.01864e+06  1.41793e+07  1.20745e+07  38 
24.6991  1.1171e+07  4.65804e+07  4.46842e+07  69 
9.26819  3.94477e+06  1.78788e+07  1.57791e+07  45 
4.58846  1.7225e+06  9.17454e+06  6.88998e+06  25 
24.707  1.11071e+07  4.6595e+07  4.44285e+07  69 
10.3399  4.45366e+06  1.98722e+07  1.78147e+07  51 

0.216559  0.529284  1.0428e+06  2.11714  0 
0.798882  0.212235  2.12592e+06  0.84894  0 
0.532817  0.255912  1.63104e+06  1.02365  0 
0.373462  0.381255  1.33464e+06  1.52502  0 
0.463011  0.292792  1.5012e+06  1.17117  0 
0.432301  0.346205  1.44408e+06  1.38482  0 
0.719398  0.228224  1.97808e+06  0.912896  0 
0.34843  0.477013  1.28808e+06  1.90805  0 
0.436043  0.335693  1.45104e+06  1.34277  0 
0.364043  0.465988  1.31712e+06  1.86395  0 
0.598495  0.254871  1.7532e+06  1.01949  0 
0.43372  0.35167  1.44672e+06  1.40668  1 
0.468688  0.343371  1.51176e+06  1.37348  1 
0.406366  0.408748  1.39584e+06  1.63499  1 
0.632172  0.287541  1.81584e+06  1.15017  1 
0.45772  0.349792  1.49136e+06  1.39917  1 
0.504301  0.298697  1.578e+06  1.19479  1 
0.480559  0.332311  1.53384e+06  1.32924  1 
0.667914  0.279372  1.88232e+06  1.11749  1 
0.686108  0.260351  1.91616e+06  1.0414  1 
0.381462  0.554121  1.34952e+06  2.21648  1 
0.442882  0.386882  1.46376e+06  1.54753  2 
0.423527  0.501268  1.42776e+06  2.00507  2 
0.442108  0.453559  1.46232e+06  1.81424  2 
0.743914  0.297509  2.02368e+06  1.19004  2 
0.469591  0.379988  1.51344e+06  1.51995  2 
0.540172  0.311419  1.64472e+06  1.24568  2 
0.803269  0.296872  2.13408e+06  1.18749  2 
0.728172  0.31089  1.9944e+06  1.24356  2 
0.526366  0.358149  1.61904e+06  1.4326  2 
0.531785  0.357511  1.62912e+06  1.43004  2 
0.564559  0.333697  1.69008e+06  1.33479  3 
0.551785  0.340154  1.66632e+06  1.36062  3 
0.669462  0.327343  1.8852e+06  1.30937  3 
0.624559  0.330257  1.80168e+06  1.32103  3 
0.485978  0.429109  1.54392e+06  1.71644  3 
0.549849  0.341522  1.66272e+06  1.36609  3 
0.491269  0.411233  1.55376e+06  1.64493  3 
0.46043  0.485255  1.4964e+06  1.94102  3 
0.481075  0.456479  1.5348e+06  1.82592  3 
0.669591  0.314116  1.88544e+06  1.25646  3 
0.709333  0.324505  1.95936e+06  1.29802  4 
0.556172  0.371303  1.67448e+06  1.48521  4 
0.649204  0.354442  1.84752e+06  1.41777  4 
0.696688  0.339296  1.93584e+06  1.35719  4 
0.49243  0.464821  1.55592e+06  1.85928  4 
0.536043  0.439368  1.63704e+06  1.75747  4 
0.616946  0.357019  1.78752e+06  1.42808  4 
0.661849  0.349683  1.87104e+06  1.39873  4 
0.562237  0.388592  1.68576e+06  1.55437  5 
0.795011  0.338667  2.11872e+06  1.35467  5 
0.521204  0.545477  1.60944e+06  2.18191  5 
0.658753  0.378018  1.86528e+06  1.51207  5 
0.725204  0.347453  1.98888e+06  1.38981  5 
0.541591  0.490989  1.64736e+06  1.96395  5 
0.575398  0.385957  1.71024e+06  1.54383  5 
0.556817  0.55718  1.67568e+06  2.22872  6 
0.770495  0.353582  2.07312e+06  1.41433  6 
0.582108  0.417727  1.72272e+06  1.67091  6 
0.734495  0.398185  2.00616e+06  1.59274  6 
0.583269  0.444367  1.72488e+06  1.77747  7 
0.67372  0.455602  1.89312e+06  1.82241  8 
0.803398  0.454085  2.13432e+06  1.81634  8 
0.668688  0.525215  1.88376e+06  2.10086  8 
0.748688  0.528637  2.03256e+06  2.11455  9 
0.713333  0.54152  1.9668e+06  2.16608  9 
0.870087  12410.6  2.25836e+06  49642.5  10 
0.811546  37269.2  2.14948e+06  149077  10 
0.918069  52662.7  2.34761e+06  210651  11 
0.933631  69079  2.37655e+06  276316  12 
1.09775  64212.1  2.68181e+06  256848  12 
0.954617  83337.2  2.41559e+06  333349  13 
1.16886  113179  2.81408e+06  452717  14 
1.13267  185330  2.74676e+06  741321  14 
1.2361  232947  2.93915e+06  931789  15 
1.31361  180007  3.08331e+06  720029  15 
1.29197  231444  3.04306e+06  925777  15 
1.42394  268934  3.28853e+06  1.07574e+06  16 
1.44403  411953  3.32589e+06  1.64781e+06  17 
1.65869  367049  3.72516e+06  1.4682e+06  17 
1.54469  422522  3.51312e+06  1.69009e+06  18 
1.62272  417824  3.65826e+06  1.6713e+06  18 
1.72422  464542  3.84705e+06  1.85817e+06  19 
1.74011  418411  3.8766e+06  1.67364e+06  19 
1.79349  434291  3.97588e+06  1.73717e+06  20 
1.72674  527877  3.85175e+06  2.11151e+06  20 
1.93308  523145  4.23554e+06  2.09258e+06  21 
1.97213  556182  4.30817e+06  2.22473e+06  22 
2.01714  584672  4.39189e+06  2.33869e+06  23 
2.18902  589237  4.71158e+06  2.35695e+06  24 
2.30516  698982  4.9276e+06  2.79593e+06  25 
2.464  798821  5.22304e+06  3.19528e+06  26 
2.76886  914122  5.79008e+06  3.65649e+06  27 
3.05977  1.09002e+06  6.33118e+06  4.36006e+06  28 
3.19016  1.09329e+06  6.5737e+06  4.37314e+06  29 
3.49612  1.26598e+06  7.14279e+06  5.06391e+06  30 
3.53292  1.26731e+06  7.21122e+06  5.06923e+06  31 
3.61874  1.38672e+06  7.37086e+06  5.54686e+06  32 
3.70646  1.35269e+06  7.53402e+06  5.41074e+06  32 
4.1142  1.59562e+06  8.29242e+06  6.3825e+06  33 

0.181462  0.675372  977520  2.70149  0 
0.865333  0.205323  2.24952e+06  0.821293  0 
0.441849  0.253991  1.46184e+06  1.01597  0 
0.263527  0.37596  1.13016e+06  1.50384  0 
0.340559  0.312046  1.27344e+06  1.24818  0 
0.793591  0.220109  2.11608e+06  0.880436  0 
0.406753  0.282789  1.39656e+06  1.13116  2 
0.669333  0.2273  1.88496e+06  0.909201  0 
0.628172  0.228339  1.8084e+06  0.913357  0 
0.320688  0.341775  1.23648e+06  1.3671  0 
0.381204  0.295412  1.34904e+06  1.18165  2 
0.586366  0.240871  1.73064e+06  0.963484  0 
0.313462  0.365505  1.22304e+06  1.46202  0 
0.437075  0.277871  1.45296e+06  1.11149  2 
0.569333  0.2505  1.69896e+06  1.002  1 
0.530882  0.251728  1.62744e+06  1.00691  0 
0.430495  0.281  1.44072e+06  1.124  0 
0.44043  0.276328  1.4592e+06  1.10531  0 
0.77772  0.22678  2.08656e+06  0.907119  0 
0.631656  0.250029  1.81488e+06  1.00012  2 
0.721978  0.238522  1.98288e+06  0.95409  0 
0.381849  0.313171  1.35024e+06  1.25269  2 
0.57243  0.250618  1.70472e+06  1.00247  0 
0.349591  0.355854  1.29024e+06  1.42342  0 
0.394624  0.302159  1.374e+06  1.20864  0 
0.435269  0.294355  1.4496e+06  1.17742  0 
0.379398  0.323745  1.34568e+06  1.29498  0 
0.530237  0.259382  1.62624e+06  1.03753  1 
0.263527  0.5406  1.13016e+06  2.1624  0 
0.337849  0.358923  1.2684e+06  1.43569  0 
0.561849  0.254131  1.68504e+06  1.01652  0 
0.308946  0.390263  1.21464e+06  1.56105  2 
0.305333  0.399513  1.20792e+06  1.59805  0 
0.290237  0.452544  1.17984e+06  1.81018  0 
0.657591  0.246334  1.86312e+06  0.985334  0 
0.322366  0.386065  1.2396e+06  1.54426  0 
0.740817  0.231615  2.01792e+06  0.926462  0 
0.494882  0.2803  1.56048e+06  1.1212  2 
0.42572  0.300353  1.43184e+06  1.20141  2 
0.517978  0.274845  1.60344e+06  1.09938  2 
0.466882  0.281879  1.5084e+06  1.12752  1 
0.409204  0.344445  1.40112e+06  1.37778  4 
0.606624  0.259062  1.76832e+06  1.03625  2 
0.52043  0.283778  1.608e+06  1.13511  2 
0.778108  0.242498  2.08728e+06  0.969992  2 
0.549462  0.26265  1.662e+06  1.0506  2 
0.299398  0.453848  1.19688e+06  1.81539  1 
0.415656  0.340804  1.41312e+06  1.36322  0 
0.354495  0.360414  1.29936e+06  1.44166  0 
0.342624  0.374857  1.27728e+06  1.49943  1 
0.415011  0.341473  1.41192e+06  1.36589  0 
0.353333  0.368974  1.2972e+06  1.47589  3 
0.312043  0.424323  1.2204e+06  1.69729  0 
0.46714  0.293194  1.50888e+06  1.17278  2 
0.445462  0.296116  1.46856e+06  1.18446  0 
0.323011  0.422287  1.2408e+06  1.68915  3 
0.612172  0.255706  1.77864e+06  1.02283  2 
0.524043  0.275068  1.61472e+06  1.10027  2 
0.420172  0.302301  1.42152e+06  1.2092  5 
0.326366  0.392292  1.24704e+06  1.56917  0 
0.333075  0.386743  1.25952e+06  1.54697  0 
0.584946  0.262522  1.728e+06  1.05009  4 
0.756301  0.245989  2.04672e+06  0.983956  1 
0.376172  0.365344  1.33968e+06  1.46138  2 
0.523269  0.290346  1.61328e+06  1.16138  0 
0.425978  0.335043  1.43232e+06  1.34017  3 
0.543269  0.276807  1.65048e+06  1.10723  0 
0.562495  0.267562  1.68624e+06  1.07025  2 
0.316688  0.490908  1.22904e+06  1.96363  0 
0.429075  0.318966  1.43808e+06  1.27586  4 
0.421075  0.360907  1.4232e+06  1.44363  0 
0.368172  0.372477  1.3248e+06  1.48991  2 
0.54972  0.270042  1.66248e+06  1.08017  0 
0.462753  0.299522  1.50072e+06  1.19809  2 
0.46972  0.29501  1.51368e+06  1.18004  3 
0.779398  0.247592  2.08968e+06  0.990366  0 
0.350237  0.378811  1.29144e+06  1.51524  0 
0.392946  0.364426  1.37088e+06  1.4577  1 
0.340817  0.393705  1.27392e+06  1.57482  0 
0.454237  0.303639  1.48488e+06  1.21456  2 
0.613591  0.258126  1.78128e+06  1.0325  1 
0.334237  0.396396  1.26168e+06  1.58558  3 
0.494495  0.314038  1.55976e+06  1.25615  4 
0.825333  0.254283  2.17512e+06  1.01713  0 
0.557204  0.313329  1.6764e+06  1.25331  2 
0.384946  0.371401  1.356e+06  1.48561  0 
0.382237  0.38123  1.35096e+06  1.52492  4 
0.759914  0.258566  2.05344e+06  1.03426  2 
0.459269  0.328472  1.49424e+06  1.31389  3 
0.358108  0.394341  1.30608e+06  1.57736  0 
0.342366  0.434063  1.2768e+06  1.73625  2 
0.465462  0.317701  1.50576e+06  1.2708  5 
0.623785  0.260081  1.80024e+06  1.04032  0 
0.390366  0.36666  1.36608e+06  1.46664  4 
0.567527  0.291239  1.6956e+06  1.16496  2 
0.377462  0.392005  1.34208e+06  1.56802  2 
0.457204  0.332537  1.4904e+06  1.33015  4 
0.632559  0.26748  1.81656e+06  1.06992  2 
0.383011  0.383242  1.3524e+06  1.53297  3 
0.627914  0.283612  1.80792e+06  1.13445  0 

0.17914  0.659483  973200  2.63793  0 
0.903527  0.203918  2.32056e+06  0.815673  0 
0.466882  0.235103  1.5084e+06  0.94041  0 
0.222237  0.372137  1.05336e+06  1.48855  0 
0.35514  0.263469  1.30056e+06  1.05388  0 
0.297462  0.31759  1.19328e+06  1.27036  0 
0.323011  0.285147  1.2408e+06  1.14059  0 
0.26972  0.336936  1.14168e+06  1.34774  0 
0.794108  0.207475  2.11704e+06  0.829901  0 
0.652043  0.211528  1.8528e+06  0.846112  0 
0.433204  0.241239  1.44576e+06  0.964955  0 
0.305978  0.299325  1.20912e+06  1.1973  0 
0.631656  0.218275  1.81488e+06  0.8731  0 
0.57514  0.220512  1.70976e+06  0.882047  0 
0.408946  0.25021  1.40064e+06  1.00084  0 
0.373978  0.252599  1.3356e+06  1.0104  0 
0.533849  0.225571  1.63296e+06  0.902285  0 
0.33643  0.276122  1.26576e+06  1.10449  0 
0.511785  0.231216  1.59192e+06  0.924863  0 
0.319398  0.287795  1.23408e+06  1.15118  0 
0.447398  0.239215  1.47216e+06  0.95686  0 
0.770753  0.209609  2.0736e+06  0.838438  0 
0.425333  0.248558  1.43112e+06  0.994233  0 
0.508817  0.233581  1.5864e+06  0.934326  0 
0.306366  0.298246  1.20984e+06  1.19298  0 
0.422882  0.25006  1.42656e+06  1.00024  0 
0.493849  0.235071  1.55856e+06  0.940285  0 
0.375527  0.274577  1.33848e+06  1.09831  0 
0.70443  0.213656  1.95024e+06  0.854623  0 
0.260946  0.487169  1.12536e+06  1.94868  0 
0.26172  0.465817  1.1268e+06  1.86327  0 
0.318495  0.302815  1.2324e+06  1.21126  0 
0.30714  0.335925  1.21128e+06  1.3437  0 
0.27643  0.368196  1.15416e+06  1.47278  0 
0.546624  0.227734  1.65672e+06  0.910937  0 
0.65372  0.219607  1.85592e+06  0.87843  0 
0.773333  0.211609  2.0784e+06  0.846435  0 
0.702108  0.216632  1.94592e+06  0.866527  0 
0.262624  0.379017  1.12848e+06  1.51607  0 
0.394495  0.267268  1.37376e+06  1.06907  0 
0.446108  0.244628  1.46976e+06  0.978513  0 
0.459785  0.241372  1.4952e+06  0.965489  0 
0.49114  0.235131  1.55352e+06  0.940523  0 
0.569591  0.225608  1.69944e+06  0.902433  0 
0.528946  0.232543  1.62384e+06  0.930172  0 
0.355269  0.286014  1.3008e+06  1.14406  0 
0.323656  0.288006  1.242e+06  1.15202  0 
0.438624  0.247738  1.45584e+06  0.990951  0 
0.556301  0.225647  1.67472e+06  0.90259  0 
0.589978  0.224549  1.73736e+06  0.898197  0 
0.545849  0.229187  1.65528e+06  0.916747  0 
0.31372  0.321209  1.22352e+06  1.28484  0 
0.412559  0.253786  1.40736e+06  1.01514  0 
0.247398  0.677124  1.10016e+06  2.70849  0 
0.626237  0.221616  1.8048e+06  0.886463  0 
0.661204  0.217633  1.86984e+06  0.870531  0 
0.572043  0.225754  1.704e+06  0.903018  0 
0.271656  0.393093  1.14528e+06  1.57237  0 
0.675011  0.217801  1.89552e+06  0.871204  0 
0.408946  0.267973  1.40064e+06  1.07189  0 
0.456688  0.251298  1.48944e+06  1.00519  0 
0.709075  0.21578  1.95888e+06  0.863121  0 
0.270495  0.398184  1.14312e+06  1.59274  0 
0.765591  0.215538  2.064e+06  0.862152  0 
0.346237  0.297967  1.284e+06  1.19187  0 
0.550882  0.23251  1.66464e+06  0.930039  0 
0.551656  0.231193  1.66608e+06  0.924771  0 
0.654237  0.223466  1.85688e+06  0.893865  0 
0.48972  0.241617  1.55088e+06  0.966468  0 
0.349849  0.288311  1.29072e+06  1.15324  1 
0.660559  0.221039  1.86864e+06  0.884157  0 
0.325333  0.323024  1.24512e+06  1.29209  0 
0.557849  0.228941  1.6776e+06  0.915764  0 
0.40714  0.273305  1.39728e+06  1.09322  0 
0.357333  0.286803  1.30464e+06  1.14721  0 
0.503914  0.24038  1.57728e+06  0.961519  0 
0.737075  0.215598  2.01096e+06  0.862393  0 
0.484688  0.241659  1.54152e+06  0.966636  0 
0.493849  0.241423  1.55856e+06  0.965693  0 
0.711011  0.215726  1.96248e+06  0.862903  0 
0.427269  0.261071  1.43472e+06  1.04428  0 
0.382108  0.27783  1.35072e+06  1.11132  1 
0.792817  0.21479  2.11464e+06  0.859161  0 
0.706366  0.216189  1.95384e+06  0.864754  0 
0.264043  0.518515  1.13112e+06  2.07406  2 
0.760817  0.218989  2.05512e+06  0.875958  0 
0.487785  0.246017  1.54728e+06  0.98407  0 
0.715398  0.219978  1.97064e+06  0.879911  0 
0.725204  0.219873  1.98888e+06  0.87949  0 
0.636817  0.225878  1.82448e+06  0.903512  0 
0.491785  0.243981  1.55472e+06  0.975925  0 
0.371914  0.317867  1.33176e+06  1.27147  0 
0.601204  0.228026  1.75824e+06  0.912103  0 
0.312688  0.394888  1.2216e+06  1.57955  0 
0.470237  0.264938  1.51464e+06  1.05975  0 
0.326753  0.343657  1.24776e+06  1.37463  0 
0.414366  0.284517  1.41072e+06  1.13807  0 
0.398624  0.314405  1.38144e+06  1.25762  0 
0.593978  0.229516  1.7448e+06  0.918063  0 
0.352043  0.324314  1.2948e+06  1.29725  0 

0.17914  0.659483  973200  2.63793  0 
0.904559  0.203124  2.32248e+06  0.812498  0 
0.443269  0.222307  1.46448e+06  0.889227  0 
0.201333  0.39502  1.01448e+06  1.58008  0 
0.303785  0.259014  1.20504e+06  1.03605  0 
0.225462  0.317824  1.05936e+06  1.2713  0 
0.410753  0.232717  1.404e+06  0.930868  0 
0.280688  0.297442  1.16208e+06  1.18977  0 
0.382366  0.239236  1.3512e+06  0.956945  0 
0.886237  0.204597  2.2884e+06  0.818389  0 
0.827269  0.204636  2.17872e+06  0.818543  0 
0.286366  0.275441  1.17264e+06  1.10177  0 
0.797462  0.205686  2.12328e+06  0.822746  0 
0.750753  0.207053  2.0364e+06  0.828212  0 
0.72843  0.208578  1.99488e+06  0.834312  0 
0.698237  0.208995  1.93872e+06  0.835979  0 
0.343011  0.245827  1.278e+06  0.983307  0 
0.678366  0.21033  1.90176e+06  0.841319  0 
0.666882  0.210884  1.8804e+06  0.843534  0 
0.630753  0.211434  1.8132e+06  0.845738  0 
0.270237  0.30589  1.14264e+06  1.22356  0 
0.595011  0.212244  1.74672e+06  0.848978  0 
0.333591  0.250472  1.26048e+06  1.00189  0 
0.432559  0.224591  1.44456e+06  0.898364  0 
0.576301  0.214722  1.71192e+06  0.85889  0 
0.244817  0.311555  1.09536e+06  1.24622  0 
0.537075  0.216764  1.63896e+06  0.867056  0 
0.423011  0.227861  1.4268e+06  0.911443  0 
0.371269  0.242501  1.33056e+06  0.970002  0 
0.52572  0.219141  1.61784e+06  0.876566  0 
0.513591  0.219302  1.59528e+06  0.877209  0 
0.400559  0.236985  1.38504e+06  0.947941  0 
0.501075  0.220382  1.572e+06  0.881528  0 
0.391785  0.237469  1.36872e+06  0.949874  0 
0.409591  0.23365  1.40184e+06  0.934602  0 
0.53514  0.218209  1.63536e+06  0.872835  0 
0.78972  0.206271  2.10888e+06  0.825086  0 
0.73914  0.207889  2.0148e+06  0.831557  0 
0.370624  0.245035  1.32936e+06  0.98014  0 
0.571785  0.216309  1.70352e+06  0.865237  0 
0.439011  0.224166  1.45656e+06  0.896665  0 
0.719398  0.208673  1.97808e+06  0.834691  0 
0.693333  0.210172  1.9296e+06  0.840689  0 
0.630624  0.212017  1.81296e+06  0.848067  0 
0.369978  0.245744  1.32816e+06  0.982976  0 
0.497075  0.222246  1.56456e+06  0.888982  0 
0.360946  0.247962  1.31136e+06  0.991849  0 
0.687656  0.211124  1.91904e+06  0.844498  0 
0.792946  0.206764  2.11488e+06  0.827057  0 
0.326495  0.264173  1.24728e+06  1.05669  0 
0.801075  0.205997  2.13e+06  0.823989  0 
0.335527  0.260674  1.26408e+06  1.04269  0 
0.683527  0.211151  1.91136e+06  0.844602  0 
0.297849  0.277786  1.194e+06  1.11114  0 
0.325462  0.264745  1.24536e+06  1.05898  0 
0.537978  0.217713  1.64064e+06  0.870852  0 
0.419656  0.234417  1.42056e+06  0.937667  0 
0.524817  0.220161  1.61616e+06  0.880642  0 
0.478753  0.222619  1.53048e+06  0.890477  0 
0.221333  0.658166  1.05168e+06  2.63266  0 
0.255656  0.373197  1.11552e+06  1.49279  0 
0.340559  0.257551  1.27344e+06  1.03021  0 
0.29114  0.306009  1.18152e+06  1.22404  0 
0.247527  0.386845  1.1004e+06  1.54738  0 
0.628043  0.212444  1.80816e+06  0.849774  0 
0.600172  0.214705  1.75632e+06  0.858821  0 
0.273462  0.309719  1.14864e+06  1.23888  0 
0.342753  0.254449  1.27752e+06  1.0178  0 
0.447785  0.228597  1.47288e+06  0.914387  0 
0.416946  0.239267  1.41552e+06  0.957069  0 
0.312817  0.275608  1.22184e+06  1.10243  0 
0.418882  0.238883  1.41912e+06  0.95553  0 
0.786753  0.207635  2.10336e+06  0.830539  0 
0.324817  0.266186  1.24416e+06  1.06474  0 
0.767398  0.207964  2.06736e+06  0.831858  0 
0.264043  0.312243  1.13112e+06  1.24897  0 
0.669333  0.211767  1.88496e+06  0.847069  0 
0.465462  0.223644  1.50576e+06  0.894575  0 
0.515398  0.220275  1.59864e+06  0.881101  0 
0.313978  0.266269  1.224e+06  1.06508  0 
0.798108  0.206162  2.12448e+06  0.824648  0 
0.238882  0.497852  1.08432e+06  1.99141  0 
0.701333  0.209229  1.94448e+06  0.836915  0 
0.386624  0.241358  1.35912e+06  0.965433  0 
0.750624  0.20865  2.03616e+06  0.834602  0 
0.614108  0.216114  1.78224e+06  0.864457  0 
0.26043  0.394074  1.1244e+06  1.57629  0 
0.752301  0.209167  2.03928e+06  0.836669  0 
0.364043  0.248374  1.31712e+06  0.993496  0 
0.346237  0.262607  1.284e+06  1.05043  0 
0.433591  0.234621  1.44648e+06  0.938483  0 
0.341591  0.271889  1.27536e+06  1.08756  0 
0.470882  0.228348  1.51584e+06  0.913393  0 
0.395914  0.242202  1.3764e+06  0.968807  0 
0.552301  0.218141  1.66728e+06  0.872565  0 
0.675914  0.215568  1.8972e+06  0.862272  0 
0.527269  0.221135  1.62072e+06  0.884539  0 
0.863914  0.206049  2.24688e+06  0.824197  0 
0.611656  0.218015  1.77768e+06  0.872058  0 
0.326237  0.28344  1.2468e+06  1.13376  0 

0.176043  0.658252  967440  2.63301  0 
0.855656  0.20214  2.23152e+06  0.80856  0 
0.412043  0.223676  1.4064e+06  0.894704  0 
0.201333  0.39502  1.01448e+06  1.58008  0 
0.273204  0.258153  1.14816e+06  1.03261  0 
0.217333  0.323318  1.04424e+06  1.29327  0 
0.241591  0.2872  1.08936e+06  1.1488  0 
0.382366  0.227879  1.3512e+06  0.911515  0 
0.359398  0.231688  1.30848e+06  0.926752  0 
0.780172  0.203877  2.09112e+06  0.815509  0 
0.753333  0.20449  2.0412e+06  0.81796  0 
0.340817  0.240001  1.27392e+06  0.960003  0 
0.321849  0.24014  1.23864e+06  0.960561  0 
0.726882  0.206105  1.992e+06  0.82442  0 
0.706237  0.207758  1.9536e+06  0.831031  0 
0.68843  0.207761  1.92048e+06  0.831045  0 
0.661978  0.209242  1.87128e+06  0.83697  0 
0.645849  0.209662  1.84128e+06  0.838648  0 
0.587785  0.210154  1.73328e+06  0.840616  0 
0.259398  0.274018  1.12248e+06  1.09607  0 
0.303527  0.245532  1.20456e+06  0.982127  0 
0.574495  0.211819  1.70856e+06  0.847276  0 
0.201849  0.383976  1.01544e+06  1.5359  0 
0.56314  0.213208  1.68744e+06  0.852832  0 
0.263269  0.261148  1.12968e+06  1.04459  0 
0.551011  0.214016  1.66488e+06  0.856065  0 
0.232301  0.31296  1.07208e+06  1.25184  0 
0.53514  0.215324  1.63536e+06  0.861297  0 
0.520946  0.215579  1.60896e+06  0.862315  0 
0.494495  0.216327  1.55976e+06  0.865309  0 
0.484559  0.216456  1.54128e+06  0.865825  0 
0.194624  0.54395  1.002e+06  2.1758  0 
0.460946  0.217565  1.49736e+06  0.87026  0 
0.253333  0.28148  1.1112e+06  1.12592  0 
0.454108  0.218531  1.48464e+06  0.874125  0 
0.254753  0.275342  1.11384e+06  1.10137  0 
0.299398  0.251695  1.19688e+06  1.00678  0 
0.35372  0.236034  1.29792e+06  0.944138  0 
0.443785  0.21991  1.46544e+06  0.879638  0 
0.294495  0.254396  1.18776e+06  1.01758  0 
0.405978  0.224138  1.39512e+06  0.896551  0 
0.397978  0.224919  1.38024e+06  0.899675  0 
0.375914  0.229192  1.3392e+06  0.916768  0 
0.239398  0.291852  1.08528e+06  1.16741  0 
0.351527  0.237978  1.29384e+06  0.951913  0 
0.431914  0.221984  1.44336e+06  0.887938  0 
0.341978  0.238332  1.27608e+06  0.953326  0 
0.301978  0.250033  1.20168e+06  1.00013  0 
0.292172  0.256743  1.18344e+06  1.02697  0 
0.716688  0.206387  1.97304e+06  0.825548  0 
0.193591  0.657097  1.00008e+06  2.62839  0 
0.681849  0.208451  1.90824e+06  0.833805  0 
0.319527  0.244769  1.23432e+06  0.979076  0 
0.572301  0.212506  1.70448e+06  0.850024  0 
0.544688  0.21464  1.65312e+06  0.858559  0 
0.554753  0.213346  1.67184e+06  0.853385  0 
0.676172  0.20866  1.89768e+06  0.83464  0 
0.291656  0.25736  1.18248e+06  1.02944  0 
0.427914  0.223226  1.43592e+06  0.892905  0 
0.187785  0.657853  989280  2.63141  0 
0.312172  0.245145  1.22064e+06  0.980579  0 
0.544301  0.214826  1.6524e+06  0.859306  0 
0.658237  0.209357  1.86432e+06  0.837426  0 
0.634108  0.209949  1.81944e+06  0.839796  0 
0.853978  0.203728  2.2284e+06  0.814912  0 
0.253204  0.285921  1.11096e+06  1.14369  0 
0.577333  0.21174  1.71384e+06  0.846962  0 
0.452946  0.225252  1.48248e+06  0.90101  0 
0.530753  0.217361  1.6272e+06  0.869444  0 
0.646624  0.21053  1.84272e+06  0.842121  0 
0.254624  0.307561  1.1136e+06  1.23025  0 
0.395914  0.228441  1.3764e+06  0.913765  0 
0.240946  0.309819  1.08816e+06  1.23927  0 
0.544817  0.215787  1.65336e+06  0.863149  0 
0.325075  0.242034  1.24464e+06  0.968137  0 
0.255785  0.276347  1.11576e+06  1.10539  0 
0.37772  0.232123  1.34256e+06  0.92849  0 
0.362624  0.232599  1.31448e+06  0.930395  0 
0.231785  0.326257  1.07112e+06  1.30503  0 
0.628559  0.210745  1.80912e+06  0.842982  1 
0.679656  0.209367  1.90416e+06  0.837467  0 
0.608172  0.213531  1.7712e+06  0.854125  0 
0.548043  0.21517  1.65936e+06  0.86068  0 
0.346495  0.240505  1.28448e+06  0.962022  0 
0.235656  0.323549  1.07832e+06  1.2942  0 
0.544172  0.216852  1.65216e+06  0.867407  0 
0.276946  0.270484  1.15512e+06  1.08194  0 
0.553591  0.214945  1.66968e+06  0.859781  0 
0.206108  0.556996  1.02336e+06  2.22798  0 
0.497204  0.217772  1.5648e+06  0.871089  0 
0.252817  0.308835  1.11024e+06  1.23534  0 
0.206624  0.541824  1.02432e+06  2.1673  0 
0.370624  0.23217  1.32936e+06  0.928679  0 
0.71114  0.207787  1.96272e+06  0.83115  0 
0.673333  0.209779  1.8924e+06  0.839118  0 
0.24843  0.309171  1.10208e+06  1.23668  0 
0.302495  0.253708  1.20264e+06  1.01483  0 
0.293333  0.257809  1.1856e+06  1.03124  0 
0.489591  0.219204  1.55064e+06  0.876816  0 
0.563527  0.21428  1.68816e+06  0.857122  0 

0.168172  0.413356  952800  1.65343  0 
0.855656  0.20214  2.23152e+06  0.80856  0 
0.628946  0.20678  1.80984e+06  0.82712  0 
0.43243  0.217343  1.44432e+06  0.869373  0 
0.270753  0.25205  1.1436e+06  1.0082  0 
0.196559  0.340205  1.0056e+06  1.36082  0 
0.231011  0.288558  1.06968e+06  1.15423  0 
0.400043  0.221532  1.38408e+06  0.886129  0 
0.370624  0.227904  1.32936e+06  0.911614  0 
0.242882  0.264605  1.09176e+06  1.05842  0 
0.339785  0.229652  1.272e+06  0.91861  0 
0.21243  0.307559  1.03512e+06  1.23024  0 
0.31772  0.234501  1.23096e+06  0.938005  0 
0.180817  0.376091  976320  1.50436  0 
0.305591  0.237724  1.2084e+06  0.950895  0 
0.256559  0.254316  1.1172e+06  1.01727  0 
0.613849  0.207418  1.78176e+06  0.829674  0 
0.295527  0.242888  1.18968e+06  0.971551  0 
0.564301  0.208225  1.6896e+06  0.832899  0 
0.187785  0.365753  989280  1.46301  0 
0.548301  0.208686  1.65984e+06  0.834744  0 
0.282366  0.243757  1.1652e+06  0.975027  0 
0.534495  0.209653  1.63416e+06  0.838611  0 
0.247656  0.257511  1.10064e+06  1.03004  0 
0.52043  0.210536  1.608e+06  0.842145  0 
0.514366  0.211315  1.59672e+06  0.845261  0 
0.386753  0.222184  1.35936e+06  0.888738  0 
0.237849  0.283583  1.0824e+06  1.13433  0 
0.207785  0.334689  1.02648e+06  1.33876  0 
0.507527  0.21292  1.584e+06  0.851678  0 
0.502624  0.21311  1.57488e+06  0.852442  0 
0.797075  0.202651  2.12256e+06  0.810603  0 
0.239011  0.277613  1.08456e+06  1.11045  0 
0.416301  0.217741  1.41432e+06  0.870962  0 
0.491527  0.213577  1.55424e+06  0.85431  0 
0.227527  0.30109  1.0632e+06  1.20436  0 
0.279269  0.244736  1.15944e+06  0.978945  0 
0.383656  0.224184  1.3536e+06  0.896734  0 
0.780172  0.203877  2.09112e+06  0.815509  0 
0.218882  0.304671  1.04712e+06  1.21868  0 
0.19372  0.348337  1.00032e+06  1.39335  0 
0.482882  0.214681  1.53816e+06  0.858725  0 
0.73914  0.204263  2.0148e+06  0.817054  0 
0.29914  0.240455  1.1964e+06  0.961822  0 
0.411914  0.219194  1.40616e+06  0.876777  0 
0.26714  0.252104  1.13688e+06  1.00842  0 
0.296688  0.240689  1.19184e+06  0.962756  0 
0.682366  0.204731  1.9092e+06  0.818922  0 
0.31514  0.235731  1.22616e+06  0.942925  0 
0.476172  0.215455  1.52568e+06  0.86182  0 
0.384559  0.222392  1.35528e+06  0.889567  0 
0.364172  0.227914  1.31736e+06  0.911656  0 
0.333849  0.232836  1.26096e+06  0.931342  0 
0.241333  0.267019  1.08888e+06  1.06808  0 
0.473462  0.215881  1.52064e+06  0.863525  0 
0.676817  0.205343  1.89888e+06  0.821372  0 
0.470495  0.215998  1.51512e+06  0.863991  0 
0.378237  0.226574  1.34352e+06  0.906295  0 
0.466882  0.216252  1.5084e+06  0.865006  0 
0.358237  0.228573  1.30632e+06  0.91429  0 
0.464043  0.216296  1.50312e+06  0.865183  0 
0.311011  0.236771  1.21848e+06  0.947083  0 
0.542624  0.208707  1.64928e+06  0.834829  0 
0.178624  0.412469  972240  1.64988  0 
0.437462  0.216543  1.45368e+06  0.866171  0 
0.187011  0.367597  987840  1.47039  0 
0.408043  0.220779  1.39896e+06  0.883114  0 
0.294753  0.24308  1.18824e+06  0.972318  0 
0.217075  0.30691  1.04376e+06  1.22764  0 
0.278624  0.249199  1.15824e+06  0.996798  0 
0.247011  0.260366  1.09944e+06  1.04146  0 
0.291656  0.243113  1.18248e+06  0.972451  0 
0.261204  0.253708  1.12584e+06  1.01483  0 
0.226237  0.304138  1.0608e+06  1.21655  0 
0.399527  0.221542  1.38312e+06  0.886168  0 
0.330882  0.233991  1.25544e+06  0.935962  0 
0.355269  0.229159  1.3008e+06  0.916636  0 
0.41514  0.218709  1.41216e+06  0.874837  0 
0.278108  0.251603  1.15728e+06  1.00641  0 
0.433333  0.216915  1.446e+06  0.86766  0 
0.49114  0.213863  1.55352e+06  0.855454  0 
0.304946  0.240146  1.2072e+06  0.960586  0 
0.377333  0.227602  1.34184e+06  0.91041  0 
0.184301  0.375797  982800  1.50319  0 
0.323914  0.234223  1.24248e+06  0.936893  0 
0.17514  0.413087  965760  1.65235  0 
0.289075  0.243542  1.17768e+06  0.974169  0 
0.428946  0.217555  1.43784e+06  0.870218  0 
0.216559  0.307407  1.0428e+06  1.22963  0 
0.621204  0.207278  1.79544e+06  0.829112  0 
0.411785  0.219282  1.40592e+06  0.877126  0 
0.502495  0.21337  1.57464e+06  0.853482  0 
0.402366  0.221408  1.3884e+06  0.885632  0 
0.204688  0.340099  1.02072e+06  1.3604  0 
0.39772  0.222084  1.37976e+06  0.888335  0 
0.21643  0.307472  1.04256e+06  1.22989  0 
0.489075  0.214621  1.54968e+06  0.858485  0 
0.506495  0.213056  1.58208e+06  0.852224  0 
0.259656  0.262306  1.12296e+06  1.04922  0 
0.396946  0.222268  1.37832e+06  0.88907  0 

0.156301  0.417956  930720  1.67182  0 
0.889333  0.201629  2.29416e+06  0.806516  0 
0.655527  0.205102  1.85928e+06  0.820408  0 
0.452559  0.215066  1.48176e+06  0.860265  0 
0.272946  0.240343  1.14768e+06  0.961371  0 
0.193333  0.33952  999600  1.35808  0 
0.215398  0.279764  1.04064e+06  1.11906  0 
0.243269  0.255113  1.09248e+06  1.02045  0 
0.168688  0.357912  953760  1.43165  0 
0.42172  0.216416  1.4244e+06  0.865666  0 
0.400172  0.218868  1.38432e+06  0.87547  0 
0.381849  0.222093  1.35024e+06  0.888372  0 
0.225075  0.261123  1.05864e+06  1.04449  0 
0.367656  0.226663  1.32384e+06  0.906652  0 
0.349978  0.228004  1.29096e+06  0.912015  0 
0.203914  0.287887  1.01928e+06  1.15155  0 
0.260559  0.243635  1.12464e+06  0.974538  0 
0.33914  0.229189  1.2708e+06  0.916757  0 
0.175269  0.348029  966000  1.39212  0 
0.319656  0.230715  1.23456e+06  0.922861  0 
0.637849  0.205453  1.8264e+06  0.821813  0 
0.614366  0.205736  1.78272e+06  0.822944  0 
0.593075  0.206088  1.74312e+06  0.824354  0 
0.584817  0.206139  1.72776e+06  0.824554  0 
0.554237  0.207058  1.67088e+06  0.828233  0 
0.216172  0.271903  1.04208e+06  1.08761  0 
0.304559  0.232834  1.20648e+06  0.931336  0 
0.541591  0.208487  1.64736e+06  0.833949  0 
0.531269  0.208531  1.62816e+06  0.834122  0 
0.248301  0.249002  1.10184e+06  0.996008  0 
0.524043  0.209545  1.61472e+06  0.838178  0 
0.51114  0.209706  1.59072e+06  0.838825  0 
0.188301  0.340936  990240  1.36374  0 
0.297978  0.235589  1.19424e+06  0.942357  0 
0.50043  0.210549  1.5708e+06  0.842196  0 
0.164172  0.408206  945360  1.63282  0 
0.233591  0.256971  1.07448e+06  1.02788  0 
0.374624  0.222646  1.3368e+06  0.890584  0 
0.200043  0.329462  1.01208e+06  1.31785  0 
0.291785  0.236744  1.18272e+06  0.946974  0 
0.20843  0.284607  1.02768e+06  1.13843  0 
0.488043  0.211788  1.54776e+06  0.847152  0 
0.228172  0.258127  1.0644e+06  1.03251  0 
0.204817  0.284894  1.02096e+06  1.13957  0 
0.855656  0.20214  2.23152e+06  0.80856  0 
0.807398  0.202144  2.14176e+06  0.808577  0 
0.185591  0.344057  985200  1.37623  0 
0.368559  0.224037  1.32552e+06  0.896149  0 
0.161591  0.415329  940560  1.66131  0 
0.797075  0.202651  2.12256e+06  0.810603  0 
0.418108  0.216449  1.41768e+06  0.865795  0 
0.79243  0.202809  2.11392e+06  0.811237  0 
0.257204  0.246766  1.1184e+06  0.987065  0 
0.413849  0.216699  1.40976e+06  0.866796  0 
0.784172  0.203081  2.09856e+06  0.812325  0 
0.22314  0.264613  1.05504e+06  1.05845  0 
0.774882  0.20322  2.08128e+06  0.81288  0 
0.289204  0.238482  1.17792e+06  0.953927  0 
0.76043  0.203251  2.0544e+06  0.813005  0 
0.285591  0.238601  1.1712e+06  0.954402  0 
0.710366  0.203391  1.96128e+06  0.813562  0 
0.486495  0.21237  1.54488e+06  0.849482  0 
0.284043  0.238889  1.16832e+06  0.955557  0 
0.469462  0.213749  1.5132e+06  0.854998  0 
0.269333  0.242336  1.14096e+06  0.969346  0 
0.398882  0.220623  1.38192e+06  0.882493  0 
0.223785  0.262656  1.05624e+06  1.05062  0 
0.30043  0.234392  1.1988e+06  0.937568  0 
0.282753  0.239254  1.16592e+06  0.957014  0 
0.393204  0.221022  1.37136e+06  0.884087  0 
0.160559  0.415436  938640  1.66175  0 
0.262882  0.242621  1.12896e+06  0.970485  0 
0.334495  0.229735  1.26216e+06  0.918938  0 
0.549462  0.207577  1.662e+06  0.830306  0 
0.372688  0.223143  1.3332e+06  0.892573  0 
0.433849  0.21554  1.44696e+06  0.862161  0 
0.359527  0.227142  1.30872e+06  0.908567  0 
0.348043  0.228394  1.28736e+06  0.913575  0 
0.411269  0.218075  1.40496e+06  0.872299  0 
0.468688  0.214164  1.51176e+06  0.856658  0 
0.222495  0.271376  1.05384e+06  1.0855  0 
0.185075  0.345809  984240  1.38324  0 
0.189333  0.340425  992160  1.3617  0 
0.679011  0.204614  1.90296e+06  0.818457  0 
0.464301  0.214597  1.5036e+06  0.858387  0 
0.221333  0.271492  1.05168e+06  1.08597  0 
0.278753  0.239936  1.15848e+06  0.959744  0 
0.319269  0.231525  1.23384e+06  0.926101  0 
0.35772  0.227658  1.30536e+06  0.91063  0 
0.508946  0.210256  1.58664e+06  0.841024  0 
0.649333  0.205168  1.84776e+06  0.82067  0 
0.20314  0.329203  1.01784e+06  1.31681  0 
0.330624  0.230457  1.25496e+06  0.921829  0 
0.16843  0.40574  953280  1.62296  0 
0.526237  0.209299  1.6188e+06  0.837197  0 
0.340559  0.228958  1.27344e+06  0.915832  0 
0.356172  0.227799  1.30248e+06  0.911196  0 
0.39243  0.221914  1.36992e+06  0.887655  0 
0.432043  0.216336  1.4436e+06  0.865342  0 
0.239785  0.256892  1.086e+06  1.02757  0 

0.148946  0.441848  917040  1.76739  0 
0.841204  0.200752  2.20464e+06  0.80301  0 
0.581204  0.205702  1.72104e+06  0.82281  0 
0.361462  0.223562  1.31232e+06  0.894249  0 
0.198237  0.278682  1.00872e+06  1.11473  0 
0.313849  0.230988  1.22376e+06  0.92395  0 
0.158753  0.402599  935280  1.61039  0 
0.274753  0.239443  1.15104e+06  0.95777  0 
0.168688  0.357912  953760  1.43165  0 
0.246495  0.250421  1.09848e+06  1.00168  0 
0.225591  0.258164  1.0596e+06  1.03265  0 
0.557978  0.206184  1.67784e+06  0.824734  0 
0.537333  0.206537  1.63944e+06  0.826147  0 
0.174882  0.342684  965280  1.37074  0 
0.520172  0.208771  1.60752e+06  0.835085  0 
0.505204  0.210197  1.57968e+06  0.840786  0 
0.212301  0.263507  1.03488e+06  1.05403  0 
0.482882  0.210869  1.53816e+06  0.843478  0 
0.185075  0.330999  984240  1.324  0 
0.471656  0.212204  1.51728e+06  0.848815  0 
0.264559  0.240311  1.13208e+06  0.961243  0 
0.46172  0.213385  1.4988e+06  0.853538  0 
0.451398  0.214287  1.4796e+06  0.857148  0 
0.435527  0.214732  1.45008e+06  0.858928  0 
0.204172  0.268033  1.01976e+06  1.07213  0 
0.422624  0.215671  1.42608e+06  0.862683  0 
0.300559  0.231896  1.19904e+06  0.927585  0 
0.413849  0.216544  1.40976e+06  0.866177  0 
0.40572  0.217345  1.39464e+06  0.869381  0 
0.353204  0.225184  1.29696e+06  0.900735  0 
0.251785  0.244768  1.10832e+06  0.979072  0 
0.241204  0.252365  1.08864e+06  1.00946  0 
0.393591  0.218295  1.37208e+06  0.873178  0 
0.153591  0.417426  925680  1.6697  0 
0.232688  0.253144  1.0728e+06  1.01257  0 
0.295527  0.234527  1.18968e+06  0.938106  0 
0.790753  0.201267  2.1108e+06  0.80507  0 
0.379398  0.219203  1.34568e+06  0.87681  0 
0.346495  0.226992  1.28448e+06  0.907968  0 
0.289591  0.235802  1.17864e+06  0.943208  0 
0.342108  0.227534  1.27632e+06  0.910136  0 
0.333978  0.227931  1.2612e+06  0.911725  0 
0.220946  0.260457  1.05096e+06  1.04183  0 
0.719398  0.202755  1.97808e+06  0.811019  0 
0.698237  0.202778  1.93872e+06  0.811113  0 
0.683398  0.202889  1.91112e+06  0.811555  0 
0.662108  0.203092  1.87152e+06  0.812368  0 
0.370108  0.220964  1.3284e+06  0.883856  0 
0.259527  0.242346  1.12272e+06  0.969383  0 
0.172817  0.344433  961440  1.37773  0 
0.330108  0.22904  1.254e+06  0.916159  0 
0.162495  0.400758  942240  1.60303  0 
0.21914  0.260771  1.0476e+06  1.04308  0 
0.324817  0.229226  1.24416e+06  0.916902  0 
0.285204  0.237812  1.17048e+06  0.951249  0 
0.535269  0.207179  1.6356e+06  0.828715  0 
0.230753  0.256574  1.0692e+06  1.0263  0 
0.365075  0.221982  1.31904e+06  0.887926  0 
0.377204  0.219486  1.3416e+06  0.877942  0 
0.248301  0.249002  1.10184e+06  0.996008  0 
0.243398  0.251046  1.09272e+06  1.00418  0 
0.656043  0.204449  1.86024e+06  0.817796  0 
0.322366  0.229811  1.2396e+06  0.919243  0 
0.515527  0.209062  1.59888e+06  0.836249  0 
0.649978  0.204703  1.84896e+06  0.818813  0 
0.63772  0.204742  1.82616e+06  0.818968  0 
0.469333  0.212488  1.51296e+06  0.849953  0 
0.512817  0.209354  1.59384e+06  0.837415  0 
0.510882  0.209445  1.59024e+06  0.83778  0 
0.635398  0.204963  1.82184e+06  0.819852  0 
0.47772  0.211497  1.52856e+06  0.845989  0 
0.36443  0.222174  1.31784e+06  0.888698  0 
0.419527  0.215927  1.42032e+06  0.863708  0 
0.411914  0.216732  1.40616e+06  0.86693  0 
0.284172  0.238834  1.16856e+06  0.955334  0 
0.280559  0.238878  1.16184e+06  0.955514  0 
0.288172  0.237255  1.176e+06  0.949021  0 
0.27243  0.239778  1.14672e+06  0.959113  0 
0.368559  0.221455  1.32552e+06  0.885819  0 
0.158237  0.402776  934320  1.6111  0 
0.419011  0.215945  1.41936e+06  0.863782  0 
0.251269  0.247257  1.10736e+06  0.989028  0 
0.411398  0.216754  1.4052e+06  0.867015  0 
0.19772  0.32945  1.00776e+06  1.3178  0 
0.293333  0.235292  1.1856e+06  0.941168  0 
0.494753  0.21038  1.56024e+06  0.841522  0 
0.624301  0.205256  1.8012e+06  0.821022  0 
0.360559  0.224743  1.31064e+06  0.898972  0 
0.57243  0.20577  1.70472e+06  0.823078  0 
0.455398  0.213878  1.48704e+06  0.855512  0 
0.184688  0.340999  983520  1.364  0 
0.211914  0.267245  1.03416e+06  1.06898  0 
0.352817  0.226442  1.29624e+06  0.905768  0 
0.476688  0.211931  1.52664e+06  0.847724  0 
0.467398  0.21312  1.50936e+06  0.85248  0 
0.621075  0.205459  1.7952e+06  0.821837  0 
0.217462  0.263268  1.04448e+06  1.05307  0 
0.297333  0.234306  1.19304e+06  0.937224  0 
0.570366  0.206068  1.70088e+06  0.824273  0 
0.56572  0.206077  1.69224e+06  0.824308  0 

0.148946  0.441848  917040  1.76739  0 
0.841204  0.200752  2.20464e+06  0.80301  0 
0.581204  0.205702  1.72104e+06  0.82281  0 
0.361462  0.223562  1.31232e+06  0.894249  0 
0.198237  0.278682  1.00872e+06  1.11473  0 
0.313849  0.230988  1.22376e+06  0.92395  0 
0.158753  0.402599  935280  1.61039  0 
0.274753  0.239443  1.15104e+06  0.95777  0 
0.168688  0.357912  953760  1.43165  0 
0.246495  0.250421  1.09848e+06  1.00168  0 
0.225591  0.258164  1.0596e+06  1.03265  0 
0.557978  0.206184  1.67784e+06  0.824734  0 
0.537333  0.206537  1.63944e+06  0.826147  0 
0.174882  0.342684  965280  1.37074  0 
0.520172  0.208771  1.60752e+06  0.835085  0 
0.505204  0.210197  1.57968e+06  0.840786  0 
0.212301  0.263507  1.03488e+06  1.05403  0 
0.482882  0.210869  1.53816e+06  0.843478  0 
0.185075  0.330999  984240  1.324  0 
0.471656  0.212204  1.51728e+06  0.848815  0 
0.264559  0.240311  1.13208e+06  0.961243  0 
0.46172  0.213385  1.4988e+06  0.853538  0 
0.451398  0.214287  1.4796e+06  0.857148  0 
0.435527  0.214732  1.45008e+06  0.858928  0 
0.204172  0.268033  1.01976e+06  1.07213  0 
0.422624  0.215671  1.42608e+06  0.862683  0 
0.300559  0.231896  1.19904e+06  0.927585  0 
0.413849  0.216544  1.40976e+06  0.866177  0 
0.40572  0.217345  1.39464e+06  0.869381  0 
0.353204  0.225184  1.29696e+06  0.900735  0 
0.251785  0.244768  1.10832e+06  0.979072  0 
0.241204  0.252365  1.08864e+06  1.00946  0 
0.393591  0.218295  1.37208e+06  0.873178  0 
0.153591  0.417426  925680  1.6697  0 
0.232688  0.253144  1.0728e+06  1.01257  0 
0.295527  0.234527  1.18968e+06  0.938106  0 
0.790753  0.201267  2.1108e+06  0.80507  0 
0.379398  0.219203  1.34568e+06  0.87681  0 
0.346495  0.226992  1.28448e+06  0.907968  0 
0.289591  0.235802  1.17864e+06  0.943208  0 
0.342108  0.227534  1.27632e+06  0.910136  0 
0.333978  0.227931  1.2612e+06  0.911725  0 
0.220946  0.260457  1.05096e+06  1.04183  0 
0.719398  0.202755  1.97808e+06  0.811019  0 
0.698237  0.202778  1.93872e+06  0.811113  0 
0.683398  0.202889  1.91112e+06  0.811555  0 
0.662108  0.203092  1.87152e+06  0.812368  0 
0.370108  0.220964  1.3284e+06  0.883856  0 
0.259527  0.242346  1.12272e+06  0.969383  0 
0.172817  0.344433  961440  1.37773  0 
0.330108  0.22904  1.254e+06  0.916159  0 
0.162495  0.400758  942240  1.60303  0 
0.21914  0.260771  1.0476e+06  1.04308  0 
0.324817  0.229226  1.24416e+06  0.916902  0 
0.285204  0.237812  1.17048e+06  0.951249  0 
0.535269  0.207179  1.6356e+06  0.828715  0 
0.230753  0.256574  1.0692e+06  1.0263  0 
0.365075  0.221982  1.31904e+06  0.887926  0 
0.377204  0.219486  1.3416e+06  0.877942  0 
0.248301  0.249002  1.10184e+06  0.996008  0 
0.243398  0.251046  1.09272e+06  1.00418  0 
0.656043  0.204449  1.86024e+06  0.817796  0 
0.322366  0.229811  1.2396e+06  0.919243  0 
0.515527  0.209062  1.59888e+06  0.836249  0 
0.649978  0.204703  1.84896e+06  0.818813  0 
0.63772  0.204742  1.82616e+06  0.818968  0 
0.469333  0.212488  1.51296e+06  0.849953  0 
0.512817  0.209354  1.59384e+06  0.837415  0 
0.510882  0.209445  1.59024e+06  0.83778  0 
0.635398  0.204963  1.82184e+06  0.819852  0 
0.47772  0.211497  1.52856e+06  0.845989  0 
0.36443  0.222174  1.31784e+06  0.888698  0 
0.419527  0.215927  1.42032e+06  0.863708  0 
0.411914  0.216732  1.40616e+06  0.86693  0 
0.284172  0.238834  1.16856e+06  0.955334  0 
0.280559  0.238878  1.16184e+06  0.955514  0 
0.288172  0.237255  1.176e+06  0.949021  0 
0.27243  0.239778  1.14672e+06  0.959113  0 
0.368559  0.221455  1.32552e+06  0.885819  0 
0.158237  0.402776  934320  1.6111  0 
0.19772  0.32945  1.00776e+06  1.3178  0 
0.411398  0.216754  1.4052e+06  0.867015  0 
0.251269  0.247257  1.10736e+06  0.989028  0 
0.419011  0.215945  1.41936e+06  0.863782  0 
0.293333  0.235292  1.1856e+06  0.941168  0 
0.494753  0.21038  1.56024e+06  0.841522  0 
0.624301  0.205256  1.8012e+06  0.821022  0 
0.360559  0.224743  1.31064e+06  0.898972  0 
0.57243  0.20577  1.70472e+06  0.823078  0 
0.455398  0.213878  1.48704e+06  0.855512  0 
0.211914  0.267245  1.03416e+06  1.06898  0 
0.184688  0.340999  983520  1.364  0 
0.352817  0.226442  1.29624e+06  0.905768  0 
0.476688  0.211931  1.52664e+06  0.847724  0 
0.467398  0.21312  1.50936e+06  0.85248  0 
0.621075  0.205459  1.7952e+06  0.821837  0 
0.217462  0.263268  1.04448e+06  1.05307  0 
0.297333  0.234306  1.19304e+06  0.937224  0 
0.570366  0.206068  1.70088e+06  0.824273  0 
0.56572  0.206077  1.69224e+06  0.824308  0 

