2.45425e+06  1.14123e+12  4.56491e+12  4.56491e+12  0 
33.7035  1.53495e+07  6.33284e+07  6.13981e+07  0 
22.0886  9.92575e+06  4.17248e+07  3.9703e+07  0 
25.9841  1.1739e+07  4.89704e+07  4.69558e+07  0 
3.6134e+07  1.68023e+13  6.72093e+13  6.72093e+13  0 
24.0167  1.0814e+07  4.5311e+07  4.32559e+07  0 
25.8992  1.16997e+07  4.88124e+07  4.67989e+07  0 
25.2515  1.14163e+07  4.76078e+07  4.56653e+07  0 
1.53082e+07  7.11831e+12  2.84733e+13  2.84733e+13  0 
23.1013  1.03896e+07  4.36084e+07  4.15586e+07  0 
24.0507  1.08677e+07  4.53742e+07  4.34708e+07  0 
16.6205  7.37837e+06  3.15542e+07  2.95135e+07  0 
25.5033  1.15222e+07  4.80761e+07  4.60887e+07  0 
13.6316  6.04774e+06  2.59948e+07  2.4191e+07  0 
32.5351  1.47696e+07  6.11553e+07  5.90786e+07  0 
48.5055  2.22041e+07  9.08603e+07  8.88162e+07  0 
29.9813  1.3583e+07  5.64051e+07  5.4332e+07  0 
27.4378  1.23697e+07  5.16742e+07  4.94787e+07  0 
42.0905  1.92523e+07  7.89283e+07  7.70093e+07  0 
38.7789  1.76596e+07  7.27687e+07  7.06382e+07  0 
21.0443  9.45067e+06  3.97825e+07  3.78027e+07  0 
25.5567  1.15225e+07  4.81755e+07  4.60899e+07  0 
25.5053  1.15236e+07  4.80798e+07  4.60942e+07  0 
39.9771  1.82861e+07  7.49973e+07  7.31443e+07  0 
14.4858  6.39118e+06  2.75836e+07  2.55647e+07  0 
28.0432  1.26934e+07  5.28004e+07  5.07736e+07  0 
40.4358  1.85064e+07  7.58505e+07  7.40256e+07  0 
27.2059  1.23133e+07  5.1243e+07  4.92531e+07  0 
25.0547  1.13139e+07  4.72418e+07  4.52555e+07  0 
5.63254e+07  2.61913e+13  1.04765e+14  1.04765e+14  0 
26.1808  1.18154e+07  4.93362e+07  4.72617e+07  0 
24.8465  1.12338e+07  4.68546e+07  4.49351e+07  0 
44.3634  2.0317e+07  8.3156e+07  8.12681e+07  0 
14.3549  6.3153e+06  2.73401e+07  2.52612e+07  0 
4.48848e+07  2.08714e+13  8.34857e+13  8.34857e+13  0 
25.7826  1.16637e+07  4.85956e+07  4.66548e+07  0 
35.505  1.62234e+07  6.66793e+07  6.48935e+07  0 
4.19357e+07  1.95001e+13  7.80004e+13  7.80004e+13  0 
34.1807  1.55825e+07  6.42162e+07  6.233e+07  0 
17.8891  7.94731e+06  3.39137e+07  3.17892e+07  0 
47.298  2.16471e+07  8.86143e+07  8.65884e+07  0 
2.53672e+07  1.17958e+13  4.7183e+13  4.7183e+13  0 
25.186  1.13937e+07  4.7486e+07  4.55749e+07  0 
25.955  1.1707e+07  4.89162e+07  4.6828e+07  0 
23.5835  1.06414e+07  4.45053e+07  4.25654e+07  0 
27.789  1.25529e+07  5.23275e+07  5.02115e+07  0 
5.85581e+07  2.72295e+13  1.08918e+14  1.08918e+14  0 
7.54977e+07  3.51064e+13  1.40426e+14  1.40426e+14  0 
48.0736  2.20119e+07  9.00568e+07  8.80476e+07  0 
25.0422  1.13007e+07  4.72184e+07  4.52027e+07  0 
24.9769  1.12609e+07  4.7097e+07  4.50436e+07  0 
27.1678  1.2264e+07  5.11721e+07  4.9056e+07  0 
21.1502  9.48932e+06  3.99793e+07  3.79573e+07  0 
27.4606  1.245e+07  5.17168e+07  4.97999e+07  0 
15.8024  7.00477e+06  3.00324e+07  2.80191e+07  0 
24.9901  1.12394e+07  4.71216e+07  4.49575e+07  0 
52.5785  2.41114e+07  9.84361e+07  9.64455e+07  0 
31.7767  1.44423e+07  5.97447e+07  5.77693e+07  0 
25.0157  1.13601e+07  4.71692e+07  4.54405e+07  0 
11.7119  5.11975e+06  2.24242e+07  2.0479e+07  0 
28.4373  1.29685e+07  5.35335e+07  5.18741e+07  0 
46.8888  2.14602e+07  8.78531e+07  8.58407e+07  0 
24.5391  1.10546e+07  4.62828e+07  4.42185e+07  0 
27.8477  1.26205e+07  5.24367e+07  5.04819e+07  0 
4.82468e+06  2.24348e+12  8.97391e+12  8.97391e+12  0 
25.8428  1.16836e+07  4.87075e+07  4.67343e+07  0 
25.036  1.13019e+07  4.72069e+07  4.52075e+07  0 
24.5195  1.10554e+07  4.62462e+07  4.42216e+07  0 
1.2326e+08  5.7316e+13  2.29264e+14  2.29264e+14  0 
1.80737e+07  8.40427e+12  3.36171e+13  3.36171e+13  0 
25.2564  1.13806e+07  4.76168e+07  4.55224e+07  0 
29.4673  1.33557e+07  5.54493e+07  5.34227e+07  0 
66.2968  3.04603e+07  1.23952e+08  1.21841e+08  0 
26.5624  1.19878e+07  5.00461e+07  4.79513e+07  0 
25.8284  1.17064e+07  4.86809e+07  4.68257e+07  0 
14.7106  6.50351e+06  2.80017e+07  2.6014e+07  0 
1.45162e+09  6.75004e+14  2.70001e+15  2.70001e+15  0 
28.0934  1.27227e+07  5.28938e+07  5.0891e+07  0 
26.1712  1.18029e+07  4.93185e+07  4.72117e+07  0 
26.5342  1.19847e+07  4.99936e+07  4.7939e+07  0 
46.1251  2.11226e+07  8.64326e+07  8.44905e+07  0 
1.42787e+08  6.63958e+13  2.65583e+14  2.65583e+14  0 
25.6588  1.16291e+07  4.83653e+07  4.65166e+07  0 
34.0071  1.55219e+07  6.38932e+07  6.20876e+07  0 
27.2652  1.23734e+07  5.13532e+07  4.94935e+07  0 
39.1838  1.79337e+07  7.35219e+07  7.17348e+07  0 
5.25092e+07  2.44168e+13  9.76671e+13  9.76671e+13  0 
2.92863e+07  1.36181e+13  5.44725e+13  5.44725e+13  0 
27.4666  1.24611e+07  5.17279e+07  4.98443e+07  0 
1.58679e+07  7.37856e+12  2.95142e+13  2.95142e+13  0 
1.56371e+07  7.27124e+12  2.9085e+13  2.9085e+13  0 
25.8577  1.17147e+07  4.87352e+07  4.68587e+07  0 
2.72305e+08  1.26622e+14  5.06488e+14  5.06488e+14  0 
19.3893  8.69944e+06  3.67041e+07  3.47977e+07  0 
32.9431  1.49945e+07  6.19141e+07  5.9978e+07  0 
38.6372  1.76353e+07  7.25053e+07  7.05413e+07  0 
29.2946  1.32796e+07  5.5128e+07  5.31183e+07  0 
19.8728  8.88511e+06  3.76035e+07  3.55404e+07  0 
25.8023  1.16696e+07  4.86322e+07  4.66784e+07  0 
1.32215e+07  6.14799e+12  2.4592e+13  2.4592e+13  0 

0.236559  0.539911  1.08e+06  2.15964  0 
0.85372  0.220014  2.22792e+06  0.880057  0 
0.723398  0.435764  1.98552e+06  1.74306  0 
2.67585  840929  5.61707e+06  3.36372e+06  3 
3.6409  1.31596e+06  7.41207e+06  5.26383e+06  5 
3.6731  1.30285e+06  7.47197e+06  5.21141e+06  5 
4.16886  1.55384e+06  8.39408e+06  6.21537e+06  7 
4.33511  1.65341e+06  8.70331e+06  6.61363e+06  8 
7.17036  2.94492e+06  1.39769e+07  1.17797e+07  16 
9.73983  4.19048e+06  1.87561e+07  1.67619e+07  30 
14.9156  6.4669e+06  2.83831e+07  2.58676e+07  52 
24.6381  1.10776e+07  4.64668e+07  4.43104e+07  67 
24.9447  1.12842e+07  4.70372e+07  4.51366e+07  71 
25.2883  1.13913e+07  4.76763e+07  4.55653e+07  73 
28.4159  1.29129e+07  5.34936e+07  5.16516e+07  80 
33.2327  1.50933e+07  6.24529e+07  6.03733e+07  85 
11.3041  4.88786e+06  2.16656e+07  1.95514e+07  42 
10.5752  4.54712e+06  2.03099e+07  1.81885e+07  37 
5.62257  2.25136e+06  1.1098e+07  9.00543e+06  11 
24.7848  1.11686e+07  4.67397e+07  4.46743e+07  69 
31.2894  1.4173e+07  5.88384e+07  5.66918e+07  84 
39.6796  1.80462e+07  7.4444e+07  7.21847e+07  86 
10.6873  4.6131e+06  2.05183e+07  1.84524e+07  38 
10.1463  4.32721e+06  1.95121e+07  1.73089e+07  32 
25.7815  1.16593e+07  4.85936e+07  4.66374e+07  75 
9.91671  4.28443e+06  1.90851e+07  1.71377e+07  31 
6.72458  2.75701e+06  1.31477e+07  1.1028e+07  14 
7.82992  3.32931e+06  1.52036e+07  1.33172e+07  22 
24.464  1.10166e+07  4.61431e+07  4.40664e+07  66 
25.5839  1.15365e+07  4.8226e+07  4.61462e+07  74 
8.6345  3.64986e+06  1.67002e+07  1.45995e+07  25 
10.2491  4.424e+06  1.97034e+07  1.7696e+07  35 
11.171  4.86755e+06  2.1418e+07  1.94702e+07  41 
26.6585  1.20591e+07  5.02247e+07  4.82363e+07  78 
25.1082  1.12911e+07  4.73413e+07  4.51643e+07  72 
3.92863  1.43212e+06  7.94726e+06  5.72846e+06  6 
10.2624  4.32153e+06  1.97281e+07  1.72861e+07  32 
11.7087  5.06349e+06  2.24183e+07  2.0254e+07  43 
24.799  1.11715e+07  4.67662e+07  4.46859e+07  70 
15.8223  7.00985e+06  3.00696e+07  2.80394e+07  53 
11.7734  5.1218e+06  2.25385e+07  2.04872e+07  45 
4.43493  1.70108e+06  8.88897e+06  6.80433e+06  9 
12.139  5.28678e+06  2.32186e+07  2.11471e+07  47 
13.2317  5.7569e+06  2.52509e+07  2.30276e+07  50 
43.5303  1.98821e+07  8.16063e+07  7.95286e+07  88 
24.008  1.08438e+07  4.52949e+07  4.33754e+07  65 
11.8088  5.16114e+06  2.26044e+07  2.06446e+07  46 
10.6958  4.643e+06  2.05342e+07  1.8572e+07  39 
14.1701  6.24721e+06  2.69964e+07  2.49888e+07  51 
24.7252  1.11192e+07  4.6629e+07  4.44766e+07  68 
7.14583  2.96393e+06  1.39312e+07  1.18557e+07  16 
24.6821  1.11356e+07  4.65488e+07  4.45426e+07  68 
17.3816  7.72809e+06  3.29699e+07  3.09123e+07  55 
20.7096  9.3205e+06  3.91598e+07  3.7282e+07  59 
1.71524  379669  3.83035e+06  1.51868e+06  1 
2.0735  607340  4.49672e+06  2.42936e+06  2 
19.4205  8.6587e+06  3.67622e+07  3.46348e+07  58 
18.6327  8.34484e+06  3.52967e+07  3.33794e+07  57 
11.0373  4.71977e+06  2.11694e+07  1.88791e+07  40 
40.047  1.82541e+07  7.51275e+07  7.30165e+07  87 
3.37025  1.17775e+06  6.90866e+06  4.71098e+06  4 
9.36629  3.97544e+06  1.80613e+07  1.59018e+07  28 
26.4899  1.19898e+07  4.99113e+07  4.79591e+07  77 
22.4564  1.00587e+07  4.24089e+07  4.02347e+07  61 
27.1652  1.22963e+07  5.11673e+07  4.91854e+07  79 
7.25355  3.01348e+06  1.41316e+07  1.20539e+07  17 
26.2047  1.18092e+07  4.93807e+07  4.72368e+07  76 
29.8102  1.3488e+07  5.60869e+07  5.39521e+07  81 
9.20369  3.93499e+06  1.77589e+07  1.574e+07  27 
6.03301  2.47701e+06  1.18614e+07  9.90804e+06  13 
23.0526  1.03576e+07  4.35178e+07  4.14302e+07  63 
22.1847  9.91249e+06  4.19036e+07  3.965e+07  60 
30.0956  1.36588e+07  5.66178e+07  5.46351e+07  82 
11.7401  5.09874e+06  2.24765e+07  2.0395e+07  44 
7.06082  2.87184e+06  1.37731e+07  1.14874e+07  15 
12.1449  5.28059e+06  2.32295e+07  2.11223e+07  47 
30.7417  1.39772e+07  5.78196e+07  5.5909e+07  83 
22.5641  1.01484e+07  4.26092e+07  4.05936e+07  62 
10.1694  4.36441e+06  1.9555e+07  1.74577e+07  34 
10.9357  4.72453e+06  2.09803e+07  1.88981e+07  40 
9.88404  4.17852e+06  1.90243e+07  1.67141e+07  30 
9.39469  3.98457e+06  1.81141e+07  1.59383e+07  29 
10.4998  4.54283e+06  2.01696e+07  1.81713e+07  36 
8.25286  3.48908e+06  1.59903e+07  1.39563e+07  24 
12.4967  5.43444e+06  2.38838e+07  2.17377e+07  48 
12.8149  5.60312e+06  2.44757e+07  2.24125e+07  49 
8.15464  3.43333e+06  1.58076e+07  1.37333e+07  23 
7.66146  3.1401e+06  1.48903e+07  1.25604e+07  21 
8.9373  3.74981e+06  1.72634e+07  1.49992e+07  26 
7.50472  3.08509e+06  1.45988e+07  1.23404e+07  20 
60.4021  2.77382e+07  1.12988e+08  1.10953e+08  89 
10.1543  4.3513e+06  1.9527e+07  1.74052e+07  33 
7.48373  3.06657e+06  1.45597e+07  1.22663e+07  19 
7.34871  3.02473e+06  1.43086e+07  1.20989e+07  18 
6.83017  2.87265e+06  1.33441e+07  1.14906e+07  15 
16.6168  7.35941e+06  3.15472e+07  2.94376e+07  54 
5.94895  2.37438e+06  1.17051e+07  9.49753e+06  12 
17.5805  7.83706e+06  3.33397e+07  3.13482e+07  56 
23.0745  1.03701e+07  4.35586e+07  4.14802e+07  64 
5.13987  2.01466e+06  1.02002e+07  8.05863e+06  10 

0.223269  0.536118  1.05528e+06  2.14447  0 
0.898495  0.216073  2.3112e+06  0.86429  0 
0.608043  0.263522  1.77096e+06  1.05409  0 
0.495527  0.352927  1.56168e+06  1.41171  0 
0.843011  0.277483  2.208e+06  1.10993  1 
0.691011  0.285625  1.92528e+06  1.1425  1 
0.528301  0.362877  1.62264e+06  1.45151  1 
0.501849  0.49242  1.57344e+06  1.96968  1 
0.624043  0.448317  1.80072e+06  1.79327  2 
0.785978  0.344327  2.10192e+06  1.37731  2 
0.683914  0.400913  1.91208e+06  1.60365  2 
0.745978  0.420102  2.02752e+06  1.68041  3 
0.651269  0.526875  1.85136e+06  2.1075  3 
0.817204  0.364722  2.16e+06  1.45889  3 
0.871674  788.82  2.26131e+06  3155.28  4 
1.14324  136429  2.76643e+06  545716  5 
1.2708  240743  3.00369e+06  962972  6 
2.18029  650696  4.69534e+06  2.60279e+06  7 
2.22503  679661  4.77856e+06  2.71864e+06  8 
2.59534  836132  5.46733e+06  3.34453e+06  9 
2.75801  884894  5.7699e+06  3.53958e+06  10 
2.93689  1.01452e+06  6.10262e+06  4.05806e+06  11 
3.1698  1.09522e+06  6.53583e+06  4.38087e+06  12 
3.20255  1.11398e+06  6.59674e+06  4.45594e+06  13 
3.32719  1.13654e+06  6.82857e+06  4.54617e+06  14 
3.30354  1.18567e+06  6.78458e+06  4.74266e+06  14 
3.30472  1.19144e+06  6.78679e+06  4.76575e+06  15 
3.33779  1.18743e+06  6.8483e+06  4.74974e+06  15 
3.38994  1.20082e+06  6.9453e+06  4.8033e+06  16 
3.33914  1.22526e+06  6.8508e+06  4.90104e+06  16 
3.41942  1.21273e+06  7.00013e+06  4.85093e+06  17 
3.50456  1.26168e+06  7.15848e+06  5.04673e+06  18 
3.67554  1.37887e+06  7.47651e+06  5.51547e+06  19 
3.85907  1.38909e+06  7.81787e+06  5.55635e+06  20 
4.10326  1.53138e+06  8.27207e+06  6.12551e+06  22 
4.37283  1.67221e+06  8.77347e+06  6.68883e+06  23 
4.44146  1.68024e+06  8.90112e+06  6.72097e+06  24 
4.53559  1.68351e+06  9.0762e+06  6.73404e+06  25 
4.58909  1.70353e+06  9.17571e+06  6.81411e+06  26 
4.67655  1.80486e+06  9.33839e+06  7.21943e+06  27 
5.35839  2.12071e+06  1.06066e+07  8.48284e+06  28 
5.47258  2.12431e+06  1.0819e+07  8.49724e+06  29 
5.46481  2.19798e+06  1.08045e+07  8.7919e+06  29 
5.48446  2.16883e+06  1.08411e+07  8.67533e+06  30 
5.51887  2.21363e+06  1.09051e+07  8.85454e+06  31 
5.6342  2.23013e+06  1.11196e+07  8.9205e+06  32 
5.88377  2.38175e+06  1.15838e+07  9.52702e+06  33 
5.86845  2.39455e+06  1.15553e+07  9.57819e+06  33 
6.41477  2.59333e+06  1.25715e+07  1.03733e+07  35 
6.42869  2.59392e+06  1.25974e+07  1.03757e+07  36 
7.17195  2.9441e+06  1.39798e+07  1.17764e+07  39 
7.36014  3.03316e+06  1.43299e+07  1.21327e+07  40 
7.39183  3.08462e+06  1.43888e+07  1.23385e+07  42 
7.40313  3.10811e+06  1.44098e+07  1.24325e+07  43 
7.52454  3.13469e+06  1.46356e+07  1.25388e+07  44 
8.99589  3.84815e+06  1.73723e+07  1.53926e+07  47 
9.1619  3.87476e+06  1.76811e+07  1.54991e+07  48 
9.11519  3.89301e+06  1.75943e+07  1.5572e+07  48 
9.21667  3.95015e+06  1.7783e+07  1.58006e+07  49 
9.98336  4.3075e+06  1.9209e+07  1.723e+07  51 
10.0826  4.35627e+06  1.93936e+07  1.74251e+07  52 
10.2372  4.37714e+06  1.96813e+07  1.75085e+07  53 
10.8762  4.69298e+06  2.08697e+07  1.87719e+07  55 
11.6216  5.00259e+06  2.22563e+07  2.00104e+07  57 
12.2188  5.32015e+06  2.33669e+07  2.12806e+07  58 
12.3912  5.38706e+06  2.36876e+07  2.15482e+07  59 
12.5197  5.44172e+06  2.39266e+07  2.17669e+07  60 
13.3118  5.87023e+06  2.54e+07  2.34809e+07  61 
14.073  6.16413e+06  2.68158e+07  2.46565e+07  62 
17.5718  7.73861e+06  3.33235e+07  3.09545e+07  64 
17.5283  7.75166e+06  3.32427e+07  3.10066e+07  64 
21.4155  9.60084e+06  4.04729e+07  3.84034e+07  65 
21.662  9.70049e+06  4.09312e+07  3.8802e+07  66 
21.7512  9.74219e+06  4.10973e+07  3.89688e+07  67 
22.0935  9.87432e+06  4.17339e+07  3.94973e+07  68 
22.7469  1.01167e+07  4.29493e+07  4.04667e+07  69 
22.8096  1.02259e+07  4.30658e+07  4.09036e+07  70 
23.44  1.0573e+07  4.42384e+07  4.2292e+07  71 
24.8968  1.12129e+07  4.6948e+07  4.48516e+07  72 
36.2709  1.64946e+07  6.81039e+07  6.59782e+07  75 
37.3267  1.69471e+07  7.00677e+07  6.77885e+07  76 
37.3841  1.70515e+07  7.01744e+07  6.82059e+07  77 
43.3102  1.97746e+07  8.1197e+07  7.90984e+07  78 
7.02281  2.83977e+06  1.37024e+07  1.13591e+07  38 
25.3164  1.14295e+07  4.77285e+07  4.5718e+07  73 
10.4557  4.48987e+06  2.00876e+07  1.79595e+07  54 
8.98115  3.81028e+06  1.73449e+07  1.52411e+07  46 
11.128  4.83741e+06  2.1338e+07  1.93496e+07  56 
9.78284  4.16218e+06  1.88361e+07  1.66487e+07  50 
4.07288  1.52493e+06  8.21556e+06  6.09972e+06  21 
6.68883  2.71068e+06  1.30812e+07  1.08427e+07  37 
7.37846  3.07318e+06  1.43639e+07  1.22927e+07  41 
6.2344  2.50808e+06  1.2236e+07  1.00323e+07  34 
7.01385  2.91276e+06  1.36858e+07  1.1651e+07  38 
25.3678  1.14797e+07  4.78241e+07  4.59189e+07  74 
14.41  6.347e+06  2.74426e+07  2.5388e+07  63 
9.00153  3.77409e+06  1.73828e+07  1.50964e+07  46 
10.1704  4.35139e+06  1.95569e+07  1.74056e+07  52 
8.95764  3.76844e+06  1.73012e+07  1.50738e+07  45 
12.5872  5.42252e+06  2.40522e+07  2.16901e+07  60 

0.202624  0.532812  1.01688e+06  2.13125  0 
0.874495  0.214455  2.26656e+06  0.857821  0 
0.57772  0.238021  1.71456e+06  0.952085  0 
0.379914  0.339974  1.34664e+06  1.3599  0 
0.498882  0.275373  1.56792e+06  1.10149  0 
0.445849  0.302403  1.46928e+06  1.20961  0 
0.413075  0.319649  1.40832e+06  1.2786  0 
0.374495  0.342412  1.33656e+06  1.36965  0 
0.478366  0.301423  1.52976e+06  1.20569  0 
0.434882  0.362006  1.44888e+06  1.44802  1 
0.498495  0.317667  1.5672e+06  1.27067  1 
0.39114  0.443888  1.36752e+06  1.77555  1 
0.58572  0.291088  1.72944e+06  1.16435  1 
0.620301  0.262424  1.79376e+06  1.04969  1 
0.382495  0.621716  1.35144e+06  2.48687  1 
0.526753  0.300767  1.61976e+06  1.20307  1 
0.438882  0.348582  1.45632e+06  1.39433  1 
0.669333  0.28561  1.88496e+06  1.14244  2 
0.515527  0.352786  1.59888e+06  1.41114  2 
0.585849  0.295986  1.72968e+06  1.18394  2 
0.402366  0.461401  1.3884e+06  1.84561  2 
0.527914  0.321572  1.62192e+06  1.28629  2 
0.811914  0.277418  2.15016e+06  1.10967  2 
0.524817  0.323341  1.61616e+06  1.29336  2 
0.453333  0.440736  1.4832e+06  1.76294  2 
0.456559  0.354295  1.4892e+06  1.41718  2 
0.505333  0.385039  1.57992e+06  1.54016  3 
0.652172  0.305374  1.85304e+06  1.22149  3 
0.789591  0.286512  2.10864e+06  1.14605  3 
0.660817  0.300333  1.86912e+06  1.20133  3 
0.641591  0.320034  1.83336e+06  1.28014  3 
0.751785  0.298334  2.03832e+06  1.19334  3 
0.606495  0.330896  1.76808e+06  1.32358  3 
0.479527  0.420813  1.53192e+06  1.68325  3 
0.564559  0.368768  1.69008e+06  1.47507  3 
0.462753  0.521826  1.50072e+06  2.08731  3 
0.611785  0.380486  1.77792e+06  1.52194  4 
0.659527  0.313597  1.86672e+06  1.25439  4 
0.69914  0.311873  1.9404e+06  1.24749  4 
0.539527  0.414373  1.64352e+06  1.65749  4 
0.504301  0.434418  1.578e+06  1.73767  4 
0.568946  0.410341  1.69824e+06  1.64136  4 
0.526753  0.437851  1.61976e+06  1.7514  5 
0.66043  0.314421  1.8684e+06  1.25769  5 
0.594237  0.423862  1.74528e+06  1.69545  5 
0.731398  0.34121  2.0004e+06  1.36484  6 
0.661204  0.388724  1.86984e+06  1.5549  6 
0.694753  0.364557  1.93224e+06  1.45823  6 
0.695785  0.34193  1.93416e+06  1.36772  6 
0.769591  0.338223  2.07144e+06  1.35289  6 
0.552688  0.448383  1.668e+06  1.79353  7 
0.706624  0.353586  1.95432e+06  1.41434  7 
0.758495  0.348345  2.0508e+06  1.39338  7 
0.650753  0.461056  1.8504e+06  1.84422  8 
0.825978  0.349615  2.17632e+06  1.39846  8 
0.70314  0.49654  1.94784e+06  1.98616  9 
0.856946  0.368167  2.23392e+06  1.47267  9 
0.885204  0.467527  2.28648e+06  1.87011  10 
0.893312  7670.33  2.30156e+06  30681.3  11 
1.01503  93547  2.52795e+06  374188  12 
1.00942  146379  2.51751e+06  585515  12 
1.02597  126357  2.5483e+06  505426  13 
1.14061  155903  2.76153e+06  623611  14 
1.17433  190066  2.82426e+06  760264  15 
1.34956  194147  3.15019e+06  776590  16 
1.34726  254517  3.14591e+06  1.01807e+06  16 
1.3488  245270  3.14876e+06  981081  16 
1.3541  317037  3.15863e+06  1.26815e+06  17 
1.53885  409424  3.50225e+06  1.63769e+06  18 
1.68282  396274  3.77005e+06  1.58509e+06  18 
1.82262  433797  4.03007e+06  1.73519e+06  19 
1.85441  492802  4.0892e+06  1.97121e+06  20 
1.90722  513338  4.18743e+06  2.05335e+06  21 
2.07195  563836  4.49382e+06  2.25534e+06  22 
2.00985  586442  4.37833e+06  2.34577e+06  22 
2.16013  680141  4.65784e+06  2.72056e+06  23 
2.1884  678226  4.71042e+06  2.7129e+06  23 
2.58696  843396  5.45174e+06  3.37359e+06  24 
2.86903  939399  5.97639e+06  3.7576e+06  25 
2.8722  955755  5.9823e+06  3.82302e+06  26 
3.07184  1.08153e+06  6.35362e+06  4.3261e+06  27 
3.20142  1.09426e+06  6.59463e+06  4.37704e+06  28 
3.1697  1.14077e+06  6.53564e+06  4.56308e+06  28 
3.31022  1.18427e+06  6.79702e+06  4.7371e+06  29 
3.43229  1.27217e+06  7.02405e+06  5.0887e+06  30 
3.57649  1.29453e+06  7.29228e+06  5.17812e+06  31 
3.70754  1.31749e+06  7.53603e+06  5.26995e+06  32 
3.77218  1.34148e+06  7.65625e+06  5.36593e+06  33 
4.08752  1.60043e+06  8.24278e+06  6.40174e+06  34 
4.48966  1.73841e+06  8.99076e+06  6.95364e+06  35 
5.25374  2.07997e+06  1.04119e+07  8.31987e+06  36 
5.28276  2.1588e+06  1.04659e+07  8.63522e+06  37 
5.35048  2.28785e+06  1.05919e+07  9.15141e+06  38 
5.38684  2.21374e+06  1.06595e+07  8.85496e+06  38 
5.96813  2.50546e+06  1.17407e+07  1.00218e+07  39 
6.22757  2.56748e+06  1.22233e+07  1.02699e+07  40 
6.4265  2.78382e+06  1.25933e+07  1.11353e+07  41 
6.55483  2.71587e+06  1.2832e+07  1.08635e+07  41 
8.4428  3.53984e+06  1.63436e+07  1.41594e+07  42 
0.540172  0.440195  1.64472e+06  1.76078  6 

0.193333  0.542367  999600  2.16947  0 
0.827656  0.210037  2.17944e+06  0.84015  0 
0.51243  0.241349  1.59312e+06  0.965394  0 
0.307914  0.329767  1.21272e+06  1.31907  0 
0.402108  0.269405  1.38792e+06  1.07762  0 
0.35514  0.290006  1.30056e+06  1.16003  0 
0.270753  0.415167  1.1436e+06  1.66067  0 
0.708559  0.225877  1.95792e+06  0.903506  0 
0.339785  0.314305  1.272e+06  1.25722  0 
0.459269  0.257476  1.49424e+06  1.0299  0 
0.682366  0.229507  1.9092e+06  0.918027  0 
0.395398  0.289618  1.37544e+06  1.15847  0 
0.414624  0.287777  1.4112e+06  1.15111  2 
0.449075  0.27181  1.47528e+06  1.08724  0 
0.50314  0.262496  1.57584e+06  1.04998  1 
0.464688  0.267685  1.50432e+06  1.07074  0 
0.513075  0.262385  1.59432e+06  1.04954  1 
0.384043  0.294205  1.35432e+06  1.17682  1 
0.605462  0.249891  1.76616e+06  0.999564  2 
0.651656  0.248516  1.85208e+06  0.994064  1 
0.29643  0.427617  1.19136e+06  1.71047  1 
0.326882  0.33431  1.248e+06  1.33724  1 
0.419785  0.27282  1.4208e+06  1.09128  1 
0.481333  0.264444  1.53528e+06  1.05778  1 
0.766108  0.236837  2.06496e+06  0.947346  1 
0.701333  0.241004  1.94448e+06  0.964017  1 
0.294624  0.488329  1.188e+06  1.95332  1 
0.367398  0.331815  1.32336e+06  1.32726  1 
0.322882  0.349028  1.24056e+06  1.39611  1 
0.382108  0.320757  1.35072e+06  1.28303  2 
0.580817  0.258936  1.72032e+06  1.03574  2 
0.594366  0.255195  1.74552e+06  1.02078  2 
0.339914  0.42751  1.27224e+06  1.71004  2 
0.515785  0.263306  1.59936e+06  1.05322  1 
0.44714  0.279159  1.47168e+06  1.11663  2 
0.599785  0.25916  1.7556e+06  1.03664  3 
0.406624  0.319263  1.39632e+06  1.27705  4 
0.330366  0.471205  1.25448e+06  1.88482  2 
0.444817  0.290984  1.46736e+06  1.16394  3 
0.341075  0.386336  1.2744e+06  1.54534  3 
0.366237  0.351617  1.3212e+06  1.40647  2 
0.416688  0.308074  1.41504e+06  1.23229  3 
0.425333  0.302152  1.43112e+06  1.20861  2 
0.737075  0.242371  2.01096e+06  0.969484  2 
0.360043  0.351718  1.30968e+06  1.40687  2 
0.463527  0.273228  1.50216e+06  1.09291  2 
0.662882  0.253282  1.87296e+06  1.01313  3 
0.379656  0.333772  1.34616e+06  1.33509  2 
0.327269  0.479865  1.24872e+06  1.91946  2 
0.61514  0.254441  1.78416e+06  1.01776  2 
0.312172  0.516926  1.22064e+06  2.0677  2 
0.498882  0.266039  1.56792e+06  1.06416  2 
0.541978  0.274844  1.64808e+06  1.09938  3 
0.506237  0.278322  1.5816e+06  1.11329  3 
0.447914  0.311266  1.47312e+06  1.24506  4 
0.334753  0.500176  1.26264e+06  2.0007  3 
0.375914  0.394277  1.3392e+06  1.57711  3 
0.387914  0.337234  1.36152e+06  1.34894  3 
0.803914  0.250122  2.13528e+06  1.00049  5 
0.342495  0.472213  1.27704e+06  1.88885  3 
0.450753  0.284802  1.4784e+06  1.13921  3 
0.424172  0.336707  1.42896e+06  1.34683  4 
0.782495  0.251347  2.09544e+06  1.00539  2 
0.357204  0.403088  1.3044e+06  1.61235  3 
0.555527  0.264344  1.67328e+06  1.05737  2 
0.663011  0.258042  1.8732e+06  1.03217  4 
0.526108  0.275212  1.61856e+06  1.10085  0 
0.331656  0.512048  1.25688e+06  2.04819  3 
0.717333  0.256949  1.97424e+06  1.0278  4 
0.368688  0.450138  1.32576e+06  1.80055  4 
0.451656  0.28912  1.48008e+06  1.15648  3 
0.531785  0.277941  1.62912e+06  1.11176  3 
0.565978  0.266448  1.69272e+06  1.06579  3 
0.344688  0.579616  1.28112e+06  2.31847  4 
0.522108  0.285495  1.61112e+06  1.14198  4 
0.404688  0.341133  1.39272e+06  1.36453  4 
0.345333  0.492012  1.28232e+06  1.96805  4 
0.40443  0.358696  1.39224e+06  1.43478  4 
0.394366  0.377925  1.37352e+06  1.5117  3 
0.496301  0.288532  1.56312e+06  1.15413  4 
0.524946  0.287326  1.6164e+06  1.1493  5 
0.459914  0.322451  1.49544e+06  1.28981  5 
0.509591  0.295104  1.58784e+06  1.18041  5 
0.463011  0.305573  1.5012e+06  1.22229  2 
0.410237  0.353356  1.40304e+06  1.41342  5 
0.467656  0.30553  1.50984e+06  1.22212  4 
0.519914  0.292168  1.60704e+06  1.16867  5 
0.456172  0.340583  1.48848e+06  1.36233  5 
0.569591  0.268757  1.69944e+06  1.07503  3 
0.589849  0.266863  1.73712e+06  1.06745  3 
0.568559  0.26904  1.69752e+06  1.07616  3 
0.464301  0.310586  1.5036e+06  1.24234  4 
0.572559  0.278586  1.70496e+06  1.11434  4 
0.421849  0.457819  1.42464e+06  1.83127  1 
0.567785  0.299391  1.69608e+06  1.19756  4 
0.642495  0.268079  1.83504e+06  1.07232  4 
0.56972  0.28598  1.69968e+06  1.14392  5 
0.634237  0.269834  1.81968e+06  1.07934  4 
0.599527  0.282958  1.75512e+06  1.13183  1 
0.624301  0.282061  1.8012e+06  1.12824  3 

0.174624  0.542659  964800  2.17064  0 
0.814108  0.209286  2.15424e+06  0.837145  0 
0.50043  0.228638  1.5708e+06  0.914551  0 
0.284946  0.3278  1.17e+06  1.3112  0 
0.404688  0.246767  1.39272e+06  0.987067  0 
0.347785  0.270433  1.28688e+06  1.08173  0 
0.230882  0.458981  1.06944e+06  1.83593  0 
0.232688  0.380277  1.0728e+06  1.52111  0 
0.305978  0.288692  1.20912e+06  1.15477  0 
0.386108  0.247374  1.35816e+06  0.989497  0 
0.480688  0.232815  1.53408e+06  0.93126  0 
0.452559  0.233198  1.48176e+06  0.93279  0 
0.772946  0.215587  2.07768e+06  0.862349  0 
0.731656  0.216233  2.00088e+06  0.864931  0 
0.218753  0.521805  1.04688e+06  2.08722  0 
0.373075  0.258308  1.33392e+06  1.03323  0 
0.689075  0.216674  1.92168e+06  0.866696  0 
0.325075  0.2785  1.24464e+06  1.114  0 
0.671398  0.218786  1.8888e+06  0.875145  0 
0.649591  0.219043  1.84824e+06  0.876173  0 
0.275914  0.356042  1.1532e+06  1.42417  0 
0.443785  0.238537  1.46544e+06  0.954149  0 
0.432043  0.238992  1.4436e+06  0.955969  0 
0.632817  0.220881  1.81704e+06  0.883522  0 
0.618237  0.222231  1.78992e+06  0.888924  0 
0.353591  0.265692  1.29768e+06  1.06277  0 
0.579011  0.224001  1.71696e+06  0.896004  0 
0.369849  0.258965  1.32792e+06  1.03586  0 
0.566366  0.226176  1.69344e+06  0.904704  0 
0.275011  0.373743  1.15152e+06  1.49497  0 
0.368946  0.264219  1.32624e+06  1.05688  0 
0.54843  0.227891  1.66008e+06  0.911565  0 
0.442753  0.238609  1.46352e+06  0.954434  0 
0.52172  0.228419  1.6104e+06  0.913676  0 
0.444043  0.240504  1.46592e+06  0.962016  0 
0.470624  0.239033  1.51536e+06  0.95613  0 
0.433462  0.244783  1.44624e+06  0.979131  0 
0.673978  0.219059  1.8936e+06  0.876235  0 
0.388559  0.251976  1.36272e+06  1.0079  0 
0.58572  0.227457  1.72944e+06  0.909829  0 
0.619011  0.227136  1.79136e+06  0.908542  0 
0.528043  0.233714  1.62216e+06  0.934858  0 
0.277462  0.38034  1.15608e+06  1.52136  1 
0.538495  0.230326  1.6416e+06  0.921306  0 
0.374882  0.263286  1.33728e+06  1.05314  0 
0.475914  0.233882  1.5252e+06  0.935529  0 
0.36572  0.26632  1.32024e+06  1.06528  0 
0.335914  0.3004  1.2648e+06  1.2016  0 
0.333978  0.303927  1.2612e+06  1.21571  1 
0.700688  0.218698  1.94328e+06  0.874793  0 
0.819269  0.216251  2.16384e+06  0.865003  0 
0.594753  0.22736  1.74624e+06  0.909439  0 
0.581849  0.227754  1.72224e+06  0.911017  0 
0.64443  0.221938  1.83864e+06  0.887753  0 
0.319656  0.326413  1.23456e+06  1.30565  0 
0.291914  0.346826  1.18296e+06  1.3873  0 
0.306753  0.329763  1.21056e+06  1.31905  1 
0.638366  0.225998  1.82736e+06  0.903994  0 
0.61643  0.227169  1.78656e+06  0.908677  0 
0.25914  0.408616  1.122e+06  1.63446  2 
0.810108  0.218599  2.1468e+06  0.874395  0 
0.539398  0.233652  1.64328e+06  0.934607  0 
0.306882  0.352387  1.2108e+06  1.40955  2 
0.511011  0.234142  1.59048e+06  0.936568  0 
0.606753  0.227947  1.76856e+06  0.911788  0 
0.305978  0.368719  1.20912e+06  1.47488  2 
0.441462  0.245342  1.46112e+06  0.98137  0 
0.399269  0.256069  1.38264e+06  1.02428  0 
0.55243  0.23254  1.66752e+06  0.930161  0 
0.794753  0.219147  2.11824e+06  0.876587  0 
0.440817  0.245442  1.45992e+06  0.981768  0 
0.50572  0.235662  1.58064e+06  0.942647  0 
0.433849  0.249792  1.44696e+06  0.999167  0 
0.721591  0.220951  1.98216e+06  0.883804  0 
0.291011  0.385072  1.18128e+06  1.54029  2 
0.704559  0.222111  1.95048e+06  0.888443  0 
0.64572  0.224877  1.84104e+06  0.899509  0 
0.396301  0.265784  1.37712e+06  1.06314  2 
0.509333  0.234166  1.58736e+06  0.936664  0 
0.344946  0.307541  1.2816e+06  1.23017  1 
0.860688  0.217408  2.24088e+06  0.869633  0 
0.387269  0.273694  1.36032e+06  1.09478  0 
0.410753  0.254922  1.404e+06  1.01969  0 
0.488172  0.236151  1.548e+06  0.944602  0 
0.394366  0.271558  1.37352e+06  1.08623  2 
0.424817  0.254522  1.43016e+06  1.01809  0 
0.35243  0.305836  1.29552e+06  1.22335  1 
0.290108  0.44402  1.1796e+06  1.77608  0 
0.378624  0.287947  1.34424e+06  1.15179  0 
0.586108  0.22848  1.73016e+06  0.913919  0 
0.693075  0.222865  1.92912e+06  0.891459  0 
0.46843  0.257116  1.51128e+06  1.02847  0 
0.40314  0.259944  1.38984e+06  1.03978  2 
0.650237  0.22633  1.84944e+06  0.90532  0 
0.427527  0.259767  1.4352e+06  1.03907  0 
0.307914  0.357237  1.21272e+06  1.42895  0 
0.358753  0.323463  1.30728e+06  1.29385  0 
0.77643  0.221433  2.08416e+06  0.885732  0 
0.400946  0.278189  1.38576e+06  1.11276  0 
0.488946  0.237972  1.54944e+06  0.95189  0 

0.174624  0.542659  964800  2.17064  0 
0.771269  0.209041  2.07456e+06  0.836162  0 
0.446495  0.224989  1.47048e+06  0.899955  0 
0.249591  0.347293  1.10424e+06  1.38917  0 
0.343398  0.245197  1.27872e+06  0.980788  0 
0.286882  0.291502  1.1736e+06  1.16601  0 
0.211785  0.453421  1.03392e+06  1.81368  0 
0.22172  0.373808  1.0524e+06  1.49523  0 
0.316172  0.26463  1.22808e+06  1.05852  0 
0.263914  0.327268  1.13088e+06  1.30907  0 
0.428946  0.228383  1.43784e+06  0.91353  0 
0.414753  0.230229  1.41144e+06  0.920916  0 
0.757075  0.21071  2.04816e+06  0.842839  0 
0.712172  0.211075  1.96464e+06  0.844299  0 
0.662237  0.211258  1.87176e+06  0.84503  0 
0.330882  0.248207  1.25544e+06  0.992826  0 
0.636946  0.213015  1.82472e+06  0.852058  0 
0.379398  0.234031  1.34568e+06  0.936124  0 
0.624043  0.214677  1.80072e+06  0.85871  0 
0.601849  0.215591  1.75944e+06  0.862363  0 
0.558108  0.215781  1.67808e+06  0.863125  0 
0.363656  0.236775  1.3164e+06  0.947101  0 
0.535914  0.217853  1.6368e+06  0.871412  0 
0.510753  0.220028  1.59e+06  0.880111  0 
0.482624  0.220364  1.53768e+06  0.881457  0 
0.274237  0.32446  1.15008e+06  1.29784  0 
0.353075  0.242943  1.29672e+06  0.971773  0 
0.438882  0.226884  1.45632e+06  0.907534  0 
0.480946  0.223726  1.53456e+06  0.894904  0 
0.626882  0.213872  1.806e+06  0.855487  0 
0.472946  0.224342  1.51968e+06  0.897369  0 
0.254237  0.346741  1.11288e+06  1.38697  0 
0.617333  0.21512  1.78824e+06  0.860481  0 
0.535656  0.219668  1.63632e+06  0.878671  0 
0.414624  0.23144  1.4112e+06  0.925762  0 
0.650753  0.213348  1.8504e+06  0.85339  1 
0.41914  0.234696  1.4196e+06  0.938785  1 
0.404172  0.235496  1.39176e+06  0.941986  1 
0.409462  0.235301  1.4016e+06  0.941204  1 
0.428946  0.233762  1.43784e+06  0.935048  1 
0.252817  0.37963  1.11024e+06  1.51852  1 
0.526108  0.220284  1.61856e+06  0.881137  1 
0.323398  0.286262  1.24152e+06  1.14505  1 
0.603011  0.216626  1.7616e+06  0.866505  1 
0.487914  0.224407  1.54752e+06  0.897629  1 
0.219785  0.490538  1.0488e+06  1.96215  1 
0.593978  0.216653  1.7448e+06  0.866611  1 
0.425075  0.234324  1.43064e+06  0.937295  1 
0.240688  0.419792  1.08768e+06  1.67917  1 
0.492817  0.22264  1.55664e+06  0.89056  1 
0.234624  0.478349  1.0764e+06  1.9134  1 
0.790882  0.209771  2.11104e+06  0.839085  1 
0.568946  0.21799  1.69824e+06  0.87196  1 
0.478237  0.224833  1.52952e+06  0.899332  1 
0.277978  0.345662  1.15704e+06  1.38265  1 
0.671656  0.212236  1.88928e+06  0.848943  1 
0.751527  0.211124  2.03784e+06  0.844497  1 
0.304817  0.294269  1.20696e+06  1.17708  1 
0.338753  0.256141  1.27008e+06  1.02456  1 
0.384301  0.239175  1.3548e+06  0.956701  1 
0.356172  0.250596  1.30248e+06  1.00239  1 
0.24314  0.385575  1.09224e+06  1.5423  1 
0.624946  0.214857  1.8024e+06  0.859427  1 
0.472688  0.22544  1.5192e+06  0.901761  1 
0.264172  0.355762  1.13136e+06  1.42305  1 
0.460946  0.226118  1.49736e+06  0.904473  1 
0.458753  0.226993  1.49328e+06  0.907973  1 
0.744688  0.211709  2.02512e+06  0.846837  1 
0.538882  0.219812  1.64232e+06  0.879249  1 
0.343398  0.253284  1.27872e+06  1.01314  1 
0.289075  0.300589  1.17768e+06  1.20236  1 
0.270882  0.349641  1.14384e+06  1.39856  1 
0.588817  0.217132  1.7352e+06  0.868527  1 
0.287011  0.334183  1.17384e+06  1.33673  1 
0.371011  0.239608  1.33008e+06  0.958432  1 
0.445591  0.229553  1.4688e+06  0.918213  1 
0.358882  0.245632  1.30752e+06  0.982528  1 
0.546237  0.218694  1.656e+06  0.874774  1 
0.433204  0.231206  1.44576e+06  0.924824  1 
0.627398  0.213924  1.80696e+06  0.855697  1 
0.32443  0.277047  1.24344e+06  1.10819  1 
0.655656  0.213277  1.85952e+06  0.853106  1 
0.312301  0.29268  1.22088e+06  1.17072  1 
0.619914  0.215543  1.79304e+06  0.862172  1 
0.546366  0.22063  1.65624e+06  0.88252  2 
0.273204  0.368162  1.14816e+06  1.47265  2 
0.333333  0.285633  1.26e+06  1.14253  2 
0.490753  0.224418  1.5528e+06  0.897674  2 
0.384559  0.246209  1.35528e+06  0.984837  2 
0.474366  0.231685  1.52232e+06  0.926741  2 
0.442108  0.233036  1.46232e+06  0.932142  2 
0.302624  0.327254  1.20288e+06  1.30901  2 
0.304301  0.316228  1.206e+06  1.26491  2 
0.460688  0.23216  1.49688e+06  0.92864  2 
0.233075  0.544412  1.07352e+06  2.17765  2 
0.562624  0.21933  1.68648e+06  0.877321  2 
0.25372  0.535169  1.11192e+06  2.14067  2 
0.493075  0.222641  1.55712e+06  0.890563  2 
0.416817  0.235359  1.41528e+06  0.941437  2 
0.579656  0.218099  1.71816e+06  0.872397  2 

0.174624  0.542659  964800  2.17064  0 
0.889075  0.20523  2.29368e+06  0.82092  0 
0.548688  0.212334  1.66056e+06  0.849335  0 
0.277075  0.271781  1.15536e+06  1.08712  0 
0.199914  0.468278  1.01184e+06  1.87311  0 
0.20714  0.350884  1.02528e+06  1.40353  0 
0.48572  0.214974  1.54344e+06  0.859896  0 
0.430624  0.220655  1.44096e+06  0.88262  0 
0.383656  0.227274  1.3536e+06  0.909097  0 
0.231398  0.310572  1.0704e+06  1.24229  0 
0.342366  0.235833  1.2768e+06  0.943331  0 
0.316817  0.246661  1.22928e+06  0.986645  0 
0.243269  0.28632  1.09248e+06  1.14528  0 
0.182237  0.47431  978960  1.89724  0 
0.294753  0.254187  1.18824e+06  1.01675  0 
0.260946  0.275748  1.12536e+06  1.10299  0 
0.221075  0.331768  1.0512e+06  1.32707  0 
0.372559  0.227758  1.33296e+06  0.911033  0 
0.772688  0.205364  2.0772e+06  0.821457  0 
0.744172  0.206028  2.02416e+06  0.824111  0 
0.328172  0.241212  1.2504e+06  0.964848  0 
0.364043  0.230745  1.31712e+06  0.922981  0 
0.73772  0.207474  2.01216e+06  0.829895  0 
0.419269  0.222601  1.41984e+06  0.890402  0 
0.480559  0.216013  1.53384e+06  0.86405  0 
0.700559  0.207783  1.94304e+06  0.831134  0 
0.466624  0.216107  1.50792e+06  0.864429  0 
0.69514  0.208227  1.93296e+06  0.832906  0 
0.688559  0.208253  1.92072e+06  0.833012  0 
0.318753  0.242646  1.23288e+06  0.970585  0 
0.257075  0.28101  1.11816e+06  1.12404  0 
0.455398  0.217211  1.48704e+06  0.868845  0 
0.41243  0.224126  1.40712e+06  0.896504  0 
0.204043  0.445695  1.01952e+06  1.78278  0 
0.685462  0.208451  1.91496e+06  0.833804  0 
0.669591  0.20927  1.88544e+06  0.83708  0 
0.642237  0.209454  1.83456e+06  0.837815  0 
0.407398  0.2248  1.39776e+06  0.899199  0 
0.314366  0.251777  1.22472e+06  1.00711  0 
0.545333  0.212633  1.65432e+06  0.850532  0 
0.631785  0.210017  1.81512e+06  0.840068  0 
0.61372  0.210035  1.78152e+06  0.840142  0 
0.448817  0.218665  1.4748e+06  0.874661  0 
0.534753  0.213067  1.63464e+06  0.852267  0 
0.442366  0.218958  1.4628e+06  0.875832  0 
0.600688  0.210697  1.75728e+06  0.842788  0 
0.291527  0.270362  1.18224e+06  1.08145  0 
0.401849  0.225858  1.38744e+06  0.903433  0 
0.528688  0.213712  1.62336e+06  0.854846  0 
0.341204  0.239315  1.27464e+06  0.957259  0 
0.338237  0.240143  1.26912e+06  0.96057  0 
0.394624  0.22621  1.374e+06  0.904838  0 
0.371527  0.228881  1.33104e+06  0.915524  0 
0.214108  0.349857  1.03824e+06  1.39943  0 
0.206237  0.416011  1.0236e+06  1.66405  0 
0.312301  0.253298  1.22088e+06  1.01319  0 
0.357849  0.234959  1.3056e+06  0.939836  0 
0.429333  0.221787  1.43856e+06  0.887149  0 
0.393333  0.226596  1.3716e+06  0.906386  0 
0.34172  0.237375  1.2756e+06  0.949498  0 
0.28443  0.271136  1.16904e+06  1.08454  0 
0.294237  0.255189  1.18728e+06  1.02076  0 
0.57243  0.212038  1.70472e+06  0.848151  0 
0.506366  0.214715  1.58184e+06  0.858861  0 
0.23114  0.327774  1.06992e+06  1.3111  0 
0.463656  0.216955  1.5024e+06  0.86782  0 
0.407269  0.225212  1.39752e+06  0.900849  0 
0.356301  0.235805  1.30272e+06  0.943219  0 
0.70043  0.208218  1.9428e+06  0.832873  0 
0.236559  0.444645  1.08e+06  1.77858  0 
0.261204  0.28132  1.12584e+06  1.12528  0 
0.45643  0.21934  1.48896e+06  0.877358  0 
0.323914  0.253001  1.24248e+06  1.012  0 
0.297849  0.254795  1.194e+06  1.01918  0 
0.467785  0.217931  1.51008e+06  0.871726  0 
0.356172  0.237387  1.30248e+06  0.949548  0 
0.69914  0.209247  1.9404e+06  0.836988  0 
0.240172  0.311227  1.08672e+06  1.24491  0 
0.682495  0.212212  1.90944e+06  0.848848  0 
0.204559  0.457943  1.02048e+06  1.83177  0 
0.779914  0.205729  2.09064e+06  0.822917  0 
0.332559  0.250306  1.25856e+06  1.00122  0 
0.46972  0.2163  1.51368e+06  0.8652  0 
0.334108  0.242602  1.26144e+06  0.970409  0 
0.697978  0.209287  1.93824e+06  0.83715  0 
0.358882  0.235271  1.30752e+06  0.941083  0 
0.46572  0.218522  1.50624e+06  0.874088  0 
0.400688  0.226386  1.38528e+06  0.905544  0 
0.333204  0.245325  1.25976e+06  0.981301  0 
0.750237  0.206661  2.03544e+06  0.826645  0 
0.660817  0.212446  1.86912e+06  0.849782  0 
0.414624  0.225933  1.4112e+06  0.903732  0 
0.528688  0.214086  1.62336e+06  0.856344  0 
0.416817  0.225017  1.41528e+06  0.900067  0 
0.750495  0.206568  2.03592e+06  0.826273  0 
0.495914  0.215038  1.5624e+06  0.86015  0 
0.245591  0.30284  1.0968e+06  1.21136  0 
0.555011  0.212896  1.67232e+06  0.851583  0 
0.749462  0.207006  2.034e+06  0.828024  0 
0.432688  0.221204  1.4448e+06  0.884818  0 

0.170108  0.476672  956400  1.90669  0 
0.789204  0.202435  2.10792e+06  0.809739  0 
0.51514  0.212032  1.59816e+06  0.848128  0 
0.28172  0.245167  1.164e+06  0.980668  0 
0.192946  0.325883  998880  1.30353  0 
0.234624  0.283065  1.0764e+06  1.13226  0 
0.480817  0.213676  1.53432e+06  0.854703  0 
0.449075  0.215906  1.47528e+06  0.863622  0 
0.20572  0.296049  1.02264e+06  1.1842  0 
0.42043  0.217948  1.422e+06  0.871793  0 
0.393849  0.220831  1.37256e+06  0.883323  0 
0.373333  0.225984  1.3344e+06  0.903935  0 
0.354624  0.226992  1.2996e+06  0.90797  0 
0.26443  0.265038  1.13184e+06  1.06015  0 
0.337849  0.229109  1.2684e+06  0.916434  0 
0.242237  0.267796  1.09056e+06  1.07119  0 
0.180172  0.429695  975120  1.71878  0 
0.32843  0.235858  1.25088e+06  0.943431  0 
0.225333  0.287028  1.05912e+06  1.14811  0 
0.319656  0.236221  1.23456e+06  0.944882  0 
0.759656  0.203689  2.05296e+06  0.814755  0 
0.737849  0.2052  2.0124e+06  0.8208  0 
0.721849  0.205545  1.98264e+06  0.822178  0 
0.686624  0.205794  1.91712e+06  0.823176  0 
0.186624  0.424342  987120  1.69737  0 
0.383656  0.220975  1.3536e+06  0.883902  0 
0.669462  0.207192  1.8852e+06  0.828768  0 
0.309462  0.240509  1.2156e+06  0.962038  0 
0.649978  0.207577  1.84896e+06  0.830309  0 
0.27643  0.260656  1.15416e+06  1.04263  0 
0.201462  0.307314  1.01472e+06  1.22925  0 
0.621849  0.208312  1.79664e+06  0.833249  0 
0.268817  0.26135  1.14e+06  1.0454  0 
0.37772  0.222362  1.34256e+06  0.88945  0 
0.221075  0.292649  1.0512e+06  1.1706  0 
0.305333  0.242028  1.20792e+06  0.968112  0 
0.278624  0.253881  1.15824e+06  1.01552  0 
0.23914  0.270825  1.0848e+06  1.0833  0 
0.41514  0.218177  1.41216e+06  0.872707  0 
0.609462  0.209447  1.7736e+06  0.83779  0 
0.317075  0.236959  1.22976e+06  0.947836  0 
0.410882  0.218423  1.40424e+06  0.873693  0 
0.297075  0.242783  1.19256e+06  0.971134  0 
0.60443  0.209749  1.76424e+06  0.838995  0 
0.570495  0.209905  1.70112e+06  0.839621  0 
0.223269  0.288795  1.05528e+06  1.15518  0 
0.403398  0.2188  1.39032e+06  0.8752  0 
0.333849  0.233881  1.26096e+06  0.935524  0 
0.191011  0.412603  995280  1.65041  0 
0.476559  0.21398  1.5264e+06  0.855918  0 
0.473849  0.214059  1.52136e+06  0.856235  0 
0.445978  0.216262  1.46952e+06  0.865048  0 
0.443011  0.216295  1.464e+06  0.865181  0 
0.330882  0.23422  1.25544e+06  0.936882  0 
0.21772  0.29448  1.04496e+06  1.17792  0 
0.295656  0.243642  1.18992e+06  0.974568  0 
0.198624  0.324538  1.00944e+06  1.29815  0 
0.509333  0.212362  1.58736e+06  0.84945  0 
0.209204  0.294753  1.02912e+06  1.17901  0 
0.435914  0.216663  1.4508e+06  0.866653  0 
0.565849  0.210748  1.69248e+06  0.84299  0 
0.401204  0.219549  1.38624e+06  0.878198  0 
0.504301  0.212425  1.578e+06  0.849701  0 
0.398495  0.219583  1.3812e+06  0.87833  0 
0.558882  0.210801  1.67952e+06  0.843206  0 
0.472043  0.214696  1.518e+06  0.858785  0 
0.267011  0.263867  1.13664e+06  1.05547  0 
0.502753  0.212528  1.57512e+06  0.850111  0 
0.499656  0.212555  1.56936e+06  0.850218  0 
0.294108  0.244048  1.18704e+06  0.976193  0 
0.497075  0.212594  1.56456e+06  0.850375  0 
0.17914  0.467231  973200  1.86893  0 
0.263398  0.266765  1.12992e+06  1.06706  0 
0.492559  0.212709  1.55616e+06  0.850837  0 
0.339914  0.228154  1.27224e+06  0.912617  0 
0.433075  0.216995  1.44552e+06  0.86798  0 
0.430753  0.217098  1.4412e+06  0.868391  0 
0.549849  0.211184  1.66272e+06  0.844737  0 
0.370882  0.226156  1.32984e+06  0.904626  0 
0.546237  0.21122  1.656e+06  0.844881  0 
0.427269  0.217212  1.43472e+06  0.868849  0 
0.532172  0.211326  1.62984e+06  0.845304  0 
0.426495  0.217316  1.43328e+06  0.869265  0 
0.38172  0.221799  1.35e+06  0.887197  0 
0.366495  0.226467  1.32168e+06  0.905867  0 
0.337333  0.232453  1.26744e+06  0.929811  0 
0.470753  0.215403  1.5156e+06  0.861611  0 
0.464688  0.215471  1.50432e+06  0.861886  0 
0.458366  0.21554  1.49256e+06  0.862162  0 
0.184817  0.429339  983760  1.71736  0 
0.442495  0.216309  1.46304e+06  0.865237  0 
0.255398  0.267452  1.11504e+06  1.06981  0 
0.42443  0.217638  1.42944e+06  0.870552  0 
0.266495  0.264736  1.13568e+06  1.05894  0 
0.316043  0.240212  1.22784e+06  0.960847  0 
0.787011  0.20344  2.10384e+06  0.813758  0 
0.472946  0.214496  1.51968e+06  0.857984  0 
0.322753  0.236033  1.24032e+06  0.944132  0 
0.274495  0.261175  1.15056e+06  1.0447  0 
0.358108  0.226892  1.30608e+06  0.907567  0 

0.15643  0.421992  930960  1.68797  0 
0.845462  0.200759  2.21256e+06  0.803037  0 
0.61772  0.206004  1.78896e+06  0.824015  0 
0.405849  0.217546  1.39488e+06  0.870184  0 
0.244172  0.259165  1.09416e+06  1.03666  0 
0.175914  0.343026  967200  1.3721  0 
0.193978  0.285182  1.0008e+06  1.14073  0 
0.369075  0.222062  1.32648e+06  0.888246  0 
0.335785  0.227833  1.26456e+06  0.91133  0 
0.307011  0.233865  1.21104e+06  0.935459  0 
0.223527  0.264898  1.05576e+06  1.05959  0 
0.287785  0.240898  1.17528e+06  0.963592  0 
0.206882  0.267726  1.0248e+06  1.0709  0 
0.178108  0.322421  971280  1.28969  0 
0.180043  0.308148  974880  1.23259  0 
0.164172  0.407775  945360  1.6311  0 
0.274624  0.248362  1.1508e+06  0.993446  0 
0.196043  0.274601  1.00464e+06  1.0984  0 
0.595914  0.207308  1.7484e+06  0.829231  0 
0.583398  0.208091  1.72512e+06  0.832366  0 
0.556043  0.209586  1.67424e+06  0.838343  0 
0.256043  0.251499  1.11624e+06  1.006  0 
0.537978  0.210111  1.64064e+06  0.840442  0 
0.281075  0.241784  1.1628e+06  0.967135  0 
0.185462  0.301759  984960  1.20704  0 
0.524688  0.211325  1.61592e+06  0.845301  0 
0.169978  0.399925  956160  1.5997  0 
0.516301  0.211737  1.60032e+06  0.846947  0 
0.504946  0.212282  1.5792e+06  0.849127  0 
0.301849  0.235676  1.20144e+06  0.942703  0 
0.490753  0.212518  1.5528e+06  0.850072  0 
0.330366  0.228954  1.25448e+06  0.915816  0 
0.480817  0.212653  1.53432e+06  0.850613  0 
0.799656  0.201329  2.12736e+06  0.805316  0 
0.47514  0.213021  1.52376e+06  0.852084  0 
0.359269  0.223322  1.30824e+06  0.89329  0 
0.229075  0.260688  1.06608e+06  1.04275  0 
0.783527  0.20208  2.09736e+06  0.808321  0 
0.749333  0.202479  2.03376e+06  0.809918  0 
0.470882  0.214036  1.51584e+06  0.856144  0 
0.203011  0.271112  1.0176e+06  1.08445  0 
0.745849  0.202673  2.02728e+06  0.810693  0 
0.462237  0.214346  1.49976e+06  0.857386  0 
0.325849  0.230751  1.24608e+06  0.923005  0 
0.225204  0.261799  1.05888e+06  1.0472  0 
0.458753  0.214464  1.49328e+06  0.857856  0 
0.319914  0.230954  1.23504e+06  0.923814  0 
0.448301  0.21469  1.47384e+06  0.858758  0 
0.384688  0.219238  1.35552e+06  0.876953  0 
0.298753  0.238225  1.19568e+06  0.952901  0 
0.734495  0.203342  2.00616e+06  0.813368  0 
0.181204  0.305547  977040  1.22219  0 
0.354624  0.225304  1.2996e+06  0.901218  0 
0.199785  0.272164  1.0116e+06  1.08866  0 
0.730366  0.203648  1.99848e+06  0.81459  0 
0.439011  0.215313  1.45656e+06  0.861252  0 
0.346495  0.225616  1.28448e+06  0.902465  0 
0.667656  0.20382  1.88184e+06  0.815278  0 
0.295269  0.238967  1.1892e+06  0.955867  0 
0.43643  0.215791  1.45176e+06  0.863163  0 
0.66314  0.204249  1.87344e+06  0.816995  0 
0.25372  0.257425  1.11192e+06  1.0297  0 
0.279398  0.24562  1.15968e+06  0.982479  0 
0.430624  0.215916  1.44096e+06  0.863665  0 
0.658495  0.20441  1.8648e+06  0.817639  0 
0.273075  0.248676  1.14792e+06  0.994703  0 
0.314882  0.232347  1.22568e+06  0.929387  0 
0.269075  0.25  1.14048e+06  1  0 
0.652817  0.204576  1.85424e+06  0.818305  0 
0.250495  0.257826  1.10592e+06  1.0313  0 
0.245849  0.257916  1.09728e+06  1.03166  0 
0.267011  0.250287  1.13664e+06  1.00115  0 
0.311269  0.232689  1.21896e+06  0.930754  0 
0.383527  0.220456  1.35336e+06  0.881825  0 
0.647398  0.204862  1.84416e+06  0.819446  0 
0.380172  0.220937  1.34712e+06  0.883748  0 
0.643785  0.20494  1.83744e+06  0.81976  0 
0.428817  0.216483  1.4376e+06  0.865932  0 
0.639527  0.205039  1.82952e+06  0.820155  0 
0.427269  0.216627  1.43472e+06  0.866509  0 
0.403269  0.218321  1.39008e+06  0.873285  0 
0.327785  0.229847  1.24968e+06  0.919388  0 
0.202108  0.271252  1.01592e+06  1.08501  0 
0.377075  0.221173  1.34136e+06  0.884692  0 
0.216301  0.266978  1.04232e+06  1.06791  0 
0.310624  0.233175  1.21776e+06  0.932701  0 
0.414624  0.216988  1.4112e+06  0.867954  0 
0.414108  0.216992  1.41024e+06  0.867969  0 
0.300688  0.237725  1.19928e+06  0.950899  0 
0.214753  0.2673  1.03944e+06  1.0692  0 
0.214237  0.267303  1.03848e+06  1.06921  0 
0.169591  0.407239  955440  1.62896  0 
0.224043  0.264564  1.05672e+06  1.05826  0 
0.358237  0.224973  1.30632e+06  0.899892  0 
0.41372  0.21723  1.40952e+06  0.868918  0 
0.168817  0.40746  954000  1.62984  0 
0.291398  0.24059  1.182e+06  0.962359  0 
0.334624  0.228693  1.2624e+06  0.914771  0 
0.295011  0.239912  1.18872e+06  0.959647  0 
0.652172  0.204616  1.85304e+06  0.818466  0 

0.147527  0.446496  914400  1.78599  0 
0.817591  0.199963  2.16072e+06  0.799852  0 
0.567398  0.208633  1.69536e+06  0.834531  0 
0.345849  0.225058  1.28328e+06  0.900233  0 
0.190753  0.285744  994800  1.14298  0 
0.291656  0.233301  1.18248e+06  0.933203  0 
0.249462  0.246383  1.104e+06  0.985533  0 
0.159269  0.392832  936240  1.57133  0 
0.159785  0.366136  937200  1.46455  0 
0.21772  0.259072  1.04496e+06  1.03629  0 
0.171269  0.327741  958560  1.31097  0 
0.547656  0.209125  1.65864e+06  0.836498  0 
0.529462  0.209527  1.6248e+06  0.838106  0 
0.175398  0.308044  966240  1.23218  0 
0.198495  0.270641  1.0092e+06  1.08256  0 
0.513075  0.210897  1.59432e+06  0.843588  0 
0.499011  0.211454  1.56816e+06  0.845816  0 
0.484817  0.212095  1.54176e+06  0.848381  0 
0.471011  0.21283  1.51608e+06  0.851322  0 
0.457591  0.213547  1.49112e+06  0.854189  0 
0.147785  0.431744  914880  1.72698  0 
0.438882  0.214713  1.45632e+06  0.858852  0 
0.181462  0.298173  977520  1.19269  0 
0.421849  0.215837  1.42464e+06  0.863349  0 
0.412043  0.216039  1.4064e+06  0.864156  0 
0.800043  0.200462  2.12808e+06  0.801849  0 
0.282624  0.238726  1.16568e+06  0.954903  0 
0.151785  0.422565  922320  1.69026  0 
0.786237  0.201216  2.1024e+06  0.804864  0 
0.40314  0.2177  1.38984e+06  0.8708  0 
0.393849  0.218142  1.37256e+06  0.872569  0 
0.331398  0.226385  1.2564e+06  0.905541  0 
0.760946  0.202051  2.05536e+06  0.808205  0 
0.749333  0.202479  2.03376e+06  0.809918  0 
0.70443  0.20253  1.95024e+06  0.810122  0 
0.238237  0.253014  1.08312e+06  1.01206  0 
0.321978  0.227262  1.23888e+06  0.909049  0 
0.386753  0.219069  1.35936e+06  0.876275  0 
0.379656  0.219202  1.34616e+06  0.876807  0 
0.212043  0.263409  1.0344e+06  1.05364  0 
0.676688  0.202979  1.89864e+06  0.811916  0 
0.665204  0.203636  1.87728e+06  0.814545  0 
0.373849  0.220119  1.33536e+06  0.880475  0 
0.659656  0.203848  1.86696e+06  0.815392  0 
0.646624  0.203915  1.84272e+06  0.81566  0 
0.287011  0.234161  1.17384e+06  0.936645  0 
0.369204  0.220595  1.32672e+06  0.882379  0 
0.167011  0.361818  950640  1.44727  0 
0.270624  0.242436  1.14336e+06  0.969742  0 
0.229462  0.255257  1.0668e+06  1.02103  0 
0.637075  0.205008  1.82496e+06  0.820032  0 
0.365591  0.220708  1.32e+06  0.882833  0 
0.20843  0.267162  1.02768e+06  1.06865  0 
0.618495  0.205164  1.7904e+06  0.820657  0 
0.245075  0.249635  1.09584e+06  0.998542  0 
0.607527  0.205291  1.77e+06  0.821163  0 
0.604043  0.205308  1.76352e+06  0.821233  0 
0.593462  0.205387  1.74384e+06  0.821547  0 
0.266495  0.243266  1.13568e+06  0.973064  0 
0.590237  0.205538  1.73784e+06  0.82215  0 
0.311011  0.230286  1.21848e+06  0.921142  0 
0.195656  0.271889  1.00392e+06  1.08756  0 
0.580301  0.206038  1.71936e+06  0.824152  0 
0.307398  0.230906  1.21176e+06  0.923625  0 
0.188559  0.2951  990720  1.1804  0 
0.157333  0.420306  932640  1.68122  0 
0.359269  0.223134  1.30824e+06  0.892535  0 
0.319656  0.228467  1.23456e+06  0.913868  0 
0.152559  0.420878  923760  1.68351  0 
0.206882  0.267644  1.0248e+06  1.07058  0 
0.236817  0.253875  1.08048e+06  1.0155  0 
0.281204  0.241286  1.16304e+06  0.965146  0 
0.407656  0.216554  1.39824e+06  0.866217  0 
0.20972  0.266019  1.03008e+06  1.06408  0 
0.364559  0.221928  1.31808e+06  0.887713  0 
0.343785  0.225391  1.27944e+06  0.901564  0 
0.390753  0.21821  1.3668e+06  0.872842  0 
0.204172  0.269809  1.01976e+06  1.07924  0 
0.170495  0.356668  957120  1.42667  0 
0.196172  0.271154  1.00488e+06  1.08462  0 
0.376559  0.21939  1.3404e+06  0.877562  0 
0.783011  0.201358  2.0964e+06  0.805432  0 
0.217075  0.261705  1.04376e+06  1.04682  0 
0.495398  0.211479  1.56144e+06  0.845915  0 
0.796301  0.200635  2.12112e+06  0.802539  0 
0.468946  0.212976  1.51224e+06  0.851906  0 
0.193978  0.285182  1.0008e+06  1.14073  0 
0.434882  0.215288  1.44888e+06  0.861154  0 
0.64314  0.204463  1.83624e+06  0.817853  0 
0.433978  0.215293  1.4472e+06  0.861172  0 
0.489204  0.21157  1.54992e+06  0.846278  0 
0.40714  0.216557  1.39728e+06  0.86623  0 
0.174882  0.321961  965280  1.28785  0 
0.192817  0.285241  998640  1.14096  0 
0.281591  0.240793  1.16376e+06  0.963173  0 
0.431785  0.21537  1.44312e+06  0.861478  0 
0.207914  0.267177  1.02672e+06  1.06871  0 
0.216688  0.262999  1.04304e+06  1.052  0 
0.33914  0.226041  1.2708e+06  0.904162  0 
0.20043  0.278124  1.0128e+06  1.1125  0 

0.147527  0.446496  914400  1.78599  0 
0.817591  0.199963  2.16072e+06  0.799852  0 
0.567398  0.208633  1.69536e+06  0.834531  0 
0.345849  0.225058  1.28328e+06  0.900233  0 
0.190753  0.285744  994800  1.14298  0 
0.291656  0.233301  1.18248e+06  0.933203  0 
0.249462  0.246383  1.104e+06  0.985533  0 
0.159269  0.392832  936240  1.57133  0 
0.159785  0.366136  937200  1.46455  0 
0.21772  0.259072  1.04496e+06  1.03629  0 
0.171269  0.327741  958560  1.31097  0 
0.547656  0.209125  1.65864e+06  0.836498  0 
0.529462  0.209527  1.6248e+06  0.838106  0 
0.175398  0.308044  966240  1.23218  0 
0.198495  0.270641  1.0092e+06  1.08256  0 
0.513075  0.210897  1.59432e+06  0.843588  0 
0.499011  0.211454  1.56816e+06  0.845816  0 
0.484817  0.212095  1.54176e+06  0.848381  0 
0.471011  0.21283  1.51608e+06  0.851322  0 
0.457591  0.213547  1.49112e+06  0.854189  0 
0.147785  0.431744  914880  1.72698  0 
0.438882  0.214713  1.45632e+06  0.858852  0 
0.181462  0.298173  977520  1.19269  0 
0.421849  0.215837  1.42464e+06  0.863349  0 
0.412043  0.216039  1.4064e+06  0.864156  0 
0.800043  0.200462  2.12808e+06  0.801849  0 
0.282624  0.238726  1.16568e+06  0.954903  0 
0.151785  0.422565  922320  1.69026  0 
0.786237  0.201216  2.1024e+06  0.804864  0 
0.40314  0.2177  1.38984e+06  0.8708  0 
0.393849  0.218142  1.37256e+06  0.872569  0 
0.331398  0.226385  1.2564e+06  0.905541  0 
0.760946  0.202051  2.05536e+06  0.808205  0 
0.749333  0.202479  2.03376e+06  0.809918  0 
0.70443  0.20253  1.95024e+06  0.810122  0 
0.238237  0.253014  1.08312e+06  1.01206  0 
0.321978  0.227262  1.23888e+06  0.909049  0 
0.386753  0.219069  1.35936e+06  0.876275  0 
0.379656  0.219202  1.34616e+06  0.876807  0 
0.212043  0.263409  1.0344e+06  1.05364  0 
0.676688  0.202979  1.89864e+06  0.811916  0 
0.665204  0.203636  1.87728e+06  0.814545  0 
0.373849  0.220119  1.33536e+06  0.880475  0 
0.659656  0.203848  1.86696e+06  0.815392  0 
0.646624  0.203915  1.84272e+06  0.81566  0 
0.287011  0.234161  1.17384e+06  0.936645  0 
0.369204  0.220595  1.32672e+06  0.882379  0 
0.167011  0.361818  950640  1.44727  0 
0.270624  0.242436  1.14336e+06  0.969742  0 
0.229462  0.255257  1.0668e+06  1.02103  0 
0.637075  0.205008  1.82496e+06  0.820032  0 
0.365591  0.220708  1.32e+06  0.882833  0 
0.20843  0.267162  1.02768e+06  1.06865  0 
0.618495  0.205164  1.7904e+06  0.820657  0 
0.245075  0.249635  1.09584e+06  0.998542  0 
0.607527  0.205291  1.77e+06  0.821163  0 
0.604043  0.205308  1.76352e+06  0.821233  0 
0.593462  0.205387  1.74384e+06  0.821547  0 
0.266495  0.243266  1.13568e+06  0.973064  0 
0.590237  0.205538  1.73784e+06  0.82215  0 
0.311011  0.230286  1.21848e+06  0.921142  0 
0.195656  0.271889  1.00392e+06  1.08756  0 
0.580301  0.206038  1.71936e+06  0.824152  0 
0.307398  0.230906  1.21176e+06  0.923625  0 
0.188559  0.2951  990720  1.1804  0 
0.157333  0.420306  932640  1.68122  0 
0.359269  0.223134  1.30824e+06  0.892535  0 
0.319656  0.228467  1.23456e+06  0.913868  0 
0.152559  0.420878  923760  1.68351  0 
0.206882  0.267644  1.0248e+06  1.07058  0 
0.236817  0.253875  1.08048e+06  1.0155  0 
0.281204  0.241286  1.16304e+06  0.965146  0 
0.407656  0.216554  1.39824e+06  0.866217  0 
0.20972  0.266019  1.03008e+06  1.06408  0 
0.364559  0.221928  1.31808e+06  0.887713  0 
0.343785  0.225391  1.27944e+06  0.901564  0 
0.390753  0.21821  1.3668e+06  0.872842  0 
0.204172  0.269809  1.01976e+06  1.07924  0 
0.170495  0.356668  957120  1.42667  0 
0.196172  0.271154  1.00488e+06  1.08462  0 
0.376559  0.21939  1.3404e+06  0.877562  0 
0.783011  0.201358  2.0964e+06  0.805432  0 
0.217075  0.261705  1.04376e+06  1.04682  0 
0.495398  0.211479  1.56144e+06  0.845915  0 
0.796301  0.200635  2.12112e+06  0.802539  0 
0.468946  0.212976  1.51224e+06  0.851906  0 
0.193978  0.285182  1.0008e+06  1.14073  0 
0.434882  0.215288  1.44888e+06  0.861154  0 
0.64314  0.204463  1.83624e+06  0.817853  0 
0.433978  0.215293  1.4472e+06  0.861172  0 
0.489204  0.21157  1.54992e+06  0.846278  0 
0.174882  0.321961  965280  1.28785  0 
0.40714  0.216557  1.39728e+06  0.86623  0 
0.192817  0.285241  998640  1.14096  0 
0.281591  0.240793  1.16376e+06  0.963173  0 
0.431785  0.21537  1.44312e+06  0.861478  0 
0.207914  0.267177  1.02672e+06  1.06871  0 
0.216688  0.262999  1.04304e+06  1.052  0 
0.33914  0.226041  1.2708e+06  0.904162  0 
0.219785  0.269357  1.0488e+06  1.07743  0 

