64.8733  2.97905e+07  1.21304e+08  1.19162e+08  0 
13.9278  6.14159e+06  2.65457e+07  2.45664e+07  0 
41.419  1.89605e+07  7.76793e+07  7.58421e+07  0 
53.9415  2.47374e+07  1.00971e+08  9.89496e+07  0 
8.82526e+07  4.10375e+13  1.6415e+14  1.6415e+14  0 
24.5005  1.10644e+07  4.6211e+07  4.42574e+07  0 
20.8774  9.3886e+06  3.9472e+07  3.75544e+07  0 
26.7709  1.21435e+07  5.0434e+07  4.8574e+07  0 
19.0475  8.55131e+06  3.60684e+07  3.42052e+07  0 
25.9287  1.17729e+07  4.88674e+07  4.70914e+07  0 
26.0156  1.17732e+07  4.9029e+07  4.70927e+07  0 
11.8059  5.14768e+06  2.2599e+07  2.05907e+07  0 
42.4189  1.93842e+07  7.95392e+07  7.75369e+07  0 
28.7786  1.30213e+07  5.41683e+07  5.20851e+07  0 
12.9912  5.70304e+06  2.48037e+07  2.28122e+07  0 
26.0293  1.18131e+07  4.90546e+07  4.72524e+07  0 
8.54628e+06  3.97402e+12  1.58961e+13  1.58961e+13  0 
673363  3.13113e+11  1.25246e+12  1.25245e+12  0 
33.4083  1.52192e+07  6.27794e+07  6.08769e+07  0 
33.8369  1.53256e+07  6.35767e+07  6.13022e+07  0 
4.36253e+06  2.02858e+12  8.11431e+12  8.11431e+12  0 
11.2314  4.87441e+06  2.15304e+07  1.94976e+07  0 
41.3151  1.88781e+07  7.74862e+07  7.55124e+07  0 
2.26026e+07  1.05102e+13  4.20408e+13  4.20408e+13  0 
6.39576e+07  2.97403e+13  1.18961e+14  1.18961e+14  0 
31.7882  1.4448e+07  5.97661e+07  5.77919e+07  0 
25.469  1.1477e+07  4.80124e+07  4.59081e+07  0 
3.23384e+07  1.50374e+13  6.01495e+13  6.01495e+13  0 
49.492  2.27127e+07  9.26952e+07  9.08508e+07  0 
29.2135  1.32647e+07  5.4977e+07  5.3059e+07  0 
23.5277  1.0634e+07  4.44015e+07  4.25362e+07  0 
26.5566  1.19788e+07  5.00352e+07  4.79153e+07  0 
38.0661  1.73623e+07  7.1443e+07  6.94493e+07  0 
17.9264  8.04736e+06  3.39832e+07  3.21894e+07  0 
6.40475e+07  2.97821e+13  1.19128e+14  1.19128e+14  0 
44.3606  2.0324e+07  8.31508e+07  8.12961e+07  0 
25.5041  1.15352e+07  4.80776e+07  4.61408e+07  0 
27.643  1.25353e+07  5.2056e+07  5.0141e+07  0 
23.4596  1.05995e+07  4.42748e+07  4.2398e+07  0 
22.7627  1.02334e+07  4.29787e+07  4.09336e+07  0 
2.30483e+07  1.07174e+13  4.28698e+13  4.28698e+13  0 
33.4797  1.52573e+07  6.29122e+07  6.10292e+07  0 
2.51429e+07  1.16914e+13  4.67658e+13  4.67658e+13  0 
28.6403  1.29658e+07  5.3911e+07  5.18631e+07  0 
31.3327  1.42396e+07  5.89189e+07  5.69583e+07  0 
15.444  6.82266e+06  2.93659e+07  2.72906e+07  0 
22.3652  1.00486e+07  4.22393e+07  4.01943e+07  0 
26.3083  1.18934e+07  4.95734e+07  4.75735e+07  0 
24.8615  1.12575e+07  4.68824e+07  4.50299e+07  0 
28.9099  1.31416e+07  5.44125e+07  5.25664e+07  0 
1.38195e+08  6.42605e+13  2.57042e+14  2.57042e+14  0 
5.9728e+07  2.77735e+13  1.11094e+14  1.11094e+14  0 
25.3546  1.14164e+07  4.77995e+07  4.56654e+07  0 
2.628e+07  1.22202e+13  4.88808e+13  4.88808e+13  0 
45.9148  2.1004e+07  8.60416e+07  8.4016e+07  0 
29.495  1.33632e+07  5.55008e+07  5.34528e+07  0 
25.8977  1.16887e+07  4.88097e+07  4.67548e+07  0 
28.4718  1.29584e+07  5.35976e+07  5.18336e+07  0 
26.1019  1.18213e+07  4.91896e+07  4.72854e+07  0 
25.1784  1.13886e+07  4.74718e+07  4.55544e+07  0 
7.80775e+07  3.6306e+13  1.45224e+14  1.45224e+14  0 
23.2113  1.04629e+07  4.3813e+07  4.18518e+07  0 
25.6122  1.15775e+07  4.82786e+07  4.63101e+07  0 
30.3862  1.38521e+07  5.71583e+07  5.54082e+07  0 
30.0723  1.36251e+07  5.65745e+07  5.45004e+07  0 
1.56408e+07  7.27295e+12  2.90918e+13  2.90918e+13  0 
7.77068e+06  3.61336e+12  1.44535e+13  1.44535e+13  0 
13.4158  5.89142e+06  2.55934e+07  2.35657e+07  0 
50.1193  2.2966e+07  9.38619e+07  9.18639e+07  0 
24.9269  1.12626e+07  4.70041e+07  4.50502e+07  0 
30.6856  1.39441e+07  5.77152e+07  5.57765e+07  0 
30.6179  1.38997e+07  5.75892e+07  5.55987e+07  0 
25.7765  1.16294e+07  4.85843e+07  4.65174e+07  0 
26.3116  1.19369e+07  4.95796e+07  4.77477e+07  0 
34.4387  1.56847e+07  6.46959e+07  6.27389e+07  0 
26.0159  1.17767e+07  4.90297e+07  4.71068e+07  0 
3.61066e+07  1.67896e+13  6.71583e+13  6.71583e+13  0 
1.26089e+07  5.86316e+12  2.34526e+13  2.34526e+13  0 
28.8043  1.30643e+07  5.4216e+07  5.22574e+07  0 
27.1511  1.22696e+07  5.11411e+07  4.90785e+07  0 
25.8623  1.17057e+07  4.87438e+07  4.68229e+07  0 
36.3841  1.66131e+07  6.83144e+07  6.64522e+07  0 
35.7273  1.62557e+07  6.70928e+07  6.50228e+07  0 
8.89723e+07  4.13721e+13  1.65488e+14  1.65488e+14  0 
4.86533e+06  2.26238e+12  9.04951e+12  9.04951e+12  0 
2.91218e+07  1.35417e+13  5.41666e+13  5.41666e+13  0 
24.648  1.11295e+07  4.64852e+07  4.45182e+07  0 
30.4019  1.383e+07  5.71875e+07  5.532e+07  0 
35.9715  1.64247e+07  6.75469e+07  6.56989e+07  0 
32.9271  1.5002e+07  6.18844e+07  6.0008e+07  0 
52.1721  2.39388e+07  9.76801e+07  9.57553e+07  0 
1.58996e+08  7.39329e+13  2.95732e+14  2.95732e+14  0 
25.202  1.13629e+07  4.75158e+07  4.54515e+07  0 
27.2913  1.23851e+07  5.14017e+07  4.95403e+07  0 
4.90687e+07  2.2817e+13  9.12678e+13  9.12678e+13  0 
32.4202  1.47357e+07  6.09416e+07  5.89427e+07  0 
47.8108  2.18989e+07  8.95681e+07  8.75956e+07  0 
26.9735  1.2233e+07  5.08107e+07  4.8932e+07  0 
26.4854  1.20101e+07  4.99028e+07  4.80404e+07  0 
13.8167  6.08533e+06  2.63391e+07  2.43413e+07  0 

0.241333  0.545849  1.08888e+06  2.1834  0 
0.766882  0.253159  2.0664e+06  1.01264  0 
0.699914  0.445252  1.94184e+06  1.78101  0 
0.745075  0.557334  2.02584e+06  2.22934  1 
0.839785  0.359159  2.202e+06  1.43664  1 
2.32876  679713  4.97149e+06  2.71885e+06  2 
4.7715  1.86569e+06  9.51499e+06  7.46275e+06  8 
5.44581  2.1592e+06  1.07692e+07  8.6368e+06  9 
6.19677  2.51086e+06  1.2166e+07  1.00434e+07  11 
9.92285  4.26844e+06  1.90965e+07  1.70738e+07  27 
14.5986  6.44224e+06  2.77934e+07  2.5769e+07  57 
15.0691  6.68019e+06  2.86686e+07  2.67207e+07  33 
24.5577  1.10528e+07  4.63173e+07  4.42111e+07  68 
24.8254  1.12199e+07  4.68152e+07  4.48796e+07  10 
9.89212  4.26664e+06  1.90393e+07  1.70665e+07  28 
35.3199  1.60613e+07  6.6335e+07  6.42451e+07  62 
11.9054  5.2012e+06  2.27841e+07  2.08048e+07  47 
41.8702  1.91472e+07  7.85186e+07  7.65888e+07  86 
10.1269  4.32231e+06  1.94761e+07  1.72892e+07  34 
21.8144  9.74605e+06  4.12147e+07  3.89842e+07  9 
10.3872  4.47518e+06  1.99602e+07  1.79007e+07  47 
12.8127  5.5658e+06  2.44717e+07  2.22632e+07  26 
22.3238  1.00546e+07  4.21623e+07  4.02183e+07  14 
12.1441  5.28243e+06  2.3228e+07  2.11297e+07  44 
10.8123  4.64006e+06  2.0751e+07  1.85603e+07  17 
24.4306  1.09643e+07  4.60809e+07  4.38573e+07  19 
28.9177  1.31021e+07  5.4427e+07  5.24083e+07  83 
17.3626  7.7278e+06  3.29344e+07  3.09112e+07  61 
11.3451  4.9044e+06  2.17418e+07  1.96176e+07  37 
10.9622  4.74486e+06  2.10298e+07  1.89794e+07  38 
12.5761  5.45897e+06  2.40316e+07  2.18359e+07  54 
11.9081  5.13502e+06  2.27891e+07  2.05401e+07  45 
9.46172  4.02462e+06  1.82388e+07  1.60985e+07  35 
9.39643  3.97464e+06  1.81174e+07  1.58986e+07  25 
10.0404  4.31107e+06  1.93152e+07  1.72443e+07  33 
18.3002  8.13342e+06  3.46783e+07  3.25337e+07  24 
9.09839  3.83089e+06  1.7563e+07  1.53236e+07  24 
19.6668  8.741e+06  3.72202e+07  3.4964e+07  6 
22.0024  9.85423e+06  4.15644e+07  3.94169e+07  64 
6.54194  2.6779e+06  1.2808e+07  1.07116e+07  13 
10.2078  4.35888e+06  1.96265e+07  1.74355e+07  67 
23.6796  1.06555e+07  4.4684e+07  4.26219e+07  62 
26.4413  1.19203e+07  4.98208e+07  4.76812e+07  79 
9.61222  4.1162e+06  1.85187e+07  1.64648e+07  21 
10.0924  4.34125e+06  1.94119e+07  1.7365e+07  4 
21.5571  9.69283e+06  4.07362e+07  3.87713e+07  63 
8.07701  3.40947e+06  1.56632e+07  1.36379e+07  11 
11.3085  4.91822e+06  2.16738e+07  1.96729e+07  19 
11.6269  5.02377e+06  2.22661e+07  2.00951e+07  22 
10.7505  4.59197e+06  2.06359e+07  1.83679e+07  36 
24.6661  1.11094e+07  4.65189e+07  4.44376e+07  62 
12.8114  5.59379e+06  2.44692e+07  2.23752e+07  8 
6.52226  2.62753e+06  1.27714e+07  1.05101e+07  12 
14.083  6.20954e+06  2.68345e+07  2.48382e+07  40 
13.9833  6.14088e+06  2.66489e+07  2.45635e+07  55 
8.58642  3.60213e+06  1.66107e+07  1.44085e+07  56 
11.6506  5.00431e+06  2.23102e+07  2.00172e+07  42 
24.3395  1.09454e+07  4.59115e+07  4.37815e+07  12 
21.719  9.7275e+06  4.10374e+07  3.891e+07  65 
25.9065  1.16687e+07  4.88262e+07  4.66748e+07  14 
4.15692  1.50713e+06  8.37188e+06  6.02852e+06  6 
21.5794  9.70879e+06  4.07777e+07  3.88352e+07  34 
24.796  1.11517e+07  4.67605e+07  4.46067e+07  77 
8.97562  3.77902e+06  1.73346e+07  1.51161e+07  20 
12.5263  5.36482e+06  2.3939e+07  2.14593e+07  51 
38.8777  1.77477e+07  7.29525e+07  7.0991e+07  10 
15.5233  6.86504e+06  2.95134e+07  2.74602e+07  60 
6.57249  2.69157e+06  1.28648e+07  1.07663e+07  14 
9.91311  4.27298e+06  1.90784e+07  1.70919e+07  32 
11.312  4.88481e+06  2.16803e+07  1.95393e+07  33 
10.1656  4.36314e+06  1.9548e+07  1.74526e+07  30 
8.36177  3.5606e+06  1.61929e+07  1.42424e+07  27 
12.0113  5.19943e+06  2.2981e+07  2.07977e+07  53 
7.63307  3.17982e+06  1.48375e+07  1.27193e+07  21 
3.29574  1.18372e+06  6.77008e+06  4.73488e+06  4 
12.792  5.60138e+06  2.44331e+07  2.24055e+07  52 
8.13385  3.38088e+06  1.5769e+07  1.35235e+07  34 
7.04046  2.90042e+06  1.37353e+07  1.16017e+07  16 
25.3463  1.13991e+07  4.77842e+07  4.55966e+07  76 
21.9116  9.85896e+06  4.13957e+07  3.94358e+07  64 
6.99483  2.8507e+06  1.36504e+07  1.14028e+07  15 
14.928  6.51743e+06  2.84061e+07  2.60697e+07  56 
3.73169  1.32758e+06  7.58095e+06  5.31031e+06  5 
10.2151  4.35383e+06  1.96401e+07  1.74153e+07  23 
4.33674  1.65663e+06  8.70634e+06  6.6265e+06  7 
3.20002  1.12943e+06  6.59203e+06  4.51771e+06  3 
23.5683  1.06148e+07  4.4477e+07  4.24591e+07  48 
14.6461  6.5139e+06  2.78817e+07  2.60556e+07  58 
8.67643  3.68532e+06  1.67782e+07  1.47413e+07  31 
5.66461  2.26538e+06  1.11762e+07  9.06154e+06  10 
9.48156  4.04147e+06  1.82757e+07  1.61659e+07  51 
11.582  4.99311e+06  2.21826e+07  1.99724e+07  43 
8.74166  3.72981e+06  1.68995e+07  1.49193e+07  23 
22.2662  9.99498e+06  4.20552e+07  3.99799e+07  33 
9.62129  4.11142e+06  1.85356e+07  1.64457e+07  7 
8.13221  3.37112e+06  1.57659e+07  1.34845e+07  22 
22.1901  9.98464e+06  4.19135e+07  3.99385e+07  66 
7.78196  3.23879e+06  1.51144e+07  1.29552e+07  41 
8.21835  3.43272e+06  1.59261e+07  1.37309e+07  28 
22.0116  9.84077e+06  4.15816e+07  3.93631e+07  10 

0.236172  0.547667  1.07928e+06  2.19067  0 
0.775011  0.246933  2.08152e+06  0.98773  0 
0.529591  0.29619  1.62504e+06  1.18476  0 
0.718753  0.261811  1.97688e+06  1.04724  0 
0.533591  0.315829  1.63248e+06  1.26332  1 
0.611011  0.304371  1.77648e+06  1.21748  1 
0.73914  0.302731  2.0148e+06  1.21092  1 
0.539914  0.550594  1.64424e+06  2.20238  2 
0.727785  0.362437  1.99368e+06  1.44975  2 
0.566108  0.382141  1.69296e+06  1.52857  2 
0.760817  0.317935  2.05512e+06  1.27174  2 
0.553849  0.408357  1.67016e+06  1.63343  2 
0.548946  0.432918  1.66104e+06  1.73167  2 
0.805075  0.382438  2.13744e+06  1.52975  3 
1.03932  79461.8  2.57313e+06  317847  4 
1.46592  273631  3.3666e+06  1.09453e+06  5 
1.57469  417871  3.56892e+06  1.67149e+06  6 
1.81019  441998  4.00695e+06  1.76799e+06  7 
2.17825  620406  4.69154e+06  2.48162e+06  9 
2.40686  720411  5.11676e+06  2.88164e+06  10 
2.54943  802487  5.38194e+06  3.20995e+06  11 
2.50535  803827  5.29995e+06  3.21531e+06  11 
2.62455  848878  5.52167e+06  3.39551e+06  12 
2.76879  879168  5.78995e+06  3.51667e+06  13 
2.85766  947073  5.95525e+06  3.78829e+06  14 
3.02011  1.00125e+06  6.2574e+06  4.005e+06  15 
3.08365  1.03734e+06  6.37559e+06  4.14935e+06  16 
3.3874  1.2078e+06  6.94057e+06  4.83121e+06  17 
3.39808  1.19837e+06  6.96042e+06  4.79346e+06  17 
3.65043  1.30893e+06  7.4298e+06  5.23573e+06  19 
3.97771  1.49244e+06  8.03854e+06  5.96974e+06  21 
4.1926  1.58312e+06  8.43823e+06  6.33247e+06  22 
4.28416  1.63385e+06  8.60853e+06  6.53541e+06  23 
4.44806  1.73485e+06  8.9134e+06  6.9394e+06  24 
4.70324  1.78529e+06  9.38802e+06  7.14114e+06  25 
4.60095  1.82346e+06  9.19777e+06  7.29385e+06  25 
4.84098  1.84831e+06  9.64422e+06  7.39326e+06  26 
5.36526  2.14491e+06  1.06194e+07  8.57963e+06  27 
5.93285  2.42239e+06  1.16751e+07  9.68958e+06  29 
6.03713  2.43681e+06  1.18691e+07  9.74722e+06  30 
6.09796  2.45951e+06  1.19822e+07  9.83805e+06  31 
7.41801  3.05503e+06  1.44375e+07  1.22201e+07  34 
7.53484  3.12958e+06  1.46548e+07  1.25183e+07  35 
9.08472  3.88333e+06  1.75376e+07  1.55333e+07  39 
9.43217  3.99456e+06  1.81838e+07  1.59782e+07  40 
9.70002  4.15793e+06  1.8682e+07  1.66317e+07  41 
9.76865  4.23142e+06  1.88097e+07  1.69257e+07  42 
10.0202  4.29812e+06  1.92776e+07  1.71925e+07  44 
10.0952  4.34697e+06  1.94171e+07  1.73879e+07  45 
10.2741  4.42499e+06  1.97498e+07  1.77e+07  46 
10.8143  4.61333e+06  2.07547e+07  1.84533e+07  47 
10.6636  4.61693e+06  2.04743e+07  1.84677e+07  47 
10.9601  4.74694e+06  2.10258e+07  1.89878e+07  48 
11.5532  4.99382e+06  2.2129e+07  1.99753e+07  51 
12.0308  5.24451e+06  2.30173e+07  2.0978e+07  53 
12.3426  5.33407e+06  2.35973e+07  2.13363e+07  54 
12.9766  5.67598e+06  2.47765e+07  2.27039e+07  55 
15.0543  6.60479e+06  2.86411e+07  2.64192e+07  58 
14.9659  6.61808e+06  2.84766e+07  2.64723e+07  58 
15.5322  6.90987e+06  2.953e+07  2.76395e+07  59 
15.9047  6.9896e+06  3.02228e+07  2.79584e+07  60 
21.6477  9.69429e+06  4.09048e+07  3.87772e+07  62 
22.3957  9.97034e+06  4.2296e+07  3.98814e+07  64 
22.7601  1.02497e+07  4.29738e+07  4.09989e+07  66 
24.7887  1.11442e+07  4.6747e+07  4.45769e+07  67 
25.1271  1.1291e+07  4.73765e+07  4.51642e+07  68 
25.5114  1.14706e+07  4.80913e+07  4.58826e+07  69 
26.707  1.20818e+07  5.0315e+07  4.83271e+07  72 
27.0087  1.21942e+07  5.08762e+07  4.87769e+07  11 
32.3397  1.46542e+07  6.07918e+07  5.86169e+07  73 
44.6533  2.03915e+07  8.36952e+07  8.15659e+07  75 
9.26189  3.87758e+06  1.78671e+07  1.55103e+07  39 
9.96294  4.33905e+06  1.91711e+07  1.73562e+07  44 
5.73392  2.25417e+06  1.13051e+07  9.01669e+06  28 
21.8832  9.80246e+06  4.13427e+07  3.92098e+07  63 
13.2805  5.79381e+06  2.53417e+07  2.31752e+07  56 
4.66502  1.82224e+06  9.31694e+06  7.28894e+06  25 
7.94277  3.31357e+06  1.54136e+07  1.32543e+07  36 
0.733075  0.383185  2.00352e+06  1.53274  3 
11.4277  4.94319e+06  2.18956e+07  1.97728e+07  50 
14.86  6.55654e+06  2.82796e+07  2.62262e+07  57 
1.90388  457483  4.18121e+06  1.82993e+06  8 
25.7115  1.15757e+07  4.84635e+07  4.63028e+07  71 
21.4378  9.65123e+06  4.05144e+07  3.86049e+07  61 
6.66895  2.71818e+06  1.30442e+07  1.08727e+07  33 
11.0291  4.7613e+06  2.11541e+07  1.90452e+07  49 
11.0417  4.75265e+06  2.11776e+07  1.90106e+07  49 
3.71108  1.35543e+06  7.54261e+06  5.42173e+06  20 
34.4046  1.56397e+07  6.46326e+07  6.25587e+07  35 
11.8664  5.15101e+06  2.27115e+07  2.0604e+07  52 
22.4666  1.00502e+07  4.24279e+07  4.02007e+07  65 
38.5607  1.75566e+07  7.2363e+07  7.02265e+07  74 
8.01648  3.35192e+06  1.55507e+07  1.34077e+07  37 
10.0641  4.28538e+06  1.93591e+07  1.71415e+07  44 
2.62786  843577  5.52783e+06  3.37431e+06  12 
3.44909  1.24099e+06  7.05531e+06  4.96395e+06  18 
9.89045  4.28368e+06  1.90362e+07  1.71347e+07  43 
6.24047  2.63258e+06  1.22473e+07  1.05303e+07  32 
7.9701  3.28512e+06  1.54644e+07  1.31405e+07  36 
8.51627  3.59087e+06  1.64803e+07  1.43635e+07  38 

0.230466  527.271  1.06867e+06  2109.08  0 
0.89114  0.220906  2.29752e+06  0.883625  0 
0.346882  0.415442  1.2852e+06  1.66177  0 
0.683914  0.241031  1.91208e+06  0.964125  0 
0.528946  0.266541  1.62384e+06  1.06616  0 
0.427011  0.302161  1.43424e+06  1.20864  0 
0.417075  0.325753  1.41576e+06  1.30301  0 
0.801462  0.234122  2.13072e+06  0.936487  0 
0.422753  0.368084  1.42632e+06  1.47234  1 
0.515785  0.307806  1.59936e+06  1.23122  1 
0.499398  0.359803  1.56888e+06  1.43921  1 
0.507527  0.355421  1.584e+06  1.42169  1 
0.599914  0.278273  1.75584e+06  1.11309  1 
0.418366  0.471136  1.41816e+06  1.88454  1 
0.419914  0.438097  1.42104e+06  1.75239  1 
0.553591  0.307282  1.66968e+06  1.22913  1 
0.505591  0.364171  1.5804e+06  1.45668  2 
0.446366  0.373721  1.47024e+06  1.49488  2 
0.521462  0.33422  1.60992e+06  1.33688  2 
0.422753  0.542241  1.42632e+06  2.16897  2 
0.685978  0.28409  1.91592e+06  1.13636  2 
0.520559  0.359253  1.60824e+06  1.43701  2 
0.808301  0.279272  2.14344e+06  1.11709  2 
0.62572  0.291565  1.80384e+06  1.16626  2 
0.60843  0.315484  1.77168e+06  1.26194  2 
0.576817  0.331331  1.71288e+06  1.32532  2 
0.494624  0.394933  1.56e+06  1.57973  3 
0.591398  0.332125  1.74e+06  1.3285  3 
0.462624  0.429068  1.50048e+06  1.71627  3 
0.521849  0.351552  1.61064e+06  1.40621  3 
0.667656  0.302879  1.88184e+06  1.21152  3 
0.749591  0.295586  2.03424e+06  1.18234  3 
0.661849  0.310225  1.87104e+06  1.2409  3 
0.643398  0.349796  1.83672e+06  1.39919  4 
0.520817  0.408184  1.60872e+06  1.63274  4 
0.484559  0.479245  1.54128e+06  1.91698  4 
0.537978  0.35748  1.64064e+06  1.42992  4 
0.556043  0.352753  1.67424e+06  1.41101  4 
0.534108  0.405503  1.63344e+06  1.62201  4 
0.646495  0.339954  1.84248e+06  1.35982  4 
0.613204  0.365387  1.78056e+06  1.46155  5 
0.527398  0.539358  1.62096e+06  2.15743  5 
0.595527  0.40952  1.74768e+06  1.63808  5 
0.700559  0.34369  1.94304e+06  1.37476  5 
0.604301  0.370536  1.764e+06  1.48214  5 
0.662624  0.349447  1.87248e+06  1.39779  5 
0.678366  0.344793  1.90176e+06  1.37917  5 
0.630237  0.361865  1.81224e+06  1.44746  5 
0.527656  0.506556  1.62144e+06  2.02622  5 
0.563656  0.500514  1.6884e+06  2.00206  5 
0.61772  0.465881  1.78896e+06  1.86352  6 
0.658624  0.364848  1.86504e+06  1.45939  6 
0.532043  0.521334  1.6296e+06  2.08534  6 
0.648559  0.397442  1.84632e+06  1.58977  6 
0.699527  0.420648  1.94112e+06  1.68259  7 
0.655527  0.459279  1.85928e+06  1.83712  7 
0.745978  0.376703  2.02752e+06  1.50681  7 
0.648406  11749.3  1.84604e+06  46997.2  7 
0.715269  0.501746  1.9704e+06  2.00698  8 
0.723785  0.576413  1.98624e+06  2.30565  9 
0.757144  15452.4  2.04829e+06  61809.5  10 
0.768095  28824.7  2.06866e+06  115299  11 
0.953639  66982.5  2.41377e+06  267930  12 
0.980814  79439  2.46431e+06  317756  13 
1.02  136362  2.53721e+06  545449  14 
0.998278  188060  2.4968e+06  752238  14 
1.14573  218765  2.77106e+06  875060  15 
1.18986  172565  2.85314e+06  690258  15 
1.32887  232823  3.11169e+06  931292  16 
1.35646  242893  3.16301e+06  971572  17 
1.36304  292693  3.17525e+06  1.17077e+06  18 
1.43901  283622  3.31657e+06  1.13449e+06  18 
1.42218  369874  3.28525e+06  1.4795e+06  19 
1.42837  318571  3.29676e+06  1.27428e+06  19 
1.56678  351313  3.55421e+06  1.40525e+06  20 
1.65105  356239  3.71095e+06  1.42496e+06  21 
1.78286  431149  3.95612e+06  1.7246e+06  22 
1.77474  506754  3.94101e+06  2.02702e+06  22 
1.78723  480941  3.96424e+06  1.92376e+06  23 
1.88152  493408  4.13963e+06  1.97363e+06  24 
1.94658  509740  4.26064e+06  2.03896e+06  25 
1.95214  529244  4.27097e+06  2.11698e+06  26 
2.32257  748413  4.95997e+06  2.99365e+06  27 
2.52703  788111  5.34028e+06  3.15245e+06  28 
2.50994  807703  5.30849e+06  3.23081e+06  28 
2.79548  937898  5.83959e+06  3.75159e+06  29 
3.37326  1.23326e+06  6.91426e+06  4.93306e+06  30 
3.38918  1.22339e+06  6.94387e+06  4.89355e+06  30 
3.43995  1.27898e+06  7.03831e+06  5.11591e+06  31 
3.50764  1.29366e+06  7.16422e+06  5.17462e+06  32 
3.74663  1.4109e+06  7.60873e+06  5.64362e+06  33 
4.15668  1.59078e+06  8.37142e+06  6.3631e+06  34 
4.38831  1.63302e+06  8.80225e+06  6.5321e+06  35 
4.49126  1.72104e+06  8.99374e+06  6.88415e+06  36 
4.56034  1.73582e+06  9.12223e+06  6.94327e+06  37 
5.65794  2.30446e+06  1.11638e+07  9.21784e+06  38 
5.83693  2.34293e+06  1.14967e+07  9.37173e+06  39 
7.40594  3.14302e+06  1.4415e+07  1.25721e+07  40 
7.78368  3.27067e+06  1.51176e+07  1.30827e+07  41 
8.5364  3.56236e+06  1.65177e+07  1.42495e+07  42 

0.230466  527.271  1.06867e+06  2109.08  0 
0.74172  0.21929  2.0196e+06  0.877161  0 
0.250753  0.460253  1.1064e+06  1.84101  0 
0.51114  0.245654  1.59072e+06  0.982615  0 
0.359269  0.30602  1.30824e+06  1.22408  0 
0.305333  0.407137  1.20792e+06  1.62855  1 
0.460688  0.259484  1.49688e+06  1.03794  0 
0.386882  0.271532  1.3596e+06  1.08613  0 
0.278108  0.410358  1.15728e+06  1.64143  0 
0.332559  0.358464  1.25856e+06  1.43386  3 
0.340043  0.310133  1.27248e+06  1.24053  0 
0.639269  0.22944  1.82904e+06  0.917762  0 
0.446753  0.261875  1.47096e+06  1.0475  0 
0.59914  0.238235  1.7544e+06  0.952939  0 
0.491785  0.25347  1.55472e+06  1.01388  0 
0.584688  0.241154  1.72752e+06  0.964615  0 
0.557204  0.245617  1.6764e+06  0.98247  1 
0.363785  0.356094  1.31664e+06  1.42438  1 
0.515914  0.282381  1.5996e+06  1.12952  0 
0.396559  0.319662  1.3776e+06  1.27865  2 
0.454366  0.285271  1.48512e+06  1.14108  1 
0.313075  0.478365  1.22232e+06  1.91346  1 
0.324688  0.452311  1.24392e+06  1.80924  1 
0.543656  0.268994  1.6512e+06  1.07598  2 
0.612559  0.248131  1.77936e+06  0.992523  1 
0.835269  0.224798  2.1936e+06  0.899192  0 
0.413462  0.310737  1.40904e+06  1.24295  2 
0.345591  0.367539  1.2828e+06  1.47016  1 
0.431398  0.289576  1.4424e+06  1.1583  0 
0.375011  0.343594  1.33752e+06  1.37438  2 
0.610624  0.250054  1.77576e+06  1.00022  1 
0.728688  0.245221  1.99536e+06  0.980882  1 
0.470882  0.284391  1.51584e+06  1.13757  2 
0.354624  0.356323  1.2996e+06  1.42529  2 
0.419785  0.302289  1.4208e+06  1.20916  1 
0.530882  0.279258  1.62744e+06  1.11703  1 
0.518624  0.27969  1.60464e+06  1.11876  3 
0.335527  0.435415  1.26408e+06  1.74166  3 
0.378753  0.347113  1.34448e+06  1.38845  1 
0.524817  0.282969  1.61616e+06  1.13188  2 
0.448172  0.291223  1.4736e+06  1.16489  0 
0.679269  0.254624  1.90344e+06  1.0185  2 
0.368301  0.417619  1.32504e+06  1.67047  3 
0.653075  0.262279  1.85472e+06  1.04911  0 
0.368817  0.361089  1.326e+06  1.44435  3 
0.407011  0.331842  1.39704e+06  1.32737  3 
0.446882  0.309021  1.4712e+06  1.23608  0 
0.590882  0.272353  1.73904e+06  1.08941  1 
0.326237  0.472999  1.2468e+06  1.892  2 
0.32843  0.454658  1.25088e+06  1.81863  2 
0.622237  0.268651  1.79736e+06  1.07461  3 
0.364688  0.454258  1.31832e+06  1.81703  4 
0.762366  0.250336  2.058e+06  1.00135  1 
0.319269  0.494287  1.23384e+06  1.97715  3 
0.418882  0.324649  1.41912e+06  1.2986  4 
0.560559  0.281436  1.68264e+06  1.12574  2 
0.381075  0.423115  1.3488e+06  1.69246  4 
0.486366  0.291743  1.54464e+06  1.16697  0 
0.358237  0.485657  1.30632e+06  1.94263  4 
0.363011  0.464739  1.3152e+06  1.85896  4 
0.694366  0.266113  1.93152e+06  1.06445  2 
0.640301  0.282143  1.83096e+06  1.12857  4 
0.526753  0.283078  1.61976e+06  1.13231  2 
0.455398  0.320576  1.48704e+06  1.2823  4 
0.363656  0.464429  1.3164e+06  1.85772  5 
0.663785  0.267839  1.87464e+06  1.07135  3 
0.466495  0.296849  1.50768e+06  1.1874  2 
0.660817  0.27698  1.86912e+06  1.10792  4 
0.385462  0.351802  1.35696e+06  1.40721  4 
0.446366  0.327941  1.47024e+06  1.31176  4 
0.412301  0.34527  1.40688e+06  1.38108  2 
0.424043  0.330446  1.42872e+06  1.32178  3 
0.368301  0.433275  1.32504e+06  1.7331  4 
0.398495  0.410226  1.3812e+06  1.6409  4 
0.372688  0.482246  1.3332e+06  1.92899  0 
0.479527  0.312149  1.53192e+06  1.2486  2 
0.528688  0.291144  1.62336e+06  1.16458  0 
0.478495  0.315115  1.53e+06  1.26046  3 
0.37914  0.43864  1.3452e+06  1.75456  0 
0.445204  0.348237  1.46808e+06  1.39295  6 
0.509849  0.292377  1.58832e+06  1.16951  0 
0.427398  0.355265  1.43496e+06  1.42106  1 
0.406366  0.363906  1.39584e+06  1.45563  5 
0.452172  0.34138  1.48104e+06  1.36552  4 
0.37514  0.480167  1.33776e+06  1.92067  1 
0.47114  0.321631  1.51632e+06  1.28652  2 
0.453591  0.328936  1.48368e+06  1.31574  4 
0.400946  0.403701  1.38576e+06  1.6148  5 
0.575398  0.286955  1.71024e+06  1.14782  0 
0.427785  0.349797  1.43568e+06  1.39919  2 
0.487269  0.303757  1.54632e+06  1.21503  3 
0.474366  0.332999  1.52232e+06  1.332  5 
0.401075  0.457907  1.386e+06  1.83163  6 
0.440301  0.36059  1.45896e+06  1.44236  4 
0.550882  0.291458  1.66464e+06  1.16583  3 
0.410753  0.420616  1.404e+06  1.68246  0 
0.482495  0.317682  1.53744e+06  1.27073  1 
0.453591  0.347358  1.48368e+06  1.38943  5 
0.627398  0.297028  1.80696e+06  1.18811  0 
0.44572  0.460695  1.46904e+06  1.84278  1 

0.19114  0.457789  995520  1.83116  0 
0.720559  0.208551  1.98024e+06  0.834206  0 
0.471398  0.227086  1.5168e+06  0.908345  0 
0.286624  0.296665  1.17312e+06  1.18666  0 
0.22714  0.348469  1.06248e+06  1.39387  0 
0.400172  0.24026  1.38432e+06  0.961042  0 
0.34714  0.252638  1.28568e+06  1.01055  0 
0.317849  0.271681  1.2312e+06  1.08672  0 
0.213075  0.437725  1.03632e+06  1.7509  0 
0.610366  0.216428  1.77528e+06  0.865712  0 
0.461849  0.231205  1.49904e+06  0.92482  0 
0.598366  0.221772  1.75296e+06  0.887089  0 
0.396043  0.243918  1.37664e+06  0.975672  0 
0.559011  0.223308  1.67976e+06  0.893233  0 
0.387527  0.249459  1.3608e+06  0.997836  0 
0.455527  0.237522  1.48728e+06  0.950086  0 
0.285333  0.319275  1.17072e+06  1.2771  0 
0.398237  0.242646  1.38072e+06  0.970585  0 
0.452559  0.239576  1.48176e+06  0.958302  0 
0.346624  0.270055  1.28472e+06  1.08022  0 
0.412946  0.24156  1.40808e+06  0.966242  1 
0.632301  0.222575  1.81608e+06  0.890299  1 
0.418624  0.241555  1.41864e+06  0.96622  1 
0.238624  0.473868  1.08384e+06  1.89547  1 
0.353978  0.259881  1.2984e+06  1.03952  1 
0.343656  0.288156  1.2792e+06  1.15263  1 
0.588817  0.223527  1.7352e+06  0.894108  1 
0.473333  0.236168  1.5204e+06  0.944673  1 
0.583914  0.223937  1.72608e+06  0.89575  1 
0.565849  0.224994  1.69248e+06  0.899976  1 
0.334108  0.296579  1.26144e+06  1.18632  1 
0.353849  0.274956  1.29816e+06  1.09983  1 
0.276559  0.45277  1.1544e+06  1.81108  1 
0.324946  0.297913  1.2444e+06  1.19165  1 
0.47243  0.238693  1.51872e+06  0.954771  1 
0.523914  0.23047  1.61448e+06  0.92188  1 
0.466624  0.240985  1.50792e+06  0.963939  1 
0.64972  0.218842  1.84848e+06  0.875367  1 
0.557849  0.227572  1.6776e+06  0.910287  1 
0.536817  0.229109  1.63848e+06  0.916438  1 
0.34172  0.291948  1.2756e+06  1.16779  1 
0.283656  0.38691  1.1676e+06  1.54764  1 
0.304688  0.309468  1.20672e+06  1.23787  1 
0.277333  0.431057  1.15584e+06  1.72423  1 
0.300172  0.33624  1.19832e+06  1.34496  1 
0.485462  0.232288  1.54296e+06  0.929153  1 
0.285462  0.438239  1.17096e+06  1.75296  2 
0.548301  0.230661  1.65984e+06  0.922645  2 
0.330753  0.298588  1.2552e+06  1.19435  2 
0.534237  0.231948  1.63368e+06  0.927793  2 
0.733333  0.220281  2.004e+06  0.881122  2 
0.556559  0.230205  1.6752e+06  0.920818  2 
0.418366  0.251796  1.41816e+06  1.00718  2 
0.561462  0.228515  1.68432e+06  0.914061  2 
0.303656  0.337632  1.2048e+06  1.35053  2 
0.296817  0.396811  1.19208e+06  1.58725  2 
0.496688  0.232608  1.56384e+06  0.930431  2 
0.34572  0.2971  1.28304e+06  1.1884  2 
0.54172  0.231189  1.6476e+06  0.924757  2 
0.277462  0.452196  1.15608e+06  1.80878  2 
0.578495  0.22623  1.716e+06  0.904921  2 
0.738753  0.219118  2.01408e+06  0.876473  2 
0.280688  0.451467  1.16208e+06  1.80587  2 
0.576688  0.226714  1.71264e+06  0.906854  2 
0.495398  0.23454  1.56144e+06  0.938159  2 
0.570237  0.227622  1.70064e+06  0.910488  2 
0.686237  0.220397  1.9164e+06  0.881586  2 
0.361849  0.264084  1.31304e+06  1.05634  2 
0.44172  0.242181  1.4616e+06  0.968724  2 
0.42314  0.243286  1.42704e+06  0.973145  2 
0.64314  0.223182  1.83624e+06  0.892729  2 
0.48714  0.236496  1.54608e+06  0.945985  2 
0.615527  0.224611  1.78488e+06  0.898446  2 
0.265978  0.501981  1.13472e+06  2.00792  2 
0.308817  0.317458  1.2144e+06  1.26983  2 
0.339011  0.316045  1.27056e+06  1.26418  3 
0.581333  0.229416  1.72128e+06  0.917663  3 
0.287398  0.444219  1.17456e+06  1.77688  3 
0.418753  0.267697  1.41888e+06  1.07079  3 
0.530108  0.233154  1.626e+06  0.932618  3 
0.320172  0.441615  1.23552e+06  1.76646  3 
0.325591  0.32492  1.2456e+06  1.29968  3 
0.576688  0.230144  1.71264e+06  0.920576  3 
0.645591  0.224612  1.8408e+06  0.898446  3 
0.286624  0.467786  1.17312e+06  1.87114  3 
0.498882  0.23414  1.56792e+06  0.936561  3 
0.617462  0.22696  1.78848e+06  0.907838  3 
0.385462  0.268209  1.35696e+06  1.07283  3 
0.52572  0.234034  1.61784e+06  0.936137  3 
0.495656  0.240715  1.56192e+06  0.962861  3 
0.533204  0.232878  1.63176e+06  0.931513  3 
0.338882  0.316645  1.27032e+06  1.26658  3 
0.455656  0.242987  1.48752e+06  0.97195  3 
0.325849  0.319258  1.24608e+06  1.27703  3 
0.572817  0.231964  1.70544e+06  0.927857  3 
0.440946  0.245327  1.46016e+06  0.981306  3 
0.463398  0.250002  1.50192e+06  1.00001  4 
0.637462  0.23339  1.82568e+06  0.933558  4 
0.509075  0.239873  1.58688e+06  0.959493  4 
0.464043  0.24534  1.50312e+06  0.981361  4 

0.188817  0.457697  991200  1.83079  0 
0.719269  0.207733  1.97784e+06  0.830931  0 
0.480172  0.220566  1.53312e+06  0.882265  0 
0.290495  0.271138  1.18032e+06  1.08455  0 
0.211011  0.352333  1.03248e+06  1.40933  0 
0.434237  0.225233  1.44768e+06  0.90093  0 
0.390495  0.230782  1.36632e+06  0.923129  0 
0.250753  0.312755  1.1064e+06  1.25102  0 
0.34843  0.234492  1.28808e+06  0.937966  0 
0.326624  0.245863  1.24752e+06  0.983451  0 
0.196688  0.442104  1.00584e+06  1.76842  0 
0.70714  0.208406  1.95528e+06  0.833624  0 
0.661075  0.208842  1.8696e+06  0.835366  0 
0.630882  0.209628  1.81344e+06  0.838513  0 
0.273333  0.301859  1.1484e+06  1.20744  0 
0.31772  0.262428  1.23096e+06  1.04971  0 
0.622753  0.211547  1.79832e+06  0.846189  0 
0.592043  0.212688  1.7412e+06  0.85075  0 
0.306366  0.263409  1.20984e+06  1.05364  0 
0.581075  0.213529  1.7208e+06  0.854117  0 
0.561075  0.214412  1.6836e+06  0.857647  0 
0.336688  0.239941  1.26624e+06  0.959765  0 
0.245462  0.323864  1.09656e+06  1.29546  1 
0.235398  0.348497  1.07784e+06  1.39399  0 
0.287011  0.295781  1.17384e+06  1.18313  0 
0.555785  0.21723  1.67376e+06  0.86892  0 
0.425849  0.229063  1.43208e+06  0.916252  0 
0.383527  0.232824  1.35336e+06  0.931298  0 
0.545978  0.218952  1.65552e+06  0.875807  0 
0.473978  0.223799  1.5216e+06  0.895196  0 
0.533978  0.219226  1.6332e+06  0.876902  0 
0.468817  0.224065  1.512e+06  0.896259  0 
0.623914  0.210665  1.80048e+06  0.842661  0 
0.533462  0.220035  1.63224e+06  0.880142  0 
0.576301  0.214238  1.71192e+06  0.856954  1 
0.533204  0.220558  1.63176e+06  0.882233  0 
0.26314  0.318669  1.12944e+06  1.27468  0 
0.418753  0.231556  1.41888e+06  0.926222  2 
0.53772  0.219752  1.64016e+06  0.879006  0 
0.250753  0.373001  1.1064e+06  1.492  1 
0.237978  0.421591  1.08264e+06  1.68636  1 
0.31114  0.295483  1.21872e+06  1.18193  2 
0.358237  0.238193  1.30632e+06  0.952774  0 
0.290108  0.312438  1.1796e+06  1.24975  2 
0.371914  0.235431  1.33176e+06  0.941726  0 
0.23643  0.423445  1.07976e+06  1.69378  0 
0.240559  0.414807  1.08744e+06  1.65923  1 
0.290495  0.295739  1.18032e+06  1.18296  0 
0.471011  0.224162  1.51608e+06  0.896649  0 
0.315011  0.268143  1.22592e+06  1.07257  1 
0.683914  0.21028  1.91208e+06  0.84112  0 
0.283269  0.313622  1.16688e+06  1.25449  0 
0.328301  0.252735  1.25064e+06  1.01094  0 
0.276688  0.3185  1.15464e+06  1.274  0 
0.537333  0.220092  1.63944e+06  0.880366  0 
0.432817  0.22994  1.44504e+06  0.91976  0 
0.499656  0.222361  1.56936e+06  0.889443  0 
0.279914  0.313826  1.16064e+06  1.25531  0 
0.703527  0.2097  1.94856e+06  0.838798  0 
0.555527  0.218957  1.67328e+06  0.875828  1 
0.389978  0.234785  1.36536e+06  0.93914  0 
0.516688  0.221157  1.60104e+06  0.884627  1 
0.437462  0.22686  1.45368e+06  0.907442  2 
0.337462  0.24901  1.26768e+06  0.99604  1 
0.560559  0.218763  1.68264e+06  0.875054  0 
0.608559  0.212782  1.77192e+06  0.851129  0 
0.562108  0.215156  1.68552e+06  0.860622  0 
0.321333  0.26546  1.23768e+06  1.06184  0 
0.496817  0.222468  1.56408e+06  0.889874  1 
0.351914  0.244108  1.29456e+06  0.976433  1 
0.350237  0.244181  1.29144e+06  0.976723  0 
0.313075  0.273323  1.22232e+06  1.09329  0 
0.636817  0.210446  1.82448e+06  0.841782  0 
0.581978  0.213959  1.72248e+06  0.855837  0 
0.528301  0.220724  1.62264e+06  0.882896  0 
0.257333  0.350407  1.11864e+06  1.40163  1 
0.199914  0.448166  1.01184e+06  1.79267  0 
0.340688  0.250907  1.27368e+06  1.00363  1 
0.412946  0.237795  1.40808e+06  0.951179  0 
0.477978  0.224383  1.52904e+06  0.897532  1 
0.375011  0.239014  1.33752e+06  0.956057  1 
0.264043  0.346633  1.13112e+06  1.38653  0 
0.365333  0.245817  1.31952e+06  0.983268  1 
0.59772  0.21403  1.75176e+06  0.856119  0 
0.295011  0.298553  1.18872e+06  1.19421  0 
0.672688  0.21071  1.8912e+06  0.842842  0 
0.323656  0.286095  1.242e+06  1.14438  0 
0.502366  0.223079  1.5744e+06  0.892317  0 
0.443656  0.231301  1.4652e+06  0.925203  0 
0.328688  0.265479  1.25136e+06  1.06191  0 
0.608559  0.213582  1.77192e+06  0.854328  0 
0.651011  0.212801  1.85088e+06  0.851204  0 
0.247011  0.442207  1.09944e+06  1.76883  0 
0.437204  0.233533  1.4532e+06  0.934133  0 
0.575011  0.215995  1.70952e+06  0.863979  1 
0.294753  0.301199  1.18824e+06  1.2048  0 
0.570624  0.217665  1.70136e+06  0.870661  0 
0.394882  0.238326  1.37448e+06  0.953302  0 
0.565591  0.21829  1.692e+06  0.873158  0 
0.272688  0.332006  1.1472e+06  1.32802  1 

0.178495  0.445634  972000  1.78254  0 
0.704817  0.205464  1.95096e+06  0.821854  0 
0.476559  0.219103  1.5264e+06  0.876413  0 
0.283656  0.256356  1.1676e+06  1.02542  1 
0.207398  0.351394  1.02576e+06  1.40558  0 
0.22843  0.313168  1.06488e+06  1.25267  0 
0.438495  0.222452  1.4556e+06  0.889807  0 
0.403527  0.22426  1.39056e+06  0.897041  0 
0.246753  0.282671  1.09896e+06  1.13068  0 
0.374753  0.227516  1.33704e+06  0.910064  0 
0.347398  0.232967  1.28616e+06  0.93187  0 
0.262366  0.260245  1.128e+06  1.04098  0 
0.325462  0.236039  1.24536e+06  0.944158  0 
0.301591  0.242851  1.20096e+06  0.971406  0 
0.68572  0.206141  1.91544e+06  0.824564  0 
0.657591  0.206147  1.86312e+06  0.824587  0 
0.644172  0.207097  1.83816e+06  0.828387  0 
0.19643  0.433578  1.00536e+06  1.73431  0 
0.604688  0.208481  1.76472e+06  0.833926  0 
0.218366  0.323661  1.04616e+06  1.29464  0 
0.573849  0.209782  1.70736e+06  0.839129  0 
0.56443  0.210812  1.68984e+06  0.84325  0 
0.551398  0.21126  1.6656e+06  0.84504  0 
0.538108  0.211752  1.64088e+06  0.847007  0 
0.291785  0.249069  1.18272e+06  0.996276  0 
0.523011  0.212273  1.6128e+06  0.849093  0 
0.255656  0.270787  1.11552e+06  1.08315  0 
0.201333  0.40117  1.01448e+06  1.60468  0 
0.491398  0.213307  1.554e+06  0.853229  0 
0.368043  0.22798  1.32456e+06  0.911919  0 
0.287914  0.252489  1.17552e+06  1.00995  0 
0.297462  0.245227  1.19328e+06  0.980908  0 
0.362366  0.229241  1.314e+06  0.916964  0 
0.313462  0.239594  1.22304e+06  0.958376  0 
0.481462  0.216185  1.53552e+06  0.864741  0 
0.340043  0.233191  1.27248e+06  0.932763  0 
0.40043  0.225048  1.3848e+06  0.90019  0 
0.38972  0.22542  1.36488e+06  0.90168  0 
0.474495  0.219107  1.52256e+06  0.876429  0 
0.385978  0.225496  1.35792e+06  0.901986  0 
0.332172  0.234091  1.25784e+06  0.936363  0 
0.359398  0.231092  1.30848e+06  0.924367  0 
0.378237  0.225684  1.34352e+06  0.902735  0 
0.457204  0.220638  1.4904e+06  0.882551  1 
0.27643  0.258676  1.15416e+06  1.0347  0 
0.329462  0.234929  1.2528e+06  0.939718  0 
0.640301  0.207528  1.83096e+06  0.830114  0 
0.598237  0.209164  1.75272e+06  0.836656  0 
0.480172  0.218547  1.53312e+06  0.874189  0 
0.428559  0.223814  1.43712e+06  0.895258  0 
0.551011  0.211317  1.66488e+06  0.845268  0 
0.556688  0.210876  1.67544e+06  0.843503  0 
0.549333  0.211524  1.66176e+06  0.846096  0 
0.518495  0.213212  1.6044e+06  0.852847  0 
0.695527  0.20609  1.93368e+06  0.82436  0 
0.351914  0.232939  1.29456e+06  0.931755  0 
0.278882  0.260748  1.15872e+06  1.04299  1 
0.281849  0.259823  1.16424e+06  1.03929  0 
0.425591  0.224615  1.4316e+06  0.898461  1 
0.435785  0.223948  1.45056e+06  0.895792  1 
0.463656  0.221264  1.5024e+06  0.885054  0 
0.508817  0.214032  1.5864e+06  0.856128  0 
0.439269  0.223087  1.45704e+06  0.892348  0 
0.30043  0.248353  1.1988e+06  0.993413  0 
0.631011  0.208538  1.81368e+06  0.834151  1 
0.223398  0.350152  1.05552e+06  1.40061  1 
0.410366  0.224619  1.40328e+06  0.898477  1 
0.49643  0.21512  1.56336e+06  0.860479  0 
0.299398  0.249396  1.19688e+06  0.997584  1 
0.542366  0.212102  1.6488e+06  0.848409  0 
0.544043  0.212099  1.65192e+06  0.848398  0 
0.652301  0.207805  1.85328e+06  0.831221  0 
0.348559  0.23476  1.28832e+06  0.939042  0 
0.266108  0.271908  1.13496e+06  1.08763  0 
0.44043  0.222696  1.4592e+06  0.890786  0 
0.510495  0.213531  1.58952e+06  0.854124  0 
0.465978  0.220782  1.50672e+06  0.883127  0 
0.58043  0.210789  1.7196e+06  0.843157  1 
0.323011  0.239698  1.2408e+06  0.958791  0 
0.480559  0.21889  1.53384e+06  0.87556  1 
0.333462  0.23583  1.26024e+06  0.943321  0 
0.473462  0.220773  1.52064e+06  0.883093  0 
0.298108  0.257868  1.19448e+06  1.03147  0 
0.363398  0.231135  1.31592e+06  0.924542  0 
0.304946  0.242882  1.2072e+06  0.971528  0 
0.207785  0.433839  1.02648e+06  1.73535  0 
0.720946  0.205482  1.98096e+06  0.821927  0 
0.478753  0.220061  1.53048e+06  0.880243  0 
0.375656  0.230433  1.33872e+06  0.921732  0 
0.357333  0.234138  1.30464e+06  0.936552  0 
0.525333  0.213369  1.61712e+06  0.853478  0 
0.235398  0.314577  1.07784e+06  1.25831  0 
0.197075  0.445159  1.00656e+06  1.78063  1 
0.427785  0.224266  1.43568e+06  0.897064  1 
0.404817  0.226165  1.39296e+06  0.904661  0 
0.40714  0.224957  1.39728e+06  0.899827  1 
0.446882  0.22252  1.4712e+06  0.89008  0 
0.567656  0.211432  1.69584e+06  0.845726  0 
0.263398  0.278736  1.12992e+06  1.11495  0 
0.25914  0.279269  1.122e+06  1.11708  0 

0.167518  236.44  951584  945.759  0 
0.674495  0.205224  1.89456e+06  0.820897  0 
0.16972  0.526041  955680  2.10416  0 
0.370366  0.222703  1.32888e+06  0.89081  0 
0.194237  0.342626  1.00128e+06  1.3705  0 
0.267269  0.241522  1.13712e+06  0.966087  0 
0.217978  0.287714  1.04544e+06  1.15085  0 
0.234624  0.25643  1.0764e+06  1.02572  0 
0.175011  0.445434  965520  1.78174  0 
0.652817  0.205278  1.85424e+06  0.821112  0 
0.618882  0.206143  1.79112e+06  0.82457  0 
0.344043  0.22581  1.27992e+06  0.90324  0 
0.597849  0.20711  1.752e+06  0.828439  0 
0.574366  0.208086  1.70832e+06  0.832346  0 
0.557849  0.209076  1.6776e+06  0.836303  0 
0.543011  0.209789  1.65e+06  0.839155  0 
0.181591  0.377345  977760  1.50938  0 
0.517849  0.210157  1.6032e+06  0.840626  0 
0.205591  0.32705  1.0224e+06  1.3082  0 
0.25372  0.245303  1.11192e+06  0.98121  0 
0.183269  0.364861  980880  1.45944  0 
0.506108  0.212116  1.58136e+06  0.848465  0 
0.333591  0.231072  1.26048e+06  0.924288  0 
0.480172  0.212356  1.53312e+06  0.849423  0 
0.318237  0.231795  1.23192e+06  0.92718  0 
0.46572  0.213636  1.50624e+06  0.854545  0 
0.446237  0.215128  1.47e+06  0.860512  0 
0.310237  0.234607  1.21704e+06  0.938428  0 
0.21243  0.314527  1.03512e+06  1.25811  0 
0.302882  0.236058  1.20336e+06  0.944232  0 
0.189204  0.351783  991920  1.40713  0 
0.248559  0.251511  1.10232e+06  1.00604  0 
0.437591  0.217796  1.45392e+06  0.871183  0 
0.336172  0.226794  1.26528e+06  0.907178  0 
0.244559  0.25279  1.09488e+06  1.01116  0 
0.293978  0.237948  1.1868e+06  0.951792  0 
0.432172  0.219336  1.44384e+06  0.877345  0 
0.408301  0.219647  1.39944e+06  0.878588  0 
0.399656  0.219978  1.38336e+06  0.879912  0 
0.230495  0.285306  1.06872e+06  1.14123  0 
0.291656  0.239092  1.18248e+06  0.956367  0 
0.223656  0.285407  1.056e+06  1.14163  0 
0.265075  0.242165  1.13304e+06  0.96866  0 
0.395785  0.220546  1.37616e+06  0.882183  0 
0.38714  0.220644  1.36008e+06  0.882575  0 
0.280301  0.239525  1.16136e+06  0.958099  0 
0.365462  0.224022  1.31976e+06  0.896089  0 
0.362753  0.224095  1.31472e+06  0.896381  0 
0.221978  0.285807  1.05288e+06  1.14323  0 
0.357462  0.224261  1.30488e+06  0.897043  0 
0.277333  0.240402  1.15584e+06  0.961606  0 
0.377075  0.221642  1.34136e+06  0.886567  0 
0.261849  0.24425  1.12704e+06  0.977001  0 
0.31514  0.233683  1.22616e+06  0.934731  0 
0.590882  0.207175  1.73904e+06  0.828702  0 
0.464817  0.214173  1.50456e+06  0.856693  0 
0.279269  0.239588  1.15944e+06  0.958353  0 
0.649591  0.205397  1.84824e+06  0.82159  0 
0.187527  0.364159  988800  1.45664  0 
0.61243  0.206409  1.77912e+06  0.825634  0 
0.607269  0.206431  1.76952e+06  0.825724  0 
0.644946  0.20548  1.8396e+06  0.821922  0 
0.588946  0.207427  1.73544e+06  0.829709  0 
0.515398  0.211467  1.59864e+06  0.845867  0 
0.331398  0.231171  1.2564e+06  0.924685  0 
0.330366  0.231172  1.25448e+06  0.924686  0 
0.459011  0.214563  1.49376e+06  0.858253  0 
0.244043  0.252793  1.09392e+06  1.01117  0 
0.253204  0.249458  1.11096e+06  0.997833  0 
0.47772  0.213149  1.52856e+06  0.852597  0 
0.208301  0.326564  1.02744e+06  1.30625  0 
0.328688  0.231313  1.25136e+06  0.925252  0 
0.326108  0.231341  1.24656e+06  0.925366  0 
0.513075  0.211699  1.59432e+06  0.846795  0 
0.217591  0.313938  1.04472e+06  1.25575  0 
0.271914  0.241206  1.14576e+06  0.964824  0 
0.21643  0.314218  1.04256e+06  1.25687  0 
0.640946  0.20585  1.83216e+06  0.823401  0 
0.241462  0.256143  1.08912e+06  1.02457  0 
0.44572  0.217526  1.46904e+06  0.870106  0 
0.335914  0.229974  1.2648e+06  0.919898  0 
0.444688  0.217575  1.46712e+06  0.870301  0 
0.37243  0.222492  1.33272e+06  0.889968  0 
0.547011  0.209585  1.65744e+06  0.83834  0 
0.636301  0.205953  1.82352e+06  0.823812  0 
0.534237  0.209971  1.63368e+06  0.839883  0 
0.442237  0.217611  1.46256e+06  0.870445  0 
0.371914  0.222538  1.33176e+06  0.890152  0 
0.334108  0.230957  1.26144e+06  0.923827  0 
0.510753  0.212034  1.59e+06  0.848137  0 
0.508946  0.212038  1.58664e+06  0.84815  0 
0.302495  0.23788  1.20264e+06  0.95152  0 
0.313204  0.234549  1.22256e+06  0.938194  0 
0.395398  0.2206  1.37544e+06  0.882398  0 
0.586495  0.208047  1.73088e+06  0.832187  0 
0.234624  0.25643  1.0764e+06  1.02572  0 
0.217978  0.287714  1.04544e+06  1.15085  0 
0.21643  0.314218  1.04256e+06  1.25687  0 
0.220688  0.314308  1.05048e+06  1.25723  0 
0.272301  0.249588  1.14648e+06  0.998354  0 

0.16714  0.465919  950880  1.86368  0 
0.739269  0.202753  2.01504e+06  0.811014  0 
0.478624  0.210699  1.53024e+06  0.842798  0 
0.249075  0.242474  1.10328e+06  0.969897  0 
0.172559  0.365626  960960  1.4625  0 
0.202624  0.321451  1.01688e+06  1.28581  0 
0.207011  0.263147  1.02504e+06  1.05259  0 
0.439785  0.213067  1.458e+06  0.852268  0 
0.412559  0.216879  1.40736e+06  0.867517  0 
0.177978  0.336457  971040  1.34583  0 
0.383269  0.218614  1.35288e+06  0.874454  0 
0.361462  0.220861  1.31232e+06  0.883446  0 
0.336817  0.22351  1.26648e+06  0.894039  0 
0.321075  0.227021  1.2372e+06  0.908085  0 
0.226882  0.248255  1.062e+06  0.993021  0 
0.186495  0.321817  986880  1.28727  0 
0.303656  0.230028  1.2048e+06  0.920111  0 
0.293204  0.234094  1.18536e+06  0.936377  0 
0.708172  0.203558  1.9572e+06  0.814231  0 
0.694237  0.203571  1.93128e+06  0.814286  0 
0.668946  0.203635  1.88424e+06  0.814541  0 
0.660172  0.20408  1.86792e+06  0.816319  0 
0.283527  0.236299  1.16736e+06  0.945198  0 
0.640946  0.20468  1.83216e+06  0.81872  0 
0.628817  0.205214  1.8096e+06  0.820855  0 
0.585075  0.205877  1.72824e+06  0.823508  0 
0.578237  0.206281  1.71552e+06  0.825123  0 
0.272817  0.238269  1.14744e+06  0.953074  0 
0.547914  0.207002  1.65912e+06  0.82801  0 
0.434753  0.213294  1.44864e+06  0.853177  0 
0.245978  0.245149  1.09752e+06  0.980596  0 
0.238624  0.245343  1.08384e+06  0.98137  0 
0.269591  0.239697  1.14144e+06  0.958787  0 
0.258753  0.239754  1.12128e+06  0.959015  0 
0.317462  0.227308  1.23048e+06  0.90923  0 
0.356043  0.220875  1.30224e+06  0.883501  0 
0.313333  0.227538  1.2228e+06  0.910151  0 
0.539785  0.208502  1.644e+06  0.834006  0 
0.472301  0.211035  1.51848e+06  0.844141  0 
0.205075  0.3153  1.02144e+06  1.2612  0 
0.332172  0.225104  1.25784e+06  0.900417  0 
0.534624  0.208884  1.6344e+06  0.835535  0 
0.520688  0.208925  1.60848e+06  0.8357  0 
0.327914  0.225369  1.24992e+06  0.901476  0 
0.425333  0.21524  1.43112e+06  0.860962  0 
0.353462  0.221876  1.29744e+06  0.887506  0 
0.368946  0.219384  1.32624e+06  0.877536  0 
0.236559  0.246812  1.08e+06  0.987246  0 
0.220043  0.261724  1.04928e+06  1.0469  0 
0.46972  0.211676  1.51368e+06  0.846704  0 
0.410108  0.217398  1.4028e+06  0.869591  0 
0.279398  0.237221  1.15968e+06  0.948884  0 
0.424301  0.215609  1.4292e+06  0.862436  0 
0.292172  0.234308  1.18344e+06  0.93723  0 
0.312301  0.228885  1.22088e+06  0.915542  0 
0.513462  0.209696  1.59504e+06  0.838785  0 
0.418108  0.215911  1.41768e+06  0.863646  0 
0.462495  0.212146  1.50024e+06  0.848586  0 
0.326366  0.226143  1.24704e+06  0.904573  0 
0.509978  0.209845  1.58856e+06  0.839382  0 
0.390495  0.217768  1.36632e+06  0.871072  0 
0.364688  0.220022  1.31832e+06  0.880086  0 
0.50843  0.20998  1.58568e+06  0.83992  0 
0.351914  0.222809  1.29456e+06  0.891235  0 
0.321849  0.226359  1.23864e+06  0.905436  0 
0.176688  0.365014  968640  1.46006  0 
0.499785  0.210157  1.5696e+06  0.840629  0 
0.236043  0.246918  1.07904e+06  0.987672  0 
0.283011  0.236477  1.1664e+06  0.945908  0 
0.459914  0.212576  1.49544e+06  0.850306  0 
0.217978  0.262665  1.04544e+06  1.05066  0 
0.459011  0.212595  1.49376e+06  0.850381  0 
0.213333  0.262677  1.0368e+06  1.05071  0 
0.363914  0.220423  1.31688e+06  0.88169  0 
0.415011  0.216483  1.41192e+06  0.865932  0 
0.497075  0.21031  1.56456e+06  0.841242  0 
0.657204  0.204308  1.8624e+06  0.817231  0 
0.493978  0.210336  1.5588e+06  0.841342  0 
0.21243  0.262785  1.03512e+06  1.05114  0 
0.452172  0.212717  1.48104e+06  0.850866  0 
0.20972  0.262796  1.03008e+06  1.05119  0 
0.226624  0.256765  1.06152e+06  1.02706  0 
0.308688  0.229771  1.21416e+06  0.919085  0 
0.547656  0.208253  1.65864e+06  0.83301  0 
0.389978  0.218426  1.36536e+06  0.873705  0 
0.36843  0.21992  1.32528e+06  0.879678  0 
0.343398  0.223408  1.27872e+06  0.893634  0 
0.424817  0.215508  1.43016e+06  0.862032  0 
0.331011  0.225295  1.25568e+06  0.901182  0 
0.171269  0.465846  958560  1.86338  0 
0.28314  0.236426  1.16664e+06  0.945706  0 
0.172559  0.365626  960960  1.4625  0 
0.226882  0.248255  1.062e+06  0.993021  0 
0.245978  0.245149  1.09752e+06  0.980596  0 
0.245978  0.245149  1.09752e+06  0.980596  0 
0.245978  0.245149  1.09752e+06  0.980596  0 
0.327914  0.225369  1.24992e+06  0.901476  0 
0.487011  0.212812  1.54584e+06  0.851246  0 
0.307656  0.234483  1.21224e+06  0.937934  0 
0.321591  0.227351  1.23816e+06  0.909404  0 

0.157978  0.530956  933840  2.12383  0 
0.754366  0.201894  2.04312e+06  0.807575  0 
0.432043  0.213241  1.4436e+06  0.852964  0 
0.203011  0.263234  1.0176e+06  1.05294  0 
0.379527  0.217946  1.34592e+06  0.871786  0 
0.158366  0.4679  934560  1.8716  0 
0.335398  0.222455  1.26384e+06  0.889819  0 
0.297978  0.23067  1.19424e+06  0.922679  0 
0.170624  0.349122  957360  1.39649  0 
0.271269  0.237041  1.14456e+06  0.948165  0 
0.176301  0.32632  967920  1.30528  0 
0.248172  0.241447  1.1016e+06  0.965788  0 
0.229978  0.246813  1.06776e+06  0.987252  0 
0.735398  0.201965  2.00784e+06  0.807859  0 
0.684301  0.202373  1.9128e+06  0.809492  0 
0.666237  0.20315  1.8792e+06  0.812601  0 
0.652817  0.203806  1.85424e+06  0.815224  0 
0.643527  0.203992  1.83696e+06  0.81597  0 
0.217075  0.253988  1.04376e+06  1.01595  0 
0.193978  0.316792  1.0008e+06  1.26717  0 
0.630753  0.204301  1.8132e+06  0.817203  0 
0.62043  0.204698  1.794e+06  0.818793  0 
0.60843  0.205492  1.77168e+06  0.821967  0 
0.600817  0.205699  1.75752e+06  0.822797  0 
0.568043  0.205824  1.69656e+06  0.823297  0 
0.326753  0.223457  1.24776e+06  0.89383  0 
0.541075  0.206347  1.6464e+06  0.825387  0 
0.164043  0.452309  945120  1.80924  0 
0.533849  0.206847  1.63296e+06  0.82739  0 
0.527656  0.207172  1.62144e+06  0.828687  0 
0.520817  0.207322  1.60872e+06  0.829289  0 
0.28972  0.231396  1.17888e+06  0.925585  0 
0.320043  0.225089  1.23528e+06  0.900357  0 
0.514624  0.207671  1.5972e+06  0.830684  0 
0.18843  0.319617  990480  1.27847  0 
0.509978  0.208342  1.58856e+06  0.833367  0 
0.267011  0.237256  1.13664e+06  0.949025  0 
0.312301  0.226496  1.22088e+06  0.905986  0 
0.503011  0.209087  1.5756e+06  0.836348  0 
0.22572  0.249923  1.05984e+06  0.999694  0 
0.427914  0.213971  1.43592e+06  0.855884  0 
0.492172  0.209431  1.55544e+06  0.837723  0 
0.184688  0.32151  983520  1.28604  0 
0.280946  0.233429  1.16256e+06  0.933718  0 
0.244688  0.242039  1.09512e+06  0.968157  0 
0.213591  0.258026  1.03728e+06  1.0321  0 
0.369849  0.219102  1.32792e+06  0.876408  0 
0.239914  0.24351  1.08624e+06  0.974041  0 
0.485075  0.210025  1.54224e+06  0.840101  0 
0.358237  0.219256  1.30632e+06  0.877025  0 
0.421204  0.214863  1.42344e+06  0.85945  0 
0.263785  0.238404  1.13064e+06  0.953618  0 
0.408172  0.21506  1.3992e+06  0.86024  0 
0.25914  0.238569  1.122e+06  0.954274  0 
0.161075  0.465063  939600  1.86025  0 
0.404688  0.215202  1.39272e+06  0.860809  0 
0.308301  0.22808  1.21344e+06  0.912322  0 
0.472172  0.210797  1.51824e+06  0.843186  0 
0.276172  0.234611  1.15368e+06  0.938444  0 
0.167269  0.449961  951120  1.79984  0 
0.466495  0.210911  1.50768e+06  0.843644  0 
0.30314  0.228906  1.20384e+06  0.915623  0 
0.34843  0.220737  1.28808e+06  0.88295  0 
0.390753  0.216261  1.3668e+06  0.865045  0 
0.183011  0.324483  980400  1.29793  0 
0.226882  0.248255  1.062e+06  0.993021  0 
0.341591  0.220834  1.27536e+06  0.883336  0 
0.339269  0.220845  1.27104e+06  0.883378  0 
0.463914  0.211682  1.50288e+06  0.846729  0 
0.46043  0.211748  1.4964e+06  0.846993  0 
0.256043  0.24005  1.11624e+06  0.9602  0 
0.454753  0.211855  1.48584e+06  0.847418  0 
0.252946  0.24014  1.11048e+06  0.960559  0 
0.238624  0.244085  1.08384e+06  0.976341  0 
0.441591  0.212098  1.46136e+06  0.84839  0 
0.324172  0.223969  1.24296e+06  0.895877  0 
0.286366  0.232511  1.17264e+06  0.930042  0 
0.24972  0.240601  1.10448e+06  0.962402  0 
0.183398  0.323639  981120  1.29456  0 
0.329978  0.222636  1.25376e+06  0.890545  0 
0.212817  0.262009  1.03584e+06  1.04804  0 
0.403269  0.215653  1.39008e+06  0.86261  0 
0.273462  0.23647  1.14864e+06  0.945881  0 
0.61372  0.204954  1.78152e+06  0.819816  0 
0.239398  0.243539  1.08528e+06  0.974156  0 
0.238108  0.246222  1.08288e+06  0.984889  0 
0.316946  0.226069  1.22952e+06  0.904275  0 
0.664688  0.203378  1.87632e+06  0.813514  0 
0.661591  0.203453  1.87056e+06  0.813814  0 
0.206624  0.262891  1.02432e+06  1.05157  0 
0.520301  0.207351  1.60776e+06  0.829405  0 
0.728688  0.202063  1.99536e+06  0.808254  0 
0.258753  0.239754  1.12128e+06  0.959015  0 
0.630237  0.204412  1.81224e+06  0.817648  0 
0.202753  0.314751  1.01712e+06  1.25901  0 
0.266495  0.238157  1.13568e+06  0.952628  0 
0.676043  0.202906  1.89744e+06  0.811625  0 
0.25243  0.240357  1.10952e+06  0.961426  0 
0.174108  0.348905  963840  1.39562  0 
0.420172  0.21489  1.42152e+06  0.859561  0 

0.157978  0.530956  933840  2.12383  0 
0.754366  0.201894  2.04312e+06  0.807575  0 
0.432043  0.213241  1.4436e+06  0.852964  0 
0.203011  0.263234  1.0176e+06  1.05294  0 
0.379527  0.217946  1.34592e+06  0.871786  0 
0.158366  0.4679  934560  1.8716  0 
0.335398  0.222455  1.26384e+06  0.889819  0 
0.297978  0.23067  1.19424e+06  0.922679  0 
0.170624  0.349122  957360  1.39649  0 
0.271269  0.237041  1.14456e+06  0.948165  0 
0.176301  0.32632  967920  1.30528  0 
0.248172  0.241447  1.1016e+06  0.965788  0 
0.229978  0.246813  1.06776e+06  0.987252  0 
0.735398  0.201965  2.00784e+06  0.807859  0 
0.684301  0.202373  1.9128e+06  0.809492  0 
0.666237  0.20315  1.8792e+06  0.812601  0 
0.652817  0.203806  1.85424e+06  0.815224  0 
0.643527  0.203992  1.83696e+06  0.81597  0 
0.217075  0.253988  1.04376e+06  1.01595  0 
0.193978  0.316792  1.0008e+06  1.26717  0 
0.630753  0.204301  1.8132e+06  0.817203  0 
0.62043  0.204698  1.794e+06  0.818793  0 
0.60843  0.205492  1.77168e+06  0.821967  0 
0.600817  0.205699  1.75752e+06  0.822797  0 
0.568043  0.205824  1.69656e+06  0.823297  0 
0.326753  0.223457  1.24776e+06  0.89383  0 
0.541075  0.206347  1.6464e+06  0.825387  0 
0.164043  0.452309  945120  1.80924  0 
0.533849  0.206847  1.63296e+06  0.82739  0 
0.527656  0.207172  1.62144e+06  0.828687  0 
0.520817  0.207322  1.60872e+06  0.829289  0 
0.28972  0.231396  1.17888e+06  0.925585  0 
0.320043  0.225089  1.23528e+06  0.900357  0 
0.514624  0.207671  1.5972e+06  0.830684  0 
0.18843  0.319617  990480  1.27847  0 
0.509978  0.208342  1.58856e+06  0.833367  0 
0.267011  0.237256  1.13664e+06  0.949025  0 
0.312301  0.226496  1.22088e+06  0.905986  0 
0.503011  0.209087  1.5756e+06  0.836348  0 
0.22572  0.249923  1.05984e+06  0.999694  0 
0.427914  0.213971  1.43592e+06  0.855884  0 
0.492172  0.209431  1.55544e+06  0.837723  0 
0.184688  0.32151  983520  1.28604  0 
0.373849  0.218728  1.33536e+06  0.87491  0 
0.280946  0.233429  1.16256e+06  0.933718  0 
0.244688  0.242039  1.09512e+06  0.968157  0 
0.213591  0.258026  1.03728e+06  1.0321  0 
0.369849  0.219102  1.32792e+06  0.876408  0 
0.239914  0.24351  1.08624e+06  0.974041  0 
0.485075  0.210025  1.54224e+06  0.840101  0 
0.358237  0.219256  1.30632e+06  0.877025  0 
0.421204  0.214863  1.42344e+06  0.85945  0 
0.263785  0.238404  1.13064e+06  0.953618  0 
0.408172  0.21506  1.3992e+06  0.86024  0 
0.25914  0.238569  1.122e+06  0.954274  0 
0.161075  0.465063  939600  1.86025  0 
0.404688  0.215202  1.39272e+06  0.860809  0 
0.308301  0.22808  1.21344e+06  0.912322  0 
0.472172  0.210797  1.51824e+06  0.843186  0 
0.276172  0.234611  1.15368e+06  0.938444  0 
0.167269  0.449961  951120  1.79984  0 
0.466495  0.210911  1.50768e+06  0.843644  0 
0.30314  0.228906  1.20384e+06  0.915623  0 
0.34843  0.220737  1.28808e+06  0.88295  0 
0.390753  0.216261  1.3668e+06  0.865045  0 
0.183011  0.324483  980400  1.29793  0 
0.226882  0.248255  1.062e+06  0.993021  0 
0.341591  0.220834  1.27536e+06  0.883336  0 
0.339269  0.220845  1.27104e+06  0.883378  0 
0.463914  0.211682  1.50288e+06  0.846729  0 
0.46043  0.211748  1.4964e+06  0.846993  0 
0.256043  0.24005  1.11624e+06  0.9602  0 
0.454753  0.211855  1.48584e+06  0.847418  0 
0.252946  0.24014  1.11048e+06  0.960559  0 
0.238624  0.244085  1.08384e+06  0.976341  0 
0.441591  0.212098  1.46136e+06  0.84839  0 
0.324172  0.223969  1.24296e+06  0.895877  0 
0.286366  0.232511  1.17264e+06  0.930042  0 
0.24972  0.240601  1.10448e+06  0.962402  0 
0.183398  0.323639  981120  1.29456  0 
0.329978  0.222636  1.25376e+06  0.890545  0 
0.212817  0.262009  1.03584e+06  1.04804  0 
0.403269  0.215653  1.39008e+06  0.86261  0 
0.273462  0.23647  1.14864e+06  0.945881  0 
0.61372  0.204954  1.78152e+06  0.819816  0 
0.238108  0.246222  1.08288e+06  0.984889  0 
0.239398  0.243539  1.08528e+06  0.974156  0 
0.316946  0.226069  1.22952e+06  0.904275  0 
0.664688  0.203378  1.87632e+06  0.813514  0 
0.661591  0.203453  1.87056e+06  0.813814  0 
0.206624  0.262891  1.02432e+06  1.05157  0 
0.520301  0.207351  1.60776e+06  0.829405  0 
0.728688  0.202063  1.99536e+06  0.808254  0 
0.258753  0.239754  1.12128e+06  0.959015  0 
0.630237  0.204412  1.81224e+06  0.817648  0 
0.202753  0.314751  1.01712e+06  1.25901  0 
0.266495  0.238157  1.13568e+06  0.952628  0 
0.676043  0.202906  1.89744e+06  0.811625  0 
0.25243  0.240357  1.10952e+06  0.961426  0 
0.174108  0.348905  963840  1.39562  0 

