27.2382  1.23148e+07  5.1303e+07  4.92594e+07  0 
30.2276  1.3775e+07  5.68633e+07  5.51e+07  0 
30.1316  1.36728e+07  5.66847e+07  5.4691e+07  0 
26.8792  1.22253e+07  5.06354e+07  4.89012e+07  0 
28.3926  1.2835e+07  5.34502e+07  5.13399e+07  0 
24.7763  1.11489e+07  4.67239e+07  4.45956e+07  0 
32.2386  1.4635e+07  6.06038e+07  5.85401e+07  0 
28.9047  1.31018e+07  5.44027e+07  5.24071e+07  0 
32.6047  1.4817e+07  6.12848e+07  5.92678e+07  0 
8.30835e+07  3.86338e+13  1.54535e+14  1.54535e+14  0 
28.9386  1.31066e+07  5.44657e+07  5.24265e+07  0 
2.89646e+07  1.34686e+13  5.38742e+13  5.38742e+13  0 
5.34838e+07  2.487e+13  9.94799e+13  9.94799e+13  0 
26.9179  1.22135e+07  5.07072e+07  4.88539e+07  0 
26.8371  1.2217e+07  5.0557e+07  4.88681e+07  0 
9.03011e+07  4.199e+13  1.6796e+14  1.6796e+14  0 
30.5585  1.38641e+07  5.74788e+07  5.54566e+07  0 
6.34769e+06  2.95167e+12  1.18067e+13  1.18067e+13  0 
27.867  1.26552e+07  5.24727e+07  5.06208e+07  0 
24.9392  1.12363e+07  4.70268e+07  4.49451e+07  0 
44.0015  2.01214e+07  8.24828e+07  8.04857e+07  0 
26.207  1.18245e+07  4.9385e+07  4.72982e+07  0 
5.67745e+07  2.64001e+13  1.05601e+14  1.05601e+14  0 
29.8172  1.35155e+07  5.61e+07  5.40619e+07  0 
16.9104  7.50258e+06  3.20933e+07  3.00103e+07  0 
22.4627  1.00893e+07  4.24207e+07  4.03572e+07  0 
27.0132  1.22537e+07  5.08846e+07  4.90148e+07  0 
26.8735  1.21449e+07  5.06247e+07  4.85796e+07  0 
57.0672  2.61939e+07  1.06785e+08  1.04776e+08  0 
22.1955  1.00415e+07  4.19236e+07  4.0166e+07  0 
46.6182  2.13445e+07  8.73498e+07  8.5378e+07  0 
1.04438e+10  4.85638e+15  1.94255e+16  1.94255e+16  0 
25.5265  1.15637e+07  4.81193e+07  4.62547e+07  0 
13.7151  6.04919e+06  2.61501e+07  2.41967e+07  0 
24.8569  1.12431e+07  4.68738e+07  4.49725e+07  0 
23.2179  1.0431e+07  4.38252e+07  4.17238e+07  0 
42.4818  1.9423e+07  7.96562e+07  7.76921e+07  0 
25.7889  1.16648e+07  4.86074e+07  4.66591e+07  0 
29.5311  1.33957e+07  5.55678e+07  5.35828e+07  0 
21.7065  9.74743e+06  4.10141e+07  3.89897e+07  0 
22.4929  1.01677e+07  4.24767e+07  4.06707e+07  0 
32.9138  1.49979e+07  6.18596e+07  5.99914e+07  0 
35.8804  1.63387e+07  6.73775e+07  6.53547e+07  0 
32.4441  1.47572e+07  6.09859e+07  5.90287e+07  0 
20.434  9.18993e+06  3.86473e+07  3.67597e+07  0 
476431  2.2154e+11  8.86162e+11  8.8616e+11  0 
27.2713  1.23395e+07  5.13646e+07  4.9358e+07  0 
25.9704  1.17126e+07  4.8945e+07  4.68503e+07  0 
1.40581e+07  6.53703e+12  2.61481e+13  2.61481e+13  0 
24.3731  1.10285e+07  4.5974e+07  4.4114e+07  0 
31.0798  1.41136e+07  5.84484e+07  5.64545e+07  0 
5.22534e+07  2.42978e+13  9.71913e+13  9.71913e+13  0 
23.4955  1.05845e+07  4.43416e+07  4.23381e+07  0 
9.00296e+07  4.18638e+13  1.67455e+14  1.67455e+14  0 
26.5621  1.20418e+07  5.00456e+07  4.81671e+07  0 
37.9557  1.7294e+07  7.12375e+07  6.91759e+07  0 
23.3234  1.04884e+07  4.40215e+07  4.19536e+07  0 
6.78271e+07  3.15396e+13  1.26158e+14  1.26158e+14  0 
25.3321  1.1466e+07  4.77577e+07  4.58641e+07  0 
36.8292  1.68258e+07  6.91424e+07  6.73033e+07  0 
25.1469  1.13704e+07  4.74132e+07  4.54814e+07  0 
2.36589e+07  1.10014e+13  4.40055e+13  4.40055e+13  0 
13.0768  5.70733e+06  2.49629e+07  2.28293e+07  0 
25.4172  1.14665e+07  4.79159e+07  4.58661e+07  0 
32.6229  1.48334e+07  6.13186e+07  5.93335e+07  0 
26.1484  1.1809e+07  4.92759e+07  4.72359e+07  0 
24.769  1.11721e+07  4.67104e+07  4.46884e+07  0 
22.9562  1.0357e+07  4.33385e+07  4.14278e+07  0 
44.4062  2.03274e+07  8.32354e+07  8.13095e+07  0 
1.38417e+07  6.43641e+12  2.57456e+13  2.57456e+13  0 
32.3842  1.47374e+07  6.08745e+07  5.89497e+07  0 
15.1008  6.66576e+06  2.87275e+07  2.6663e+07  0 
45.5844  2.08298e+07  8.54271e+07  8.33191e+07  0 
22.5978  1.01714e+07  4.26719e+07  4.06854e+07  0 
26.9141  1.21977e+07  5.07003e+07  4.87908e+07  0 
43.0025  1.97532e+07  8.06246e+07  7.9013e+07  0 
7.13098e+06  3.3159e+12  1.32636e+13  1.32636e+13  0 
27.583  1.24614e+07  5.19444e+07  4.98456e+07  0 
27.057  1.22318e+07  5.09661e+07  4.8927e+07  0 
26.2327  1.18722e+07  4.94329e+07  4.74889e+07  0 
53.3671  2.44833e+07  9.99027e+07  9.7933e+07  0 
34.797  1.58557e+07  6.53625e+07  6.34228e+07  0 
6.10956e+07  2.84094e+13  1.13638e+14  1.13638e+14  0 
24.7087  1.11735e+07  4.65981e+07  4.4694e+07  0 
4.94405e+07  2.29898e+13  9.19594e+13  9.19594e+13  0 
11.8953  5.20316e+06  2.27653e+07  2.08126e+07  0 
25.8737  1.16722e+07  4.87651e+07  4.66886e+07  0 
30.8276  1.40194e+07  5.79793e+07  5.60777e+07  0 
36.5984  1.66196e+07  6.87131e+07  6.64782e+07  0 
23.8961  1.07441e+07  4.50868e+07  4.29762e+07  0 
38.138  1.74254e+07  7.15766e+07  6.97018e+07  0 
37.9642  1.73222e+07  7.12534e+07  6.92887e+07  0 
5.8328e+07  2.71225e+13  1.0849e+14  1.0849e+14  0 
37.1243  1.69359e+07  6.96913e+07  6.77437e+07  0 
27.0195  1.22192e+07  5.08962e+07  4.88768e+07  0 
28.8899  1.30464e+07  5.43753e+07  5.21858e+07  0 
22.7755  1.02196e+07  4.30025e+07  4.08785e+07  0 
25.8915  1.1719e+07  4.87982e+07  4.68761e+07  0 
42.9128  1.96182e+07  8.04577e+07  7.84729e+07  0 
38.6177  1.76323e+07  7.24689e+07  7.05293e+07  0 

0.373333  0.345878  1.3344e+06  1.38351  0 
0.697462  0.283614  1.93728e+06  1.13445  0 
0.807269  0.330975  2.14152e+06  1.3239  1 
0.924805  56094.8  2.36014e+06  224379  2 
1.62441  350631  3.6614e+06  1.40252e+06  3 
3.36668  1.22799e+06  6.90203e+06  4.91195e+06  4 
7.13031  2.935e+06  1.39024e+07  1.174e+07  16 
8.88662  3.76872e+06  1.71691e+07  1.50749e+07  22 
9.75867  4.17782e+06  1.87911e+07  1.67113e+07  28 
9.90556  4.23209e+06  1.90643e+07  1.69283e+07  29 
10.0431  4.28646e+06  1.93203e+07  1.71459e+07  30 
11.42  4.88387e+06  2.18812e+07  1.95355e+07  23 
14.3822  6.36197e+06  2.73909e+07  2.54479e+07  12 
22.0647  9.94986e+06  4.16803e+07  3.97994e+07  69 
25.2609  1.13708e+07  4.76252e+07  4.54832e+07  17 
29.5596  1.33572e+07  5.56209e+07  5.3429e+07  50 
12.3976  5.45604e+06  2.36995e+07  2.18242e+07  34 
13.549  5.93381e+06  2.58412e+07  2.37352e+07  51 
6.98864  2.8888e+06  1.36389e+07  1.15552e+07  15 
11.5421  4.99142e+06  2.21084e+07  1.99657e+07  41 
12.5802  5.5371e+06  2.40391e+07  2.21484e+07  33 
9.37281  3.98724e+06  1.80734e+07  1.5949e+07  26 
29.445  1.33737e+07  5.54077e+07  5.34949e+07  84 
26.1883  1.18121e+07  4.93502e+07  4.72483e+07  21 
9.9559  4.30715e+06  1.9158e+07  1.72286e+07  30 
11.7258  5.04452e+06  2.24499e+07  2.01781e+07  42 
7.40578  3.07647e+06  1.44148e+07  1.23059e+07  12 
24.8052  1.1168e+07  4.67776e+07  4.46721e+07  20 
10.1965  4.36845e+06  1.96055e+07  1.74738e+07  33 
11.9043  5.15958e+06  2.2782e+07  2.06383e+07  44 
12.1064  5.23023e+06  2.3158e+07  2.09209e+07  46 
16.094  7.09399e+06  3.05749e+07  2.8376e+07  56 
21.9774  9.85767e+06  4.1518e+07  3.94307e+07  20 
5.27803  2.1026e+06  1.04571e+07  8.41042e+06  10 
27.266  1.23424e+07  5.13548e+07  4.93697e+07  78 
11.8325  5.1214e+06  2.26485e+07  2.04856e+07  43 
8.47729  3.60904e+06  1.64078e+07  1.44362e+07  21 
24.6239  1.11092e+07  4.64404e+07  4.44366e+07  53 
8.74352  3.6993e+06  1.69029e+07  1.47972e+07  23 
26.286  1.18888e+07  4.95319e+07  4.75553e+07  6 
12.125  5.29525e+06  2.31924e+07  2.1181e+07  47 
10.1797  4.33551e+06  1.95743e+07  1.73421e+07  32 
26.9595  1.22047e+07  5.07847e+07  4.88188e+07  77 
4.38022  1.66052e+06  8.78721e+06  6.64209e+06  6 
6.03877  2.42197e+06  1.18721e+07  9.68787e+06  12 
11.3313  4.89777e+06  2.17163e+07  1.95911e+07  40 
10.0254  4.32191e+06  1.92873e+07  1.72877e+07  31 
24.9726  1.12992e+07  4.70891e+07  4.51967e+07  76 
9.49069  4.07307e+06  1.82927e+07  1.62923e+07  27 
22.7019  1.02304e+07  4.28656e+07  4.09216e+07  66 
10.1329  4.38527e+06  1.94872e+07  1.75411e+07  48 
7.59971  3.12291e+06  1.47755e+07  1.24916e+07  25 
13.07  5.74299e+06  2.49503e+07  2.29719e+07  70 
8.0809  3.36244e+06  1.56705e+07  1.34498e+07  19 
16.1832  7.22356e+06  3.07408e+07  2.88942e+07  57 
9.77227  4.16806e+06  1.88164e+07  1.66723e+07  28 
7.61098  3.11003e+06  1.47964e+07  1.24401e+07  17 
10.0502  4.32179e+06  1.93334e+07  1.72872e+07  31 
7.94877  3.33094e+06  1.54247e+07  1.33238e+07  18 
10.474  4.54478e+06  2.01217e+07  1.81791e+07  36 
10.2548  4.41259e+06  1.97139e+07  1.76504e+07  34 
9.272  3.94954e+06  1.78859e+07  1.57982e+07  24 
22.1869  9.9338e+06  4.19077e+07  3.97352e+07  65 
24.3698  1.09606e+07  4.59678e+07  4.38423e+07  27 
11.0725  4.80911e+06  2.12349e+07  1.92364e+07  38 
11.9708  5.17569e+06  2.29057e+07  2.07028e+07  10 
7.32875  3.01143e+06  1.42715e+07  1.20457e+07  4 
10.5277  4.50692e+06  2.02215e+07  1.80277e+07  36 
6.61139  2.67167e+06  1.29372e+07  1.06867e+07  14 
8.29998  3.47763e+06  1.6078e+07  1.39105e+07  20 
21.8558  9.79911e+06  4.12919e+07  3.91964e+07  29 
9.30317  3.99506e+06  1.79439e+07  1.59802e+07  34 
15.8071  7.01579e+06  3.00412e+07  2.80632e+07  80 
22.0359  9.8737e+06  4.16267e+07  3.94948e+07  53 
14.1575  6.24343e+06  2.69729e+07  2.49737e+07  49 
24.8939  1.12831e+07  4.69426e+07  4.51323e+07  73 
6.76376  2.74229e+06  1.32206e+07  1.09692e+07  13 
4.43648  1.69076e+06  8.89185e+06  6.76305e+06  7 
12.7012  5.5141e+06  2.42642e+07  2.20564e+07  16 
10.8007  4.66638e+06  2.07293e+07  1.86655e+07  37 
25.1589  1.13567e+07  4.74355e+07  4.54269e+07  12 
4.67487  1.81223e+06  9.33526e+06  7.24894e+06  8 
11.7757  5.05749e+06  2.25428e+07  2.023e+07  45 
5.57787  2.18989e+06  1.10148e+07  8.75956e+06  11 
11.1811  4.84199e+06  2.14368e+07  1.9368e+07  39 
12.2437  5.31939e+06  2.34133e+07  2.12775e+07  49 
14.5817  6.37967e+06  2.77619e+07  2.55187e+07  63 
21.071  9.48084e+06  3.98321e+07  3.79234e+07  21 
22.9524  1.03273e+07  4.33315e+07  4.1309e+07  20 
5.02457  1.95217e+06  9.98571e+06  7.80867e+06  9 
12.5347  5.48378e+06  2.39545e+07  2.19351e+07  71 
26.4333  1.19254e+07  4.98059e+07  4.77018e+07  75 
11.5852  5.05134e+06  2.21885e+07  2.02054e+07  42 
3.56012  1.26256e+06  7.26183e+06  5.05023e+06  5 
10.2774  4.40189e+06  1.9756e+07  1.76076e+07  35 
6.39952  2.59272e+06  1.25431e+07  1.03709e+07  13 
24.2762  1.09252e+07  4.57937e+07  4.37006e+07  68 
9.74388  4.20448e+06  1.87636e+07  1.68179e+07  28 
9.68969  4.11623e+06  1.86628e+07  1.64649e+07  35 
9.95051  4.22497e+06  1.9148e+07  1.68999e+07  12 

0.233075  0.434489  1.07352e+06  1.73796  0 
0.894237  0.215104  2.30328e+06  0.860416  0 
0.677204  0.254091  1.8996e+06  1.01636  0 
0.555011  0.322167  1.67232e+06  1.28867  0 
0.492301  0.36854  1.55568e+06  1.47416  0 
0.49914  0.357639  1.5684e+06  1.43056  0 
0.711785  0.292069  1.96392e+06  1.16827  1 
0.749333  0.277129  2.03376e+06  1.10852  1 
0.625849  0.341948  1.80408e+06  1.36779  1 
0.732043  0.328392  2.0016e+06  1.31357  2 
0.665333  0.405846  1.87752e+06  1.62338  2 
0.723269  0.384574  1.98528e+06  1.5383  2 
1.06983  121730  2.62988e+06  486919  3 
1.17208  160458  2.82007e+06  641830  4 
1.25668  204058  2.97743e+06  816232  5 
1.37409  248392  3.19581e+06  993567  6 
1.70758  355523  3.81609e+06  1.42209e+06  7 
2.59716  864699  5.47072e+06  3.4588e+06  9 
2.64034  823456  5.55102e+06  3.29383e+06  9 
2.71897  868242  5.69729e+06  3.47297e+06  10 
2.80788  918583  5.86265e+06  3.67433e+06  11 
2.91917  997576  6.06966e+06  3.9903e+06  12 
3.37786  1.14955e+06  6.92283e+06  4.59819e+06  13 
3.28649  1.18428e+06  6.75288e+06  4.73712e+06  13 
3.37427  1.1924e+06  6.91615e+06  4.76959e+06  14 
3.41243  1.17462e+06  6.98711e+06  4.69847e+06  14 
3.4402  1.23469e+06  7.03877e+06  4.93878e+06  15 
3.82857  1.41547e+06  7.76114e+06  5.66186e+06  16 
3.84266  1.445e+06  7.78736e+06  5.78e+06  17 
3.97192  1.46988e+06  8.02777e+06  5.87954e+06  18 
4.07818  1.51083e+06  8.22541e+06  6.04333e+06  19 
4.05811  1.5327e+06  8.18808e+06  6.1308e+06  19 
4.22749  1.56628e+06  8.50313e+06  6.26514e+06  20 
4.24033  1.57904e+06  8.52702e+06  6.31614e+06  21 
4.49485  1.69391e+06  9.00043e+06  6.77563e+06  22 
4.52749  1.74514e+06  9.06113e+06  6.98058e+06  23 
4.83309  1.88137e+06  9.62955e+06  7.52547e+06  24 
4.84997  1.87428e+06  9.66095e+06  7.49711e+06  24 
5.6234  2.20836e+06  1.10995e+07  8.83345e+06  26 
5.49658  2.21371e+06  1.08636e+07  8.85483e+06  26 
5.78396  2.30264e+06  1.13982e+07  9.21057e+06  28 
5.6935  2.32388e+06  1.12299e+07  9.29551e+06  27 
5.97561  2.37652e+06  1.17546e+07  9.50607e+06  29 
6.25865  2.59969e+06  1.22811e+07  1.03988e+07  30 
6.52633  2.67437e+06  1.2779e+07  1.06975e+07  31 
6.72088  2.75691e+06  1.31408e+07  1.10276e+07  33 
6.753  2.74082e+06  1.32006e+07  1.09633e+07  32 
6.89238  2.81602e+06  1.34598e+07  1.12641e+07  34 
7.09639  2.90824e+06  1.38393e+07  1.1633e+07  35 
7.49746  3.05772e+06  1.45853e+07  1.22309e+07  36 
7.79804  3.22443e+06  1.51444e+07  1.28977e+07  37 
8.56585  3.63366e+06  1.65725e+07  1.45346e+07  40 
9.73709  4.16221e+06  1.8751e+07  1.66488e+07  43 
10.3566  4.42026e+06  1.99032e+07  1.76811e+07  45 
10.5142  4.46859e+06  2.01964e+07  1.78744e+07  46 
10.4703  4.53014e+06  2.01147e+07  1.81206e+07  46 
10.5385  4.53203e+06  2.02416e+07  1.81281e+07  47 
10.9166  4.73936e+06  2.09449e+07  1.89574e+07  50 
11.5271  4.9716e+06  2.20805e+07  1.98864e+07  52 
11.4371  4.99173e+06  2.19131e+07  1.99669e+07  52 
11.5714  5.06303e+06  2.21627e+07  2.02521e+07  53 
11.6059  5.04833e+06  2.22271e+07  2.01933e+07  53 
11.8058  5.08025e+06  2.25988e+07  2.0321e+07  54 
11.901  5.16187e+06  2.27758e+07  2.06475e+07  55 
13.7999  6.11298e+06  2.63079e+07  2.44519e+07  60 
16.4218  7.25141e+06  3.11846e+07  2.90057e+07  61 
17.1819  7.58779e+06  3.25983e+07  3.03512e+07  62 
19.8827  8.84554e+06  3.76218e+07  3.53822e+07  64 
21.4012  9.60937e+06  4.04463e+07  3.84375e+07  65 
21.838  9.81243e+06  4.12588e+07  3.92497e+07  67 
21.9455  9.83772e+06  4.14586e+07  3.93509e+07  68 
21.9555  9.93405e+06  4.14771e+07  3.97362e+07  69 
22.5491  1.01185e+07  4.25813e+07  4.04738e+07  71 
24.7412  1.11286e+07  4.66586e+07  4.45144e+07  73 
27.5391  1.24566e+07  5.18627e+07  4.98265e+07  74 
57.7689  2.6473e+07  1.0809e+08  1.05892e+08  76 
6.62253  2.74262e+06  1.29579e+07  1.09705e+07  32 
31.9411  1.45049e+07  6.00505e+07  5.80194e+07  75 
2.28859  665716  4.89678e+06  2.66286e+06  8 
10.7366  4.66212e+06  2.061e+07  1.86485e+07  48 
24.9939  1.13621e+07  4.71286e+07  4.54484e+07  74 
12.1939  5.28668e+06  2.33206e+07  2.11467e+07  58 
24.5154  1.10298e+07  4.62387e+07  4.41193e+07  72 
11.9097  5.16466e+06  2.2792e+07  2.06586e+07  56 
5.34106  2.10347e+06  1.05744e+07  8.41389e+06  25 
25.8546  1.16819e+07  4.87295e+07  4.67277e+07  73 
8.91997  3.77667e+06  1.72311e+07  1.51067e+07  42 
11.3155  4.8781e+06  2.16868e+07  1.95124e+07  51 
10.8097  4.68402e+06  2.07461e+07  1.87361e+07  49 
5.71174  2.24902e+06  1.12638e+07  8.99608e+06  27 
12.0783  5.25932e+06  2.31056e+07  2.10373e+07  57 
17.7425  7.87021e+06  3.36411e+07  3.14808e+07  63 
21.7549  9.75027e+06  4.11042e+07  3.90011e+07  66 
8.40828  3.56453e+06  1.62794e+07  1.42581e+07  39 
13.6221  5.97102e+06  2.59771e+07  2.38841e+07  59 
25.1955  1.13274e+07  4.75037e+07  4.53096e+07  74 
8.6785  3.68346e+06  1.6782e+07  1.47339e+07  41 
22.1696  9.94493e+06  4.18754e+07  3.97797e+07  70 
9.892  4.24306e+06  1.90391e+07  1.69722e+07  44 
8.07606  3.36649e+06  1.56615e+07  1.3466e+07  38 

0.225591  0.436434  1.0596e+06  1.74574  0 
0.89772  0.210929  2.30976e+06  0.843718  0 
0.668043  0.237814  1.88256e+06  0.951257  0 
0.490753  0.265211  1.5528e+06  1.06084  0 
0.38714  0.328573  1.36008e+06  1.31429  0 
0.436688  0.29824  1.45224e+06  1.19296  0 
0.624172  0.24657  1.80096e+06  0.98628  0 
0.587914  0.252986  1.73352e+06  1.01194  0 
0.548688  0.258315  1.66056e+06  1.03326  0 
0.38314  0.414782  1.35264e+06  1.65913  0 
0.434237  0.326743  1.44768e+06  1.30697  0 
0.525591  0.312434  1.6176e+06  1.24974  1 
0.623656  0.282728  1.8e+06  1.13091  1 
0.431656  0.411823  1.44288e+06  1.64729  1 
0.480172  0.335618  1.53312e+06  1.34247  1 
0.428172  0.424929  1.4364e+06  1.69971  1 
0.462366  0.397414  1.5e+06  1.58966  1 
0.460301  0.411721  1.49616e+06  1.64688  1 
0.605978  0.310445  1.76712e+06  1.24178  1 
0.586237  0.320428  1.7304e+06  1.28171  2 
0.52714  0.327955  1.62048e+06  1.31182  2 
0.640301  0.285934  1.83096e+06  1.14373  2 
0.517075  0.358731  1.60176e+06  1.43492  2 
0.482108  0.360116  1.53672e+06  1.44046  2 
0.434237  0.424317  1.44768e+06  1.69727  2 
0.784559  0.29883  2.09928e+06  1.19532  3 
0.729333  0.302921  1.99656e+06  1.21169  3 
0.527269  0.35216  1.62072e+06  1.40864  3 
0.649204  0.303565  1.84752e+06  1.21426  3 
0.554237  0.342998  1.67088e+06  1.37199  3 
0.497075  0.376064  1.56456e+06  1.50426  3 
0.644043  0.335841  1.83792e+06  1.34336  3 
0.517075  0.407005  1.60176e+06  1.62802  4 
0.701075  0.311836  1.944e+06  1.24734  4 
0.661462  0.314369  1.87032e+06  1.25748  4 
0.591398  0.378317  1.74e+06  1.51327  4 
0.508688  0.442258  1.58616e+06  1.76903  4 
0.633462  0.351529  1.81824e+06  1.40612  4 
0.552688  0.432902  1.668e+06  1.73161  5 
0.673462  0.353991  1.89264e+06  1.41596  5 
0.848172  0.333656  2.2176e+06  1.33463  5 
0.566366  0.413488  1.69344e+06  1.65395  5 
0.653204  0.376369  1.85496e+06  1.50547  5 
0.60172  0.383863  1.7592e+06  1.53545  5 
0.541333  0.550207  1.64688e+06  2.20083  5 
0.614882  0.433574  1.78368e+06  1.73429  6 
0.64043  0.400081  1.8312e+06  1.60032  6 
0.658624  0.388899  1.86504e+06  1.5556  6 
0.634495  0.453774  1.82016e+06  1.81509  7 
0.683398  0.440522  1.91112e+06  1.76209  7 
0.685204  0.42495  1.91448e+06  1.6998  7 
0.675914  0.476968  1.8972e+06  1.90787  8 
0.661172  10545.2  1.86978e+06  42181  8 
0.790957  32915.3  2.11118e+06  131661  9 
0.998745  68036.7  2.49767e+06  272147  10 
0.948635  91895.6  2.40446e+06  367582  10 
0.950244  70023.8  2.40745e+06  280095  10 
0.989687  108945  2.48082e+06  435779  11 
1.01761  163090  2.53276e+06  652359  12 
1.09644  127026  2.67938e+06  508104  12 
1.15745  141292  2.79285e+06  565169  13 
1.03122  166536  2.55806e+06  666143  13 
1.22023  190828  2.90963e+06  763312  14 
1.27175  158985  3.00546e+06  635940  14 
1.32302  237663  3.10081e+06  950652  15 
1.33226  214543  3.11801e+06  858173  15 
1.27759  275760  3.01632e+06  1.10304e+06  15 
1.23304  279644  2.93345e+06  1.11858e+06  15 
1.34945  274732  3.14997e+06  1.09893e+06  16 
1.41588  307426  3.27354e+06  1.2297e+06  17 
1.51266  333228  3.45355e+06  1.33291e+06  18 
1.59759  319619  3.61151e+06  1.27848e+06  18 
1.64964  377903  3.70833e+06  1.51161e+06  19 
1.65173  355296  3.71222e+06  1.42118e+06  19 
1.58343  401357  3.58519e+06  1.60543e+06  19 
1.66962  391575  3.7455e+06  1.5663e+06  20 
1.67446  430065  3.7545e+06  1.72026e+06  21 
1.77393  525876  3.9395e+06  2.1035e+06  22 
2.06924  564916  4.48878e+06  2.25966e+06  23 
2.05532  578183  4.46289e+06  2.31273e+06  23 
2.14176  597201  4.62368e+06  2.3888e+06  24 
2.24587  657731  4.81732e+06  2.63092e+06  25 
2.32403  684953  4.96269e+06  2.73981e+06  26 
2.38496  749046  5.07602e+06  2.99618e+06  27 
2.39268  766737  5.09039e+06  3.06695e+06  28 
2.66342  783130  5.59396e+06  3.13252e+06  29 
2.43829  815307  5.17523e+06  3.26123e+06  29 
2.87808  969409  5.99324e+06  3.87764e+06  30 
3.03189  1.06067e+06  6.27932e+06  4.24268e+06  31 
2.92098  1.14572e+06  6.07302e+06  4.58286e+06  31 
3.14608  1.09775e+06  6.49171e+06  4.39099e+06  32 
3.26395  1.19834e+06  6.71095e+06  4.79335e+06  33 
3.2382  1.24415e+06  6.66306e+06  4.97658e+06  33 
3.29322  1.17517e+06  6.76539e+06  4.70067e+06  33 
3.40715  1.21735e+06  6.9773e+06  4.86938e+06  34 
3.51498  1.27619e+06  7.17786e+06  5.10474e+06  35 
3.63369  1.45829e+06  7.39866e+06  5.83315e+06  36 
7.35725  3.12638e+06  1.43245e+07  1.25055e+07  37 
10.1716  4.45547e+06  1.95592e+07  1.78219e+07  38 
24.646  1.11948e+07  4.64816e+07  4.4779e+07  39 

0.184559  0.449913  983280  1.79965  0 
0.89772  0.210929  2.30976e+06  0.843718  0 
0.630753  0.227633  1.8132e+06  0.910532  0 
0.430753  0.249018  1.4412e+06  0.996071  0 
0.296172  0.309198  1.19088e+06  1.23679  0 
0.254108  0.392703  1.11264e+06  1.57081  0 
0.384559  0.276648  1.35528e+06  1.10659  0 
0.35114  0.289789  1.29312e+06  1.15916  0 
0.558108  0.231468  1.67808e+06  0.925874  0 
0.412043  0.265309  1.4064e+06  1.06124  0 
0.540301  0.245851  1.64496e+06  0.983405  0 
0.280817  0.554571  1.16232e+06  2.21829  1 
0.505204  0.257673  1.57968e+06  1.03069  2 
0.314237  0.436665  1.22448e+06  1.74666  1 
0.349591  0.344778  1.29024e+06  1.37911  0 
0.419527  0.305604  1.42032e+06  1.22242  1 
0.32443  0.380549  1.24344e+06  1.5222  0 
0.571785  0.247238  1.70352e+06  0.988952  0 
0.316946  0.416886  1.22952e+06  1.66754  5 
0.35114  0.337632  1.29312e+06  1.35053  1 
0.322366  0.40364  1.2396e+06  1.61456  0 
0.390882  0.322531  1.36704e+06  1.29012  0 
0.509204  0.255813  1.58712e+06  1.02325  0 
0.468817  0.259059  1.512e+06  1.03624  0 
0.427914  0.28572  1.43592e+06  1.14288  0 
0.296172  0.460683  1.19088e+06  1.84273  0 
0.283785  0.492896  1.16784e+06  1.97159  1 
0.333333  0.362121  1.26e+06  1.44849  2 
0.417333  0.317045  1.41624e+06  1.26818  1 
0.309849  0.457999  1.21632e+06  1.832  3 
0.442495  0.281428  1.46304e+06  1.12571  0 
0.554366  0.253612  1.67112e+06  1.01445  0 
0.443269  0.276143  1.46448e+06  1.10457  2 
0.457204  0.273375  1.4904e+06  1.0935  3 
0.434366  0.297245  1.44792e+06  1.18898  3 
0.508559  0.267643  1.58592e+06  1.07057  2 
0.442495  0.292485  1.46304e+06  1.16994  2 
0.469075  0.270103  1.51248e+06  1.08041  0 
0.618753  0.248959  1.79088e+06  0.995837  0 
0.548301  0.264744  1.65984e+06  1.05897  2 
0.551011  0.257534  1.66488e+06  1.03014  0 
0.323527  0.428151  1.24176e+06  1.7126  0 
0.392559  0.341564  1.37016e+06  1.36626  2 
0.381591  0.352801  1.34976e+06  1.4112  5 
0.309204  0.469512  1.21512e+06  1.87805  3 
0.373849  0.356948  1.33536e+06  1.42779  0 
0.410753  0.322583  1.404e+06  1.29033  3 
0.454108  0.28383  1.48464e+06  1.13532  0 
0.341978  0.368727  1.27608e+06  1.47491  2 
0.360817  0.367142  1.31112e+06  1.46857  1 
0.46572  0.281109  1.50624e+06  1.12444  4 
0.430753  0.314932  1.4412e+06  1.25973  3 
0.338237  0.417269  1.26912e+06  1.66908  2 
0.384043  0.34618  1.35432e+06  1.38472  1 
0.319269  0.452918  1.23384e+06  1.81167  4 
0.421462  0.326939  1.42392e+06  1.30776  0 
0.468817  0.293287  1.512e+06  1.17315  2 
0.398237  0.3763  1.38072e+06  1.5052  0 
0.378237  0.387534  1.34352e+06  1.55014  3 
0.560817  0.269599  1.68312e+06  1.0784  0 
0.467269  0.305234  1.50912e+06  1.22094  4 
0.573849  0.264276  1.70736e+06  1.0571  0 
0.332946  0.508044  1.25928e+06  2.03218  3 
0.353591  0.405361  1.29768e+06  1.62145  4 
0.42443  0.323843  1.42944e+06  1.29537  1 
0.589462  0.262406  1.7364e+06  1.04962  1 
0.407011  0.365894  1.39704e+06  1.46357  0 
0.690237  0.258535  1.92384e+06  1.03414  3 
0.501204  0.270514  1.57224e+06  1.08205  0 
0.413075  0.328503  1.40832e+06  1.31401  3 
0.486495  0.279737  1.54488e+06  1.11895  0 
0.370624  0.38852  1.32936e+06  1.55408  3 
0.379527  0.383027  1.34592e+06  1.53211  3 
0.676817  0.259347  1.89888e+06  1.03739  3 
0.357333  0.43521  1.30464e+06  1.74084  4 
0.509591  0.278886  1.58784e+06  1.11554  0 
0.363914  0.431004  1.31688e+06  1.72401  0 
0.529591  0.271263  1.62504e+06  1.08505  3 
0.499785  0.302201  1.5696e+06  1.2088  5 
0.370753  0.424128  1.3296e+06  1.69651  5 
0.373075  0.415598  1.33392e+06  1.66239  4 
0.382366  0.407426  1.3512e+06  1.6297  0 
0.421204  0.356327  1.42344e+06  1.42531  2 
0.457333  0.327197  1.49064e+06  1.30879  0 
0.663785  0.267442  1.87464e+06  1.06977  3 
0.442237  0.334773  1.46256e+06  1.33909  1 
0.438366  0.342405  1.45536e+06  1.36962  3 
0.689075  0.266405  1.92168e+06  1.06562  3 
0.395785  0.427503  1.37616e+06  1.71001  0 
0.452817  0.350618  1.48224e+06  1.40247  0 
0.469204  0.344335  1.51272e+06  1.37734  0 
0.473204  0.327603  1.52016e+06  1.31041  4 
0.542237  0.271321  1.64856e+06  1.08529  2 
0.429978  0.419041  1.43976e+06  1.67616  0 
0.515914  0.279369  1.5996e+06  1.11748  4 
0.602108  0.272463  1.75992e+06  1.08985  2 
0.553849  0.288188  1.67016e+06  1.15275  2 
0.526624  0.307308  1.61952e+06  1.22923  0 
0.546624  0.297538  1.65672e+06  1.19015  3 
0.554237  0.295832  1.67088e+06  1.18333  5 

0.178624  0.449045  972240  1.79618  0 
0.895398  0.210512  2.30544e+06  0.842049  0 
0.652817  0.21913  1.85424e+06  0.876518  0 
0.431011  0.235456  1.44168e+06  0.941823  0 
0.291398  0.303829  1.182e+06  1.21531  0 
0.37114  0.248353  1.33032e+06  0.993411  0 
0.246108  0.39677  1.09776e+06  1.58708  0 
0.248559  0.334996  1.10232e+06  1.33998  0 
0.345591  0.278276  1.2828e+06  1.1131  0 
0.350753  0.259775  1.2924e+06  1.0391  0 
0.253591  0.317503  1.11168e+06  1.27001  0 
0.608688  0.22107  1.77216e+06  0.884279  0 
0.584301  0.223121  1.7268e+06  0.892484  0 
0.334366  0.283783  1.26192e+06  1.13513  0 
0.41643  0.238357  1.41456e+06  0.953427  0 
0.559527  0.226288  1.68072e+06  0.905153  0 
0.546366  0.227452  1.65624e+06  0.909807  0 
0.517204  0.227573  1.602e+06  0.910291  0 
0.238237  0.44082  1.08312e+06  1.76328  0 
0.509333  0.227728  1.58736e+06  0.910912  0 
0.324946  0.296658  1.2444e+06  1.18663  0 
0.79643  0.211994  2.12136e+06  0.847975  0 
0.239527  0.429725  1.08552e+06  1.7189  0 
0.476043  0.231807  1.52544e+06  0.927227  0 
0.507269  0.229614  1.58352e+06  0.918457  0 
0.383527  0.246579  1.35336e+06  0.986315  0 
0.365333  0.258916  1.31952e+06  1.03567  0 
0.349978  0.268586  1.29096e+06  1.07434  0 
0.726882  0.218409  1.992e+06  0.873636  0 
0.416301  0.241133  1.41432e+06  0.964533  0 
0.358882  0.271686  1.30752e+06  1.08674  0 
0.270237  0.380807  1.14264e+06  1.52323  0 
0.65643  0.220369  1.86096e+06  0.881477  0 
0.244172  0.455638  1.09416e+06  1.82255  0 
0.40043  0.251747  1.3848e+06  1.00699  0 
0.602108  0.22373  1.75992e+06  0.894921  0 
0.689978  0.220006  1.92336e+06  0.880026  0 
0.538237  0.230693  1.64112e+06  0.922771  0 
0.573333  0.227037  1.7064e+06  0.908149  0 
0.371398  0.269469  1.3308e+06  1.07788  0 
0.284301  0.357909  1.1688e+06  1.43164  0 
0.384946  0.266871  1.356e+06  1.06748  0 
0.295269  0.338951  1.1892e+06  1.3558  0 
0.690366  0.21935  1.92408e+06  0.877399  0 
0.331914  0.305056  1.25736e+06  1.22022  0 
0.250882  0.44618  1.10664e+06  1.78472  0 
0.482108  0.234084  1.53672e+06  0.936335  0 
0.471656  0.23886  1.51728e+06  0.955439  0 
0.50043  0.232212  1.5708e+06  0.928848  0 
0.540946  0.228684  1.64616e+06  0.914736  0 
0.311398  0.312327  1.2192e+06  1.24931  0 
0.420688  0.248155  1.42248e+06  0.992618  0 
0.485462  0.232389  1.54296e+06  0.929554  0 
0.605978  0.223589  1.76712e+06  0.894357  0 
0.345978  0.285924  1.28352e+06  1.1437  0 
0.545075  0.228025  1.65384e+06  0.9121  0 
0.438366  0.24473  1.45536e+06  0.978921  0 
0.476043  0.236724  1.52544e+06  0.946896  0 
0.441462  0.239976  1.46112e+06  0.959903  0 
0.253204  0.401865  1.11096e+06  1.60746  0 
0.581591  0.227036  1.72176e+06  0.908143  0 
0.243011  0.48324  1.092e+06  1.93296  1 
0.797204  0.218425  2.1228e+06  0.8737  0 
0.538108  0.232139  1.64088e+06  0.928556  0 
0.357591  0.273328  1.30512e+06  1.09331  0 
0.480172  0.238501  1.53312e+06  0.954006  0 
0.73243  0.220983  2.00232e+06  0.883933  0 
0.276172  0.426113  1.15368e+06  1.70445  0 
0.660817  0.223565  1.86912e+06  0.894258  0 
0.496817  0.232628  1.56408e+06  0.930513  0 
0.319527  0.323824  1.23432e+06  1.29529  0 
0.682366  0.22306  1.9092e+06  0.892241  0 
0.368946  0.300876  1.32624e+06  1.2035  0 
0.549849  0.228297  1.66272e+06  0.913187  0 
0.320043  0.322309  1.23528e+06  1.28924  0 
0.303914  0.354153  1.20528e+06  1.41661  0 
0.337462  0.306073  1.26768e+06  1.22429  0 
0.340301  0.305158  1.27296e+06  1.22063  0 
0.388172  0.275167  1.362e+06  1.10067  0 
0.449075  0.241337  1.47528e+06  0.965348  0 
0.639011  0.224625  1.82856e+06  0.898501  0 
0.407785  0.256148  1.39848e+06  1.02459  0 
0.603914  0.225743  1.76328e+06  0.902974  0 
0.439914  0.249752  1.45824e+06  0.999009  0 
0.436559  0.2524  1.452e+06  1.0096  0 
0.420946  0.255956  1.42296e+06  1.02382  0 
0.385204  0.299232  1.35648e+06  1.19693  0 
0.264559  0.435881  1.13208e+06  1.74352  0 
0.386108  0.297429  1.35816e+06  1.18972  0 
0.397204  0.292561  1.3788e+06  1.17024  0 
0.653333  0.229175  1.8552e+06  0.9167  0 
0.419527  0.272789  1.42032e+06  1.09116  0 
0.38443  0.347096  1.35504e+06  1.38838  0 
0.497462  0.236  1.56528e+06  0.944  0 
0.68443  0.226089  1.91304e+06  0.904357  0 
0.453333  0.245039  1.4832e+06  0.980156  0 
0.516043  0.233526  1.59984e+06  0.934103  0 
0.477849  0.24151  1.5288e+06  0.966039  0 
0.267398  0.445095  1.13736e+06  1.78038  0 
0.496172  0.241416  1.56288e+06  0.965663  0 

0.172661  1907.98  961150  7631.93  0 
0.829591  0.204961  2.18304e+06  0.819844  0 
0.207914  0.429264  1.02672e+06  1.71705  0 
0.605075  0.213245  1.76544e+06  0.852978  0 
0.400301  0.227361  1.38456e+06  0.909444  0 
0.266366  0.300315  1.13544e+06  1.20126  0 
0.328301  0.246552  1.25064e+06  0.986206  0 
0.22314  0.33148  1.05504e+06  1.32592  0 
0.299656  0.268982  1.19736e+06  1.07593  0 
0.385462  0.232455  1.35696e+06  0.929818  0 
0.209075  0.411695  1.02888e+06  1.64678  0 
0.25243  0.314103  1.10952e+06  1.25641  0 
0.584688  0.214909  1.72752e+06  0.859636  0 
0.534108  0.2158  1.63344e+06  0.863198  0 
0.517075  0.217932  1.60176e+06  0.871726  0 
0.290495  0.283636  1.18032e+06  1.13454  1 
0.376688  0.236757  1.34064e+06  0.947029  0 
0.49372  0.219764  1.55832e+06  0.879057  0 
0.467656  0.220027  1.50984e+06  0.880107  0 
0.256301  0.306933  1.11672e+06  1.22773  0 
0.36314  0.239905  1.31544e+06  0.959619  0 
0.820946  0.208422  2.16696e+06  0.833689  0 
0.316688  0.264444  1.22904e+06  1.05778  0 
0.791656  0.209003  2.11248e+06  0.836014  0 
0.445333  0.223346  1.46832e+06  0.893385  0 
0.782108  0.209463  2.09472e+06  0.837851  0 
0.281978  0.296555  1.16448e+06  1.18622  0 
0.728043  0.209591  1.99416e+06  0.838362  0 
0.708172  0.210697  1.9572e+06  0.842788  0 
0.35643  0.244406  1.30296e+06  0.977626  0 
0.63643  0.211126  1.82376e+06  0.844505  0 
0.630108  0.212149  1.812e+06  0.848596  0 
0.298624  0.280715  1.19544e+06  1.12286  0 
0.298753  0.272233  1.19568e+06  1.08893  0 
0.31372  0.268149  1.22352e+06  1.0726  0 
0.599785  0.214175  1.7556e+06  0.856699  0 
0.597462  0.214202  1.75128e+06  0.85681  0 
0.511785  0.21912  1.59192e+06  0.876479  0 
0.530495  0.217396  1.62672e+06  0.869583  0 
0.727398  0.210192  1.99296e+06  0.840769  0 
0.400043  0.231129  1.38408e+06  0.924515  0 
0.579527  0.215657  1.71792e+06  0.862629  0 
0.296559  0.283512  1.1916e+06  1.13405  0 
0.595656  0.214843  1.74792e+06  0.859371  0 
0.653978  0.213674  1.8564e+06  0.854697  0 
0.56314  0.216656  1.68744e+06  0.866622  0 
0.208688  0.444516  1.02816e+06  1.77806  0 
0.585204  0.215608  1.72848e+06  0.862433  0 
0.609462  0.214256  1.7736e+06  0.857023  1 
0.43114  0.22901  1.44192e+06  0.916038  0 
0.654108  0.211762  1.85664e+06  0.847048  1 
0.269333  0.303235  1.14096e+06  1.21294  0 
0.592688  0.214969  1.7424e+06  0.859875  1 
0.360043  0.248743  1.30968e+06  0.994972  1 
0.454753  0.226252  1.48584e+06  0.905007  0 
0.540559  0.218352  1.64544e+06  0.873408  0 
0.764688  0.209844  2.06232e+06  0.839377  0 
0.505204  0.221323  1.57968e+06  0.885291  0 
0.54314  0.216987  1.65024e+06  0.867947  0 
0.471914  0.222203  1.51776e+06  0.888813  1 
0.377978  0.242226  1.34304e+06  0.968903  1 
0.299656  0.278424  1.19736e+06  1.1137  0 
0.229591  0.410743  1.06704e+06  1.64297  0 
0.732172  0.210571  2.00184e+06  0.842283  0 
0.290753  0.286034  1.1808e+06  1.14413  1 
0.305849  0.272464  1.20888e+06  1.08986  0 
0.511914  0.220577  1.59216e+06  0.882307  0 
0.257075  0.318412  1.11816e+06  1.27365  0 
0.446237  0.226626  1.47e+06  0.906504  0 
0.385462  0.240388  1.35696e+06  0.961554  1 
0.35643  0.253811  1.30296e+06  1.01525  2 
0.423785  0.229628  1.42824e+06  0.918512  0 
0.541204  0.217056  1.64664e+06  0.868226  0 
0.387527  0.235713  1.3608e+06  0.942852  0 
0.262108  0.309649  1.12752e+06  1.23859  0 
0.537075  0.218738  1.63896e+06  0.87495  0 
0.443527  0.228133  1.46496e+06  0.912531  0 
0.276043  0.300397  1.15344e+06  1.20159  1 
0.341075  0.257777  1.2744e+06  1.03111  0 
0.35243  0.25429  1.29552e+06  1.01716  2 
0.470753  0.22336  1.5156e+06  0.893438  0 
0.808559  0.209113  2.14392e+06  0.836452  0 
0.64443  0.213716  1.83864e+06  0.854864  0 
0.253978  0.396108  1.1124e+06  1.58443  0 
0.459914  0.223764  1.49544e+06  0.895057  0 
0.337849  0.264032  1.2684e+06  1.05613  0 
0.698237  0.211419  1.93872e+06  0.845676  0 
0.308043  0.269276  1.21296e+06  1.07711  0 
0.465462  0.223732  1.50576e+06  0.89493  1 
0.579914  0.216004  1.71864e+06  0.864018  1 
0.737333  0.209857  2.01144e+06  0.83943  0 
0.408043  0.235604  1.39896e+06  0.942418  0 
0.432817  0.231267  1.44504e+06  0.925069  0 
0.405075  0.240202  1.39344e+06  0.960809  0 
0.48714  0.224227  1.54608e+06  0.896907  0 
0.47372  0.227931  1.52112e+06  0.911723  0 
0.315656  0.293485  1.22712e+06  1.17394  0 
0.563656  0.219966  1.6884e+06  0.879865  0 
0.319398  0.272124  1.23408e+06  1.0885  0 
0.546495  0.223612  1.65648e+06  0.894447  0 

0.165075  0.444346  947040  1.77738  0 
0.776817  0.202983  2.08488e+06  0.811934  0 
0.521333  0.212479  1.60968e+06  0.849915  0 
0.317591  0.24635  1.23072e+06  0.985399  0 
0.217978  0.291044  1.04544e+06  1.16418  0 
0.282237  0.256179  1.16496e+06  1.02472  0 
0.489978  0.215139  1.55136e+06  0.860558  0 
0.455656  0.216702  1.48752e+06  0.866806  0 
0.421075  0.219707  1.4232e+06  0.87883  0 
0.191914  0.408274  996960  1.6331  0 
0.397978  0.223922  1.38024e+06  0.89569  0 
0.261075  0.270504  1.1256e+06  1.08201  0 
0.375914  0.225939  1.3392e+06  0.903755  0 
0.35514  0.229166  1.30056e+06  0.916665  0 
0.203011  0.350675  1.0176e+06  1.4027  0 
0.336946  0.23456  1.26672e+06  0.938239  0 
0.768043  0.203897  2.06856e+06  0.815588  1 
0.758237  0.20422  2.05032e+06  0.816878  0 
0.252946  0.283237  1.11048e+06  1.13295  0 
0.714366  0.204982  1.96872e+06  0.819927  0 
0.693591  0.205081  1.93008e+06  0.820323  0 
0.242495  0.284184  1.09104e+06  1.13674  0 
0.254366  0.270547  1.11312e+06  1.08219  0 
0.664559  0.206127  1.87608e+06  0.82451  0 
0.330237  0.240264  1.25424e+06  0.961054  0 
0.649462  0.20672  1.848e+06  0.826878  0 
0.274237  0.26507  1.15008e+06  1.06028  0 
0.185333  0.439331  984720  1.75732  0 
0.307914  0.251229  1.21272e+06  1.00492  0 
0.581462  0.207602  1.72152e+06  0.830407  0 
0.267398  0.266433  1.13736e+06  1.06573  0 
0.238753  0.287775  1.08408e+06  1.1511  0 
0.304559  0.253713  1.20648e+06  1.01485  0 
0.579269  0.209678  1.71744e+06  0.838711  0 
0.349204  0.232795  1.28952e+06  0.931178  0 
0.417075  0.222208  1.41576e+06  0.888831  0 
0.519785  0.213016  1.6068e+06  0.852062  0 
0.477462  0.215324  1.52808e+06  0.861296  0 
0.51114  0.213835  1.59072e+06  0.855338  0 
0.578237  0.21134  1.71552e+06  0.84536  0 
0.451785  0.218735  1.48032e+06  0.87494  0 
0.473462  0.215774  1.52064e+06  0.863095  0 
0.176043  0.443519  967440  1.77408  0 
0.563527  0.211734  1.68816e+06  0.846935  0 
0.547398  0.21181  1.65816e+06  0.847239  0 
0.510495  0.214398  1.58952e+06  0.857592  0 
0.447269  0.219067  1.47192e+06  0.876268  0 
0.415527  0.223287  1.41288e+06  0.893149  0 
0.414495  0.22342  1.41096e+06  0.893679  0 
0.472301  0.216205  1.51848e+06  0.864818  0 
0.455269  0.21811  1.4868e+06  0.87244  0 
0.184946  0.441202  984000  1.76481  0 
0.502882  0.214805  1.57536e+06  0.859221  0 
0.501978  0.214815  1.57368e+06  0.85926  0 
0.437462  0.219412  1.45368e+06  0.877646  0 
0.296688  0.25592  1.19184e+06  1.02368  0 
0.295914  0.255969  1.1904e+06  1.02388  0 
0.344301  0.234374  1.2804e+06  0.937494  0 
0.362366  0.229062  1.314e+06  0.916247  0 
0.57914  0.211236  1.7172e+06  0.844944  0 
0.223656  0.34155  1.056e+06  1.3662  0 
0.65114  0.207272  1.85112e+06  0.829087  0 
0.52443  0.21452  1.61544e+06  0.85808  0 
0.425978  0.222447  1.43232e+06  0.889786  0 
0.271785  0.26825  1.14552e+06  1.073  0 
0.479011  0.216174  1.53096e+06  0.864696  0 
0.34572  0.2354  1.28304e+06  0.9416  0 
0.308043  0.253837  1.21296e+06  1.01535  0 
0.202495  0.439934  1.01664e+06  1.75974  0 
0.31914  0.252498  1.2336e+06  1.00999  0 
0.320688  0.248358  1.23648e+06  0.993432  0 
0.396559  0.226904  1.3776e+06  0.907616  0 
0.257075  0.283943  1.11816e+06  1.13577  1 
0.482753  0.216109  1.53792e+06  0.864436  0 
0.637333  0.208508  1.82544e+06  0.834033  1 
0.461333  0.219381  1.49808e+06  0.877526  1 
0.682366  0.207249  1.9092e+06  0.828996  0 
0.350366  0.233054  1.29168e+06  0.932216  0 
0.467398  0.218362  1.50936e+06  0.873447  0 
0.250753  0.286631  1.1064e+06  1.14652  1 
0.64714  0.208264  1.84368e+06  0.833055  0 
0.580172  0.209867  1.71912e+06  0.839467  0 
0.239011  0.293624  1.08456e+06  1.17449  1 
0.283011  0.262041  1.1664e+06  1.04817  0 
0.731656  0.206388  2.00088e+06  0.825553  1 
0.278882  0.265461  1.15872e+06  1.06184  1 
0.500301  0.215616  1.57056e+06  0.862464  0 
0.233591  0.30835  1.07448e+06  1.2334  0 
0.587398  0.209422  1.73256e+06  0.837686  1 
0.287527  0.257204  1.1748e+06  1.02882  0 
0.528172  0.213549  1.6224e+06  0.854198  0 
0.38443  0.229498  1.35504e+06  0.917994  1 
0.36972  0.230634  1.32768e+06  0.922535  0 
0.24443  0.28917  1.09464e+06  1.15668  0 
0.635914  0.20871  1.8228e+06  0.83484  0 
0.732946  0.205025  2.00328e+06  0.820099  1 
0.475398  0.217914  1.52424e+06  0.871654  0 
0.476301  0.216435  1.52592e+06  0.865739  1 
0.194108  0.442757  1.00104e+06  1.77103  0 
0.614753  0.208736  1.78344e+06  0.834944  1 

0.156165  117.31  930467  469.241  0 
0.779914  0.201673  2.09064e+06  0.80669  0 
0.159011  0.445703  935760  1.78281  0 
0.541591  0.209322  1.64736e+06  0.837287  0 
0.327527  0.231636  1.2492e+06  0.926543  0 
0.209204  0.294173  1.02912e+06  1.17669  0 
0.277462  0.245729  1.15608e+06  0.982914  0 
0.244946  0.2608  1.0956e+06  1.0432  0 
0.176817  0.379802  968880  1.51921  0 
0.187785  0.351894  989280  1.40758  0 
0.504043  0.210236  1.57752e+06  0.840944  0 
0.483011  0.213162  1.5384e+06  0.852647  0 
0.460172  0.214053  1.49592e+06  0.856211  0 
0.436817  0.216973  1.45248e+06  0.867892  0 
0.195269  0.337268  1.0032e+06  1.34907  0 
0.421333  0.217776  1.42368e+06  0.871103  0 
0.315398  0.23349  1.22664e+06  0.933958  0 
0.409462  0.219975  1.4016e+06  0.879899  0 
0.166366  0.414981  949440  1.65992  0 
0.396817  0.221572  1.37808e+06  0.886288  0 
0.23514  0.271824  1.07736e+06  1.0873  0 
0.305978  0.23631  1.20912e+06  0.94524  0 
0.381849  0.222233  1.35024e+06  0.888934  0 
0.260688  0.251484  1.12488e+06  1.00594  0 
0.372946  0.2242  1.33368e+06  0.896802  0 
0.75772  0.201923  2.04936e+06  0.807692  0 
0.299011  0.237622  1.19616e+06  0.950487  0 
0.745849  0.202691  2.02728e+06  0.810763  0 
0.361462  0.225667  1.31232e+06  0.902669  0 
0.694624  0.203471  1.932e+06  0.813885  0 
0.22572  0.288585  1.05984e+06  1.15434  0 
0.657978  0.204052  1.86384e+06  0.816209  0 
0.347785  0.226446  1.28688e+06  0.905785  0 
0.204043  0.331959  1.01952e+06  1.32783  0 
0.183011  0.369603  980400  1.47841  0 
0.220559  0.290103  1.05024e+06  1.16041  0 
0.252172  0.256934  1.10904e+06  1.02774  0 
0.342882  0.227892  1.27776e+06  0.911569  0 
0.338624  0.227974  1.26984e+06  0.911896  0 
0.62843  0.205971  1.80888e+06  0.823885  0 
0.292946  0.24245  1.18488e+06  0.969801  0 
0.615527  0.206379  1.78488e+06  0.825514  0 
0.602624  0.206618  1.76088e+06  0.826472  0 
0.33243  0.229085  1.25832e+06  0.916339  0 
0.458108  0.214906  1.49208e+06  0.859622  0 
0.581462  0.207602  1.72152e+06  0.830407  0 
0.323527  0.231823  1.24176e+06  0.927292  0 
0.454624  0.215328  1.4856e+06  0.861312  0 
0.162495  0.44408  942240  1.77632  0 
0.23372  0.286521  1.07472e+06  1.14608  0 
0.259398  0.253897  1.12248e+06  1.01559  0 
0.49643  0.211873  1.56336e+06  0.847493  0 
0.407914  0.220387  1.39872e+06  0.881549  0 
0.243785  0.267803  1.09344e+06  1.07121  0 
0.230495  0.287528  1.06872e+06  1.15011  0 
0.570108  0.208315  1.7004e+06  0.833261  0 
0.310753  0.235341  1.218e+06  0.941366  0 
0.300817  0.236755  1.19952e+06  0.947021  0 
0.448559  0.216108  1.47432e+06  0.864434  0 
0.420559  0.218769  1.42224e+06  0.875076  0 
0.403914  0.220817  1.39128e+06  0.88327  0 
0.346366  0.227282  1.28424e+06  0.90913  0 
0.39114  0.221629  1.36752e+06  0.886517  0 
0.330366  0.231095  1.25448e+06  0.92438  0 
0.25114  0.260266  1.10712e+06  1.04106  0 
0.215785  0.293648  1.04136e+06  1.17459  0 
0.417075  0.219521  1.41576e+06  0.878083  0 
0.239269  0.271478  1.08504e+06  1.08591  0 
0.329849  0.2313  1.25352e+06  0.9252  0 
0.489462  0.212881  1.5504e+06  0.851524  0 
0.415269  0.219704  1.4124e+06  0.878815  0 
0.436559  0.217157  1.452e+06  0.868628  0 
0.249978  0.260548  1.10496e+06  1.04219  0 
0.74314  0.203268  2.02224e+06  0.813073  0 
0.48043  0.21385  1.5336e+06  0.855401  0 
0.225075  0.289915  1.05864e+06  1.15966  0 
0.222366  0.28992  1.0536e+06  1.15968  0 
0.740172  0.203307  2.01672e+06  0.813228  0 
0.402495  0.221409  1.38864e+06  0.885636  0 
0.401462  0.221435  1.38672e+06  0.885739  0 
0.285978  0.245596  1.17192e+06  0.982386  0 
0.415011  0.219846  1.41192e+06  0.879383  0 
0.429591  0.217652  1.43904e+06  0.870607  0 
0.248043  0.260688  1.10136e+06  1.04275  0 
0.214624  0.294072  1.0392e+06  1.17629  0 
0.213462  0.294078  1.03704e+06  1.17631  0 
0.400817  0.221491  1.38552e+06  0.885964  0 
0.414753  0.219895  1.41144e+06  0.87958  0 
0.446108  0.216915  1.46976e+06  0.867662  0 
0.243527  0.271423  1.09296e+06  1.08569  0 
0.408301  0.220337  1.39944e+06  0.881348  0 
0.456946  0.215279  1.48992e+06  0.861118  0 
0.414624  0.219959  1.4112e+06  0.879835  0 
0.328172  0.231624  1.2504e+06  0.926494  0 
0.213462  0.294078  1.03704e+06  1.17631  0 
0.285978  0.245596  1.17192e+06  0.982386  0 
0.226495  0.294026  1.06128e+06  1.1761  0 
0.25772  0.260629  1.11936e+06  1.04252  0 
0.254624  0.274101  1.1136e+06  1.09641  0 
0.345849  0.228543  1.28328e+06  0.914171  0 

0.14972  0.445205  918480  1.78082  0 
0.774237  0.200112  2.08008e+06  0.800449  0 
0.50972  0.209342  1.58808e+06  0.837367  0 
0.29514  0.234803  1.18896e+06  0.939213  0 
0.18972  0.337473  992880  1.34989  0 
0.22443  0.262995  1.05744e+06  1.05198  0 
0.15914  0.41368  936000  1.65472  0 
0.47772  0.211557  1.52856e+06  0.846229  0 
0.203656  0.294619  1.0188e+06  1.17848  0 
0.455398  0.214056  1.48704e+06  0.856225  0 
0.169462  0.390016  955200  1.56007  0 
0.273849  0.243654  1.14936e+06  0.974617  0 
0.433978  0.215988  1.4472e+06  0.863952  0 
0.412172  0.218389  1.40664e+06  0.873556  0 
0.395785  0.21977  1.37616e+06  0.879081  0 
0.254753  0.248184  1.11384e+06  0.992737  0 
0.378753  0.22095  1.34448e+06  0.883799  0 
0.176172  0.369661  967680  1.47864  0 
0.365849  0.22366  1.32048e+06  0.894641  0 
0.355398  0.224611  1.30104e+06  0.898445  0 
0.241849  0.252812  1.08984e+06  1.01125  0 
0.335785  0.225508  1.26456e+06  0.902032  0 
0.765591  0.200859  2.064e+06  0.803435  0 
0.195011  0.329472  1.00272e+06  1.31789  0 
0.75772  0.201923  2.04936e+06  0.807692  0 
0.748946  0.20248  2.03304e+06  0.80992  0 
0.328043  0.228053  1.25016e+06  0.912213  0 
0.701978  0.202752  1.94568e+06  0.811007  0 
0.694237  0.203109  1.93128e+06  0.812436  0 
0.684559  0.203606  1.91328e+06  0.814423  0 
0.184301  0.340451  982800  1.36181  0 
0.197204  0.324168  1.0068e+06  1.29667  0 
0.657978  0.204052  1.86384e+06  0.816209  0 
0.189849  0.329993  993120  1.31997  0 
0.164301  0.400889  945600  1.60355  0 
0.236817  0.257299  1.08048e+06  1.0292  0 
0.217591  0.28972  1.04472e+06  1.15888  0 
0.646882  0.204565  1.8432e+06  0.818261  0 
0.318366  0.230111  1.23216e+06  0.920446  0 
0.290495  0.237492  1.18032e+06  0.94997  0 
0.634495  0.204979  1.82016e+06  0.819917  0 
0.613333  0.205352  1.7808e+06  0.821408  0 
0.220946  0.28524  1.05096e+06  1.14096  0 
0.309462  0.231321  1.2156e+06  0.925283  0 
0.586237  0.206018  1.7304e+06  0.824071  0 
0.221591  0.277647  1.05216e+06  1.11059  0 
0.252043  0.249285  1.1088e+06  0.997139  0 
0.270495  0.245582  1.14312e+06  0.982327  0 
0.173978  0.37978  963600  1.51912  0 
0.578882  0.207233  1.71672e+06  0.828933  0 
0.239785  0.253096  1.086e+06  1.01238  0 
0.419011  0.216516  1.41936e+06  0.866065  0 
0.222624  0.268535  1.05408e+06  1.07414  0 
0.245978  0.251032  1.09752e+06  1.00413  0 
0.265849  0.246443  1.13448e+06  0.98577  0 
0.574753  0.20764  1.70904e+06  0.830561  0 
0.449462  0.214288  1.476e+06  0.857151  0 
0.468946  0.21242  1.51224e+06  0.849681  0 
0.446882  0.214378  1.4712e+06  0.857512  0 
0.271656  0.244065  1.14528e+06  0.976258  0 
0.287011  0.242169  1.17384e+06  0.968677  0 
0.293591  0.236026  1.18608e+06  0.944104  0 
0.281978  0.242196  1.16448e+06  0.968783  0 
0.562753  0.2079  1.68672e+06  0.831599  0 
0.444817  0.214615  1.46736e+06  0.858461  0 
0.504043  0.210236  1.57752e+06  0.840944  0 
0.558108  0.208042  1.67808e+06  0.832167  0 
0.215656  0.293348  1.04112e+06  1.17339  0 
0.37372  0.222398  1.33512e+06  0.889591  0 
0.30443  0.233666  1.20624e+06  0.934663  0 
0.212559  0.293523  1.03536e+06  1.17409  0 
0.462624  0.213014  1.50048e+06  0.852055  0 
0.30843  0.231479  1.21368e+06  0.925917  0 
0.497333  0.210579  1.56504e+06  0.842314  0 
0.264946  0.246498  1.1328e+06  0.985992  0 
0.361075  0.223749  1.3116e+06  0.894995  0 
0.36843  0.222806  1.32528e+06  0.891223  0 
0.26172  0.247356  1.1268e+06  0.989425  0 
0.234366  0.262184  1.07592e+06  1.04874  0 
0.216817  0.291998  1.04328e+06  1.16799  0 
0.289075  0.241432  1.17768e+06  0.965729  0 
0.408559  0.219045  1.39992e+06  0.87618  0 
0.232301  0.262281  1.07208e+06  1.04912  0 
0.323785  0.229408  1.24224e+06  0.917634  0 
0.49114  0.210872  1.55352e+06  0.843489  0 
0.230366  0.262313  1.06848e+06  1.04925  0 
0.229591  0.262313  1.06704e+06  1.04925  0 
0.329849  0.2274  1.25352e+06  0.909599  0 
0.227269  0.262378  1.06272e+06  1.04951  0 
0.316817  0.230717  1.22928e+06  0.922867  0 
0.761333  0.201333  2.05608e+06  0.805331  0 
0.196688  0.324318  1.00584e+06  1.29727  0 
0.207914  0.294115  1.02672e+06  1.17646  0 
0.408043  0.219273  1.39896e+06  0.877092  0 
0.546753  0.208889  1.65696e+06  0.835557  0 
0.689978  0.203161  1.92336e+06  0.812642  0 
0.459785  0.213627  1.4952e+06  0.85451  0 
0.25243  0.248858  1.10952e+06  0.995432  0 
0.301849  0.234385  1.20144e+06  0.937542  0 
0.245462  0.252439  1.09656e+06  1.00976  0 

0.14972  0.445205  918480  1.78082  0 
0.754753  0.199383  2.04384e+06  0.797532  0 
0.501333  0.209213  1.57248e+06  0.836853  0 
0.289978  0.236114  1.17936e+06  0.944456  0 
0.181462  0.340374  977520  1.3615  0 
0.217075  0.269403  1.04376e+06  1.07761  0 
0.47514  0.210928  1.52376e+06  0.843711  0 
0.259011  0.244628  1.12176e+06  0.978512  0 
0.446108  0.213341  1.46976e+06  0.853364  0 
0.15914  0.41368  936000  1.65472  0 
0.238495  0.248784  1.0836e+06  0.995135  0 
0.422108  0.215959  1.42512e+06  0.863837  0 
0.401462  0.217754  1.38672e+06  0.871016  0 
0.383269  0.21959  1.35288e+06  0.87836  0 
0.200817  0.31871  1.01352e+06  1.27484  0 
0.201591  0.293483  1.01496e+06  1.17393  0 
0.166237  0.390119  949200  1.56048  0 
0.364817  0.22192  1.31856e+06  0.887682  0 
0.352043  0.223306  1.2948e+06  0.893222  0 
0.226624  0.25711  1.06152e+06  1.02844  0 
0.186753  0.329335  987360  1.31734  0 
0.341075  0.224924  1.2744e+06  0.899696  0 
0.329591  0.225331  1.25304e+06  0.901322  0 
0.320301  0.227017  1.23576e+06  0.908069  0 
0.736817  0.200465  2.01048e+06  0.801859  0 
0.172946  0.369722  961680  1.47889  0 
0.729204  0.200824  1.99632e+06  0.803298  0 
0.712688  0.201683  1.9656e+06  0.806733  0 
0.682237  0.201942  1.90896e+06  0.807768  0 
0.314237  0.229553  1.22448e+06  0.918211  0 
0.280688  0.238778  1.16208e+06  0.955113  0 
0.634624  0.203771  1.8204e+06  0.815083  0 
0.275785  0.239418  1.15296e+06  0.957673  0 
0.309333  0.230927  1.21536e+06  0.92371  0 
0.212043  0.288769  1.0344e+06  1.15508  0 
0.625204  0.204843  1.80288e+06  0.819371  0 
0.254366  0.244641  1.11312e+06  0.978566  0 
0.305333  0.23199  1.20792e+06  0.927961  0 
0.613333  0.205352  1.7808e+06  0.821408  0 
0.197204  0.324168  1.0068e+06  1.29667  0 
0.272043  0.241023  1.146e+06  0.964092  0 
0.220172  0.266021  1.04952e+06  1.06408  0 
0.607398  0.205868  1.76976e+06  0.823471  0 
0.300172  0.232849  1.19832e+06  0.931396  0 
0.26843  0.241402  1.13928e+06  0.965607  0 
0.235269  0.252912  1.0776e+06  1.01165  0 
0.586237  0.206018  1.7304e+06  0.824071  0 
0.565978  0.206779  1.69272e+06  0.827117  0 
0.442624  0.21362  1.46328e+06  0.854479  0 
0.22443  0.262995  1.05744e+06  1.05198  0 
0.287011  0.236605  1.17384e+06  0.94642  0 
0.265333  0.242506  1.13352e+06  0.970023  0 
0.205849  0.291422  1.02288e+06  1.16569  0 
0.249978  0.246831  1.10496e+06  0.987323  0 
0.164301  0.400889  945600  1.60355  0 
0.435527  0.214032  1.45008e+06  0.856129  0 
0.16172  0.411761  940800  1.64704  0 
0.562753  0.207384  1.68672e+06  0.829536  0 
0.55914  0.207409  1.68e+06  0.829634  0 
0.179785  0.342377  974400  1.36951  0 
0.469462  0.211669  1.5132e+06  0.846678  0 
0.556559  0.207608  1.6752e+06  0.830433  0 
0.398753  0.218115  1.38168e+06  0.872458  0 
0.546882  0.207755  1.6572e+06  0.831021  0 
0.297333  0.234793  1.19304e+06  0.939172  0 
0.419527  0.21644  1.42032e+06  0.865761  0 
0.29514  0.234803  1.18896e+06  0.939213  0 
0.350495  0.223617  1.29192e+06  0.894466  0 
0.215914  0.279581  1.0416e+06  1.11832  0 
0.466237  0.212195  1.5072e+06  0.848779  0 
0.394624  0.218453  1.374e+06  0.873811  0 
0.347785  0.223811  1.28688e+06  0.895245  0 
0.413849  0.216657  1.40976e+06  0.866629  0 
0.169333  0.389033  954960  1.55613  0 
0.381849  0.220868  1.35024e+06  0.883474  0 
0.433978  0.21498  1.4472e+06  0.859922  0 
0.237075  0.251949  1.08096e+06  1.0078  0 
0.463527  0.212383  1.50216e+06  0.84953  0 
0.327527  0.226067  1.2492e+06  0.904268  0 
0.392688  0.218666  1.3704e+06  0.874663  0 
0.363914  0.222028  1.31688e+06  0.888111  0 
0.319398  0.227309  1.23408e+06  0.909235  0 
0.35772  0.222403  1.30536e+06  0.889614  0 
0.491656  0.210085  1.55448e+06  0.84034  0 
0.219011  0.268595  1.04736e+06  1.07438  0 
0.346366  0.224125  1.28424e+06  0.896501  0 
0.375527  0.221126  1.33848e+06  0.884505  0 
0.39114  0.218889  1.36752e+06  0.875557  0 
0.307914  0.2313  1.21272e+06  0.9252  0 
0.43243  0.215323  1.44432e+06  0.861293  0 
0.312946  0.23036  1.22208e+06  0.921442  0 
0.408172  0.217201  1.3992e+06  0.868805  0 
0.676817  0.203246  1.89888e+06  0.812986  0 
0.299656  0.232892  1.19736e+06  0.931568  0 
0.404043  0.217266  1.39152e+06  0.869063  0 
0.249204  0.24832  1.10352e+06  0.993279  0 
0.310624  0.230465  1.21776e+06  0.921861  0 
0.323398  0.226558  1.24152e+06  0.906232  0 
0.542495  0.208755  1.64904e+06  0.835018  0 
0.536688  0.20877  1.63824e+06  0.83508  0 

0.14972  0.445205  918480  1.78082  0 
0.754753  0.199383  2.04384e+06  0.797532  0 
0.501333  0.209213  1.57248e+06  0.836853  0 
0.289978  0.236114  1.17936e+06  0.944456  0 
0.181462  0.340374  977520  1.3615  0 
0.217075  0.269403  1.04376e+06  1.07761  0 
0.47514  0.210928  1.52376e+06  0.843711  0 
0.259011  0.244628  1.12176e+06  0.978512  0 
0.446108  0.213341  1.46976e+06  0.853364  0 
0.15914  0.41368  936000  1.65472  0 
0.238495  0.248784  1.0836e+06  0.995135  0 
0.422108  0.215959  1.42512e+06  0.863837  0 
0.401462  0.217754  1.38672e+06  0.871016  0 
0.383269  0.21959  1.35288e+06  0.87836  0 
0.200817  0.31871  1.01352e+06  1.27484  0 
0.201591  0.293483  1.01496e+06  1.17393  0 
0.166237  0.390119  949200  1.56048  0 
0.364817  0.22192  1.31856e+06  0.887682  0 
0.352043  0.223306  1.2948e+06  0.893222  0 
0.226624  0.25711  1.06152e+06  1.02844  0 
0.186753  0.329335  987360  1.31734  0 
0.341075  0.224924  1.2744e+06  0.899696  0 
0.329591  0.225331  1.25304e+06  0.901322  0 
0.320301  0.227017  1.23576e+06  0.908069  0 
0.736817  0.200465  2.01048e+06  0.801859  0 
0.172946  0.369722  961680  1.47889  0 
0.729204  0.200824  1.99632e+06  0.803298  0 
0.712688  0.201683  1.9656e+06  0.806733  0 
0.682237  0.201942  1.90896e+06  0.807768  0 
0.314237  0.229553  1.22448e+06  0.918211  0 
0.280688  0.238778  1.16208e+06  0.955113  0 
0.634624  0.203771  1.8204e+06  0.815083  0 
0.275785  0.239418  1.15296e+06  0.957673  0 
0.309333  0.230927  1.21536e+06  0.92371  0 
0.212043  0.288769  1.0344e+06  1.15508  0 
0.625204  0.204843  1.80288e+06  0.819371  0 
0.254366  0.244641  1.11312e+06  0.978566  0 
0.305333  0.23199  1.20792e+06  0.927961  0 
0.613333  0.205352  1.7808e+06  0.821408  0 
0.197204  0.324168  1.0068e+06  1.29667  0 
0.272043  0.241023  1.146e+06  0.964092  0 
0.220172  0.266021  1.04952e+06  1.06408  0 
0.607398  0.205868  1.76976e+06  0.823471  0 
0.300172  0.232849  1.19832e+06  0.931396  0 
0.26843  0.241402  1.13928e+06  0.965607  0 
0.235269  0.252912  1.0776e+06  1.01165  0 
0.586237  0.206018  1.7304e+06  0.824071  0 
0.565978  0.206779  1.69272e+06  0.827117  0 
0.442624  0.21362  1.46328e+06  0.854479  0 
0.22443  0.262995  1.05744e+06  1.05198  0 
0.287011  0.236605  1.17384e+06  0.94642  0 
0.265333  0.242506  1.13352e+06  0.970023  0 
0.205849  0.291422  1.02288e+06  1.16569  0 
0.249978  0.246831  1.10496e+06  0.987323  0 
0.164301  0.400889  945600  1.60355  0 
0.435527  0.214032  1.45008e+06  0.856129  0 
0.16172  0.411761  940800  1.64704  0 
0.562753  0.207384  1.68672e+06  0.829536  0 
0.55914  0.207409  1.68e+06  0.829634  0 
0.179785  0.342377  974400  1.36951  0 
0.469462  0.211669  1.5132e+06  0.846678  0 
0.556559  0.207608  1.6752e+06  0.830433  0 
0.398753  0.218115  1.38168e+06  0.872458  0 
0.546882  0.207755  1.6572e+06  0.831021  0 
0.297333  0.234793  1.19304e+06  0.939172  0 
0.419527  0.21644  1.42032e+06  0.865761  0 
0.29514  0.234803  1.18896e+06  0.939213  0 
0.350495  0.223617  1.29192e+06  0.894466  0 
0.215914  0.279581  1.0416e+06  1.11832  0 
0.466237  0.212195  1.5072e+06  0.848779  0 
0.394624  0.218453  1.374e+06  0.873811  0 
0.347785  0.223811  1.28688e+06  0.895245  0 
0.413849  0.216657  1.40976e+06  0.866629  0 
0.169333  0.389033  954960  1.55613  0 
0.381849  0.220868  1.35024e+06  0.883474  0 
0.433978  0.21498  1.4472e+06  0.859922  0 
0.237075  0.251949  1.08096e+06  1.0078  0 
0.463527  0.212383  1.50216e+06  0.84953  0 
0.327527  0.226067  1.2492e+06  0.904268  0 
0.392688  0.218666  1.3704e+06  0.874663  0 
0.363914  0.222028  1.31688e+06  0.888111  0 
0.319398  0.227309  1.23408e+06  0.909235  0 
0.35772  0.222403  1.30536e+06  0.889614  0 
0.491656  0.210085  1.55448e+06  0.84034  0 
0.219011  0.268595  1.04736e+06  1.07438  0 
0.346366  0.224125  1.28424e+06  0.896501  0 
0.375527  0.221126  1.33848e+06  0.884505  0 
0.39114  0.218889  1.36752e+06  0.875557  0 
0.307914  0.2313  1.21272e+06  0.9252  0 
0.43243  0.215323  1.44432e+06  0.861293  0 
0.312946  0.23036  1.22208e+06  0.921442  0 
0.408172  0.217201  1.3992e+06  0.868805  0 
0.676817  0.203246  1.89888e+06  0.812986  0 
0.299656  0.232892  1.19736e+06  0.931568  0 
0.404043  0.217266  1.39152e+06  0.869063  0 
0.249204  0.24832  1.10352e+06  0.993279  0 
0.310624  0.230465  1.21776e+06  0.921861  0 
0.323398  0.226558  1.24152e+06  0.906232  0 
0.542495  0.208755  1.64904e+06  0.835018  0 
0.536688  0.20877  1.63824e+06  0.83508  0 

