47260758.762454 45179240.352574 2081520.000000 1.590120 5.517924 45179238.762454 16 
3151109546041.550293 3151107587883.199707 1958160.000000 1.649335 315111.758788 3151107587881.550293 71 
81630474.231485 79713355.714227 1917120.000000 1.482742 8.971335 79713354.231485 65 
58475269056291.359375 58475266984372.843750 2071920.000000 1.486342 5847527.698437 58475266984371.359375 83 
25916568.773886 23879450.039317 2037120.000000 1.265430 3.387945 23879448.773886 3 
68824609.291698 66871491.157135 1953120.000000 1.865436 7.687149 66871489.291698 59 
56646664.149524 54821946.795543 1824720.000000 2.646018 6.482194 54821944.149524 47 
55544024.195816 53707305.726508 1836720.000000 1.530692 6.370730 53707304.195816 42 
50821327.880383 48841329.325592 1980000.000000 1.445209 5.884133 48841327.880383 32 
50481155.564348 48354277.225291 2126880.000000 1.660943 5.835428 48354275.564348 29 
60084387.446353 58218869.016152 1865520.000000 1.569799 6.821887 58218867.446353 51 
81085967.622068 78834768.774813 2251200.000000 1.152745 8.883477 78834767.622068 64 
27405748.449075 25326390.068968 2079360.000000 1.619894 3.532639 25326388.449075 5 
38829041.263103 36943603.074931 1885440.000000 1.811828 4.694360 36943601.263103 7 
62604742.362464 60818664.217215 1786080.000000 1.854751 7.081866 60818662.362464 53 
49221407.440800 47159089.214049 2062320.000000 1.773249 5.715909 47159087.440800 24 
47735328.535271 45699170.368453 2036160.000000 1.833182 5.569917 45699168.535271 17 
94287965.276847 92266207.672935 2021760.000000 2.396089 10.226621 92266205.276847 68 
62968522.000023 61114043.590612 1854480.000000 1.590589 7.111404 61114042.000023 54 
54131282.249791 52029124.264439 2102160.000000 2.014648 6.202912 52029122.249791 39 
35930384527250.039062 35930382434212.257812 2093040.000000 2.217524 3593039.243421 35930382434210.039062 79 
49017029.867375 46887751.457907 2129280.000000 1.590531 5.688775 46887749.867375 22 
17089554920267.640625 17089552825549.207031 2094720.000000 1.565749 1708956.282555 17089552825547.640625 76 
7179662718344.545898 7179660838906.782227 1879440.000000 2.236698 717967.083890 7179660838904.545898 72 
23540166.059927 21306007.459148 2234160.000000 1.399222 3.130601 21306006.059927 1 
46972007.490838 44710728.776783 2261280.000000 1.285945 5.471073 44710727.490838 15 
50505940.643323 48556421.931446 1949520.000000 1.288123 5.855642 48556420.643323 30 
49980058.971874 47893020.873822 2087040.000000 1.901948 5.789302 47893018.971874 26 
52803833.534360 50864155.342114 1939680.000000 1.807754 6.086415 50864153.534360 38 
16976239409727.830078 16976237364209.384766 2045520.000000 1.553753 1697624.736421 16976237364207.830078 75 
11200547602850.001953 11200545542451.535156 2060400.000000 1.533234 1120055.554245 11200545542450.001953 73 
73092932870510.312500 73092930717472.062500 2153040.000000 1.756357 7309294.071747 73092930717470.312500 84 
51139944.807698 49073546.628124 2066400.000000 1.820427 5.907354 49073544.807698 33 
68338982.137404 66520503.891613 1818480.000000 1.754210 7.652050 66520502.137404 58 
49472814.227177 47585456.059956 1887360.000000 1.832779 5.758545 47585454.227177 25 
51138425.143524 49233066.702350 1905360.000000 1.558826 5.923307 49233065.143524 33 
50424204.643745 48262046.295755 2162160.000000 1.652010 5.826204 48262044.643745 28 
86991650.353922 84795411.953275 2196240.000000 1.599353 9.479541 84795410.353922 66 
68035515.046150 66007036.872679 2028480.000000 1.826529 7.600704 66007035.046150 57 
58216496.162346 56132817.512019 2083680.000000 1.349672 6.613282 56132816.162346 49 
73822923.780918 71741645.007058 2081280.000000 1.226140 8.174164 71741643.780918 61 
44369869.270114 42336111.095365 2033760.000000 1.825251 5.233611 42336109.270114 12 
55969616.939460 54070499.212230 1899120.000000 2.272769 6.407050 54070496.939460 44 
59014422.816250 57069705.227501 1944720.000000 2.411251 6.706970 57069702.816250 50 
44407803823424.085938 44407801699905.960938 2123520.000000 1.872880 4440781.169990 44407801699904.085938 80 
61298414.063643 59088736.706388 2209680.000000 2.642744 6.908873 59088734.063643 52 
56150950.051260 54125111.606417 2025840.000000 1.555157 6.412511 54125110.051260 45 
45345314.152990 43322595.938288 2022720.000000 1.785298 5.332259 43322594.152990 13 
41552366.888749 39576449.388446 1975920.000000 2.499697 4.957645 39576446.888749 8 
48861305.809860 46968667.200432 1892640.000000 1.390573 5.696867 46968665.809860 22 
16211362820785.103516 16211360647346.484375 2173440.000000 1.380169 1621137.064735 16211360647345.103516 74 
67798203.607863 65701805.591965 2096400.000000 1.984102 7.570180 65701803.607863 56 
73395682661936.859375 73395680498579.093750 2163360.000000 2.232058 7339569.049858 73395680498576.859375 85 
47749983.203159 45874865.055838 1875120.000000 1.852678 5.587486 45874863.203159 18 
26773728.138810 24859249.904232 1914480.000000 1.765422 3.485925 24859248.138810 4 
43788223.954216 41865346.323595 1922880.000000 2.369380 5.186534 41865343.954216 11 
128665381.412625 126632823.176996 2032560.000000 1.764370 13.663282 126632821.412625 69 
54256149.534108 52203192.182600 2052960.000000 2.648492 6.220319 52203189.534108 40 
66540542.898647 64546624.827841 1993920.000000 1.929195 7.454662 64546622.898647 55 
47812453.194249 45863894.854067 1948560.000000 1.659818 5.586389 45863893.194249 19 
56291780874865.320312 56291778910706.687500 1964160.000000 1.366948 5629178.891071 56291778910705.320312 82 
77626758.353355 75728600.048988 1898160.000000 1.695633 8.572860 75728598.353355 63 
31141065807191.742188 31141063784233.531250 2022960.000000 1.788151 3114107.378423 31141063784231.742188 77 
75663822.203474 73498543.429913 2165280.000000 1.226439 8.349854 73498542.203474 62 
87223653.178793 85169495.251863 2054160.000000 2.073070 9.516949 85169493.178793 67 
55915507.342735 53862068.958785 2053440.000000 1.616050 6.386207 53862067.342735 43 
35916581488299.585938 35916579356141.375000 2132160.000000 1.788960 3591658.935614 35916579356139.585938 78 
52290729.477562 50350090.802687 1940640.000000 1.325125 6.035009 50350089.477562 36 
50380490.834306 48326331.950152 2054160.000000 1.115846 5.832633 48326330.834306 28 
128701783777007.156250 128701781754050.203125 2022960.000000 3.049981 12870179.175405 128701781754047.156250 89 
52134206.740762 50237008.103673 1897200.000000 1.362912 6.023701 50237006.740762 35 
24060535.954988 21929817.269633 2130720.000000 1.314646 3.192982 21929815.954988 2 
54515689.023050 52596891.435772 1918800.000000 2.412722 6.259689 52596889.023050 41 
114157933238684.984375 114157931182606.593750 2056080.000000 1.602755 11415794.118260 114157931182604.984375 88 
79558594760903.406250 79558592908345.031250 1852560.000000 1.622777 7955860.290834 79558592908343.406250 86 
71667561.151126 69721882.696569 1945680.000000 1.545442 7.972188 69721881.151126 60 
33610873.331957 31624154.719465 1986720.000000 1.387508 4.162415 31624153.331957 6 
56099492033301.593750 56099490010583.492188 2022720.000000 1.895606 5609950.001058 56099490010581.593750 81 
47751639.330557 45831881.074791 1919760.000000 1.744234 5.583188 45831879.330557 18 
20536997.887569 18586519.572599 1950480.000000 1.685030 2.858652 18586517.887569 0 
43892215.657840 41847897.029835 2044320.000000 1.371995 5.184790 41847895.657840 11 
50300627.141696 48392868.896444 1907760.000000 1.754748 5.839287 48392867.141696 28 
50135249.656598 48049411.276700 2085840.000000 1.620102 5.804941 48049409.656598 27 
56327209.749503 54249051.670453 2078160.000000 1.920950 6.424905 54249049.749503 46 
54186651.715381 51979612.925940 2207040.000000 1.210558 6.197961 51979611.715381 39 
41832963.390702 39869285.130571 1963680.000000 1.739870 4.986928 39869283.390702 9 
45743563.593369 43789964.836829 1953600.000000 1.243460 5.378996 43789963.593369 14 
155423477961901.125000 155423475943502.406250 2018400.000000 1.285796 15542348.594350 155423475943501.125000 90 
106617360142374.328125 106617358090615.484375 2051760.000000 1.163482 10661736.809061 106617358090614.328125 87 
50784047.542947 48701568.791305 2082480.000000 1.248358 5.870157 48701567.542947 31 
48041000.461337 46073721.884886 1967280.000000 1.423549 5.607372 46073720.461337 20 
49040361.730200 47139323.521308 1901040.000000 1.791108 5.713932 47139321.730200 23 
57158144.970278 55127987.049863 2030160.000000 2.079584 6.512798 55127984.970278 48 
89143491777.960602 89141427299.759888 2064480.000000 1.799279 8915.142730 89141427297.960602 70 
42908456.904486 41035019.355896 1873440.000000 2.451410 5.103502 41035016.904486 10 
42948154.825618 40996716.378995 1951440.000000 1.553377 5.099671 40996714.825618 10 
48164569.415846 46274570.515313 1890000.000000 1.099467 5.627457 46274569.415846 21 
51659314.003809 49551876.319667 2107440.000000 2.315857 5.955187 49551874.003809 34 
48953334.203248 46960857.277982 1992480.000000 3.074734 5.696085 46960854.203248 22 
52337922.683316 50512484.369435 1825440.000000 1.686119 6.051248 50512482.683316 37 
#Generacion: 1 
#Distancia: 789.276667 
1233360.000000 1.156749 1233360.000000 1.156749 0.994198 0.000000 0 
1777680.000000 0.847315 1777680.000000 0.847315 0.992587 0.000000 0 
1353120.000000 0.909713 1353120.000000 0.909713 0.996271 0.000000 0 
1415520.000000 0.892502 1415520.000000 0.892502 0.989965 0.000000 0 
1464240.000000 0.874896 1464240.000000 0.874896 0.997936 0.000000 0 
1558800.000000 0.864002 1558800.000000 0.864002 0.993741 0.000000 0 
1553280.000000 0.866256 1553280.000000 0.866256 0.995119 0.000000 0 
1410960.000000 0.892995 1410960.000000 0.892995 0.981941 0.000000 0 
1464960.000000 0.872437 1464960.000000 0.872437 0.998031 0.000000 0 
1609920.000000 0.854557 1609920.000000 0.854557 0.991608 0.000000 0 
1602240.000000 0.854898 1602240.000000 0.854898 0.990084 0.000000 0 
1847760.000000 0.842656 1847760.000000 0.842656 0.999705 0.000000 0 
1579440.000000 0.863284 1579440.000000 0.863284 0.990179 0.000000 0 
1335120.000000 0.922773 1335120.000000 0.922773 0.994366 0.000000 0 
1286880.000000 0.972201 1286880.000000 0.972201 0.988077 0.000000 0 
1351440.000000 0.917506 1351440.000000 0.917506 0.995679 0.000000 0 
1579920.000000 0.858647 1579920.000000 0.858647 0.991765 0.000000 0 
1239360.000000 1.067308 1239360.000000 1.067308 0.995580 0.000000 0 
1729440.000000 0.848794 1729440.000000 0.848794 0.995467 0.000000 0 
1608000.000000 0.854627 1608000.000000 0.854627 0.994774 0.000000 0 
1530720.000000 0.870271 1530720.000000 0.870271 0.999721 0.000000 0 
1326720.000000 0.933984 1326720.000000 0.933984 0.982451 0.000000 0 
1691760.000000 0.849157 1691760.000000 0.849157 0.989723 0.000000 0 
1579440.000000 0.863284 1579440.000000 0.863284 0.990179 0.000000 0 
1542720.000000 0.868967 1542720.000000 0.868967 0.999703 0.000000 0 
1294800.000000 0.953050 1294800.000000 0.953050 0.992136 0.000000 0 
1582320.000000 0.858627 1582320.000000 0.858627 0.994214 0.000000 0 
1376160.000000 0.898863 1376160.000000 0.898863 0.996529 0.000000 0 
1691760.000000 0.849157 1691760.000000 0.849157 0.989723 0.000000 0 
1326720.000000 0.933984 1326720.000000 0.933984 0.982451 0.000000 0 
1506960.000000 0.871123 1506960.000000 0.871123 0.999017 0.000000 0 
1624560.000000 0.853381 1624560.000000 0.853381 0.979031 0.000000 0 
1304880.000000 0.943772 1304880.000000 0.943772 0.985011 0.000000 0 
1647120.000000 0.852033 1647120.000000 0.852033 0.992955 0.000000 0 
1251120.000000 0.982382 1251120.000000 0.982382 0.997335 0.000000 0 
1579920.000000 0.858647 1579920.000000 0.858647 0.991765 0.000000 0 
1418880.000000 0.876538 1418880.000000 0.876538 0.989967 0.000000 0 
1600560.000000 0.857416 1600560.000000 0.857416 0.997927 0.000000 0 
1395600.000000 0.897428 1395600.000000 0.897428 0.995989 0.000000 0 
1296240.000000 0.949508 1296240.000000 0.949508 0.986150 0.000000 0 
1552800.000000 0.867577 1552800.000000 0.867577 0.998460 0.000000 0 
1286880.000000 0.972201 1286880.000000 0.972201 0.988077 0.000000 0 
1233840.000000 1.194395 1233840.000000 1.194395 0.986496 0.000000 1 
1858080.000000 0.844304 1858080.000000 0.844304 0.995692 0.000000 1 
1244400.000000 1.076483 1244400.000000 1.076483 0.990131 0.000000 1 
1243920.000000 1.155567 1243920.000000 1.155567 0.994676 0.000000 1 
1276320.000000 1.019274 1276320.000000 1.019274 0.999013 0.000000 1 
1778160.000000 0.847388 1778160.000000 0.847388 0.990962 0.000000 1 
1238400.000000 1.166617 1238400.000000 1.166617 0.988704 0.000000 1 
1738080.000000 0.849979 1738080.000000 0.849979 0.989067 0.000000 1 
1625280.000000 0.853974 1625280.000000 0.853974 0.993489 0.000000 1 
1260720.000000 1.025144 1260720.000000 1.025144 0.994041 0.000000 1 
1285440.000000 0.989369 1285440.000000 0.989369 0.996735 0.000000 1 
1256640.000000 1.046697 1256640.000000 1.046697 0.998363 0.000000 1 
1680000.000000 0.853102 1680000.000000 0.853102 0.995167 0.000000 1 
1712640.000000 0.852534 1712640.000000 0.852534 0.993971 0.000000 1 
1290960.000000 0.983976 1290960.000000 0.983976 0.989124 0.000000 1 
1296240.000000 0.962270 1296240.000000 0.962270 0.995521 0.000000 1 
1494480.000000 0.872508 1494480.000000 0.872508 0.995739 0.000000 1 
1554240.000000 0.867151 1554240.000000 0.867151 0.997690 0.000000 1 
1778160.000000 0.847388 1778160.000000 0.847388 0.990962 0.000000 1 
1256640.000000 1.046697 1256640.000000 1.046697 0.998363 0.000000 1 
1310640.000000 0.948090 1310640.000000 0.948090 0.984425 0.000000 1 
1341840.000000 0.923440 1341840.000000 0.923440 0.993953 0.000000 1 
1302720.000000 0.962006 1302720.000000 0.962006 0.994987 0.000000 1 
1538400.000000 0.871162 1538400.000000 0.871162 0.992616 0.000000 1 
1366320.000000 0.910055 1366320.000000 0.910055 0.992188 0.000000 1 
1684320.000000 0.853092 1684320.000000 0.853092 0.997129 0.000000 1 
1525920.000000 0.871897 1525920.000000 0.871897 0.990277 0.000000 1 
1425600.000000 0.891268 1425600.000000 0.891268 0.992414 0.000000 1 
1435440.000000 0.883346 1435440.000000 0.883346 0.990319 0.000000 1 
1356240.000000 0.918520 1356240.000000 0.918520 0.993989 0.000000 1 
1598640.000000 0.860404 1598640.000000 0.860404 0.998638 0.000000 1 
1385520.000000 0.903896 1385520.000000 0.903896 0.993835 0.000000 1 
1339680.000000 0.932135 1339680.000000 0.932135 0.989708 0.000000 1 
1483680.000000 0.876426 1483680.000000 0.876426 0.985915 0.000000 1 
1328160.000000 0.942284 1328160.000000 0.942284 0.990008 0.000000 1 
1616400.000000 0.857332 1616400.000000 0.857332 0.996210 0.000000 1 
1607760.000000 0.857858 1607760.000000 0.857858 0.989461 0.000000 1 
1470000.000000 0.880567 1470000.000000 0.880567 0.986480 0.000000 1 
1573440.000000 0.865594 1573440.000000 0.865594 0.993807 0.000000 1 
1459680.000000 0.881575 1459680.000000 0.881575 0.990652 0.000000 1 
1474560.000000 0.876970 1474560.000000 0.876970 0.998103 0.000000 1 
1420560.000000 0.893231 1420560.000000 0.893231 0.987029 0.000000 1 
1450560.000000 0.881629 1450560.000000 0.881629 0.987088 0.000000 1 
1316880.000000 0.946812 1316880.000000 0.946812 0.986055 0.000000 1 
1404240.000000 0.900486 1404240.000000 0.900486 0.990206 0.000000 1 
1323600.000000 0.944303 1323600.000000 0.944303 0.989245 0.000000 1 
1361280.000000 0.917194 1361280.000000 0.917194 0.996037 0.000000 1 
1441200.000000 0.882612 1441200.000000 0.882612 0.987632 0.000000 1 
1361520.000000 0.910682 1361520.000000 0.910682 0.992269 0.000000 1 
1414800.000000 0.896878 1414800.000000 0.896878 0.978002 0.000000 1 
1574400.000000 0.865567 1574400.000000 0.865567 0.992541 0.000000 1 
1396080.000000 0.903091 1396080.000000 0.903091 0.984415 0.000000 1 
1582800.000000 0.860972 1582800.000000 0.860972 0.992804 0.000000 1 
1582800.000000 0.860972 1582800.000000 0.860972 0.992804 0.000000 1 
1289040.000000 0.988075 1289040.000000 0.988075 0.995446 0.000000 1 
1525920.000000 0.871897 1525920.000000 0.871897 0.990277 0.000000 1 
1399920.000000 0.902478 1399920.000000 0.902478 0.983256 0.000000 1 
1385520.000000 0.903896 1385520.000000 0.903896 0.993835 0.000000 1 
#Generacion: 500 
#Distancia: 237.107071 
1123920.000000 1.135659 1123920.000000 1.135659 0.986740 0.000000 0 
1136640.000000 1.043521 1136640.000000 1.043521 0.989771 0.000000 0 
1176720.000000 1.028894 1176720.000000 1.028894 0.994382 0.000000 0 
1196880.000000 0.973737 1196880.000000 0.973737 0.992647 0.000000 0 
1186560.000000 1.004282 1186560.000000 1.004282 0.993842 0.000000 0 
1195200.000000 0.999505 1195200.000000 0.999505 0.993833 0.000000 0 
1147920.000000 1.029903 1147920.000000 1.029903 0.996383 0.000000 0 
1619040.000000 0.832630 1619040.000000 0.832630 0.981970 0.000000 0 
1564080.000000 0.832855 1564080.000000 0.832855 0.999562 0.000000 0 
1287360.000000 0.909206 1287360.000000 0.909206 0.991797 0.000000 0 
1510560.000000 0.847298 1510560.000000 0.847298 0.996789 0.000000 0 
1307520.000000 0.897831 1307520.000000 0.897831 0.991719 0.000000 0 
1211280.000000 0.963744 1211280.000000 0.963744 0.981689 0.000000 0 
1223040.000000 0.952194 1223040.000000 0.952194 0.979872 0.000000 0 
1249920.000000 0.930451 1249920.000000 0.930451 0.991544 0.000000 0 
1625520.000000 0.832530 1625520.000000 0.832530 0.995242 0.000000 0 
1325760.000000 0.891021 1325760.000000 0.891021 0.993592 0.000000 0 
1206240.000000 0.965426 1206240.000000 0.965426 0.985917 0.000000 0 
1452480.000000 0.861168 1452480.000000 0.861168 0.999820 0.000000 0 
1260480.000000 0.923229 1260480.000000 0.923229 0.995881 0.000000 0 
1557600.000000 0.833091 1557600.000000 0.833091 0.995606 0.000000 0 
1545120.000000 0.843207 1545120.000000 0.843207 0.993186 0.000000 0 
1141440.000000 1.042100 1141440.000000 1.042100 0.996038 0.000000 0 
1656000.000000 0.831991 1656000.000000 0.831991 0.987912 0.000000 0 
1328640.000000 0.890025 1328640.000000 0.890025 0.995490 0.000000 0 
1241040.000000 0.947704 1241040.000000 0.947704 0.990542 0.000000 0 
1277760.000000 0.918647 1277760.000000 0.918647 0.982312 0.000000 0 
1266000.000000 0.921907 1266000.000000 0.921907 0.985914 0.000000 0 
1349280.000000 0.887602 1349280.000000 0.887602 0.992398 0.000000 0 
1656960.000000 0.831682 1656960.000000 0.831682 0.989895 0.000000 0 
1290960.000000 0.898816 1290960.000000 0.898816 0.993363 0.000000 0 
1463760.000000 0.858312 1463760.000000 0.858312 0.991583 0.000000 0 
1501440.000000 0.853703 1501440.000000 0.853703 0.994903 0.000000 0 
1394880.000000 0.868081 1394880.000000 0.868081 0.996098 0.000000 0 
1224960.000000 0.950219 1224960.000000 0.950219 0.992136 0.000000 0 
1290960.000000 0.898816 1290960.000000 0.898816 0.993363 0.000000 0 
1277760.000000 0.918647 1277760.000000 0.918647 0.982312 0.000000 0 
1354800.000000 0.884356 1354800.000000 0.884356 0.998632 0.000000 0 
1414320.000000 0.866933 1414320.000000 0.866933 0.977990 0.000000 0 
1409280.000000 0.867473 1409280.000000 0.867473 0.989851 0.000000 0 
1501440.000000 0.853703 1501440.000000 0.853703 0.994903 0.000000 0 
1372080.000000 0.879346 1372080.000000 0.879346 0.998994 0.000000 0 
1234320.000000 0.948478 1234320.000000 0.948478 0.990550 0.000000 0 
1435200.000000 0.864912 1435200.000000 0.864912 0.997600 0.000000 0 
1372800.000000 0.876854 1372800.000000 0.876854 0.983190 0.000000 0 
1350240.000000 0.887593 1350240.000000 0.887593 0.994509 0.000000 0 
1400640.000000 0.867691 1400640.000000 0.867691 0.997996 0.000000 0 
1362720.000000 0.883954 1362720.000000 0.883954 0.992818 0.000000 0 
1540800.000000 0.843913 1540800.000000 0.843913 0.996701 0.000000 0 
1422480.000000 0.865905 1422480.000000 0.865905 0.993438 0.000000 0 
1368960.000000 0.881478 1368960.000000 0.881478 0.985565 0.000000 0 
1428960.000000 0.864955 1428960.000000 0.864955 0.978927 0.000000 0 
1361280.000000 0.884196 1361280.000000 0.884196 0.980703 0.000000 0 
1422480.000000 0.865905 1422480.000000 0.865905 0.993438 0.000000 0 
1241040.000000 0.947704 1241040.000000 0.947704 0.990542 0.000000 0 
1234320.000000 0.948478 1234320.000000 0.948478 0.990550 0.000000 0 
1141440.000000 1.042100 1141440.000000 1.042100 0.996038 0.000000 0 
1564080.000000 0.832855 1564080.000000 0.832855 0.999562 0.000000 0 
1557600.000000 0.833091 1557600.000000 0.833091 0.995606 0.000000 0 
1367760.000000 0.882004 1367760.000000 0.882004 0.991936 0.000000 0 
1372800.000000 0.876854 1372800.000000 0.876854 0.983190 0.000000 0 
1429920.000000 0.864919 1429920.000000 0.864919 0.978793 0.000000 0 
1545120.000000 0.843207 1545120.000000 0.843207 0.993186 0.000000 0 
1367760.000000 0.882004 1367760.000000 0.882004 0.991936 0.000000 0 
1397760.000000 0.867750 1397760.000000 0.867750 0.998121 0.000000 0 
1540800.000000 0.843913 1540800.000000 0.843913 0.996701 0.000000 0 
1398720.000000 0.867714 1398720.000000 0.867714 0.998083 0.000000 0 
1656000.000000 0.831991 1656000.000000 0.831991 0.987912 0.000000 0 
1656960.000000 0.831682 1656960.000000 0.831682 0.989895 0.000000 0 
1429440.000000 0.864931 1429440.000000 0.864931 0.998256 0.000000 0 
1398720.000000 0.867714 1398720.000000 0.867714 0.998083 0.000000 0 
1350240.000000 0.887593 1350240.000000 0.887593 0.994509 0.000000 0 
1557600.000000 0.833091 1557600.000000 0.833091 0.995606 0.000000 0 
1290960.000000 0.898816 1290960.000000 0.898816 0.993363 0.000000 0 
1241040.000000 0.947704 1241040.000000 0.947704 0.990542 0.000000 0 
1714560.000000 0.828415 1714560.000000 0.828415 0.989601 0.000000 0 
1215600.000000 0.958952 1215600.000000 0.958952 0.978673 0.000000 0 
1414320.000000 0.866933 1414320.000000 0.866933 0.977990 0.000000 0 
1147920.000000 1.029903 1147920.000000 1.029903 0.996383 0.000000 0 
1465680.000000 0.855325 1465680.000000 0.855325 0.989540 0.000000 0 
1372800.000000 0.876854 1372800.000000 0.876854 0.983190 0.000000 0 
1244880.000000 0.935994 1244880.000000 0.935994 0.983989 0.000000 0 
1534080.000000 0.844022 1534080.000000 0.844022 0.997308 0.000000 0 
1534080.000000 0.844022 1534080.000000 0.844022 0.997308 0.000000 0 
1380480.000000 0.873503 1380480.000000 0.873503 0.987396 0.000000 0 
1475040.000000 0.854910 1475040.000000 0.854910 0.986459 0.000000 0 
1129920.000000 1.043979 1129920.000000 1.043979 0.991879 0.000000 0 
1435920.000000 0.861294 1435920.000000 0.861294 0.991793 0.000000 0 
1677840.000000 0.831133 1677840.000000 0.831133 0.978381 0.000000 0 
1129920.000000 1.095830 1129920.000000 1.095830 0.995260 0.000000 1 
1129920.000000 1.095830 1129920.000000 1.095830 0.995260 0.000000 1 
1681920.000000 0.831615 1681920.000000 0.831615 0.987026 0.000000 1 
1708560.000000 0.831246 1708560.000000 0.831246 0.989490 0.000000 1 
1489920.000000 0.854955 1489920.000000 0.854955 0.978510 0.000000 1 
1437360.000000 0.862298 1437360.000000 0.862298 0.997882 0.000000 1 
1381440.000000 0.875385 1381440.000000 0.875385 0.985138 0.000000 1 
1389360.000000 0.873543 1389360.000000 0.873543 0.989695 0.000000 1 
1489920.000000 0.854955 1489920.000000 0.854955 0.978510 0.000000 1 
1709520.000000 0.831187 1709520.000000 0.831187 0.993971 0.000000 1 
1708560.000000 0.831246 1708560.000000 0.831246 0.989490 0.000000 1 
#Generacion: 1000 
#Distancia: 198.484343 
1730160.000000 0.822886 1730160.000000 0.822886 0.985619 0.000000 0 
1089600.000000 1.089223 1089600.000000 1.089223 0.990540 0.000000 0 
1177440.000000 0.954974 1177440.000000 0.954974 0.997695 0.000000 0 
1172880.000000 0.978207 1172880.000000 0.978207 0.983987 0.000000 0 
1678080.000000 0.823180 1678080.000000 0.823180 0.999528 0.000000 0 
1105680.000000 1.071513 1105680.000000 1.071513 0.991314 0.000000 0 
1208400.000000 0.944859 1208400.000000 0.944859 0.994338 0.000000 0 
1128480.000000 1.035093 1128480.000000 1.035093 0.994365 0.000000 0 
1652160.000000 0.825729 1652160.000000 0.825729 0.987219 0.000000 0 
1211280.000000 0.926967 1211280.000000 0.926967 0.999847 0.000000 0 
1130400.000000 1.018034 1130400.000000 1.018034 0.994402 0.000000 0 
1140240.000000 1.017419 1140240.000000 1.017419 0.993466 0.000000 0 
1221840.000000 0.925495 1221840.000000 0.925495 0.999379 0.000000 0 
1310160.000000 0.882000 1310160.000000 0.882000 0.999177 0.000000 0 
1151280.000000 1.004796 1151280.000000 1.004796 0.974736 0.000000 0 
1542960.000000 0.831303 1542960.000000 0.831303 0.995887 0.000000 0 
1234320.000000 0.914064 1234320.000000 0.914064 0.995483 0.000000 0 
1591200.000000 0.828681 1591200.000000 0.828681 0.992900 0.000000 0 
1620480.000000 0.827435 1620480.000000 0.827435 0.999965 0.000000 0 
1198800.000000 0.951555 1198800.000000 0.951555 0.998392 0.000000 0 
1570080.000000 0.830603 1570080.000000 0.830603 0.995352 0.000000 0 
1117440.000000 1.055456 1117440.000000 1.055456 0.999308 0.000000 0 
1160160.000000 0.994158 1160160.000000 0.994158 0.988778 0.000000 0 
1163040.000000 0.983348 1163040.000000 0.983348 0.988853 0.000000 0 
1112400.000000 1.066780 1112400.000000 1.066780 0.991118 0.000000 0 
1671600.000000 0.825719 1671600.000000 0.825719 0.990026 0.000000 0 
1122240.000000 1.045718 1122240.000000 1.045718 0.990167 0.000000 0 
1240320.000000 0.906578 1240320.000000 0.906578 0.997645 0.000000 0 
1613280.000000 0.828620 1613280.000000 0.828620 0.995574 0.000000 0 
1534560.000000 0.838254 1534560.000000 0.838254 0.996728 0.000000 0 
1120080.000000 1.054635 1120080.000000 1.054635 0.998170 0.000000 0 
1329600.000000 0.879350 1329600.000000 0.879350 0.999320 0.000000 0 
1484160.000000 0.843971 1484160.000000 0.843971 0.998399 0.000000 0 
1389600.000000 0.861576 1389600.000000 0.861576 0.988610 0.000000 0 
1260480.000000 0.902486 1260480.000000 0.902486 0.992511 0.000000 0 
1405680.000000 0.860531 1405680.000000 0.860531 0.992115 0.000000 0 
1575600.000000 0.829471 1575600.000000 0.829471 0.992447 0.000000 0 
1537200.000000 0.834052 1537200.000000 0.834052 0.999213 0.000000 0 
1364400.000000 0.873309 1364400.000000 0.873309 0.984274 0.000000 0 
1234320.000000 0.914064 1234320.000000 0.914064 0.995483 0.000000 0 
1354320.000000 0.874416 1354320.000000 0.874416 0.985545 0.000000 0 
1127520.000000 1.040926 1127520.000000 1.040926 0.992702 0.000000 0 
1250880.000000 0.902741 1250880.000000 0.902741 0.996087 0.000000 0 
1342800.000000 0.876533 1342800.000000 0.876533 0.998100 0.000000 0 
1154400.000000 0.994355 1154400.000000 0.994355 0.988346 0.000000 0 
1496640.000000 0.841257 1496640.000000 0.841257 0.998271 0.000000 0 
1168080.000000 0.982978 1168080.000000 0.982978 0.988649 0.000000 0 
1301760.000000 0.893416 1301760.000000 0.893416 0.995721 0.000000 0 
1463520.000000 0.845709 1463520.000000 0.845709 0.994555 0.000000 0 
1242960.000000 0.905017 1242960.000000 0.905017 0.997185 0.000000 0 
1519680.000000 0.838575 1519680.000000 0.838575 0.995273 0.000000 0 
1470480.000000 0.845378 1470480.000000 0.845378 0.987788 0.000000 0 
1493520.000000 0.843678 1493520.000000 0.843678 0.997205 0.000000 0 
1308720.000000 0.888822 1308720.000000 0.888822 0.990766 0.000000 0 
1274400.000000 0.901282 1274400.000000 0.901282 0.992280 0.000000 0 
1105920.000000 1.070519 1105920.000000 1.070519 0.996680 0.000000 0 
1451280.000000 0.846565 1451280.000000 0.846565 0.994474 0.000000 0 
1372320.000000 0.867366 1372320.000000 0.867366 0.994559 0.000000 0 
1415760.000000 0.856369 1415760.000000 0.856369 0.991967 0.000000 0 
1330320.000000 0.878681 1330320.000000 0.878681 0.998418 0.000000 0 
1206480.000000 0.950366 1206480.000000 0.950366 0.996923 0.000000 0 
1152480.000000 1.000560 1152480.000000 1.000560 0.983558 0.000000 0 
1122960.000000 1.042680 1122960.000000 1.042680 0.994736 0.000000 0 
1344240.000000 0.874842 1344240.000000 0.874842 0.985909 0.000000 0 
1446720.000000 0.850935 1446720.000000 0.850935 0.994620 0.000000 0 
1517280.000000 0.839101 1517280.000000 0.839101 0.995035 0.000000 0 
1112400.000000 1.066780 1112400.000000 1.066780 0.991118 0.000000 0 
1437600.000000 0.851814 1437600.000000 0.851814 0.977239 0.000000 0 
1296480.000000 0.894471 1296480.000000 0.894471 0.980036 0.000000 0 
1425600.000000 0.855444 1425600.000000 0.855444 0.995707 0.000000 0 
1410480.000000 0.859159 1410480.000000 0.859159 0.991426 0.000000 0 
1306080.000000 0.889307 1306080.000000 0.889307 0.995832 0.000000 0 
1428240.000000 0.853228 1428240.000000 0.853228 0.990299 0.000000 0 
1217040.000000 0.925812 1217040.000000 0.925812 0.998653 0.000000 0 
1382880.000000 0.862324 1382880.000000 0.862324 0.992789 0.000000 0 
1506000.000000 0.839594 1506000.000000 0.839594 0.999150 0.000000 0 
1375440.000000 0.865425 1375440.000000 0.865425 0.991504 0.000000 0 
1436160.000000 0.852864 1436160.000000 0.852864 0.989149 0.000000 0 
1285680.000000 0.897910 1285680.000000 0.897910 0.997946 0.000000 0 
1506000.000000 0.839594 1506000.000000 0.839594 0.999150 0.000000 0 
1364640.000000 0.868335 1364640.000000 0.868335 0.996064 0.000000 0 
1290720.000000 0.894996 1290720.000000 0.894996 0.991349 0.000000 0 
1279920.000000 0.898698 1279920.000000 0.898698 0.993752 0.000000 0 
1286880.000000 0.895537 1286880.000000 0.895537 0.986376 0.000000 0 
1414080.000000 0.858024 1414080.000000 0.858024 0.992903 0.000000 0 
1274640.000000 0.900738 1274640.000000 0.900738 0.999566 0.000000 0 
1151280.000000 1.004796 1151280.000000 1.004796 0.974736 0.000000 0 
1152480.000000 1.000560 1152480.000000 1.000560 0.983558 0.000000 0 
1450320.000000 0.850235 1450320.000000 0.850235 0.998197 0.000000 0 
1136160.000000 1.017777 1136160.000000 1.017777 0.994970 0.000000 0 
1204800.000000 0.950606 1204800.000000 0.950606 0.991579 0.000000 0 
1618800.000000 0.828198 1618800.000000 0.828198 0.992053 0.000000 0 
1364640.000000 0.868335 1364640.000000 0.868335 0.996064 0.000000 0 
1450560.000000 0.847812 1450560.000000 0.847812 0.985895 0.000000 0 
1379280.000000 0.863065 1379280.000000 0.863065 0.993946 0.000000 0 
1379040.000000 0.864771 1379040.000000 0.864771 0.989059 0.000000 0 
1425840.000000 0.854451 1425840.000000 0.854451 0.989716 0.000000 0 
1468560.000000 0.845498 1468560.000000 0.845498 0.992768 0.000000 0 
1280640.000000 0.898202 1280640.000000 0.898202 0.991303 0.000000 0 
1308480.000000 0.889084 1308480.000000 0.889084 0.988369 0.000000 0 
#Generacion: 1500 
#Distancia: 197.181111 
1752720.000000 0.811513 1752720.000000 0.811513 0.995203 0.000000 0 
1086000.000000 1.111003 1086000.000000 1.111003 0.999487 0.000000 0 
1086000.000000 1.111003 1086000.000000 1.111003 0.999487 0.000000 0 
1105440.000000 1.055291 1105440.000000 1.055291 0.985829 0.000000 0 
1104240.000000 1.074970 1104240.000000 1.074970 0.987782 0.000000 0 
1441440.000000 0.847495 1441440.000000 0.847495 0.996729 0.000000 0 
1206480.000000 0.935488 1206480.000000 0.935488 0.998596 0.000000 0 
1410480.000000 0.851202 1410480.000000 0.851202 0.990166 0.000000 0 
1694640.000000 0.815871 1694640.000000 0.815871 0.996461 0.000000 0 
1115280.000000 1.027640 1115280.000000 1.027640 0.999661 0.000000 0 
1109280.000000 1.040763 1109280.000000 1.040763 0.982199 0.000000 0 
1661040.000000 0.816787 1661040.000000 0.816787 0.986951 0.000000 0 
1626480.000000 0.820480 1626480.000000 0.820480 0.996943 0.000000 0 
1147440.000000 0.988489 1147440.000000 0.988489 0.990298 0.000000 0 
1214400.000000 0.916496 1214400.000000 0.916496 0.996775 0.000000 0 
1087440.000000 1.094093 1087440.000000 1.094093 0.997452 0.000000 0 
1177440.000000 0.954974 1177440.000000 0.954974 0.997695 0.000000 0 
1133520.000000 1.007962 1133520.000000 1.007962 0.996221 0.000000 0 
1602480.000000 0.823528 1602480.000000 0.823528 0.995526 0.000000 0 
1097760.000000 1.077340 1097760.000000 1.077340 0.990345 0.000000 0 
1597440.000000 0.824300 1597440.000000 0.824300 0.992106 0.000000 0 
1637760.000000 0.820354 1637760.000000 0.820354 0.985247 0.000000 0 
1091040.000000 1.085581 1091040.000000 1.085581 0.990247 0.000000 0 
1153440.000000 0.975529 1153440.000000 0.975529 0.990675 0.000000 0 
1568880.000000 0.824909 1568880.000000 0.824909 0.996867 0.000000 0 
1141920.000000 0.999031 1141920.000000 0.999031 0.997243 0.000000 0 
1171680.000000 0.966852 1171680.000000 0.966852 0.996642 0.000000 0 
1207440.000000 0.921690 1207440.000000 0.921690 0.992912 0.000000 0 
1475040.000000 0.840436 1475040.000000 0.840436 0.994527 0.000000 0 
1660800.000000 0.819701 1660800.000000 0.819701 0.983768 0.000000 0 
1222800.000000 0.910824 1222800.000000 0.910824 0.998287 0.000000 0 
1288800.000000 0.887005 1288800.000000 0.887005 0.991220 0.000000 0 
1142400.000000 0.989046 1142400.000000 0.989046 0.997433 0.000000 0 
1717680.000000 0.814481 1717680.000000 0.814481 0.996206 0.000000 0 
1297200.000000 0.883166 1297200.000000 0.883166 0.999758 0.000000 0 
1513920.000000 0.837303 1513920.000000 0.837303 0.989277 0.000000 0 
1735440.000000 0.812186 1735440.000000 0.812186 0.992060 0.000000 0 
1322160.000000 0.877867 1322160.000000 0.877867 0.985377 0.000000 0 
1494240.000000 0.839150 1494240.000000 0.839150 0.988157 0.000000 0 
1407600.000000 0.854677 1407600.000000 0.854677 0.992220 0.000000 0 
1106400.000000 1.048167 1106400.000000 1.048167 0.996418 0.000000 0 
1123680.000000 1.015433 1123680.000000 1.015433 0.992832 0.000000 0 
1392960.000000 0.855438 1392960.000000 0.855438 0.993618 0.000000 0 
1156560.000000 0.970567 1156560.000000 0.970567 0.998166 0.000000 0 
1362960.000000 0.867281 1362960.000000 0.867281 0.997561 0.000000 0 
1204560.000000 0.942955 1204560.000000 0.942955 0.997596 0.000000 0 
1232400.000000 0.910617 1232400.000000 0.910617 0.998997 0.000000 0 
1268880.000000 0.898119 1268880.000000 0.898119 0.990827 0.000000 0 
1355040.000000 0.868059 1355040.000000 0.868059 0.992675 0.000000 0 
1498320.000000 0.838715 1498320.000000 0.838715 0.974330 0.000000 0 
1117920.000000 1.022543 1117920.000000 1.022543 0.992799 0.000000 0 
1368000.000000 0.862142 1368000.000000 0.862142 0.997267 0.000000 0 
1162800.000000 0.967923 1162800.000000 0.967923 0.998983 0.000000 0 
1327200.000000 0.872831 1327200.000000 0.872831 0.989868 0.000000 0 
1465440.000000 0.842949 1465440.000000 0.842949 0.982295 0.000000 0 
1239360.000000 0.906817 1239360.000000 0.906817 0.997599 0.000000 0 
1726800.000000 0.812190 1726800.000000 0.812190 0.993018 0.000000 0 
1550400.000000 0.830410 1550400.000000 0.830410 0.989358 0.000000 0 
1380480.000000 0.857954 1380480.000000 0.857954 0.993588 0.000000 0 
1088640.000000 1.089285 1088640.000000 1.089285 0.990389 0.000000 0 
1279920.000000 0.888744 1279920.000000 0.888744 0.997230 0.000000 0 
1272240.000000 0.894999 1272240.000000 0.894999 0.996422 0.000000 0 
1373760.000000 0.861496 1373760.000000 0.861496 0.995311 0.000000 0 
1278480.000000 0.892472 1278480.000000 0.892472 0.988878 0.000000 0 
1123680.000000 1.015433 1123680.000000 1.015433 0.992832 0.000000 0 
1183920.000000 0.950063 1183920.000000 0.950063 0.996425 0.000000 0 
1258320.000000 0.900090 1258320.000000 0.900090 0.990511 0.000000 0 
1246080.000000 0.902076 1246080.000000 0.902076 0.994243 0.000000 0 
1192320.000000 0.949109 1192320.000000 0.949109 0.992842 0.000000 0 
1522560.000000 0.832406 1522560.000000 0.832406 0.988780 0.000000 0 
1332720.000000 0.872216 1332720.000000 0.872216 0.994716 0.000000 0 
1518240.000000 0.835295 1518240.000000 0.835295 0.997590 0.000000 0 
1314480.000000 0.879328 1314480.000000 0.879328 0.987745 0.000000 0 
1106880.000000 1.043860 1106880.000000 1.043860 0.995475 0.000000 0 
1198560.000000 0.947448 1198560.000000 0.947448 0.999735 0.000000 0 
1136160.000000 1.003944 1136160.000000 1.003944 0.997557 0.000000 0 
1207440.000000 0.921690 1207440.000000 0.921690 0.992912 0.000000 0 
1344720.000000 0.869861 1344720.000000 0.869861 0.992737 0.000000 0 
1386240.000000 0.856965 1386240.000000 0.856965 0.994449 0.000000 0 
1566960.000000 0.825295 1566960.000000 0.825295 0.999126 0.000000 0 
1182480.000000 0.954207 1182480.000000 0.954207 0.997268 0.000000 0 
1305120.000000 0.881757 1305120.000000 0.881757 0.997697 0.000000 0 
1242960.000000 0.905017 1242960.000000 0.905017 0.997185 0.000000 0 
1344480.000000 0.871573 1344480.000000 0.871573 0.993488 0.000000 0 
1453200.000000 0.845181 1453200.000000 0.845181 0.996216 0.000000 0 
1453200.000000 0.845181 1453200.000000 0.845181 0.996216 0.000000 0 
1141680.000000 1.003228 1141680.000000 1.003228 0.997488 0.000000 0 
1254240.000000 0.900830 1254240.000000 0.900830 0.992772 0.000000 0 
1542960.000000 0.831303 1542960.000000 0.831303 0.995887 0.000000 0 
1201440.000000 0.944710 1201440.000000 0.944710 0.994208 0.000000 0 
1531200.000000 0.832044 1531200.000000 0.832044 0.988028 0.000000 0 
1467120.000000 0.841051 1467120.000000 0.841051 0.987441 0.000000 0 
1563120.000000 0.830209 1563120.000000 0.830209 0.982267 0.000000 0 
1310880.000000 0.881526 1310880.000000 0.881526 0.999309 0.000000 0 
1706160.000000 0.815765 1706160.000000 0.815765 0.995727 0.000000 0 
1153440.000000 0.975529 1153440.000000 0.975529 0.990675 0.000000 0 
1116960.000000 1.023088 1116960.000000 1.023088 0.995053 0.000000 0 
1536480.000000 0.831580 1536480.000000 0.831580 0.996525 0.000000 0 
1563120.000000 0.830209 1563120.000000 0.830209 0.982267 0.000000 0 
1087440.000000 1.094093 1087440.000000 1.094093 0.997452 0.000000 0 
#Generacion: 2000 
#Distancia: 211.441717 
1799520.000000 0.805388 1799520.000000 0.805388 0.995045 0.000000 0 
1081680.000000 1.092190 1081680.000000 1.092190 0.990757 0.000000 0 
1101120.000000 1.034144 1101120.000000 1.034144 0.996721 0.000000 0 
1098000.000000 1.072443 1098000.000000 1.072443 0.992180 0.000000 0 
1195200.000000 0.930021 1195200.000000 0.930021 0.999877 0.000000 0 
1678800.000000 0.810584 1678800.000000 0.810584 0.998136 0.000000 0 
1128240.000000 1.006877 1128240.000000 1.006877 0.988912 0.000000 0 
1650720.000000 0.812444 1650720.000000 0.812444 0.986353 0.000000 0 
1131840.000000 0.989050 1131840.000000 0.989050 0.997022 0.000000 0 
1206480.000000 0.915364 1206480.000000 0.915364 0.997356 0.000000 0 
1170960.000000 0.932400 1170960.000000 0.932400 0.999929 0.000000 0 
1773600.000000 0.805412 1773600.000000 0.805412 0.997444 0.000000 0 
1710480.000000 0.809877 1710480.000000 0.809877 0.996374 0.000000 0 
1169280.000000 0.947778 1169280.000000 0.947778 0.999548 0.000000 0 
1572720.000000 0.823025 1572720.000000 0.823025 0.983474 0.000000 0 
1101120.000000 1.034144 1101120.000000 1.034144 0.996721 0.000000 0 
1103760.000000 1.019191 1103760.000000 1.019191 0.986421 0.000000 0 
1156560.000000 0.970567 1156560.000000 0.970567 0.998166 0.000000 0 
1141440.000000 0.978354 1141440.000000 0.978354 0.991558 0.000000 0 
1159200.000000 0.959560 1159200.000000 0.959560 0.999941 0.000000 0 
1473600.000000 0.835659 1473600.000000 0.835659 0.991615 0.000000 0 
1736400.000000 0.808598 1736400.000000 0.808598 0.995983 0.000000 0 
1327200.000000 0.872831 1327200.000000 0.872831 0.989868 0.000000 0 
1246560.000000 0.899046 1246560.000000 0.899046 0.990675 0.000000 0 
1394400.000000 0.853688 1394400.000000 0.853688 0.998830 0.000000 0 
1545840.000000 0.823407 1545840.000000 0.823407 0.987126 0.000000 0 
1148400.000000 0.970913 1148400.000000 0.970913 0.986223 0.000000 0 
1118400.000000 1.007006 1118400.000000 1.007006 0.990747 0.000000 0 
1637280.000000 0.815255 1637280.000000 0.815255 0.992269 0.000000 0 
1091040.000000 1.085581 1091040.000000 1.085581 0.990247 0.000000 0 
1166880.000000 0.956134 1166880.000000 0.956134 0.995899 0.000000 0 
1213200.000000 0.910039 1213200.000000 0.910039 0.998897 0.000000 0 
1309680.000000 0.877168 1309680.000000 0.877168 0.991152 0.000000 0 
1177680.000000 0.932103 1177680.000000 0.932103 0.999629 0.000000 0 
1261920.000000 0.898833 1261920.000000 0.898833 0.990449 0.000000 0 
1719840.000000 0.808969 1719840.000000 0.808969 0.998359 0.000000 0 
1295760.000000 0.879878 1295760.000000 0.879878 0.998408 0.000000 0 
1482960.000000 0.833116 1482960.000000 0.833116 0.991487 0.000000 0 
1092720.000000 1.078053 1092720.000000 1.078053 0.992695 0.000000 0 
1419120.000000 0.848971 1419120.000000 0.848971 0.988912 0.000000 0 
1454640.000000 0.842268 1454640.000000 0.842268 0.990319 0.000000 0 
1617840.000000 0.818767 1617840.000000 0.818767 0.972846 0.000000 0 
1241280.000000 0.905159 1241280.000000 0.905159 0.993689 0.000000 0 
1495200.000000 0.833040 1495200.000000 0.833040 0.994997 0.000000 0 
1590720.000000 0.821038 1590720.000000 0.821038 0.993836 0.000000 0 
1519680.000000 0.827911 1519680.000000 0.827911 0.983740 0.000000 0 
1759920.000000 0.808463 1759920.000000 0.808463 0.998632 0.000000 0 
1219920.000000 0.908108 1219920.000000 0.908108 0.998982 0.000000 0 
1283760.000000 0.884854 1283760.000000 0.884854 0.997038 0.000000 0 
1292400.000000 0.882807 1292400.000000 0.882807 0.993431 0.000000 0 
1444560.000000 0.843664 1444560.000000 0.843664 0.994989 0.000000 0 
1263120.000000 0.893908 1263120.000000 0.893908 0.998895 0.000000 0 
1755360.000000 0.808468 1755360.000000 0.808468 0.982805 0.000000 0 
1409520.000000 0.850344 1409520.000000 0.850344 0.992208 0.000000 0 
1277040.000000 0.886728 1277040.000000 0.886728 0.997554 0.000000 0 
1134720.000000 0.982906 1134720.000000 0.982906 0.997228 0.000000 0 
1386240.000000 0.855585 1386240.000000 0.855585 0.993627 0.000000 0 
1585440.000000 0.822915 1585440.000000 0.822915 0.984877 0.000000 0 
1111680.000000 1.013435 1111680.000000 1.013435 0.987443 0.000000 0 
1230720.000000 0.906724 1230720.000000 0.906724 0.988637 0.000000 0 
1169280.000000 0.947778 1169280.000000 0.947778 0.999548 0.000000 0 
1111680.000000 1.013435 1111680.000000 1.013435 0.987443 0.000000 0 
1103760.000000 1.019191 1103760.000000 1.019191 0.986421 0.000000 0 
1460400.000000 0.839240 1460400.000000 0.839240 0.990303 0.000000 0 
1541520.000000 0.824778 1541520.000000 0.824778 0.989965 0.000000 0 
1273200.000000 0.889914 1273200.000000 0.889914 0.995034 0.000000 0 
1346640.000000 0.869180 1346640.000000 0.869180 0.998374 0.000000 0 
1307040.000000 0.877338 1307040.000000 0.877338 0.996508 0.000000 0 
1368000.000000 0.862142 1368000.000000 0.862142 0.997267 0.000000 0 
1342800.000000 0.871698 1342800.000000 0.871698 0.993202 0.000000 0 
1440000.000000 0.846034 1440000.000000 0.846034 0.989101 0.000000 0 
1355040.000000 0.868059 1355040.000000 0.868059 0.992675 0.000000 0 
1269120.000000 0.892116 1269120.000000 0.892116 0.999087 0.000000 0 
1206480.000000 0.915364 1206480.000000 0.915364 0.997356 0.000000 0 
1088640.000000 1.089285 1088640.000000 1.089285 0.990389 0.000000 0 
1097760.000000 1.077340 1097760.000000 1.077340 0.990345 0.000000 0 
1505520.000000 0.831487 1505520.000000 0.831487 0.990693 0.000000 0 
1365600.000000 0.865543 1365600.000000 0.865543 0.992462 0.000000 0 
1428240.000000 0.846960 1428240.000000 0.846960 0.993291 0.000000 0 
1333920.000000 0.872244 1333920.000000 0.872244 0.987490 0.000000 0 
1131840.000000 0.989050 1131840.000000 0.989050 0.997022 0.000000 0 
1514160.000000 0.829810 1514160.000000 0.829810 0.995694 0.000000 0 
1137600.000000 0.982073 1137600.000000 0.982073 0.984097 0.000000 0 
1626720.000000 0.815867 1626720.000000 0.815867 0.993662 0.000000 0 
1358640.000000 0.865909 1358640.000000 0.865909 0.995156 0.000000 0 
1605120.000000 0.820307 1605120.000000 0.820307 0.995130 0.000000 0 
1166400.000000 0.959343 1166400.000000 0.959343 0.990920 0.000000 0 
1373760.000000 0.860580 1373760.000000 0.860580 0.992449 0.000000 0 
1605120.000000 0.820307 1605120.000000 0.820307 0.995130 0.000000 0 
1625040.000000 0.817557 1625040.000000 0.817557 0.993517 0.000000 0 
1530480.000000 0.825930 1530480.000000 0.825930 0.993981 0.000000 0 
1377600.000000 0.859492 1377600.000000 0.859492 0.990673 0.000000 0 
1237440.000000 0.906067 1237440.000000 0.906067 0.999699 0.000000 0 
1087440.000000 1.092103 1087440.000000 1.092103 0.990247 0.000000 0 
1432080.000000 0.846755 1432080.000000 0.846755 0.995577 0.000000 0 
1530480.000000 0.825930 1530480.000000 0.825930 0.993981 0.000000 0 
1460400.000000 0.839240 1460400.000000 0.839240 0.990303 0.000000 0 
1409520.000000 0.850344 1409520.000000 0.850344 0.992208 0.000000 0 
1508160.000000 0.830568 1508160.000000 0.830568 0.985392 0.000000 0 
1098000.000000 1.072443 1098000.000000 1.072443 0.992180 0.000000 0 
#Generacion: 2500 
#Distancia: 208.854949 
1787760.000000 0.802821 1787760.000000 0.802821 0.993634 0.000000 0 
1062240.000000 1.129298 1062240.000000 1.129298 0.996685 0.000000 0 
1081440.000000 1.087077 1081440.000000 1.087077 0.993013 0.000000 0 
1092720.000000 1.078053 1092720.000000 1.078053 0.992695 0.000000 0 
1094640.000000 1.039908 1094640.000000 1.039908 0.998068 0.000000 0 
1130880.000000 0.971135 1130880.000000 0.971135 0.997247 0.000000 0 
1124400.000000 0.991671 1124400.000000 0.991671 0.992517 0.000000 0 
1169280.000000 0.947778 1169280.000000 0.947778 0.999548 0.000000 0 
1170960.000000 0.932400 1170960.000000 0.932400 0.999929 0.000000 0 
1475280.000000 0.833035 1475280.000000 0.833035 0.995527 0.000000 0 
1499520.000000 0.831983 1499520.000000 0.831983 0.991814 0.000000 0 
1124160.000000 1.003148 1124160.000000 1.003148 0.995817 0.000000 0 
1195200.000000 0.920325 1195200.000000 0.920325 0.996382 0.000000 0 
1150320.000000 0.966372 1150320.000000 0.966372 0.997122 0.000000 0 
1103760.000000 1.019191 1103760.000000 1.019191 0.986421 0.000000 0 
1100160.000000 1.033431 1100160.000000 1.033431 0.991317 0.000000 0 
1580640.000000 0.819045 1580640.000000 0.819045 0.992455 0.000000 0 
1669440.000000 0.808884 1669440.000000 0.808884 0.998978 0.000000 0 
1376640.000000 0.858460 1376640.000000 0.858460 0.991402 0.000000 0 
1110960.000000 1.013277 1110960.000000 1.013277 0.993054 0.000000 0 
1163280.000000 0.951162 1163280.000000 0.951162 0.997695 0.000000 0 
1267680.000000 0.890831 1267680.000000 0.890831 0.996367 0.000000 0 
1187520.000000 0.930430 1187520.000000 0.930430 0.994131 0.000000 0 
1736400.000000 0.805445 1736400.000000 0.805445 0.993813 0.000000 0 
1710240.000000 0.806623 1710240.000000 0.806623 0.981032 0.000000 0 
1426800.000000 0.844811 1426800.000000 0.844811 0.990412 0.000000 0 
1316880.000000 0.875566 1316880.000000 0.875566 0.997034 0.000000 0 
1261920.000000 0.893520 1261920.000000 0.893520 0.986933 0.000000 0 
1277040.000000 0.886728 1277040.000000 0.886728 0.997554 0.000000 0 
1156320.000000 0.955962 1156320.000000 0.955962 0.999616 0.000000 0 
1357680.000000 0.859177 1357680.000000 0.859177 0.997329 0.000000 0 
1720800.000000 0.805838 1720800.000000 0.805838 0.983604 0.000000 0 
1464960.000000 0.835733 1464960.000000 0.835733 0.988015 0.000000 0 
1563120.000000 0.823152 1563120.000000 0.823152 0.990302 0.000000 0 
1382400.000000 0.855420 1382400.000000 0.855420 0.999985 0.000000 0 
1696800.000000 0.808510 1696800.000000 0.808510 0.990517 0.000000 0 
1254240.000000 0.898056 1254240.000000 0.898056 0.987458 0.000000 0 
1460400.000000 0.839240 1460400.000000 0.839240 0.990303 0.000000 0 
1416480.000000 0.848403 1416480.000000 0.848403 0.997414 0.000000 0 
1526640.000000 0.824941 1526640.000000 0.824941 0.990483 0.000000 0 
1595040.000000 0.817014 1595040.000000 0.817014 0.999334 0.000000 0 
1618080.000000 0.815331 1618080.000000 0.815331 0.987856 0.000000 0 
1545840.000000 0.823407 1545840.000000 0.823407 0.987126 0.000000 0 
1324800.000000 0.871954 1324800.000000 0.871954 0.997460 0.000000 0 
1569360.000000 0.821119 1569360.000000 0.821119 0.996930 0.000000 0 
1338960.000000 0.867357 1338960.000000 0.867357 0.988203 0.000000 0 
1236960.000000 0.900044 1236960.000000 0.900044 0.995913 0.000000 0 
1124400.000000 0.991671 1124400.000000 0.991671 0.992517 0.000000 0 
1769520.000000 0.803758 1769520.000000 0.803758 0.987889 0.000000 0 
1644720.000000 0.812649 1644720.000000 0.812649 0.992471 0.000000 0 
1448640.000000 0.840757 1448640.000000 0.840757 0.990567 0.000000 0 
1394400.000000 0.853688 1394400.000000 0.853688 0.998830 0.000000 0 
1331760.000000 0.870243 1331760.000000 0.870243 0.998864 0.000000 0 
1091040.000000 1.085581 1091040.000000 1.085581 0.990247 0.000000 0 
1283760.000000 0.884854 1283760.000000 0.884854 0.997038 0.000000 0 
1349760.000000 0.866538 1349760.000000 0.866538 0.995064 0.000000 0 
1113840.000000 1.008882 1113840.000000 1.008882 0.993457 0.000000 0 
1216800.000000 0.907334 1216800.000000 0.907334 0.991918 0.000000 0 
1115520.000000 1.004759 1115520.000000 1.004759 0.994300 0.000000 0 
1292400.000000 0.882807 1292400.000000 0.882807 0.993431 0.000000 0 
1235040.000000 0.905585 1235040.000000 0.905585 0.992986 0.000000 0 
1539360.000000 0.824486 1539360.000000 0.824486 0.989277 0.000000 0 
1202640.000000 0.915187 1202640.000000 0.915187 0.999815 0.000000 0 
1228560.000000 0.906468 1228560.000000 0.906468 0.994113 0.000000 0 
1211520.000000 0.914844 1211520.000000 0.914844 0.994569 0.000000 0 
1213200.000000 0.910039 1213200.000000 0.910039 0.998897 0.000000 0 
1246560.000000 0.899046 1246560.000000 0.899046 0.990675 0.000000 0 
1519680.000000 0.827911 1519680.000000 0.827911 0.983740 0.000000 0 
1509120.000000 0.831142 1509120.000000 0.831142 0.992802 0.000000 0 
1435200.000000 0.843519 1435200.000000 0.843519 0.997099 0.000000 0 
1295760.000000 0.879878 1295760.000000 0.879878 0.998408 0.000000 0 
1177440.000000 0.931241 1177440.000000 0.931241 0.995223 0.000000 0 
1651920.000000 0.812413 1651920.000000 0.812413 0.991539 0.000000 0 
1103760.000000 1.019191 1103760.000000 1.019191 0.986421 0.000000 0 
1662480.000000 0.811237 1662480.000000 0.811237 0.994097 0.000000 0 
1094640.000000 1.039908 1094640.000000 1.039908 0.998068 0.000000 0 
1100160.000000 1.033431 1100160.000000 1.033431 0.991317 0.000000 0 
1764720.000000 0.803841 1764720.000000 0.803841 0.984608 0.000000 0 
1443120.000000 0.842637 1443120.000000 0.842637 0.996559 0.000000 0 
1308480.000000 0.877916 1308480.000000 0.877916 0.997819 0.000000 0 
1595040.000000 0.817014 1595040.000000 0.817014 0.999334 0.000000 0 
1199760.000000 0.919643 1199760.000000 0.919643 0.993880 0.000000 0 
1091760.000000 1.080799 1091760.000000 1.080799 0.998502 0.000000 0 
1750320.000000 0.804062 1750320.000000 0.804062 0.987099 0.000000 0 
1135920.000000 0.970032 1135920.000000 0.970032 0.994347 0.000000 0 
1518720.000000 0.831061 1518720.000000 0.831061 0.992722 0.000000 0 
1696800.000000 0.808510 1696800.000000 0.808510 0.990517 0.000000 0 
1156320.000000 0.955962 1156320.000000 0.955962 0.999616 0.000000 0 
1629360.000000 0.813575 1629360.000000 0.813575 0.993247 0.000000 0 
1302960.000000 0.878095 1302960.000000 0.878095 0.993127 0.000000 0 
1748880.000000 0.804924 1748880.000000 0.804924 0.993755 0.000000 0 
1401600.000000 0.853078 1401600.000000 0.853078 0.991754 0.000000 0 
1409040.000000 0.849165 1409040.000000 0.849165 0.996061 0.000000 0 
1407360.000000 0.851904 1407360.000000 0.851904 0.986454 0.000000 0 
1353600.000000 0.863210 1353600.000000 0.863210 0.994883 0.000000 0 
1144560.000000 0.969230 1144560.000000 0.969230 0.991171 0.000000 0 
1629360.000000 0.813575 1629360.000000 0.813575 0.993247 0.000000 0 
1618080.000000 0.815331 1618080.000000 0.815331 0.987856 0.000000 0 
1355520.000000 0.862026 1355520.000000 0.862026 0.991415 0.000000 0 
1081440.000000 1.087077 1081440.000000 1.087077 0.993013 0.000000 0 
#Generacion: 3000 
#Distancia: 211.999596 
1029600.000000 1.339250 1029600.000000 1.339250 0.999502 0.000000 0 
1029600.000000 1.339250 1029600.000000 1.339250 0.999502 0.000000 0 
1903200.000000 0.799665 1903200.000000 0.799665 0.976994 0.000000 0 
1051440.000000 1.309601 1051440.000000 1.309601 0.989578 0.000000 0 
1052640.000000 1.072522 1052640.000000 1.072522 0.997195 0.000000 0 
1036080.000000 1.311583 1036080.000000 1.311583 0.996614 0.000000 0 
1871520.000000 0.800454 1871520.000000 0.800454 0.997401 0.000000 0 
1822320.000000 0.802081 1822320.000000 0.802081 0.986211 0.000000 0 
1067760.000000 1.057581 1067760.000000 1.057581 0.993001 0.000000 0 
1769040.000000 0.802657 1769040.000000 0.802657 0.987851 0.000000 0 
1629840.000000 0.810302 1629840.000000 0.810302 0.993867 0.000000 0 
1072800.000000 1.039316 1072800.000000 1.039316 0.995736 0.000000 0 
1169280.000000 0.947778 1169280.000000 0.947778 0.999548 0.000000 0 
1113600.000000 0.990559 1113600.000000 0.990559 0.992472 0.000000 0 
1524000.000000 0.822267 1524000.000000 0.822267 0.993986 0.000000 0 
1601040.000000 0.811005 1601040.000000 0.811005 0.993904 0.000000 0 
1061280.000000 1.061348 1061280.000000 1.061348 0.999416 0.000000 0 
1087680.000000 1.010833 1087680.000000 1.010833 0.991646 0.000000 0 
1659600.000000 0.808042 1659600.000000 0.808042 0.997901 0.000000 0 
1802160.000000 0.802546 1802160.000000 0.802546 0.983194 0.000000 0 
1543680.000000 0.819143 1543680.000000 0.819143 0.992392 0.000000 0 
1169760.000000 0.932645 1169760.000000 0.932645 0.997802 0.000000 0 
1324800.000000 0.871954 1324800.000000 0.871954 0.997460 0.000000 0 
1681920.000000 0.807929 1681920.000000 0.807929 0.999140 0.000000 0 
1082160.000000 1.024246 1082160.000000 1.024246 0.994805 0.000000 0 
1281600.000000 0.881986 1281600.000000 0.881986 0.999822 0.000000 0 
1383840.000000 0.850903 1383840.000000 0.850903 0.997436 0.000000 0 
1237200.000000 0.903327 1237200.000000 0.903327 0.989796 0.000000 0 
1709760.000000 0.804843 1709760.000000 0.804843 0.997126 0.000000 0 
1304400.000000 0.873666 1304400.000000 0.873666 0.999537 0.000000 0 
1194000.000000 0.918754 1194000.000000 0.918754 0.994527 0.000000 0 
1340880.000000 0.865251 1340880.000000 0.865251 0.999755 0.000000 0 
1852320.000000 0.801180 1852320.000000 0.801180 0.982815 0.000000 0 
1353600.000000 0.863210 1353600.000000 0.863210 0.994883 0.000000 0 
1092480.000000 1.006709 1092480.000000 1.006709 0.990497 0.000000 0 
1201920.000000 0.910382 1201920.000000 0.910382 0.995104 0.000000 0 
1489680.000000 0.832488 1489680.000000 0.832488 0.991868 0.000000 0 
1475280.000000 0.833035 1475280.000000 0.833035 0.995527 0.000000 0 
1412400.000000 0.844389 1412400.000000 0.844389 0.996448 0.000000 0 
1728960.000000 0.804435 1728960.000000 0.804435 0.990425 0.000000 0 
1124400.000000 0.977655 1124400.000000 0.977655 0.998392 0.000000 0 
1272960.000000 0.887145 1272960.000000 0.887145 0.998402 0.000000 0 
1462320.000000 0.834046 1462320.000000 0.834046 0.997208 0.000000 0 
1103040.000000 1.001334 1103040.000000 1.001334 0.990412 0.000000 0 
1362240.000000 0.859088 1362240.000000 0.859088 0.998718 0.000000 0 
1295040.000000 0.880348 1295040.000000 0.880348 0.994903 0.000000 0 
1075680.000000 1.035509 1075680.000000 1.035509 0.993545 0.000000 0 
1330320.000000 0.868346 1330320.000000 0.868346 0.998997 0.000000 0 
1223520.000000 0.907183 1223520.000000 0.907183 0.990805 0.000000 0 
1052640.000000 1.072522 1052640.000000 1.072522 0.997195 0.000000 0 
1184640.000000 0.926237 1184640.000000 0.926237 0.997928 0.000000 0 
1160880.000000 0.954013 1160880.000000 0.954013 0.992559 0.000000 0 
1498080.000000 0.828583 1498080.000000 0.828583 0.986977 0.000000 0 
1512000.000000 0.824682 1512000.000000 0.824682 0.990733 0.000000 0 
1177440.000000 0.931241 1177440.000000 0.931241 0.995223 0.000000 0 
1441200.000000 0.838502 1441200.000000 0.838502 0.997562 0.000000 0 
1076400.000000 1.024898 1076400.000000 1.024898 0.999067 0.000000 0 
1130880.000000 0.971135 1130880.000000 0.971135 0.997247 0.000000 0 
1372080.000000 0.857381 1372080.000000 0.857381 0.992130 0.000000 0 
1150320.000000 0.966165 1150320.000000 0.966165 0.996851 0.000000 0 
1156080.000000 0.962136 1156080.000000 0.962136 0.985130 0.000000 0 
1379520.000000 0.855389 1379520.000000 0.855389 0.996198 0.000000 0 
1560720.000000 0.816738 1560720.000000 0.816738 0.988888 0.000000 0 
1756800.000000 0.802765 1756800.000000 0.802765 0.989650 0.000000 0 
1185600.000000 0.919848 1185600.000000 0.919848 0.997667 0.000000 0 
1267680.000000 0.890831 1267680.000000 0.890831 0.996367 0.000000 0 
1241520.000000 0.898293 1241520.000000 0.898293 0.999508 0.000000 0 
1749120.000000 0.803920 1749120.000000 0.803920 0.974044 0.000000 0 
1738320.000000 0.804409 1738320.000000 0.804409 0.990436 0.000000 0 
1551600.000000 0.817717 1551600.000000 0.817717 0.992148 0.000000 0 
1700880.000000 0.807044 1700880.000000 0.807044 0.997793 0.000000 0 
1803840.000000 0.802259 1803840.000000 0.802259 0.985132 0.000000 0 
1402320.000000 0.849427 1402320.000000 0.849427 0.997481 0.000000 0 
1144560.000000 0.969230 1144560.000000 0.969230 0.991171 0.000000 0 
1594080.000000 0.812995 1594080.000000 0.812995 0.995058 0.000000 0 
1693440.000000 0.807684 1693440.000000 0.807684 0.998713 0.000000 0 
1852320.000000 0.801180 1852320.000000 0.801180 0.982815 0.000000 0 
1503600.000000 0.825306 1503600.000000 0.825306 0.992820 0.000000 0 
1302960.000000 0.878095 1302960.000000 0.878095 0.993127 0.000000 0 
1569360.000000 0.814983 1569360.000000 0.814983 0.994770 0.000000 0 
1122000.000000 0.986214 1122000.000000 0.986214 0.989912 0.000000 0 
1261920.000000 0.893520 1261920.000000 0.893520 0.986933 0.000000 0 
1208640.000000 0.908944 1208640.000000 0.908944 0.993825 0.000000 0 
1432800.000000 0.839536 1432800.000000 0.839536 0.990810 0.000000 0 
1645200.000000 0.808576 1645200.000000 0.808576 0.995941 0.000000 0 
1256160.000000 0.896004 1256160.000000 0.896004 0.998604 0.000000 0 
1584720.000000 0.813636 1584720.000000 0.813636 0.995292 0.000000 0 
1103040.000000 1.001334 1103040.000000 1.001334 0.990412 0.000000 0 
1421040.000000 0.842848 1421040.000000 0.842848 0.999697 0.000000 0 
1044720.000000 1.310326 1044720.000000 1.310326 0.991135 0.000000 0 
1247280.000000 0.896459 1247280.000000 0.896459 0.999745 0.000000 0 
1402320.000000 0.849427 1402320.000000 0.849427 0.997481 0.000000 0 
1641360.000000 0.808870 1641360.000000 0.808870 0.996044 0.000000 0 
1156320.000000 0.955962 1156320.000000 0.955962 0.999616 0.000000 0 
1216800.000000 0.907334 1216800.000000 0.907334 0.991918 0.000000 0 
1577520.000000 0.814668 1577520.000000 0.814668 0.995411 0.000000 0 
1424880.000000 0.840549 1424880.000000 0.840549 0.995770 0.000000 0 
1135920.000000 0.970032 1135920.000000 0.970032 0.994347 0.000000 0 
1122960.000000 0.983999 1122960.000000 0.983999 0.992720 0.000000 0 
1452480.000000 0.836306 1452480.000000 0.836306 0.998440 0.000000 0 
#Generacion: 3500 
#Distancia: 234.009192 
1017120.000000 1.463194 1017120.000000 1.463194 0.998307 0.000000 0 
1819680.000000 0.797734 1819680.000000 0.797734 0.975424 0.000000 0 
1017120.000000 1.463194 1017120.000000 1.463194 0.998307 0.000000 0 
1051440.000000 1.288604 1051440.000000 1.288604 0.986521 0.000000 0 
1052640.000000 1.072522 1052640.000000 1.072522 0.997195 0.000000 0 
1025040.000000 1.342165 1025040.000000 1.342165 0.997097 0.000000 0 
1148640.000000 0.949732 1148640.000000 0.949732 0.999202 0.000000 0 
1029600.000000 1.339250 1029600.000000 1.339250 0.999502 0.000000 0 
1036080.000000 1.309862 1036080.000000 1.309862 0.996506 0.000000 0 
1067760.000000 1.057581 1067760.000000 1.057581 0.993001 0.000000 0 
1162080.000000 0.933527 1162080.000000 0.933527 0.994646 0.000000 0 
1069680.000000 1.032310 1069680.000000 1.032310 0.999870 0.000000 0 
1751280.000000 0.800976 1751280.000000 0.800976 0.987722 0.000000 0 
1044000.000000 1.290848 1044000.000000 1.290848 0.996023 0.000000 0 
1627920.000000 0.809401 1627920.000000 0.809401 0.996306 0.000000 0 
1402560.000000 0.847439 1402560.000000 0.847439 0.991187 0.000000 0 
1475040.000000 0.830519 1475040.000000 0.830519 0.989030 0.000000 0 
1042560.000000 1.308984 1042560.000000 1.308984 0.995501 0.000000 0 
1788000.000000 0.800597 1788000.000000 0.800597 0.986952 0.000000 0 
1130880.000000 0.971135 1130880.000000 0.971135 0.997247 0.000000 0 
1682400.000000 0.805997 1682400.000000 0.805997 0.978207 0.000000 0 
1124400.000000 0.977655 1124400.000000 0.977655 0.998392 0.000000 0 
1298880.000000 0.876066 1298880.000000 0.876066 0.997420 0.000000 0 
1526160.000000 0.821423 1526160.000000 0.821423 0.996560 0.000000 0 
1340880.000000 0.864192 1340880.000000 0.864192 0.999347 0.000000 0 
1116480.000000 0.983272 1116480.000000 0.983272 0.993562 0.000000 0 
1309440.000000 0.872658 1309440.000000 0.872658 0.997416 0.000000 0 
1147440.000000 0.962880 1147440.000000 0.962880 0.992862 0.000000 0 
1390320.000000 0.852349 1390320.000000 0.852349 0.999759 0.000000 0 
1609680.000000 0.810123 1609680.000000 0.810123 0.995132 0.000000 0 
1331520.000000 0.868334 1331520.000000 0.868334 0.996039 0.000000 0 
1551600.000000 0.817717 1551600.000000 0.817717 0.992148 0.000000 0 
1697760.000000 0.805938 1697760.000000 0.805938 0.981526 0.000000 0 
1350480.000000 0.860349 1350480.000000 0.860349 0.995100 0.000000 0 
1320000.000000 0.870065 1320000.000000 0.870065 0.996986 0.000000 0 
1572960.000000 0.813601 1572960.000000 0.813601 0.997205 0.000000 0 
1483440.000000 0.826735 1483440.000000 0.826735 0.991557 0.000000 0 
1659600.000000 0.808042 1659600.000000 0.808042 0.997901 0.000000 0 
1362240.000000 0.859088 1362240.000000 0.859088 0.998718 0.000000 0 
1143600.000000 0.969048 1143600.000000 0.969048 0.989410 0.000000 0 
1112640.000000 0.991595 1112640.000000 0.991595 0.992466 0.000000 0 
1738080.000000 0.801763 1738080.000000 0.801763 0.985916 0.000000 0 
1562400.000000 0.814809 1562400.000000 0.814809 0.994961 0.000000 0 
1225680.000000 0.903104 1225680.000000 0.903104 0.991987 0.000000 0 
1370880.000000 0.855035 1370880.000000 0.855035 0.994786 0.000000 0 
1431360.000000 0.839980 1431360.000000 0.839980 0.994112 0.000000 0 
1086720.000000 1.006840 1086720.000000 1.006840 0.992691 0.000000 0 
1496880.000000 0.826232 1496880.000000 0.826232 0.995037 0.000000 0 
1668720.000000 0.806275 1668720.000000 0.806275 0.989493 0.000000 0 
1084800.000000 1.021351 1084800.000000 1.021351 0.994945 0.000000 0 
1444800.000000 0.834296 1444800.000000 0.834296 0.998270 0.000000 0 
1215360.000000 0.904864 1215360.000000 0.904864 0.989053 0.000000 0 
1290240.000000 0.880801 1290240.000000 0.880801 0.993354 0.000000 0 
1421040.000000 0.842848 1421040.000000 0.842848 0.999697 0.000000 0 
1412400.000000 0.844389 1412400.000000 0.844389 0.996448 0.000000 0 
1727520.000000 0.803110 1727520.000000 0.803110 0.984327 0.000000 0 
1206720.000000 0.907687 1206720.000000 0.907687 0.988391 0.000000 0 
1798800.000000 0.798926 1798800.000000 0.798926 0.987536 0.000000 0 
1509360.000000 0.822712 1509360.000000 0.822712 0.993469 0.000000 0 
1239120.000000 0.902758 1239120.000000 0.902758 0.987867 0.000000 0 
1242000.000000 0.896919 1242000.000000 0.896919 0.990461 0.000000 0 
1588080.000000 0.813522 1588080.000000 0.813522 0.997618 0.000000 0 
1381440.000000 0.853305 1381440.000000 0.853305 0.999468 0.000000 0 
1073280.000000 1.027716 1073280.000000 1.027716 0.996129 0.000000 0 
1809120.000000 0.798339 1809120.000000 0.798339 0.982006 0.000000 0 
1251600.000000 0.893814 1251600.000000 0.893814 0.988608 0.000000 0 
1184400.000000 0.929445 1184400.000000 0.929445 0.986917 0.000000 0 
1708080.000000 0.804313 1708080.000000 0.804313 0.979231 0.000000 0 
1111680.000000 1.001128 1111680.000000 1.001128 0.989816 0.000000 0 
1716960.000000 0.804139 1716960.000000 0.804139 0.988528 0.000000 0 
1267680.000000 0.890831 1267680.000000 0.890831 0.996367 0.000000 0 
1644240.000000 0.808286 1644240.000000 0.808286 0.996926 0.000000 0 
1441200.000000 0.838502 1441200.000000 0.838502 0.997562 0.000000 0 
1258800.000000 0.892602 1258800.000000 0.892602 0.996398 0.000000 0 
1540320.000000 0.819553 1540320.000000 0.819553 0.999195 0.000000 0 
1770480.000000 0.800819 1770480.000000 0.800819 0.986231 0.000000 0 
1272960.000000 0.887145 1272960.000000 0.887145 0.998402 0.000000 0 
1079760.000000 1.021993 1079760.000000 1.021993 0.997680 0.000000 0 
1458480.000000 0.832259 1458480.000000 0.832259 0.992830 0.000000 0 
1185600.000000 0.919848 1185600.000000 0.919848 0.997667 0.000000 0 
1170000.000000 0.932422 1170000.000000 0.932422 0.999511 0.000000 0 
1199040.000000 0.911157 1199040.000000 0.911157 0.998118 0.000000 0 
1601040.000000 0.810444 1601040.000000 0.810444 0.994575 0.000000 0 
1177440.000000 0.931241 1177440.000000 0.931241 0.995223 0.000000 0 
1770480.000000 0.800819 1770480.000000 0.800819 0.986231 0.000000 0 
1640400.000000 0.809085 1640400.000000 0.809085 0.995748 0.000000 0 
1103040.000000 1.001334 1103040.000000 1.001334 0.990412 0.000000 0 
1097040.000000 1.003291 1097040.000000 1.003291 0.991543 0.000000 0 
1061280.000000 1.061348 1061280.000000 1.061348 0.999416 0.000000 0 
1505760.000000 0.824266 1505760.000000 0.824266 0.995174 0.000000 0 
1595040.000000 0.812946 1595040.000000 0.812946 0.996520 0.000000 0 
1534560.000000 0.819813 1534560.000000 0.819813 0.997551 0.000000 0 
1059360.000000 1.071776 1059360.000000 1.071776 0.994908 0.000000 0 
1458480.000000 0.832259 1458480.000000 0.832259 0.992830 0.000000 0 
1281600.000000 0.881986 1281600.000000 0.881986 0.999822 0.000000 0 
1280640.000000 0.885559 1280640.000000 0.885559 0.993517 0.000000 0 
1092480.000000 1.006709 1092480.000000 1.006709 0.990497 0.000000 0 
1198800.000000 0.916085 1198800.000000 0.916085 0.996993 0.000000 0 
1061040.000000 1.065931 1061040.000000 1.065931 0.994899 0.000000 0 
1192320.000000 0.917616 1192320.000000 0.917616 0.998413 0.000000 0 
#Generacion: 4000 
#Distancia: 232.634545 
1012320.000000 1.424309 1012320.000000 1.424309 0.997444 0.000000 0 
1012320.000000 1.424309 1012320.000000 1.424309 0.997444 0.000000 0 
1876320.000000 0.794365 1876320.000000 0.794365 0.978084 0.000000 0 
1025520.000000 1.191062 1025520.000000 1.191062 0.998257 0.000000 0 
1025040.000000 1.342165 1025040.000000 1.342165 0.997097 0.000000 0 
1038000.000000 1.166337 1038000.000000 1.166337 0.995907 0.000000 0 
1040880.000000 1.079765 1040880.000000 1.079765 0.995288 0.000000 0 
1020960.000000 1.344051 1020960.000000 1.344051 0.998578 0.000000 0 
1069680.000000 1.030801 1069680.000000 1.030801 0.999751 0.000000 0 
1064640.000000 1.052598 1064640.000000 1.052598 0.995586 0.000000 0 
1831200.000000 0.795244 1831200.000000 0.795244 0.988162 0.000000 0 
1031520.000000 1.190261 1031520.000000 1.190261 0.999097 0.000000 0 
1803360.000000 0.797851 1803360.000000 0.797851 0.980527 0.000000 0 
1113120.000000 0.989348 1113120.000000 0.989348 0.992734 0.000000 0 
1206720.000000 0.907687 1206720.000000 0.907687 0.988391 0.000000 0 
1108800.000000 0.997553 1108800.000000 0.997553 0.986982 0.000000 0 
1080000.000000 1.012559 1080000.000000 1.012559 0.993922 0.000000 0 
1077360.000000 1.023038 1077360.000000 1.023038 0.993723 0.000000 0 
1636560.000000 0.809395 1636560.000000 0.809395 0.998815 0.000000 0 
1358880.000000 0.856159 1358880.000000 0.856159 0.996213 0.000000 0 
1061280.000000 1.061348 1061280.000000 1.061348 0.999416 0.000000 0 
1648800.000000 0.807084 1648800.000000 0.807084 0.999557 0.000000 0 
1174560.000000 0.921645 1174560.000000 0.921645 0.997781 0.000000 0 
1585440.000000 0.811630 1585440.000000 0.811630 0.998497 0.000000 0 
1148640.000000 0.949732 1148640.000000 0.949732 0.999202 0.000000 0 
1496880.000000 0.825753 1496880.000000 0.825753 0.993903 0.000000 0 
1828320.000000 0.795332 1828320.000000 0.795332 0.975524 0.000000 0 
1297920.000000 0.876126 1297920.000000 0.876126 0.999442 0.000000 0 
1483440.000000 0.826735 1483440.000000 0.826735 0.991557 0.000000 0 
1147440.000000 0.962880 1147440.000000 0.962880 0.992862 0.000000 0 
1601040.000000 0.810444 1601040.000000 0.810444 0.994575 0.000000 0 
1715280.000000 0.802664 1715280.000000 0.802664 0.996252 0.000000 0 
1091520.000000 1.000931 1091520.000000 1.000931 0.991488 0.000000 0 
1350480.000000 0.860349 1350480.000000 0.860349 0.995100 0.000000 0 
1170000.000000 0.932422 1170000.000000 0.932422 0.999511 0.000000 0 
1236960.000000 0.896590 1236960.000000 0.896590 0.992333 0.000000 0 
1428720.000000 0.838794 1428720.000000 0.838794 0.994755 0.000000 0 
1251600.000000 0.893814 1251600.000000 0.893814 0.990453 0.000000 0 
1340880.000000 0.864192 1340880.000000 0.864192 0.999347 0.000000 0 
1307520.000000 0.873511 1307520.000000 0.873511 0.997935 0.000000 0 
1084800.000000 1.001538 1084800.000000 1.001538 0.991622 0.000000 0 
1572960.000000 0.813601 1572960.000000 0.813601 0.997205 0.000000 0 
1122480.000000 0.979915 1122480.000000 0.979915 0.994744 0.000000 0 
1389360.000000 0.851626 1389360.000000 0.851626 0.994396 0.000000 0 
1562400.000000 0.814805 1562400.000000 0.814805 0.995061 0.000000 0 
1376880.000000 0.854255 1376880.000000 0.854255 0.996054 0.000000 0 
1665120.000000 0.806231 1665120.000000 0.806231 0.990581 0.000000 0 
1702800.000000 0.804779 1702800.000000 0.804779 0.994995 0.000000 0 
1790160.000000 0.798588 1790160.000000 0.798588 0.974690 0.000000 0 
1162080.000000 0.933527 1162080.000000 0.933527 0.994646 0.000000 0 
1260480.000000 0.886973 1260480.000000 0.886973 0.995557 0.000000 0 
1412400.000000 0.844389 1412400.000000 0.844389 0.996448 0.000000 0 
1516080.000000 0.822247 1516080.000000 0.822247 0.993269 0.000000 0 
1225680.000000 0.903104 1225680.000000 0.903104 0.991987 0.000000 0 
1534320.000000 0.822091 1534320.000000 0.822091 0.987547 0.000000 0 
1329600.000000 0.865562 1329600.000000 0.865562 0.997615 0.000000 0 
1440960.000000 0.837108 1440960.000000 0.837108 0.995938 0.000000 0 
1287600.000000 0.881546 1287600.000000 0.881546 0.996261 0.000000 0 
1729440.000000 0.802355 1729440.000000 0.802355 0.979352 0.000000 0 
1509360.000000 0.822712 1509360.000000 0.822712 0.993469 0.000000 0 
1419840.000000 0.842572 1419840.000000 0.842572 0.994316 0.000000 0 
1458480.000000 0.832259 1458480.000000 0.832259 0.992830 0.000000 0 
1057680.000000 1.071990 1057680.000000 1.071990 0.998879 0.000000 0 
1780320.000000 0.800217 1780320.000000 0.800217 0.979063 0.000000 0 
1617600.000000 0.809889 1617600.000000 0.809889 0.998354 0.000000 0 
1160160.000000 0.944386 1160160.000000 0.944386 0.998183 0.000000 0 
1130880.000000 0.971135 1130880.000000 0.971135 0.997247 0.000000 0 
1748640.000000 0.801630 1748640.000000 0.801630 0.979128 0.000000 0 
1052640.000000 1.072522 1052640.000000 1.072522 0.997195 0.000000 0 
1759200.000000 0.800596 1759200.000000 0.800596 0.984554 0.000000 0 
1042800.000000 1.077615 1042800.000000 1.077615 0.993325 0.000000 0 
1768560.000000 0.800271 1768560.000000 0.800271 0.981954 0.000000 0 
1317120.000000 0.869813 1317120.000000 0.869813 0.998521 0.000000 0 
1124400.000000 0.977655 1124400.000000 0.977655 0.998392 0.000000 0 
1143360.000000 0.968379 1143360.000000 0.968379 0.989512 0.000000 0 
1225680.000000 0.903104 1225680.000000 0.903104 0.991987 0.000000 0 
1738080.000000 0.801763 1738080.000000 0.801763 0.985916 0.000000 0 
1271040.000000 0.882803 1271040.000000 0.882803 0.996545 0.000000 0 
1674000.000000 0.806169 1674000.000000 0.806169 0.996274 0.000000 0 
1692240.000000 0.805130 1692240.000000 0.805130 0.995916 0.000000 0 
1536480.000000 0.818805 1536480.000000 0.818805 0.994440 0.000000 0 
1684320.000000 0.805767 1684320.000000 0.805767 0.989924 0.000000 0 
1198800.000000 0.916085 1198800.000000 0.916085 0.996993 0.000000 0 
1199040.000000 0.911157 1199040.000000 0.911157 0.998118 0.000000 0 
1185600.000000 0.919848 1185600.000000 0.919848 0.997667 0.000000 0 
1159680.000000 0.948731 1159680.000000 0.948731 0.991946 0.000000 0 
1244880.000000 0.896202 1244880.000000 0.896202 0.989434 0.000000 0 
1551600.000000 0.817717 1551600.000000 0.817717 0.992148 0.000000 0 
1188000.000000 0.917433 1188000.000000 0.917433 0.995666 0.000000 0 
1322880.000000 0.869305 1322880.000000 0.869305 0.997171 0.000000 0 
1281600.000000 0.881986 1281600.000000 0.881986 0.999822 0.000000 0 
1613760.000000 0.810071 1613760.000000 0.810071 0.994121 0.000000 0 
1398720.000000 0.846166 1398720.000000 0.846166 0.999211 0.000000 0 
1446720.000000 0.834091 1446720.000000 0.834091 0.999836 0.000000 0 
1548720.000000 0.818243 1548720.000000 0.818243 0.999827 0.000000 0 
1470960.000000 0.829360 1470960.000000 0.829360 0.992521 0.000000 0 
1267200.000000 0.886070 1267200.000000 0.886070 0.995169 0.000000 0 
1136880.000000 0.969931 1136880.000000 0.969931 0.999331 0.000000 0 
1398720.000000 0.846166 1398720.000000 0.846166 0.999211 0.000000 0 
1381440.000000 0.853305 1381440.000000 0.853305 0.999468 0.000000 0 
#Generacion: 4500 
#Distancia: 237.358788 
1010400.000000 1.307545 1010400.000000 1.307545 0.993765 0.000000 0 
1010400.000000 1.307545 1010400.000000 1.307545 0.993765 0.000000 0 
1917840.000000 0.791242 1917840.000000 0.791242 0.990353 0.000000 0 
1025280.000000 1.167695 1025280.000000 1.167695 0.996749 0.000000 0 
1032240.000000 1.080936 1032240.000000 1.080936 0.998808 0.000000 0 
1030560.000000 1.166395 1030560.000000 1.166395 0.992878 0.000000 0 
1862880.000000 0.792508 1862880.000000 0.792508 0.978073 0.000000 0 
1677120.000000 0.801819 1677120.000000 0.801819 0.999768 0.000000 0 
1917840.000000 0.791242 1917840.000000 0.791242 0.990353 0.000000 0 
1737600.000000 0.798138 1737600.000000 0.798138 0.991506 0.000000 0 
1707840.000000 0.801636 1707840.000000 0.801636 0.992022 0.000000 0 
1645440.000000 0.803151 1645440.000000 0.803151 0.998766 0.000000 0 
1136880.000000 0.962399 1136880.000000 0.962399 0.992436 0.000000 0 
1053360.000000 1.057883 1053360.000000 1.057883 0.997620 0.000000 0 
1452480.000000 0.837297 1452480.000000 0.837297 0.993369 0.000000 0 
1064640.000000 1.042830 1064640.000000 1.042830 0.993092 0.000000 0 
1572960.000000 0.813601 1572960.000000 0.813601 0.997205 0.000000 0 
1428720.000000 0.838785 1428720.000000 0.838785 0.994715 0.000000 0 
1596000.000000 0.810558 1596000.000000 0.810558 0.997691 0.000000 0 
1527120.000000 0.820661 1527120.000000 0.820661 0.996510 0.000000 0 
1109520.000000 0.989043 1109520.000000 0.989043 0.997845 0.000000 0 
1725120.000000 0.799896 1725120.000000 0.799896 0.995537 0.000000 0 
1772640.000000 0.797692 1772640.000000 0.797692 0.996587 0.000000 0 
1813920.000000 0.796420 1813920.000000 0.796420 0.981836 0.000000 0 
1549440.000000 0.814107 1549440.000000 0.814107 0.997605 0.000000 0 
1147680.000000 0.950853 1147680.000000 0.950853 0.997267 0.000000 0 
1547760.000000 0.819237 1547760.000000 0.819237 0.994600 0.000000 0 
1117920.000000 0.980777 1117920.000000 0.980777 0.996111 0.000000 0 
1080000.000000 1.012559 1080000.000000 1.012559 0.993922 0.000000 0 
1070640.000000 1.021570 1070640.000000 1.021570 0.995101 0.000000 0 
1174560.000000 0.921645 1174560.000000 0.921645 0.997781 0.000000 0 
1052640.000000 1.072522 1052640.000000 1.072522 0.997195 0.000000 0 
1318080.000000 0.867690 1318080.000000 0.867690 0.999112 0.000000 0 
1483440.000000 0.826735 1483440.000000 0.826735 0.991557 0.000000 0 
1148640.000000 0.949732 1148640.000000 0.949732 0.999202 0.000000 0 
1084800.000000 1.001538 1084800.000000 1.001538 0.991622 0.000000 0 
1825680.000000 0.793695 1825680.000000 0.793695 0.975026 0.000000 0 
1346160.000000 0.858933 1346160.000000 0.858933 0.999565 0.000000 0 
1188000.000000 0.917433 1188000.000000 0.917433 0.995666 0.000000 0 
1839840.000000 0.793542 1839840.000000 0.793542 0.974473 0.000000 0 
1125600.000000 0.979051 1125600.000000 0.979051 0.994950 0.000000 0 
1401120.000000 0.846380 1401120.000000 0.846380 0.998434 0.000000 0 
1278000.000000 0.883177 1278000.000000 0.883177 0.997061 0.000000 0 
1151520.000000 0.934701 1151520.000000 0.934701 0.998466 0.000000 0 
1042800.000000 1.077615 1042800.000000 1.077615 0.993325 0.000000 0 
1306800.000000 0.870951 1306800.000000 0.870951 0.996765 0.000000 0 
1130880.000000 0.971135 1130880.000000 0.971135 0.997247 0.000000 0 
1262160.000000 0.890070 1262160.000000 0.890070 0.989485 0.000000 0 
1585440.000000 0.811630 1585440.000000 0.811630 0.998497 0.000000 0 
1336320.000000 0.863427 1336320.000000 0.863427 0.990560 0.000000 0 
1227120.000000 0.899495 1227120.000000 0.899495 0.992956 0.000000 0 
1193040.000000 0.910839 1193040.000000 0.910839 0.997180 0.000000 0 
1267200.000000 0.886070 1267200.000000 0.886070 0.995169 0.000000 0 
1516080.000000 0.822247 1516080.000000 0.822247 0.993269 0.000000 0 
1302960.000000 0.875636 1302960.000000 0.875636 0.996928 0.000000 0 
1411440.000000 0.843827 1411440.000000 0.843827 0.994330 0.000000 0 
1470960.000000 0.829360 1470960.000000 0.829360 0.992521 0.000000 0 
1631280.000000 0.806452 1631280.000000 0.806452 0.996507 0.000000 0 
1496880.000000 0.825753 1496880.000000 0.825753 0.993903 0.000000 0 
1236960.000000 0.896590 1236960.000000 0.896590 0.992333 0.000000 0 
1795440.000000 0.796608 1795440.000000 0.796608 0.969358 0.000000 0 
1069680.000000 1.030801 1069680.000000 1.030801 0.999751 0.000000 0 
1420560.000000 0.841743 1420560.000000 0.841743 0.999749 0.000000 0 
1329600.000000 0.865562 1329600.000000 0.865562 0.997615 0.000000 0 
1162080.000000 0.929067 1162080.000000 0.929067 0.997367 0.000000 0 
1504560.000000 0.823628 1504560.000000 0.823628 0.996140 0.000000 0 
1250400.000000 0.892680 1250400.000000 0.892680 0.995362 0.000000 0 
1078800.000000 1.017211 1078800.000000 1.017211 0.993473 0.000000 0 
1096080.000000 0.997221 1096080.000000 0.997221 0.989114 0.000000 0 
1854240.000000 0.792906 1854240.000000 0.792906 0.976521 0.000000 0 
1619040.000000 0.809553 1619040.000000 0.809553 0.995238 0.000000 0 
1789680.000000 0.797567 1789680.000000 0.797567 0.989130 0.000000 0 
1291920.000000 0.878257 1291920.000000 0.878257 0.999431 0.000000 0 
1055280.000000 1.050397 1055280.000000 1.050397 0.999708 0.000000 0 
1203120.000000 0.910088 1203120.000000 0.910088 0.998073 0.000000 0 
1220640.000000 0.903302 1220640.000000 0.903302 0.987928 0.000000 0 
1059120.000000 1.047996 1059120.000000 1.047996 0.998459 0.000000 0 
1287360.000000 0.880782 1287360.000000 0.880782 0.994646 0.000000 0 
1371120.000000 0.854183 1371120.000000 0.854183 0.995604 0.000000 0 
1458480.000000 0.832259 1458480.000000 0.832259 0.992830 0.000000 0 
1379760.000000 0.853469 1379760.000000 0.853469 0.994381 0.000000 0 
1391760.000000 0.849561 1391760.000000 0.849561 0.991767 0.000000 0 
1135920.000000 0.968692 1135920.000000 0.968692 0.996495 0.000000 0 
1357680.000000 0.858424 1357680.000000 0.858424 0.999390 0.000000 0 
1361520.000000 0.855768 1361520.000000 0.855768 0.996167 0.000000 0 
1181280.000000 0.921213 1181280.000000 0.921213 0.996632 0.000000 0 
1151520.000000 0.934701 1151520.000000 0.934701 0.998466 0.000000 0 
1162080.000000 0.929067 1162080.000000 0.929067 0.997367 0.000000 0 
1241760.000000 0.892862 1241760.000000 0.892862 0.993015 0.000000 0 
1636080.000000 0.804024 1636080.000000 0.804024 0.997756 0.000000 0 
1205280.000000 0.904690 1205280.000000 0.904690 0.989485 0.000000 0 
1386000.000000 0.850207 1386000.000000 0.850207 0.993398 0.000000 0 
1091520.000000 1.000931 1091520.000000 1.000931 0.991488 0.000000 0 
1050480.000000 1.074752 1050480.000000 1.074752 0.998318 0.000000 0 
1212000.000000 0.903798 1212000.000000 0.903798 0.989400 0.000000 0 
1619040.000000 0.809553 1619040.000000 0.809553 0.995238 0.000000 0 
1465200.000000 0.831936 1465200.000000 0.831936 0.993092 0.000000 0 
1772640.000000 0.797692 1772640.000000 0.797692 0.996587 0.000000 0 
1069680.000000 1.030801 1069680.000000 1.030801 0.999751 0.000000 0 
1104480.000000 0.994103 1104480.000000 0.994103 0.989131 0.000000 0 
#Generacion: 5000 
#Distancia: 242.053434 
