43903723.130446 41926124.649026 1977600.000000 1.518580 5.192612 41926123.130446 17 
54281961.243146 52141643.029831 2140320.000000 1.786685 6.214164 52141641.243146 42 
80994695.317971 79177417.101572 1817280.000000 1.783600 8.917742 79177415.317971 64 
51554445.267592 49658446.758682 1896000.000000 1.491090 5.965845 49658445.267592 36 
74814180686139.687500 74814178744781.609375 1941360.000000 1.919339 7481418.874478 74814178744779.687500 82 
28119072.008604 26189233.315435 1929840.000000 1.306831 3.618923 26189232.008604 3 
53744595.907593 51555078.333297 2189520.000000 2.425704 6.155508 51555075.907593 41 
34797980.725473 32842942.225756 1955040.000000 1.500283 4.284294 32842940.725473 5 
63474947510770.398438 63474945462132.406250 2048640.000000 2.005882 6347495.546213 63474945462130.398438 80 
67936756.884143 65983878.390426 1952880.000000 1.506283 7.598388 65983876.884143 57 
46337166.320010 44431567.895955 1905600.000000 1.575945 5.443157 44431566.320010 22 
43709429.751705 41589991.059503 2119440.000000 1.307798 5.158999 41589989.751705 15 
48680221.806889 46544223.234432 2136000.000000 1.427543 5.654422 46544221.806889 28 
55539641.842931 53617963.477803 1921680.000000 1.634872 6.361796 53617961.842931 44 
94874646.476370 92761687.675237 2112960.000000 1.198867 10.276169 92761686.476370 72 
1252078657352546.750000 1252078655365588.500000 1986960.000000 1.811396 125207866.536559 1252078655365586.750000 91 
57315465.850298 55300427.022039 2015040.000000 1.171741 6.530043 55300425.850298 49 
76230880.351861 74387922.046657 1842960.000000 1.694796 8.438792 74387920.351861 61 
26036134.455992 24122136.399156 1914000.000000 1.943164 3.412213 24122134.455992 2 
71086341.697184 69164663.552931 1921680.000000 1.855748 7.916466 69164661.697184 59 
46604730.821823 44561372.541244 2043360.000000 1.719421 5.456137 44561370.821823 23 
42422492.440318 40415854.187843 2006640.000000 1.747526 5.041585 40415852.440318 10 
66688005.876152 64743047.792517 1944960.000000 1.916365 7.474305 64743045.876152 56 
210186424469409.187500 210186422482930.562500 1986480.000000 1.377758 21018643.248293 210186422482929.187500 88 
69811659.724473 67921661.841412 1890000.000000 2.116939 7.792166 67921659.724473 58 
21275579.191216 19333021.178794 1942560.000000 1.987578 2.933302 19333019.191216 0 
617912914144812.000000 617912912042893.250000 2101920.000000 1.297135 61791292.204289 617912912042892.000000 90 
90648412.276576 88751934.548175 1896480.000000 2.271599 9.875193 88751932.276576 70 
13080416918640.716797 13080414826082.363281 2092560.000000 1.645898 1308042.482608 13080414826080.716797 75 
38628827316075.757812 38628825411678.046875 1904400.000000 2.290333 3862883.541168 38628825411675.757812 79 
44987361.397409 43054642.979319 1932720.000000 1.581910 5.305464 43054641.397409 19 
49862578.865083 48060421.266139 1802160.000000 2.401056 5.806042 48060418.865083 32 
45335065.287209 43382427.647353 1952640.000000 2.360145 5.338243 43382425.287209 20 
40240635.712000 38269277.465841 1971360.000000 1.753841 4.826928 38269275.712000 7 
56427558.033779 54328519.662047 2099040.000000 1.628268 6.432852 54328518.033779 45 
77403214.378106 75433776.738273 1969440.000000 2.360167 8.543377 75433774.378106 62 
41795393.883026 39791875.508771 2003520.000000 1.625745 4.979187 39791873.883026 9 
41600461.812115 39568383.501507 2032080.000000 1.689392 4.956838 39568381.812115 8 
53665618.415283 51529619.701023 2136000.000000 1.285741 6.152962 51529618.415283 40 
51870974.183953 50011935.584424 1859040.000000 1.400471 6.001193 50011934.183953 37 
44570625.084767 42406547.272840 2164080.000000 2.188073 5.240655 42406545.084767 18 
90218012.841537 88370255.861906 1847760.000000 3.020369 9.837025 88370252.841537 69 
261405466750477.937500 261405464745039.093750 2005440.000000 1.159768 26140547.474504 261405464745037.937500 89 
48983858.683394 46861779.747662 2122080.000000 1.064268 5.686178 46861778.683394 29 
47916178.788618 45824580.483084 2091600.000000 1.694466 5.582458 45824578.788618 27 
85978353.235719 84067235.152663 1911120.000000 1.916944 9.406723 84067233.235719 65 
43155950.737520 41071312.684649 2084640.000000 1.947129 5.107131 41071310.737520 13 
36386816186731.617188 36386814177694.398438 2009040.000000 2.780097 3638682.417769 36386814177691.617188 78 
48939063.584202 46970585.102952 1968480.000000 1.518751 5.697058 46970583.584202 29 
88802732.010848 86629773.973244 2172960.000000 1.962396 9.662977 86629772.010848 67 
46685997.920066 44645279.562725 2040720.000000 1.642659 5.464528 44645277.920066 24 
89739072.313951 87697393.741267 2041680.000000 1.427316 9.769739 87697392.313951 68 
66715729.721495 64692051.372713 2023680.000000 1.651219 7.469205 64692049.721495 56 
56864029.923373 54903231.639502 1960800.000000 1.716129 6.490323 54903229.923373 46 
60322690.349957 58345331.968373 1977360.000000 1.618415 6.834533 58345330.349957 52 
50551552.179332 48515154.085109 2036400.000000 1.905777 5.851515 48515152.179332 34 
43274608.110068 41428050.050177 1846560.000000 1.940109 5.142805 41428048.110068 14 
50103132.097981 48197054.381798 1906080.000000 2.283817 5.819705 48197052.097981 33 
42568094.757525 40390576.867537 2177520.000000 2.110012 5.039057 40390574.757525 10 
56812401.998593 54995123.734470 1817280.000000 1.735877 6.499512 54995121.998593 46 
119473934778163.015625 119473932856724.093750 1921440.000000 1.074195 11947394.285672 119473932856723.015625 84 
60183406.090739 58175567.900725 2007840.000000 1.809986 6.817557 58175566.090739 51 
87589317.749381 85678919.935809 1910400.000000 2.186428 9.567892 85678917.749381 66 
159864549917477.437500 159864547917799.343750 1999680.000000 1.906823 15986455.791780 159864547917797.437500 86 
53337049.471590 51111770.820372 2225280.000000 1.348782 6.111177 51111769.471590 39 
58789424.895433 56984146.551736 1805280.000000 1.656304 6.698414 56984144.895433 50 
81001026.922988 78927908.600561 2073120.000000 1.677573 8.892791 78927906.922988 64 
62610238.409579 60570720.344040 2039520.000000 1.934461 7.057072 60570718.409579 55 
93455004.819688 91418126.690145 2036880.000000 1.870457 10.141812 91418124.819688 71 
60378544.291787 58652465.643836 1726080.000000 1.352048 6.865246 58652464.291787 53 
42535995.124330 40514236.932193 2021760.000000 1.807863 5.051424 40514235.124330 11 
61387745.065782 59462466.862322 1925280.000000 1.796540 6.946247 59462465.065782 54 
5175618285685407.000000 5175618283794689.000000 1890720.000000 1.811669 517561829.379469 5175618283794687.000000 92 
252679479828.387787 252677285509.468842 2194320.000000 1.081056 25268.728551 252677285508.387787 74 
57086160.671082 55137123.751888 1949040.000000 3.080806 6.513712 55137120.671082 47 
43043103.825491 41049665.219319 1993440.000000 1.393828 5.104966 41049663.825491 12 
46234330.475193 44375772.371983 1858560.000000 1.896791 5.437577 44375770.475193 21 
36785575.647398 34771498.056827 2014080.000000 2.409429 4.477150 34771495.647398 6 
46699607.017080 44697048.953903 2002560.000000 1.936823 5.469705 44697047.017080 25 
74497500058670.687500 74497498041232.250000 2017440.000000 1.561481 7449750.804123 74497498041230.687500 81 
49405121.170586 47428482.656034 1976640.000000 1.485448 5.742848 47428481.170586 31 
74104144.707759 72023826.905399 2080320.000000 2.197640 8.202382 72023824.707759 60 
54688518.720532 52709960.999598 1978560.000000 2.279066 6.270996 52709958.720532 43 
41692878.909011 39560000.765885 2132880.000000 1.856875 4.956000 39559998.909011 8 
43860746.842985 41752109.055195 2108640.000000 2.212211 5.175211 41752106.842985 16 
24307276925723.328125 24307274704525.734375 2221200.000000 2.405883 2430728.470452 24307274704523.328125 76 
100455239.052443 98547001.094113 1908240.000000 2.041670 10.854700 98546999.052443 73 
52452843.703433 50369646.018997 2083200.000000 2.315565 6.036964 50369643.703433 38 
50997560.106525 48779241.546294 2218320.000000 1.439769 5.877924 48779240.106525 35 
44557903.363213 42558224.833045 1999680.000000 1.469832 5.255822 42558223.363213 18 
31950000.522519 29809922.011803 2140080.000000 1.489284 3.980992 29809920.522519 4 
26079611532224.699219 26079609650147.152344 1882080.000000 2.452219 2607961.965014 26079609650144.699219 77 
95543968059681.187500 95543965956563.093750 2103120.000000 1.906106 9554397.595656 95543965956561.187500 83 
57215400.548395 55192921.970321 2022480.000000 1.421926 6.519292 55192920.548395 48 
49201109.044339 47227830.619796 1973280.000000 1.575457 5.722783 47227829.044339 30 
78491863.344869 76628506.198678 1863360.000000 2.853809 8.662850 76628503.344869 63 
176689037420590.156250 176689035277631.406250 2142960.000000 1.241215 17668904.527763 176689035277630.156250 87 
24180684.202458 21835885.434557 2344800.000000 1.232099 3.183588 21835884.202458 1 
47889930.608462 45704733.728161 2185200.000000 3.119700 5.570473 45704730.608462 26 
155007158066976.125000 155007155892098.500000 2174880.000000 2.390368 15500716.589210 155007155892096.125000 85 
#Generacion: 1 
#Distancia: 789.174141 
1451280.000000 0.944977 1451280.000000 0.944977 0.996499 0.000000 0 
1542960.000000 0.893665 1542960.000000 0.893665 0.968465 0.000000 0 
1449120.000000 0.945294 1449120.000000 0.945294 0.991037 0.000000 0 
1359600.000000 1.357421 1359600.000000 1.357421 0.999026 0.000000 0 
1557360.000000 0.888590 1557360.000000 0.888590 0.992406 0.000000 0 
1712160.000000 0.856443 1712160.000000 0.856443 0.974238 0.000000 0 
1542480.000000 0.896770 1542480.000000 0.896770 0.992664 0.000000 0 
1416720.000000 0.973090 1416720.000000 0.973090 0.993848 0.000000 0 
1510320.000000 0.899669 1510320.000000 0.899669 0.995803 0.000000 0 
1379760.000000 1.077308 1379760.000000 1.077308 0.992294 0.000000 0 
1359600.000000 1.357421 1359600.000000 1.357421 0.999026 0.000000 0 
1506960.000000 0.902482 1506960.000000 0.902482 0.984824 0.000000 0 
1579680.000000 0.879323 1579680.000000 0.879323 0.981057 0.000000 0 
1494000.000000 0.923592 1494000.000000 0.923592 0.972069 0.000000 0 
1382640.000000 1.076163 1382640.000000 1.076163 0.991597 0.000000 0 
1504080.000000 0.908067 1504080.000000 0.908067 0.993258 0.000000 0 
1404720.000000 0.982726 1404720.000000 0.982726 0.995795 0.000000 0 
1594080.000000 0.872518 1594080.000000 0.872518 0.993583 0.000000 0 
1605360.000000 0.869828 1605360.000000 0.869828 0.985260 0.000000 0 
1437840.000000 0.945699 1437840.000000 0.945699 0.998884 0.000000 0 
1879200.000000 0.843119 1879200.000000 0.843119 0.962264 0.000000 0 
1354560.000000 1.361901 1354560.000000 1.361901 0.998717 0.000000 0 
1600800.000000 0.870419 1600800.000000 0.870419 0.993364 0.000000 0 
1551600.000000 0.892111 1551600.000000 0.892111 0.967285 0.000000 0 
1387680.000000 1.074605 1387680.000000 1.074605 0.987240 0.000000 0 
1364880.000000 1.110075 1364880.000000 1.110075 0.975260 0.000000 0 
1496160.000000 0.916996 1496160.000000 0.916996 0.980520 0.000000 0 
1378560.000000 1.103739 1378560.000000 1.103739 0.981962 0.000000 0 
1764720.000000 0.843590 1764720.000000 0.843590 0.992275 0.000000 0 
1600800.000000 0.870419 1600800.000000 0.870419 0.993364 0.000000 0 
1403040.000000 0.984258 1403040.000000 0.984258 0.995754 0.000000 0 
1702320.000000 0.857594 1702320.000000 0.857594 0.987454 0.000000 0 
1573200.000000 0.880316 1573200.000000 0.880316 0.977935 0.000000 0 
1423200.000000 0.947509 1423200.000000 0.947509 0.997603 0.000000 0 
1626720.000000 0.869627 1626720.000000 0.869627 0.971324 0.000000 0 
1468320.000000 0.924458 1468320.000000 0.924458 0.982409 0.000000 0 
1389600.000000 0.992402 1389600.000000 0.992402 0.995539 0.000000 0 
1586160.000000 0.873316 1586160.000000 0.873316 0.994341 0.000000 0 
1712880.000000 0.855873 1712880.000000 0.855873 0.974739 0.000000 0 
1437840.000000 0.945699 1437840.000000 0.945699 0.998884 0.000000 0 
1365360.000000 1.104494 1365360.000000 1.104494 0.997881 0.000000 0 
1404720.000000 0.982726 1404720.000000 0.982726 0.995795 0.000000 0 
1541760.000000 0.897445 1541760.000000 0.897445 0.977254 0.000000 0 
1659840.000000 0.860982 1659840.000000 0.860982 0.971075 0.000000 0 
1712160.000000 0.856443 1712160.000000 0.856443 0.974238 0.000000 0 
1715760.000000 0.850917 1715760.000000 0.850917 0.989881 0.000000 0 
1458480.000000 0.930266 1458480.000000 0.930266 0.974932 0.000000 0 
1557360.000000 0.888590 1557360.000000 0.888590 0.992406 0.000000 0 
1628880.000000 0.867345 1628880.000000 0.867345 0.986828 0.000000 0 
1533120.000000 0.902422 1533120.000000 0.902422 0.992527 0.000000 1 
1384560.000000 1.079251 1384560.000000 1.079251 0.994485 0.000000 1 
1506240.000000 0.911848 1506240.000000 0.911848 0.974821 0.000000 1 
1520880.000000 0.911389 1520880.000000 0.911389 0.972211 0.000000 1 
1531440.000000 0.910844 1531440.000000 0.910844 0.975370 0.000000 1 
1496880.000000 0.923084 1496880.000000 0.923084 0.974074 0.000000 1 
1871760.000000 0.844743 1871760.000000 0.844743 0.982832 0.000000 1 
1840080.000000 0.844951 1840080.000000 0.844951 0.973796 0.000000 1 
1812000.000000 0.846310 1812000.000000 0.846310 0.980440 0.000000 1 
1792800.000000 0.848213 1792800.000000 0.848213 0.980001 0.000000 1 
1824720.000000 0.845762 1824720.000000 0.845762 0.977605 0.000000 1 
1786320.000000 0.849787 1786320.000000 0.849787 0.986316 0.000000 1 
1831200.000000 0.845442 1831200.000000 0.845442 0.982580 0.000000 1 
1609440.000000 0.870678 1609440.000000 0.870678 0.993418 0.000000 1 
1710480.000000 0.860974 1710480.000000 0.860974 0.950166 0.000000 1 
1584240.000000 0.887876 1584240.000000 0.887876 0.999348 0.000000 1 
1433040.000000 0.957995 1433040.000000 0.957995 0.997244 0.000000 1 
1436880.000000 0.955831 1436880.000000 0.955831 0.991982 0.000000 1 
1483440.000000 0.929578 1483440.000000 0.929578 0.989404 0.000000 1 
1488240.000000 0.925112 1488240.000000 0.925112 0.970589 0.000000 1 
1490160.000000 0.924939 1490160.000000 0.924939 0.969805 0.000000 1 
1391040.000000 1.005883 1391040.000000 1.005883 0.993099 0.000000 1 
1396800.000000 1.005671 1396800.000000 1.005671 0.994102 0.000000 1 
1396800.000000 1.005671 1396800.000000 1.005671 0.994102 0.000000 1 
1596960.000000 0.877066 1596960.000000 0.877066 0.984966 0.000000 1 
1589280.000000 0.884096 1589280.000000 0.884096 0.973971 0.000000 1 
1439040.000000 0.949468 1439040.000000 0.949468 0.992883 0.000000 1 
1438560.000000 0.950079 1438560.000000 0.950079 0.993416 0.000000 1 
1368240.000000 1.357308 1368240.000000 1.357308 0.990253 0.000000 1 
1368240.000000 1.357308 1368240.000000 1.357308 0.990253 0.000000 1 
1369920.000000 1.104978 1369920.000000 1.104978 0.989105 0.000000 1 
1406400.000000 0.986980 1406400.000000 0.986980 0.990274 0.000000 1 
1406160.000000 1.003094 1406160.000000 1.003094 0.995925 0.000000 1 
1543920.000000 0.900943 1543920.000000 0.900943 0.997289 0.000000 1 
1667760.000000 0.861807 1667760.000000 0.861807 0.982167 0.000000 1 
1659840.000000 0.865427 1659840.000000 0.865427 0.998834 0.000000 1 
1659840.000000 0.865427 1659840.000000 0.865427 0.998834 0.000000 1 
1749840.000000 0.854593 1749840.000000 0.854593 0.967496 0.000000 1 
1776960.000000 0.851268 1776960.000000 0.851268 0.964434 0.000000 1 
1754640.000000 0.851961 1754640.000000 0.851961 0.988325 0.000000 1 
1476240.000000 0.941233 1476240.000000 0.941233 0.986543 0.000000 1 
1481760.000000 0.935042 1481760.000000 0.935042 0.971916 0.000000 1 
1472160.000000 0.944636 1472160.000000 0.944636 0.988309 0.000000 1 
1578000.000000 0.890889 1578000.000000 0.890889 0.974162 0.000000 1 
1645440.000000 0.868210 1645440.000000 0.868210 0.986383 0.000000 1 
1640400.000000 0.868303 1640400.000000 0.868303 0.983532 0.000000 1 
1640400.000000 0.868303 1640400.000000 0.868303 0.983532 0.000000 1 
1640400.000000 0.868303 1640400.000000 0.868303 0.983532 0.000000 1 
1637040.000000 0.868877 1637040.000000 0.868877 0.988973 0.000000 1 
1652400.000000 0.867640 1652400.000000 0.867640 0.988302 0.000000 1 
1640400.000000 0.868303 1640400.000000 0.868303 0.983532 0.000000 1 
#Generacion: 500 
#Distancia: 303.606566 
1411920.000000 0.881849 1411920.000000 0.881849 0.997571 0.000000 0 
1243200.000000 1.063816 1243200.000000 1.063816 0.990538 0.000000 0 
1411920.000000 0.881849 1411920.000000 0.881849 0.997571 0.000000 0 
1357200.000000 0.897504 1357200.000000 0.897504 0.969949 0.000000 0 
1509360.000000 0.855308 1509360.000000 0.855308 0.992803 0.000000 0 
1598640.000000 0.833984 1598640.000000 0.833984 0.980798 0.000000 0 
1798560.000000 0.814280 1798560.000000 0.814280 0.988355 0.000000 0 
1417920.000000 0.878303 1417920.000000 0.878303 0.983881 0.000000 0 
1456800.000000 0.872719 1456800.000000 0.872719 0.963986 0.000000 0 
1596720.000000 0.834679 1596720.000000 0.834679 0.998811 0.000000 0 
1635360.000000 0.829168 1635360.000000 0.829168 0.994033 0.000000 0 
1627680.000000 0.831764 1627680.000000 0.831764 0.998223 0.000000 0 
1300320.000000 0.933017 1300320.000000 0.933017 0.974933 0.000000 0 
1635360.000000 0.829168 1635360.000000 0.829168 0.994033 0.000000 0 
1798560.000000 0.814280 1798560.000000 0.814280 0.988355 0.000000 0 
1687920.000000 0.822503 1687920.000000 0.822503 0.984535 0.000000 0 
1464000.000000 0.870168 1464000.000000 0.870168 0.996179 0.000000 0 
1798560.000000 0.814280 1798560.000000 0.814280 0.988355 0.000000 0 
1432320.000000 0.876681 1432320.000000 0.876681 0.984573 0.000000 0 
1559280.000000 0.845300 1559280.000000 0.845300 0.985537 0.000000 0 
1361040.000000 0.892472 1361040.000000 0.892472 0.983473 0.000000 0 
1357200.000000 0.897504 1357200.000000 0.897504 0.969949 0.000000 0 
1479840.000000 0.865710 1479840.000000 0.865710 0.999789 0.000000 0 
1616400.000000 0.833045 1616400.000000 0.833045 0.991351 0.000000 0 
1263600.000000 0.957150 1263600.000000 0.957150 0.994974 0.000000 0 
1524720.000000 0.854623 1524720.000000 0.854623 0.990389 0.000000 0 
1479840.000000 0.865710 1479840.000000 0.865710 0.999789 0.000000 0 
1566000.000000 0.844252 1566000.000000 0.844252 0.990301 0.000000 0 
1299600.000000 0.933273 1299600.000000 0.933273 0.969285 0.000000 0 
1720320.000000 0.817381 1720320.000000 0.817381 0.990339 0.000000 0 
1588080.000000 0.837531 1588080.000000 0.837531 0.982569 0.000000 0 
1673040.000000 0.825021 1673040.000000 0.825021 0.999989 0.000000 0 
1687920.000000 0.822503 1687920.000000 0.822503 0.984535 0.000000 0 
1417920.000000 0.878303 1417920.000000 0.878303 0.983881 0.000000 0 
1409760.000000 0.885714 1409760.000000 0.885714 0.992330 0.000000 0 
1297920.000000 0.945207 1297920.000000 0.945207 0.983813 0.000000 0 
1667040.000000 0.827314 1667040.000000 0.827314 0.993417 0.000000 0 
1361040.000000 0.892472 1361040.000000 0.892472 0.983473 0.000000 0 
1536960.000000 0.845326 1536960.000000 0.845326 0.988581 0.000000 0 
1417920.000000 0.878303 1417920.000000 0.878303 0.983881 0.000000 0 
1683600.000000 0.822531 1683600.000000 0.822531 0.973278 0.000000 0 
1569600.000000 0.840740 1569600.000000 0.840740 0.996169 0.000000 0 
1463040.000000 0.872181 1463040.000000 0.872181 0.975658 0.000000 0 
1261200.000000 1.034061 1261200.000000 1.034061 0.996930 0.000000 0 
1496640.000000 0.859519 1496640.000000 0.859519 0.984490 0.000000 0 
1337760.000000 0.914589 1337760.000000 0.914589 0.975945 0.000000 0 
1356480.000000 0.904964 1356480.000000 0.904964 0.969585 0.000000 0 
1303200.000000 0.932862 1303200.000000 0.932862 0.982359 0.000000 0 
1344240.000000 0.912008 1344240.000000 0.912008 0.975435 0.000000 0 
1496640.000000 0.859519 1496640.000000 0.859519 0.984490 0.000000 0 
1249920.000000 1.061859 1249920.000000 1.061859 0.991649 0.000000 0 
1439520.000000 0.875177 1439520.000000 0.875177 0.977167 0.000000 0 
1376400.000000 0.890300 1376400.000000 0.890300 0.968265 0.000000 0 
1320480.000000 0.930266 1320480.000000 0.930266 0.967223 0.000000 0 
1436160.000000 0.876063 1436160.000000 0.876063 0.976653 0.000000 0 
1232640.000000 1.067289 1232640.000000 1.067289 0.991422 0.000000 0 
1525440.000000 0.845700 1525440.000000 0.845700 0.998801 0.000000 0 
1350720.000000 0.911332 1350720.000000 0.911332 0.976781 0.000000 0 
1484160.000000 0.860356 1484160.000000 0.860356 0.987847 0.000000 0 
1299600.000000 0.933273 1299600.000000 0.933273 0.969285 0.000000 0 
1256400.000000 1.048072 1256400.000000 1.048072 0.997199 0.000000 0 
1596720.000000 0.834679 1596720.000000 0.834679 0.998811 0.000000 0 
1378080.000000 0.885930 1378080.000000 0.885930 0.971965 0.000000 0 
1263600.000000 0.957150 1263600.000000 0.957150 0.994974 0.000000 0 
1811280.000000 0.812095 1811280.000000 0.812095 0.992869 0.000000 0 
1256400.000000 1.048072 1256400.000000 1.048072 0.997199 0.000000 0 
1474080.000000 0.866777 1474080.000000 0.866777 0.976690 0.000000 0 
1447440.000000 0.873356 1447440.000000 0.873356 0.992920 0.000000 0 
1397520.000000 0.885785 1397520.000000 0.885785 0.967765 0.000000 0 
1604400.000000 0.833157 1604400.000000 0.833157 0.980837 0.000000 0 
1653600.000000 0.827844 1653600.000000 0.827844 0.974134 0.000000 0 
1290720.000000 0.947456 1290720.000000 0.947456 0.997812 0.000000 0 
1509120.000000 0.855862 1509120.000000 0.855862 0.985513 0.000000 0 
1325040.000000 0.929313 1325040.000000 0.929313 0.991322 0.000000 0 
1308480.000000 0.930640 1308480.000000 0.930640 0.962928 0.000000 0 
1727040.000000 0.816816 1727040.000000 0.816816 0.972473 0.000000 0 
1235280.000000 1.123584 1235280.000000 1.123584 0.992806 0.000000 1 
1702800.000000 0.822599 1702800.000000 0.822599 0.991987 0.000000 1 
1251840.000000 1.064016 1251840.000000 1.064016 0.987369 0.000000 1 
1279440.000000 1.006451 1279440.000000 1.006451 0.980213 0.000000 1 
1499760.000000 0.859992 1499760.000000 0.859992 0.998228 0.000000 1 
1574640.000000 0.841795 1574640.000000 0.841795 0.992019 0.000000 1 
1300320.000000 0.946705 1300320.000000 0.946705 0.969957 0.000000 1 
1296960.000000 0.978841 1296960.000000 0.978841 0.981202 0.000000 1 
1332000.000000 0.931181 1332000.000000 0.931181 0.971867 0.000000 1 
1363920.000000 0.897677 1363920.000000 0.897677 0.967058 0.000000 1 
1391760.000000 0.885962 1391760.000000 0.885962 0.979379 0.000000 1 
1427280.000000 0.878985 1427280.000000 0.878985 0.992585 0.000000 1 
1678080.000000 0.825076 1678080.000000 0.825076 0.986169 0.000000 1 
1282080.000000 1.000020 1282080.000000 1.000020 0.999813 0.000000 1 
1344240.000000 0.913768 1344240.000000 0.913768 0.971105 0.000000 1 
1650000.000000 0.830489 1650000.000000 0.830489 0.983467 0.000000 1 
1380480.000000 0.892804 1380480.000000 0.892804 0.980843 0.000000 1 
1636320.000000 0.832340 1636320.000000 0.832340 0.994941 0.000000 1 
1597680.000000 0.839025 1597680.000000 0.839025 0.997363 0.000000 1 
1342800.000000 0.921463 1342800.000000 0.921463 0.994454 0.000000 1 
1465920.000000 0.870555 1465920.000000 0.870555 0.994101 0.000000 1 
1484880.000000 0.865427 1484880.000000 0.865427 0.996965 0.000000 1 
1445040.000000 0.877271 1445040.000000 0.877271 0.979555 0.000000 1 
1452720.000000 0.874757 1452720.000000 0.874757 0.999640 0.000000 1 
#Generacion: 1000 
#Distancia: 253.935960 
1228080.000000 0.968579 1228080.000000 0.968579 0.993061 0.000000 0 
1243920.000000 0.939697 1243920.000000 0.939697 0.993375 0.000000 0 
1227120.000000 0.971883 1227120.000000 0.971883 0.993115 0.000000 0 
1300080.000000 0.895309 1300080.000000 0.895309 0.986794 0.000000 0 
1227120.000000 0.971883 1227120.000000 0.971883 0.993115 0.000000 0 
1218480.000000 0.972955 1218480.000000 0.972955 0.999461 0.000000 0 
1246560.000000 0.938506 1246560.000000 0.938506 0.987412 0.000000 0 
1236480.000000 0.948845 1236480.000000 0.948845 0.987905 0.000000 0 
1661520.000000 0.814976 1661520.000000 0.814976 0.999897 0.000000 0 
1341120.000000 0.882973 1341120.000000 0.882973 0.991508 0.000000 0 
1220640.000000 0.972620 1220640.000000 0.972620 0.995423 0.000000 0 
1270320.000000 0.914254 1270320.000000 0.914254 0.995306 0.000000 0 
1300080.000000 0.895309 1300080.000000 0.895309 0.986794 0.000000 0 
1661280.000000 0.815825 1661280.000000 0.815825 0.992167 0.000000 0 
1334880.000000 0.883318 1334880.000000 0.883318 0.997842 0.000000 0 
1763760.000000 0.807956 1763760.000000 0.807956 0.991030 0.000000 0 
1309680.000000 0.893294 1309680.000000 0.893294 0.984341 0.000000 0 
1388400.000000 0.863081 1388400.000000 0.863081 0.995370 0.000000 0 
1753920.000000 0.809582 1753920.000000 0.809582 0.984821 0.000000 0 
1301040.000000 0.895076 1301040.000000 0.895076 0.986515 0.000000 0 
1782960.000000 0.805491 1782960.000000 0.805491 0.987367 0.000000 0 
1962240.000000 0.803208 1962240.000000 0.803208 0.987490 0.000000 0 
1577760.000000 0.818469 1577760.000000 0.818469 0.990393 0.000000 0 
1202400.000000 1.036196 1202400.000000 1.036196 0.984169 0.000000 0 
1784880.000000 0.804088 1784880.000000 0.804088 0.983676 0.000000 0 
1236480.000000 0.948845 1236480.000000 0.948845 0.987905 0.000000 0 
1347360.000000 0.878252 1347360.000000 0.878252 0.998531 0.000000 0 
1458960.000000 0.846367 1458960.000000 0.846367 0.984336 0.000000 0 
1426080.000000 0.849566 1426080.000000 0.849566 0.999106 0.000000 0 
1376160.000000 0.869707 1376160.000000 0.869707 0.987767 0.000000 0 
1464720.000000 0.845679 1464720.000000 0.845679 0.985087 0.000000 0 
1523760.000000 0.831465 1523760.000000 0.831465 0.988066 0.000000 0 
1709520.000000 0.811098 1709520.000000 0.811098 0.986897 0.000000 0 
1791360.000000 0.803333 1791360.000000 0.803333 0.985548 0.000000 0 
1229040.000000 0.951306 1229040.000000 0.951306 0.994681 0.000000 0 
1326480.000000 0.885120 1326480.000000 0.885120 0.999446 0.000000 0 
1228560.000000 0.953678 1228560.000000 0.953678 0.999640 0.000000 0 
1624800.000000 0.817861 1624800.000000 0.817861 0.990485 0.000000 0 
1218480.000000 0.972955 1218480.000000 0.972955 0.999461 0.000000 0 
1437600.000000 0.848368 1437600.000000 0.848368 0.989877 0.000000 0 
1325040.000000 0.886337 1325040.000000 0.886337 0.989065 0.000000 0 
1342320.000000 0.878460 1342320.000000 0.878460 0.989717 0.000000 0 
1271520.000000 0.912733 1271520.000000 0.912733 0.995922 0.000000 0 
1309680.000000 0.893294 1309680.000000 0.893294 0.984341 0.000000 0 
1962240.000000 0.803208 1962240.000000 0.803208 0.987490 0.000000 0 
1290480.000000 0.896895 1290480.000000 0.896895 0.990454 0.000000 0 
1528080.000000 0.824674 1528080.000000 0.824674 0.989534 0.000000 0 
1528080.000000 0.824674 1528080.000000 0.824674 0.989534 0.000000 0 
1296480.000000 0.896524 1296480.000000 0.896524 0.987647 0.000000 0 
1325040.000000 0.886337 1325040.000000 0.886337 0.989065 0.000000 0 
1404000.000000 0.853236 1404000.000000 0.853236 0.996675 0.000000 0 
1251600.000000 0.923744 1251600.000000 0.923744 0.998564 0.000000 0 
1205040.000000 1.030022 1205040.000000 1.030022 0.991003 0.000000 0 
1309680.000000 0.893294 1309680.000000 0.893294 0.984341 0.000000 0 
1278960.000000 0.903777 1278960.000000 0.903777 0.987772 0.000000 0 
1310640.000000 0.889867 1310640.000000 0.889867 0.989642 0.000000 0 
1577760.000000 0.818469 1577760.000000 0.818469 0.990393 0.000000 0 
1341120.000000 0.882973 1341120.000000 0.882973 0.991508 0.000000 0 
1577760.000000 0.818469 1577760.000000 0.818469 0.990393 0.000000 0 
1557600.000000 0.819865 1557600.000000 0.819865 0.983549 0.000000 0 
1278960.000000 0.903777 1278960.000000 0.903777 0.987772 0.000000 0 
1228080.000000 0.968579 1228080.000000 0.968579 0.993061 0.000000 0 
1624800.000000 0.817861 1624800.000000 0.817861 0.990485 0.000000 0 
1674000.000000 0.812601 1674000.000000 0.812601 0.997093 0.000000 0 
1382640.000000 0.867639 1382640.000000 0.867639 0.996502 0.000000 0 
1278960.000000 0.903777 1278960.000000 0.903777 0.987772 0.000000 0 
1302960.000000 0.893352 1302960.000000 0.893352 0.984805 0.000000 0 
1195200.000000 1.061166 1195200.000000 1.061166 0.990508 0.000000 0 
1212000.000000 0.986448 1212000.000000 0.986448 0.998922 0.000000 0 
1394640.000000 0.853399 1394640.000000 0.853399 0.999396 0.000000 0 
1325040.000000 0.886337 1325040.000000 0.886337 0.989065 0.000000 0 
1624800.000000 0.817861 1624800.000000 0.817861 0.990485 0.000000 0 
1206000.000000 1.029934 1206000.000000 1.029934 0.991170 0.000000 0 
1674000.000000 0.812601 1674000.000000 0.812601 0.997093 0.000000 0 
1445520.000000 0.847290 1445520.000000 0.847290 0.976463 0.000000 0 
1674000.000000 0.812601 1674000.000000 0.812601 0.997093 0.000000 0 
1355280.000000 0.871525 1355280.000000 0.871525 0.998616 0.000000 0 
1286400.000000 0.903688 1286400.000000 0.903688 0.994710 0.000000 0 
1717920.000000 0.810837 1717920.000000 0.810837 0.995776 0.000000 0 
1705680.000000 0.812059 1705680.000000 0.812059 0.984321 0.000000 0 
1376160.000000 0.869707 1376160.000000 0.869707 0.987767 0.000000 0 
1480800.000000 0.837089 1480800.000000 0.837089 0.986335 0.000000 0 
1437600.000000 0.848368 1437600.000000 0.848368 0.989877 0.000000 0 
1233120.000000 0.950302 1233120.000000 0.950302 0.992523 0.000000 0 
1597920.000000 0.818327 1597920.000000 0.818327 0.994470 0.000000 0 
1557600.000000 0.819865 1557600.000000 0.819865 0.983549 0.000000 0 
1210800.000000 0.990132 1210800.000000 0.990132 0.979290 0.000000 0 
1475760.000000 0.837753 1475760.000000 0.837753 0.990408 0.000000 0 
1717920.000000 0.810837 1717920.000000 0.810837 0.995776 0.000000 0 
1347360.000000 0.878252 1347360.000000 0.878252 0.998531 0.000000 0 
1986960.000000 0.797685 1986960.000000 0.797685 0.998575 0.000000 0 
1505040.000000 0.835980 1505040.000000 0.835980 0.988021 0.000000 0 
1505520.000000 0.831903 1505520.000000 0.831903 0.983716 0.000000 0 
1528080.000000 0.824674 1528080.000000 0.824674 0.989534 0.000000 0 
1919040.000000 0.803486 1919040.000000 0.803486 0.992366 0.000000 1 
1209360.000000 1.038693 1209360.000000 1.038693 0.994552 0.000000 1 
1998480.000000 0.797902 1998480.000000 0.797902 0.998422 0.000000 1 
1998480.000000 0.797902 1998480.000000 0.797902 0.998422 0.000000 1 
1510800.000000 0.835071 1510800.000000 0.835071 0.997908 0.000000 1 
1515840.000000 0.832110 1515840.000000 0.832110 0.985072 0.000000 1 
#Generacion: 1500 
#Distancia: 261.933131 
1978560.000000 0.789087 1978560.000000 0.789087 0.997320 0.000000 0 
1157040.000000 1.077790 1157040.000000 1.077790 0.999086 0.000000 0 
1157040.000000 1.077790 1157040.000000 1.077790 0.999086 0.000000 0 
1184640.000000 1.001160 1184640.000000 1.001160 0.987519 0.000000 0 
1162080.000000 1.041702 1162080.000000 1.041702 0.988494 0.000000 0 
1192320.000000 0.957116 1192320.000000 0.957116 0.994487 0.000000 0 
1194960.000000 0.941411 1194960.000000 0.941411 0.995987 0.000000 0 
1830960.000000 0.797180 1830960.000000 0.797180 0.985564 0.000000 0 
1185600.000000 0.975301 1185600.000000 0.975301 0.988627 0.000000 0 
1169520.000000 1.033994 1169520.000000 1.033994 0.994058 0.000000 0 
1790640.000000 0.797648 1790640.000000 0.797648 0.979351 0.000000 0 
1172160.000000 1.016990 1172160.000000 1.016990 0.989677 0.000000 0 
1213920.000000 0.931496 1213920.000000 0.931496 0.988122 0.000000 0 
1248240.000000 0.911687 1248240.000000 0.911687 0.993784 0.000000 0 
1185600.000000 0.975301 1185600.000000 0.975301 0.988627 0.000000 0 
1175040.000000 1.013352 1175040.000000 1.013352 0.998982 0.000000 0 
1871760.000000 0.797170 1871760.000000 0.797170 0.985373 0.000000 0 
1240560.000000 0.926174 1240560.000000 0.926174 0.995303 0.000000 0 
1290000.000000 0.893870 1290000.000000 0.893870 0.989643 0.000000 0 
1292400.000000 0.881056 1292400.000000 0.881056 0.993338 0.000000 0 
1917840.000000 0.794532 1917840.000000 0.794532 0.990304 0.000000 0 
1224480.000000 0.930750 1224480.000000 0.930750 0.986308 0.000000 0 
1257360.000000 0.902076 1257360.000000 0.902076 0.986104 0.000000 0 
1257120.000000 0.911169 1257120.000000 0.911169 0.997868 0.000000 0 
1680240.000000 0.806393 1680240.000000 0.806393 0.996817 0.000000 0 
1581120.000000 0.815976 1581120.000000 0.815976 0.996239 0.000000 0 
1464240.000000 0.838068 1464240.000000 0.838068 0.986652 0.000000 0 
1271040.000000 0.895406 1271040.000000 0.895406 0.990079 0.000000 0 
1432560.000000 0.842406 1432560.000000 0.842406 0.992325 0.000000 0 
1405440.000000 0.848886 1405440.000000 0.848886 0.999905 0.000000 0 
1266480.000000 0.901399 1266480.000000 0.901399 0.992260 0.000000 0 
1386240.000000 0.858804 1386240.000000 0.858804 0.991911 0.000000 0 
1774800.000000 0.800618 1774800.000000 0.800618 0.986747 0.000000 0 
1938480.000000 0.794202 1938480.000000 0.794202 0.984296 0.000000 0 
1599360.000000 0.813944 1599360.000000 0.813944 0.996452 0.000000 0 
1168800.000000 1.041395 1168800.000000 1.041395 0.986886 0.000000 0 
1897680.000000 0.795117 1897680.000000 0.795117 0.990048 0.000000 0 
1239840.000000 0.926581 1239840.000000 0.926581 0.987787 0.000000 0 
1376400.000000 0.862078 1376400.000000 0.862078 0.998641 0.000000 0 
1626000.000000 0.811481 1626000.000000 0.811481 0.993595 0.000000 0 
1484640.000000 0.832128 1484640.000000 0.832128 0.985728 0.000000 0 
1636560.000000 0.810872 1636560.000000 0.810872 0.995077 0.000000 0 
1610640.000000 0.811893 1610640.000000 0.811893 0.996624 0.000000 0 
1743360.000000 0.805284 1743360.000000 0.805284 0.997399 0.000000 0 
1652400.000000 0.810825 1652400.000000 0.810825 0.999119 0.000000 0 
1310640.000000 0.879167 1310640.000000 0.879167 0.983660 0.000000 0 
1471440.000000 0.834463 1471440.000000 0.834463 0.989752 0.000000 0 
1752960.000000 0.804578 1752960.000000 0.804578 0.987763 0.000000 0 
1705680.000000 0.806228 1705680.000000 0.806228 0.999013 0.000000 0 
1361040.000000 0.864231 1361040.000000 0.864231 0.995900 0.000000 0 
1354800.000000 0.866831 1354800.000000 0.866831 0.999909 0.000000 0 
1882320.000000 0.796635 1882320.000000 0.796635 0.985024 0.000000 0 
1966080.000000 0.790048 1966080.000000 0.790048 0.996637 0.000000 0 
1424640.000000 0.844240 1424640.000000 0.844240 0.998007 0.000000 0 
1727280.000000 0.805453 1727280.000000 0.805453 0.999192 0.000000 0 
1705680.000000 0.806228 1705680.000000 0.806228 0.999013 0.000000 0 
1391280.000000 0.856469 1391280.000000 0.856469 0.992844 0.000000 0 
1943040.000000 0.793009 1943040.000000 0.793009 0.991920 0.000000 0 
1445760.000000 0.839893 1445760.000000 0.839893 0.987167 0.000000 0 
1401120.000000 0.852624 1401120.000000 0.852624 0.997642 0.000000 0 
1301040.000000 0.880632 1301040.000000 0.880632 0.982354 0.000000 0 
1281120.000000 0.894400 1281120.000000 0.894400 0.991570 0.000000 0 
1514880.000000 0.828330 1514880.000000 0.828330 0.987498 0.000000 0 
1958400.000000 0.792871 1958400.000000 0.792871 0.997232 0.000000 0 
1348560.000000 0.868636 1348560.000000 0.868636 0.993280 0.000000 0 
1672560.000000 0.807056 1672560.000000 0.807056 0.995601 0.000000 0 
1419360.000000 0.847355 1419360.000000 0.847355 0.996047 0.000000 0 
1371120.000000 0.863678 1371120.000000 0.863678 0.992534 0.000000 0 
1488240.000000 0.830281 1488240.000000 0.830281 0.993416 0.000000 0 
1394640.000000 0.853399 1394640.000000 0.853399 0.999396 0.000000 0 
1541760.000000 0.821445 1541760.000000 0.821445 0.996485 0.000000 0 
1445760.000000 0.839893 1445760.000000 0.839893 0.987167 0.000000 0 
1329600.000000 0.875766 1329600.000000 0.875766 0.995114 0.000000 0 
1322400.000000 0.878953 1322400.000000 0.878953 0.980429 0.000000 0 
1531200.000000 0.823789 1531200.000000 0.823789 0.987782 0.000000 0 
1892160.000000 0.795743 1892160.000000 0.795743 0.984092 0.000000 0 
1502640.000000 0.828503 1502640.000000 0.828503 0.974113 0.000000 0 
1498800.000000 0.829584 1498800.000000 0.829584 0.992502 0.000000 0 
1523520.000000 0.827849 1523520.000000 0.827849 0.995160 0.000000 0 
1526880.000000 0.825752 1526880.000000 0.825752 0.992232 0.000000 0 
1663680.000000 0.808342 1663680.000000 0.808342 0.996719 0.000000 0 
1553520.000000 0.820982 1553520.000000 0.820982 0.981923 0.000000 0 
1761360.000000 0.802462 1761360.000000 0.802462 0.986192 0.000000 0 
1661520.000000 0.809907 1661520.000000 0.809907 0.998137 0.000000 0 
1572960.000000 0.817085 1572960.000000 0.817085 0.983597 0.000000 0 
1561920.000000 0.818320 1561920.000000 0.818320 0.994828 0.000000 0 
1337280.000000 0.874378 1337280.000000 0.874378 0.991624 0.000000 0 
1470960.000000 0.836505 1470960.000000 0.836505 0.983264 0.000000 0 
1536000.000000 0.821992 1536000.000000 0.821992 0.992604 0.000000 0 
1601280.000000 0.812700 1601280.000000 0.812700 0.995492 0.000000 0 
1340400.000000 0.873381 1340400.000000 0.873381 0.987149 0.000000 0 
1727280.000000 0.805453 1727280.000000 0.805453 0.999192 0.000000 0 
1323120.000000 0.876553 1323120.000000 0.876553 0.996615 0.000000 0 
1555200.000000 0.819538 1555200.000000 0.819538 0.992945 0.000000 0 
1964880.000000 0.792822 1964880.000000 0.792822 0.998232 0.000000 0 
1567680.000000 0.817631 1567680.000000 0.817631 0.985705 0.000000 0 
1774080.000000 0.802254 1774080.000000 0.802254 0.989083 0.000000 0 
1420800.000000 0.846671 1420800.000000 0.846671 0.995412 0.000000 0 
1765440.000000 0.802388 1765440.000000 0.802388 0.988192 0.000000 0 
1346160.000000 0.871635 1346160.000000 0.871635 0.987393 0.000000 0 
#Generacion: 2000 
#Distancia: 264.673838 
2012640.000000 0.784560 2012640.000000 0.784560 0.995997 0.000000 0 
1130400.000000 1.055250 1130400.000000 1.055250 0.993358 0.000000 0 
1167600.000000 0.980312 1167600.000000 0.980312 0.998251 0.000000 0 
1179360.000000 0.956514 1179360.000000 0.956514 0.994278 0.000000 0 
1215120.000000 0.916975 1215120.000000 0.916975 0.988219 0.000000 0 
1134960.000000 1.034716 1134960.000000 1.034716 0.997299 0.000000 0 
1132320.000000 1.048017 1132320.000000 1.048017 0.995831 0.000000 0 
1185360.000000 0.940639 1185360.000000 0.940639 0.997477 0.000000 0 
1181040.000000 0.953015 1181040.000000 0.953015 0.992398 0.000000 0 
1231200.000000 0.907623 1231200.000000 0.907623 0.989189 0.000000 0 
1956240.000000 0.788656 1956240.000000 0.788656 0.992982 0.000000 0 
1315200.000000 0.874881 1315200.000000 0.874881 0.986845 0.000000 0 
1980240.000000 0.787419 1980240.000000 0.787419 0.993330 0.000000 0 
1214160.000000 0.929157 1214160.000000 0.929157 0.991508 0.000000 0 
1760400.000000 0.802081 1760400.000000 0.802081 0.997456 0.000000 0 
1327680.000000 0.870644 1327680.000000 0.870644 0.988023 0.000000 0 
1150320.000000 1.002049 1150320.000000 1.002049 0.999041 0.000000 0 
1836960.000000 0.795571 1836960.000000 0.795571 0.987251 0.000000 0 
1199760.000000 0.934932 1199760.000000 0.934932 0.988196 0.000000 0 
1302960.000000 0.878471 1302960.000000 0.878471 0.993198 0.000000 0 
1393440.000000 0.850018 1393440.000000 0.850018 0.988397 0.000000 0 
1806000.000000 0.796955 1806000.000000 0.796955 0.986662 0.000000 0 
1992480.000000 0.784617 1992480.000000 0.784617 0.994498 0.000000 0 
1716720.000000 0.804552 1716720.000000 0.804552 0.995596 0.000000 0 
1917120.000000 0.791771 1917120.000000 0.791771 0.993567 0.000000 0 
1248000.000000 0.903593 1248000.000000 0.903593 0.991162 0.000000 0 
1292400.000000 0.881056 1292400.000000 0.881056 0.993338 0.000000 0 
1520640.000000 0.824910 1520640.000000 0.824910 0.999636 0.000000 0 
1156080.000000 0.991833 1156080.000000 0.991833 0.995130 0.000000 0 
1895040.000000 0.791992 1895040.000000 0.791992 0.992048 0.000000 0 
1700160.000000 0.804877 1700160.000000 0.804877 0.996235 0.000000 0 
1338720.000000 0.868146 1338720.000000 0.868146 0.993754 0.000000 0 
1887360.000000 0.794480 1887360.000000 0.794480 0.993466 0.000000 0 
1506000.000000 0.828090 1506000.000000 0.828090 0.989166 0.000000 0 
1292160.000000 0.887270 1292160.000000 0.887270 0.995936 0.000000 0 
1829040.000000 0.796402 1829040.000000 0.796402 0.991274 0.000000 0 
1774800.000000 0.800566 1774800.000000 0.800566 0.986966 0.000000 0 
1347840.000000 0.865275 1347840.000000 0.865275 0.988388 0.000000 0 
1259520.000000 0.896679 1259520.000000 0.896679 0.988412 0.000000 0 
1253760.000000 0.900659 1253760.000000 0.900659 0.987434 0.000000 0 
1271040.000000 0.895406 1271040.000000 0.895406 0.990079 0.000000 0 
1457760.000000 0.839020 1457760.000000 0.839020 0.993185 0.000000 0 
1868160.000000 0.795141 1868160.000000 0.795141 0.993231 0.000000 0 
1213920.000000 0.931496 1213920.000000 0.931496 0.988122 0.000000 0 
1193520.000000 0.938453 1193520.000000 0.938453 0.998982 0.000000 0 
1368000.000000 0.862618 1368000.000000 0.862618 0.975227 0.000000 0 
1936320.000000 0.789403 1936320.000000 0.789403 0.993332 0.000000 0 
1280640.000000 0.892714 1280640.000000 0.892714 0.990238 0.000000 0 
1616640.000000 0.810563 1616640.000000 0.810563 0.993909 0.000000 0 
1484400.000000 0.832932 1484400.000000 0.832932 0.999765 0.000000 0 
1445760.000000 0.839879 1445760.000000 0.839879 0.987168 0.000000 0 
1232880.000000 0.906385 1232880.000000 0.906385 0.989887 0.000000 0 
1289280.000000 0.891360 1289280.000000 0.891360 0.987170 0.000000 0 
1599360.000000 0.813944 1599360.000000 0.813944 0.996452 0.000000 0 
1648800.000000 0.807563 1648800.000000 0.807563 0.994503 0.000000 0 
1361040.000000 0.864231 1361040.000000 0.864231 0.995900 0.000000 0 
1464960.000000 0.835408 1464960.000000 0.835408 0.996390 0.000000 0 
1605120.000000 0.811113 1605120.000000 0.811113 0.992344 0.000000 0 
1417920.000000 0.844317 1417920.000000 0.844317 0.998463 0.000000 0 
1632000.000000 0.810035 1632000.000000 0.810035 0.994370 0.000000 0 
1740480.000000 0.804482 1740480.000000 0.804482 0.996400 0.000000 0 
1471440.000000 0.834449 1471440.000000 0.834449 0.989785 0.000000 0 
1409520.000000 0.848157 1409520.000000 0.848157 0.994670 0.000000 0 
1661040.000000 0.806719 1661040.000000 0.806719 0.996715 0.000000 0 
1382400.000000 0.854970 1382400.000000 0.854970 0.999998 0.000000 0 
1156080.000000 0.991833 1156080.000000 0.991833 0.995130 0.000000 0 
1159440.000000 0.984571 1159440.000000 0.984571 0.996770 0.000000 0 
1929600.000000 0.790195 1929600.000000 0.790195 0.994312 0.000000 0 
1790640.000000 0.797648 1790640.000000 0.797648 0.979351 0.000000 0 
1569600.000000 0.817030 1569600.000000 0.817030 0.999703 0.000000 0 
1554240.000000 0.819884 1554240.000000 0.819884 0.995473 0.000000 0 
1581120.000000 0.815976 1581120.000000 0.815976 0.996239 0.000000 0 
1131360.000000 1.052876 1131360.000000 1.052876 0.998271 0.000000 0 
1782000.000000 0.797839 1782000.000000 0.797839 0.980347 0.000000 0 
1488240.000000 0.830281 1488240.000000 0.830281 0.993416 0.000000 0 
1544640.000000 0.820919 1544640.000000 0.820919 0.998932 0.000000 0 
1498800.000000 0.829584 1498800.000000 0.829584 0.992502 0.000000 0 
1531200.000000 0.823789 1531200.000000 0.823789 0.987782 0.000000 0 
1590960.000000 0.815724 1590960.000000 0.815724 0.996439 0.000000 0 
1638960.000000 0.808869 1638960.000000 0.808869 0.987659 0.000000 0 
1561920.000000 0.818320 1561920.000000 0.818320 0.994828 0.000000 0 
1740480.000000 0.804482 1740480.000000 0.804482 0.996400 0.000000 0 
1679760.000000 0.804964 1679760.000000 0.804964 0.995338 0.000000 0 
1536000.000000 0.821992 1536000.000000 0.821992 0.992604 0.000000 0 
1405440.000000 0.848886 1405440.000000 0.848886 0.999905 0.000000 0 
1159440.000000 0.984571 1159440.000000 0.984571 0.996770 0.000000 0 
1670640.000000 0.805898 1670640.000000 0.805898 0.998441 0.000000 0 
1434240.000000 0.841032 1434240.000000 0.841032 0.999550 0.000000 0 
1424640.000000 0.844240 1424640.000000 0.844240 0.998007 0.000000 0 
1868160.000000 0.795141 1868160.000000 0.795141 0.993231 0.000000 0 
2012640.000000 0.784560 2012640.000000 0.784560 0.995997 0.000000 0 
1432560.000000 0.842406 1432560.000000 0.842406 0.992325 0.000000 0 
1373280.000000 0.858168 1373280.000000 0.858168 0.998986 0.000000 0 
1373280.000000 0.858168 1373280.000000 0.858168 0.998986 0.000000 0 
1382400.000000 0.854970 1382400.000000 0.854970 0.999998 0.000000 0 
1140000.000000 1.002288 1140000.000000 1.002288 0.999441 0.000000 0 
1259520.000000 0.896679 1259520.000000 0.896679 0.988412 0.000000 0 
1484400.000000 0.832932 1484400.000000 0.832932 0.999765 0.000000 0 
1146720.000000 1.002301 1146720.000000 1.002301 0.998202 0.000000 1 
1142880.000000 1.030866 1142880.000000 1.030866 0.999190 0.000000 1 
#Generacion: 2500 
#Distancia: 277.336667 
2035680.000000 0.783603 2035680.000000 0.783603 0.995720 0.000000 0 
1119360.000000 1.042223 1119360.000000 1.042223 0.995593 0.000000 0 
1138080.000000 1.001872 1138080.000000 1.001872 0.999327 0.000000 0 
1145760.000000 0.978436 1145760.000000 0.978436 0.998306 0.000000 0 
1129440.000000 1.011687 1129440.000000 1.011687 0.999803 0.000000 0 
1155840.000000 0.977649 1155840.000000 0.977649 0.992303 0.000000 0 
2001120.000000 0.784578 2001120.000000 0.784578 0.994367 0.000000 0 
1723200.000000 0.803188 1723200.000000 0.803188 0.993916 0.000000 0 
1126080.000000 1.024866 1126080.000000 1.024866 0.996888 0.000000 0 
1158720.000000 0.960966 1158720.000000 0.960966 0.989715 0.000000 0 
1945200.000000 0.785736 1945200.000000 0.785736 0.997099 0.000000 0 
1259520.000000 0.896679 1259520.000000 0.896679 0.988412 0.000000 0 
1266240.000000 0.888176 1266240.000000 0.888176 0.995254 0.000000 0 
1339680.000000 0.867410 1339680.000000 0.867410 0.993831 0.000000 0 
1860720.000000 0.792006 1860720.000000 0.792006 0.999345 0.000000 0 
1684800.000000 0.804146 1684800.000000 0.804146 0.997511 0.000000 0 
1178640.000000 0.940925 1178640.000000 0.940925 0.997734 0.000000 0 
1126080.000000 1.024866 1126080.000000 1.024866 0.996888 0.000000 0 
1174320.000000 0.952216 1174320.000000 0.952216 0.992666 0.000000 0 
1322400.000000 0.869779 1322400.000000 0.869779 0.982777 0.000000 0 
1220880.000000 0.910090 1220880.000000 0.910090 0.990697 0.000000 0 
1279440.000000 0.887157 1279440.000000 0.887157 0.986928 0.000000 0 
1160640.000000 0.960399 1160640.000000 0.960399 0.985308 0.000000 0 
1170960.000000 0.952354 1170960.000000 0.952354 0.989190 0.000000 0 
1199760.000000 0.934932 1199760.000000 0.934932 0.988196 0.000000 0 
1241520.000000 0.905591 1241520.000000 0.905591 0.989781 0.000000 0 
1606800.000000 0.812363 1606800.000000 0.812363 0.987711 0.000000 0 
1282800.000000 0.880510 1282800.000000 0.880510 0.996521 0.000000 0 
1586640.000000 0.813174 1586640.000000 0.813174 0.999809 0.000000 0 
1806000.000000 0.796955 1806000.000000 0.796955 0.986662 0.000000 0 
2012640.000000 0.784560 2012640.000000 0.784560 0.995997 0.000000 0 
1225200.000000 0.907242 1225200.000000 0.907242 0.987984 0.000000 0 
1766160.000000 0.801323 1766160.000000 0.801323 0.993748 0.000000 0 
1306080.000000 0.876227 1306080.000000 0.876227 0.988373 0.000000 0 
1203360.000000 0.929640 1203360.000000 0.929640 0.992470 0.000000 0 
1353840.000000 0.863639 1353840.000000 0.863639 0.993966 0.000000 0 
1193520.000000 0.938453 1193520.000000 0.938453 0.998982 0.000000 0 
1537920.000000 0.820690 1537920.000000 0.820690 0.999734 0.000000 0 
1892400.000000 0.791261 1892400.000000 0.791261 0.999814 0.000000 0 
1493760.000000 0.829066 1493760.000000 0.829066 0.999715 0.000000 0 
1205760.000000 0.926784 1205760.000000 0.926784 0.988160 0.000000 0 
1370400.000000 0.857101 1370400.000000 0.857101 0.988007 0.000000 0 
1830720.000000 0.794980 1830720.000000 0.794980 0.998523 0.000000 0 
1467120.000000 0.833126 1467120.000000 0.833126 0.987777 0.000000 0 
1363680.000000 0.861022 1363680.000000 0.861022 0.992676 0.000000 0 
1551360.000000 0.818949 1551360.000000 0.818949 0.993082 0.000000 0 
1457520.000000 0.836199 1457520.000000 0.836199 0.988768 0.000000 0 
1644720.000000 0.807068 1644720.000000 0.807068 0.995592 0.000000 0 
1822560.000000 0.795849 1822560.000000 0.795849 0.998049 0.000000 0 
1245840.000000 0.899201 1245840.000000 0.899201 0.994027 0.000000 0 
1214160.000000 0.916900 1214160.000000 0.916900 0.989255 0.000000 0 
1581120.000000 0.815976 1581120.000000 0.815976 0.996239 0.000000 0 
1625520.000000 0.807617 1625520.000000 0.807617 0.994236 0.000000 0 
1746000.000000 0.802028 1746000.000000 0.802028 0.994666 0.000000 0 
1504320.000000 0.826706 1504320.000000 0.826706 0.997091 0.000000 0 
1522800.000000 0.824048 1522800.000000 0.824048 0.998355 0.000000 0 
1892400.000000 0.791261 1892400.000000 0.791261 0.999814 0.000000 0 
1913520.000000 0.788933 1913520.000000 0.788933 0.999562 0.000000 0 
1665840.000000 0.806197 1665840.000000 0.806197 0.996732 0.000000 0 
1482480.000000 0.830185 1482480.000000 0.830185 0.988383 0.000000 0 
1402800.000000 0.848003 1402800.000000 0.848003 0.994699 0.000000 0 
1778640.000000 0.800151 1778640.000000 0.800151 0.996016 0.000000 0 
1512240.000000 0.825920 1512240.000000 0.825920 0.998489 0.000000 0 
1926000.000000 0.787354 1926000.000000 0.787354 0.996188 0.000000 0 
1569600.000000 0.817030 1569600.000000 0.817030 0.999703 0.000000 0 
1394880.000000 0.849887 1394880.000000 0.849887 0.995023 0.000000 0 
1790640.000000 0.797648 1790640.000000 0.797648 0.979351 0.000000 0 
1532160.000000 0.823243 1532160.000000 0.823243 0.998149 0.000000 0 
1243440.000000 0.900974 1243440.000000 0.900974 0.988223 0.000000 0 
1430640.000000 0.841636 1430640.000000 0.841636 0.994941 0.000000 0 
1289520.000000 0.876455 1289520.000000 0.876455 0.993878 0.000000 0 
1615680.000000 0.810361 1615680.000000 0.810361 0.992469 0.000000 0 
1674240.000000 0.804168 1674240.000000 0.804168 0.997466 0.000000 0 
1424640.000000 0.844240 1424640.000000 0.844240 0.998007 0.000000 0 
1478640.000000 0.832863 1478640.000000 0.832863 0.987932 0.000000 0 
1379040.000000 0.855844 1379040.000000 0.855844 0.992389 0.000000 0 
1561920.000000 0.818320 1561920.000000 0.818320 0.994828 0.000000 0 
1932720.000000 0.786581 1932720.000000 0.786581 0.997021 0.000000 0 
1389120.000000 0.851846 1389120.000000 0.851846 0.997816 0.000000 0 
1411440.000000 0.846530 1411440.000000 0.846530 0.995966 0.000000 0 
1437360.000000 0.840222 1437360.000000 0.840222 0.991635 0.000000 0 
1384080.000000 0.853722 1384080.000000 0.853722 0.999197 0.000000 0 
1653360.000000 0.806475 1653360.000000 0.806475 0.997098 0.000000 0 
1185360.000000 0.940639 1185360.000000 0.940639 0.997477 0.000000 0 
1746960.000000 0.801375 1746960.000000 0.801375 0.999307 0.000000 0 
1446720.000000 0.839331 1446720.000000 0.839331 0.995463 0.000000 0 
1848240.000000 0.793635 1848240.000000 0.793635 0.999140 0.000000 0 
1214160.000000 0.916900 1214160.000000 0.916900 0.989255 0.000000 0 
1207200.000000 0.921135 1207200.000000 0.921135 0.987752 0.000000 0 
1450560.000000 0.837557 1450560.000000 0.837557 0.993295 0.000000 0 
1317840.000000 0.874297 1317840.000000 0.874297 0.993126 0.000000 0 
1207200.000000 0.921135 1207200.000000 0.921135 0.987752 0.000000 0 
1420080.000000 0.846027 1420080.000000 0.846027 0.975556 0.000000 0 
1288800.000000 0.878850 1288800.000000 0.878850 0.993631 0.000000 0 
1782000.000000 0.797839 1782000.000000 0.797839 0.980347 0.000000 0 
1624320.000000 0.809860 1624320.000000 0.809860 0.992306 0.000000 0 
1356480.000000 0.862375 1356480.000000 0.862375 0.987740 0.000000 0 
1317600.000000 0.874517 1317600.000000 0.874517 0.991101 0.000000 0 
1848240.000000 0.793635 1848240.000000 0.793635 0.999140 0.000000 0 
1913520.000000 0.788933 1913520.000000 0.788933 0.999562 0.000000 0 
#Generacion: 3000 
#Distancia: 279.640707 
2094240.000000 0.781878 2094240.000000 0.781878 0.994360 0.000000 0 
1069920.000000 1.231313 1069920.000000 1.231313 0.998923 0.000000 0 
1114080.000000 1.029833 1114080.000000 1.029833 0.995607 0.000000 0 
1113120.000000 1.168310 1113120.000000 1.168310 0.996121 0.000000 0 
1098480.000000 1.203627 1098480.000000 1.203627 0.994077 0.000000 0 
1107600.000000 1.170496 1107600.000000 1.170496 0.996422 0.000000 0 
1074960.000000 1.231160 1074960.000000 1.231160 0.999676 0.000000 0 
1118640.000000 1.011111 1118640.000000 1.011111 0.999713 0.000000 0 
2075040.000000 0.782140 2075040.000000 0.782140 0.993409 0.000000 0 
1683120.000000 0.802462 1683120.000000 0.802462 0.993969 0.000000 0 
2036640.000000 0.782622 2036640.000000 0.782622 0.993260 0.000000 0 
1719360.000000 0.800390 1719360.000000 0.800390 0.999626 0.000000 0 
1157760.000000 0.974371 1157760.000000 0.974371 0.995309 0.000000 0 
1790640.000000 0.797648 1790640.000000 0.797648 0.979351 0.000000 0 
1141440.000000 0.980760 1141440.000000 0.980760 0.999374 0.000000 0 
1158720.000000 0.960966 1158720.000000 0.960966 0.989715 0.000000 0 
1202400.000000 0.929552 1202400.000000 0.929552 0.993688 0.000000 0 
1653360.000000 0.805442 1653360.000000 0.805442 0.997349 0.000000 0 
1117440.000000 1.025626 1117440.000000 1.025626 0.995932 0.000000 0 
1178640.000000 0.940925 1178640.000000 0.940925 0.997734 0.000000 0 
1177680.000000 0.951658 1177680.000000 0.951658 0.985178 0.000000 0 
1757760.000000 0.798549 1757760.000000 0.798549 0.999947 0.000000 0 
1945200.000000 0.785736 1945200.000000 0.785736 0.997099 0.000000 0 
1336560.000000 0.866291 1336560.000000 0.866291 0.998788 0.000000 0 
1140000.000000 0.998621 1140000.000000 0.998621 0.996670 0.000000 0 
1205520.000000 0.916635 1205520.000000 0.916635 0.993034 0.000000 0 
1167120.000000 0.956172 1167120.000000 0.956172 0.995564 0.000000 0 
1615200.000000 0.811567 1615200.000000 0.811567 0.996891 0.000000 0 
1990560.000000 0.785060 1990560.000000 0.785060 0.994769 0.000000 0 
1926000.000000 0.787354 1926000.000000 0.787354 0.996188 0.000000 0 
1879920.000000 0.790327 1879920.000000 0.790327 0.992649 0.000000 0 
1402080.000000 0.848098 1402080.000000 0.848098 0.992747 0.000000 0 
1347600.000000 0.862308 1347600.000000 0.862308 0.986613 0.000000 0 
1901760.000000 0.789041 1901760.000000 0.789041 0.992830 0.000000 0 
1359840.000000 0.859624 1359840.000000 0.859624 0.988511 0.000000 0 
1477440.000000 0.829664 1477440.000000 0.829664 0.989045 0.000000 0 
1419840.000000 0.843425 1419840.000000 0.843425 0.984165 0.000000 0 
1830720.000000 0.794980 1830720.000000 0.794980 0.998523 0.000000 0 
1467120.000000 0.833126 1467120.000000 0.833126 0.987777 0.000000 0 
1233840.000000 0.905378 1233840.000000 0.905378 0.988280 0.000000 0 
1282800.000000 0.880510 1282800.000000 0.880510 0.996521 0.000000 0 
1189200.000000 0.936408 1189200.000000 0.936408 0.992721 0.000000 0 
1319280.000000 0.868385 1319280.000000 0.868385 0.989971 0.000000 0 
1298160.000000 0.873566 1298160.000000 0.873566 0.993474 0.000000 0 
1625760.000000 0.807339 1625760.000000 0.807339 0.999166 0.000000 0 
1219920.000000 0.909776 1219920.000000 0.909776 0.989561 0.000000 0 
1265760.000000 0.886408 1265760.000000 0.886408 0.994673 0.000000 0 
1848240.000000 0.793632 1848240.000000 0.793632 0.988007 0.000000 0 
1806000.000000 0.796955 1806000.000000 0.796955 0.986662 0.000000 0 
1551360.000000 0.818880 1551360.000000 0.818880 0.992554 0.000000 0 
1289520.000000 0.876455 1289520.000000 0.876455 0.993878 0.000000 0 
1145760.000000 0.978436 1145760.000000 0.978436 0.998306 0.000000 0 
1389120.000000 0.851846 1389120.000000 0.851846 0.997816 0.000000 0 
1251360.000000 0.891869 1251360.000000 0.891869 0.998069 0.000000 0 
1450560.000000 0.837557 1450560.000000 0.837557 0.993295 0.000000 0 
1214160.000000 0.916387 1214160.000000 0.916387 0.992860 0.000000 0 
1491120.000000 0.827919 1491120.000000 0.827919 0.991285 0.000000 0 
1730880.000000 0.800257 1730880.000000 0.800257 0.999916 0.000000 0 
1819440.000000 0.796533 1819440.000000 0.796533 0.974900 0.000000 0 
1537920.000000 0.820690 1537920.000000 0.820690 0.999734 0.000000 0 
1194960.000000 0.933673 1194960.000000 0.933673 0.995241 0.000000 0 
1512240.000000 0.825920 1512240.000000 0.825920 0.998489 0.000000 0 
1129680.000000 1.003437 1129680.000000 1.003437 0.996420 0.000000 0 
2026080.000000 0.784365 2026080.000000 0.784365 0.990333 0.000000 0 
1410240.000000 0.844231 1410240.000000 0.844231 0.997765 0.000000 0 
1868640.000000 0.791544 1868640.000000 0.791544 0.999779 0.000000 0 
1913520.000000 0.788933 1913520.000000 0.788933 0.999562 0.000000 0 
1239840.000000 0.896481 1239840.000000 0.896481 0.989198 0.000000 0 
1563840.000000 0.818324 1563840.000000 0.818324 0.993431 0.000000 0 
1964400.000000 0.785566 1964400.000000 0.785566 0.995872 0.000000 0 
1596000.000000 0.811886 1596000.000000 0.811886 0.999332 0.000000 0 
1255680.000000 0.890043 1255680.000000 0.890043 0.977958 0.000000 0 
1458480.000000 0.836556 1458480.000000 0.836556 0.986458 0.000000 0 
1234800.000000 0.896765 1234800.000000 0.896765 0.998309 0.000000 0 
1577760.000000 0.813751 1577760.000000 0.813751 0.994664 0.000000 0 
1522800.000000 0.824048 1522800.000000 0.824048 0.998355 0.000000 0 
1499760.000000 0.826520 1499760.000000 0.826520 0.998690 0.000000 0 
2012640.000000 0.784560 2012640.000000 0.784560 0.995997 0.000000 0 
1368240.000000 0.855604 1368240.000000 0.855604 0.988182 0.000000 0 
1858800.000000 0.793503 1858800.000000 0.793503 0.988487 0.000000 0 
1574160.000000 0.816805 1574160.000000 0.816805 0.992271 0.000000 0 
1225200.000000 0.907242 1225200.000000 0.907242 0.987984 0.000000 0 
2001120.000000 0.784578 2001120.000000 0.784578 0.994367 0.000000 0 
1532160.000000 0.823243 1532160.000000 0.823243 0.998149 0.000000 0 
1308720.000000 0.870712 1308720.000000 0.870712 0.993307 0.000000 0 
1589280.000000 0.811995 1589280.000000 0.811995 0.999366 0.000000 0 
1667040.000000 0.804352 1667040.000000 0.804352 0.995385 0.000000 0 
1436160.000000 0.839943 1436160.000000 0.839943 0.993265 0.000000 0 
1747680.000000 0.799953 1747680.000000 0.799953 0.998659 0.000000 0 
1436160.000000 0.839943 1436160.000000 0.839943 0.993265 0.000000 0 
1384080.000000 0.853722 1384080.000000 0.853722 0.999197 0.000000 0 
1129680.000000 1.003437 1129680.000000 1.003437 0.996420 0.000000 0 
1140000.000000 0.998621 1140000.000000 0.998621 0.996670 0.000000 0 
1672560.000000 0.804034 1672560.000000 0.804034 0.996099 0.000000 0 
1625760.000000 0.807339 1625760.000000 0.807339 0.999166 0.000000 0 
1374240.000000 0.854789 1374240.000000 0.854789 0.993182 0.000000 0 
1964400.000000 0.785566 1964400.000000 0.785566 0.995872 0.000000 0 
1277040.000000 0.885593 1277040.000000 0.885593 0.995634 0.000000 0 
1311600.000000 0.869522 1311600.000000 0.869522 0.993225 0.000000 0 
1750080.000000 0.798911 1750080.000000 0.798911 0.999256 0.000000 0 
#Generacion: 3500 
#Distancia: 308.439495 
2074080.000000 0.780177 2074080.000000 0.780177 0.990622 0.000000 0 
1042320.000000 1.349232 1042320.000000 1.349232 0.996167 0.000000 0 
1069440.000000 1.224987 1069440.000000 1.224987 0.999903 0.000000 0 
1072080.000000 1.109858 1072080.000000 1.109858 0.993702 0.000000 0 
1050240.000000 1.241871 1050240.000000 1.241871 0.994989 0.000000 0 
1079760.000000 1.058759 1079760.000000 1.058759 0.999282 0.000000 0 
1079280.000000 1.100790 1079280.000000 1.100790 0.993631 0.000000 0 
1992480.000000 0.784115 1992480.000000 0.784115 0.993732 0.000000 0 
1961520.000000 0.785413 1961520.000000 0.785413 0.998153 0.000000 0 
1056480.000000 1.237318 1056480.000000 1.237318 0.995373 0.000000 0 
1894080.000000 0.790113 1894080.000000 0.790113 0.994969 0.000000 0 
1830720.000000 0.794980 1830720.000000 0.794980 0.998523 0.000000 0 
1148880.000000 0.960358 1148880.000000 0.960358 0.988958 0.000000 0 
2024160.000000 0.783043 2024160.000000 0.783043 0.993344 0.000000 0 
1185840.000000 0.933579 1185840.000000 0.933579 0.994332 0.000000 0 
1144800.000000 0.976868 1144800.000000 0.976868 0.998202 0.000000 0 
1848240.000000 0.793632 1848240.000000 0.793632 0.988007 0.000000 0 
1115760.000000 1.024632 1115760.000000 1.024632 0.995363 0.000000 0 
1383600.000000 0.852704 1383600.000000 0.852704 0.988596 0.000000 0 
1596000.000000 0.811886 1596000.000000 0.811886 0.999332 0.000000 0 
1782960.000000 0.798381 1782960.000000 0.798381 0.990458 0.000000 0 
1106400.000000 1.028469 1106400.000000 1.028469 0.995553 0.000000 0 
1251360.000000 0.891869 1251360.000000 0.891869 0.998069 0.000000 0 
1140720.000000 0.995323 1140720.000000 0.995323 0.992446 0.000000 0 
1806000.000000 0.796955 1806000.000000 0.796955 0.986662 0.000000 0 
1361520.000000 0.855588 1361520.000000 0.855588 0.991235 0.000000 0 
1233840.000000 0.905378 1233840.000000 0.905378 0.988280 0.000000 0 
1336560.000000 0.865092 1336560.000000 0.865092 0.992745 0.000000 0 
1615200.000000 0.811567 1615200.000000 0.811567 0.996891 0.000000 0 
1141440.000000 0.980685 1141440.000000 0.980685 0.999320 0.000000 0 
1263600.000000 0.887686 1263600.000000 0.887686 0.996969 0.000000 0 
1913520.000000 0.788933 1913520.000000 0.788933 0.999562 0.000000 0 
1317360.000000 0.867325 1317360.000000 0.867325 0.990959 0.000000 0 
1104240.000000 1.040372 1104240.000000 1.040372 0.997818 0.000000 0 
1625760.000000 0.807339 1625760.000000 0.807339 0.999166 0.000000 0 
1436160.000000 0.839943 1436160.000000 0.839943 0.993265 0.000000 0 
1117680.000000 1.011175 1117680.000000 1.011175 0.998248 0.000000 0 
1665360.000000 0.804405 1665360.000000 0.804405 0.994760 0.000000 0 
1730880.000000 0.800257 1730880.000000 0.800257 0.999916 0.000000 0 
1551360.000000 0.818880 1551360.000000 0.818880 0.992554 0.000000 0 
1422720.000000 0.842028 1422720.000000 0.842028 0.992986 0.000000 0 
1450560.000000 0.837557 1450560.000000 0.837557 0.993295 0.000000 0 
1529520.000000 0.820681 1529520.000000 0.820681 0.999168 0.000000 0 
1757760.000000 0.798549 1757760.000000 0.798549 0.999947 0.000000 0 
1219920.000000 0.909776 1219920.000000 0.909776 0.989561 0.000000 0 
1178640.000000 0.940925 1178640.000000 0.940925 0.997734 0.000000 0 
1511040.000000 0.824676 1511040.000000 0.824676 0.996880 0.000000 0 
1683120.000000 0.802462 1683120.000000 0.802462 0.993969 0.000000 0 
1410240.000000 0.844231 1410240.000000 0.844231 0.997765 0.000000 0 
1577760.000000 0.813751 1577760.000000 0.813751 0.994664 0.000000 0 
1641120.000000 0.805941 1641120.000000 0.805941 0.996750 0.000000 0 
1088400.000000 1.052148 1088400.000000 1.052148 0.998463 0.000000 0 
1277040.000000 0.885593 1277040.000000 0.885593 0.995634 0.000000 0 
1345680.000000 0.861937 1345680.000000 0.861937 0.986240 0.000000 0 
1129680.000000 1.003437 1129680.000000 1.003437 0.996420 0.000000 0 
1305840.000000 0.868369 1305840.000000 0.868369 0.992132 0.000000 0 
1926000.000000 0.787354 1926000.000000 0.787354 0.996188 0.000000 0 
1751280.000000 0.799168 1751280.000000 0.799168 0.998699 0.000000 0 
1499760.000000 0.826520 1499760.000000 0.826520 0.998690 0.000000 0 
1288560.000000 0.876335 1288560.000000 0.876335 0.992421 0.000000 0 
1212960.000000 0.912111 1212960.000000 0.912111 0.991465 0.000000 0 
1718640.000000 0.800429 1718640.000000 0.800429 0.999438 0.000000 0 
1159200.000000 0.952081 1159200.000000 0.952081 0.995902 0.000000 0 
1279200.000000 0.879253 1279200.000000 0.879253 0.997421 0.000000 0 
1704240.000000 0.801341 1704240.000000 0.801341 0.998059 0.000000 0 
1868640.000000 0.791544 1868640.000000 0.791544 0.999779 0.000000 0 
2049120.000000 0.781580 2049120.000000 0.781580 0.990596 0.000000 0 
1173600.000000 0.950977 1173600.000000 0.950977 0.994096 0.000000 0 
1402080.000000 0.848098 1402080.000000 0.848098 0.992747 0.000000 0 
2036640.000000 0.782622 2036640.000000 0.782622 0.993260 0.000000 0 
1482480.000000 0.832105 1482480.000000 0.832105 0.987358 0.000000 0 
2061600.000000 0.780971 2061600.000000 0.780971 0.990928 0.000000 0 
1489200.000000 0.829122 1489200.000000 0.829122 0.999083 0.000000 0 
1353600.000000 0.857600 1353600.000000 0.857600 0.995592 0.000000 0 
1653360.000000 0.805442 1653360.000000 0.805442 0.997349 0.000000 0 
1467840.000000 0.832551 1467840.000000 0.832551 0.994015 0.000000 0 
1099920.000000 1.044855 1099920.000000 1.044855 0.997869 0.000000 0 
1394160.000000 0.850703 1394160.000000 0.850703 0.988844 0.000000 0 
1459200.000000 0.834102 1459200.000000 0.834102 0.994565 0.000000 0 
1557360.000000 0.816836 1557360.000000 0.816836 0.999985 0.000000 0 
1123680.000000 1.009508 1123680.000000 1.009508 0.996245 0.000000 0 
1572720.000000 0.816251 1572720.000000 0.816251 0.997263 0.000000 0 
1138320.000000 1.000741 1138320.000000 1.000741 0.998828 0.000000 0 
1525680.000000 0.823038 1525680.000000 0.823038 0.996950 0.000000 0 
1795200.000000 0.797097 1795200.000000 0.797097 0.991871 0.000000 0 
1239840.000000 0.896481 1239840.000000 0.896481 0.989198 0.000000 0 
1153200.000000 0.955432 1153200.000000 0.955432 0.989418 0.000000 0 
1092000.000000 1.048426 1092000.000000 1.048426 0.989353 0.000000 0 
1202640.000000 0.918861 1202640.000000 0.918861 0.995596 0.000000 0 
1868640.000000 0.791544 1868640.000000 0.791544 0.999779 0.000000 0 
1945200.000000 0.785736 1945200.000000 0.785736 0.997099 0.000000 0 
1202400.000000 0.929552 1202400.000000 0.929552 0.993688 0.000000 0 
1076400.000000 1.103228 1076400.000000 1.103228 0.996962 0.000000 0 
1175280.000000 0.945555 1175280.000000 0.945555 0.989654 0.000000 0 
1692480.000000 0.801608 1692480.000000 0.801608 0.995339 0.000000 0 
1203600.000000 0.916836 1203600.000000 0.916836 0.999262 0.000000 0 
1940400.000000 0.787019 1940400.000000 0.787019 0.997820 0.000000 0 
1234800.000000 0.896765 1234800.000000 0.896765 0.998309 0.000000 0 
1202400.000000 0.929552 1202400.000000 0.929552 0.993688 0.000000 0 
1298160.000000 0.873566 1298160.000000 0.873566 0.993474 0.000000 0 
#Generacion: 4000 
#Distancia: 314.075960 
1035120.000000 1.257329 1035120.000000 1.257329 0.998076 0.000000 0 
2082720.000000 0.779689 2082720.000000 0.779689 0.989395 0.000000 0 
1067040.000000 1.200716 1067040.000000 1.200716 0.999376 0.000000 0 
1067280.000000 1.091915 1067280.000000 1.091915 0.987162 0.000000 0 
1072320.000000 1.052960 1072320.000000 1.052960 0.986877 0.000000 0 
1067280.000000 1.091915 1067280.000000 1.091915 0.987162 0.000000 0 
1051440.000000 1.236698 1051440.000000 1.236698 0.995388 0.000000 0 
1094640.000000 1.024964 1094640.000000 1.024964 0.988844 0.000000 0 
1092000.000000 1.048426 1092000.000000 1.048426 0.989353 0.000000 0 
1062480.000000 1.213927 1062480.000000 1.213927 0.996264 0.000000 0 
1131360.000000 0.987117 1131360.000000 0.987117 0.997500 0.000000 0 
1133760.000000 0.968341 1133760.000000 0.968341 0.989228 0.000000 0 
1190640.000000 0.919677 1190640.000000 0.919677 0.997886 0.000000 0 
2024160.000000 0.783043 2024160.000000 0.783043 0.993344 0.000000 0 
1894080.000000 0.790113 1894080.000000 0.790113 0.994969 0.000000 0 
1212960.000000 0.910346 1212960.000000 0.910346 0.991759 0.000000 0 
1050240.000000 1.241871 1050240.000000 1.241871 0.994989 0.000000 0 
1042320.000000 1.255182 1042320.000000 1.255182 0.987769 0.000000 0 
1278240.000000 0.880228 1278240.000000 0.880228 0.999205 0.000000 0 
1222320.000000 0.901808 1222320.000000 0.901808 0.995031 0.000000 0 
1638960.000000 0.804595 1638960.000000 0.804595 0.995907 0.000000 0 
1953600.000000 0.785346 1953600.000000 0.785346 0.998668 0.000000 0 
1847280.000000 0.793622 1847280.000000 0.793622 0.988535 0.000000 0 
1115760.000000 0.999932 1115760.000000 0.999932 0.990876 0.000000 0 
1186800.000000 0.932979 1186800.000000 0.932979 0.994879 0.000000 0 
1120320.000000 0.988466 1120320.000000 0.988466 0.996483 0.000000 0 
1203600.000000 0.916299 1203600.000000 0.916299 0.996394 0.000000 0 
1827840.000000 0.794076 1827840.000000 0.794076 0.999437 0.000000 0 
1168800.000000 0.942901 1168800.000000 0.942901 0.993340 0.000000 0 
1782960.000000 0.798381 1782960.000000 0.798381 0.990458 0.000000 0 
1556400.000000 0.818514 1556400.000000 0.818514 0.998684 0.000000 0 
1913520.000000 0.788933 1913520.000000 0.788933 0.999562 0.000000 0 
1435200.000000 0.839426 1435200.000000 0.839426 0.993241 0.000000 0 
1178160.000000 0.934800 1178160.000000 0.934800 0.986740 0.000000 0 
1808880.000000 0.795088 1808880.000000 0.795088 0.999376 0.000000 0 
1730880.000000 0.800257 1730880.000000 0.800257 0.999916 0.000000 0 
1928160.000000 0.787151 1928160.000000 0.787151 0.995650 0.000000 0 
1691760.000000 0.803432 1691760.000000 0.803432 0.997492 0.000000 0 
1616160.000000 0.810378 1616160.000000 0.810378 0.993345 0.000000 0 
1099920.000000 1.021108 1099920.000000 1.021108 0.990035 0.000000 0 
1986000.000000 0.783117 1986000.000000 0.783117 0.995518 0.000000 0 
1449840.000000 0.836070 1449840.000000 0.836070 0.988438 0.000000 0 
1115040.000000 1.006994 1115040.000000 1.006994 0.996224 0.000000 0 
1986000.000000 0.783117 1986000.000000 0.783117 0.995518 0.000000 0 
1230240.000000 0.896449 1230240.000000 0.896449 0.999237 0.000000 0 
1289280.000000 0.874892 1289280.000000 0.874892 0.995519 0.000000 0 
1160400.000000 0.951541 1160400.000000 0.951541 0.987065 0.000000 0 
1422720.000000 0.842028 1422720.000000 0.842028 0.992986 0.000000 0 
1621920.000000 0.806176 1621920.000000 0.806176 0.991908 0.000000 0 
1342320.000000 0.860159 1342320.000000 0.860159 0.993977 0.000000 0 
1402080.000000 0.848098 1402080.000000 0.848098 0.992747 0.000000 0 
1410240.000000 0.844231 1410240.000000 0.844231 0.997765 0.000000 0 
1262880.000000 0.884797 1262880.000000 0.884797 0.996314 0.000000 0 
1665360.000000 0.804405 1665360.000000 0.804405 0.994760 0.000000 0 
1067040.000000 1.200716 1067040.000000 1.200716 0.999376 0.000000 0 
1062480.000000 1.213927 1062480.000000 1.213927 0.996264 0.000000 0 
1757760.000000 0.798549 1757760.000000 0.798549 0.999947 0.000000 0 
1795200.000000 0.797097 1795200.000000 0.797097 0.991871 0.000000 0 
1139520.000000 0.965999 1139520.000000 0.965999 0.993469 0.000000 0 
1251360.000000 0.891869 1251360.000000 0.891869 0.998069 0.000000 0 
1577760.000000 0.813751 1577760.000000 0.813751 0.994664 0.000000 0 
1568880.000000 0.814038 1568880.000000 0.814038 0.998849 0.000000 0 
1332720.000000 0.863814 1332720.000000 0.863814 0.993449 0.000000 0 
1499760.000000 0.826520 1499760.000000 0.826520 0.998690 0.000000 0 
1247040.000000 0.896218 1247040.000000 0.896218 0.991180 0.000000 0 
1539120.000000 0.818982 1539120.000000 0.818982 0.999032 0.000000 0 
1529520.000000 0.820463 1529520.000000 0.820463 0.999554 0.000000 0 
1155360.000000 0.959784 1155360.000000 0.959784 0.993486 0.000000 0 
1751280.000000 0.799168 1751280.000000 0.799168 0.998699 0.000000 0 
1353600.000000 0.857600 1353600.000000 0.857600 0.995592 0.000000 0 
1704240.000000 0.801341 1704240.000000 0.801341 0.998059 0.000000 0 
1088400.000000 1.051799 1088400.000000 1.051799 0.996630 0.000000 0 
1489200.000000 0.829122 1489200.000000 0.829122 0.999083 0.000000 0 
1148880.000000 0.960358 1148880.000000 0.960358 0.988958 0.000000 0 
1945200.000000 0.785736 1945200.000000 0.785736 0.997099 0.000000 0 
1716720.000000 0.801234 1716720.000000 0.801234 0.996280 0.000000 0 
1482480.000000 0.832105 1482480.000000 0.832105 0.987358 0.000000 0 
1389840.000000 0.850658 1389840.000000 0.850658 0.989255 0.000000 0 
1868640.000000 0.791544 1868640.000000 0.791544 0.999779 0.000000 0 
1672080.000000 0.804312 1672080.000000 0.804312 0.992946 0.000000 0 
1298640.000000 0.873048 1298640.000000 0.873048 0.997222 0.000000 0 
2036640.000000 0.782622 2036640.000000 0.782622 0.993260 0.000000 0 
2059680.000000 0.780606 2059680.000000 0.780606 0.988664 0.000000 0 
1371120.000000 0.852986 1371120.000000 0.852986 0.992186 0.000000 0 
1517040.000000 0.823096 1517040.000000 0.823096 0.999113 0.000000 0 
1362960.000000 0.855963 1362960.000000 0.855963 0.991690 0.000000 0 
2049120.000000 0.781580 2049120.000000 0.781580 0.990596 0.000000 0 
1164720.000000 0.947587 1164720.000000 0.947587 0.988523 0.000000 0 
1321200.000000 0.865024 1321200.000000 0.865024 0.997352 0.000000 0 
1304880.000000 0.869161 1304880.000000 0.869161 0.992902 0.000000 0 
1262640.000000 0.888499 1262640.000000 0.888499 0.995190 0.000000 0 
1868640.000000 0.791544 1868640.000000 0.791544 0.999779 0.000000 0 
1465200.000000 0.835822 1465200.000000 0.835822 0.987964 0.000000 0 
1467840.000000 0.832551 1467840.000000 0.832551 0.994015 0.000000 0 
1314240.000000 0.867780 1314240.000000 0.867780 0.989707 0.000000 0 
2074080.000000 0.780177 2074080.000000 0.780177 0.990622 0.000000 0 
1511040.000000 0.824676 1511040.000000 0.824676 0.996880 0.000000 0 
1104000.000000 1.011748 1104000.000000 1.011748 0.996517 0.000000 0 
1383600.000000 0.852704 1383600.000000 0.852704 0.988596 0.000000 0 
1596000.000000 0.811877 1596000.000000 0.811877 0.999353 0.000000 0 
#Generacion: 4500 
#Distancia: 318.285960 
2105760.000000 0.779370 2105760.000000 0.779370 0.993631 0.000000 0 
1021680.000000 1.309811 1021680.000000 1.309811 0.998038 0.000000 0 
1042560.000000 1.195143 1042560.000000 1.195143 0.992295 0.000000 0 
1047600.000000 1.187881 1047600.000000 1.187881 0.993577 0.000000 0 
1040880.000000 1.255166 1040880.000000 1.255166 0.989312 0.000000 0 
1033200.000000 1.258618 1033200.000000 1.258618 0.996539 0.000000 0 
1050240.000000 1.129470 1050240.000000 1.129470 0.994113 0.000000 0 
1065600.000000 1.090850 1065600.000000 1.090850 0.988469 0.000000 0 
1066560.000000 1.052698 1066560.000000 1.052698 0.987703 0.000000 0 
1219920.000000 0.901285 1219920.000000 0.901285 0.980204 0.000000 0 
1056480.000000 1.109894 1056480.000000 1.109894 0.992345 0.000000 0 
1133760.000000 0.968341 1133760.000000 0.968341 0.989228 0.000000 0 
1953600.000000 0.785346 1953600.000000 0.785346 0.998668 0.000000 0 
1130400.000000 0.981879 1130400.000000 0.981879 0.988487 0.000000 0 
2001360.000000 0.783077 2001360.000000 0.783077 0.995023 0.000000 0 
1242960.000000 0.893100 1242960.000000 0.893100 0.997922 0.000000 0 
1298640.000000 0.873048 1298640.000000 0.873048 0.997222 0.000000 0 
1120320.000000 0.988466 1120320.000000 0.988466 0.996483 0.000000 0 
1050240.000000 1.129470 1050240.000000 1.129470 0.994113 0.000000 0 
1802880.000000 0.794353 1802880.000000 0.794353 0.995876 0.000000 0 
1462320.000000 0.834098 1462320.000000 0.834098 0.987643 0.000000 0 
1409760.000000 0.845663 1409760.000000 0.845663 0.993550 0.000000 0 
1889520.000000 0.790288 1889520.000000 0.790288 0.997915 0.000000 0 
1210560.000000 0.909859 1210560.000000 0.909859 0.983845 0.000000 0 
1147200.000000 0.961057 1147200.000000 0.961057 0.988908 0.000000 0 
1854240.000000 0.791929 1854240.000000 0.791929 0.998076 0.000000 0 
1117440.000000 0.998386 1117440.000000 0.998386 0.999397 0.000000 0 
1907760.000000 0.788658 1907760.000000 0.788658 0.988400 0.000000 0 
1163520.000000 0.941059 1163520.000000 0.941059 0.994103 0.000000 0 
1590240.000000 0.812859 1590240.000000 0.812859 0.996320 0.000000 0 
1278240.000000 0.879927 1278240.000000 0.879927 0.998338 0.000000 0 
1159200.000000 0.952441 1159200.000000 0.952441 0.995141 0.000000 0 
1104000.000000 1.011748 1104000.000000 1.011748 0.996517 0.000000 0 
1073520.000000 1.041927 1073520.000000 1.041927 0.990679 0.000000 0 
1430880.000000 0.844148 1430880.000000 0.844148 0.988691 0.000000 0 
1108800.000000 1.004296 1108800.000000 1.004296 0.998876 0.000000 0 
1201440.000000 0.914187 1201440.000000 0.914187 0.998761 0.000000 0 
1482480.000000 0.832105 1482480.000000 0.832105 0.987358 0.000000 0 
1099200.000000 1.019755 1099200.000000 1.019755 0.989527 0.000000 0 
1171440.000000 0.928988 1171440.000000 0.928988 0.998056 0.000000 0 
1730880.000000 0.800257 1730880.000000 0.800257 0.999916 0.000000 0 
1868640.000000 0.791544 1868640.000000 0.791544 0.999779 0.000000 0 
1501680.000000 0.825286 1501680.000000 0.825286 0.990292 0.000000 0 
1085040.000000 1.037781 1085040.000000 1.037781 0.996529 0.000000 0 
1517040.000000 0.823096 1517040.000000 0.823096 0.999113 0.000000 0 
1751280.000000 0.799168 1751280.000000 0.799168 0.998699 0.000000 0 
1658400.000000 0.804315 1658400.000000 0.804315 0.996793 0.000000 0 
1638960.000000 0.804595 1638960.000000 0.804595 0.995907 0.000000 0 
1976640.000000 0.783535 1976640.000000 0.783535 0.995653 0.000000 0 
2036640.000000 0.782622 2036640.000000 0.782622 0.993260 0.000000 0 
1568880.000000 0.814038 1568880.000000 0.814038 0.998849 0.000000 0 
1182000.000000 0.923926 1182000.000000 0.923926 0.999618 0.000000 0 
1786320.000000 0.795243 1786320.000000 0.795243 0.997551 0.000000 0 
1446720.000000 0.836938 1446720.000000 0.836938 0.985828 0.000000 0 
1690800.000000 0.803528 1690800.000000 0.803528 0.997188 0.000000 0 
1353600.000000 0.857600 1353600.000000 0.857600 0.995592 0.000000 0 
1370160.000000 0.855679 1370160.000000 0.855679 0.986318 0.000000 0 
1626480.000000 0.806907 1626480.000000 0.806907 0.998025 0.000000 0 
1674480.000000 0.803759 1674480.000000 0.803759 0.998031 0.000000 0 
1332720.000000 0.863814 1332720.000000 0.863814 0.993449 0.000000 0 
1349280.000000 0.862220 1349280.000000 0.862220 0.994004 0.000000 0 
1088880.000000 1.030755 1088880.000000 1.030755 0.991613 0.000000 0 
1489200.000000 0.828169 1489200.000000 0.828169 0.996223 0.000000 0 
1063440.000000 1.099668 1063440.000000 1.099668 0.989862 0.000000 0 
1089120.000000 1.023502 1089120.000000 1.023502 0.984567 0.000000 0 
1168080.000000 0.936119 1168080.000000 0.936119 0.985909 0.000000 0 
1605600.000000 0.811386 1605600.000000 0.811386 0.996744 0.000000 0 
1928160.000000 0.787151 1928160.000000 0.787151 0.995650 0.000000 0 
2082720.000000 0.779689 2082720.000000 0.779689 0.989395 0.000000 0 
1704240.000000 0.801341 1704240.000000 0.801341 0.998059 0.000000 0 
1435200.000000 0.838000 1435200.000000 0.838000 0.999254 0.000000 0 
1529520.000000 0.820463 1529520.000000 0.820463 0.999554 0.000000 0 
1393680.000000 0.848112 1393680.000000 0.848112 0.988735 0.000000 0 
1614000.000000 0.809033 1614000.000000 0.809033 0.998514 0.000000 0 
1377840.000000 0.852776 1377840.000000 0.852776 0.992357 0.000000 0 
1156320.000000 0.957822 1156320.000000 0.957822 0.987205 0.000000 0 
1249440.000000 0.891605 1249440.000000 0.891605 0.994299 0.000000 0 
1071600.000000 1.051318 1071600.000000 1.051318 0.990299 0.000000 0 
1716720.000000 0.801234 1716720.000000 0.801234 0.996280 0.000000 0 
1828080.000000 0.793231 1828080.000000 0.793231 0.998154 0.000000 0 
1770960.000000 0.795988 1770960.000000 0.795988 0.997477 0.000000 0 
1304880.000000 0.869161 1304880.000000 0.869161 0.992902 0.000000 0 
1548960.000000 0.817147 1548960.000000 0.817147 0.994692 0.000000 0 
1058400.000000 1.103519 1058400.000000 1.103519 0.984900 0.000000 0 
1828080.000000 0.793231 1828080.000000 0.793231 0.998154 0.000000 0 
1262640.000000 0.888499 1262640.000000 0.888499 0.995190 0.000000 0 
2059680.000000 0.780606 2059680.000000 0.780606 0.988664 0.000000 0 
2036640.000000 0.782622 2036640.000000 0.782622 0.993260 0.000000 0 
1559520.000000 0.815312 1559520.000000 0.815312 0.994021 0.000000 0 
1539120.000000 0.818982 1539120.000000 0.818982 0.999032 0.000000 0 
1764480.000000 0.798470 1764480.000000 0.798470 0.999954 0.000000 0 
1262880.000000 0.884797 1262880.000000 0.884797 0.996314 0.000000 0 
1986000.000000 0.783117 1986000.000000 0.783117 0.995518 0.000000 0 
1389840.000000 0.850658 1389840.000000 0.850658 0.989255 0.000000 0 
1271520.000000 0.880263 1271520.000000 0.880263 0.999158 0.000000 0 
1190640.000000 0.919677 1190640.000000 0.919677 0.997886 0.000000 0 
2076960.000000 0.780258 2076960.000000 0.780258 0.990745 0.000000 0 
1313760.000000 0.866601 1313760.000000 0.866601 0.998885 0.000000 0 
1321200.000000 0.865024 1321200.000000 0.865024 0.997352 0.000000 0 
1926720.000000 0.787231 1926720.000000 0.787231 0.994529 0.000000 0 
#Generacion: 5000 
#Distancia: 329.746768 
