45571251.954658 43651973.610889 1919280.000000 1.656231 5.365197 43651971.954658 17 
59516083206681.460938 59516081308762.875000 1897920.000000 1.417566 5951609.130876 59516081308761.460938 74 
50505314.905084 48402916.434860 2102400.000000 1.529776 5.840291 48402914.905084 35 
50337848.161060 48396489.426203 1941360.000000 1.265144 5.839649 48396488.161060 34 
664824130171318.000000 664824128099399.375000 2071920.000000 1.419143 66482413.809940 664824128099398.000000 86 
48422313.238267 46265674.596920 2156640.000000 1.358653 5.626567 46265673.238267 26 
66866148.606390 64913750.601962 1952400.000000 1.995572 7.491375 64913748.606390 53 
51553230.356450 49425871.746947 2127360.000000 1.390497 5.942587 49425870.356450 38 
49860701.106641 47775582.850877 2085120.000000 1.744236 5.777558 47775581.106641 32 
47581467.823464 45461549.055745 2119920.000000 1.232281 5.546155 45461547.823464 22 
29950721.937605 27873043.313798 2077680.000000 1.376193 3.787304 27873041.937605 2 
55441783.193371 53327624.512821 2114160.000000 1.319450 6.332762 53327623.193371 45 
42926018.702273 41009380.358331 1916640.000000 1.656057 5.100938 41009378.702273 10 
48528677.591446 46492759.714577 2035920.000000 2.123131 5.649276 46492757.591446 27 
68185995.967213 66171677.418457 2014320.000000 1.451244 7.617168 66171675.967213 54 
63131141.095080 61171782.918767 1959360.000000 1.823687 7.117178 61171781.095080 49 
85275599.241202 83412001.298842 1863600.000000 2.057640 9.341200 83411999.241202 62 
46869263.390435 44992944.605306 1876320.000000 1.214871 5.499294 44992943.390435 20 
78850547.414200 76919268.903578 1931280.000000 1.489378 8.691927 76919267.414200 59 
53937916.006982 51975678.045017 1962240.000000 2.038035 6.197568 51975676.006982 42 
43156001.249446 41110243.253580 2045760.000000 2.004134 5.111024 41110241.249446 12 
58840685.753976 56774047.806962 2066640.000000 2.052986 6.677405 56774045.753976 46 
43614595.658094 41685478.098020 1929120.000000 2.439926 5.168548 41685475.658094 14 
181005419427584.375000 181005417290626.062500 2136960.000000 1.687114 18100542.729062 181005417290624.375000 81 
54596965.655867 52693526.987863 1903440.000000 1.331996 6.269353 52693525.655867 44 
41815613.403430 39658255.001980 2157360.000000 1.598550 4.965825 39658253.403430 8 
61400132.928510 59200534.723413 2199600.000000 1.794903 6.920053 59200532.928510 48 
61294052.627525 59295093.985034 1998960.000000 1.357508 6.929509 59295092.627525 48 
6560721571227.746094 6560719656509.075195 1914720.000000 1.329202 656072.965651 6560719656507.746094 68 
54300785.416842 52326066.583131 1974720.000000 1.166289 6.232607 52326065.416842 43 
78158153474602.062500 78158151489563.375000 1985040.000000 1.319597 7815816.148956 78158151489562.062500 77 
43524001.751788 41270163.251538 2253840.000000 1.499751 5.127016 41270161.751788 13 
43071399.661190 41099561.096845 1971840.000000 1.435655 5.109956 41099559.661190 11 
79943436022409.187500 79943433868650.796875 2153760.000000 1.609584 7994344.386865 79943433868649.187500 78 
51531929.476098 49634490.846492 1897440.000000 1.370394 5.963449 49634489.476098 38 
77885698.530802 75832980.893564 2052720.000000 2.362762 8.583298 75832978.530802 58 
65699547.881707 63830430.562819 1869120.000000 2.681112 7.383043 63830427.881707 52 
205394941243225.406250 205394939170347.406250 2072880.000000 2.010509 20539494.917035 205394939170345.406250 82 
43143599.499188 41076001.164195 2067600.000000 1.665007 5.107600 41075999.499188 11 
92757578.830231 90854861.019175 1902720.000000 2.188944 10.085486 90854858.830231 66 
75758378.682584 73967260.312135 1791120.000000 1.629551 8.396726 73967258.682584 56 
80389160.700227 78542122.381354 1847040.000000 1.681127 8.854212 78542120.700227 60 
48252162.564953 46386404.305197 1865760.000000 1.740244 5.638640 46386402.564953 26 
49319203.651836 47490645.093797 1828560.000000 1.441961 5.749064 47490643.651836 31 
22585660.239422 20688461.986838 1897200.000000 1.747416 3.068846 20688460.239422 0 
76625027.444721 74651269.286250 1973760.000000 1.841529 8.465127 74651267.444721 57 
27645245712918.023438 27645243859399.867188 1853520.000000 1.844184 2764525.385940 27645243859398.023438 70 
52754343.777445 50813945.658767 1940400.000000 1.881322 6.081394 50813943.777445 40 
47697961.021037 45686762.543909 2011200.000000 1.522872 5.568676 45686761.021037 23 
85390447.899636 83212209.951326 2178240.000000 2.051690 9.321221 83212207.899636 62 
49427488.067845 47485411.418145 1942080.000000 3.350299 5.748541 47485408.067845 31 
78948214.238820 76877496.067551 2070720.000000 1.828731 8.687749 76877494.238820 59 
46478661748612.734375 46478659828374.257812 1920240.000000 1.520061 4647866.982837 46478659828372.734375 73 
50369821.515695 48463503.578184 1906320.000000 2.062489 5.846350 48463501.515695 35 
36232968.915105 34141610.229171 2091360.000000 1.314065 4.414161 34141608.915105 5 
50065381.271916 48056103.196668 2009280.000000 1.924752 5.805610 48056101.271916 33 
51897118.936227 49998720.755375 1898400.000000 1.819147 5.999872 49998718.936227 39 
87382004.740907 85253927.811655 2128080.000000 3.070748 9.525392 85253924.740907 64 
99981645938608.031250 99981643811250.218750 2127360.000000 2.190042 9998165.381125 99981643811248.031250 80 
87664982.594050 85705864.836065 1959120.000000 2.242015 9.570586 85705862.594050 65 
50981040.201784 49000081.639165 1980960.000000 1.437381 5.900008 49000080.201784 37 
47298947.780865 45168949.077454 2130000.000000 1.296589 5.516895 45168947.780865 21 
50761189.069135 48976310.573018 1784880.000000 1.503883 5.897631 48976309.069135 36 
49126328.211489 47185690.082946 1940640.000000 1.871457 5.718569 47185688.211489 30 
30781058.864203 28831780.567713 1949280.000000 1.703510 3.883178 28831778.864203 3 
83274731.010538 81293053.154520 1981680.000000 2.143983 9.129305 81293051.010538 61 
73167957939072.296875 73167955910114.218750 2028960.000000 1.923268 7316796.591011 73167955910112.296875 76 
48938754.560408 46981556.031911 1957200.000000 1.471503 5.698155 46981554.560408 29 
54313039.226194 52240400.658147 2072640.000000 1.431952 6.224040 52240399.226194 43 
47905646.166764 45755007.370132 2150640.000000 1.203368 5.575501 45755006.166764 24 
86976169.929072 84829611.883081 2146560.000000 1.954009 9.482961 84829609.929072 63 
234792999166213.250000 234792997129335.000000 2036880.000000 1.765284 23479300.712933 234792997129333.250000 83 
65659540.847093 63713862.292724 1945680.000000 1.445631 7.371386 63713860.847093 51 
39124258360774.179688 39124256305896.070312 2054880.000000 1.894046 3912426.630589 39124256305894.179688 72 
63443801.182229 61643562.883222 1800240.000000 1.700994 7.164356 61643561.182229 50 
74596274.070202 72675077.397769 1921200.000000 3.327567 8.267507 72675074.070202 55 
44750488.673008 42734490.263144 2016000.000000 1.590136 5.273449 42734488.673008 15 
34095792774627.468750 34095790826788.808594 1947840.000000 1.338340 3409580.082679 34095790826787.468750 71 
53679148.484426 51756270.587038 1922880.000000 2.102612 6.175627 51756268.484426 41 
273506391909793.187500 273506389896674.531250 2013120.000000 1.338797 27350639.989667 273506389896673.187500 84 
43520128.101122 41613089.931157 1907040.000000 1.830035 5.161309 41613088.101122 13 
59581746.408276 57481988.800204 2099760.000000 2.391928 6.748199 57481986.408276 47 
45899594.422507 43999035.657521 1900560.000000 1.235015 5.399903 43999034.422507 18 
41786080.093191 39822881.659395 1963200.000000 1.566204 4.982288 39822880.093191 8 
31040602.481997 29019803.623915 2020800.000000 1.141919 3.901980 29019802.481997 4 
45095847.040911 43129048.780744 1966800.000000 1.739834 5.312905 43129047.040911 16 
3457503542790.308594 3457501423591.916992 2119200.000000 1.608408 345751.142359 3457501423590.308594 67 
20041723413949.625000 20041721536191.335938 1877760.000000 1.712661 2004173.153619 20041721536189.625000 69 
23583497.401135 21532219.223665 2051280.000000 1.822531 3.153222 21532217.401135 1 
40508031.420146 38584913.020425 1923120.000000 1.600280 4.858491 38584911.420146 7 
63847221160215.054688 63847219165096.351562 1995120.000000 1.297891 6384722.916510 63847219165095.054688 75 
46195287.776977 44088329.434885 2106960.000000 1.657909 5.408833 44088327.776977 19 
395009857204021.750000 395009855092023.750000 2112000.000000 1.985346 39500986.509202 395009855092021.750000 85 
53947317.155770 51725878.575165 2221440.000000 1.419395 6.172588 51725877.155770 41 
47981697.313959 45766978.489034 2214720.000000 1.175074 5.576698 45766977.313959 25 
40087819.973800 37935741.421971 2152080.000000 1.448171 4.793574 37935739.973800 6 
42790690.807570 40893012.487922 1897680.000000 1.680352 5.089301 40893010.807570 9 
94610236366427.312500 94610234219628.890625 2146800.000000 1.576130 9461024.421963 94610234219627.312500 79 
49461340.729066 47440782.037258 2020560.000000 1.308192 5.744078 47440780.729066 31 
48605195.811038 46493917.529424 2111280.000000 1.718386 5.649392 46493915.811038 28 
#Generacion: 1 
#Distancia: 790.582020 
1555440.000000 0.857450 1555440.000000 0.857450 0.991434 0.000000 0 
1482720.000000 0.881609 1482720.000000 0.881609 0.997511 0.000000 0 
1490160.000000 0.877922 1490160.000000 0.877922 0.995088 0.000000 0 
1368480.000000 0.931697 1368480.000000 0.931697 0.989077 0.000000 0 
1310400.000000 0.979454 1310400.000000 0.979454 0.983747 0.000000 0 
1263600.000000 1.183439 1263600.000000 1.183439 0.987127 0.000000 0 
1368480.000000 0.931697 1368480.000000 0.931697 0.989077 0.000000 0 
1665840.000000 0.848860 1665840.000000 0.848860 0.982921 0.000000 0 
1244160.000000 1.279410 1244160.000000 1.279410 0.986467 0.000000 0 
1379040.000000 0.917531 1379040.000000 0.917531 0.971439 0.000000 0 
1263600.000000 1.183439 1263600.000000 1.183439 0.987127 0.000000 0 
1263600.000000 1.183439 1263600.000000 1.183439 0.987127 0.000000 0 
1376160.000000 0.920903 1376160.000000 0.920903 0.999295 0.000000 0 
1415520.000000 0.901086 1415520.000000 0.901086 0.994984 0.000000 0 
1250640.000000 1.195087 1250640.000000 1.195087 0.974102 0.000000 0 
1476240.000000 0.882869 1476240.000000 0.882869 0.992616 0.000000 0 
1566000.000000 0.856962 1566000.000000 0.856962 0.994606 0.000000 0 
1247760.000000 1.213745 1247760.000000 1.213745 0.991527 0.000000 0 
1470960.000000 0.886462 1470960.000000 0.886462 0.987986 0.000000 0 
1665840.000000 0.848860 1665840.000000 0.848860 0.982921 0.000000 0 
1688880.000000 0.848389 1688880.000000 0.848389 0.980792 0.000000 0 
1263600.000000 1.183439 1263600.000000 1.183439 0.987127 0.000000 0 
1705200.000000 0.845549 1705200.000000 0.845549 0.985287 0.000000 0 
1254720.000000 1.183952 1254720.000000 1.183952 0.990045 0.000000 0 
1364880.000000 0.936323 1364880.000000 0.936323 0.986338 0.000000 0 
1244160.000000 1.279410 1244160.000000 1.279410 0.986467 0.000000 0 
1379040.000000 0.917531 1379040.000000 0.917531 0.971439 0.000000 0 
1379760.000000 0.910735 1379760.000000 0.910735 0.995878 0.000000 0 
1413120.000000 0.902770 1413120.000000 0.902770 0.989211 0.000000 0 
1519920.000000 0.866258 1519920.000000 0.866258 0.981749 0.000000 0 
1726800.000000 0.844097 1726800.000000 0.844097 0.979328 0.000000 0 
1688880.000000 0.848389 1688880.000000 0.848389 0.980792 0.000000 0 
1263600.000000 1.183439 1263600.000000 1.183439 0.987127 0.000000 0 
1415520.000000 0.901086 1415520.000000 0.901086 0.994984 0.000000 0 
1482720.000000 0.881609 1482720.000000 0.881609 0.997511 0.000000 0 
1538160.000000 0.863947 1538160.000000 0.863947 0.990127 0.000000 0 
1374240.000000 0.928576 1374240.000000 0.928576 0.985654 0.000000 0 
1357200.000000 0.941153 1357200.000000 0.941153 0.977802 0.000000 0 
1270800.000000 1.068015 1270800.000000 1.068015 0.991330 0.000000 0 
1489200.000000 0.877940 1489200.000000 0.877940 0.996026 0.000000 0 
1368480.000000 0.931697 1368480.000000 0.931697 0.989077 0.000000 0 
1688880.000000 0.848389 1688880.000000 0.848389 0.980792 0.000000 0 
1431360.000000 0.895560 1431360.000000 0.895560 0.973979 0.000000 0 
1357200.000000 0.941153 1357200.000000 0.941153 0.977802 0.000000 0 
1299360.000000 0.997809 1299360.000000 0.997809 0.993587 0.000000 0 
1266000.000000 1.100576 1266000.000000 1.100576 0.978507 0.000000 0 
1396800.000000 0.904600 1396800.000000 0.904600 0.973145 0.000000 0 
1315200.000000 0.978697 1315200.000000 0.978697 0.967472 0.000000 0 
1381200.000000 0.906999 1381200.000000 0.906999 0.991043 0.000000 0 
1610640.000000 0.852234 1610640.000000 0.852234 0.991896 0.000000 0 
1540080.000000 0.863733 1540080.000000 0.863733 0.982853 0.000000 0 
1396800.000000 0.904600 1396800.000000 0.904600 0.973145 0.000000 0 
1381200.000000 0.906999 1381200.000000 0.906999 0.991043 0.000000 0 
1517280.000000 0.869405 1517280.000000 0.869405 0.986950 0.000000 0 
1470960.000000 0.886462 1470960.000000 0.886462 0.987986 0.000000 0 
1767360.000000 0.843399 1767360.000000 0.843399 0.976537 0.000000 0 
1299360.000000 0.997809 1299360.000000 0.997809 0.993587 0.000000 0 
1726800.000000 0.844097 1726800.000000 0.844097 0.979328 0.000000 0 
1627920.000000 0.849655 1627920.000000 0.849655 0.979795 0.000000 0 
1363680.000000 0.937906 1363680.000000 0.937906 0.988952 0.000000 0 
1363680.000000 0.937906 1363680.000000 0.937906 0.988952 0.000000 0 
1436160.000000 0.886648 1436160.000000 0.886648 0.994573 0.000000 0 
1544640.000000 0.861302 1544640.000000 0.861302 0.982049 0.000000 0 
1263600.000000 1.183439 1263600.000000 1.183439 0.987127 0.000000 0 
1280640.000000 1.025728 1280640.000000 1.025728 0.980085 0.000000 0 
1708080.000000 0.844215 1708080.000000 0.844215 0.982207 0.000000 0 
1315200.000000 0.978697 1315200.000000 0.978697 0.967472 0.000000 0 
1321440.000000 0.960307 1321440.000000 0.960307 0.978375 0.000000 0 
1334160.000000 0.945730 1334160.000000 0.945730 0.977772 0.000000 0 
1403520.000000 0.903670 1403520.000000 0.903670 0.990341 0.000000 0 
1248960.000000 1.249062 1248960.000000 1.249062 0.998468 0.000000 1 
1248960.000000 1.249062 1248960.000000 1.249062 0.998468 0.000000 1 
1675440.000000 0.850256 1675440.000000 0.850256 0.983443 0.000000 1 
1289280.000000 1.081321 1289280.000000 1.081321 0.992669 0.000000 1 
1267920.000000 1.136596 1267920.000000 1.136596 0.999527 0.000000 1 
1252800.000000 1.245710 1252800.000000 1.245710 0.964388 0.000000 1 
1612800.000000 0.856466 1612800.000000 0.856466 0.980712 0.000000 1 
1524000.000000 0.873693 1524000.000000 0.873693 0.991726 0.000000 1 
1377120.000000 0.922519 1377120.000000 0.922519 0.987945 0.000000 1 
1420080.000000 0.903466 1420080.000000 0.903466 0.963558 0.000000 1 
1291440.000000 1.034050 1291440.000000 1.034050 0.974833 0.000000 1 
1623840.000000 0.855316 1623840.000000 0.855316 0.979097 0.000000 1 
1291440.000000 1.034050 1291440.000000 1.034050 0.974833 0.000000 1 
1393680.000000 0.910076 1393680.000000 0.910076 0.987896 0.000000 1 
1490160.000000 0.877936 1490160.000000 0.877936 0.995290 0.000000 1 
1518480.000000 0.876820 1518480.000000 0.876820 0.981364 0.000000 1 
1277040.000000 1.106870 1277040.000000 1.106870 0.971346 0.000000 1 
1400160.000000 0.906010 1400160.000000 0.906010 0.997650 0.000000 1 
1341120.000000 0.954046 1341120.000000 0.954046 0.994026 0.000000 1 
1270320.000000 1.112334 1270320.000000 1.112334 0.969868 0.000000 1 
1665600.000000 0.851443 1665600.000000 0.851443 0.985901 0.000000 1 
1326960.000000 0.971094 1326960.000000 0.971094 0.987337 0.000000 1 
1440000.000000 0.890628 1440000.000000 0.890628 0.981733 0.000000 1 
1485120.000000 0.883075 1485120.000000 0.883075 0.993308 0.000000 1 
1338480.000000 0.965462 1338480.000000 0.965462 0.992288 0.000000 1 
1550640.000000 0.862742 1550640.000000 0.862742 0.982893 0.000000 1 
1350480.000000 0.948042 1350480.000000 0.948042 0.966839 0.000000 1 
1333200.000000 0.966561 1333200.000000 0.966561 0.993117 0.000000 1 
1344000.000000 0.948407 1344000.000000 0.948407 0.969320 0.000000 1 
1270320.000000 1.112334 1270320.000000 1.112334 0.969868 0.000000 1 
#Generacion: 500 
#Distancia: 210.193232 
1888560.000000 0.824838 1888560.000000 0.824838 0.964396 0.000000 0 
1202400.000000 1.237723 1202400.000000 1.237723 0.982727 0.000000 0 
1205520.000000 1.011620 1205520.000000 1.011620 0.988716 0.000000 0 
1755600.000000 0.825389 1755600.000000 0.825389 0.980163 0.000000 0 
1874160.000000 0.825291 1874160.000000 0.825291 0.965618 0.000000 0 
1238640.000000 0.993881 1238640.000000 0.993881 0.990336 0.000000 0 
1247040.000000 0.968936 1247040.000000 0.968936 0.979623 0.000000 0 
1216080.000000 1.004664 1216080.000000 1.004664 0.987046 0.000000 0 
1417200.000000 0.870885 1417200.000000 0.870885 0.984364 0.000000 0 
1599120.000000 0.837909 1599120.000000 0.837909 0.978356 0.000000 0 
1351200.000000 0.900615 1351200.000000 0.900615 0.972737 0.000000 0 
1721040.000000 0.828047 1721040.000000 0.828047 0.994582 0.000000 0 
1232640.000000 0.994939 1232640.000000 0.994939 0.982090 0.000000 0 
1556880.000000 0.840448 1556880.000000 0.840448 0.969101 0.000000 0 
1580160.000000 0.838654 1580160.000000 0.838654 0.969550 0.000000 0 
1748640.000000 0.827932 1748640.000000 0.827932 0.988269 0.000000 0 
1439520.000000 0.869283 1439520.000000 0.869283 0.977118 0.000000 0 
1295520.000000 0.949979 1295520.000000 0.949979 0.975037 0.000000 0 
1297920.000000 0.934255 1297920.000000 0.934255 0.974445 0.000000 0 
1612080.000000 0.836962 1612080.000000 0.836962 0.994150 0.000000 0 
1412640.000000 0.876334 1412640.000000 0.876334 0.976558 0.000000 0 
1372080.000000 0.886617 1372080.000000 0.886617 0.996917 0.000000 0 
1572240.000000 0.839637 1572240.000000 0.839637 0.971687 0.000000 0 
1361520.000000 0.891160 1361520.000000 0.891160 0.997280 0.000000 0 
1509360.000000 0.850154 1509360.000000 0.850154 0.989556 0.000000 0 
1529520.000000 0.848785 1529520.000000 0.848785 0.992520 0.000000 0 
1446960.000000 0.868112 1446960.000000 0.868112 0.982031 0.000000 0 
1684800.000000 0.829866 1684800.000000 0.829866 0.988825 0.000000 0 
1546560.000000 0.846332 1546560.000000 0.846332 0.992440 0.000000 0 
1465440.000000 0.867705 1465440.000000 0.867705 0.986692 0.000000 0 
1499040.000000 0.851316 1499040.000000 0.851316 0.987310 0.000000 0 
1205520.000000 1.011620 1205520.000000 1.011620 0.988716 0.000000 0 
1272240.000000 0.955353 1272240.000000 0.955353 0.975326 0.000000 0 
1317600.000000 0.923988 1317600.000000 0.923988 0.992441 0.000000 0 
1347840.000000 0.903641 1347840.000000 0.903641 0.973981 0.000000 0 
1404480.000000 0.880154 1404480.000000 0.880154 0.981220 0.000000 0 
1550160.000000 0.845940 1550160.000000 0.845940 0.990277 0.000000 0 
1275840.000000 0.952770 1275840.000000 0.952770 0.977559 0.000000 0 
1669680.000000 0.830255 1669680.000000 0.830255 0.995000 0.000000 0 
1486800.000000 0.858465 1486800.000000 0.858465 0.998308 0.000000 0 
1387920.000000 0.884923 1387920.000000 0.884923 0.990676 0.000000 0 
1333920.000000 0.910006 1333920.000000 0.910006 0.981019 0.000000 0 
1379280.000000 0.885356 1379280.000000 0.885356 0.991200 0.000000 0 
1532160.000000 0.848767 1532160.000000 0.848767 0.994416 0.000000 0 
1361520.000000 0.891160 1361520.000000 0.891160 0.997280 0.000000 0 
1639200.000000 0.835420 1639200.000000 0.835420 0.988018 0.000000 0 
1479360.000000 0.858610 1479360.000000 0.858610 0.975928 0.000000 0 
1318800.000000 0.916426 1318800.000000 0.916426 0.993761 0.000000 0 
1623840.000000 0.835735 1623840.000000 0.835735 0.994750 0.000000 0 
1287360.000000 0.952370 1287360.000000 0.952370 0.972938 0.000000 0 
1302480.000000 0.929942 1302480.000000 0.929942 0.996486 0.000000 0 
1665600.000000 0.832907 1665600.000000 0.832907 0.992128 0.000000 0 
1330800.000000 0.914258 1330800.000000 0.914258 0.996110 0.000000 0 
1322400.000000 0.916339 1322400.000000 0.916339 0.992598 0.000000 0 
1874160.000000 0.825291 1874160.000000 0.825291 0.965618 0.000000 0 
1269840.000000 0.962421 1269840.000000 0.962421 0.979272 0.000000 0 
1654320.000000 0.833144 1654320.000000 0.833144 0.995778 0.000000 0 
1715280.000000 0.828404 1715280.000000 0.828404 0.991753 0.000000 0 
1476480.000000 0.862848 1476480.000000 0.862848 0.975477 0.000000 0 
1700640.000000 0.829394 1700640.000000 0.829394 0.976660 0.000000 0 
1263360.000000 0.962965 1263360.000000 0.962965 0.978589 0.000000 0 
1495200.000000 0.856623 1495200.000000 0.856623 0.975643 0.000000 0 
1465920.000000 0.865900 1465920.000000 0.865900 0.995598 0.000000 0 
1336320.000000 0.903963 1336320.000000 0.903963 0.994659 0.000000 0 
1474560.000000 0.865615 1474560.000000 0.865615 0.982280 0.000000 0 
1623840.000000 0.835735 1623840.000000 0.835735 0.994750 0.000000 0 
1507920.000000 0.850964 1507920.000000 0.850964 0.994582 0.000000 0 
1291200.000000 0.951601 1291200.000000 0.951601 0.967526 0.000000 0 
1336320.000000 0.903963 1336320.000000 0.903963 0.994659 0.000000 0 
1297920.000000 0.934255 1297920.000000 0.934255 0.974445 0.000000 0 
1308480.000000 0.929268 1308480.000000 0.929268 0.984554 0.000000 0 
1495200.000000 0.856623 1495200.000000 0.856623 0.975643 0.000000 0 
1748880.000000 0.827126 1748880.000000 0.827126 0.953395 0.000000 0 
1708560.000000 0.828516 1708560.000000 0.828516 0.998932 0.000000 0 
1260720.000000 0.967967 1260720.000000 0.967967 0.977587 0.000000 0 
1333440.000000 0.913511 1333440.000000 0.913511 0.971089 0.000000 0 
1310880.000000 0.924683 1310880.000000 0.924683 0.988657 0.000000 0 
1393680.000000 0.882684 1393680.000000 0.882684 0.982980 0.000000 0 
1442160.000000 0.868486 1442160.000000 0.868486 0.995435 0.000000 0 
1705680.000000 0.829280 1705680.000000 0.829280 0.974477 0.000000 0 
1393680.000000 0.882684 1393680.000000 0.882684 0.982980 0.000000 0 
1402320.000000 0.882352 1402320.000000 0.882352 0.983194 0.000000 0 
1646400.000000 0.833839 1646400.000000 0.833839 0.983905 0.000000 0 
1652880.000000 0.833528 1652880.000000 0.833528 0.980844 0.000000 0 
1252080.000000 0.968221 1252080.000000 0.968221 0.977391 0.000000 0 
1260720.000000 0.967967 1260720.000000 0.967967 0.977587 0.000000 0 
1693440.000000 0.829808 1693440.000000 0.829808 0.989532 0.000000 0 
1668240.000000 0.831485 1668240.000000 0.831485 0.997884 0.000000 0 
1693440.000000 0.829808 1693440.000000 0.829808 0.989532 0.000000 0 
1310880.000000 0.924683 1310880.000000 0.924683 0.988657 0.000000 0 
1232640.000000 0.994939 1232640.000000 0.994939 0.982090 0.000000 0 
1640400.000000 0.834820 1640400.000000 0.834820 0.983252 0.000000 0 
1645440.000000 0.834557 1645440.000000 0.834557 0.978030 0.000000 0 
1264800.000000 0.962790 1264800.000000 0.962790 0.969250 0.000000 0 
1307520.000000 0.929718 1307520.000000 0.929718 0.986183 0.000000 0 
1295520.000000 0.949979 1295520.000000 0.949979 0.975037 0.000000 0 
1475520.000000 0.864267 1475520.000000 0.864267 0.995746 0.000000 0 
1252080.000000 0.968221 1252080.000000 0.968221 0.977391 0.000000 0 
1402320.000000 0.882352 1402320.000000 0.882352 0.983194 0.000000 0 
1269840.000000 0.962421 1269840.000000 0.962421 0.979272 0.000000 0 
#Generacion: 1000 
#Distancia: 211.601616 
1169760.000000 1.013641 1169760.000000 1.013641 0.996068 0.000000 0 
1767360.000000 0.809897 1767360.000000 0.809897 0.996758 0.000000 0 
1202400.000000 0.965462 1202400.000000 0.965462 0.994506 0.000000 0 
1193040.000000 0.996716 1193040.000000 0.996716 0.997914 0.000000 0 
1194480.000000 0.976003 1194480.000000 0.976003 0.998597 0.000000 0 
1224000.000000 0.955887 1224000.000000 0.955887 0.992560 0.000000 0 
1328880.000000 0.898066 1328880.000000 0.898066 0.973543 0.000000 0 
1190640.000000 1.004265 1190640.000000 1.004265 0.994209 0.000000 0 
1194480.000000 0.976003 1194480.000000 0.976003 0.998597 0.000000 0 
1236000.000000 0.944590 1236000.000000 0.944590 0.985966 0.000000 0 
1271520.000000 0.925635 1271520.000000 0.925635 0.980951 0.000000 0 
1179120.000000 1.005452 1179120.000000 1.005452 0.992469 0.000000 0 
1704960.000000 0.814605 1704960.000000 0.814605 0.969533 0.000000 0 
1234560.000000 0.953662 1234560.000000 0.953662 0.989370 0.000000 0 
1685760.000000 0.816105 1685760.000000 0.816105 0.983010 0.000000 0 
1712880.000000 0.814178 1712880.000000 0.814178 0.968452 0.000000 0 
1245840.000000 0.941261 1245840.000000 0.941261 0.990126 0.000000 0 
1317360.000000 0.901424 1317360.000000 0.901424 0.973914 0.000000 0 
1607760.000000 0.824741 1607760.000000 0.824741 0.972102 0.000000 0 
1246800.000000 0.936007 1246800.000000 0.936007 0.989524 0.000000 0 
1754640.000000 0.812525 1754640.000000 0.812525 0.965616 0.000000 0 
1364640.000000 0.882380 1364640.000000 0.882380 0.981684 0.000000 0 
1653360.000000 0.818921 1653360.000000 0.818921 0.979865 0.000000 0 
1530960.000000 0.838069 1530960.000000 0.838069 0.989584 0.000000 0 
1731840.000000 0.813615 1731840.000000 0.813615 0.969190 0.000000 0 
1590480.000000 0.826046 1590480.000000 0.826046 0.966560 0.000000 0 
1473120.000000 0.850769 1473120.000000 0.850769 0.974848 0.000000 0 
1422480.000000 0.862175 1422480.000000 0.862175 0.983017 0.000000 0 
1416480.000000 0.864761 1416480.000000 0.864761 0.977734 0.000000 0 
1193040.000000 0.996716 1193040.000000 0.996716 0.997914 0.000000 0 
1289520.000000 0.915238 1289520.000000 0.915238 0.977835 0.000000 0 
1497600.000000 0.846509 1497600.000000 0.846509 0.994546 0.000000 0 
1644240.000000 0.819931 1644240.000000 0.819931 0.973597 0.000000 0 
1482720.000000 0.848670 1482720.000000 0.848670 0.974379 0.000000 0 
1354080.000000 0.885864 1354080.000000 0.885864 0.988415 0.000000 0 
1575120.000000 0.830839 1575120.000000 0.830839 0.966328 0.000000 0 
1258320.000000 0.928935 1258320.000000 0.928935 0.988933 0.000000 0 
1341840.000000 0.895246 1341840.000000 0.895246 0.972687 0.000000 0 
1550160.000000 0.835550 1550160.000000 0.835550 0.968033 0.000000 0 
1665840.000000 0.818213 1665840.000000 0.818213 0.995988 0.000000 0 
1628400.000000 0.821968 1628400.000000 0.821968 0.979852 0.000000 0 
1519680.000000 0.841645 1519680.000000 0.841645 0.992301 0.000000 0 
1634880.000000 0.820914 1634880.000000 0.820914 0.990124 0.000000 0 
1523280.000000 0.839591 1523280.000000 0.839591 0.968388 0.000000 0 
1345680.000000 0.889239 1345680.000000 0.889239 0.989477 0.000000 0 
1447440.000000 0.854660 1447440.000000 0.854660 0.976655 0.000000 0 
1340880.000000 0.895313 1340880.000000 0.895313 0.972057 0.000000 0 
1487520.000000 0.847557 1487520.000000 0.847557 0.974745 0.000000 0 
1599840.000000 0.826042 1599840.000000 0.826042 0.969190 0.000000 0 
1252320.000000 0.932329 1252320.000000 0.932329 0.980755 0.000000 0 
1443120.000000 0.857631 1443120.000000 0.857631 0.979869 0.000000 0 
1359120.000000 0.885706 1359120.000000 0.885706 0.978440 0.000000 0 
1566480.000000 0.831333 1566480.000000 0.831333 0.965507 0.000000 0 
1295280.000000 0.915212 1295280.000000 0.915212 0.985620 0.000000 0 
1749840.000000 0.813222 1749840.000000 0.813222 0.966780 0.000000 0 
1382160.000000 0.875125 1382160.000000 0.875125 0.974992 0.000000 0 
1367760.000000 0.879381 1367760.000000 0.879381 0.999448 0.000000 0 
1398480.000000 0.871087 1398480.000000 0.871087 0.989032 0.000000 0 
1297200.000000 0.910914 1297200.000000 0.910914 0.978261 0.000000 0 
1467360.000000 0.852127 1467360.000000 0.852127 0.975647 0.000000 0 
1241040.000000 0.943794 1241040.000000 0.943794 0.985184 0.000000 0 
1274400.000000 0.922785 1274400.000000 0.922785 0.975048 0.000000 0 
1438080.000000 0.858592 1438080.000000 0.858592 0.974145 0.000000 0 
1736880.000000 0.813395 1736880.000000 0.813395 0.966281 0.000000 0 
1463520.000000 0.854219 1463520.000000 0.854219 0.973285 0.000000 0 
1672560.000000 0.817794 1672560.000000 0.817794 0.971220 0.000000 0 
1376160.000000 0.876015 1376160.000000 0.876015 0.989699 0.000000 0 
1281840.000000 0.918984 1281840.000000 0.918984 0.980678 0.000000 0 
1279440.000000 0.921706 1279440.000000 0.921706 0.971639 0.000000 0 
1304160.000000 0.907194 1304160.000000 0.907194 0.981446 0.000000 0 
1403280.000000 0.869800 1403280.000000 0.869800 0.989560 0.000000 0 
1560480.000000 0.832892 1560480.000000 0.832892 0.966102 0.000000 0 
1345680.000000 0.889239 1345680.000000 0.889239 0.989477 0.000000 0 
1373280.000000 0.878506 1373280.000000 0.878506 0.984421 0.000000 0 
1512480.000000 0.843429 1512480.000000 0.843429 0.973008 0.000000 0 
1681440.000000 0.817029 1681440.000000 0.817029 0.989069 0.000000 0 
1504080.000000 0.844898 1504080.000000 0.844898 0.970958 0.000000 0 
1410240.000000 0.866605 1410240.000000 0.866605 0.971346 0.000000 0 
1558800.000000 0.834980 1558800.000000 0.834980 0.967859 0.000000 0 
1302240.000000 0.910848 1302240.000000 0.910848 0.992689 0.000000 0 
1312080.000000 0.905403 1312080.000000 0.905403 0.983632 0.000000 0 
1454880.000000 0.854399 1454880.000000 0.854399 0.976068 0.000000 0 
1314480.000000 0.902702 1314480.000000 0.902702 0.980153 0.000000 0 
1386720.000000 0.872782 1386720.000000 0.872782 0.986697 0.000000 0 
1387680.000000 0.871250 1387680.000000 0.871250 0.989286 0.000000 0 
1405200.000000 0.867093 1405200.000000 0.867093 0.980394 0.000000 0 
1252080.000000 0.933971 1252080.000000 0.933971 0.984409 0.000000 0 
1583760.000000 0.829284 1583760.000000 0.829284 0.966537 0.000000 0 
1623600.000000 0.824669 1623600.000000 0.824669 0.969523 0.000000 0 
1258320.000000 0.928935 1258320.000000 0.928935 0.988933 0.000000 0 
1179120.000000 1.005452 1179120.000000 1.005452 0.992469 0.000000 0 
1231920.000000 0.953955 1231920.000000 0.953955 0.996187 0.000000 0 
1433040.000000 0.861783 1433040.000000 0.861783 0.973017 0.000000 0 
1434000.000000 0.861110 1434000.000000 0.861110 0.989481 0.000000 0 
1539120.000000 0.835945 1539120.000000 0.835945 0.989739 0.000000 0 
1224960.000000 0.955474 1224960.000000 0.955474 0.992090 0.000000 0 
1583760.000000 0.829284 1583760.000000 0.829284 0.966537 0.000000 0 
1308000.000000 0.906493 1308000.000000 0.906493 0.981259 0.000000 0 
1623600.000000 0.824669 1623600.000000 0.824669 0.969523 0.000000 0 
1507920.000000 0.843848 1507920.000000 0.843848 0.978365 0.000000 0 
#Generacion: 1500 
#Distancia: 183.322323 
1830480.000000 0.803082 1830480.000000 0.803082 0.976500 0.000000 0 
1097280.000000 1.141714 1097280.000000 1.141714 0.993351 0.000000 0 
1148160.000000 1.040647 1148160.000000 1.040647 0.993230 0.000000 0 
1139520.000000 1.095467 1139520.000000 1.095467 0.980256 0.000000 0 
1104000.000000 1.141292 1104000.000000 1.141292 0.993780 0.000000 0 
1115040.000000 1.099249 1115040.000000 1.099249 0.999316 0.000000 0 
1176240.000000 0.986988 1176240.000000 0.986988 0.985035 0.000000 0 
1172880.000000 1.004649 1172880.000000 1.004649 0.994716 0.000000 0 
1218480.000000 0.938776 1218480.000000 0.938776 0.990766 0.000000 0 
1152240.000000 1.039777 1152240.000000 1.039777 0.988854 0.000000 0 
1152480.000000 1.018063 1152480.000000 1.018063 0.993198 0.000000 0 
1759200.000000 0.808489 1759200.000000 0.808489 0.997557 0.000000 0 
1182240.000000 0.975520 1182240.000000 0.975520 0.988100 0.000000 0 
1233840.000000 0.934092 1233840.000000 0.934092 0.995921 0.000000 0 
1627920.000000 0.818468 1627920.000000 0.818468 0.963858 0.000000 0 
1210080.000000 0.949888 1210080.000000 0.949888 0.989276 0.000000 0 
1656720.000000 0.816175 1656720.000000 0.816175 0.997156 0.000000 0 
1316160.000000 0.894711 1316160.000000 0.894711 0.978596 0.000000 0 
1710480.000000 0.810127 1710480.000000 0.810127 0.962646 0.000000 0 
1115040.000000 1.099249 1115040.000000 1.099249 0.999316 0.000000 0 
1139520.000000 1.095467 1139520.000000 1.095467 0.980256 0.000000 0 
1169760.000000 1.012359 1169760.000000 1.012359 0.995632 0.000000 0 
1793760.000000 0.804847 1793760.000000 0.804847 0.979487 0.000000 0 
1735440.000000 0.809440 1735440.000000 0.809440 0.960161 0.000000 0 
1308720.000000 0.900022 1308720.000000 0.900022 0.978001 0.000000 0 
1684560.000000 0.811878 1684560.000000 0.811878 0.963637 0.000000 0 
1810320.000000 0.804554 1810320.000000 0.804554 0.962061 0.000000 0 
1429920.000000 0.857640 1429920.000000 0.857640 0.984629 0.000000 0 
1705680.000000 0.811022 1705680.000000 0.811022 0.966476 0.000000 0 
1574160.000000 0.828857 1574160.000000 0.828857 0.986742 0.000000 0 
1277760.000000 0.908954 1277760.000000 0.908954 0.981853 0.000000 0 
1470000.000000 0.845402 1470000.000000 0.845402 0.990355 0.000000 0 
1676160.000000 0.816093 1676160.000000 0.816093 0.993547 0.000000 0 
1506720.000000 0.838309 1506720.000000 0.838309 0.993211 0.000000 0 
1488480.000000 0.843753 1488480.000000 0.843753 0.978662 0.000000 0 
1416480.000000 0.864348 1416480.000000 0.864348 0.977300 0.000000 0 
1443600.000000 0.854617 1443600.000000 0.854617 0.977820 0.000000 0 
1421280.000000 0.858138 1421280.000000 0.858138 0.988458 0.000000 0 
1778640.000000 0.807524 1778640.000000 0.807524 0.970992 0.000000 0 
1299840.000000 0.901823 1299840.000000 0.901823 0.982735 0.000000 0 
1369680.000000 0.877794 1369680.000000 0.877794 0.995354 0.000000 0 
1246560.000000 0.933289 1246560.000000 0.933289 0.985745 0.000000 0 
1739280.000000 0.808612 1739280.000000 0.808612 0.967148 0.000000 0 
1382160.000000 0.875125 1382160.000000 0.875125 0.974992 0.000000 0 
1589040.000000 0.826392 1589040.000000 0.826392 0.971342 0.000000 0 
1265760.000000 0.919835 1265760.000000 0.919835 0.997119 0.000000 0 
1395600.000000 0.869906 1395600.000000 0.869906 0.985159 0.000000 0 
1253760.000000 0.927405 1253760.000000 0.927405 0.984317 0.000000 0 
1387680.000000 0.871250 1387680.000000 0.871250 0.989286 0.000000 0 
1161120.000000 1.014140 1161120.000000 1.014140 0.995836 0.000000 0 
1324080.000000 0.891778 1324080.000000 0.891778 0.993582 0.000000 0 
1194960.000000 0.970946 1194960.000000 0.970946 0.988644 0.000000 0 
1350240.000000 0.884787 1350240.000000 0.884787 0.990483 0.000000 0 
1198800.000000 0.963219 1198800.000000 0.963219 0.996603 0.000000 0 
1500240.000000 0.841766 1500240.000000 0.841766 0.980728 0.000000 0 
1531920.000000 0.835505 1531920.000000 0.835505 0.982591 0.000000 0 
1461600.000000 0.851252 1461600.000000 0.851252 0.977922 0.000000 0 
1287360.000000 0.906508 1287360.000000 0.906508 0.981924 0.000000 0 
1398240.000000 0.864588 1398240.000000 0.864588 0.985003 0.000000 0 
1535520.000000 0.834004 1535520.000000 0.834004 0.979481 0.000000 0 
1548480.000000 0.832561 1548480.000000 0.832561 0.981821 0.000000 0 
1290240.000000 0.904075 1290240.000000 0.904075 0.983595 0.000000 0 
1189440.000000 0.974335 1189440.000000 0.974335 0.999183 0.000000 0 
1273920.000000 0.913756 1273920.000000 0.913756 0.985911 0.000000 0 
1267200.000000 0.914174 1267200.000000 0.914174 0.985392 0.000000 0 
1590480.000000 0.824655 1590480.000000 0.824655 0.979608 0.000000 0 
1464240.000000 0.846013 1464240.000000 0.846013 0.990369 0.000000 0 
1783680.000000 0.807091 1783680.000000 0.807091 0.973644 0.000000 0 
1615680.000000 0.822073 1615680.000000 0.822073 0.978515 0.000000 0 
1205520.000000 0.959215 1205520.000000 0.959215 0.989119 0.000000 0 
1198320.000000 0.967096 1198320.000000 0.967096 0.993636 0.000000 0 
1569600.000000 0.830957 1569600.000000 0.830957 0.976973 0.000000 0 
1355280.000000 0.880638 1355280.000000 0.880638 0.979633 0.000000 0 
1337040.000000 0.888584 1337040.000000 0.888584 0.987640 0.000000 0 
1627440.000000 0.820731 1627440.000000 0.820731 0.980466 0.000000 0 
1251120.000000 0.929832 1251120.000000 0.929832 0.985971 0.000000 0 
1328880.000000 0.889206 1328880.000000 0.889206 0.988778 0.000000 0 
1656720.000000 0.816175 1656720.000000 0.816175 0.997156 0.000000 0 
1207680.000000 0.951703 1207680.000000 0.951703 0.992305 0.000000 0 
1406880.000000 0.864491 1406880.000000 0.864491 0.982387 0.000000 0 
1206720.000000 0.957351 1206720.000000 0.957351 0.992428 0.000000 0 
1372800.000000 0.876280 1372800.000000 0.876280 0.979167 0.000000 0 
1559040.000000 0.831369 1559040.000000 0.831369 0.994016 0.000000 0 
1677840.000000 0.812672 1677840.000000 0.812672 0.969657 0.000000 0 
1455120.000000 0.852532 1455120.000000 0.852532 0.977635 0.000000 0 
1156800.000000 1.017762 1156800.000000 1.017762 0.988379 0.000000 0 
1260240.000000 0.922578 1260240.000000 0.922578 0.976431 0.000000 0 
1520160.000000 0.837753 1520160.000000 0.837753 0.974570 0.000000 0 
1821840.000000 0.803761 1821840.000000 0.803761 0.967895 0.000000 0 
1602000.000000 0.822543 1602000.000000 0.822543 0.979443 0.000000 0 
1492320.000000 0.842595 1492320.000000 0.842595 0.992420 0.000000 0 
1450080.000000 0.853961 1450080.000000 0.853961 0.976300 0.000000 0 
1609920.000000 0.822285 1609920.000000 0.822285 0.970472 0.000000 0 
1520160.000000 0.837753 1520160.000000 0.837753 0.974570 0.000000 0 
1355280.000000 0.880638 1355280.000000 0.880638 0.979633 0.000000 0 
1553760.000000 0.831934 1553760.000000 0.831934 0.975092 0.000000 0 
1260240.000000 0.922578 1260240.000000 0.922578 0.976431 0.000000 0 
1341360.000000 0.885526 1341360.000000 0.885526 0.986466 0.000000 0 
1341360.000000 0.885526 1341360.000000 0.885526 0.986466 0.000000 0 
1823760.000000 0.803092 1823760.000000 0.803092 0.976441 0.000000 0 
#Generacion: 2000 
#Distancia: 210.681414 
1078800.000000 1.311383 1078800.000000 1.311383 0.998609 0.000000 0 
1855440.000000 0.800514 1855440.000000 0.800514 0.988085 0.000000 0 
1079520.000000 1.309470 1079520.000000 1.309470 0.998093 0.000000 0 
1084800.000000 1.191916 1084800.000000 1.191916 0.993211 0.000000 0 
1091280.000000 1.168985 1091280.000000 1.168985 0.990727 0.000000 0 
1111920.000000 1.053575 1111920.000000 1.053575 0.990431 0.000000 0 
1110720.000000 1.102440 1110720.000000 1.102440 0.980753 0.000000 0 
1097280.000000 1.132232 1097280.000000 1.132232 0.995745 0.000000 0 
1194960.000000 0.970946 1194960.000000 0.970946 0.988644 0.000000 0 
1420080.000000 0.856076 1420080.000000 0.856076 0.994127 0.000000 0 
1316160.000000 0.894711 1316160.000000 0.894711 0.978596 0.000000 0 
1763760.000000 0.805777 1763760.000000 0.805777 0.987489 0.000000 0 
1084800.000000 1.191916 1084800.000000 1.191916 0.993211 0.000000 0 
1785360.000000 0.805428 1785360.000000 0.805428 0.995710 0.000000 0 
1297200.000000 0.899722 1297200.000000 0.899722 0.983379 0.000000 0 
1684560.000000 0.811878 1684560.000000 0.811878 0.963637 0.000000 0 
1823760.000000 0.802319 1823760.000000 0.802319 0.996988 0.000000 0 
1847520.000000 0.801530 1847520.000000 0.801530 0.994161 0.000000 0 
1399920.000000 0.859400 1399920.000000 0.859400 0.993577 0.000000 0 
1802400.000000 0.804729 1802400.000000 0.804729 0.967785 0.000000 0 
1198080.000000 0.952243 1198080.000000 0.952243 0.991477 0.000000 0 
1521840.000000 0.834616 1521840.000000 0.834616 0.988853 0.000000 0 
1248960.000000 0.926418 1248960.000000 0.926418 0.995424 0.000000 0 
1747920.000000 0.808260 1747920.000000 0.808260 0.996028 0.000000 0 
1158480.000000 0.990553 1158480.000000 0.990553 0.988718 0.000000 0 
1483440.000000 0.841934 1483440.000000 0.841934 0.990311 0.000000 0 
1212720.000000 0.933843 1212720.000000 0.933843 0.987176 0.000000 0 
1722000.000000 0.809074 1722000.000000 0.809074 0.992854 0.000000 0 
1644720.000000 0.815833 1644720.000000 0.815833 0.969726 0.000000 0 
1234080.000000 0.928128 1234080.000000 0.928128 0.986024 0.000000 0 
1537440.000000 0.832329 1537440.000000 0.832329 0.989301 0.000000 0 
1666320.000000 0.814624 1666320.000000 0.814624 0.991503 0.000000 0 
1697040.000000 0.810176 1697040.000000 0.810176 0.962868 0.000000 0 
1326960.000000 0.882488 1326960.000000 0.882488 0.996069 0.000000 0 
1132800.000000 1.014294 1132800.000000 1.014294 0.991424 0.000000 0 
1124880.000000 1.027766 1124880.000000 1.027766 0.991692 0.000000 0 
1253280.000000 0.920665 1253280.000000 0.920665 0.991704 0.000000 0 
1277760.000000 0.908954 1277760.000000 0.908954 0.981853 0.000000 0 
1494000.000000 0.839576 1494000.000000 0.839576 0.990547 0.000000 0 
1340160.000000 0.881502 1340160.000000 0.881502 0.992471 0.000000 0 
1544880.000000 0.830677 1544880.000000 0.830677 0.993213 0.000000 0 
1737600.000000 0.808589 1737600.000000 0.808589 0.968672 0.000000 0 
1376880.000000 0.866855 1376880.000000 0.866855 0.996980 0.000000 0 
1263360.000000 0.911967 1263360.000000 0.911967 0.981363 0.000000 0 
1574640.000000 0.826131 1574640.000000 0.826131 0.993975 0.000000 0 
1710480.000000 0.810113 1710480.000000 0.810113 0.963496 0.000000 0 
1139280.000000 1.005856 1139280.000000 1.005856 0.992336 0.000000 0 
1431600.000000 0.851310 1431600.000000 0.851310 0.986951 0.000000 0 
1119120.000000 1.038677 1119120.000000 1.038677 0.992624 0.000000 0 
1560960.000000 0.829885 1560960.000000 0.829885 0.982694 0.000000 0 
1392960.000000 0.864642 1392960.000000 0.864642 0.987979 0.000000 0 
1117920.000000 1.051045 1117920.000000 1.051045 0.991578 0.000000 0 
1610880.000000 0.823343 1610880.000000 0.823343 0.972384 0.000000 0 
1450800.000000 0.851006 1450800.000000 0.851006 0.998480 0.000000 0 
1816320.000000 0.804591 1816320.000000 0.804591 0.999304 0.000000 0 
1472160.000000 0.844934 1472160.000000 0.844934 0.990028 0.000000 0 
1464000.000000 0.845598 1464000.000000 0.845598 0.996697 0.000000 0 
1587600.000000 0.824146 1587600.000000 0.824146 0.977907 0.000000 0 
1227360.000000 0.931412 1227360.000000 0.931412 0.986505 0.000000 0 
1182720.000000 0.971328 1182720.000000 0.971328 0.990659 0.000000 0 
1596240.000000 0.824095 1596240.000000 0.824095 0.977086 0.000000 0 
1290240.000000 0.904075 1290240.000000 0.904075 0.983595 0.000000 0 
1203840.000000 0.943880 1203840.000000 0.943880 0.992038 0.000000 0 
1618560.000000 0.821896 1618560.000000 0.821896 0.968747 0.000000 0 
1104000.000000 1.103150 1104000.000000 1.103150 0.980876 0.000000 0 
1364400.000000 0.871619 1364400.000000 0.871619 0.997930 0.000000 0 
1156560.000000 1.000537 1156560.000000 1.000537 0.998299 0.000000 0 
1660080.000000 0.814748 1660080.000000 0.814748 0.976250 0.000000 0 
1504560.000000 0.837492 1504560.000000 0.837492 0.994261 0.000000 0 
1255680.000000 0.912170 1255680.000000 0.912170 0.992393 0.000000 0 
1626960.000000 0.818058 1626960.000000 0.818058 0.986654 0.000000 0 
1124880.000000 1.027766 1124880.000000 1.027766 0.991692 0.000000 0 
1511520.000000 0.835756 1511520.000000 0.835756 0.998980 0.000000 0 
1452240.000000 0.848277 1452240.000000 0.848277 0.989709 0.000000 0 
1169520.000000 0.984060 1169520.000000 0.984060 0.993470 0.000000 0 
1632480.000000 0.815860 1632480.000000 0.815860 0.972921 0.000000 0 
1163520.000000 0.985260 1163520.000000 0.985260 0.996605 0.000000 0 
1174080.000000 0.978178 1174080.000000 0.978178 0.995138 0.000000 0 
1360560.000000 0.876647 1360560.000000 0.876647 0.998832 0.000000 0 
1118400.000000 1.040842 1118400.000000 1.040842 0.997462 0.000000 0 
1284480.000000 0.907388 1284480.000000 0.907388 0.982644 0.000000 0 
1373040.000000 0.869317 1373040.000000 0.869317 0.995450 0.000000 0 
1566720.000000 0.827955 1566720.000000 0.827955 0.985610 0.000000 0 
1132800.000000 1.014294 1132800.000000 1.014294 0.991424 0.000000 0 
1180800.000000 0.977825 1180800.000000 0.977825 0.995150 0.000000 0 
1102800.000000 1.112987 1102800.000000 1.112987 0.983903 0.000000 0 
1101360.000000 1.124498 1101360.000000 1.124498 0.990334 0.000000 0 
1146000.000000 1.005568 1146000.000000 1.005568 0.991579 0.000000 0 
1349280.000000 0.879155 1349280.000000 0.879155 0.988743 0.000000 0 
1198080.000000 0.952243 1198080.000000 0.952243 0.991477 0.000000 0 
1203840.000000 0.943880 1203840.000000 0.943880 0.992038 0.000000 0 
1217760.000000 0.933587 1217760.000000 0.933587 0.993283 0.000000 0 
1153680.000000 1.002900 1153680.000000 1.002900 0.991831 0.000000 0 
1102800.000000 1.112987 1102800.000000 1.112987 0.983903 0.000000 0 
1097280.000000 1.132232 1097280.000000 1.132232 0.995745 0.000000 0 
1101360.000000 1.124498 1101360.000000 1.124498 0.990334 0.000000 0 
1320240.000000 0.887115 1320240.000000 0.887115 0.996570 0.000000 0 
1351920.000000 0.876815 1351920.000000 0.876815 0.998067 0.000000 0 
1396080.000000 0.862422 1396080.000000 0.862422 0.993936 0.000000 0 
1320240.000000 0.887115 1320240.000000 0.887115 0.996570 0.000000 0 
#Generacion: 2500 
#Distancia: 233.270808 
1051440.000000 1.350273 1051440.000000 1.350273 0.998784 0.000000 0 
1924560.000000 0.797621 1924560.000000 0.797621 0.972561 0.000000 0 
1051440.000000 1.350273 1051440.000000 1.350273 0.998784 0.000000 0 
1075200.000000 1.193972 1075200.000000 1.193972 0.994512 0.000000 0 
1067520.000000 1.297415 1067520.000000 1.297415 0.988067 0.000000 0 
1078320.000000 1.178781 1078320.000000 1.178781 0.991810 0.000000 0 
1056720.000000 1.324837 1056720.000000 1.324837 0.991128 0.000000 0 
1097760.000000 1.114169 1097760.000000 1.114169 0.991128 0.000000 0 
1086240.000000 1.132201 1086240.000000 1.132201 0.992817 0.000000 0 
1101600.000000 1.065253 1101600.000000 1.065253 0.991170 0.000000 0 
1179360.000000 0.950390 1179360.000000 0.950390 0.981872 0.000000 0 
1067520.000000 1.297415 1067520.000000 1.297415 0.988067 0.000000 0 
1197360.000000 0.937119 1197360.000000 0.937119 0.978240 0.000000 0 
1864560.000000 0.799533 1864560.000000 0.799533 0.986732 0.000000 0 
1176480.000000 0.959401 1176480.000000 0.959401 0.999173 0.000000 0 
1374960.000000 0.867970 1374960.000000 0.867970 0.993937 0.000000 0 
1089120.000000 1.116362 1089120.000000 1.116362 0.991670 0.000000 0 
1359360.000000 0.873168 1359360.000000 0.873168 0.991050 0.000000 0 
1297200.000000 0.899722 1297200.000000 0.899722 0.983379 0.000000 0 
1847760.000000 0.801134 1847760.000000 0.801134 0.990653 0.000000 0 
1312800.000000 0.891684 1312800.000000 0.891684 0.994909 0.000000 0 
1158480.000000 0.990553 1158480.000000 0.990553 0.988718 0.000000 0 
1807440.000000 0.802871 1807440.000000 0.802871 0.994271 0.000000 0 
1722000.000000 0.809074 1722000.000000 0.809074 0.992854 0.000000 0 
1175520.000000 0.976388 1175520.000000 0.976388 0.999804 0.000000 0 
1132800.000000 1.014294 1132800.000000 1.014294 0.991424 0.000000 0 
1452240.000000 0.847968 1452240.000000 0.847968 0.990230 0.000000 0 
1763760.000000 0.805777 1763760.000000 0.805777 0.987489 0.000000 0 
1830480.000000 0.801292 1830480.000000 0.801292 0.973217 0.000000 0 
1162320.000000 0.981523 1162320.000000 0.981523 0.997182 0.000000 0 
1139280.000000 1.005856 1139280.000000 1.005856 0.992336 0.000000 0 
1122960.000000 1.035938 1122960.000000 1.035938 0.993745 0.000000 0 
1892880.000000 0.799520 1892880.000000 0.799520 0.968610 0.000000 0 
1347120.000000 0.875069 1347120.000000 0.875069 0.991710 0.000000 0 
1261680.000000 0.909284 1261680.000000 0.909284 0.997358 0.000000 0 
1340160.000000 0.881258 1340160.000000 0.881258 0.992913 0.000000 0 
1438320.000000 0.850652 1438320.000000 0.850652 0.990339 0.000000 0 
1911360.000000 0.799017 1911360.000000 0.799017 0.990616 0.000000 0 
1574640.000000 0.826131 1574640.000000 0.826131 0.993975 0.000000 0 
1156560.000000 1.000537 1156560.000000 1.000537 0.998299 0.000000 0 
1511520.000000 0.835756 1511520.000000 0.835756 0.998980 0.000000 0 
1587600.000000 0.824146 1587600.000000 0.824146 0.977907 0.000000 0 
1123200.000000 1.024769 1123200.000000 1.024769 0.987577 0.000000 0 
1387440.000000 0.864448 1387440.000000 0.864448 0.994159 0.000000 0 
1784640.000000 0.804915 1784640.000000 0.804915 0.988665 0.000000 0 
1464000.000000 0.845579 1464000.000000 0.845579 0.997232 0.000000 0 
1412160.000000 0.857001 1412160.000000 0.857001 0.992252 0.000000 0 
1101600.000000 1.065253 1101600.000000 1.065253 0.991170 0.000000 0 
1694880.000000 0.809986 1694880.000000 0.809986 0.964687 0.000000 0 
1254480.000000 0.915792 1254480.000000 0.915792 0.995363 0.000000 0 
1086240.000000 1.132201 1086240.000000 1.132201 0.992817 0.000000 0 
1501680.000000 0.839627 1501680.000000 0.839627 0.986639 0.000000 0 
1544880.000000 0.830677 1544880.000000 0.830677 0.993213 0.000000 0 
1660320.000000 0.813675 1660320.000000 0.813675 0.975221 0.000000 0 
1278000.000000 0.904315 1278000.000000 0.904315 0.999075 0.000000 0 
1533360.000000 0.834018 1533360.000000 0.834018 0.996587 0.000000 0 
1226160.000000 0.927606 1226160.000000 0.927606 0.984831 0.000000 0 
1289520.000000 0.900617 1289520.000000 0.900617 0.984380 0.000000 0 
1741200.000000 0.807736 1741200.000000 0.807736 0.962629 0.000000 0 
1131360.000000 1.022314 1131360.000000 1.022314 0.992866 0.000000 0 
1564320.000000 0.828633 1564320.000000 0.828633 0.989019 0.000000 0 
1614480.000000 0.819674 1614480.000000 0.819674 0.986324 0.000000 0 
1147920.000000 1.003050 1147920.000000 1.003050 0.997858 0.000000 0 
1751520.000000 0.807614 1751520.000000 0.807614 0.969715 0.000000 0 
1815840.000000 0.802124 1815840.000000 0.802124 0.991603 0.000000 0 
1474560.000000 0.843300 1474560.000000 0.843300 0.996939 0.000000 0 
1677360.000000 0.810934 1677360.000000 0.810934 0.970879 0.000000 0 
1399920.000000 0.859400 1399920.000000 0.859400 0.993577 0.000000 0 
1523280.000000 0.834125 1523280.000000 0.834125 0.996878 0.000000 0 
1274880.000000 0.908499 1274880.000000 0.908499 0.992789 0.000000 0 
1623120.000000 0.817200 1623120.000000 0.817200 0.976770 0.000000 0 
1248000.000000 0.918339 1248000.000000 0.918339 0.982560 0.000000 0 
1317120.000000 0.889206 1317120.000000 0.889206 0.994580 0.000000 0 
1107840.000000 1.040773 1107840.000000 1.040773 0.989767 0.000000 0 
1632480.000000 0.815860 1632480.000000 0.815860 0.972921 0.000000 0 
1421280.000000 0.854424 1421280.000000 0.854424 0.989063 0.000000 0 
1107600.000000 1.050659 1107600.000000 1.050659 0.993166 0.000000 0 
1218720.000000 0.929914 1218720.000000 0.929914 0.990503 0.000000 0 
1232400.000000 0.921501 1232400.000000 0.921501 0.987074 0.000000 0 
1429200.000000 0.852766 1429200.000000 0.852766 0.989592 0.000000 0 
1112400.000000 1.038654 1112400.000000 1.038654 0.993768 0.000000 0 
1555440.000000 0.830421 1555440.000000 0.830421 0.992665 0.000000 0 
1781280.000000 0.805138 1781280.000000 0.805138 0.987961 0.000000 0 
1492080.000000 0.841112 1492080.000000 0.841112 0.995253 0.000000 0 
1107600.000000 1.050659 1107600.000000 1.050659 0.993166 0.000000 0 
1675680.000000 0.813673 1675680.000000 0.813673 0.975304 0.000000 0 
1725840.000000 0.808027 1725840.000000 0.808027 0.962003 0.000000 0 
1170480.000000 0.977077 1170480.000000 0.977077 0.987010 0.000000 0 
1483440.000000 0.841934 1483440.000000 0.841934 0.990311 0.000000 0 
1206000.000000 0.934535 1206000.000000 0.934535 0.979579 0.000000 0 
1596960.000000 0.821151 1596960.000000 0.821151 0.988267 0.000000 0 
1238400.000000 0.920792 1238400.000000 0.920792 0.999126 0.000000 0 
1395120.000000 0.861875 1395120.000000 0.861875 0.995161 0.000000 0 
1323120.000000 0.883159 1323120.000000 0.883159 0.986500 0.000000 0 
1326960.000000 0.882488 1326960.000000 0.882488 0.996069 0.000000 0 
1211280.000000 0.932768 1211280.000000 0.932768 0.992243 0.000000 0 
1602000.000000 0.820148 1602000.000000 0.820148 0.993335 0.000000 0 
1644720.000000 0.815833 1644720.000000 0.815833 0.969726 0.000000 0 
1896480.000000 0.799193 1896480.000000 0.799193 0.964860 0.000000 0 
1694880.000000 0.809986 1694880.000000 0.809986 0.964687 0.000000 0 
#Generacion: 3000 
#Distancia: 259.917273 
1987440.000000 0.796076 1987440.000000 0.796076 0.995415 0.000000 0 
1039440.000000 1.406922 1039440.000000 1.406922 0.998628 0.000000 0 
1067520.000000 1.287042 1067520.000000 1.287042 0.997084 0.000000 0 
1068720.000000 1.207397 1068720.000000 1.207397 0.995002 0.000000 0 
1094160.000000 1.115275 1094160.000000 1.115275 0.983081 0.000000 0 
1094880.000000 1.065100 1094880.000000 1.065100 0.990585 0.000000 0 
1040400.000000 1.406903 1040400.000000 1.406903 0.998601 0.000000 0 
1042320.000000 1.352767 1042320.000000 1.352767 0.997825 0.000000 0 
1045440.000000 1.336215 1045440.000000 1.336215 0.994499 0.000000 0 
1086240.000000 1.132201 1086240.000000 1.132201 0.992817 0.000000 0 
1084560.000000 1.161934 1084560.000000 1.161934 0.996956 0.000000 0 
1051920.000000 1.314795 1051920.000000 1.314795 0.996270 0.000000 0 
1959600.000000 0.796437 1959600.000000 0.796437 0.991518 0.000000 0 
1075680.000000 1.164010 1075680.000000 1.164010 0.992332 0.000000 0 
1911840.000000 0.797133 1911840.000000 0.797133 0.992852 0.000000 0 
1106880.000000 1.040561 1106880.000000 1.040561 0.988923 0.000000 0 
1326960.000000 0.882238 1326960.000000 0.882238 0.996492 0.000000 0 
1104720.000000 1.062285 1104720.000000 1.062285 0.990930 0.000000 0 
1795680.000000 0.801857 1795680.000000 0.801857 0.993009 0.000000 0 
1060560.000000 1.308381 1060560.000000 1.308381 0.990953 0.000000 0 
1347120.000000 0.875069 1347120.000000 0.875069 0.991710 0.000000 0 
1074960.000000 1.192502 1074960.000000 1.192502 0.993759 0.000000 0 
1197360.000000 0.937119 1197360.000000 0.937119 0.978240 0.000000 0 
1169040.000000 0.974711 1169040.000000 0.974711 0.979449 0.000000 0 
1132800.000000 1.014294 1132800.000000 1.014294 0.991424 0.000000 0 
1541040.000000 0.827722 1541040.000000 0.827722 0.988294 0.000000 0 
1647120.000000 0.815025 1647120.000000 0.815025 0.973433 0.000000 0 
1117200.000000 1.018927 1117200.000000 1.018927 0.993007 0.000000 0 
1530720.000000 0.833440 1530720.000000 0.833440 0.981826 0.000000 0 
1061760.000000 1.290326 1061760.000000 1.290326 0.996095 0.000000 0 
1432560.000000 0.848813 1432560.000000 0.848813 0.995183 0.000000 0 
1143840.000000 0.996096 1143840.000000 0.996096 0.982433 0.000000 0 
1139280.000000 1.005743 1139280.000000 1.005743 0.992262 0.000000 0 
1509600.000000 0.834179 1509600.000000 0.834179 0.991644 0.000000 0 
1180560.000000 0.945639 1180560.000000 0.945639 0.973814 0.000000 0 
1828320.000000 0.800805 1828320.000000 0.800805 0.993118 0.000000 0 
1161360.000000 0.981407 1161360.000000 0.981407 0.996382 0.000000 0 
1209840.000000 0.926806 1209840.000000 0.926806 0.979842 0.000000 0 
1379760.000000 0.867341 1379760.000000 0.867341 0.992442 0.000000 0 
1888800.000000 0.797610 1888800.000000 0.797610 0.995275 0.000000 0 
1501680.000000 0.839627 1501680.000000 0.839627 0.986639 0.000000 0 
1664880.000000 0.812638 1664880.000000 0.812638 0.971773 0.000000 0 
1847280.000000 0.799695 1847280.000000 0.799695 0.988173 0.000000 0 
1451280.000000 0.848057 1451280.000000 0.848057 0.989740 0.000000 0 
1087680.000000 1.123202 1087680.000000 1.123202 0.996582 0.000000 0 
1677360.000000 0.810934 1677360.000000 0.810934 0.970879 0.000000 0 
1708080.000000 0.808923 1708080.000000 0.808923 0.983566 0.000000 0 
1694880.000000 0.809986 1694880.000000 0.809986 0.964687 0.000000 0 
1247760.000000 0.915786 1247760.000000 0.915786 0.990176 0.000000 0 
1229040.000000 0.923305 1229040.000000 0.923305 0.977311 0.000000 0 
1421280.000000 0.854424 1421280.000000 0.854424 0.989063 0.000000 0 
1628640.000000 0.816490 1628640.000000 0.816490 0.990170 0.000000 0 
1392240.000000 0.862175 1392240.000000 0.862175 0.995820 0.000000 0 
1173600.000000 0.961511 1173600.000000 0.961511 0.999314 0.000000 0 
1282800.000000 0.895892 1282800.000000 0.895892 0.999249 0.000000 0 
1482240.000000 0.840217 1482240.000000 0.840217 0.994914 0.000000 0 
1463760.000000 0.845890 1463760.000000 0.845890 0.998051 0.000000 0 
1745040.000000 0.806679 1745040.000000 0.806679 0.971216 0.000000 0 
1232880.000000 0.920192 1232880.000000 0.920192 0.982999 0.000000 0 
1412160.000000 0.857001 1412160.000000 0.857001 0.992252 0.000000 0 
1322160.000000 0.891735 1322160.000000 0.891735 0.991723 0.000000 0 
1370880.000000 0.872700 1370880.000000 0.872700 0.991113 0.000000 0 
1761600.000000 0.805766 1761600.000000 0.805766 0.992216 0.000000 0 
1042320.000000 1.352767 1042320.000000 1.352767 0.997825 0.000000 0 
1783200.000000 0.803443 1783200.000000 0.803443 0.992505 0.000000 0 
1207440.000000 0.933732 1207440.000000 0.933732 0.984282 0.000000 0 
1968240.000000 0.796150 1968240.000000 0.796150 0.991034 0.000000 0 
1110720.000000 1.027146 1110720.000000 1.027146 0.992175 0.000000 0 
1072800.000000 1.205097 1072800.000000 1.205097 0.997444 0.000000 0 
1398960.000000 0.859291 1398960.000000 0.859291 0.987196 0.000000 0 
1579440.000000 0.824228 1579440.000000 0.824228 0.986615 0.000000 0 
1725840.000000 0.808027 1725840.000000 0.808027 0.962003 0.000000 0 
1605600.000000 0.819227 1605600.000000 0.819227 0.988043 0.000000 0 
1301040.000000 0.894276 1301040.000000 0.894276 0.994986 0.000000 0 
1359360.000000 0.873168 1359360.000000 0.873168 0.991050 0.000000 0 
1620240.000000 0.818420 1620240.000000 0.818420 0.981691 0.000000 0 
1596960.000000 0.821151 1596960.000000 0.821151 0.988267 0.000000 0 
1179360.000000 0.950390 1179360.000000 0.950390 0.981872 0.000000 0 
1770720.000000 0.804305 1770720.000000 0.804305 0.990689 0.000000 0 
1869600.000000 0.798854 1869600.000000 0.798854 0.970869 0.000000 0 
1109520.000000 1.032169 1109520.000000 1.032169 0.988980 0.000000 0 
1560240.000000 0.825119 1560240.000000 0.825119 0.984015 0.000000 0 
1904160.000000 0.797381 1904160.000000 0.797381 0.992579 0.000000 0 
1866720.000000 0.799441 1866720.000000 0.799441 0.972781 0.000000 0 
1176480.000000 0.959401 1176480.000000 0.959401 0.999173 0.000000 0 
1257360.000000 0.914253 1257360.000000 0.914253 0.990117 0.000000 0 
1587600.000000 0.824146 1587600.000000 0.824146 0.977907 0.000000 0 
1266720.000000 0.906297 1266720.000000 0.906297 0.995877 0.000000 0 
1273200.000000 0.903126 1273200.000000 0.903126 0.992117 0.000000 0 
1074720.000000 1.193073 1074720.000000 1.193073 0.992265 0.000000 0 
1258800.000000 0.908194 1258800.000000 0.908194 0.988872 0.000000 0 
1734480.000000 0.807997 1734480.000000 0.807997 0.967531 0.000000 0 
1282080.000000 0.902150 1282080.000000 0.902150 0.995407 0.000000 0 
1831920.000000 0.800406 1831920.000000 0.800406 0.963689 0.000000 0 
1561200.000000 0.825081 1561200.000000 0.825081 0.989018 0.000000 0 
1156320.000000 0.991095 1156320.000000 0.991095 0.988712 0.000000 0 
1156320.000000 0.991095 1156320.000000 0.991095 0.988712 0.000000 0 
1312560.000000 0.892006 1312560.000000 0.892006 0.983071 0.000000 0 
1474560.000000 0.843300 1474560.000000 0.843300 0.996939 0.000000 0 
1307760.000000 0.894276 1307760.000000 0.894276 0.991968 0.000000 0 
#Generacion: 3500 
#Distancia: 278.801313 
1038960.000000 1.429310 1038960.000000 1.429310 0.990473 0.000000 0 
2003760.000000 0.794646 2003760.000000 0.794646 0.988809 0.000000 0 
1038960.000000 1.429310 1038960.000000 1.429310 0.990473 0.000000 0 
1040640.000000 1.353884 1040640.000000 1.353884 0.998359 0.000000 0 
1041120.000000 1.212512 1041120.000000 1.212512 0.997065 0.000000 0 
1040400.000000 1.406903 1040400.000000 1.406903 0.998601 0.000000 0 
1067280.000000 1.127478 1067280.000000 1.127478 0.991641 0.000000 0 
1049040.000000 1.177346 1049040.000000 1.177346 0.987614 0.000000 0 
1057200.000000 1.135858 1057200.000000 1.135858 0.997467 0.000000 0 
1892640.000000 0.797045 1892640.000000 0.797045 0.993232 0.000000 0 
1073040.000000 1.095923 1073040.000000 1.095923 0.992159 0.000000 0 
1075680.000000 1.081292 1075680.000000 1.081292 0.993898 0.000000 0 
1082160.000000 1.052853 1082160.000000 1.052853 0.991197 0.000000 0 
1827120.000000 0.799623 1827120.000000 0.799623 0.993207 0.000000 0 
1120800.000000 0.997150 1120800.000000 0.997150 0.997497 0.000000 0 
1136640.000000 0.986605 1136640.000000 0.986605 0.981506 0.000000 0 
1172160.000000 0.952907 1172160.000000 0.952907 0.995054 0.000000 0 
1541040.000000 0.827722 1541040.000000 0.827722 0.988294 0.000000 0 
1283760.000000 0.891870 1283760.000000 0.891870 0.997259 0.000000 0 
1860000.000000 0.799351 1860000.000000 0.799351 0.994307 0.000000 0 
1748640.000000 0.805191 1748640.000000 0.805191 0.981571 0.000000 0 
1114320.000000 1.018037 1114320.000000 1.018037 0.998146 0.000000 0 
1560240.000000 0.825119 1560240.000000 0.825119 0.984015 0.000000 0 
1119360.000000 1.005970 1119360.000000 1.005970 0.993263 0.000000 0 
1528560.000000 0.832400 1528560.000000 0.832400 0.985860 0.000000 0 
1370400.000000 0.870517 1370400.000000 0.870517 0.997428 0.000000 0 
1865520.000000 0.797480 1865520.000000 0.797480 0.993396 0.000000 0 
1795680.000000 0.801857 1795680.000000 0.801857 0.993009 0.000000 0 
1163040.000000 0.962308 1163040.000000 0.962308 0.989680 0.000000 0 
1635360.000000 0.816342 1635360.000000 0.816342 0.977180 0.000000 0 
1039440.000000 1.406922 1039440.000000 1.406922 0.998628 0.000000 0 
1736160.000000 0.806811 1736160.000000 0.806811 0.982453 0.000000 0 
1648560.000000 0.813553 1648560.000000 0.813553 0.965392 0.000000 0 
1097520.000000 1.041641 1097520.000000 1.041641 0.990090 0.000000 0 
1326960.000000 0.882238 1326960.000000 0.882238 0.996492 0.000000 0 
1512240.000000 0.833578 1512240.000000 0.833578 0.985807 0.000000 0 
1805040.000000 0.801001 1805040.000000 0.801001 0.993496 0.000000 0 
1414080.000000 0.852965 1414080.000000 0.852965 0.983453 0.000000 0 
1620240.000000 0.818420 1620240.000000 0.818420 0.981691 0.000000 0 
1677360.000000 0.810934 1677360.000000 0.810934 0.970879 0.000000 0 
1353840.000000 0.873047 1353840.000000 0.873047 0.995098 0.000000 0 
1377840.000000 0.864266 1377840.000000 0.864266 0.986537 0.000000 0 
1694880.000000 0.809986 1694880.000000 0.809986 0.964687 0.000000 0 
1207440.000000 0.933732 1207440.000000 0.933732 0.984282 0.000000 0 
1432560.000000 0.848813 1432560.000000 0.848813 0.995183 0.000000 0 
1983600.000000 0.795038 1983600.000000 0.795038 0.973727 0.000000 0 
1664880.000000 0.812638 1664880.000000 0.812638 0.971773 0.000000 0 
1197360.000000 0.937119 1197360.000000 0.937119 0.978240 0.000000 0 
1214880.000000 0.926439 1214880.000000 0.926439 0.982564 0.000000 0 
1088160.000000 1.050421 1088160.000000 1.050421 0.986164 0.000000 0 
1596960.000000 0.821151 1596960.000000 0.821151 0.988267 0.000000 0 
1180560.000000 0.945639 1180560.000000 0.945639 0.973814 0.000000 0 
1048560.000000 1.179014 1048560.000000 1.179014 0.985783 0.000000 0 
1278000.000000 0.902850 1278000.000000 0.902850 0.985885 0.000000 0 
1716720.000000 0.807504 1716720.000000 0.807504 0.987322 0.000000 0 
1500960.000000 0.837187 1500960.000000 0.837187 0.986716 0.000000 0 
1481760.000000 0.841211 1481760.000000 0.841211 0.991460 0.000000 0 
1317360.000000 0.886815 1317360.000000 0.886815 0.995238 0.000000 0 
1192080.000000 0.945055 1192080.000000 0.945055 0.980994 0.000000 0 
1257360.000000 0.914253 1257360.000000 0.914253 0.990117 0.000000 0 
1041120.000000 1.212512 1041120.000000 1.212512 0.997065 0.000000 0 
1046400.000000 1.196494 1046400.000000 1.196494 0.997179 0.000000 0 
1261680.000000 0.906342 1261680.000000 0.906342 0.999473 0.000000 0 
1046400.000000 1.196494 1046400.000000 1.196494 0.997179 0.000000 0 
1391280.000000 0.862009 1391280.000000 0.862009 0.996037 0.000000 0 
1152240.000000 0.970092 1152240.000000 0.970092 0.983716 0.000000 0 
1446240.000000 0.843598 1446240.000000 0.843598 0.991502 0.000000 0 
1302000.000000 0.890876 1302000.000000 0.890876 0.997150 0.000000 0 
1605600.000000 0.819227 1605600.000000 0.819227 0.988043 0.000000 0 
1338480.000000 0.877727 1338480.000000 0.877727 0.994322 0.000000 0 
1398960.000000 0.859291 1398960.000000 0.859291 0.987196 0.000000 0 
1772640.000000 0.803439 1772640.000000 0.803439 0.990744 0.000000 0 
1579680.000000 0.823142 1579680.000000 0.823142 0.982795 0.000000 0 
1147920.000000 0.979304 1147920.000000 0.979304 0.978082 0.000000 0 
1101120.000000 1.035896 1101120.000000 1.035896 0.994776 0.000000 0 
1247040.000000 0.916257 1247040.000000 0.916257 0.984405 0.000000 0 
1110720.000000 1.027146 1110720.000000 1.027146 0.992175 0.000000 0 
1221600.000000 0.921700 1221600.000000 0.921700 0.979680 0.000000 0 
1708080.000000 0.808923 1708080.000000 0.808923 0.983566 0.000000 0 
1772640.000000 0.803439 1772640.000000 0.803439 0.990744 0.000000 0 
1490400.000000 0.839132 1490400.000000 0.839132 0.986760 0.000000 0 
1073760.000000 1.086948 1073760.000000 1.086948 0.991377 0.000000 0 
1411200.000000 0.857291 1411200.000000 0.857291 0.994290 0.000000 0 
1465440.000000 0.842553 1465440.000000 0.842553 0.993120 0.000000 0 
1109520.000000 1.032169 1109520.000000 1.032169 0.988980 0.000000 0 
1058160.000000 1.135205 1058160.000000 1.135205 0.998392 0.000000 0 
1158720.000000 0.967599 1158720.000000 0.967599 0.981625 0.000000 0 
1346160.000000 0.876938 1346160.000000 0.876938 0.996297 0.000000 0 
1573680.000000 0.823367 1573680.000000 0.823367 0.982847 0.000000 0 
1146240.000000 0.983550 1146240.000000 0.983550 0.980422 0.000000 0 
1237680.000000 0.918627 1237680.000000 0.918627 0.979637 0.000000 0 
1273200.000000 0.905557 1273200.000000 0.905557 0.999337 0.000000 0 
1441200.000000 0.848603 1441200.000000 0.848603 0.995427 0.000000 0 
1308480.000000 0.889818 1308480.000000 0.889818 0.994004 0.000000 0 
1459920.000000 0.842585 1459920.000000 0.842585 0.993523 0.000000 0 
1233120.000000 0.921367 1233120.000000 0.921367 0.983641 0.000000 0 
1918560.000000 0.795771 1918560.000000 0.795771 0.988120 0.000000 0 
1907040.000000 0.796725 1907040.000000 0.796725 0.991110 0.000000 0 
1504800.000000 0.836117 1504800.000000 0.836117 0.992568 0.000000 0 
1934880.000000 0.796825 1934880.000000 0.796825 0.991088 0.000000 1 
#Generacion: 4000 
#Distancia: 280.744949 
1011840.000000 1.239120 1011840.000000 1.239120 0.991299 0.000000 0 
1938480.000000 0.793916 1938480.000000 0.793916 0.989010 0.000000 0 
1011840.000000 1.239120 1011840.000000 1.239120 0.991299 0.000000 0 
1039920.000000 1.180454 1039920.000000 1.180454 0.985431 0.000000 0 
1050720.000000 1.086486 1050720.000000 1.086486 0.992322 0.000000 0 
1049280.000000 1.136206 1049280.000000 1.136206 0.988134 0.000000 0 
1028400.000000 1.200838 1028400.000000 1.200838 0.992488 0.000000 0 
1040880.000000 1.150017 1040880.000000 1.150017 0.992257 0.000000 0 
1163040.000000 0.962308 1163040.000000 0.962308 0.989680 0.000000 0 
1120800.000000 0.997150 1120800.000000 0.997150 0.997497 0.000000 0 
1087440.000000 1.039305 1087440.000000 1.039305 0.992565 0.000000 0 
1018320.000000 1.237084 1018320.000000 1.237084 0.989831 0.000000 0 
1257120.000000 0.898716 1257120.000000 0.898716 0.988846 0.000000 0 
1057920.000000 1.069476 1057920.000000 1.069476 0.991901 0.000000 0 
1497120.000000 0.835281 1497120.000000 0.835281 0.983350 0.000000 0 
1109040.000000 1.012972 1109040.000000 1.012972 0.981647 0.000000 0 
1185600.000000 0.940491 1185600.000000 0.940491 0.987110 0.000000 0 
1096800.000000 1.031375 1096800.000000 1.031375 0.986964 0.000000 0 
1119360.000000 1.005970 1119360.000000 1.005970 0.993263 0.000000 0 
1123440.000000 0.980761 1123440.000000 0.980761 0.986101 0.000000 0 
1023360.000000 1.203809 1023360.000000 1.203809 0.995235 0.000000 0 
1237680.000000 0.918627 1237680.000000 0.918627 0.979637 0.000000 0 
1240800.000000 0.908349 1240800.000000 0.908349 0.978984 0.000000 0 
1069680.000000 1.059257 1069680.000000 1.059257 0.982735 0.000000 0 
1923120.000000 0.794557 1923120.000000 0.794557 0.985290 0.000000 0 
1020480.000000 1.218025 1020480.000000 1.218025 0.992544 0.000000 0 
1778400.000000 0.803139 1778400.000000 0.803139 0.980031 0.000000 0 
1165200.000000 0.947104 1165200.000000 0.947104 0.980816 0.000000 0 
1898160.000000 0.795055 1898160.000000 0.795055 0.988587 0.000000 0 
1085040.000000 1.051327 1085040.000000 1.051327 0.997375 0.000000 0 
1207440.000000 0.933732 1207440.000000 0.933732 0.984282 0.000000 0 
1418160.000000 0.851767 1418160.000000 0.851767 0.998690 0.000000 0 
1822080.000000 0.799383 1822080.000000 0.799383 0.992759 0.000000 0 
1223520.000000 0.924454 1223520.000000 0.924454 0.980793 0.000000 0 
1411440.000000 0.857704 1411440.000000 0.857704 0.996781 0.000000 0 
1477200.000000 0.837442 1477200.000000 0.837442 0.993393 0.000000 0 
1609440.000000 0.817739 1609440.000000 0.817739 0.988954 0.000000 0 
1394160.000000 0.858971 1394160.000000 0.858971 0.993557 0.000000 0 
1721760.000000 0.807274 1721760.000000 0.807274 0.988570 0.000000 0 
1386480.000000 0.863962 1386480.000000 0.863962 0.987505 0.000000 0 
1357920.000000 0.867948 1357920.000000 0.867948 0.990916 0.000000 0 
1049280.000000 1.136206 1049280.000000 1.136206 0.988134 0.000000 0 
1040880.000000 1.150017 1040880.000000 1.150017 0.992257 0.000000 0 
1352160.000000 0.874599 1352160.000000 0.874599 0.989299 0.000000 0 
1373280.000000 0.866869 1373280.000000 0.866869 0.984429 0.000000 0 
1050720.000000 1.086486 1050720.000000 1.086486 0.992322 0.000000 0 
1513440.000000 0.832575 1513440.000000 0.832575 0.999297 0.000000 0 
1197360.000000 0.937119 1197360.000000 0.937119 0.978240 0.000000 0 
1214880.000000 0.926439 1214880.000000 0.926439 0.982564 0.000000 0 
1314480.000000 0.886688 1314480.000000 0.886688 0.989487 0.000000 0 
1565280.000000 0.823511 1565280.000000 0.823511 0.984119 0.000000 0 
1583520.000000 0.822002 1583520.000000 0.822002 0.983529 0.000000 0 
1168800.000000 0.945314 1168800.000000 0.945314 0.982642 0.000000 0 
1841520.000000 0.798607 1841520.000000 0.798607 0.991712 0.000000 0 
1761120.000000 0.804706 1761120.000000 0.804706 0.975310 0.000000 0 
1653600.000000 0.812620 1653600.000000 0.812620 0.984005 0.000000 0 
1557840.000000 0.826308 1557840.000000 0.826308 0.992381 0.000000 0 
1676400.000000 0.811915 1676400.000000 0.811915 0.975369 0.000000 0 
1061280.000000 1.067039 1061280.000000 1.067039 0.987098 0.000000 0 
1340640.000000 0.877384 1340640.000000 0.877384 0.994611 0.000000 0 
1797360.000000 0.802248 1797360.000000 0.802248 0.988725 0.000000 0 
1706400.000000 0.808727 1706400.000000 0.808727 0.986391 0.000000 0 
1020480.000000 1.218025 1020480.000000 1.218025 0.992544 0.000000 0 
1071840.000000 1.051487 1071840.000000 1.051487 0.986592 0.000000 0 
1471200.000000 0.841443 1471200.000000 0.841443 0.999926 0.000000 0 
1738080.000000 0.805828 1738080.000000 0.805828 0.988083 0.000000 0 
1101840.000000 1.019539 1101840.000000 1.019539 0.994418 0.000000 0 
1804320.000000 0.799750 1804320.000000 0.799750 0.994892 0.000000 0 
1542480.000000 0.828559 1542480.000000 0.828559 0.985207 0.000000 0 
1432560.000000 0.848813 1432560.000000 0.848813 0.995183 0.000000 0 
1301280.000000 0.889419 1301280.000000 0.889419 0.985512 0.000000 0 
1324080.000000 0.883397 1324080.000000 0.883397 0.991111 0.000000 0 
1098000.000000 1.022572 1098000.000000 1.022572 0.992721 0.000000 0 
1268640.000000 0.897008 1268640.000000 0.897008 0.984074 0.000000 0 
1457760.000000 0.843338 1457760.000000 0.843338 0.991610 0.000000 0 
1635360.000000 0.816342 1635360.000000 0.816342 0.977180 0.000000 0 
1330800.000000 0.880200 1330800.000000 0.880200 0.997484 0.000000 0 
1624800.000000 0.817255 1624800.000000 0.817255 0.989665 0.000000 0 
1885920.000000 0.796365 1885920.000000 0.796365 0.994281 0.000000 0 
1141440.000000 0.972682 1141440.000000 0.972682 0.983749 0.000000 0 
1694880.000000 0.809986 1694880.000000 0.809986 0.964687 0.000000 0 
1132800.000000 0.972814 1132800.000000 0.972814 0.984703 0.000000 0 
1446240.000000 0.843598 1446240.000000 0.843598 0.991502 0.000000 0 
1525200.000000 0.831269 1525200.000000 0.831269 0.981578 0.000000 0 
1854240.000000 0.798456 1854240.000000 0.798456 0.981083 0.000000 0 
1650720.000000 0.815647 1650720.000000 0.815647 0.995207 0.000000 0 
1129920.000000 0.980279 1129920.000000 0.980279 0.985801 0.000000 0 
1280160.000000 0.895557 1280160.000000 0.895557 0.993870 0.000000 0 
1748640.000000 0.805191 1748640.000000 0.805191 0.981571 0.000000 0 
1440240.000000 0.848021 1440240.000000 0.848021 0.988574 0.000000 0 
1239840.000000 0.911334 1239840.000000 0.911334 0.987223 0.000000 0 
1144560.000000 0.965145 1144560.000000 0.965145 0.991112 0.000000 0 
1283760.000000 0.891870 1283760.000000 0.891870 0.997259 0.000000 0 
1534560.000000 0.829724 1534560.000000 0.829724 0.984397 0.000000 0 
1290720.000000 0.889607 1290720.000000 0.889607 0.992042 0.000000 0 
1684320.000000 0.811394 1684320.000000 0.811394 0.968387 0.000000 0 
1864560.000000 0.796790 1864560.000000 0.796790 0.994463 0.000000 0 
1872240.000000 0.796372 1872240.000000 0.796372 0.995093 0.000000 0 
1595040.000000 0.821386 1595040.000000 0.821386 0.982368 0.000000 0 
1144560.000000 0.965145 1144560.000000 0.965145 0.991112 0.000000 0 
#Generacion: 4500 
#Distancia: 277.982828 
2019120.000000 0.790836 2019120.000000 0.790836 0.977288 0.000000 0 
998400.000000 1.241697 998400.000000 1.241697 0.991133 0.000000 0 
1014720.000000 1.164967 1014720.000000 1.164967 0.998327 0.000000 0 
1014480.000000 1.219174 1014480.000000 1.219174 0.998729 0.000000 0 
1962480.000000 0.792446 1962480.000000 0.792446 0.982403 0.000000 0 
1022880.000000 1.121446 1022880.000000 1.121446 0.996957 0.000000 0 
1223520.000000 0.904055 1223520.000000 0.904055 0.988150 0.000000 0 
1034880.000000 1.086434 1034880.000000 1.086434 0.993751 0.000000 0 
1211280.000000 0.916970 1211280.000000 0.916970 0.992165 0.000000 0 
1914720.000000 0.793009 1914720.000000 0.793009 0.986576 0.000000 0 
1022640.000000 1.149303 1022640.000000 1.149303 0.993403 0.000000 0 
2019120.000000 0.790836 2019120.000000 0.790836 0.977288 0.000000 0 
1069440.000000 1.035217 1069440.000000 1.035217 0.990868 0.000000 0 
1144080.000000 0.959001 1144080.000000 0.959001 0.989942 0.000000 0 
1032480.000000 1.107359 1032480.000000 1.107359 0.998255 0.000000 0 
1067280.000000 1.050918 1067280.000000 1.050918 0.990560 0.000000 0 
1247760.000000 0.901605 1247760.000000 0.901605 0.982745 0.000000 0 
1011840.000000 1.239120 1011840.000000 1.239120 0.991299 0.000000 0 
1014000.000000 1.227464 1014000.000000 1.227464 0.995718 0.000000 0 
1141440.000000 0.972682 1141440.000000 0.972682 0.983749 0.000000 0 
1393200.000000 0.857090 1393200.000000 0.857090 0.999274 0.000000 0 
1059120.000000 1.063717 1059120.000000 1.063717 0.985364 0.000000 0 
1123440.000000 0.980761 1123440.000000 0.980761 0.986101 0.000000 0 
1157760.000000 0.955541 1157760.000000 0.955541 0.988934 0.000000 0 
1665120.000000 0.810593 1665120.000000 0.810593 0.989045 0.000000 0 
1116480.000000 1.002738 1116480.000000 1.002738 0.988949 0.000000 0 
1447920.000000 0.844340 1447920.000000 0.844340 0.998023 0.000000 0 
1164240.000000 0.947715 1164240.000000 0.947715 0.979907 0.000000 0 
1476960.000000 0.839846 1476960.000000 0.839846 0.984801 0.000000 0 
1020960.000000 1.158484 1020960.000000 1.158484 0.996844 0.000000 0 
1321200.000000 0.881482 1321200.000000 0.881482 0.987685 0.000000 0 
1344480.000000 0.876444 1344480.000000 0.876444 0.988485 0.000000 0 
1027920.000000 1.118276 1027920.000000 1.118276 0.994952 0.000000 0 
1086720.000000 1.019079 1086720.000000 1.019079 0.988479 0.000000 0 
1038000.000000 1.079514 1038000.000000 1.079514 0.990680 0.000000 0 
1377360.000000 0.862487 1377360.000000 0.862487 0.996416 0.000000 0 
1092240.000000 1.006780 1092240.000000 1.006780 0.994918 0.000000 0 
1175760.000000 0.939866 1175760.000000 0.939866 0.978086 0.000000 0 
1579920.000000 0.820648 1579920.000000 0.820648 0.989975 0.000000 0 
1460640.000000 0.842642 1460640.000000 0.842642 0.993641 0.000000 0 
1275360.000000 0.897725 1275360.000000 0.897725 0.993515 0.000000 0 
1598160.000000 0.818672 1598160.000000 0.818672 0.983913 0.000000 0 
1369440.000000 0.864551 1369440.000000 0.864551 0.988857 0.000000 0 
1311600.000000 0.887672 1311600.000000 0.887672 0.995507 0.000000 0 
1063440.000000 1.054184 1063440.000000 1.054184 0.985145 0.000000 0 
1420320.000000 0.853689 1420320.000000 0.853689 0.994435 0.000000 0 
1046160.000000 1.073349 1046160.000000 1.073349 0.993793 0.000000 0 
1262160.000000 0.899571 1262160.000000 0.899571 0.985125 0.000000 0 
1129440.000000 0.973546 1129440.000000 0.973546 0.985981 0.000000 0 
1522080.000000 0.830891 1522080.000000 0.830891 0.999114 0.000000 0 
1743120.000000 0.805558 1743120.000000 0.805558 0.977629 0.000000 0 
1645920.000000 0.812548 1645920.000000 0.812548 0.989820 0.000000 0 
1409760.000000 0.856334 1409760.000000 0.856334 0.996949 0.000000 0 
1047600.000000 1.067616 1047600.000000 1.067616 0.994020 0.000000 0 
1804320.000000 0.799750 1804320.000000 0.799750 0.994892 0.000000 0 
1333920.000000 0.878517 1333920.000000 0.878517 0.987971 0.000000 0 
1900320.000000 0.793693 1900320.000000 0.793693 0.986942 0.000000 0 
1283760.000000 0.891870 1283760.000000 0.891870 0.997259 0.000000 0 
1561440.000000 0.825469 1561440.000000 0.825469 0.989358 0.000000 0 
1624080.000000 0.816653 1624080.000000 0.816653 0.992791 0.000000 0 
1822080.000000 0.799383 1822080.000000 0.799383 0.992759 0.000000 0 
1791840.000000 0.801351 1791840.000000 0.801351 0.994865 0.000000 0 
1084080.000000 1.032677 1084080.000000 1.032677 0.997268 0.000000 0 
1104000.000000 1.005462 1104000.000000 1.005462 0.986904 0.000000 0 
1091760.000000 1.017899 1091760.000000 1.017899 0.987119 0.000000 0 
1116960.000000 0.991165 1116960.000000 0.991165 0.987624 0.000000 0 
1488720.000000 0.835782 1488720.000000 0.835782 0.996557 0.000000 0 
1513440.000000 0.832575 1513440.000000 0.832575 0.999297 0.000000 0 
1499040.000000 0.835139 1499040.000000 0.835139 0.997753 0.000000 0 
1188960.000000 0.931781 1188960.000000 0.931781 0.990678 0.000000 0 
1640160.000000 0.815161 1640160.000000 0.815161 0.989116 0.000000 0 
1858800.000000 0.796700 1858800.000000 0.796700 0.994671 0.000000 0 
1778400.000000 0.803139 1778400.000000 0.803139 0.980031 0.000000 0 
1686240.000000 0.810307 1686240.000000 0.810307 0.993383 0.000000 0 
1883040.000000 0.794190 1883040.000000 0.794190 0.986046 0.000000 0 
1612560.000000 0.817842 1612560.000000 0.817842 0.973505 0.000000 0 
1725600.000000 0.806189 1725600.000000 0.806189 0.985573 0.000000 0 
1188960.000000 0.931781 1188960.000000 0.931781 0.990678 0.000000 0 
1534560.000000 0.826073 1534560.000000 0.826073 0.988329 0.000000 0 
1122000.000000 0.990520 1122000.000000 0.990520 0.991613 0.000000 0 
1872480.000000 0.794923 1872480.000000 0.794923 0.983794 0.000000 0 
1200480.000000 0.923496 1200480.000000 0.923496 0.983209 0.000000 0 
1834560.000000 0.798265 1834560.000000 0.798265 0.996828 0.000000 0 
1572960.000000 0.825041 1572960.000000 0.825041 0.990144 0.000000 0 
1170720.000000 0.941547 1170720.000000 0.941547 0.994958 0.000000 0 
1032480.000000 1.107359 1032480.000000 1.107359 0.998255 0.000000 0 
1428720.000000 0.848427 1428720.000000 0.848427 0.998168 0.000000 0 
1541280.000000 0.826037 1541280.000000 0.826037 0.988219 0.000000 0 
1706400.000000 0.808091 1706400.000000 0.808091 0.999231 0.000000 0 
1848240.000000 0.797922 1848240.000000 0.797922 0.994724 0.000000 0 
1757040.000000 0.804395 1757040.000000 0.804395 0.983092 0.000000 0 
1351200.000000 0.867714 1351200.000000 0.867714 0.976386 0.000000 0 
1200480.000000 0.923496 1200480.000000 0.923496 0.983209 0.000000 0 
1351200.000000 0.867714 1351200.000000 0.867714 0.976386 0.000000 0 
1691040.000000 0.808427 1691040.000000 0.808427 0.985699 0.000000 0 
1301280.000000 0.889419 1301280.000000 0.889419 0.985512 0.000000 0 
1766880.000000 0.803966 1766880.000000 0.803966 0.988029 0.000000 0 
1715040.000000 0.806617 1715040.000000 0.806617 0.985000 0.000000 0 
1292640.000000 0.890232 1292640.000000 0.890232 0.984701 0.000000 0 
1022640.000000 1.149303 1022640.000000 1.149303 0.993403 0.000000 0 
#Generacion: 5000 
#Distancia: 287.512424 
