45384942.495414 43355744.337546 2029200.000000 1.842132 5.335574 43355742.495414 22 
57605257.036812 55549898.650447 2055360.000000 1.613635 6.554990 55549897.036812 45 
41717135.616729 39609216.927329 2107920.000000 1.310601 4.960922 39609215.616729 15 
50108385.594906 47988947.057713 2119440.000000 1.462807 5.798895 47988945.594906 32 
71790095.741273 69621216.961787 2168880.000000 1.220514 7.962122 69621215.741273 54 
24752199.777391 22899401.519621 1852800.000000 1.742230 3.289940 22899399.777391 2 
21704292507597.406250 21704290309919.035156 2197680.000000 1.629766 2170430.030992 21704290309917.406250 71 
50990699.382496 48970140.846700 2020560.000000 1.464204 5.897014 48970139.382496 35 
57786192.896276 55920434.855730 1865760.000000 1.959455 6.592043 55920432.896276 46 
65190532.546955 63116454.346812 2074080.000000 1.799858 7.311645 63116452.546955 51 
50528700.312639 48458941.657680 2069760.000000 1.345041 5.845894 48458940.312639 34 
42697471.091107 40783712.438886 1913760.000000 1.347779 5.078371 40783711.091107 19 
68070616.903634 66130218.828184 1940400.000000 1.924550 7.613022 66130216.903634 53 
46227237.232948 44145959.774835 2081280.000000 2.541887 5.414596 44145957.232948 23 
39321358354301.625000 39321356432143.460938 1922160.000000 1.839318 3932136.643214 39321356432141.625000 73 
51873945.438039 49979386.778559 1894560.000000 1.340520 5.997939 49979385.438039 37 
41822626.087268 39934308.154739 1888320.000000 2.067472 4.993431 39934306.087268 16 
38529891.412477 36541493.879425 1988400.000000 2.466948 4.654149 36541491.412477 9 
90321560.781600 88417882.811665 1903680.000000 2.030065 9.841788 88417880.781600 61 
53988626.545151 52068388.351472 1920240.000000 1.806321 6.206839 52068386.545151 40 
62419361.963504 60285763.360627 2133600.000000 1.397124 7.028576 60285761.963504 49 
132633591215528.015625 132633589076889.390625 2138640.000000 1.367605 13263359.907689 132633589076888.015625 82 
42705147.063160 40638508.417046 2066640.000000 1.353886 5.063851 40638507.063160 19 
23363361.055998 21255683.045673 2107680.000000 1.989675 3.125568 21255681.055998 0 
43162964.869920 40913206.176668 2249760.000000 1.306748 5.091320 40913204.869920 20 
55336181.953034 53274823.263877 2061360.000000 1.310843 6.327482 53274821.953034 42 
47193975.097591 45124696.470807 2069280.000000 1.373216 5.512470 45124695.097591 24 
136540956837462.984375 136540954902824.437500 1934640.000000 1.445550 13654096.490282 136540954902822.984375 83 
88017832918418.265625 88017831138819.953125 1779600.000000 1.688508 8801784.113882 88017831138818.265625 79 
23648079.579067 21485680.684161 2162400.000000 1.105094 3.148568 21485679.579067 1 
17295314351424.835938 17295312400226.447266 1951200.000000 1.610919 1729532.240022 17295312400224.835938 69 
60418502.476295 58593784.633455 1824720.000000 2.157160 6.859378 58593782.476295 48 
107407590.784033 105553352.389722 1854240.000000 1.605690 11.555335 105553350.784033 64 
123156648433505.656250 123156646555507.125000 1878000.000000 1.473411 12315665.655551 123156646555505.656250 81 
19019861137593.238281 19019859168634.574219 1968960.000000 1.335312 1901986.916863 19019859168633.238281 70 
73851355.084199 71895356.881868 1956000.000000 1.797669 8.189536 71895355.084199 56 
52114460.581816 50253022.071725 1861440.000000 1.489910 6.025302 50253020.581816 38 
206467644074733.343750 206467642051774.843750 2022960.000000 1.510688 20646765.205177 206467642051773.343750 85 
86673180.385304 84585661.643935 2087520.000000 1.258631 9.458566 84585660.385304 60 
1746679965811579.750000 1746679963888701.500000 1922880.000000 1.638393 174667997.388870 1746679963888699.750000 88 
57624827868545.281250 57624825989106.992188 1879440.000000 1.709146 5762483.598911 57624825989105.281250 75 
47731580.701545 45785182.528712 1946400.000000 1.827168 5.578518 45785180.701545 26 
630415926379725.500000 630415924294126.875000 2085600.000000 1.408665 63041593.429413 630415924294125.500000 87 
50649979950404.351562 50649977782006.953125 2168400.000000 2.602238 5064998.778200 50649977782004.351562 74 
16395394344135.677734 16395392514856.972656 1829280.000000 1.294498 1639540.251486 16395392514855.677734 68 
59722936776738.867188 59722934571380.359375 2205360.000000 1.493516 5972294.457138 59722934571378.867188 76 
84300213.817470 82165655.329977 2134560.000000 1.512507 9.216565 82165653.817470 59 
159379481128817.500000 159379478836098.843750 2292720.000000 1.355355 15937948.883610 159379478836097.500000 84 
48923825.749356 46979347.428422 1944480.000000 1.679065 5.697935 46979345.749356 30 
43312797.500954 41373358.775887 1939440.000000 1.274933 5.137336 41373357.500954 21 
42322134.691113 40378615.974778 1943520.000000 1.283665 5.037861 40378614.691113 18 
11423673765442.017578 11423671951043.585938 1814400.000000 1.567910 1142368.195104 11423671951042.017578 67 
10631206892594.177734 10631204865075.511719 2027520.000000 1.334438 1063121.486507 10631204865074.177734 66 
40236406.243691 38182727.559851 2053680.000000 1.316160 4.818273 38182726.243691 12 
50275034.451753 48205756.751011 2069280.000000 2.299258 5.820575 48205754.451753 33 
235650925319711.968750 235650923398513.750000 1921200.000000 1.777614 23565093.339851 235650923398511.968750 86 
56082658.096179 54301139.688396 1781520.000000 1.592217 6.430114 54301138.096179 43 
3281649575429.055664 3281647494390.258789 2081040.000000 1.203159 328165.749439 3281647494389.055664 65 
50057833.849285 48024315.170096 2033520.000000 1.320812 5.802431 48024313.849285 32 
51553916.809024 49634878.349643 1919040.000000 1.540618 5.963488 49634876.809024 36 
47553781.552818 45496743.371454 2057040.000000 1.818636 5.549674 45496741.552818 25 
48094450.031221 46056852.336557 2037600.000000 2.305335 5.605685 46056850.031221 28 
47222439.158458 45013720.713816 2208720.000000 1.555358 5.501372 45013719.158458 24 
25344104.912749 23386906.778422 1957200.000000 1.865673 3.338690 23386904.912749 3 
43154845.477818 41194286.990473 1960560.000000 1.512656 5.119429 41194285.477818 20 
83711778.164684 81627140.459400 2084640.000000 2.294717 9.162714 81627138.164684 58 
63656432318581.085938 63656430265142.609375 2053440.000000 1.522169 6365644.026514 63656430265141.085938 77 
73750500.596889 71926502.686436 1824000.000000 2.089547 8.192650 71926500.596889 55 
39352497.780429 37085699.357034 2266800.000000 1.576605 4.708570 37085697.780429 11 
86607632.785492 84659074.852745 1948560.000000 2.067253 9.465907 84659072.785492 60 
48427289.238693 46461931.464927 1965360.000000 2.226234 5.646193 46461929.238693 29 
113776759049463.265625 113776757076424.609375 1973040.000000 1.350464 11377676.707642 113776757076423.265625 80 
81561425.711718 79474867.578810 2086560.000000 1.867092 8.947487 79474865.711718 57 
66907469.580871 64975470.908731 1932000.000000 1.327860 7.497547 64975469.580871 52 
63872588.764932 61877230.131377 1995360.000000 1.366445 7.187723 61877228.764932 50 
49605596.959210 47576158.576386 2029440.000000 1.617176 5.757616 47576156.959210 31 
26987154501301.074219 26987152492263.222656 2009040.000000 2.149707 2698716.249226 26987152492261.074219 72 
47855013.715821 45748295.621016 2106720.000000 1.905195 5.574829 45748293.715821 26 
53205860.171870 51234261.635046 1971600.000000 1.463176 6.123426 51234260.171870 39 
38699021.810999 36652543.239367 2046480.000000 1.428369 4.665254 36652541.810999 10 
40633760.714019 38600722.186649 2033040.000000 1.472630 4.860072 38600720.714019 14 
97455478.284725 95487240.342114 1968240.000000 2.057389 10.548724 95487238.284725 63 
56777108.597999 54993670.652854 1783440.000000 2.054855 6.499367 54993668.597999 44 
40335900.858795 38211662.889072 2124240.000000 2.030278 4.821166 38211660.858795 13 
42404995.617052 40369077.186762 2035920.000000 1.569709 5.036908 40369075.617052 18 
51743502.766938 50050305.370907 1693200.000000 2.603969 6.005030 50050302.766938 37 
31623483.606340 29406124.821041 2217360.000000 1.214701 3.940612 29406123.606340 5 
45521625.054345 43336666.783853 2184960.000000 1.729507 5.333667 43336665.054345 22 
73794974.973196 71628496.001400 2166480.000000 1.028204 8.162849 71628494.973196 55 
38378103.014030 36478504.290591 1899600.000000 1.276561 4.647850 36478503.014030 8 
59380401.190462 57490402.708310 1890000.000000 1.517849 6.749040 57490401.190462 47 
47172379.059639 45163820.598664 2008560.000000 1.539025 5.516382 45163819.059639 24 
69743918827306.093750 69743916962507.359375 1864800.000000 1.262663 6974392.696251 69743916962506.093750 78 
36253250.800118 34217332.328685 2035920.000000 1.528567 4.421733 34217330.800118 7 
47996899.966923 45900261.793496 2096640.000000 1.826574 5.590026 45900259.966923 27 
34259737.702567 32167659.275345 2092080.000000 1.572777 4.216766 32167657.702567 6 
42120458.144366 40145739.425950 1974720.000000 1.281585 5.014574 40145738.144366 17 
91167710.345598 89020192.284895 2147520.000000 1.939297 9.902019 89020190.345598 62 
27794753.560628 25862275.225585 1932480.000000 1.664957 3.586227 25862273.560628 4 
54283968.609314 52220690.383254 2063280.000000 1.773940 6.222069 52220688.609314 41 
#Generacion: 1 
#Distancia: 783.786162 
1305360.000000 1.412483 1305360.000000 1.412483 0.995795 0.000000 0 
1554960.000000 0.924267 1554960.000000 0.924267 0.985336 0.000000 0 
1312320.000000 1.411233 1312320.000000 1.411233 0.986412 0.000000 0 
1312320.000000 1.411233 1312320.000000 1.411233 0.986412 0.000000 0 
1749600.000000 0.889101 1749600.000000 0.889101 0.997543 0.000000 0 
1305360.000000 1.412483 1305360.000000 1.412483 0.995795 0.000000 0 
1558800.000000 0.916347 1558800.000000 0.916347 0.984742 0.000000 0 
1558800.000000 0.916347 1558800.000000 0.916347 0.984742 0.000000 0 
1609440.000000 0.898659 1609440.000000 0.898659 0.997139 0.000000 0 
1350240.000000 1.214268 1350240.000000 1.214268 0.998633 0.000000 0 
1458480.000000 0.950078 1458480.000000 0.950078 0.997798 0.000000 0 
1749600.000000 0.889101 1749600.000000 0.889101 0.997543 0.000000 0 
1618800.000000 0.894693 1618800.000000 0.894693 0.992287 0.000000 0 
1485360.000000 0.945831 1485360.000000 0.945831 0.995491 0.000000 0 
1350240.000000 1.214268 1350240.000000 1.214268 0.998633 0.000000 0 
1320000.000000 1.407172 1320000.000000 1.407172 0.999993 0.000000 0 
1558800.000000 0.916347 1558800.000000 0.916347 0.984742 0.000000 0 
1361280.000000 1.211063 1361280.000000 1.211063 0.997097 0.000000 0 
1369680.000000 1.203876 1369680.000000 1.203876 0.999595 0.000000 0 
1511280.000000 0.931728 1511280.000000 0.931728 0.999515 0.000000 0 
1758240.000000 0.888563 1758240.000000 0.888563 0.996693 0.000000 0 
1831200.000000 0.885630 1831200.000000 0.885630 0.992449 0.000000 0 
1313760.000000 1.410372 1313760.000000 1.410372 0.985455 0.000000 0 
1749600.000000 0.889101 1749600.000000 0.889101 0.997543 0.000000 0 
1563840.000000 0.902162 1563840.000000 0.902162 0.975528 0.000000 0 
1361280.000000 1.211063 1361280.000000 1.211063 0.997097 0.000000 0 
1363200.000000 1.206783 1363200.000000 1.206783 0.985594 0.000000 0 
1695360.000000 0.891559 1695360.000000 0.891559 0.998345 0.000000 0 
1558800.000000 0.916347 1558800.000000 0.916347 0.984742 0.000000 0 
1489680.000000 0.933064 1489680.000000 0.933064 0.982255 0.000000 0 
1778160.000000 0.886764 1778160.000000 0.886764 0.998382 0.000000 0 
1583760.000000 0.899819 1583760.000000 0.899819 0.996331 0.000000 0 
1464240.000000 0.948425 1464240.000000 0.948425 0.982015 0.000000 0 
1520160.000000 0.926583 1520160.000000 0.926583 0.992439 0.000000 0 
1372320.000000 1.101979 1372320.000000 1.101979 0.993306 0.000000 0 
1337280.000000 1.220350 1337280.000000 1.220350 0.997972 0.000000 0 
1392480.000000 1.100285 1392480.000000 1.100285 0.995602 0.000000 0 
1363200.000000 1.206783 1363200.000000 1.206783 0.985594 0.000000 0 
1758240.000000 0.888563 1758240.000000 0.888563 0.996693 0.000000 0 
1400880.000000 1.093180 1400880.000000 1.093180 0.991889 0.000000 0 
1329600.000000 1.234156 1329600.000000 1.234156 0.993579 0.000000 0 
1434240.000000 0.963292 1434240.000000 0.963292 0.995247 0.000000 0 
1320720.000000 1.390756 1320720.000000 1.390756 0.988657 0.000000 0 
1558800.000000 0.916347 1558800.000000 0.916347 0.984742 0.000000 0 
1315920.000000 1.411769 1315920.000000 1.411769 0.994658 0.000000 1 
1315920.000000 1.411769 1315920.000000 1.411769 0.994658 0.000000 1 
1788000.000000 0.886905 1788000.000000 0.886905 0.979595 0.000000 1 
1415520.000000 1.098327 1415520.000000 1.098327 0.984062 0.000000 1 
1328160.000000 1.403525 1328160.000000 1.403525 0.999795 0.000000 1 
1438800.000000 1.016759 1438800.000000 1.016759 0.996367 0.000000 1 
1330560.000000 1.377842 1330560.000000 1.377842 0.991752 0.000000 1 
1331760.000000 1.234371 1331760.000000 1.234371 0.994937 0.000000 1 
1721520.000000 0.893399 1721520.000000 0.893399 0.994932 0.000000 1 
1570800.000000 0.902407 1570800.000000 0.902407 0.998598 0.000000 1 
1670400.000000 0.897779 1670400.000000 0.897779 0.999334 0.000000 1 
1385040.000000 1.196221 1385040.000000 1.196221 0.986221 0.000000 1 
1391760.000000 1.119347 1391760.000000 1.119347 0.994098 0.000000 1 
1786320.000000 0.892403 1786320.000000 0.892403 0.993904 0.000000 1 
1674240.000000 0.897163 1674240.000000 0.897163 0.994076 0.000000 1 
1444320.000000 0.969652 1444320.000000 0.969652 0.993834 0.000000 1 
1515840.000000 0.933577 1515840.000000 0.933577 0.995914 0.000000 1 
1494720.000000 0.936414 1494720.000000 0.936414 0.983145 0.000000 1 
1330080.000000 1.393956 1330080.000000 1.393956 0.992044 0.000000 1 
1444560.000000 0.964085 1444560.000000 0.964085 0.996284 0.000000 1 
1326960.000000 1.408614 1326960.000000 1.408614 0.986933 0.000000 1 
1377120.000000 1.205784 1377120.000000 1.205784 0.998950 0.000000 1 
1471200.000000 0.960647 1471200.000000 0.960647 0.996577 0.000000 1 
1362960.000000 1.221653 1362960.000000 1.221653 0.996215 0.000000 1 
1563600.000000 0.923685 1563600.000000 0.923685 0.985882 0.000000 1 
1545360.000000 0.926887 1545360.000000 0.926887 0.999088 0.000000 1 
1351920.000000 1.228117 1351920.000000 1.228117 0.991278 0.000000 1 
1394400.000000 1.105675 1394400.000000 1.105675 0.994951 0.000000 1 
1477680.000000 0.949555 1477680.000000 0.949555 0.991430 0.000000 1 
1490880.000000 0.943239 1490880.000000 0.943239 0.997290 0.000000 1 
1485360.000000 0.947408 1485360.000000 0.947408 0.987167 0.000000 1 
1413360.000000 1.100782 1413360.000000 1.100782 0.990786 0.000000 1 
1395360.000000 1.100834 1395360.000000 1.100834 0.990607 0.000000 1 
1369680.000000 1.210847 1369680.000000 1.210847 0.992285 0.000000 1 
1474800.000000 0.957973 1474800.000000 0.957973 0.982738 0.000000 1 
1366320.000000 1.213771 1366320.000000 1.213771 0.980968 0.000000 1 
1348800.000000 1.232966 1348800.000000 1.232966 0.994635 0.000000 1 
1569360.000000 0.914385 1569360.000000 0.914385 0.989887 0.000000 1 
1527360.000000 0.931631 1527360.000000 0.931631 0.987771 0.000000 1 
1535280.000000 0.931325 1535280.000000 0.931325 0.988494 0.000000 1 
1566480.000000 0.920796 1566480.000000 0.920796 0.987313 0.000000 1 
1339680.000000 1.233910 1339680.000000 1.233910 0.994880 0.000000 1 
1328160.000000 1.403525 1328160.000000 1.403525 0.999795 0.000000 1 
1568400.000000 0.915885 1568400.000000 0.915885 0.988539 0.000000 1 
1331760.000000 1.234371 1331760.000000 1.234371 0.994937 0.000000 1 
1527360.000000 0.931631 1527360.000000 0.931631 0.987771 0.000000 1 
1540800.000000 0.927527 1540800.000000 0.927527 0.988476 0.000000 1 
1342080.000000 1.233630 1342080.000000 1.233630 0.994470 0.000000 1 
1395360.000000 1.100834 1395360.000000 1.100834 0.990607 0.000000 1 
1537440.000000 0.928174 1537440.000000 0.928174 0.986213 0.000000 1 
1413360.000000 1.100782 1413360.000000 1.100782 0.990786 0.000000 1 
1538400.000000 0.927801 1538400.000000 0.927801 0.998339 0.000000 1 
1342080.000000 1.233630 1342080.000000 1.233630 0.994470 0.000000 1 
1537440.000000 0.928174 1537440.000000 0.928174 0.986213 0.000000 1 
1324800.000000 1.411441 1324800.000000 1.411441 0.990508 0.000000 1 
1527360.000000 0.931631 1527360.000000 0.931631 0.987771 0.000000 1 
#Generacion: 500 
#Distancia: 256.065758 
1209600.000000 1.205553 1209600.000000 1.205553 0.992640 0.000000 0 
1209600.000000 1.205553 1209600.000000 1.205553 0.992640 0.000000 0 
1691040.000000 0.861053 1691040.000000 0.861053 0.961704 0.000000 0 
1279680.000000 0.994701 1279680.000000 0.994701 0.990981 0.000000 0 
1228320.000000 1.161934 1228320.000000 1.161934 0.987316 0.000000 0 
1304640.000000 0.970870 1304640.000000 0.970870 0.991742 0.000000 0 
1244640.000000 1.143641 1244640.000000 1.143641 0.989363 0.000000 0 
1478880.000000 0.890911 1478880.000000 0.890911 0.997548 0.000000 0 
1434720.000000 0.892423 1434720.000000 0.892423 0.982843 0.000000 0 
1568400.000000 0.875434 1568400.000000 0.875434 0.989957 0.000000 0 
1454880.000000 0.890958 1454880.000000 0.890958 0.980879 0.000000 0 
1674480.000000 0.866360 1674480.000000 0.866360 0.999222 0.000000 0 
1287120.000000 0.993093 1287120.000000 0.993093 0.991926 0.000000 0 
1445520.000000 0.891925 1445520.000000 0.891925 0.977422 0.000000 0 
1237680.000000 1.153655 1237680.000000 1.153655 0.999413 0.000000 0 
1244640.000000 1.143641 1244640.000000 1.143641 0.989363 0.000000 0 
1228320.000000 1.161934 1228320.000000 1.161934 0.987316 0.000000 0 
1237680.000000 1.153655 1237680.000000 1.153655 0.999413 0.000000 0 
1491120.000000 0.882251 1491120.000000 0.882251 0.997182 0.000000 0 
1290240.000000 0.986381 1290240.000000 0.986381 0.988421 0.000000 0 
1577760.000000 0.874275 1577760.000000 0.874275 0.999774 0.000000 0 
1660320.000000 0.866916 1660320.000000 0.866916 0.996772 0.000000 0 
1670880.000000 0.866804 1670880.000000 0.866804 0.992803 0.000000 0 
1454160.000000 0.891213 1454160.000000 0.891213 0.972416 0.000000 0 
1290240.000000 0.986381 1290240.000000 0.986381 0.988421 0.000000 0 
1568640.000000 0.875433 1568640.000000 0.875433 0.987833 0.000000 0 
1576560.000000 0.874846 1576560.000000 0.874846 0.994845 0.000000 0 
1670880.000000 0.866804 1670880.000000 0.866804 0.992803 0.000000 0 
1674480.000000 0.866360 1674480.000000 0.866360 0.999222 0.000000 0 
1568400.000000 0.875434 1568400.000000 0.875434 0.989957 0.000000 0 
1290240.000000 0.986381 1290240.000000 0.986381 0.988421 0.000000 0 
1660320.000000 0.866916 1660320.000000 0.866916 0.996772 0.000000 0 
1577760.000000 0.874275 1577760.000000 0.874275 0.999774 0.000000 0 
1576560.000000 0.874846 1576560.000000 0.874846 0.994845 0.000000 0 
1568400.000000 0.875434 1568400.000000 0.875434 0.989957 0.000000 0 
1237680.000000 1.153655 1237680.000000 1.153655 0.999413 0.000000 0 
1290240.000000 0.986381 1290240.000000 0.986381 0.988421 0.000000 0 
1237680.000000 1.153655 1237680.000000 1.153655 0.999413 0.000000 0 
1290240.000000 0.986381 1290240.000000 0.986381 0.988421 0.000000 0 
1670880.000000 0.866804 1670880.000000 0.866804 0.992803 0.000000 0 
1237680.000000 1.153655 1237680.000000 1.153655 0.999413 0.000000 0 
1244880.000000 1.094747 1244880.000000 1.094747 0.995416 0.000000 0 
1454160.000000 0.891213 1454160.000000 0.891213 0.972416 0.000000 0 
1244880.000000 1.094747 1244880.000000 1.094747 0.995416 0.000000 0 
1254720.000000 1.075792 1254720.000000 1.075792 0.988659 0.000000 0 
1578000.000000 0.872619 1578000.000000 0.872619 0.988843 0.000000 0 
1227600.000000 1.164373 1227600.000000 1.164373 0.996991 0.000000 0 
1480560.000000 0.884723 1480560.000000 0.884723 0.983393 0.000000 0 
1237680.000000 1.153655 1237680.000000 1.153655 0.999413 0.000000 0 
1407840.000000 0.893339 1407840.000000 0.893339 0.975902 0.000000 0 
1434720.000000 0.892423 1434720.000000 0.892423 0.982843 0.000000 0 
1434720.000000 0.892423 1434720.000000 0.892423 0.982843 0.000000 0 
1304640.000000 0.970870 1304640.000000 0.970870 0.991742 0.000000 0 
1690800.000000 0.866014 1690800.000000 0.866014 0.991713 0.000000 0 
1258320.000000 1.026744 1258320.000000 1.026744 0.999117 0.000000 0 
1577760.000000 0.874275 1577760.000000 0.874275 0.999774 0.000000 0 
1478880.000000 0.890911 1478880.000000 0.890911 0.997548 0.000000 0 
1621440.000000 0.867326 1621440.000000 0.867326 0.994322 0.000000 0 
1660320.000000 0.866916 1660320.000000 0.866916 0.996772 0.000000 0 
1441200.000000 0.892296 1441200.000000 0.892296 0.986800 0.000000 0 
1660320.000000 0.866916 1660320.000000 0.866916 0.996772 0.000000 0 
1498800.000000 0.878617 1498800.000000 0.878617 0.998045 0.000000 0 
1209600.000000 1.205553 1209600.000000 1.205553 0.992640 0.000000 0 
1366080.000000 0.917909 1366080.000000 0.917909 0.982843 0.000000 0 
1329840.000000 0.961983 1329840.000000 0.961983 0.990148 0.000000 0 
1209600.000000 1.205553 1209600.000000 1.205553 0.992640 0.000000 0 
1302960.000000 0.972684 1302960.000000 0.972684 0.992403 0.000000 0 
1237920.000000 1.144597 1237920.000000 1.144597 0.989334 0.000000 0 
1236960.000000 1.159948 1236960.000000 1.159948 0.986726 0.000000 0 
1511280.000000 0.876091 1511280.000000 0.876091 0.996186 0.000000 0 
1329840.000000 0.961983 1329840.000000 0.961983 0.990148 0.000000 0 
1691040.000000 0.861053 1691040.000000 0.861053 0.961704 0.000000 0 
1329840.000000 0.961983 1329840.000000 0.961983 0.990148 0.000000 0 
1617600.000000 0.868506 1617600.000000 0.868506 0.987763 0.000000 0 
1665120.000000 0.866894 1665120.000000 0.866894 0.999180 0.000000 0 
1198320.000000 1.258189 1198320.000000 1.258189 0.997634 0.000000 0 
1346880.000000 0.919603 1346880.000000 0.919603 0.984957 0.000000 0 
1296720.000000 0.978415 1296720.000000 0.978415 0.992123 0.000000 0 
1665120.000000 0.866894 1665120.000000 0.866894 0.999180 0.000000 0 
1323840.000000 0.965561 1323840.000000 0.965561 0.996891 0.000000 0 
1335360.000000 0.919827 1335360.000000 0.919827 0.990911 0.000000 0 
1381920.000000 0.914776 1381920.000000 0.914776 0.986928 0.000000 0 
1641840.000000 0.869125 1641840.000000 0.869125 0.998342 0.000000 1 
1247040.000000 1.107215 1247040.000000 1.107215 0.995780 0.000000 1 
1272720.000000 1.041135 1272720.000000 1.041135 0.982292 0.000000 1 
1411680.000000 0.903796 1411680.000000 0.903796 0.981709 0.000000 1 
1487760.000000 0.884891 1487760.000000 0.884891 0.991213 0.000000 1 
1263360.000000 1.073909 1263360.000000 1.073909 0.988346 0.000000 1 
1602720.000000 0.873830 1602720.000000 0.873830 0.987843 0.000000 1 
1550880.000000 0.877299 1550880.000000 0.877299 0.992777 0.000000 1 
1264800.000000 1.044195 1264800.000000 1.044195 0.982159 0.000000 1 
1407840.000000 0.914058 1407840.000000 0.914058 0.991686 0.000000 1 
1379040.000000 0.921105 1379040.000000 0.921105 0.992516 0.000000 1 
1342560.000000 0.948690 1342560.000000 0.948690 0.988060 0.000000 1 
1348560.000000 0.932625 1348560.000000 0.932625 0.974284 0.000000 1 
1396560.000000 0.914828 1396560.000000 0.914828 0.996715 0.000000 1 
1529040.000000 0.878253 1529040.000000 0.878253 0.998701 0.000000 1 
1618800.000000 0.869843 1618800.000000 0.869843 0.989429 0.000000 1 
1500720.000000 0.880701 1500720.000000 0.880701 0.992746 0.000000 1 
1386960.000000 0.916556 1386960.000000 0.916556 0.991021 0.000000 1 
#Generacion: 1000 
#Distancia: 269.794646 
1732320.000000 0.827969 1732320.000000 0.827969 0.993887 0.000000 0 
1159200.000000 1.285750 1159200.000000 1.285750 0.992535 0.000000 0 
1176240.000000 1.142624 1176240.000000 1.142624 0.989584 0.000000 0 
1179600.000000 1.039031 1179600.000000 1.039031 0.998836 0.000000 0 
1163280.000000 1.206362 1163280.000000 1.206362 0.990639 0.000000 0 
1684800.000000 0.831697 1684800.000000 0.831697 0.974246 0.000000 0 
1176240.000000 1.142624 1176240.000000 1.142624 0.989584 0.000000 0 
1164000.000000 1.194051 1164000.000000 1.194051 0.994558 0.000000 0 
1551600.000000 0.851233 1551600.000000 0.851233 0.981272 0.000000 0 
1214880.000000 0.998622 1214880.000000 0.998622 0.994972 0.000000 0 
1248000.000000 0.969208 1248000.000000 0.969208 0.989942 0.000000 0 
1588800.000000 0.850389 1588800.000000 0.850389 0.986293 0.000000 0 
1266720.000000 0.942085 1266720.000000 0.942085 0.994296 0.000000 0 
1518960.000000 0.851403 1518960.000000 0.851403 0.993876 0.000000 0 
1663200.000000 0.837831 1663200.000000 0.837831 0.993513 0.000000 0 
1226160.000000 0.975055 1226160.000000 0.975055 0.991065 0.000000 0 
1615680.000000 0.843617 1615680.000000 0.843617 0.983613 0.000000 0 
1302240.000000 0.907804 1302240.000000 0.907804 0.993477 0.000000 0 
1637280.000000 0.841756 1637280.000000 0.841756 0.993781 0.000000 0 
1295280.000000 0.921948 1295280.000000 0.921948 0.997735 0.000000 0 
1221840.000000 0.978345 1221840.000000 0.978345 0.994799 0.000000 0 
1432080.000000 0.868857 1432080.000000 0.868857 0.986508 0.000000 0 
1254720.000000 0.955791 1254720.000000 0.955791 0.998626 0.000000 0 
1475040.000000 0.864466 1475040.000000 0.864466 0.982243 0.000000 0 
1454400.000000 0.865498 1454400.000000 0.865498 0.968943 0.000000 0 
1496160.000000 0.861114 1496160.000000 0.861114 0.979252 0.000000 0 
1326000.000000 0.897689 1326000.000000 0.897689 0.984404 0.000000 0 
1276800.000000 0.933941 1276800.000000 0.933941 0.987674 0.000000 0 
1254720.000000 0.955791 1254720.000000 0.955791 0.998626 0.000000 0 
1428240.000000 0.869769 1428240.000000 0.869769 0.988997 0.000000 0 
1592160.000000 0.848460 1592160.000000 0.848460 0.984618 0.000000 0 
1454400.000000 0.865498 1454400.000000 0.865498 0.968943 0.000000 0 
1389600.000000 0.879790 1389600.000000 0.879790 0.989367 0.000000 0 
1270800.000000 0.935449 1270800.000000 0.935449 0.995036 0.000000 0 
1324560.000000 0.906170 1324560.000000 0.906170 0.987253 0.000000 0 
1404960.000000 0.877761 1404960.000000 0.877761 0.993130 0.000000 0 
1411920.000000 0.871411 1411920.000000 0.871411 0.993727 0.000000 0 
1392960.000000 0.879536 1392960.000000 0.879536 0.980230 0.000000 0 
1179600.000000 1.039031 1179600.000000 1.039031 0.998836 0.000000 0 
1365840.000000 0.884856 1365840.000000 0.884856 0.989486 0.000000 0 
1374240.000000 0.881401 1374240.000000 0.881401 0.997522 0.000000 0 
1311120.000000 0.907512 1311120.000000 0.907512 0.990371 0.000000 0 
1291200.000000 0.931699 1291200.000000 0.931699 0.979824 0.000000 0 
1606080.000000 0.846201 1606080.000000 0.846201 0.995874 0.000000 0 
1293360.000000 0.927178 1293360.000000 0.927178 0.978067 0.000000 0 
1164000.000000 1.194051 1164000.000000 1.194051 0.994558 0.000000 0 
1163280.000000 1.206362 1163280.000000 1.206362 0.990639 0.000000 0 
1485120.000000 0.862558 1485120.000000 0.862558 0.971274 0.000000 0 
1507680.000000 0.859906 1507680.000000 0.859906 0.998507 0.000000 0 
1512240.000000 0.852336 1512240.000000 0.852336 0.993669 0.000000 0 
1349520.000000 0.892087 1349520.000000 0.892087 0.990466 0.000000 0 
1337280.000000 0.896182 1337280.000000 0.896182 0.988488 0.000000 0 
1606080.000000 0.846201 1606080.000000 0.846201 0.995874 0.000000 0 
1374240.000000 0.881401 1374240.000000 0.881401 0.997522 0.000000 0 
1510080.000000 0.855765 1510080.000000 0.855765 0.990947 0.000000 0 
1358400.000000 0.891201 1358400.000000 0.891201 0.994006 0.000000 0 
1643520.000000 0.839131 1643520.000000 0.839131 0.998964 0.000000 0 
1653840.000000 0.838242 1653840.000000 0.838242 0.996837 0.000000 0 
1347840.000000 0.894115 1347840.000000 0.894115 0.982917 0.000000 0 
1407360.000000 0.873274 1407360.000000 0.873274 0.991466 0.000000 0 
1653840.000000 0.838242 1653840.000000 0.838242 0.996837 0.000000 0 
1480080.000000 0.864113 1480080.000000 0.864113 0.980484 0.000000 0 
1643520.000000 0.839131 1643520.000000 0.839131 0.998964 0.000000 0 
1221840.000000 0.978345 1221840.000000 0.978345 0.994799 0.000000 0 
1405920.000000 0.875112 1405920.000000 0.875112 0.989838 0.000000 0 
1319040.000000 0.907446 1319040.000000 0.907446 0.990285 0.000000 0 
1291200.000000 0.931699 1291200.000000 0.931699 0.979824 0.000000 0 
1509360.000000 0.859708 1509360.000000 0.859708 0.978093 0.000000 0 
1343040.000000 0.895982 1343040.000000 0.895982 0.985208 0.000000 0 
1319040.000000 0.907446 1319040.000000 0.907446 0.990285 0.000000 0 
1411920.000000 0.871411 1411920.000000 0.871411 0.993727 0.000000 0 
1363680.000000 0.887112 1363680.000000 0.887112 0.992683 0.000000 0 
1337280.000000 0.896182 1337280.000000 0.896182 0.988488 0.000000 0 
1343040.000000 0.895982 1343040.000000 0.895982 0.985208 0.000000 0 
1362000.000000 0.888818 1362000.000000 0.888818 0.999062 0.000000 0 
1359840.000000 0.888971 1359840.000000 0.888971 0.974531 0.000000 0 
1483680.000000 0.863610 1483680.000000 0.863610 0.978246 0.000000 0 
1179600.000000 1.039031 1179600.000000 1.039031 0.998836 0.000000 0 
1483680.000000 0.863610 1483680.000000 0.863610 0.978246 0.000000 0 
1358400.000000 0.891201 1358400.000000 0.891201 0.994006 0.000000 0 
1362720.000000 0.887366 1362720.000000 0.887366 0.993426 0.000000 0 
1359840.000000 0.888971 1359840.000000 0.888971 0.974531 0.000000 0 
1362720.000000 0.887366 1362720.000000 0.887366 0.993426 0.000000 0 
1343040.000000 0.895982 1343040.000000 0.895982 0.985208 0.000000 0 
1454400.000000 0.865498 1454400.000000 0.865498 0.968943 0.000000 0 
1176240.000000 1.142624 1176240.000000 1.142624 0.989584 0.000000 0 
1163280.000000 1.206362 1163280.000000 1.206362 0.990639 0.000000 0 
1254720.000000 0.955791 1254720.000000 0.955791 0.998626 0.000000 0 
1291200.000000 0.931699 1291200.000000 0.931699 0.979824 0.000000 0 
1374240.000000 0.881401 1374240.000000 0.881401 0.997522 0.000000 0 
1179600.000000 1.039031 1179600.000000 1.039031 0.998836 0.000000 0 
1179600.000000 1.039031 1179600.000000 1.039031 0.998836 0.000000 0 
1428240.000000 0.869769 1428240.000000 0.869769 0.988997 0.000000 0 
1194960.000000 1.026617 1194960.000000 1.026617 0.998415 0.000000 0 
1684800.000000 0.831697 1684800.000000 0.831697 0.974246 0.000000 0 
1551600.000000 0.851233 1551600.000000 0.851233 0.981272 0.000000 0 
1518960.000000 0.851403 1518960.000000 0.851403 0.993876 0.000000 0 
1404960.000000 0.877761 1404960.000000 0.877761 0.993130 0.000000 0 
1206480.000000 1.022544 1206480.000000 1.022544 0.994840 0.000000 0 
1363680.000000 0.887112 1363680.000000 0.887112 0.992683 0.000000 0 
#Generacion: 1500 
#Distancia: 209.250909 
1129920.000000 1.132789 1129920.000000 1.132789 0.994844 0.000000 0 
1820880.000000 0.822141 1820880.000000 0.822141 0.971830 0.000000 0 
1155840.000000 1.074045 1155840.000000 1.074045 0.994299 0.000000 0 
1178400.000000 0.994973 1178400.000000 0.994973 0.994714 0.000000 0 
1157280.000000 1.047586 1157280.000000 1.047586 0.998926 0.000000 0 
1716480.000000 0.824193 1716480.000000 0.824193 0.990644 0.000000 0 
1232880.000000 0.942528 1232880.000000 0.942528 0.998643 0.000000 0 
1157280.000000 1.047586 1157280.000000 1.047586 0.998926 0.000000 0 
1679760.000000 0.825334 1679760.000000 0.825334 0.985612 0.000000 0 
1638000.000000 0.835109 1638000.000000 0.835109 0.993055 0.000000 0 
1759440.000000 0.823003 1759440.000000 0.823003 0.970871 0.000000 0 
1193040.000000 0.987221 1193040.000000 0.987221 0.992860 0.000000 0 
1558560.000000 0.839293 1558560.000000 0.839293 0.998986 0.000000 0 
1519440.000000 0.843422 1519440.000000 0.843422 0.994745 0.000000 0 
1558560.000000 0.839293 1558560.000000 0.839293 0.998986 0.000000 0 
1601040.000000 0.837191 1601040.000000 0.837191 0.985458 0.000000 0 
1412640.000000 0.865041 1412640.000000 0.865041 0.978575 0.000000 0 
1200000.000000 0.970082 1200000.000000 0.970082 0.998453 0.000000 0 
1228080.000000 0.958228 1228080.000000 0.958228 0.990237 0.000000 0 
1601040.000000 0.837191 1601040.000000 0.837191 0.985458 0.000000 0 
1756560.000000 0.823972 1756560.000000 0.823972 0.987231 0.000000 0 
1647600.000000 0.834875 1647600.000000 0.834875 0.992780 0.000000 0 
1265520.000000 0.920463 1265520.000000 0.920463 0.998973 0.000000 0 
1443600.000000 0.864516 1443600.000000 0.864516 0.985845 0.000000 0 
1182720.000000 0.992145 1182720.000000 0.992145 0.997565 0.000000 0 
1205520.000000 0.963126 1205520.000000 0.963126 0.998265 0.000000 0 
1668240.000000 0.828911 1668240.000000 0.828911 0.997437 0.000000 0 
1345200.000000 0.880812 1345200.000000 0.880812 0.986707 0.000000 0 
1512240.000000 0.852336 1512240.000000 0.852336 0.993669 0.000000 0 
1272960.000000 0.914410 1272960.000000 0.914410 0.984645 0.000000 0 
1252080.000000 0.930712 1252080.000000 0.930712 0.995581 0.000000 0 
1312320.000000 0.895335 1312320.000000 0.895335 0.990630 0.000000 0 
1487520.000000 0.853688 1487520.000000 0.853688 0.996825 0.000000 0 
1242240.000000 0.933499 1242240.000000 0.933499 0.997374 0.000000 0 
1468560.000000 0.856528 1468560.000000 0.856528 0.995908 0.000000 0 
1299840.000000 0.899135 1299840.000000 0.899135 0.997014 0.000000 0 
1297680.000000 0.904652 1297680.000000 0.904652 0.996151 0.000000 0 
1477680.000000 0.855051 1477680.000000 0.855051 0.979936 0.000000 0 
1262160.000000 0.924308 1262160.000000 0.924308 0.996682 0.000000 0 
1278720.000000 0.913271 1278720.000000 0.913271 0.985899 0.000000 0 
1225920.000000 0.961802 1225920.000000 0.961802 0.991494 0.000000 0 
1338000.000000 0.889405 1338000.000000 0.889405 0.996190 0.000000 0 
1362480.000000 0.878487 1362480.000000 0.878487 0.984571 0.000000 0 
1342560.000000 0.886432 1342560.000000 0.886432 0.985851 0.000000 0 
1663200.000000 0.831350 1663200.000000 0.831350 0.999845 0.000000 0 
1200480.000000 0.964052 1200480.000000 0.964052 0.999074 0.000000 0 
1319760.000000 0.889583 1319760.000000 0.889583 0.996506 0.000000 0 
1389600.000000 0.869220 1389600.000000 0.869220 0.984377 0.000000 0 
1383600.000000 0.869455 1383600.000000 0.869455 0.984974 0.000000 0 
1319760.000000 0.889583 1319760.000000 0.889583 0.996506 0.000000 0 
1377120.000000 0.872541 1377120.000000 0.872541 0.982555 0.000000 0 
1463280.000000 0.860748 1463280.000000 0.860748 0.987616 0.000000 0 
1399920.000000 0.865552 1399920.000000 0.865552 0.980888 0.000000 0 
1519440.000000 0.843422 1519440.000000 0.843422 0.994745 0.000000 0 
1518960.000000 0.851403 1518960.000000 0.851403 0.993876 0.000000 0 
1193040.000000 0.987221 1193040.000000 0.987221 0.992860 0.000000 0 
1376160.000000 0.874474 1376160.000000 0.874474 0.987405 0.000000 0 
1290240.000000 0.911407 1290240.000000 0.911407 0.993563 0.000000 0 
1200000.000000 0.970082 1200000.000000 0.970082 0.998453 0.000000 0 
1399920.000000 0.865552 1399920.000000 0.865552 0.980888 0.000000 0 
1663200.000000 0.831350 1663200.000000 0.831350 0.999845 0.000000 0 
1487520.000000 0.853688 1487520.000000 0.853688 0.996825 0.000000 0 
1310640.000000 0.898321 1310640.000000 0.898321 0.998622 0.000000 0 
1449120.000000 0.863248 1449120.000000 0.863248 0.979238 0.000000 0 
1364400.000000 0.874754 1364400.000000 0.874754 0.988298 0.000000 0 
1262160.000000 0.924308 1262160.000000 0.924308 0.996682 0.000000 0 
1249680.000000 0.932550 1249680.000000 0.932550 0.998686 0.000000 0 
1450800.000000 0.862138 1450800.000000 0.862138 0.998840 0.000000 0 
1460880.000000 0.861414 1460880.000000 0.861414 0.986817 0.000000 0 
1242240.000000 0.933499 1242240.000000 0.933499 0.997374 0.000000 0 
1290480.000000 0.906494 1290480.000000 0.906494 0.996987 0.000000 0 
1290240.000000 0.911407 1290240.000000 0.911407 0.993563 0.000000 0 
1290480.000000 0.906494 1290480.000000 0.906494 0.996987 0.000000 0 
1178400.000000 0.994973 1178400.000000 0.994973 0.994714 0.000000 0 
1362480.000000 0.878487 1362480.000000 0.878487 0.984571 0.000000 0 
1364400.000000 0.874754 1364400.000000 0.874754 0.988298 0.000000 0 
1227120.000000 0.959937 1227120.000000 0.959937 0.999737 0.000000 0 
1513680.000000 0.852139 1513680.000000 0.852139 0.974407 0.000000 0 
1443600.000000 0.864516 1443600.000000 0.864516 0.985845 0.000000 0 
1310640.000000 0.898321 1310640.000000 0.898321 0.998622 0.000000 0 
1345200.000000 0.880812 1345200.000000 0.880812 0.986707 0.000000 0 
1131840.000000 1.132664 1131840.000000 1.132664 0.999379 0.000000 0 
1518960.000000 0.851403 1518960.000000 0.851403 0.993876 0.000000 0 
1342320.000000 0.889336 1342320.000000 0.889336 0.995322 0.000000 0 
1388640.000000 0.869335 1388640.000000 0.869335 0.984252 0.000000 0 
1250640.000000 0.931993 1250640.000000 0.931993 0.998242 0.000000 0 
1225920.000000 0.961802 1225920.000000 0.961802 0.991494 0.000000 0 
1759440.000000 0.823003 1759440.000000 0.823003 0.970871 0.000000 0 
1756560.000000 0.823972 1756560.000000 0.823972 0.987231 0.000000 0 
1131840.000000 1.132664 1131840.000000 1.132664 0.999379 0.000000 0 
1342320.000000 0.889336 1342320.000000 0.889336 0.995322 0.000000 0 
1450800.000000 0.862138 1450800.000000 0.862138 0.998840 0.000000 0 
1460880.000000 0.861414 1460880.000000 0.861414 0.986817 0.000000 0 
1135680.000000 1.109261 1135680.000000 1.109261 0.993449 0.000000 0 
1778880.000000 0.822456 1778880.000000 0.822456 0.974709 0.000000 0 
1265520.000000 0.920463 1265520.000000 0.920463 0.998973 0.000000 0 
1445280.000000 0.863385 1445280.000000 0.863385 0.987326 0.000000 0 
1659600.000000 0.833603 1659600.000000 0.833603 0.994633 0.000000 0 
1145760.000000 1.109428 1145760.000000 1.109428 0.993472 0.000000 1 
1810320.000000 0.822694 1810320.000000 0.822694 0.971882 0.000000 1 
#Generacion: 2000 
#Distancia: 225.789091 
1819440.000000 0.815476 1819440.000000 0.815476 0.992337 0.000000 0 
1121760.000000 1.112944 1121760.000000 1.112944 0.998071 0.000000 0 
1150080.000000 1.092574 1150080.000000 1.092574 0.994024 0.000000 0 
1150560.000000 1.047769 1150560.000000 1.047769 0.999743 0.000000 0 
1151520.000000 1.022532 1151520.000000 1.022532 0.992968 0.000000 0 
1189200.000000 0.969827 1189200.000000 0.969827 0.999107 0.000000 0 
1150560.000000 1.047769 1150560.000000 1.047769 0.999743 0.000000 0 
1534320.000000 0.842118 1534320.000000 0.842118 0.997639 0.000000 0 
1220400.000000 0.947065 1220400.000000 0.947065 0.997558 0.000000 0 
1140960.000000 1.105469 1140960.000000 1.105469 0.997401 0.000000 0 
1629600.000000 0.830138 1629600.000000 0.830138 0.979943 0.000000 0 
1142400.000000 1.094775 1142400.000000 1.094775 0.993649 0.000000 0 
1650720.000000 0.826684 1650720.000000 0.826684 0.991815 0.000000 0 
1187760.000000 0.985342 1187760.000000 0.985342 0.995067 0.000000 0 
1506000.000000 0.843015 1506000.000000 0.843015 0.996938 0.000000 0 
1411920.000000 0.860391 1411920.000000 0.860391 0.993302 0.000000 0 
1261680.000000 0.916228 1261680.000000 0.916228 0.996561 0.000000 0 
1168800.000000 1.014479 1168800.000000 1.014479 0.994424 0.000000 0 
1217520.000000 0.957095 1217520.000000 0.957095 0.994895 0.000000 0 
1791600.000000 0.817473 1791600.000000 0.817473 0.989999 0.000000 0 
1246560.000000 0.928177 1246560.000000 0.928177 0.993857 0.000000 0 
1169520.000000 1.003612 1169520.000000 1.003612 0.994414 0.000000 0 
1234320.000000 0.932150 1234320.000000 0.932150 0.995133 0.000000 0 
1558560.000000 0.837210 1558560.000000 0.837210 0.998501 0.000000 0 
1200480.000000 0.964052 1200480.000000 0.964052 0.999074 0.000000 0 
1587120.000000 0.834527 1587120.000000 0.834527 0.998394 0.000000 0 
1287120.000000 0.907478 1287120.000000 0.907478 0.996433 0.000000 0 
1301520.000000 0.893564 1301520.000000 0.893564 0.998678 0.000000 0 
1253040.000000 0.920689 1253040.000000 0.920689 0.998954 0.000000 0 
1485360.000000 0.849486 1485360.000000 0.849486 0.992473 0.000000 0 
1233360.000000 0.940379 1233360.000000 0.940379 0.999483 0.000000 0 
1184880.000000 0.991433 1184880.000000 0.991433 0.993277 0.000000 0 
1299120.000000 0.897160 1299120.000000 0.897160 0.995191 0.000000 0 
1344480.000000 0.878773 1344480.000000 0.878773 0.986520 0.000000 0 
1458480.000000 0.853371 1458480.000000 0.853371 0.994892 0.000000 0 
1495440.000000 0.844758 1495440.000000 0.844758 0.997363 0.000000 0 
1227840.000000 0.942490 1227840.000000 0.942490 0.999812 0.000000 0 
1750320.000000 0.819532 1750320.000000 0.819532 0.987254 0.000000 0 
1771440.000000 0.818151 1771440.000000 0.818151 0.990825 0.000000 0 
1444320.000000 0.855880 1444320.000000 0.855880 0.999351 0.000000 0 
1312800.000000 0.889413 1312800.000000 0.889413 0.990316 0.000000 0 
1710720.000000 0.821133 1710720.000000 0.821133 0.985629 0.000000 0 
1801920.000000 0.816513 1801920.000000 0.816513 0.992551 0.000000 0 
1155120.000000 1.014717 1155120.000000 1.014717 0.994994 0.000000 0 
1295040.000000 0.903458 1295040.000000 0.903458 0.985881 0.000000 0 
1322160.000000 0.886854 1322160.000000 0.886854 0.986163 0.000000 0 
1689600.000000 0.823128 1689600.000000 0.823128 0.985534 0.000000 0 
1707120.000000 0.822001 1707120.000000 0.822001 0.993622 0.000000 0 
1569840.000000 0.835297 1569840.000000 0.835297 0.998276 0.000000 0 
1731600.000000 0.820776 1731600.000000 0.820776 0.990547 0.000000 0 
1332720.000000 0.883769 1332720.000000 0.883769 0.989924 0.000000 0 
1269120.000000 0.909243 1269120.000000 0.909243 0.996482 0.000000 0 
1177200.000000 0.997593 1177200.000000 0.997593 0.996885 0.000000 0 
1336560.000000 0.882526 1336560.000000 0.882526 0.988217 0.000000 0 
1438320.000000 0.856688 1438320.000000 0.856688 0.978008 0.000000 0 
1659360.000000 0.826262 1659360.000000 0.826262 0.991342 0.000000 0 
1135680.000000 1.109261 1135680.000000 1.109261 0.993449 0.000000 0 
1671840.000000 0.825899 1671840.000000 0.825899 0.997533 0.000000 0 
1128960.000000 1.110127 1128960.000000 1.110127 0.994492 0.000000 0 
1607280.000000 0.833529 1607280.000000 0.833529 0.998537 0.000000 0 
1269120.000000 0.909243 1269120.000000 0.909243 0.996482 0.000000 0 
1179360.000000 0.994767 1179360.000000 0.994767 0.994701 0.000000 0 
1403040.000000 0.863512 1403040.000000 0.863512 0.994833 0.000000 0 
1176240.000000 1.003570 1176240.000000 1.003570 0.994126 0.000000 0 
1734000.000000 0.820573 1734000.000000 0.820573 0.985531 0.000000 0 
1242960.000000 0.930486 1242960.000000 0.930486 0.994455 0.000000 0 
1364400.000000 0.874754 1364400.000000 0.874754 0.988298 0.000000 0 
1394400.000000 0.866539 1394400.000000 0.866539 0.988072 0.000000 0 
1382880.000000 0.869421 1382880.000000 0.869421 0.984031 0.000000 0 
1618320.000000 0.831967 1618320.000000 0.831967 0.985283 0.000000 0 
1814400.000000 0.815589 1814400.000000 0.815589 0.992367 0.000000 0 
1477680.000000 0.850385 1477680.000000 0.850385 0.993331 0.000000 0 
1424160.000000 0.857240 1424160.000000 0.857240 0.989924 0.000000 0 
1546080.000000 0.838898 1546080.000000 0.838898 0.998336 0.000000 0 
1259760.000000 0.920527 1259760.000000 0.920527 0.998909 0.000000 0 
1578480.000000 0.834882 1578480.000000 0.834882 0.998346 0.000000 0 
1377120.000000 0.872541 1377120.000000 0.872541 0.982555 0.000000 0 
1679760.000000 0.825334 1679760.000000 0.825334 0.985612 0.000000 0 
1389600.000000 0.869220 1389600.000000 0.869220 0.984377 0.000000 0 
1759680.000000 0.819501 1759680.000000 0.819501 0.993652 0.000000 0 
1206000.000000 0.958870 1206000.000000 0.958870 0.998998 0.000000 0 
1376160.000000 0.874474 1376160.000000 0.874474 0.987405 0.000000 0 
1205520.000000 0.963126 1205520.000000 0.963126 0.998265 0.000000 0 
1288320.000000 0.903839 1288320.000000 0.903839 0.988521 0.000000 0 
1187760.000000 0.985342 1187760.000000 0.985342 0.995067 0.000000 0 
1469040.000000 0.851012 1469040.000000 0.851012 0.995152 0.000000 0 
1357680.000000 0.875655 1357680.000000 0.875655 0.986223 0.000000 0 
1546080.000000 0.838898 1546080.000000 0.838898 0.998336 0.000000 0 
1466400.000000 0.852787 1466400.000000 0.852787 0.990614 0.000000 0 
1398000.000000 0.863845 1398000.000000 0.863845 0.996643 0.000000 0 
1212720.000000 0.958495 1212720.000000 0.958495 0.998425 0.000000 0 
1620960.000000 0.830853 1620960.000000 0.830853 0.981789 0.000000 0 
1424160.000000 0.857240 1424160.000000 0.857240 0.989924 0.000000 0 
1318560.000000 0.888930 1318560.000000 0.888930 0.989620 0.000000 0 
1687680.000000 0.824806 1687680.000000 0.824806 0.980222 0.000000 0 
1767360.000000 0.819060 1767360.000000 0.819060 0.992732 0.000000 0 
1607280.000000 0.833529 1607280.000000 0.833529 0.998537 0.000000 0 
1502160.000000 0.844434 1502160.000000 0.844434 0.996994 0.000000 0 
1160160.000000 1.014704 1160160.000000 1.014704 0.994487 0.000000 0 
1355040.000000 0.877866 1355040.000000 0.877866 0.984773 0.000000 0 
#Generacion: 2500 
#Distancia: 246.906061 
1770720.000000 0.815406 1770720.000000 0.815406 0.975793 0.000000 0 
1109280.000000 1.112800 1109280.000000 1.112800 0.996408 0.000000 0 
1135920.000000 1.029454 1135920.000000 1.029454 0.999881 0.000000 0 
1148400.000000 0.992962 1148400.000000 0.992962 0.996440 0.000000 0 
1132080.000000 1.048390 1132080.000000 1.048390 0.999968 0.000000 0 
1165680.000000 0.989405 1165680.000000 0.989405 0.999566 0.000000 0 
1109280.000000 1.112800 1109280.000000 1.112800 0.996408 0.000000 0 
1114560.000000 1.086280 1114560.000000 1.086280 0.995203 0.000000 0 
1177440.000000 0.969263 1177440.000000 0.969263 0.999519 0.000000 0 
1717680.000000 0.817041 1717680.000000 0.817041 0.994045 0.000000 0 
1212720.000000 0.940047 1212720.000000 0.940047 0.996325 0.000000 0 
1131600.000000 1.068386 1131600.000000 1.068386 0.995434 0.000000 0 
1746960.000000 0.816772 1746960.000000 0.816772 0.986528 0.000000 0 
1482960.000000 0.843997 1482960.000000 0.843997 0.986719 0.000000 0 
1698480.000000 0.819327 1698480.000000 0.819327 0.994180 0.000000 0 
1609920.000000 0.830574 1609920.000000 0.830574 0.999378 0.000000 0 
1454880.000000 0.851886 1454880.000000 0.851886 0.984431 0.000000 0 
1470960.000000 0.848666 1470960.000000 0.848666 0.993403 0.000000 0 
1197600.000000 0.963644 1197600.000000 0.963644 0.996269 0.000000 0 
1558320.000000 0.835966 1558320.000000 0.835966 0.997317 0.000000 0 
1129920.000000 1.082215 1129920.000000 1.082215 0.999399 0.000000 0 
1131600.000000 1.068386 1131600.000000 1.068386 0.995434 0.000000 0 
1278480.000000 0.901756 1278480.000000 0.901756 0.996434 0.000000 0 
1424160.000000 0.857240 1424160.000000 0.857240 0.989924 0.000000 0 
1186080.000000 0.967408 1186080.000000 0.967408 0.997110 0.000000 0 
1241520.000000 0.923451 1241520.000000 0.923451 0.997310 0.000000 0 
1586400.000000 0.832144 1586400.000000 0.832144 0.998058 0.000000 0 
1240080.000000 0.932037 1240080.000000 0.932037 0.995348 0.000000 0 
1269120.000000 0.909201 1269120.000000 0.909201 0.997351 0.000000 0 
1540800.000000 0.837039 1540800.000000 0.837039 0.995006 0.000000 0 
1293600.000000 0.893678 1293600.000000 0.893678 0.990881 0.000000 0 
1639440.000000 0.827781 1639440.000000 0.827781 0.997570 0.000000 0 
1337760.000000 0.881065 1337760.000000 0.881065 0.983080 0.000000 0 
1518480.000000 0.841028 1518480.000000 0.841028 0.997289 0.000000 0 
1506000.000000 0.843015 1506000.000000 0.843015 0.996938 0.000000 0 
1128240.000000 1.085447 1128240.000000 1.085447 0.995962 0.000000 0 
1312800.000000 0.888333 1312800.000000 0.888333 0.989616 0.000000 0 
1308960.000000 0.893047 1308960.000000 0.893047 0.991699 0.000000 0 
1614960.000000 0.829372 1614960.000000 0.829372 0.998949 0.000000 0 
1261200.000000 0.918621 1261200.000000 0.918621 0.998607 0.000000 0 
1578480.000000 0.834811 1578480.000000 0.834811 0.982240 0.000000 0 
1650720.000000 0.826684 1650720.000000 0.826684 0.991815 0.000000 0 
1396080.000000 0.863206 1396080.000000 0.863206 0.998325 0.000000 0 
1569840.000000 0.835297 1569840.000000 0.835297 0.998276 0.000000 0 
1480560.000000 0.848075 1480560.000000 0.848075 0.983711 0.000000 0 
1406880.000000 0.861723 1406880.000000 0.861723 0.996165 0.000000 0 
1445280.000000 0.852530 1445280.000000 0.852530 0.993972 0.000000 0 
1357680.000000 0.875655 1357680.000000 0.875655 0.986223 0.000000 0 
1362480.000000 0.873355 1362480.000000 0.873355 0.998906 0.000000 0 
1438320.000000 0.856688 1438320.000000 0.856688 0.978008 0.000000 0 
1351920.000000 0.878409 1351920.000000 0.878409 0.992133 0.000000 0 
1344480.000000 0.878773 1344480.000000 0.878773 0.986520 0.000000 0 
1223280.000000 0.935886 1223280.000000 0.935886 0.993632 0.000000 0 
1157040.000000 0.990490 1157040.000000 0.990490 0.998680 0.000000 0 
1413360.000000 0.858939 1413360.000000 0.858939 0.995315 0.000000 0 
1223280.000000 0.935886 1223280.000000 0.935886 0.993632 0.000000 0 
1383600.000000 0.867716 1383600.000000 0.867716 0.993377 0.000000 0 
1318320.000000 0.886417 1318320.000000 0.886417 0.985036 0.000000 0 
1374960.000000 0.867838 1374960.000000 0.867838 0.993139 0.000000 0 
1689600.000000 0.820700 1689600.000000 0.820700 0.999858 0.000000 0 
1321200.000000 0.883671 1321200.000000 0.883671 0.988805 0.000000 0 
1762320.000000 0.816328 1762320.000000 0.816328 0.985743 0.000000 0 
1673520.000000 0.822519 1673520.000000 0.822519 0.994629 0.000000 0 
1243440.000000 0.920729 1243440.000000 0.920729 0.998688 0.000000 0 
1659360.000000 0.826262 1659360.000000 0.826262 0.991342 0.000000 0 
1512720.000000 0.842700 1512720.000000 0.842700 0.996590 0.000000 0 
1300320.000000 0.893537 1300320.000000 0.893537 0.990739 0.000000 0 
1755600.000000 0.816520 1755600.000000 0.816520 0.985415 0.000000 0 
1440000.000000 0.855032 1440000.000000 0.855032 0.994888 0.000000 0 
1533600.000000 0.840699 1533600.000000 0.840699 0.990355 0.000000 0 
1371360.000000 0.872224 1371360.000000 0.872224 0.980157 0.000000 0 
1114560.000000 1.086280 1114560.000000 1.086280 0.995203 0.000000 0 
1533600.000000 0.840699 1533600.000000 0.840699 0.990355 0.000000 0 
1269120.000000 0.909201 1269120.000000 0.909201 0.997351 0.000000 0 
1262640.000000 0.913146 1262640.000000 0.913146 0.995237 0.000000 0 
1666560.000000 0.823822 1666560.000000 0.823822 0.994533 0.000000 0 
1153440.000000 0.992735 1153440.000000 0.992735 0.995631 0.000000 0 
1678560.000000 0.821437 1678560.000000 0.821437 0.987263 0.000000 0 
1234320.000000 0.932150 1234320.000000 0.932150 0.995133 0.000000 0 
1586400.000000 0.832144 1586400.000000 0.832144 0.998058 0.000000 0 
1262640.000000 0.913146 1262640.000000 0.913146 0.995237 0.000000 0 
1392240.000000 0.867151 1392240.000000 0.867151 0.985222 0.000000 0 
1374240.000000 0.871619 1374240.000000 0.871619 0.986067 0.000000 0 
1254960.000000 0.920324 1254960.000000 0.920324 0.999320 0.000000 0 
1178400.000000 0.968254 1178400.000000 0.968254 0.999654 0.000000 0 
1684560.000000 0.821142 1684560.000000 0.821142 0.985161 0.000000 0 
1408560.000000 0.858955 1408560.000000 0.858955 0.993661 0.000000 0 
1665360.000000 0.825631 1665360.000000 0.825631 0.997510 0.000000 0 
1394400.000000 0.866539 1394400.000000 0.866539 0.988072 0.000000 0 
1252080.000000 0.920455 1252080.000000 0.920455 0.997482 0.000000 0 
1234320.000000 0.932150 1234320.000000 0.932150 0.995133 0.000000 0 
1540800.000000 0.837039 1540800.000000 0.837039 0.995006 0.000000 0 
1322160.000000 0.883237 1322160.000000 0.883237 0.987639 0.000000 0 
1202400.000000 0.946728 1202400.000000 0.946728 0.996805 0.000000 0 
1627440.000000 0.827816 1627440.000000 0.827816 0.999273 0.000000 0 
1146240.000000 1.025932 1146240.000000 1.025932 0.999418 0.000000 0 
1109280.000000 1.112800 1109280.000000 1.112800 0.996408 0.000000 0 
1280640.000000 0.900128 1280640.000000 0.900128 0.994015 0.000000 0 
1209840.000000 0.953942 1209840.000000 0.953942 0.993030 0.000000 1 
1290000.000000 0.900355 1290000.000000 0.900355 0.991905 0.000000 1 
#Generacion: 3000 
#Distancia: 235.681010 
1095840.000000 1.106593 1095840.000000 1.106593 0.999022 0.000000 0 
1795920.000000 0.812374 1795920.000000 0.812374 0.991285 0.000000 0 
1119360.000000 1.046509 1119360.000000 1.046509 0.998293 0.000000 0 
1122240.000000 1.017114 1122240.000000 1.017114 0.996718 0.000000 0 
1116480.000000 1.069706 1116480.000000 1.069706 0.998761 0.000000 0 
1135920.000000 1.014630 1135920.000000 1.014630 0.994979 0.000000 0 
1192560.000000 0.955466 1192560.000000 0.955466 0.997376 0.000000 0 
1764240.000000 0.813938 1764240.000000 0.813938 0.989375 0.000000 0 
1195680.000000 0.946424 1195680.000000 0.946424 0.998257 0.000000 0 
1399920.000000 0.857063 1399920.000000 0.857063 0.991771 0.000000 0 
1139040.000000 1.000499 1139040.000000 1.000499 0.996277 0.000000 0 
1606560.000000 0.831374 1606560.000000 0.831374 0.994103 0.000000 0 
1426800.000000 0.855269 1426800.000000 0.855269 0.988173 0.000000 0 
1166640.000000 0.978489 1166640.000000 0.978489 0.995973 0.000000 0 
1717680.000000 0.817021 1717680.000000 0.817021 0.993934 0.000000 0 
1742640.000000 0.815264 1742640.000000 0.815264 0.996260 0.000000 0 
1105200.000000 1.099127 1105200.000000 1.099127 0.998202 0.000000 0 
1793280.000000 0.813327 1793280.000000 0.813327 0.992132 0.000000 0 
1170720.000000 0.971222 1170720.000000 0.971222 0.999047 0.000000 0 
1576800.000000 0.831823 1576800.000000 0.831823 0.994329 0.000000 0 
1534320.000000 0.837328 1534320.000000 0.837328 0.997632 0.000000 0 
1349520.000000 0.878016 1349520.000000 0.878016 0.989394 0.000000 0 
1253280.000000 0.904307 1253280.000000 0.904307 0.994161 0.000000 0 
1243200.000000 0.920453 1243200.000000 0.920453 0.998262 0.000000 0 
1514640.000000 0.839374 1514640.000000 0.839374 0.985456 0.000000 0 
1106640.000000 1.095473 1106640.000000 1.095473 0.997472 0.000000 0 
1506000.000000 0.843015 1506000.000000 0.843015 0.996938 0.000000 0 
1148400.000000 0.992962 1148400.000000 0.992962 0.996440 0.000000 0 
1164960.000000 0.985697 1164960.000000 0.985697 0.994855 0.000000 0 
1110720.000000 1.088617 1110720.000000 1.088617 0.998464 0.000000 0 
1177440.000000 0.969263 1177440.000000 0.969263 0.999519 0.000000 0 
1188000.000000 0.962567 1188000.000000 0.962567 0.999548 0.000000 0 
1651200.000000 0.821307 1651200.000000 0.821307 0.994443 0.000000 0 
1114560.000000 1.086280 1114560.000000 1.086280 0.995203 0.000000 0 
1252080.000000 0.916080 1252080.000000 0.916080 0.996852 0.000000 0 
1669440.000000 0.819101 1669440.000000 0.819101 0.992160 0.000000 0 
1459200.000000 0.850279 1459200.000000 0.850279 0.984144 0.000000 0 
1220160.000000 0.933288 1220160.000000 0.933288 0.995862 0.000000 0 
1309680.000000 0.886480 1309680.000000 0.886480 0.986521 0.000000 0 
1561200.000000 0.832325 1561200.000000 0.832325 0.998675 0.000000 0 
1357680.000000 0.872163 1357680.000000 0.872163 0.990429 0.000000 0 
1239360.000000 0.923880 1239360.000000 0.923880 0.997426 0.000000 0 
1230720.000000 0.926911 1230720.000000 0.926911 0.996735 0.000000 0 
1486320.000000 0.845884 1486320.000000 0.845884 0.980517 0.000000 0 
1271760.000000 0.902893 1271760.000000 0.902893 0.987883 0.000000 0 
1144080.000000 1.000235 1144080.000000 1.000235 0.997528 0.000000 0 
1486800.000000 0.843124 1486800.000000 0.843124 0.992066 0.000000 0 
1181280.000000 0.963190 1181280.000000 0.963190 0.998616 0.000000 0 
1695120.000000 0.818059 1695120.000000 0.818059 0.983857 0.000000 0 
1228800.000000 0.931143 1228800.000000 0.931143 0.996843 0.000000 0 
1303920.000000 0.892198 1303920.000000 0.892198 0.994433 0.000000 0 
1288560.000000 0.894070 1288560.000000 0.894070 0.991828 0.000000 0 
1156320.000000 0.986737 1156320.000000 0.986737 0.996481 0.000000 0 
1707120.000000 0.817156 1707120.000000 0.817156 0.994986 0.000000 0 
1752000.000000 0.814828 1752000.000000 0.814828 0.995080 0.000000 0 
1553520.000000 0.834416 1553520.000000 0.834416 0.999099 0.000000 0 
1448160.000000 0.850737 1448160.000000 0.850737 0.985520 0.000000 0 
1337760.000000 0.881065 1337760.000000 0.881065 0.983080 0.000000 0 
1207200.000000 0.942800 1207200.000000 0.942800 0.998100 0.000000 0 
1155120.000000 0.992209 1155120.000000 0.992209 0.998076 0.000000 0 
1684560.000000 0.818703 1684560.000000 0.818703 0.989271 0.000000 0 
1274640.000000 0.897627 1274640.000000 0.897627 0.997374 0.000000 0 
1254240.000000 0.903689 1254240.000000 0.903689 0.993427 0.000000 0 
1441200.000000 0.852776 1441200.000000 0.852776 0.992012 0.000000 0 
1374240.000000 0.871619 1374240.000000 0.871619 0.986067 0.000000 0 
1374960.000000 0.867838 1374960.000000 0.867838 0.993139 0.000000 0 
1116480.000000 1.069706 1116480.000000 1.069706 0.998761 0.000000 0 
1115520.000000 1.078336 1115520.000000 1.078336 0.999478 0.000000 0 
1212000.000000 0.938086 1212000.000000 0.938086 0.995564 0.000000 0 
1326720.000000 0.882211 1326720.000000 0.882211 0.997905 0.000000 0 
1467360.000000 0.846643 1467360.000000 0.846643 0.985291 0.000000 0 
1432560.000000 0.853321 1432560.000000 0.853321 0.987600 0.000000 0 
1318320.000000 0.886391 1318320.000000 0.886391 0.988912 0.000000 0 
1397280.000000 0.860809 1397280.000000 0.860809 0.988597 0.000000 0 
1379760.000000 0.864838 1379760.000000 0.864838 0.982668 0.000000 0 
1638240.000000 0.825000 1638240.000000 0.825000 0.999543 0.000000 0 
1115520.000000 1.078336 1115520.000000 1.078336 0.999478 0.000000 0 
1215120.000000 0.937393 1215120.000000 0.937393 0.998282 0.000000 0 
1629120.000000 0.826479 1629120.000000 0.826479 0.998165 0.000000 0 
1252080.000000 0.916080 1252080.000000 0.916080 0.996852 0.000000 0 
1343520.000000 0.879601 1343520.000000 0.879601 0.993521 0.000000 0 
1390560.000000 0.861576 1390560.000000 0.861576 0.991465 0.000000 0 
1547520.000000 0.836723 1547520.000000 0.836723 0.994907 0.000000 0 
1386720.000000 0.864335 1386720.000000 0.864335 0.990311 0.000000 0 
1615200.000000 0.830322 1615200.000000 0.830322 0.987067 0.000000 0 
1322160.000000 0.883237 1322160.000000 0.883237 0.987639 0.000000 0 
1363440.000000 0.872121 1363440.000000 0.872121 0.994663 0.000000 0 
1510560.000000 0.840323 1510560.000000 0.840323 0.979475 0.000000 0 
1467360.000000 0.846643 1467360.000000 0.846643 0.985291 0.000000 0 
1575840.000000 0.832022 1575840.000000 0.832022 0.993918 0.000000 0 
1299360.000000 0.892901 1299360.000000 0.892901 0.990615 0.000000 0 
1617840.000000 0.828390 1617840.000000 0.828390 0.998095 0.000000 0 
1674960.000000 0.819087 1674960.000000 0.819087 0.983251 0.000000 0 
1626480.000000 0.828260 1626480.000000 0.828260 0.997128 0.000000 0 
1642800.000000 0.823819 1642800.000000 0.823819 0.993042 0.000000 0 
1272480.000000 0.899723 1272480.000000 0.899723 0.979466 0.000000 0 
1541040.000000 0.837010 1541040.000000 0.837010 0.997501 0.000000 0 
1650960.000000 0.823740 1650960.000000 0.823740 0.981190 0.000000 0 
1289520.000000 0.893200 1289520.000000 0.893200 0.990658 0.000000 0 
1207200.000000 0.942800 1207200.000000 0.942800 0.998100 0.000000 0 
#Generacion: 3500 
#Distancia: 240.108687 
1953840.000000 0.804558 1953840.000000 0.804558 0.987595 0.000000 0 
1078320.000000 1.055819 1078320.000000 1.055819 0.999003 0.000000 0 
1820400.000000 0.804983 1820400.000000 0.804983 0.994992 0.000000 0 
1945920.000000 0.804714 1945920.000000 0.804714 0.989414 0.000000 0 
1112880.000000 1.028961 1112880.000000 1.028961 0.999377 0.000000 0 
1121760.000000 1.005807 1121760.000000 1.005807 0.995847 0.000000 0 
1086960.000000 1.055515 1086960.000000 1.055515 0.996959 0.000000 0 
1098720.000000 1.037409 1098720.000000 1.037409 0.998817 0.000000 0 
1675920.000000 0.819573 1675920.000000 0.819573 0.998160 0.000000 0 
1690800.000000 0.814373 1690800.000000 0.814373 0.990755 0.000000 0 
1798560.000000 0.810063 1798560.000000 0.810063 0.989533 0.000000 0 
1710000.000000 0.814240 1710000.000000 0.814240 0.990579 0.000000 0 
1246560.000000 0.904054 1246560.000000 0.904054 0.998147 0.000000 0 
1201440.000000 0.941757 1201440.000000 0.941757 0.997992 0.000000 0 
1099680.000000 1.036307 1099680.000000 1.036307 0.998947 0.000000 0 
1170720.000000 0.971189 1170720.000000 0.971189 0.998974 0.000000 0 
1577520.000000 0.831628 1577520.000000 0.831628 0.993390 0.000000 0 
1148400.000000 0.992962 1148400.000000 0.992962 0.996440 0.000000 0 
1188000.000000 0.962567 1188000.000000 0.962567 0.999548 0.000000 0 
1224480.000000 0.927223 1224480.000000 0.927223 0.986758 0.000000 0 
1309680.000000 0.886480 1309680.000000 0.886480 0.986521 0.000000 0 
1734720.000000 0.813641 1734720.000000 0.813641 0.993200 0.000000 0 
1137360.000000 0.999915 1137360.000000 0.999915 0.998638 0.000000 0 
1177440.000000 0.969263 1177440.000000 0.969263 0.999519 0.000000 0 
1206240.000000 0.936864 1206240.000000 0.936864 0.994891 0.000000 0 
1534320.000000 0.837328 1534320.000000 0.837328 0.997632 0.000000 0 
1415040.000000 0.854833 1415040.000000 0.854833 0.996013 0.000000 0 
1285920.000000 0.892342 1285920.000000 0.892342 0.996408 0.000000 0 
1166640.000000 0.978443 1166640.000000 0.978443 0.996026 0.000000 0 
1388640.000000 0.863344 1388640.000000 0.863344 0.997274 0.000000 0 
1399920.000000 0.857063 1399920.000000 0.857063 0.991771 0.000000 0 
1218720.000000 0.932407 1218720.000000 0.932407 0.996476 0.000000 0 
1138320.000000 0.999400 1138320.000000 0.999400 0.998482 0.000000 0 
1434240.000000 0.849548 1434240.000000 0.849548 0.999341 0.000000 0 
1159920.000000 0.978751 1159920.000000 0.978751 0.995884 0.000000 0 
1336560.000000 0.878476 1336560.000000 0.878476 0.991853 0.000000 0 
1181280.000000 0.963190 1181280.000000 0.963190 0.998616 0.000000 0 
1495200.000000 0.841932 1495200.000000 0.841932 0.985614 0.000000 0 
1274400.000000 0.900341 1274400.000000 0.900341 0.987712 0.000000 0 
1394160.000000 0.858995 1394160.000000 0.858995 0.992434 0.000000 0 
1341360.000000 0.873646 1341360.000000 0.873646 0.983886 0.000000 0 
1360560.000000 0.869651 1360560.000000 0.869651 0.984088 0.000000 0 
1192560.000000 0.954570 1192560.000000 0.954570 0.997231 0.000000 0 
1644240.000000 0.819684 1644240.000000 0.819684 0.998553 0.000000 0 
1244640.000000 0.912695 1244640.000000 0.912695 0.992436 0.000000 0 
1279680.000000 0.897123 1279680.000000 0.897123 0.991955 0.000000 0 
1601280.000000 0.829115 1601280.000000 0.829115 0.995133 0.000000 0 
1548960.000000 0.835463 1548960.000000 0.835463 0.984685 0.000000 0 
1555440.000000 0.832990 1555440.000000 0.832990 0.997770 0.000000 0 
1193760.000000 0.950507 1193760.000000 0.950507 0.999170 0.000000 0 
1157280.000000 0.985695 1157280.000000 0.985695 0.995565 0.000000 0 
1619280.000000 0.826143 1619280.000000 0.826143 0.996868 0.000000 0 
1240800.000000 0.916450 1240800.000000 0.916450 0.996150 0.000000 0 
1627200.000000 0.823336 1627200.000000 0.823336 0.993042 0.000000 0 
1486800.000000 0.843124 1486800.000000 0.843124 0.992066 0.000000 0 
1326960.000000 0.879259 1326960.000000 0.879259 0.993286 0.000000 0 
1459440.000000 0.845255 1459440.000000 0.845255 0.991313 0.000000 0 
1636800.000000 0.822296 1636800.000000 0.822296 0.979820 0.000000 0 
1153440.000000 0.991842 1153440.000000 0.991842 0.995455 0.000000 0 
1298160.000000 0.887385 1298160.000000 0.887385 0.993297 0.000000 0 
1775760.000000 0.811139 1775760.000000 0.811139 0.983547 0.000000 0 
1228320.000000 0.923541 1228320.000000 0.923541 0.996216 0.000000 0 
1765440.000000 0.811858 1765440.000000 0.811858 0.997404 0.000000 0 
1605840.000000 0.826174 1605840.000000 0.826174 0.998311 0.000000 0 
1211040.000000 0.933497 1211040.000000 0.933497 0.997530 0.000000 0 
1261920.000000 0.901613 1261920.000000 0.901613 0.992112 0.000000 0 
1790160.000000 0.810486 1790160.000000 0.810486 0.990534 0.000000 0 
1377840.000000 0.864865 1377840.000000 0.864865 0.987852 0.000000 0 
1156320.000000 0.986737 1156320.000000 0.986737 0.996481 0.000000 0 
1369200.000000 0.867651 1369200.000000 0.867651 0.993285 0.000000 0 
1317360.000000 0.881635 1317360.000000 0.881635 0.992130 0.000000 0 
1753680.000000 0.813030 1753680.000000 0.813030 0.991127 0.000000 0 
1252320.000000 0.901758 1252320.000000 0.901758 0.995294 0.000000 0 
1451760.000000 0.849487 1451760.000000 0.849487 0.993307 0.000000 0 
1284480.000000 0.894121 1284480.000000 0.894121 0.987581 0.000000 0 
1426800.000000 0.852298 1426800.000000 0.852298 0.992705 0.000000 0 
1238160.000000 0.919774 1238160.000000 0.919774 0.999177 0.000000 0 
1454400.000000 0.848552 1454400.000000 0.848552 0.996414 0.000000 0 
1195680.000000 0.946424 1195680.000000 0.946424 0.998257 0.000000 0 
1341360.000000 0.873646 1341360.000000 0.873646 0.983886 0.000000 0 
1471440.000000 0.843899 1471440.000000 0.843899 0.995762 0.000000 0 
1746480.000000 0.813456 1746480.000000 0.813456 0.994666 0.000000 0 
1510560.000000 0.840323 1510560.000000 0.840323 0.979475 0.000000 0 
1421760.000000 0.852477 1421760.000000 0.852477 0.996644 0.000000 0 
1372080.000000 0.865858 1372080.000000 0.865858 0.999604 0.000000 0 
1317360.000000 0.881635 1317360.000000 0.881635 0.992130 0.000000 0 
1523280.000000 0.839034 1523280.000000 0.839034 0.985943 0.000000 0 
1510560.000000 0.840323 1510560.000000 0.840323 0.979475 0.000000 0 
1523280.000000 0.839034 1523280.000000 0.839034 0.985943 0.000000 0 
1244640.000000 0.912695 1244640.000000 0.912695 0.992436 0.000000 0 
1587840.000000 0.830106 1587840.000000 0.830106 0.991096 0.000000 0 
1470960.000000 0.844720 1470960.000000 0.844720 0.991657 0.000000 0 
1644240.000000 0.819684 1644240.000000 0.819684 0.998553 0.000000 0 
1195680.000000 0.946424 1195680.000000 0.946424 0.998257 0.000000 0 
1587840.000000 0.830106 1587840.000000 0.830106 0.991096 0.000000 0 
1360560.000000 0.869651 1360560.000000 0.869651 0.984088 0.000000 0 
1192560.000000 0.954570 1192560.000000 0.954570 0.997231 0.000000 0 
1553040.000000 0.833651 1553040.000000 0.833651 0.988705 0.000000 0 
1298160.000000 0.887385 1298160.000000 0.887385 0.993297 0.000000 0 
1233360.000000 0.921385 1233360.000000 0.921385 0.994329 0.000000 0 
#Generacion: 4000 
#Distancia: 244.722828 
1070880.000000 1.077227 1070880.000000 1.077227 0.998819 0.000000 0 
1954560.000000 0.799698 1954560.000000 0.799698 0.983516 0.000000 0 
1094640.000000 1.029631 1094640.000000 1.029631 0.999228 0.000000 0 
1092960.000000 1.049102 1092960.000000 1.049102 0.996330 0.000000 0 
1077360.000000 1.056323 1077360.000000 1.056323 0.998634 0.000000 0 
1103040.000000 1.010716 1103040.000000 1.010716 0.998386 0.000000 0 
1146960.000000 0.974856 1146960.000000 0.974856 0.995588 0.000000 0 
1753200.000000 0.808208 1753200.000000 0.808208 0.977939 0.000000 0 
1796400.000000 0.807860 1796400.000000 0.807860 0.998339 0.000000 0 
1670880.000000 0.811409 1670880.000000 0.811409 0.996086 0.000000 0 
1692960.000000 0.811019 1692960.000000 0.811019 0.988468 0.000000 0 
1100400.000000 1.023808 1100400.000000 1.023808 0.998791 0.000000 0 
1221600.000000 0.923325 1221600.000000 0.923325 0.999295 0.000000 0 
1139040.000000 0.981514 1139040.000000 0.981514 0.995695 0.000000 0 
1194720.000000 0.941152 1194720.000000 0.941152 0.997916 0.000000 0 
1628880.000000 0.819238 1628880.000000 0.819238 0.987481 0.000000 0 
1240080.000000 0.911142 1240080.000000 0.911142 0.999212 0.000000 0 
1131120.000000 0.988888 1131120.000000 0.988888 0.998559 0.000000 0 
1237920.000000 0.917842 1237920.000000 0.917842 0.995294 0.000000 0 
1218720.000000 0.932407 1218720.000000 0.932407 0.996476 0.000000 0 
1532880.000000 0.834258 1532880.000000 0.834258 0.979273 0.000000 0 
1588080.000000 0.825293 1588080.000000 0.825293 0.980958 0.000000 0 
1606800.000000 0.822593 1606800.000000 0.822593 0.984576 0.000000 0 
1124400.000000 0.998712 1124400.000000 0.998712 0.995579 0.000000 0 
1652880.000000 0.814873 1652880.000000 0.814873 0.978142 0.000000 0 
1205280.000000 0.937167 1205280.000000 0.937167 0.994528 0.000000 0 
1877520.000000 0.803022 1877520.000000 0.803022 0.987048 0.000000 0 
1079280.000000 1.050472 1079280.000000 1.050472 0.998468 0.000000 0 
1130160.000000 0.997618 1130160.000000 0.997618 0.995817 0.000000 0 
1650000.000000 0.817714 1650000.000000 0.817714 0.984992 0.000000 0 
1330080.000000 0.881547 1330080.000000 0.881547 0.991804 0.000000 0 
1714800.000000 0.809432 1714800.000000 0.809432 0.979326 0.000000 0 
1522320.000000 0.836902 1522320.000000 0.836902 0.981963 0.000000 0 
1333920.000000 0.874964 1333920.000000 0.874964 0.999943 0.000000 0 
1414080.000000 0.854815 1414080.000000 0.854815 0.996076 0.000000 0 
1171440.000000 0.957534 1171440.000000 0.957534 0.993313 0.000000 0 
1935120.000000 0.800087 1935120.000000 0.800087 0.981412 0.000000 0 
1341360.000000 0.873646 1341360.000000 0.873646 0.983886 0.000000 0 
1244880.000000 0.906169 1244880.000000 0.906169 0.993837 0.000000 0 
1296480.000000 0.891001 1296480.000000 0.891001 0.989205 0.000000 0 
1924560.000000 0.801459 1924560.000000 0.801459 0.983363 0.000000 0 
1229520.000000 0.921333 1229520.000000 0.921333 0.994046 0.000000 0 
1862880.000000 0.803292 1862880.000000 0.803292 0.984302 0.000000 0 
1248480.000000 0.902944 1248480.000000 0.902944 0.995951 0.000000 0 
1404960.000000 0.856778 1404960.000000 0.856778 0.989290 0.000000 0 
1899360.000000 0.802404 1899360.000000 0.802404 0.990298 0.000000 0 
1561680.000000 0.830018 1561680.000000 0.830018 0.985787 0.000000 0 
1618320.000000 0.821777 1618320.000000 0.821777 0.979756 0.000000 0 
1359600.000000 0.871905 1359600.000000 0.871905 0.987057 0.000000 0 
1155360.000000 0.967405 1155360.000000 0.967405 0.995703 0.000000 0 
1478640.000000 0.841810 1478640.000000 0.841810 0.989903 0.000000 0 
1805040.000000 0.806644 1805040.000000 0.806644 0.995399 0.000000 0 
1369200.000000 0.867651 1369200.000000 0.867651 0.993285 0.000000 0 
1426800.000000 0.852298 1426800.000000 0.852298 0.992705 0.000000 0 
1112640.000000 1.005033 1112640.000000 1.005033 0.997496 0.000000 0 
1739040.000000 0.808562 1739040.000000 0.808562 0.980836 0.000000 0 
1511280.000000 0.839074 1511280.000000 0.839074 0.986730 0.000000 0 
1138560.000000 0.986642 1138560.000000 0.986642 0.999597 0.000000 0 
1309680.000000 0.882582 1309680.000000 0.882582 0.996489 0.000000 0 
1836000.000000 0.803872 1836000.000000 0.803872 0.996682 0.000000 0 
1194000.000000 0.947653 1194000.000000 0.947653 0.999446 0.000000 0 
1285920.000000 0.892342 1285920.000000 0.892342 0.996408 0.000000 0 
1193760.000000 0.950507 1193760.000000 0.950507 0.999170 0.000000 0 
1272960.000000 0.896986 1272960.000000 0.896986 0.993768 0.000000 0 
1846560.000000 0.803780 1846560.000000 0.803780 0.998278 0.000000 0 
1162320.000000 0.962790 1162320.000000 0.962790 0.997141 0.000000 0 
1211040.000000 0.933497 1211040.000000 0.933497 0.997530 0.000000 0 
1907280.000000 0.801960 1907280.000000 0.801960 0.996152 0.000000 0 
1548000.000000 0.831876 1548000.000000 0.831876 0.987224 0.000000 0 
1275120.000000 0.893880 1275120.000000 0.893880 0.997869 0.000000 0 
1112640.000000 1.005033 1112640.000000 1.005033 0.997496 0.000000 0 
1495200.000000 0.840950 1495200.000000 0.840950 0.985515 0.000000 0 
1185840.000000 0.954563 1185840.000000 0.954563 0.998765 0.000000 0 
1579680.000000 0.829790 1579680.000000 0.829790 0.982870 0.000000 0 
1723680.000000 0.808945 1723680.000000 0.808945 0.983407 0.000000 0 
1385520.000000 0.864441 1385520.000000 0.864441 0.990738 0.000000 0 
1461360.000000 0.844598 1461360.000000 0.844598 0.989201 0.000000 0 
1376880.000000 0.864609 1376880.000000 0.864609 0.991876 0.000000 0 
1472880.000000 0.844028 1472880.000000 0.844028 0.995525 0.000000 0 
1394160.000000 0.858995 1394160.000000 0.858995 0.992434 0.000000 0 
1389360.000000 0.860056 1389360.000000 0.860056 0.982393 0.000000 0 
1167360.000000 0.962178 1167360.000000 0.962178 0.998127 0.000000 0 
1257600.000000 0.899724 1257600.000000 0.899724 0.996418 0.000000 0 
1454640.000000 0.846747 1454640.000000 0.846747 0.992363 0.000000 0 
1096560.000000 1.024398 1096560.000000 1.024398 0.998215 0.000000 0 
1263120.000000 0.899456 1263120.000000 0.899456 0.995740 0.000000 0 
1179600.000000 0.954703 1179600.000000 0.954703 0.999937 0.000000 0 
1317360.000000 0.881635 1317360.000000 0.881635 0.992130 0.000000 0 
1360560.000000 0.869556 1360560.000000 0.869556 0.987987 0.000000 0 
1448880.000000 0.848603 1448880.000000 0.848603 0.988355 0.000000 0 
1580640.000000 0.827443 1580640.000000 0.827443 0.983599 0.000000 0 
1436400.000000 0.851757 1436400.000000 0.851757 0.993245 0.000000 0 
1442160.000000 0.850003 1442160.000000 0.850003 0.994665 0.000000 0 
1497840.000000 0.839164 1497840.000000 0.839164 0.999030 0.000000 0 
1155360.000000 0.967405 1155360.000000 0.967405 0.995703 0.000000 0 
1077360.000000 1.056323 1077360.000000 1.056323 0.998634 0.000000 0 
1300320.000000 0.886038 1300320.000000 0.886038 0.996696 0.000000 0 
1817760.000000 0.804480 1817760.000000 0.804480 0.991232 0.000000 0 
1300320.000000 0.886038 1300320.000000 0.886038 0.996696 0.000000 0 
1817760.000000 0.804480 1817760.000000 0.804480 0.991232 0.000000 0 
#Generacion: 4500 
#Distancia: 266.497980 
1914000.000000 0.798494 1914000.000000 0.798494 0.985907 0.000000 0 
1064880.000000 1.074577 1064880.000000 1.074577 0.998255 0.000000 0 
1072800.000000 1.071398 1072800.000000 1.071398 0.999410 0.000000 0 
1075920.000000 1.051977 1075920.000000 1.051977 0.998723 0.000000 0 
1079280.000000 1.050472 1079280.000000 1.050472 0.998468 0.000000 0 
1757280.000000 0.807095 1757280.000000 0.807095 0.987811 0.000000 0 
1778400.000000 0.805448 1778400.000000 0.805448 0.990834 0.000000 0 
1214160.000000 0.921208 1214160.000000 0.921208 0.996934 0.000000 0 
1087200.000000 1.036235 1087200.000000 1.036235 0.998203 0.000000 0 
1100400.000000 1.023808 1100400.000000 1.023808 0.998791 0.000000 0 
1093920.000000 1.024325 1093920.000000 1.024325 0.999335 0.000000 0 
1102080.000000 1.010177 1102080.000000 1.010177 0.998730 0.000000 0 
1237200.000000 0.910199 1237200.000000 0.910199 0.993613 0.000000 0 
1451040.000000 0.845912 1451040.000000 0.845912 0.993378 0.000000 0 
1801680.000000 0.804444 1801680.000000 0.804444 0.987103 0.000000 0 
1860960.000000 0.801452 1860960.000000 0.801452 0.990002 0.000000 0 
1230720.000000 0.916340 1230720.000000 0.916340 0.998397 0.000000 0 
1087200.000000 1.036235 1087200.000000 1.036235 0.998203 0.000000 0 
1468320.000000 0.843777 1468320.000000 0.843777 0.994830 0.000000 0 
1557360.000000 0.823676 1557360.000000 0.823676 0.995391 0.000000 0 
1195920.000000 0.936649 1195920.000000 0.936649 0.998589 0.000000 0 
1497120.000000 0.835913 1497120.000000 0.835913 0.994400 0.000000 0 
1209600.000000 0.932689 1209600.000000 0.932689 0.998671 0.000000 0 
1623360.000000 0.815559 1623360.000000 0.815559 0.988367 0.000000 0 
1728480.000000 0.807655 1728480.000000 0.807655 0.997055 0.000000 0 
1911840.000000 0.800096 1911840.000000 0.800096 0.975658 0.000000 0 
1275120.000000 0.893880 1275120.000000 0.893880 0.997869 0.000000 0 
1314720.000000 0.882397 1314720.000000 0.882397 0.999764 0.000000 0 
1138320.000000 0.982760 1138320.000000 0.982760 0.993373 0.000000 0 
1477200.000000 0.840533 1477200.000000 0.840533 0.991608 0.000000 0 
1398240.000000 0.853874 1398240.000000 0.853874 0.998704 0.000000 0 
1128000.000000 0.996420 1128000.000000 0.996420 0.995106 0.000000 0 
1840800.000000 0.801632 1840800.000000 0.801632 0.995425 0.000000 0 
1266000.000000 0.898875 1266000.000000 0.898875 0.989762 0.000000 0 
1194720.000000 0.941152 1194720.000000 0.941152 0.997916 0.000000 0 
1328640.000000 0.873249 1328640.000000 0.873249 0.999230 0.000000 0 
1612800.000000 0.819089 1612800.000000 0.819089 0.981889 0.000000 0 
1488240.000000 0.837962 1488240.000000 0.837962 0.992049 0.000000 0 
1296480.000000 0.886912 1296480.000000 0.886912 0.994131 0.000000 0 
1510320.000000 0.832163 1510320.000000 0.832163 0.989590 0.000000 0 
1244880.000000 0.906169 1244880.000000 0.906169 0.993837 0.000000 0 
1723680.000000 0.808945 1723680.000000 0.808945 0.983407 0.000000 0 
1522800.000000 0.828003 1522800.000000 0.828003 0.994215 0.000000 0 
1336800.000000 0.871610 1336800.000000 0.871610 0.992606 0.000000 0 
1121280.000000 1.004239 1121280.000000 1.004239 0.998182 0.000000 0 
1305360.000000 0.885154 1305360.000000 0.885154 0.998087 0.000000 0 
1248480.000000 0.902944 1248480.000000 0.902944 0.995951 0.000000 0 
1818960.000000 0.804064 1818960.000000 0.804064 0.986044 0.000000 0 
1392720.000000 0.859419 1392720.000000 0.859419 0.998656 0.000000 0 
1223040.000000 0.920018 1223040.000000 0.920018 0.996506 0.000000 0 
1424160.000000 0.852722 1424160.000000 0.852722 0.984188 0.000000 0 
1881120.000000 0.800289 1881120.000000 0.800289 0.991651 0.000000 0 
1439520.000000 0.849114 1439520.000000 0.849114 0.996089 0.000000 0 
1544880.000000 0.825383 1544880.000000 0.825383 0.986611 0.000000 0 
1347840.000000 0.868900 1347840.000000 0.868900 0.997637 0.000000 0 
1194000.000000 0.947653 1194000.000000 0.947653 0.999446 0.000000 0 
1124400.000000 0.998712 1124400.000000 0.998712 0.995579 0.000000 0 
1171440.000000 0.957534 1171440.000000 0.957534 0.993313 0.000000 0 
1367280.000000 0.866541 1367280.000000 0.866541 0.999136 0.000000 0 
1112160.000000 1.005222 1112160.000000 1.005222 0.995974 0.000000 0 
1179600.000000 0.954703 1179600.000000 0.954703 0.999937 0.000000 0 
1700640.000000 0.809481 1700640.000000 0.809481 0.992719 0.000000 0 
1684080.000000 0.810827 1684080.000000 0.810827 0.976905 0.000000 0 
1538160.000000 0.827507 1538160.000000 0.827507 0.997833 0.000000 0 
1256640.000000 0.899574 1256640.000000 0.899574 0.995739 0.000000 0 
1670880.000000 0.811409 1670880.000000 0.811409 0.996086 0.000000 0 
1411920.000000 0.853535 1411920.000000 0.853535 0.998646 0.000000 0 
1831440.000000 0.803710 1831440.000000 0.803710 0.983557 0.000000 0 
1576560.000000 0.822077 1576560.000000 0.822077 0.995156 0.000000 0 
1145760.000000 0.981274 1145760.000000 0.981274 0.998515 0.000000 0 
1291200.000000 0.891524 1291200.000000 0.891524 0.990186 0.000000 0 
1594800.000000 0.820906 1594800.000000 0.820906 0.993602 0.000000 0 
1162320.000000 0.962790 1162320.000000 0.962790 0.997141 0.000000 0 
1354080.000000 0.867165 1354080.000000 0.867165 0.992464 0.000000 0 
1433520.000000 0.850364 1433520.000000 0.850364 0.996562 0.000000 0 
1384080.000000 0.859559 1384080.000000 0.859559 0.991290 0.000000 0 
1131120.000000 0.988888 1131120.000000 0.988888 0.998559 0.000000 0 
1154640.000000 0.972597 1154640.000000 0.972597 0.987176 0.000000 0 
1131120.000000 0.988888 1131120.000000 0.988888 0.998559 0.000000 0 
1146000.000000 0.975766 1146000.000000 0.975766 0.995423 0.000000 0 
1187040.000000 0.952757 1187040.000000 0.952757 0.990609 0.000000 0 
1209600.000000 0.932689 1209600.000000 0.932689 0.998671 0.000000 0 
1635840.000000 0.813740 1635840.000000 0.813740 0.983153 0.000000 0 
1107120.000000 1.009529 1107120.000000 1.009529 0.995854 0.000000 0 
1166400.000000 0.960381 1166400.000000 0.960381 0.993813 0.000000 0 
1512240.000000 0.829858 1512240.000000 0.829858 0.990399 0.000000 0 
1881120.000000 0.800289 1881120.000000 0.800289 0.991651 0.000000 0 
1601520.000000 0.819567 1601520.000000 0.819567 0.984374 0.000000 0 
1284000.000000 0.892293 1284000.000000 0.892293 0.994163 0.000000 0 
1381920.000000 0.864462 1381920.000000 0.864462 0.982728 0.000000 0 
1189680.000000 0.949535 1189680.000000 0.949535 0.999591 0.000000 0 
1155360.000000 0.967405 1155360.000000 0.967405 0.995703 0.000000 0 
1579440.000000 0.821362 1579440.000000 0.821362 0.996499 0.000000 0 
1325040.000000 0.879166 1325040.000000 0.879166 0.993365 0.000000 0 
1157280.000000 0.966305 1157280.000000 0.966305 0.995361 0.000000 0 
1376880.000000 0.864609 1376880.000000 0.864609 0.991876 0.000000 0 
1695600.000000 0.809638 1695600.000000 0.809638 0.991953 0.000000 0 
1325040.000000 0.879166 1325040.000000 0.879166 0.993365 0.000000 0 
1640400.000000 0.812419 1640400.000000 0.812419 0.981146 0.000000 0 
1661760.000000 0.813260 1661760.000000 0.813260 0.993239 0.000000 1 
#Generacion: 5000 
#Distancia: 266.397879 
