44895252.847875 42832934.324096 2062320.000000 1.476221 5.283293 42832932.847875 14 
34005395.008415 31922196.127659 2083200.000000 1.119243 4.192220 31922195.008415 7 
51197541.054401 49263144.088098 1934400.000000 3.033697 5.926314 49263141.054401 33 
27363444370956.148438 27363442422397.472656 1948560.000000 1.322754 2736345.242240 27363442422396.148438 73 
43051054.902333 40920816.314993 2130240.000000 1.412660 5.092081 40920814.902333 11 
143758724722262.062500 143758722738663.500000 1983600.000000 1.431565 14375873.273866 143758722738662.062500 83 
353962614070404.500000 353962612084406.062500 1986000.000000 1.548951 35396262.208440 353962612084404.500000 87 
54102357.124392 52077718.223087 2024640.000000 1.098695 6.207772 52077717.124392 38 
25601450.859742 23498572.273645 2102880.000000 1.413903 3.349857 23498570.859742 2 
72968528.935153 70903570.701476 2064960.000000 1.766323 8.090357 70903568.935153 56 
50744800.747915 48825762.176328 1919040.000000 1.428413 5.882576 48825760.747915 30 
45441388.635269 43404989.929071 2036400.000000 1.293801 5.340499 43404988.635269 16 
53242209.312517 51240850.910495 2001360.000000 1.597978 6.124085 51240849.312517 36 
139954126082497.390625 139954123933538.890625 2148960.000000 1.493451 13995413.393354 139954123933537.390625 81 
54509666.008315 52692147.737259 1817520.000000 1.728944 6.269215 52692146.008315 39 
52758599.126764 50919000.807949 1839600.000000 1.681185 6.091900 50918999.126764 35 
147310407034987.093750 147310404970510.156250 2064480.000000 3.052059 14731041.497051 147310404970507.093750 84 
51033972.306877 49153813.616596 1880160.000000 1.309719 5.915381 49153812.306877 32 
49359016.303473 47436377.746190 1922640.000000 1.442717 5.743638 47436376.303473 23 
38907249.057211 36908770.714155 1998480.000000 1.656944 4.690877 36908769.057211 8 
48653004.541915 46743086.574274 1909920.000000 2.032360 5.674308 46743084.541915 22 
43815621.144866 41951302.986695 1864320.000000 1.841829 5.195130 41951301.144866 13 
71832597.564555 69903959.315486 1928640.000000 1.750932 7.990396 69903957.564555 55 
564496261891848.375000 564496259881130.000000 2010720.000000 1.584889 56449626.988113 564496259881128.375000 89 
25258345347954.062500 25258343302195.546875 2045760.000000 1.484880 2525835.330219 25258343302194.062500 72 
47686804.049521 45776165.810111 1910640.000000 1.760590 5.577616 45776164.049521 19 
62428541.930342 60535903.609190 1892640.000000 1.678847 7.053590 60535901.930342 50 
18819046998595.410156 18819044912276.617188 2086320.000000 1.208555 1881905.491228 18819044912275.410156 71 
349490892879632.250000 349490890773393.687500 2106240.000000 1.452586 34949090.077339 349490890773392.250000 86 
55961266.047337 53900867.764177 2060400.000000 1.716840 6.390087 53900866.047337 41 
49511028.878425 47614310.659885 1896720.000000 1.781460 5.761431 47614308.878425 24 
43476640.486508 41513202.035777 1963440.000000 1.549269 5.151320 41513200.486508 12 
62008561.773223 59936883.413500 2071680.000000 1.640277 6.993688 59936881.773223 49 
91624269.719613 89864592.649862 1759680.000000 2.930249 9.986459 89864589.719613 65 
25856022.925930 23921625.028236 1934400.000000 2.102306 3.392162 23921622.925930 3 
5094347082703.307617 5094344924144.829102 2158560.000000 1.521330 509435.492414 5094344924143.307617 67 
47671420.688730 45797022.018089 1874400.000000 1.329359 5.579702 45797020.688730 19 
440522202990989.500000 440522201012910.687500 1978080.000000 1.200195 44052221.101291 440522201012909.500000 88 
76053366.261989 74125687.651619 1927680.000000 1.389630 8.412569 74125686.261989 58 
60616008.199420 58556329.500407 2059680.000000 1.300988 6.855633 58556328.199420 46 
48441600.937481 46269842.497968 2171760.000000 1.560488 5.626984 46269840.937481 21 
87283569.356606 85351811.165244 1931760.000000 1.808638 9.535181 85351809.356606 62 
43909249.751115 41926131.297522 1983120.000000 1.546407 5.192613 41926129.751115 13 
55219444.139825 53407685.884227 1811760.000000 1.744402 6.340768 53407684.139825 40 
121843797169344.093750 121843795065986.078125 2103360.000000 1.989562 12184380.506598 121843795065984.093750 80 
54594423.469102 52662424.945310 1932000.000000 1.476208 6.266242 52662423.469102 39 
88803716.080961 86820357.896144 1983360.000000 1.815183 9.682036 86820356.080961 63 
69820504.042806 67933145.929407 1887360.000000 1.886602 7.793314 67933144.042806 52 
26593865.853671 24523868.702113 2070000.000000 2.848442 3.452387 24523865.853671 4 
48813171.514921 46738612.789604 2074560.000000 1.274682 5.673861 46738611.514921 22 
58122221.518017 56119423.240573 2002800.000000 1.722556 6.611942 56119421.518017 44 
48021841.717008 45924723.549278 2097120.000000 1.832270 5.592472 45924721.717008 20 
48005868.780514 46058510.279679 1947360.000000 1.499164 5.605851 46058508.780514 20 
41962914.428993 39863397.104507 2099520.000000 2.675514 4.986339 39863394.428993 10 
50244729.874992 48228731.471160 2016000.000000 1.596168 5.822873 48228729.874992 25 
86334307.998752 84422710.225865 1911600.000000 2.227113 9.442271 84422707.998752 61 
57520688.798654 55581251.505921 1939440.000000 2.707267 6.558125 55581248.798654 43 
47432797.942077 45467679.188216 1965120.000000 1.246140 5.546768 45467677.942077 18 
197715505741526.843750 197715503514808.031250 2226720.000000 1.194016 19771551.351481 197715503514806.843750 85 
28359968419441.296875 28359966240962.804688 2178480.000000 1.505958 2835997.624096 28359966240961.296875 75 
27392875264552.460938 27392873420874.542969 1843680.000000 2.081493 2739288.342087 27392873420872.460938 74 
59477892.421619 57583333.721198 1894560.000000 1.299579 6.758333 57583332.421619 45 
50553099.641663 48642221.838476 1910880.000000 2.196813 5.864222 48642219.641663 29 
1705510100291501.750000 1705510098308863.750000 1982640.000000 1.907074 170551010.830886 1705510098308861.750000 91 
47417247.035952 45478528.521829 1938720.000000 1.485877 5.547853 45478527.035952 18 
30302634.324858 28343516.166601 1959120.000000 1.841743 3.834351 28343514.324858 6 
45418315.461277 43330317.131360 2088000.000000 1.670082 5.333032 43330315.461277 15 
85744469.847873 83619032.248534 2125440.000000 2.400661 9.361903 83619029.847873 60 
41730366.198067 39855968.643209 1874400.000000 2.445142 4.985597 39855966.198067 9 
69070595821784.203125 69070593847546.500000 1974240.000000 2.297467 6907060.384754 69070593847544.203125 77 
54480651.577954 52696733.678115 1783920.000000 2.100161 6.269673 52696731.577954 39 
64195524.054633 61945045.597760 2250480.000000 1.543127 7.194504 61945044.054633 51 
50507108.529794 48481270.128281 2025840.000000 1.598487 5.848127 48481268.529794 28 
7490120769642.924805 7490118739724.758789 2029920.000000 1.833967 749012.873972 7490118739722.924805 68 
46276388.082701 44076789.999074 2199600.000000 1.916373 5.407679 44076788.082701 17 
7667528667894.189453 7667526715496.098633 1952400.000000 1.908822 766753.671549 7667526715494.189453 69 
921158911808755.375000 921158909682596.625000 2126160.000000 1.284544 92115891.968260 921158909682595.375000 90 
24574379.573763 22559100.728850 2015280.000000 1.155087 3.255910 22559099.573763 1 
48323937.064716 46366258.592101 1957680.000000 1.527385 5.636626 46366257.064716 21 
29248806.990956 27126248.418508 2122560.000000 1.427552 3.712625 27126246.990956 5 
90399952.982881 88338114.190240 2061840.000000 1.207359 9.833811 88338112.982881 64 
112433406301964.781250 112433404378126.359375 1923840.000000 1.581473 11243341.437812 112433404378124.781250 79 
74127249.222720 72212770.524389 1914480.000000 1.301669 8.221277 72212769.222720 57 
70810807.614959 68707929.519715 2102880.000000 1.904756 7.870793 68707927.614959 54 
22994281.479225 21038762.697118 1955520.000000 1.217893 3.103876 21038761.479225 0 
70625151.857304 68498033.128323 2127120.000000 1.271019 7.849803 68498031.857304 53 
60758200.922843 58956282.430894 1801920.000000 1.508051 6.895628 58956280.922843 48 
60619623.541687 58655465.336879 1964160.000000 1.795192 6.865546 58655463.541687 47 
85545904.642314 83524147.289798 2021760.000000 2.647484 9.352414 83524144.642314 59 
2973030694841.296387 2973028484922.595703 2209920.000000 1.299186 297303.848492 2973028484921.296387 66 
50464659.692283 48411461.334749 2053200.000000 1.642467 5.841146 48411459.692283 27 
77971377553834.046875 77971375599035.968750 1954800.000000 1.925482 7797138.559903 77971375599034.046875 78 
58026257237286.546875 58026255356168.062500 1881120.000000 1.517956 5802626.535617 58026255356166.546875 76 
50875849.471228 48884811.513551 1991040.000000 2.042323 5.888481 48884809.471228 31 
56935405.732464 54931407.068514 2004000.000000 1.336050 6.493141 54931405.732464 42 
140963635440330.562500 140963633505452.468750 1934880.000000 1.909634 14096364.350545 140963633505450.562500 82 
13389008649599.589844 13389006652321.501953 1997280.000000 1.912942 1338901.665232 13389006652319.589844 70 
51678273.050793 49626034.370893 2052240.000000 1.320100 5.962603 49626033.050793 34 
50339043.492586 48358805.083535 1980240.000000 1.590949 5.835880 48358803.492586 26 
53503057.048126 51626978.459378 1876080.000000 1.411252 6.162698 51626977.048126 37 
#Generacion: 1 
#Distancia: 783.265152 
1673520.000000 0.867643 1673520.000000 0.867643 0.976036 0.000000 0 
1678560.000000 0.867442 1678560.000000 0.867442 0.977006 0.000000 0 
1806720.000000 0.845778 1806720.000000 0.845778 0.991440 0.000000 0 
1785600.000000 0.847091 1785600.000000 0.847091 0.992215 0.000000 0 
1630800.000000 0.871701 1630800.000000 0.871701 0.990564 0.000000 0 
1386720.000000 1.002591 1386720.000000 1.002591 0.990740 0.000000 0 
1485120.000000 0.914850 1485120.000000 0.914850 0.992874 0.000000 0 
1526640.000000 0.897512 1526640.000000 0.897512 0.986329 0.000000 0 
1534320.000000 0.885554 1534320.000000 0.885554 0.990771 0.000000 0 
1538880.000000 0.884546 1538880.000000 0.884546 0.992603 0.000000 0 
1641360.000000 0.871259 1641360.000000 0.871259 0.991522 0.000000 0 
1666320.000000 0.867952 1666320.000000 0.867952 0.991354 0.000000 0 
1365600.000000 1.041137 1365600.000000 1.041137 0.982253 0.000000 0 
1531680.000000 0.895947 1531680.000000 0.895947 0.980175 0.000000 0 
1457040.000000 0.921305 1457040.000000 0.921305 0.998078 0.000000 0 
1380000.000000 1.003192 1380000.000000 1.003192 0.981904 0.000000 0 
1681920.000000 0.866060 1681920.000000 0.866060 0.996916 0.000000 0 
1431120.000000 0.921868 1431120.000000 0.921868 0.999377 0.000000 0 
1465920.000000 0.916219 1465920.000000 0.916219 0.993027 0.000000 0 
1692240.000000 0.860903 1692240.000000 0.860903 0.996340 0.000000 0 
1575120.000000 0.875743 1575120.000000 0.875743 0.982859 0.000000 0 
1397280.000000 0.994545 1397280.000000 0.994545 0.992310 0.000000 0 
1682640.000000 0.864185 1682640.000000 0.864185 0.976830 0.000000 0 
1749360.000000 0.850841 1749360.000000 0.850841 0.986143 0.000000 0 
1696320.000000 0.859429 1696320.000000 0.859429 0.965114 0.000000 0 
1405920.000000 0.994361 1405920.000000 0.994361 0.991643 0.000000 0 
1678560.000000 0.867442 1678560.000000 0.867442 0.977006 0.000000 0 
1642800.000000 0.868589 1642800.000000 0.868589 0.990621 0.000000 0 
1412880.000000 0.952438 1412880.000000 0.952438 0.969962 0.000000 0 
1816560.000000 0.842874 1816560.000000 0.842874 0.998316 0.000000 0 
1608720.000000 0.872398 1608720.000000 0.872398 0.982740 0.000000 0 
1419360.000000 0.951169 1419360.000000 0.951169 0.959256 0.000000 0 
1486800.000000 0.897733 1486800.000000 0.897733 0.979477 0.000000 0 
1666320.000000 0.867952 1666320.000000 0.867952 0.991354 0.000000 0 
1778880.000000 0.847746 1778880.000000 0.847746 0.966493 0.000000 0 
1427520.000000 0.947000 1427520.000000 0.947000 0.988082 0.000000 0 
1796160.000000 0.846883 1796160.000000 0.846883 0.973147 0.000000 0 
1547520.000000 0.884136 1547520.000000 0.884136 0.992344 0.000000 0 
1681920.000000 0.866060 1681920.000000 0.866060 0.996916 0.000000 0 
1696800.000000 0.855094 1696800.000000 0.855094 0.986238 0.000000 0 
1552320.000000 0.878940 1552320.000000 0.878940 0.991002 0.000000 0 
1678560.000000 0.867442 1678560.000000 0.867442 0.977006 0.000000 0 
1534320.000000 0.885605 1534320.000000 0.885605 0.992435 0.000000 1 
1542960.000000 0.885371 1542960.000000 0.885371 0.992932 0.000000 1 
1642560.000000 0.871324 1642560.000000 0.871324 0.979398 0.000000 1 
1374000.000000 1.079977 1374000.000000 1.079977 0.994293 0.000000 1 
1533360.000000 0.897499 1533360.000000 0.897499 0.987868 0.000000 1 
1533120.000000 0.897650 1533120.000000 0.897650 0.974525 0.000000 1 
1382160.000000 1.011741 1382160.000000 1.011741 0.986043 0.000000 1 
1396560.000000 1.007807 1396560.000000 1.007807 0.988581 0.000000 1 
1438560.000000 0.929244 1438560.000000 0.929244 0.989589 0.000000 1 
1452720.000000 0.925242 1452720.000000 0.925242 0.995278 0.000000 1 
1462080.000000 0.922482 1462080.000000 0.922482 0.976830 0.000000 1 
1486320.000000 0.916271 1486320.000000 0.916271 0.986791 0.000000 1 
1470720.000000 0.922262 1470720.000000 0.922262 0.997758 0.000000 1 
1467120.000000 0.922273 1467120.000000 0.922273 0.976391 0.000000 1 
1482720.000000 0.917052 1482720.000000 0.917052 0.990311 0.000000 1 
1586160.000000 0.875960 1586160.000000 0.875960 0.995509 0.000000 1 
1578240.000000 0.878745 1578240.000000 0.878745 0.999147 0.000000 1 
1401120.000000 0.996476 1401120.000000 0.996476 0.999090 0.000000 1 
1404720.000000 0.995916 1404720.000000 0.995916 0.993865 0.000000 1 
1771200.000000 0.852363 1771200.000000 0.852363 0.969066 0.000000 1 
1650720.000000 0.868713 1650720.000000 0.868713 0.995192 0.000000 1 
1646400.000000 0.870764 1646400.000000 0.870764 0.967748 0.000000 1 
1650720.000000 0.868713 1650720.000000 0.868713 0.995192 0.000000 1 
1413360.000000 0.995166 1413360.000000 0.995166 0.996057 0.000000 1 
1904640.000000 0.843240 1904640.000000 0.843240 0.991476 0.000000 1 
1823040.000000 0.843394 1823040.000000 0.843394 0.998767 0.000000 1 
1819440.000000 0.845072 1819440.000000 0.845072 0.968348 0.000000 1 
1621920.000000 0.873607 1621920.000000 0.873607 0.993969 0.000000 1 
1608960.000000 0.875251 1608960.000000 0.875251 0.991019 0.000000 1 
1419840.000000 0.983516 1419840.000000 0.983516 0.989414 0.000000 1 
1490400.000000 0.906528 1490400.000000 0.906528 0.995879 0.000000 1 
1512240.000000 0.901876 1512240.000000 0.901876 0.987840 0.000000 1 
1504800.000000 0.904918 1504800.000000 0.904918 0.993250 0.000000 1 
1516560.000000 0.899573 1516560.000000 0.899573 0.990855 0.000000 1 
1496160.000000 0.906277 1496160.000000 0.906277 0.995405 0.000000 1 
1504800.000000 0.904918 1504800.000000 0.904918 0.993250 0.000000 1 
1513200.000000 0.901866 1513200.000000 0.901866 0.988282 0.000000 1 
1525200.000000 0.898276 1525200.000000 0.898276 0.979266 0.000000 1 
1525200.000000 0.898276 1525200.000000 0.898276 0.979266 0.000000 1 
1518720.000000 0.898366 1518720.000000 0.898366 0.985374 0.000000 1 
1496160.000000 0.906277 1496160.000000 0.906277 0.995405 0.000000 1 
1794240.000000 0.848359 1794240.000000 0.848359 0.967772 0.000000 1 
1784400.000000 0.851594 1784400.000000 0.851594 0.967076 0.000000 1 
1784400.000000 0.851594 1784400.000000 0.851594 0.967076 0.000000 1 
1435200.000000 0.953471 1435200.000000 0.953471 0.998966 0.000000 1 
1431360.000000 0.959186 1431360.000000 0.959186 0.987748 0.000000 1 
1431360.000000 0.959186 1431360.000000 0.959186 0.987748 0.000000 1 
1686720.000000 0.866230 1686720.000000 0.866230 0.982404 0.000000 1 
1696320.000000 0.866063 1696320.000000 0.866063 0.983776 0.000000 1 
1689600.000000 0.866145 1689600.000000 0.866145 0.995172 0.000000 1 
1708800.000000 0.856242 1708800.000000 0.856242 0.947215 0.000000 1 
1704720.000000 0.861279 1704720.000000 0.861279 0.989261 0.000000 1 
1701360.000000 0.861967 1701360.000000 0.861967 0.987716 0.000000 1 
1559280.000000 0.881291 1559280.000000 0.881291 0.989375 0.000000 1 
1552800.000000 0.881863 1552800.000000 0.881863 0.995083 0.000000 1 
1552800.000000 0.881863 1552800.000000 0.881863 0.995083 0.000000 1 
1552800.000000 0.881863 1552800.000000 0.881863 0.995083 0.000000 1 
1682640.000000 0.868647 1682640.000000 0.868647 0.979344 0.000000 1 
#Generacion: 500 
#Distancia: 246.289495 
1744080.000000 0.837165 1744080.000000 0.837165 0.996691 0.000000 0 
1744080.000000 0.837165 1744080.000000 0.837165 0.996691 0.000000 0 
1724400.000000 0.840402 1724400.000000 0.840402 0.996000 0.000000 0 
1653840.000000 0.848324 1653840.000000 0.848324 0.975076 0.000000 0 
1653840.000000 0.848324 1653840.000000 0.848324 0.975076 0.000000 0 
1653840.000000 0.848324 1653840.000000 0.848324 0.975076 0.000000 0 
1624560.000000 0.849433 1624560.000000 0.849433 0.986873 0.000000 0 
1724400.000000 0.840402 1724400.000000 0.840402 0.996000 0.000000 0 
1605120.000000 0.854565 1605120.000000 0.854565 0.985898 0.000000 0 
1540560.000000 0.865094 1540560.000000 0.865094 0.967210 0.000000 0 
1744080.000000 0.837165 1744080.000000 0.837165 0.996691 0.000000 0 
1306560.000000 0.973057 1306560.000000 0.973057 0.993074 0.000000 0 
1710480.000000 0.842278 1710480.000000 0.842278 0.990144 0.000000 0 
1415040.000000 0.896433 1415040.000000 0.896433 0.985101 0.000000 0 
1435440.000000 0.889583 1435440.000000 0.889583 0.990852 0.000000 0 
1724400.000000 0.840402 1724400.000000 0.840402 0.996000 0.000000 0 
1642320.000000 0.848722 1642320.000000 0.848722 0.976138 0.000000 0 
1653840.000000 0.848324 1653840.000000 0.848324 0.975076 0.000000 0 
1289280.000000 1.166615 1289280.000000 1.166615 0.992429 0.000000 0 
1506720.000000 0.870078 1506720.000000 0.870078 0.970797 0.000000 0 
1677600.000000 0.844327 1677600.000000 0.844327 0.968677 0.000000 0 
1624560.000000 0.849433 1624560.000000 0.849433 0.986873 0.000000 0 
1435440.000000 0.889583 1435440.000000 0.889583 0.990852 0.000000 0 
1744080.000000 0.837165 1744080.000000 0.837165 0.996691 0.000000 0 
1736160.000000 0.837625 1736160.000000 0.837625 0.987351 0.000000 0 
1629600.000000 0.849382 1629600.000000 0.849382 0.987314 0.000000 0 
1652640.000000 0.848401 1652640.000000 0.848401 0.986782 0.000000 0 
1572480.000000 0.854985 1572480.000000 0.854985 0.973891 0.000000 0 
1338240.000000 0.926423 1338240.000000 0.926423 0.990095 0.000000 0 
1312320.000000 0.969543 1312320.000000 0.969543 0.988206 0.000000 0 
1487520.000000 0.877426 1487520.000000 0.877426 0.960746 0.000000 0 
1426800.000000 0.890102 1426800.000000 0.890102 0.994190 0.000000 0 
1553760.000000 0.859260 1553760.000000 0.859260 0.980107 0.000000 0 
1301280.000000 1.077996 1301280.000000 1.077996 0.996919 0.000000 0 
1605120.000000 0.854565 1605120.000000 0.854565 0.985898 0.000000 0 
1783440.000000 0.834507 1783440.000000 0.834507 0.994448 0.000000 0 
1320000.000000 0.955872 1320000.000000 0.955872 0.992344 0.000000 0 
1376880.000000 0.907428 1376880.000000 0.907428 0.980238 0.000000 0 
1520880.000000 0.866553 1520880.000000 0.866553 0.980040 0.000000 0 
1724400.000000 0.840402 1724400.000000 0.840402 0.996000 0.000000 0 
1361760.000000 0.922324 1361760.000000 0.922324 0.992138 0.000000 0 
1547280.000000 0.860046 1547280.000000 0.860046 0.990420 0.000000 0 
1314480.000000 0.960953 1314480.000000 0.960953 0.996588 0.000000 0 
1435440.000000 0.889583 1435440.000000 0.889583 0.990852 0.000000 0 
1557120.000000 0.856175 1557120.000000 0.856175 0.973871 0.000000 0 
1744080.000000 0.837165 1744080.000000 0.837165 0.996691 0.000000 0 
1426800.000000 0.890102 1426800.000000 0.890102 0.994190 0.000000 0 
1392240.000000 0.901303 1392240.000000 0.901303 0.990835 0.000000 0 
1704000.000000 0.844089 1704000.000000 0.844089 0.994918 0.000000 0 
1605840.000000 0.851176 1605840.000000 0.851176 0.975926 0.000000 0 
1499280.000000 0.873957 1499280.000000 0.873957 0.972704 0.000000 0 
1487520.000000 0.877426 1487520.000000 0.877426 0.960746 0.000000 0 
1388640.000000 0.907011 1388640.000000 0.907011 0.971329 0.000000 0 
1656720.000000 0.845493 1656720.000000 0.845493 0.998191 0.000000 0 
1557120.000000 0.856175 1557120.000000 0.856175 0.973871 0.000000 0 
1526640.000000 0.866226 1526640.000000 0.866226 0.979011 0.000000 0 
1496640.000000 0.876093 1496640.000000 0.876093 0.964495 0.000000 0 
1335840.000000 0.949401 1335840.000000 0.949401 0.991580 0.000000 0 
1426800.000000 0.890102 1426800.000000 0.890102 0.994190 0.000000 0 
1312320.000000 0.969543 1312320.000000 0.969543 0.988206 0.000000 0 
1481760.000000 0.878284 1481760.000000 0.878284 0.971069 0.000000 0 
1415040.000000 0.896433 1415040.000000 0.896433 0.985101 0.000000 0 
1656720.000000 0.845493 1656720.000000 0.845493 0.998191 0.000000 0 
1351920.000000 0.923626 1351920.000000 0.923626 0.998434 0.000000 0 
1487520.000000 0.877426 1487520.000000 0.877426 0.960746 0.000000 0 
1297440.000000 1.164775 1297440.000000 1.164775 0.991482 0.000000 0 
1731600.000000 0.839294 1731600.000000 0.839294 0.996694 0.000000 0 
1314480.000000 0.960953 1314480.000000 0.960953 0.996588 0.000000 0 
1364880.000000 0.914689 1364880.000000 0.914689 0.989567 0.000000 0 
1669200.000000 0.844528 1669200.000000 0.844528 0.986862 0.000000 0 
1289280.000000 1.166615 1289280.000000 1.166615 0.992429 0.000000 0 
1289280.000000 1.166615 1289280.000000 1.166615 0.992429 0.000000 0 
1709280.000000 0.843436 1709280.000000 0.843436 0.966301 0.000000 0 
1530240.000000 0.865251 1530240.000000 0.865251 0.946532 0.000000 0 
1338240.000000 0.926423 1338240.000000 0.926423 0.990095 0.000000 0 
1392240.000000 0.901303 1392240.000000 0.901303 0.990835 0.000000 0 
1502880.000000 0.873650 1502880.000000 0.873650 0.971875 0.000000 0 
1747200.000000 0.835830 1747200.000000 0.835830 0.993031 0.000000 0 
1711920.000000 0.841243 1711920.000000 0.841243 0.997131 0.000000 0 
1301520.000000 0.973077 1301520.000000 0.973077 0.996640 0.000000 0 
1669200.000000 0.844528 1669200.000000 0.844528 0.986862 0.000000 0 
1296000.000000 1.166357 1296000.000000 1.166357 0.992993 0.000000 0 
1408320.000000 0.897514 1408320.000000 0.897514 0.984823 0.000000 0 
1312320.000000 0.969543 1312320.000000 0.969543 0.988206 0.000000 0 
1289280.000000 1.166615 1289280.000000 1.166615 0.992429 0.000000 0 
1705920.000000 0.843671 1705920.000000 0.843671 0.997219 0.000000 0 
1388640.000000 0.907011 1388640.000000 0.907011 0.971329 0.000000 0 
1716480.000000 0.841218 1716480.000000 0.841218 0.996053 0.000000 0 
1783440.000000 0.834507 1783440.000000 0.834507 0.994448 0.000000 0 
1611600.000000 0.851028 1611600.000000 0.851028 0.976174 0.000000 0 
1439040.000000 0.880491 1439040.000000 0.880491 0.993241 0.000000 0 
1289280.000000 1.166615 1289280.000000 1.166615 0.992429 0.000000 0 
1314480.000000 0.960953 1314480.000000 0.960953 0.996588 0.000000 0 
1312320.000000 0.969543 1312320.000000 0.969543 0.988206 0.000000 0 
1768080.000000 0.836569 1768080.000000 0.836569 0.984040 0.000000 1 
1304880.000000 0.973252 1304880.000000 0.973252 0.990765 0.000000 1 
1415760.000000 0.897413 1415760.000000 0.897413 0.970957 0.000000 1 
1626240.000000 0.850194 1626240.000000 0.850194 0.991511 0.000000 1 
1457280.000000 0.882657 1457280.000000 0.882657 0.981955 0.000000 1 
1474320.000000 0.881999 1474320.000000 0.881999 0.988284 0.000000 1 
#Generacion: 1000 
#Distancia: 234.003131 
1835280.000000 0.831722 1835280.000000 0.831722 0.989423 0.000000 0 
1204560.000000 1.016896 1204560.000000 1.016896 0.998142 0.000000 0 
1704960.000000 0.834159 1704960.000000 0.834159 0.981747 0.000000 0 
1799280.000000 0.833256 1799280.000000 0.833256 0.991409 0.000000 0 
1285440.000000 0.960400 1285440.000000 0.960400 0.988501 0.000000 0 
1289040.000000 0.939622 1289040.000000 0.939622 0.989077 0.000000 0 
1654080.000000 0.836720 1654080.000000 0.836720 0.993825 0.000000 0 
1267920.000000 0.967405 1267920.000000 0.967405 0.985616 0.000000 0 
1570800.000000 0.850687 1570800.000000 0.850687 0.988656 0.000000 0 
1537440.000000 0.853007 1537440.000000 0.853007 0.993720 0.000000 0 
1327440.000000 0.913685 1327440.000000 0.913685 0.989211 0.000000 0 
1298160.000000 0.936838 1298160.000000 0.936838 0.976902 0.000000 0 
1443600.000000 0.870506 1443600.000000 0.870506 0.991205 0.000000 0 
1249680.000000 0.985004 1249680.000000 0.985004 0.991354 0.000000 0 
1628160.000000 0.838977 1628160.000000 0.838977 0.974051 0.000000 0 
1230000.000000 1.007776 1230000.000000 1.007776 0.993269 0.000000 0 
1231440.000000 0.995042 1231440.000000 0.995042 0.986000 0.000000 0 
1518480.000000 0.858440 1518480.000000 0.858440 0.993752 0.000000 0 
1434000.000000 0.872548 1434000.000000 0.872548 0.991392 0.000000 0 
1531680.000000 0.855919 1531680.000000 0.855919 0.996291 0.000000 0 
1389360.000000 0.892727 1389360.000000 0.892727 0.989632 0.000000 0 
1394400.000000 0.885825 1394400.000000 0.885825 0.983453 0.000000 0 
1676880.000000 0.834436 1676880.000000 0.834436 0.985468 0.000000 0 
1360800.000000 0.902462 1360800.000000 0.902462 0.987739 0.000000 0 
1376880.000000 0.896612 1376880.000000 0.896612 0.990212 0.000000 0 
1465680.000000 0.867133 1465680.000000 0.867133 0.969511 0.000000 0 
1278720.000000 0.961096 1278720.000000 0.961096 0.987674 0.000000 0 
1593120.000000 0.845368 1593120.000000 0.845368 0.999970 0.000000 0 
1309440.000000 0.930863 1309440.000000 0.930863 0.993041 0.000000 0 
1246320.000000 0.990564 1246320.000000 0.990564 0.985811 0.000000 0 
1339920.000000 0.909316 1339920.000000 0.909316 0.990295 0.000000 0 
1477920.000000 0.863522 1477920.000000 0.863522 0.988133 0.000000 0 
1266720.000000 0.975299 1266720.000000 0.975299 0.999553 0.000000 0 
1611840.000000 0.844604 1611840.000000 0.844604 0.988246 0.000000 0 
1326480.000000 0.921571 1326480.000000 0.921571 0.999193 0.000000 0 
1208160.000000 1.010453 1208160.000000 1.010453 0.991574 0.000000 0 
1264080.000000 0.981550 1264080.000000 0.981550 0.999256 0.000000 0 
1381920.000000 0.892870 1381920.000000 0.892870 0.994168 0.000000 0 
1407360.000000 0.881891 1407360.000000 0.881891 0.987019 0.000000 0 
1465680.000000 0.867133 1465680.000000 0.867133 0.969511 0.000000 0 
1418400.000000 0.875065 1418400.000000 0.875065 0.991210 0.000000 0 
1264080.000000 0.981550 1264080.000000 0.981550 0.999256 0.000000 0 
1266720.000000 0.975299 1266720.000000 0.975299 0.999553 0.000000 0 
1676880.000000 0.834436 1676880.000000 0.834436 0.985468 0.000000 0 
1222560.000000 1.009259 1222560.000000 1.009259 0.992980 0.000000 0 
1799280.000000 0.833256 1799280.000000 0.833256 0.991409 0.000000 0 
1818000.000000 0.831813 1818000.000000 0.831813 0.995986 0.000000 0 
1577280.000000 0.847473 1577280.000000 0.847473 0.984729 0.000000 0 
1501920.000000 0.860140 1501920.000000 0.860140 0.996727 0.000000 0 
1622880.000000 0.843230 1622880.000000 0.843230 0.973923 0.000000 0 
1372560.000000 0.900028 1372560.000000 0.900028 0.995938 0.000000 0 
1343520.000000 0.904563 1343520.000000 0.904563 0.992149 0.000000 0 
1624320.000000 0.842112 1624320.000000 0.842112 0.971061 0.000000 0 
1401120.000000 0.885652 1401120.000000 0.885652 0.984351 0.000000 0 
1236240.000000 0.992100 1236240.000000 0.992100 0.987810 0.000000 0 
1320000.000000 0.925179 1320000.000000 0.925179 0.996677 0.000000 0 
1326480.000000 0.921571 1326480.000000 0.921571 0.999193 0.000000 0 
1339920.000000 0.909316 1339920.000000 0.909316 0.990295 0.000000 0 
1213200.000000 1.009790 1213200.000000 1.009790 0.990459 0.000000 0 
1411440.000000 0.881241 1411440.000000 0.881241 0.985322 0.000000 0 
1415760.000000 0.877155 1415760.000000 0.877155 0.991472 0.000000 0 
1818000.000000 0.831813 1818000.000000 0.831813 0.995986 0.000000 0 
1577280.000000 0.847473 1577280.000000 0.847473 0.984729 0.000000 0 
1313520.000000 0.927301 1313520.000000 0.927301 0.994382 0.000000 0 
1309440.000000 0.930863 1309440.000000 0.930863 0.993041 0.000000 0 
1372560.000000 0.900028 1372560.000000 0.900028 0.995938 0.000000 0 
1352160.000000 0.904305 1352160.000000 0.904305 0.987327 0.000000 0 
1231440.000000 0.995042 1231440.000000 0.995042 0.986000 0.000000 0 
1313520.000000 0.927301 1313520.000000 0.927301 0.994382 0.000000 0 
1320000.000000 0.925179 1320000.000000 0.925179 0.996677 0.000000 0 
1289040.000000 0.939622 1289040.000000 0.939622 0.989077 0.000000 0 
1496640.000000 0.862357 1496640.000000 0.862357 0.989774 0.000000 0 
1501920.000000 0.860140 1501920.000000 0.860140 0.996727 0.000000 0 
1230000.000000 1.007776 1230000.000000 1.007776 0.993269 0.000000 0 
1480320.000000 0.863164 1480320.000000 0.863164 0.988475 0.000000 0 
1491840.000000 0.862951 1491840.000000 0.862951 0.985623 0.000000 0 
1600800.000000 0.844951 1600800.000000 0.844951 0.995115 0.000000 0 
1418400.000000 0.875065 1418400.000000 0.875065 0.991210 0.000000 0 
1415760.000000 0.877155 1415760.000000 0.877155 0.991472 0.000000 0 
1343520.000000 0.904563 1343520.000000 0.904563 0.992149 0.000000 0 
1352160.000000 0.904305 1352160.000000 0.904305 0.987327 0.000000 0 
1600800.000000 0.844951 1600800.000000 0.844951 0.995115 0.000000 0 
1278720.000000 0.961096 1278720.000000 0.961096 0.987674 0.000000 0 
1242000.000000 0.991840 1242000.000000 0.991840 0.986508 0.000000 0 
1401120.000000 0.885652 1401120.000000 0.885652 0.984351 0.000000 0 
1495440.000000 0.862448 1495440.000000 0.862448 0.989229 0.000000 0 
1239840.000000 0.991977 1239840.000000 0.991977 0.989262 0.000000 0 
1411440.000000 0.881241 1411440.000000 0.881241 0.985322 0.000000 0 
1208160.000000 1.010453 1208160.000000 1.010453 0.991574 0.000000 0 
1491840.000000 0.862951 1491840.000000 0.862951 0.985623 0.000000 0 
1480320.000000 0.863164 1480320.000000 0.863164 0.988475 0.000000 0 
1242000.000000 0.991840 1242000.000000 0.991840 0.986508 0.000000 0 
1496640.000000 0.862357 1496640.000000 0.862357 0.989774 0.000000 0 
1491840.000000 0.862951 1491840.000000 0.862951 0.985623 0.000000 0 
1799280.000000 0.833256 1799280.000000 0.833256 0.991409 0.000000 0 
1799280.000000 0.833256 1799280.000000 0.833256 0.991409 0.000000 0 
1230000.000000 1.007776 1230000.000000 1.007776 0.993269 0.000000 0 
1818000.000000 0.831813 1818000.000000 0.831813 0.995986 0.000000 0 
1818000.000000 0.831813 1818000.000000 0.831813 0.995986 0.000000 0 
1231440.000000 0.995042 1231440.000000 0.995042 0.986000 0.000000 0 
#Generacion: 1500 
#Distancia: 218.905960 
1851840.000000 0.820747 1851840.000000 0.820747 0.994467 0.000000 0 
1170480.000000 1.166359 1170480.000000 1.166359 0.998223 0.000000 0 
1178160.000000 1.091961 1178160.000000 1.091961 0.979586 0.000000 0 
1200000.000000 1.039151 1200000.000000 1.039151 0.999295 0.000000 0 
1176720.000000 1.163612 1176720.000000 1.163612 0.999438 0.000000 0 
1201680.000000 0.994686 1201680.000000 0.994686 0.995050 0.000000 0 
1266480.000000 0.931649 1266480.000000 0.931649 0.995098 0.000000 0 
1751520.000000 0.825182 1751520.000000 0.825182 0.987816 0.000000 0 
1265520.000000 0.951579 1265520.000000 0.951579 0.964096 0.000000 0 
1596720.000000 0.836746 1596720.000000 0.836746 0.996912 0.000000 0 
1582080.000000 0.838229 1582080.000000 0.838229 0.987568 0.000000 0 
1623360.000000 0.836471 1623360.000000 0.836471 0.985385 0.000000 0 
1223760.000000 0.988520 1223760.000000 0.988520 0.985137 0.000000 0 
1832160.000000 0.822385 1832160.000000 0.822385 0.988079 0.000000 0 
1652400.000000 0.832037 1652400.000000 0.832037 0.999768 0.000000 0 
1227840.000000 0.975518 1227840.000000 0.975518 0.993614 0.000000 0 
1556160.000000 0.838541 1556160.000000 0.838541 0.989064 0.000000 0 
1776960.000000 0.823848 1776960.000000 0.823848 0.990140 0.000000 0 
1235520.000000 0.967339 1235520.000000 0.967339 0.989468 0.000000 0 
1376400.000000 0.889548 1376400.000000 0.889548 0.998348 0.000000 0 
1634160.000000 0.832272 1634160.000000 0.832272 0.992850 0.000000 0 
1677360.000000 0.831816 1677360.000000 0.831816 0.993090 0.000000 0 
1687440.000000 0.829234 1687440.000000 0.829234 0.985177 0.000000 0 
1427040.000000 0.871232 1427040.000000 0.871232 0.987306 0.000000 0 
1665840.000000 0.831945 1665840.000000 0.831945 0.998559 0.000000 0 
1465440.000000 0.862458 1465440.000000 0.862458 0.999123 0.000000 0 
1363440.000000 0.889866 1363440.000000 0.889866 0.998341 0.000000 0 
1487760.000000 0.860035 1487760.000000 0.860035 0.988442 0.000000 0 
1281120.000000 0.925419 1281120.000000 0.925419 0.996351 0.000000 0 
1798080.000000 0.823377 1798080.000000 0.823377 0.997639 0.000000 0 
1229760.000000 0.975173 1229760.000000 0.975173 0.984050 0.000000 0 
1526160.000000 0.848213 1526160.000000 0.848213 0.995223 0.000000 0 
1360800.000000 0.894170 1360800.000000 0.894170 0.999817 0.000000 0 
1334160.000000 0.902802 1334160.000000 0.902802 0.981444 0.000000 0 
1309920.000000 0.905450 1309920.000000 0.905450 0.977511 0.000000 0 
1243440.000000 0.963529 1243440.000000 0.963529 0.990249 0.000000 0 
1323120.000000 0.904353 1323120.000000 0.904353 0.998350 0.000000 0 
1515600.000000 0.849674 1515600.000000 0.849674 0.995442 0.000000 0 
1778880.000000 0.823430 1778880.000000 0.823430 0.996869 0.000000 0 
1721280.000000 0.826629 1721280.000000 0.826629 0.972559 0.000000 0 
1417680.000000 0.873051 1417680.000000 0.873051 0.995309 0.000000 0 
1441200.000000 0.866342 1441200.000000 0.866342 0.998448 0.000000 0 
1734480.000000 0.826244 1734480.000000 0.826244 0.995216 0.000000 0 
1492080.000000 0.854035 1492080.000000 0.854035 0.995353 0.000000 0 
1698960.000000 0.829192 1698960.000000 0.829192 0.989576 0.000000 0 
1821840.000000 0.822649 1821840.000000 0.822649 0.993656 0.000000 0 
1295520.000000 0.923973 1295520.000000 0.923973 0.983246 0.000000 0 
1813200.000000 0.823121 1813200.000000 0.823121 0.997539 0.000000 0 
1380720.000000 0.884118 1380720.000000 0.884118 0.988756 0.000000 0 
1479840.000000 0.860346 1479840.000000 0.860346 0.996586 0.000000 0 
1257120.000000 0.957054 1257120.000000 0.957054 0.973579 0.000000 0 
1392240.000000 0.876482 1392240.000000 0.876482 0.984738 0.000000 0 
1627200.000000 0.833598 1627200.000000 0.833598 0.991777 0.000000 0 
1472160.000000 0.862172 1472160.000000 0.862172 0.990295 0.000000 0 
1712640.000000 0.826948 1712640.000000 0.826948 0.975904 0.000000 0 
1302240.000000 0.918045 1302240.000000 0.918045 0.992491 0.000000 0 
1510080.000000 0.851340 1510080.000000 0.851340 0.985190 0.000000 0 
1706640.000000 0.828580 1706640.000000 0.828580 0.982758 0.000000 0 
1454160.000000 0.865896 1454160.000000 0.865896 0.999293 0.000000 0 
1294560.000000 0.924460 1294560.000000 0.924460 0.987660 0.000000 0 
1302240.000000 0.918045 1302240.000000 0.918045 0.992491 0.000000 0 
1304160.000000 0.910340 1304160.000000 0.910340 0.973640 0.000000 0 
1434960.000000 0.868617 1434960.000000 0.868617 0.990652 0.000000 0 
1276080.000000 0.927434 1276080.000000 0.927434 0.994199 0.000000 0 
1401360.000000 0.876244 1401360.000000 0.876244 0.981629 0.000000 0 
1414080.000000 0.875415 1414080.000000 0.875415 0.993930 0.000000 0 
1802640.000000 0.823155 1802640.000000 0.823155 0.993897 0.000000 0 
1236960.000000 0.964030 1236960.000000 0.964030 0.995461 0.000000 0 
1304160.000000 0.910340 1304160.000000 0.910340 0.973640 0.000000 0 
1316640.000000 0.905236 1316640.000000 0.905236 0.977124 0.000000 0 
1211280.000000 0.991833 1211280.000000 0.991833 0.989509 0.000000 0 
1207440.000000 0.994315 1207440.000000 0.994315 0.994950 0.000000 0 
1248480.000000 0.958444 1248480.000000 0.958444 0.971945 0.000000 0 
1391280.000000 0.880855 1391280.000000 0.880855 0.980974 0.000000 0 
1555920.000000 0.841337 1555920.000000 0.841337 0.991206 0.000000 0 
1406640.000000 0.875510 1406640.000000 0.875510 0.991120 0.000000 0 
1532160.000000 0.846203 1532160.000000 0.846203 0.997778 0.000000 0 
1545360.000000 0.845677 1545360.000000 0.845677 0.996253 0.000000 0 
1493280.000000 0.852340 1493280.000000 0.852340 0.994916 0.000000 0 
1733040.000000 0.826322 1733040.000000 0.826322 0.990852 0.000000 0 
1454160.000000 0.865896 1454160.000000 0.865896 0.999293 0.000000 0 
1212480.000000 0.989142 1212480.000000 0.989142 0.987339 0.000000 0 
1218000.000000 0.988833 1218000.000000 0.988833 0.986453 0.000000 0 
1389600.000000 0.882773 1389600.000000 0.882773 0.988678 0.000000 0 
1340640.000000 0.901640 1340640.000000 0.901640 0.998713 0.000000 0 
1342080.000000 0.900715 1342080.000000 0.900715 0.994957 0.000000 0 
1385520.000000 0.884115 1385520.000000 0.884115 0.999903 0.000000 0 
1248480.000000 0.958444 1248480.000000 0.958444 0.971945 0.000000 0 
1360800.000000 0.894170 1360800.000000 0.894170 0.999817 0.000000 0 
1437840.000000 0.868257 1437840.000000 0.868257 0.980424 0.000000 0 
1545360.000000 0.845677 1545360.000000 0.845677 0.996253 0.000000 0 
1549200.000000 0.842352 1549200.000000 0.842352 0.995842 0.000000 0 
1532160.000000 0.846203 1532160.000000 0.846203 0.997778 0.000000 0 
1502640.000000 0.852308 1502640.000000 0.852308 0.989360 0.000000 0 
1502640.000000 0.852308 1502640.000000 0.852308 0.989360 0.000000 0 
1272240.000000 0.929017 1272240.000000 0.929017 0.988946 0.000000 0 
1345200.000000 0.898826 1345200.000000 0.898826 0.987860 0.000000 0 
1262640.000000 0.952058 1262640.000000 0.952058 0.964499 0.000000 0 
1762080.000000 0.824695 1762080.000000 0.824695 0.987124 0.000000 0 
1734480.000000 0.826244 1734480.000000 0.826244 0.995216 0.000000 0 
#Generacion: 2000 
#Distancia: 220.679394 
1115040.000000 1.184831 1115040.000000 1.184831 0.993524 0.000000 0 
1967280.000000 0.811721 1967280.000000 0.811721 0.995707 0.000000 0 
1115040.000000 1.184831 1115040.000000 1.184831 0.993524 0.000000 0 
1151040.000000 1.122882 1151040.000000 1.122882 0.988217 0.000000 0 
1152720.000000 1.047545 1152720.000000 1.047545 0.992034 0.000000 0 
1125840.000000 1.135781 1125840.000000 1.135781 0.990379 0.000000 0 
1667280.000000 0.825433 1667280.000000 0.825433 0.991649 0.000000 0 
1186320.000000 0.992441 1186320.000000 0.992441 0.997418 0.000000 0 
1925040.000000 0.812918 1925040.000000 0.812918 0.990765 0.000000 0 
1851600.000000 0.813306 1851600.000000 0.813306 0.991511 0.000000 0 
1156800.000000 1.026164 1156800.000000 1.026164 0.997515 0.000000 0 
1243440.000000 0.936335 1243440.000000 0.936335 0.999538 0.000000 0 
1235280.000000 0.956156 1235280.000000 0.956156 0.973063 0.000000 0 
1183440.000000 1.016756 1183440.000000 1.016756 0.994188 0.000000 0 
1147920.000000 1.127037 1147920.000000 1.127037 0.984559 0.000000 0 
1152720.000000 1.047545 1152720.000000 1.047545 0.992034 0.000000 0 
1623600.000000 0.828524 1623600.000000 0.828524 0.999775 0.000000 0 
1176960.000000 1.025298 1176960.000000 1.025298 0.998473 0.000000 0 
1709280.000000 0.823144 1709280.000000 0.823144 0.993984 0.000000 0 
1213440.000000 0.972553 1213440.000000 0.972553 0.992557 0.000000 0 
1220880.000000 0.960783 1220880.000000 0.960783 0.994245 0.000000 0 
1342800.000000 0.893897 1342800.000000 0.893897 0.992628 0.000000 0 
1829280.000000 0.814217 1829280.000000 0.814217 0.994288 0.000000 0 
1419600.000000 0.871205 1419600.000000 0.871205 0.973996 0.000000 0 
1465920.000000 0.856447 1465920.000000 0.856447 0.999907 0.000000 0 
1266480.000000 0.931649 1266480.000000 0.931649 0.995098 0.000000 0 
1293840.000000 0.917059 1293840.000000 0.917059 0.988299 0.000000 0 
1299120.000000 0.910758 1299120.000000 0.910758 0.982612 0.000000 0 
1516560.000000 0.843518 1516560.000000 0.843518 0.992841 0.000000 0 
1249440.000000 0.932553 1249440.000000 0.932553 0.990372 0.000000 0 
1356240.000000 0.889368 1356240.000000 0.889368 0.992320 0.000000 0 
1535040.000000 0.841793 1535040.000000 0.841793 0.985547 0.000000 0 
1376880.000000 0.882336 1376880.000000 0.882336 0.982148 0.000000 0 
1338720.000000 0.899475 1338720.000000 0.899475 0.988357 0.000000 0 
1450560.000000 0.859530 1450560.000000 0.859530 0.999550 0.000000 0 
1949280.000000 0.811860 1949280.000000 0.811860 0.987510 0.000000 0 
1391280.000000 0.880855 1391280.000000 0.880855 0.980974 0.000000 0 
1268640.000000 0.925581 1268640.000000 0.925581 0.993151 0.000000 0 
1430640.000000 0.868748 1430640.000000 0.868748 0.997354 0.000000 0 
1588800.000000 0.833766 1588800.000000 0.833766 0.988308 0.000000 0 
1577040.000000 0.835981 1577040.000000 0.835981 0.984948 0.000000 0 
1369200.000000 0.884479 1369200.000000 0.884479 0.982422 0.000000 0 
1207680.000000 0.975582 1207680.000000 0.975582 0.984029 0.000000 0 
1570560.000000 0.837681 1570560.000000 0.837681 0.988016 0.000000 0 
1183440.000000 1.016756 1183440.000000 1.016756 0.994188 0.000000 0 
1489200.000000 0.852296 1489200.000000 0.852296 0.998722 0.000000 0 
1512000.000000 0.846666 1512000.000000 0.846666 0.998492 0.000000 0 
1291200.000000 0.922604 1291200.000000 0.922604 0.983306 0.000000 0 
1847520.000000 0.813824 1847520.000000 0.813824 0.991094 0.000000 0 
1606800.000000 0.831440 1606800.000000 0.831440 0.999914 0.000000 0 
1361280.000000 0.887401 1361280.000000 0.887401 0.980417 0.000000 0 
1616640.000000 0.830506 1616640.000000 0.830506 0.994634 0.000000 0 
1760880.000000 0.818364 1760880.000000 0.818364 0.989978 0.000000 0 
1598160.000000 0.833030 1598160.000000 0.833030 0.993478 0.000000 0 
1774320.000000 0.817845 1774320.000000 0.817845 0.992561 0.000000 0 
1543680.000000 0.840862 1543680.000000 0.840862 0.985610 0.000000 0 
1443840.000000 0.866170 1443840.000000 0.866170 0.992930 0.000000 0 
1502400.000000 0.848353 1502400.000000 0.848353 0.990194 0.000000 0 
1498800.000000 0.850949 1498800.000000 0.850949 0.996313 0.000000 0 
1723680.000000 0.822814 1723680.000000 0.822814 0.989399 0.000000 0 
1745520.000000 0.819880 1745520.000000 0.819880 0.992158 0.000000 0 
1444800.000000 0.859879 1444800.000000 0.859879 0.996565 0.000000 0 
1556160.000000 0.838541 1556160.000000 0.838541 0.989064 0.000000 0 
1737840.000000 0.821724 1737840.000000 0.821724 0.987335 0.000000 0 
1392240.000000 0.876482 1392240.000000 0.876482 0.984738 0.000000 0 
1323120.000000 0.904353 1323120.000000 0.904353 0.998350 0.000000 0 
1817280.000000 0.817137 1817280.000000 0.817137 0.995822 0.000000 0 
1478400.000000 0.853390 1478400.000000 0.853390 0.999850 0.000000 0 
1403520.000000 0.872823 1403520.000000 0.872823 0.986158 0.000000 0 
1798080.000000 0.817612 1798080.000000 0.817612 0.996231 0.000000 0 
1279200.000000 0.924709 1279200.000000 0.924709 0.986889 0.000000 0 
1401360.000000 0.876244 1401360.000000 0.876244 0.981629 0.000000 0 
1475520.000000 0.854973 1475520.000000 0.854973 0.998770 0.000000 0 
1438800.000000 0.867356 1438800.000000 0.867356 0.975594 0.000000 0 
1817280.000000 0.817137 1817280.000000 0.817137 0.995822 0.000000 0 
1939680.000000 0.812309 1939680.000000 0.812309 0.986602 0.000000 0 
1551120.000000 0.838728 1551120.000000 0.838728 0.990367 0.000000 0 
1282320.000000 0.922962 1282320.000000 0.922962 0.979245 0.000000 0 
1730400.000000 0.822710 1730400.000000 0.822710 0.987875 0.000000 0 
1227600.000000 0.959197 1227600.000000 0.959197 0.984645 0.000000 0 
1798080.000000 0.817612 1798080.000000 0.817612 0.996231 0.000000 0 
1932960.000000 0.812616 1932960.000000 0.812616 0.986425 0.000000 0 
1316400.000000 0.905191 1316400.000000 0.905191 0.975332 0.000000 0 
1782960.000000 0.817828 1782960.000000 0.817828 0.992398 0.000000 0 
1309920.000000 0.905450 1309920.000000 0.905450 0.977511 0.000000 0 
1709280.000000 0.823144 1709280.000000 0.823144 0.993984 0.000000 0 
1331760.000000 0.901799 1331760.000000 0.901799 0.973765 0.000000 0 
1303440.000000 0.906188 1303440.000000 0.906188 0.986766 0.000000 0 
1233840.000000 0.959196 1233840.000000 0.959196 0.990595 0.000000 0 
1330560.000000 0.902367 1330560.000000 0.902367 0.998821 0.000000 0 
1623600.000000 0.828524 1623600.000000 0.828524 0.999775 0.000000 0 
1755120.000000 0.819706 1755120.000000 0.819706 0.990391 0.000000 0 
1403520.000000 0.872823 1403520.000000 0.872823 0.986158 0.000000 0 
1755120.000000 0.819706 1755120.000000 0.819706 0.990391 0.000000 0 
1782960.000000 0.817828 1782960.000000 0.817828 0.992398 0.000000 0 
1303440.000000 0.906188 1303440.000000 0.906188 0.986766 0.000000 0 
1450560.000000 0.859530 1450560.000000 0.859530 0.999550 0.000000 0 
1192560.000000 0.980096 1192560.000000 0.980096 0.995026 0.000000 0 
1205280.000000 0.986528 1205280.000000 0.986528 0.989803 0.000000 1 
1206720.000000 0.981320 1206720.000000 0.981320 0.998354 0.000000 1 
#Generacion: 2500 
#Distancia: 246.336465 
1944000.000000 0.806061 1944000.000000 0.806061 0.989613 0.000000 0 
1097280.000000 1.166112 1097280.000000 1.166112 0.998980 0.000000 0 
1124640.000000 1.062118 1124640.000000 1.062118 0.993443 0.000000 0 
1122240.000000 1.127847 1122240.000000 1.127847 0.994262 0.000000 0 
1905600.000000 0.809244 1905600.000000 0.809244 0.997667 0.000000 0 
1105920.000000 1.135569 1105920.000000 1.135569 0.992223 0.000000 0 
1161600.000000 1.009280 1161600.000000 1.009280 0.976557 0.000000 0 
1179840.000000 0.989914 1179840.000000 0.989914 0.999878 0.000000 0 
1866960.000000 0.811892 1866960.000000 0.811892 0.995928 0.000000 0 
1100880.000000 1.157143 1100880.000000 1.157143 0.995023 0.000000 0 
1147680.000000 1.015493 1147680.000000 1.015493 0.973905 0.000000 0 
1213440.000000 0.947817 1213440.000000 0.947817 0.996469 0.000000 0 
1129440.000000 1.060790 1129440.000000 1.060790 0.993096 0.000000 0 
1220160.000000 0.946785 1220160.000000 0.946785 0.991362 0.000000 0 
1146720.000000 1.034277 1146720.000000 1.034277 0.991819 0.000000 0 
1830240.000000 0.813752 1830240.000000 0.813752 0.995877 0.000000 0 
1648080.000000 0.826510 1648080.000000 0.826510 0.991167 0.000000 0 
1847520.000000 0.812510 1847520.000000 0.812510 0.994188 0.000000 0 
1132320.000000 1.044933 1132320.000000 1.044933 0.982295 0.000000 0 
1410960.000000 0.864174 1410960.000000 0.864174 0.995739 0.000000 0 
1282800.000000 0.912682 1282800.000000 0.912682 0.994135 0.000000 0 
1139520.000000 1.041174 1139520.000000 1.041174 0.995962 0.000000 0 
1378080.000000 0.875396 1378080.000000 0.875396 0.988560 0.000000 0 
1192560.000000 0.980096 1192560.000000 0.980096 0.995026 0.000000 0 
1728000.000000 0.820829 1728000.000000 0.820829 0.993504 0.000000 0 
1230240.000000 0.935735 1230240.000000 0.935735 0.991823 0.000000 0 
1192800.000000 0.971940 1192800.000000 0.971940 0.999240 0.000000 0 
1267680.000000 0.925411 1267680.000000 0.925411 0.994574 0.000000 0 
1667280.000000 0.825433 1667280.000000 0.825433 0.991649 0.000000 0 
1249440.000000 0.932553 1249440.000000 0.932553 0.990372 0.000000 0 
1119360.000000 1.128944 1119360.000000 1.128944 0.982615 0.000000 0 
1782480.000000 0.816459 1782480.000000 0.816459 0.989125 0.000000 0 
1447440.000000 0.858264 1447440.000000 0.858264 0.992437 0.000000 0 
1399680.000000 0.873307 1399680.000000 0.873307 0.984821 0.000000 0 
1810320.000000 0.814816 1810320.000000 0.814816 0.992856 0.000000 0 
1801680.000000 0.815325 1801680.000000 0.815325 0.987427 0.000000 0 
1713360.000000 0.821808 1713360.000000 0.821808 0.990728 0.000000 0 
1188480.000000 0.986115 1188480.000000 0.986115 0.999473 0.000000 0 
1374000.000000 0.878941 1374000.000000 0.878941 0.998140 0.000000 0 
1631280.000000 0.828010 1631280.000000 0.828010 0.998461 0.000000 0 
1529040.000000 0.841039 1529040.000000 0.841039 0.992899 0.000000 0 
1325280.000000 0.899074 1325280.000000 0.899074 0.984253 0.000000 0 
1506000.000000 0.845933 1506000.000000 0.845933 0.993204 0.000000 0 
1303440.000000 0.906188 1303440.000000 0.906188 0.986766 0.000000 0 
1354800.000000 0.887451 1354800.000000 0.887451 0.987049 0.000000 0 
1369200.000000 0.884479 1369200.000000 0.884479 0.982422 0.000000 0 
1484880.000000 0.849659 1484880.000000 0.849659 0.999577 0.000000 0 
1436880.000000 0.861347 1436880.000000 0.861347 0.996020 0.000000 0 
1230240.000000 0.935735 1230240.000000 0.935735 0.991823 0.000000 0 
1259280.000000 0.928844 1259280.000000 0.928844 0.995495 0.000000 0 
1399680.000000 0.873307 1399680.000000 0.873307 0.984821 0.000000 0 
1773120.000000 0.817436 1773120.000000 0.817436 0.999197 0.000000 0 
1270320.000000 0.918455 1270320.000000 0.918455 0.989328 0.000000 0 
1680720.000000 0.825371 1680720.000000 0.825371 0.991169 0.000000 0 
1543680.000000 0.840862 1543680.000000 0.840862 0.985610 0.000000 0 
1432320.000000 0.863190 1432320.000000 0.863190 0.996499 0.000000 0 
1098000.000000 1.158903 1098000.000000 1.158903 0.986502 0.000000 0 
1476240.000000 0.853393 1476240.000000 0.853393 0.984049 0.000000 0 
1567440.000000 0.836497 1567440.000000 0.836497 0.994462 0.000000 0 
1417680.000000 0.863999 1417680.000000 0.863999 0.995353 0.000000 0 
1593600.000000 0.832723 1593600.000000 0.832723 0.995468 0.000000 0 
1314000.000000 0.901559 1314000.000000 0.901559 0.988265 0.000000 0 
1146720.000000 1.034277 1146720.000000 1.034277 0.991819 0.000000 0 
1333200.000000 0.897838 1333200.000000 0.897838 0.979676 0.000000 0 
1559760.000000 0.838032 1559760.000000 0.838032 0.995335 0.000000 0 
1760880.000000 0.818364 1760880.000000 0.818364 0.989978 0.000000 0 
1616640.000000 0.830506 1616640.000000 0.830506 0.994634 0.000000 0 
1290960.000000 0.910293 1290960.000000 0.910293 0.990705 0.000000 0 
1548240.000000 0.838270 1548240.000000 0.838270 0.996431 0.000000 0 
1337760.000000 0.894439 1337760.000000 0.894439 0.999785 0.000000 0 
1582800.000000 0.833799 1582800.000000 0.833799 0.993399 0.000000 0 
1298160.000000 0.909347 1298160.000000 0.909347 0.981588 0.000000 0 
1576320.000000 0.834900 1576320.000000 0.834900 0.993226 0.000000 0 
1308240.000000 0.901857 1308240.000000 0.901857 0.994914 0.000000 0 
1362720.000000 0.885753 1362720.000000 0.885753 0.989417 0.000000 0 
1516560.000000 0.843518 1516560.000000 0.843518 0.992841 0.000000 0 
1703040.000000 0.823229 1703040.000000 0.823229 0.996812 0.000000 0 
1623600.000000 0.828524 1623600.000000 0.828524 0.999775 0.000000 0 
1151280.000000 1.012803 1151280.000000 1.012803 0.976341 0.000000 0 
1497360.000000 0.847170 1497360.000000 0.847170 0.994360 0.000000 0 
1691280.000000 0.824690 1691280.000000 0.824690 0.991879 0.000000 0 
1745520.000000 0.819880 1745520.000000 0.819880 0.992158 0.000000 0 
1270320.000000 0.918455 1270320.000000 0.918455 0.989328 0.000000 0 
1755120.000000 0.819706 1755120.000000 0.819706 0.990391 0.000000 0 
1155600.000000 1.010160 1155600.000000 1.010160 0.974996 0.000000 0 
1256160.000000 0.931846 1256160.000000 0.931846 0.990173 0.000000 0 
1491600.000000 0.848472 1491600.000000 0.848472 0.998246 0.000000 0 
1521360.000000 0.843419 1521360.000000 0.843419 0.998555 0.000000 0 
1606800.000000 0.831256 1606800.000000 0.831256 0.995230 0.000000 0 
1183440.000000 0.989157 1183440.000000 0.989157 0.994870 0.000000 0 
1602240.000000 0.832015 1602240.000000 0.832015 0.987220 0.000000 0 
1208640.000000 0.971799 1208640.000000 0.971799 0.992954 0.000000 0 
1132320.000000 1.044933 1132320.000000 1.044933 0.982295 0.000000 0 
1208640.000000 0.971799 1208640.000000 0.971799 0.992954 0.000000 0 
1696080.000000 0.823459 1696080.000000 0.823459 0.989316 0.000000 0 
1212000.000000 0.966739 1212000.000000 0.966739 0.995510 0.000000 0 
1457040.000000 0.853647 1457040.000000 0.853647 0.999653 0.000000 0 
1110960.000000 1.133890 1110960.000000 1.133890 0.987330 0.000000 0 
1345200.000000 0.891326 1345200.000000 0.891326 0.997943 0.000000 0 
1352400.000000 0.892999 1352400.000000 0.892999 0.986423 0.000000 1 
#Generacion: 3000 
#Distancia: 244.807879 
1084320.000000 1.157415 1084320.000000 1.157415 0.998778 0.000000 0 
2106240.000000 0.803032 2106240.000000 0.803032 0.992800 0.000000 0 
1109040.000000 1.098990 1109040.000000 1.098990 0.995027 0.000000 0 
1113360.000000 1.044397 1113360.000000 1.044397 0.986625 0.000000 0 
1098960.000000 1.100987 1098960.000000 1.100987 0.993660 0.000000 0 
1098480.000000 1.142808 1098480.000000 1.142808 0.999927 0.000000 0 
1127040.000000 1.040878 1127040.000000 1.040878 0.993029 0.000000 0 
1128480.000000 1.007504 1128480.000000 1.007504 0.994143 0.000000 0 
1993680.000000 0.803449 1993680.000000 0.803449 0.997913 0.000000 0 
2080320.000000 0.803275 2080320.000000 0.803275 0.993144 0.000000 0 
1180320.000000 0.981506 1180320.000000 0.981506 0.971697 0.000000 0 
1781280.000000 0.814598 1781280.000000 0.814598 0.988325 0.000000 0 
1749600.000000 0.816513 1749600.000000 0.816513 0.984226 0.000000 0 
1270560.000000 0.911422 1270560.000000 0.911422 0.998533 0.000000 0 
1187760.000000 0.971331 1187760.000000 0.971331 0.998272 0.000000 0 
1952640.000000 0.805188 1952640.000000 0.805188 0.989652 0.000000 0 
1094400.000000 1.144298 1094400.000000 1.144298 0.998048 0.000000 0 
1089360.000000 1.156355 1089360.000000 1.156355 0.999262 0.000000 0 
1687440.000000 0.823807 1687440.000000 0.823807 0.984472 0.000000 0 
1159200.000000 0.990494 1159200.000000 0.990494 0.993520 0.000000 0 
1702080.000000 0.821673 1702080.000000 0.821673 0.997990 0.000000 0 
1259280.000000 0.928844 1259280.000000 0.928844 0.995495 0.000000 0 
1201440.000000 0.966706 1201440.000000 0.966706 0.996375 0.000000 0 
1976640.000000 0.803798 1976640.000000 0.803798 0.996018 0.000000 0 
1210800.000000 0.947841 1210800.000000 0.947841 0.992752 0.000000 0 
1858080.000000 0.811560 1858080.000000 0.811560 0.994596 0.000000 0 
1506000.000000 0.845933 1506000.000000 0.845933 0.993204 0.000000 0 
1225680.000000 0.939009 1225680.000000 0.939009 0.996588 0.000000 0 
1261200.000000 0.916956 1261200.000000 0.916956 0.990953 0.000000 0 
1873920.000000 0.810227 1873920.000000 0.810227 0.998950 0.000000 0 
1215360.000000 0.944857 1215360.000000 0.944857 0.992385 0.000000 0 
1143840.000000 1.005470 1143840.000000 1.005470 0.992338 0.000000 0 
1425600.000000 0.863330 1425600.000000 0.863330 0.989900 0.000000 0 
1406880.000000 0.865554 1406880.000000 0.865554 0.990590 0.000000 0 
1539600.000000 0.839126 1539600.000000 0.839126 0.994685 0.000000 0 
1362960.000000 0.880278 1362960.000000 0.880278 0.985660 0.000000 0 
1351680.000000 0.884816 1351680.000000 0.884816 0.993818 0.000000 0 
1468320.000000 0.850619 1468320.000000 0.850619 0.994412 0.000000 0 
1833600.000000 0.811706 1833600.000000 0.811706 0.995470 0.000000 0 
1515600.000000 0.843331 1515600.000000 0.843331 0.998387 0.000000 0 
1230240.000000 0.935735 1230240.000000 0.935735 0.991823 0.000000 0 
1259760.000000 0.921797 1259760.000000 0.921797 0.986425 0.000000 0 
1529040.000000 0.841039 1529040.000000 0.841039 0.992899 0.000000 0 
1290960.000000 0.910293 1290960.000000 0.910293 0.990705 0.000000 0 
1739280.000000 0.819174 1739280.000000 0.819174 0.987789 0.000000 0 
1559760.000000 0.838032 1559760.000000 0.838032 0.995335 0.000000 0 
1322160.000000 0.899331 1322160.000000 0.899331 0.991450 0.000000 0 
1893120.000000 0.809632 1893120.000000 0.809632 0.999431 0.000000 0 
1936080.000000 0.806505 1936080.000000 0.806505 0.988010 0.000000 0 
1800480.000000 0.814175 1800480.000000 0.814175 0.981075 0.000000 0 
1623600.000000 0.828524 1623600.000000 0.828524 0.999775 0.000000 0 
1207440.000000 0.957817 1207440.000000 0.957817 0.997122 0.000000 0 
1207440.000000 0.957817 1207440.000000 0.957817 0.997122 0.000000 0 
1593600.000000 0.832670 1593600.000000 0.832670 0.996442 0.000000 0 
1147680.000000 0.996351 1147680.000000 0.996351 0.993511 0.000000 0 
1378080.000000 0.875396 1378080.000000 0.875396 0.988560 0.000000 0 
1386480.000000 0.872874 1386480.000000 0.872874 0.992471 0.000000 0 
1326480.000000 0.894444 1326480.000000 0.894444 0.993951 0.000000 0 
1648080.000000 0.825251 1648080.000000 0.825251 0.993035 0.000000 0 
1432080.000000 0.860423 1432080.000000 0.860423 0.991009 0.000000 0 
1374000.000000 0.878941 1374000.000000 0.878941 0.998140 0.000000 0 
1147680.000000 0.996351 1147680.000000 0.996351 0.993511 0.000000 0 
1175040.000000 0.986995 1175040.000000 0.986995 0.989430 0.000000 0 
1337760.000000 0.894439 1337760.000000 0.894439 0.999785 0.000000 0 
1398960.000000 0.867788 1398960.000000 0.867788 0.993125 0.000000 0 
1820640.000000 0.811962 1820640.000000 0.811962 0.995044 0.000000 0 
1388880.000000 0.868791 1388880.000000 0.868791 0.999268 0.000000 0 
1195920.000000 0.970034 1195920.000000 0.970034 0.990494 0.000000 0 
1338000.000000 0.888827 1338000.000000 0.888827 0.990166 0.000000 0 
2087040.000000 0.803221 2087040.000000 0.803221 0.993772 0.000000 0 
1925040.000000 0.807290 1925040.000000 0.807290 0.998735 0.000000 0 
1810080.000000 0.813005 1810080.000000 0.813005 0.993707 0.000000 0 
1662480.000000 0.824337 1662480.000000 0.824337 0.986331 0.000000 0 
1446000.000000 0.856193 1446000.000000 0.856193 0.983576 0.000000 0 
1723680.000000 0.820027 1723680.000000 0.820027 0.992931 0.000000 0 
1311120.000000 0.901229 1311120.000000 0.901229 0.989538 0.000000 0 
1439280.000000 0.857883 1439280.000000 0.857883 0.991451 0.000000 0 
1235520.000000 0.929637 1235520.000000 0.929637 0.994538 0.000000 0 
1174560.000000 0.989316 1174560.000000 0.989316 0.990654 0.000000 0 
1487760.000000 0.848481 1487760.000000 0.848481 0.993236 0.000000 0 
1567440.000000 0.836497 1567440.000000 0.836497 0.994462 0.000000 0 
1487760.000000 0.848481 1487760.000000 0.848481 0.993236 0.000000 0 
1905600.000000 0.809244 1905600.000000 0.809244 0.997667 0.000000 0 
1454640.000000 0.854058 1454640.000000 0.854058 0.986426 0.000000 0 
1345920.000000 0.887922 1345920.000000 0.887922 0.981844 0.000000 0 
1606320.000000 0.829860 1606320.000000 0.829860 0.983466 0.000000 0 
1914480.000000 0.808240 1914480.000000 0.808240 0.999210 0.000000 0 
1303200.000000 0.901870 1303200.000000 0.901870 0.998460 0.000000 0 
1297440.000000 0.905049 1297440.000000 0.905049 0.992968 0.000000 0 
1118400.000000 1.043303 1118400.000000 1.043303 0.983896 0.000000 0 
1582800.000000 0.833799 1582800.000000 0.833799 0.993399 0.000000 0 
1464720.000000 0.853888 1464720.000000 0.853888 0.993020 0.000000 0 
1576320.000000 0.834900 1576320.000000 0.834900 0.993226 0.000000 0 
1235520.000000 0.929637 1235520.000000 0.929637 0.994538 0.000000 0 
1637520.000000 0.825944 1637520.000000 0.825944 0.985376 0.000000 0 
1296960.000000 0.908069 1296960.000000 0.908069 0.988652 0.000000 0 
1631280.000000 0.827346 1631280.000000 0.827346 0.995022 0.000000 0 
1135200.000000 1.005980 1135200.000000 1.005980 0.993608 0.000000 0 
1604880.000000 0.830737 1604880.000000 0.830737 0.996306 0.000000 0 
1723680.000000 0.820027 1723680.000000 0.820027 0.992931 0.000000 0 
#Generacion: 3500 
#Distancia: 266.048788 
1077840.000000 1.187990 1077840.000000 1.187990 0.999546 0.000000 0 
2184960.000000 0.798621 2184960.000000 0.798621 0.991587 0.000000 0 
2058000.000000 0.800984 2058000.000000 0.800984 0.987678 0.000000 0 
1087680.000000 1.157265 1087680.000000 1.157265 0.997211 0.000000 0 
1088160.000000 1.103969 1088160.000000 1.103969 0.995414 0.000000 0 
2184960.000000 0.798621 2184960.000000 0.798621 0.991587 0.000000 0 
1098240.000000 1.086786 1098240.000000 1.086786 0.990625 0.000000 0 
1099680.000000 1.051989 1099680.000000 1.051989 0.988051 0.000000 0 
1084320.000000 1.157415 1084320.000000 1.157415 0.998778 0.000000 0 
1077840.000000 1.187990 1077840.000000 1.187990 0.999546 0.000000 0 
1122720.000000 1.026829 1122720.000000 1.026829 0.980291 0.000000 0 
1123440.000000 1.008128 1123440.000000 1.008128 0.994707 0.000000 0 
1165440.000000 0.978607 1165440.000000 0.978607 0.980957 0.000000 0 
1107120.000000 1.036555 1107120.000000 1.036555 0.984066 0.000000 0 
1153200.000000 0.986345 1153200.000000 0.986345 0.990952 0.000000 0 
1093200.000000 1.087240 1093200.000000 1.087240 0.988974 0.000000 0 
2025360.000000 0.802776 2025360.000000 0.802776 0.996903 0.000000 0 
1198080.000000 0.948397 1198080.000000 0.948397 0.995582 0.000000 0 
1194000.000000 0.960039 1194000.000000 0.960039 0.992176 0.000000 0 
1088160.000000 1.103969 1088160.000000 1.103969 0.995414 0.000000 0 
1104720.000000 1.051555 1104720.000000 1.051555 0.990074 0.000000 0 
1976640.000000 0.803798 1976640.000000 0.803798 0.996018 0.000000 0 
1261200.000000 0.916956 1261200.000000 0.916956 0.990953 0.000000 0 
1637520.000000 0.825944 1637520.000000 0.825944 0.985376 0.000000 0 
1950720.000000 0.806120 1950720.000000 0.806120 0.989284 0.000000 0 
1358880.000000 0.878433 1358880.000000 0.878433 0.995151 0.000000 0 
1536960.000000 0.838839 1536960.000000 0.838839 0.982314 0.000000 0 
1398960.000000 0.867788 1398960.000000 0.867788 0.993125 0.000000 0 
1151280.000000 0.995706 1151280.000000 0.995706 0.995518 0.000000 0 
1372320.000000 0.873596 1372320.000000 0.873596 0.997902 0.000000 0 
1248720.000000 0.921674 1248720.000000 0.921674 0.984211 0.000000 0 
1267920.000000 0.911161 1267920.000000 0.911161 0.991680 0.000000 0 
1122480.000000 1.034358 1122480.000000 1.034358 0.975011 0.000000 0 
1382880.000000 0.871083 1382880.000000 0.871083 0.998992 0.000000 0 
1299120.000000 0.902999 1299120.000000 0.902999 0.998259 0.000000 0 
1173120.000000 0.969381 1173120.000000 0.969381 0.996030 0.000000 0 
1709760.000000 0.820002 1709760.000000 0.820002 0.992082 0.000000 0 
1557120.000000 0.838584 1557120.000000 0.838584 0.976151 0.000000 0 
1410480.000000 0.864686 1410480.000000 0.864686 0.992742 0.000000 0 
1895280.000000 0.809255 1895280.000000 0.809255 0.999431 0.000000 0 
1853040.000000 0.811564 1853040.000000 0.811564 0.998217 0.000000 0 
1574640.000000 0.837324 1574640.000000 0.837324 0.990456 0.000000 0 
1780080.000000 0.814552 1780080.000000 0.814552 0.995990 0.000000 0 
1325520.000000 0.894876 1325520.000000 0.894876 0.996667 0.000000 0 
1182480.000000 0.962124 1182480.000000 0.962124 0.990585 0.000000 0 
1624320.000000 0.827964 1624320.000000 0.827964 0.986168 0.000000 0 
1581120.000000 0.833056 1581120.000000 0.833056 0.988454 0.000000 0 
1593600.000000 0.830413 1593600.000000 0.830413 0.992659 0.000000 0 
1608000.000000 0.829171 1608000.000000 0.829171 0.986825 0.000000 0 
1738800.000000 0.818814 1738800.000000 0.818814 0.993498 0.000000 0 
1908480.000000 0.807669 1908480.000000 0.807669 0.988829 0.000000 0 
1239120.000000 0.924909 1239120.000000 0.924909 0.984210 0.000000 0 
1762800.000000 0.814826 1762800.000000 0.814826 0.990599 0.000000 0 
1224000.000000 0.944613 1224000.000000 0.944613 0.990630 0.000000 0 
1750320.000000 0.816798 1750320.000000 0.816798 0.995141 0.000000 0 
1348560.000000 0.882066 1348560.000000 0.882066 0.991260 0.000000 0 
1283280.000000 0.906154 1283280.000000 0.906154 0.992960 0.000000 0 
2007120.000000 0.803191 2007120.000000 0.803191 0.997068 0.000000 0 
1833600.000000 0.811706 1833600.000000 0.811706 0.995470 0.000000 0 
1722000.000000 0.820001 1722000.000000 0.820001 0.994337 0.000000 0 
1148640.000000 1.000604 1148640.000000 1.000604 0.991900 0.000000 0 
1993680.000000 0.803449 1993680.000000 0.803449 0.997913 0.000000 0 
1519200.000000 0.841870 1519200.000000 0.841870 0.993453 0.000000 0 
1314480.000000 0.898718 1314480.000000 0.898718 0.994557 0.000000 0 
1800480.000000 0.814175 1800480.000000 0.814175 0.981075 0.000000 0 
1924800.000000 0.806663 1924800.000000 0.806663 0.992087 0.000000 0 
1225680.000000 0.939009 1225680.000000 0.939009 0.996588 0.000000 0 
1131120.000000 1.003676 1131120.000000 1.003676 0.994890 0.000000 0 
1820640.000000 0.811962 1820640.000000 0.811962 0.995044 0.000000 0 
1659600.000000 0.823143 1659600.000000 0.823143 0.992428 0.000000 0 
1439280.000000 0.857883 1439280.000000 0.857883 0.991451 0.000000 0 
1178640.000000 0.968280 1178640.000000 0.968280 0.996399 0.000000 0 
1685280.000000 0.821920 1685280.000000 0.821920 0.992270 0.000000 0 
1348320.000000 0.887126 1348320.000000 0.887126 0.996489 0.000000 0 
1336560.000000 0.892794 1336560.000000 0.892794 0.993893 0.000000 0 
1427760.000000 0.863354 1427760.000000 0.863354 0.991980 0.000000 0 
1277280.000000 0.907204 1277280.000000 0.907204 0.991790 0.000000 0 
1476240.000000 0.852035 1476240.000000 0.852035 0.995414 0.000000 0 
1488720.000000 0.847895 1488720.000000 0.847895 0.998646 0.000000 0 
1659600.000000 0.823143 1659600.000000 0.823143 0.992428 0.000000 0 
1685280.000000 0.821920 1685280.000000 0.821920 0.992270 0.000000 0 
1229280.000000 0.935614 1229280.000000 0.935614 0.993420 0.000000 0 
1872240.000000 0.809470 1872240.000000 0.809470 0.992923 0.000000 0 
1338000.000000 0.888827 1338000.000000 0.888827 0.990166 0.000000 0 
1308240.000000 0.899837 1308240.000000 0.899837 0.983877 0.000000 0 
1936080.000000 0.806505 1936080.000000 0.806505 0.988010 0.000000 0 
1463280.000000 0.853704 1463280.000000 0.853704 0.994370 0.000000 0 
1432080.000000 0.861864 1432080.000000 0.861864 0.989993 0.000000 0 
1809120.000000 0.813891 1809120.000000 0.813891 0.984985 0.000000 0 
1134960.000000 1.001342 1134960.000000 1.001342 0.994747 0.000000 0 
1446000.000000 0.856193 1446000.000000 0.856193 0.983576 0.000000 0 
1506000.000000 0.845933 1506000.000000 0.845933 0.993204 0.000000 0 
1867200.000000 0.809514 1867200.000000 0.809514 0.991595 0.000000 0 
1517520.000000 0.843081 1517520.000000 0.843081 0.999279 0.000000 0 
1238880.000000 0.930955 1238880.000000 0.930955 0.998309 0.000000 0 
1454640.000000 0.854058 1454640.000000 0.854058 0.986426 0.000000 0 
1481280.000000 0.849652 1481280.000000 0.849652 0.995602 0.000000 0 
1500960.000000 0.846282 1500960.000000 0.846282 0.997580 0.000000 0 
1232160.000000 0.931086 1232160.000000 0.931086 0.999361 0.000000 0 
1209600.000000 0.946018 1209600.000000 0.946018 0.993635 0.000000 0 
#Generacion: 4000 
#Distancia: 283.706566 
1047360.000000 1.216453 1047360.000000 1.216453 0.997972 0.000000 0 
2184960.000000 0.798621 2184960.000000 0.798621 0.991587 0.000000 0 
1070880.000000 1.150328 1070880.000000 1.150328 0.995623 0.000000 0 
1077120.000000 1.091571 1077120.000000 1.091571 0.990109 0.000000 0 
1069440.000000 1.211396 1069440.000000 1.211396 0.999157 0.000000 0 
2184960.000000 0.798621 2184960.000000 0.798621 0.991587 0.000000 0 
2058000.000000 0.800984 2058000.000000 0.800984 0.987678 0.000000 0 
1092240.000000 1.058804 1092240.000000 1.058804 0.985065 0.000000 0 
1087440.000000 1.086943 1087440.000000 1.086943 0.988854 0.000000 0 
1117680.000000 1.007874 1117680.000000 1.007874 0.986049 0.000000 0 
1107120.000000 1.030322 1107120.000000 1.030322 0.983718 0.000000 0 
1137600.000000 0.980625 1137600.000000 0.980625 0.994563 0.000000 0 
1134960.000000 1.001342 1134960.000000 1.001342 0.994747 0.000000 0 
1911360.000000 0.805829 1911360.000000 0.805829 0.999048 0.000000 0 
1953360.000000 0.804555 1953360.000000 0.804555 0.998816 0.000000 0 
1195440.000000 0.959492 1195440.000000 0.959492 0.994806 0.000000 0 
1178640.000000 0.968280 1178640.000000 0.968280 0.996399 0.000000 0 
1198080.000000 0.948397 1198080.000000 0.948397 0.995582 0.000000 0 
1702800.000000 0.819374 1702800.000000 0.819374 0.989235 0.000000 0 
1650240.000000 0.826951 1650240.000000 0.826951 0.988199 0.000000 0 
1624320.000000 0.827964 1624320.000000 0.827964 0.986168 0.000000 0 
1099680.000000 1.033710 1099680.000000 1.033710 0.983500 0.000000 0 
1247760.000000 0.922258 1247760.000000 0.922258 0.991225 0.000000 0 
1238880.000000 0.930955 1238880.000000 0.930955 0.998309 0.000000 0 
1098720.000000 1.053069 1098720.000000 1.053069 0.987619 0.000000 0 
2025360.000000 0.802776 2025360.000000 0.802776 0.996903 0.000000 0 
1267920.000000 0.911161 1267920.000000 0.911161 0.991680 0.000000 0 
1554480.000000 0.836053 1554480.000000 0.836053 0.983129 0.000000 0 
1867200.000000 0.809514 1867200.000000 0.809514 0.991595 0.000000 0 
1182720.000000 0.963610 1182720.000000 0.963610 0.997589 0.000000 0 
1146240.000000 0.977022 1146240.000000 0.977022 0.994108 0.000000 0 
1481280.000000 0.849652 1481280.000000 0.849652 0.995602 0.000000 0 
1536960.000000 0.838839 1536960.000000 0.838839 0.982314 0.000000 0 
1225680.000000 0.938664 1225680.000000 0.938664 0.997086 0.000000 0 
1347360.000000 0.882388 1347360.000000 0.882388 0.994288 0.000000 0 
1372320.000000 0.873596 1372320.000000 0.873596 0.997902 0.000000 0 
1410480.000000 0.864686 1410480.000000 0.864686 0.992742 0.000000 0 
1315920.000000 0.895993 1315920.000000 0.895993 0.996765 0.000000 0 
1734480.000000 0.819159 1734480.000000 0.819159 0.986965 0.000000 0 
2034960.000000 0.802652 2034960.000000 0.802652 0.997858 0.000000 0 
1608000.000000 0.829171 1608000.000000 0.829171 0.986825 0.000000 0 
1692000.000000 0.821532 1692000.000000 0.821532 0.991627 0.000000 0 
1593600.000000 0.830413 1593600.000000 0.830413 0.992659 0.000000 0 
1264320.000000 0.918343 1264320.000000 0.918343 0.996036 0.000000 0 
1674960.000000 0.822856 1674960.000000 0.822856 0.987302 0.000000 0 
1382880.000000 0.871083 1382880.000000 0.871083 0.998992 0.000000 0 
1581120.000000 0.832853 1581120.000000 0.832853 0.989742 0.000000 0 
1217760.000000 0.942406 1217760.000000 0.942406 0.998054 0.000000 0 
1209600.000000 0.946018 1209600.000000 0.946018 0.993635 0.000000 0 
1517520.000000 0.843081 1517520.000000 0.843081 0.999279 0.000000 0 
1659600.000000 0.823143 1659600.000000 0.823143 0.992428 0.000000 0 
1056000.000000 1.214173 1056000.000000 1.214173 0.999505 0.000000 0 
1807680.000000 0.813257 1807680.000000 0.813257 0.995970 0.000000 0 
1446480.000000 0.855645 1446480.000000 0.855645 0.995987 0.000000 0 
1568880.000000 0.834693 1568880.000000 0.834693 0.988661 0.000000 0 
1319760.000000 0.890627 1319760.000000 0.890627 0.996566 0.000000 0 
1790880.000000 0.814129 1790880.000000 0.814129 0.990786 0.000000 0 
1426560.000000 0.863985 1426560.000000 0.863985 0.990726 0.000000 0 
1495680.000000 0.846889 1495680.000000 0.846889 0.995095 0.000000 0 
1128240.000000 1.004125 1128240.000000 1.004125 0.994253 0.000000 0 
1750320.000000 0.816437 1750320.000000 0.816437 0.989414 0.000000 0 
1277280.000000 0.907204 1277280.000000 0.907204 0.991790 0.000000 0 
1146960.000000 0.969312 1146960.000000 0.969312 0.993160 0.000000 0 
1237200.000000 0.935201 1237200.000000 0.935201 0.992419 0.000000 0 
1463280.000000 0.853704 1463280.000000 0.853704 0.994370 0.000000 0 
1993680.000000 0.803449 1993680.000000 0.803449 0.997913 0.000000 0 
1335840.000000 0.885155 1335840.000000 0.885155 0.996694 0.000000 0 
1899120.000000 0.807668 1899120.000000 0.807668 0.991275 0.000000 0 
1841040.000000 0.810211 1841040.000000 0.810211 0.997174 0.000000 0 
1505040.000000 0.845480 1505040.000000 0.845480 0.999853 0.000000 0 
1099200.000000 1.044983 1099200.000000 1.044983 0.997910 0.000000 0 
1530240.000000 0.841538 1530240.000000 0.841538 0.980733 0.000000 0 
1333920.000000 0.889643 1333920.000000 0.889643 0.986855 0.000000 0 
1762800.000000 0.814826 1762800.000000 0.814826 0.990599 0.000000 0 
1820640.000000 0.811962 1820640.000000 0.811962 0.995044 0.000000 0 
1775040.000000 0.814221 1775040.000000 0.814221 0.989783 0.000000 0 
1359840.000000 0.876591 1359840.000000 0.876591 0.997916 0.000000 0 
1437120.000000 0.861553 1437120.000000 0.861553 0.990954 0.000000 0 
1472640.000000 0.852892 1472640.000000 0.852892 0.997907 0.000000 0 
1285920.000000 0.905068 1285920.000000 0.905068 0.992353 0.000000 0 
1353120.000000 0.877463 1353120.000000 0.877463 0.999213 0.000000 0 
1972800.000000 0.803575 1972800.000000 0.803575 0.990130 0.000000 0 
1297440.000000 0.903985 1297440.000000 0.903985 0.997323 0.000000 0 
2058000.000000 0.800984 2058000.000000 0.800984 0.987678 0.000000 0 
1251360.000000 0.918598 1251360.000000 0.918598 0.991101 0.000000 0 
1307760.000000 0.900094 1307760.000000 0.900094 0.997725 0.000000 0 
1398960.000000 0.867788 1398960.000000 0.867788 0.993125 0.000000 0 
1439280.000000 0.857877 1439280.000000 0.857877 0.982102 0.000000 0 
1393920.000000 0.868122 1393920.000000 0.868122 0.992646 0.000000 0 
1738560.000000 0.818649 1738560.000000 0.818649 0.994673 0.000000 0 
1085760.000000 1.091127 1085760.000000 1.091127 0.987415 0.000000 0 
1099200.000000 1.044983 1099200.000000 1.044983 0.997910 0.000000 0 
1884720.000000 0.808160 1884720.000000 0.808160 0.999930 0.000000 0 
1966320.000000 0.803629 1966320.000000 0.803629 0.990368 0.000000 0 
1146960.000000 0.969312 1146960.000000 0.969312 0.993160 0.000000 0 
1993680.000000 0.803449 1993680.000000 0.803449 0.997913 0.000000 0 
1879680.000000 0.808724 1879680.000000 0.808724 0.996953 0.000000 0 
1069440.000000 1.211396 1069440.000000 1.211396 0.999157 0.000000 0 
1306560.000000 0.902489 1306560.000000 0.902489 0.994516 0.000000 0 
1833600.000000 0.811706 1833600.000000 0.811706 0.995470 0.000000 0 
#Generacion: 4500 
#Distancia: 296.816465 
1047360.000000 1.214761 1047360.000000 1.214761 0.999345 0.000000 0 
1047360.000000 1.214761 1047360.000000 1.214761 0.999345 0.000000 0 
2184960.000000 0.798621 2184960.000000 0.798621 0.991587 0.000000 0 
1053840.000000 1.198245 1053840.000000 1.198245 0.997207 0.000000 0 
1055760.000000 1.104037 1055760.000000 1.104037 0.992691 0.000000 0 
2184960.000000 0.798621 2184960.000000 0.798621 0.991587 0.000000 0 
2058000.000000 0.800984 2058000.000000 0.800984 0.987678 0.000000 0 
1075920.000000 1.084125 1075920.000000 1.084125 0.979402 0.000000 0 
1080960.000000 1.050424 1080960.000000 1.050424 0.987941 0.000000 0 
1971120.000000 0.803313 1971120.000000 0.803313 0.992489 0.000000 0 
1127040.000000 1.002159 1127040.000000 1.002159 0.994011 0.000000 0 
1087440.000000 1.035688 1087440.000000 1.035688 0.986518 0.000000 0 
2025360.000000 0.802776 2025360.000000 0.802776 0.996903 0.000000 0 
1098480.000000 1.032210 1098480.000000 1.032210 0.992238 0.000000 0 
1133760.000000 0.971277 1133760.000000 0.971277 0.996813 0.000000 0 
1341600.000000 0.879540 1341600.000000 0.879540 0.997296 0.000000 0 
1062960.000000 1.096783 1062960.000000 1.096783 0.990531 0.000000 0 
1324320.000000 0.887308 1324320.000000 0.887308 0.995818 0.000000 0 
1050960.000000 1.209430 1050960.000000 1.209430 0.995313 0.000000 0 
1173840.000000 0.960956 1173840.000000 0.960956 0.993089 0.000000 0 
1284480.000000 0.900230 1284480.000000 0.900230 0.988887 0.000000 0 
1127280.000000 0.984038 1127280.000000 0.984038 0.995424 0.000000 0 
1277280.000000 0.907204 1277280.000000 0.907204 0.991790 0.000000 0 
1554480.000000 0.836053 1554480.000000 0.836053 0.983129 0.000000 0 
1925760.000000 0.804731 1925760.000000 0.804731 0.999496 0.000000 0 
1080960.000000 1.050424 1080960.000000 1.050424 0.987941 0.000000 0 
1102560.000000 1.018462 1102560.000000 1.018462 0.991762 0.000000 0 
1590720.000000 0.830162 1590720.000000 0.830162 0.993344 0.000000 0 
1109040.000000 1.009686 1109040.000000 1.009686 0.990812 0.000000 0 
1235040.000000 0.927799 1235040.000000 0.927799 0.989758 0.000000 0 
1260000.000000 0.915786 1260000.000000 0.915786 0.992136 0.000000 0 
1198080.000000 0.948397 1198080.000000 0.948397 0.995582 0.000000 0 
1305120.000000 0.898858 1305120.000000 0.898858 0.989669 0.000000 0 
1209360.000000 0.943620 1209360.000000 0.943620 0.997404 0.000000 0 
1618800.000000 0.829797 1618800.000000 0.829797 0.982013 0.000000 0 
1754640.000000 0.815974 1754640.000000 0.815974 0.985313 0.000000 0 
1713360.000000 0.818320 1713360.000000 0.818320 0.988474 0.000000 0 
1127280.000000 0.984038 1127280.000000 0.984038 0.995424 0.000000 0 
1276320.000000 0.914513 1276320.000000 0.914513 0.997019 0.000000 0 
1393920.000000 0.868122 1393920.000000 0.868122 0.992646 0.000000 0 
1424880.000000 0.859307 1424880.000000 0.859307 0.992574 0.000000 0 
1219920.000000 0.936131 1219920.000000 0.936131 0.997599 0.000000 0 
1847760.000000 0.809704 1847760.000000 0.809704 0.991292 0.000000 0 
1674960.000000 0.822856 1674960.000000 0.822856 0.987302 0.000000 0 
1115760.000000 1.005400 1115760.000000 1.005400 0.992200 0.000000 0 
1466640.000000 0.851860 1466640.000000 0.851860 0.993613 0.000000 0 
1230240.000000 0.929865 1230240.000000 0.929865 0.996961 0.000000 0 
1801920.000000 0.813092 1801920.000000 0.813092 0.996625 0.000000 0 
2033040.000000 0.802345 2033040.000000 0.802345 0.984946 0.000000 0 
1774080.000000 0.815010 1774080.000000 0.815010 0.992914 0.000000 0 
1689840.000000 0.821546 1689840.000000 0.821546 0.990434 0.000000 0 
1315680.000000 0.895860 1315680.000000 0.895860 0.982927 0.000000 0 
1867200.000000 0.809514 1867200.000000 0.809514 0.991595 0.000000 0 
1387680.000000 0.873364 1387680.000000 0.873364 0.996718 0.000000 0 
1372320.000000 0.873596 1372320.000000 0.873596 0.997902 0.000000 0 
1821840.000000 0.813033 1821840.000000 0.813033 0.994253 0.000000 0 
1579200.000000 0.833681 1579200.000000 0.833681 0.999668 0.000000 0 
1408320.000000 0.861198 1408320.000000 0.861198 0.996810 0.000000 0 
1833600.000000 0.811706 1833600.000000 0.811706 0.995470 0.000000 0 
1148160.000000 0.964313 1148160.000000 0.964313 0.989762 0.000000 0 
1906560.000000 0.805435 1906560.000000 0.805435 0.997257 0.000000 0 
1949040.000000 0.803786 1949040.000000 0.803786 0.997413 0.000000 0 
1899120.000000 0.807668 1899120.000000 0.807668 0.991275 0.000000 0 
1247520.000000 0.920073 1247520.000000 0.920073 0.992055 0.000000 0 
1517280.000000 0.842606 1517280.000000 0.842606 0.998956 0.000000 0 
1146960.000000 0.969312 1146960.000000 0.969312 0.993160 0.000000 0 
1407360.000000 0.865745 1407360.000000 0.865745 0.992304 0.000000 0 
1504800.000000 0.844902 1504800.000000 0.844902 0.998912 0.000000 0 
1786560.000000 0.813951 1786560.000000 0.813951 0.993174 0.000000 0 
1481280.000000 0.849652 1481280.000000 0.849652 0.995602 0.000000 0 
1702800.000000 0.819374 1702800.000000 0.819374 0.989235 0.000000 0 
1319760.000000 0.890627 1319760.000000 0.890627 0.996566 0.000000 0 
1661520.000000 0.825525 1661520.000000 0.825525 0.997827 0.000000 0 
1181520.000000 0.957973 1181520.000000 0.957973 0.983797 0.000000 0 
1439280.000000 0.857877 1439280.000000 0.857877 0.982102 0.000000 0 
1216800.000000 0.939481 1216800.000000 0.939481 0.999351 0.000000 0 
1455120.000000 0.854167 1455120.000000 0.854167 0.995423 0.000000 0 
1106400.000000 1.018169 1106400.000000 1.018169 0.992412 0.000000 0 
1529280.000000 0.841603 1529280.000000 0.841603 0.980719 0.000000 0 
1639200.000000 0.826529 1639200.000000 0.826529 0.997016 0.000000 0 
1360080.000000 0.876519 1360080.000000 0.876519 0.992611 0.000000 0 
1623840.000000 0.826728 1623840.000000 0.826728 0.994925 0.000000 0 
2058000.000000 0.800984 2058000.000000 0.800984 0.987678 0.000000 0 
1069680.000000 1.089699 1069680.000000 1.089699 0.989563 0.000000 0 
1191840.000000 0.953184 1191840.000000 0.953184 0.998764 0.000000 0 
1354800.000000 0.878009 1354800.000000 0.878009 0.989566 0.000000 0 
1446480.000000 0.855645 1446480.000000 0.855645 0.995987 0.000000 0 
1540800.000000 0.836854 1540800.000000 0.836854 0.996089 0.000000 0 
1650720.000000 0.825690 1650720.000000 0.825690 0.974928 0.000000 0 
1495680.000000 0.846889 1495680.000000 0.846889 0.995095 0.000000 0 
1536960.000000 0.838839 1536960.000000 0.838839 0.982314 0.000000 0 
1247520.000000 0.920073 1247520.000000 0.920073 0.992055 0.000000 0 
1188240.000000 0.954623 1188240.000000 0.954623 0.988428 0.000000 0 
1955760.000000 0.803339 1955760.000000 0.803339 0.999773 0.000000 0 
1492800.000000 0.849557 1492800.000000 0.849557 0.998268 0.000000 0 
1070640.000000 1.089407 1070640.000000 1.089407 0.989773 0.000000 0 
1581120.000000 0.832853 1581120.000000 0.832853 0.989742 0.000000 0 
1882320.000000 0.808898 1882320.000000 0.808898 0.992015 0.000000 0 
1882320.000000 0.808898 1882320.000000 0.808898 0.992015 0.000000 0 
1737360.000000 0.817263 1737360.000000 0.817263 0.999090 0.000000 0 
#Generacion: 5000 
#Distancia: 299.306667 
