44494236.632077 42469357.832667 2024880.000000 1.200590 5.246936 42469356.632077 15 
49520396.333557 47685837.991723 1834560.000000 1.658166 5.768584 47685836.333557 31 
58033740102726.437500 58033737995289.539062 2107440.000000 3.101916 5803374.799529 58033737995286.437500 81 
44097379.836836 42052341.897176 2045040.000000 2.060340 5.205234 42052339.836836 14 
44085974.294522 42131655.964472 1954320.000000 1.669951 5.213165 42131654.294522 14 
49937091.804864 47886293.107532 2050800.000000 1.302668 5.788629 47886291.804864 33 
39781557.782876 37811159.290304 1970400.000000 1.507429 4.781116 37811157.782876 5 
56401077.697115 54398519.503514 2002560.000000 1.806399 6.439852 54398517.697115 49 
55973465.661176 53808907.317131 2164560.000000 1.655955 6.380891 53808905.661176 48 
57366089.427909 55187370.786180 2178720.000000 1.358271 6.518737 55187369.427909 51 
47571652.186011 45596933.330565 1974720.000000 1.144553 5.559693 45596932.186011 22 
65174407.712148 63301929.980151 1872480.000000 2.268003 7.330193 63301927.712148 62 
51532735.263612 49585377.409484 1947360.000000 2.145872 5.958538 49585375.263612 39 
46739928.940152 44687930.226519 2052000.000000 1.286367 5.468793 44687928.940152 19 
52220785.018086 50368706.974790 1852080.000000 1.956704 6.036871 50368705.018086 41 
47847771.574183 45933053.188633 1914720.000000 1.614449 5.593305 45933051.574183 23 
49176755.129630 47359957.024901 1816800.000000 1.895271 5.735996 47359955.129630 28 
49957940.967436 47935942.738315 2022000.000000 1.770879 5.793594 47935940.967436 34 
75819980.397848 73767502.926696 2052480.000000 2.528848 8.376750 73767500.397848 68 
42297737.828956 40280299.709445 2017440.000000 1.880489 5.028030 40280297.828956 8 
51391692.203834 49435213.784321 1956480.000000 1.580487 5.943521 49435212.203834 37 
117861116440998.796875 117861114437240.250000 2003760.000000 1.450433 11786112.443724 117861114437238.796875 89 
46003018.871403 44015341.036596 1987680.000000 2.165193 5.401534 44015338.871403 17 
115419732713768.203125 115419730746489.578125 1967280.000000 1.382412 11541974.074649 115419730746488.203125 88 
84097213980921.671875 84097211826443.062500 2154480.000000 1.385796 8409722.182644 84097211826441.671875 85 
23939938.543925 21935220.168500 2004720.000000 1.624575 3.193522 21935218.543925 0 
46263802.557105 44279963.845628 1983840.000000 1.288523 5.427996 44279962.557105 18 
56864356.498250 54851717.772843 2012640.000000 1.274593 6.485172 54851716.498250 50 
60892288.415408 58930529.896202 1961760.000000 1.480794 6.893053 58930528.415408 55 
3404897077494.544434 3404895251096.906738 1826400.000000 2.362152 340490.525109 3404895251094.544434 75 
38737616.170571 36631378.247256 2106240.000000 2.076685 4.663138 36631376.170571 4 
2239400003689.301758 2239398045531.393555 1958160.000000 2.091841 223940.804553 2239398045529.301758 74 
21437070883027976.000000 21437070881095016.000000 1932960.000000 1.774724 2143707089.109502 21437070881095016.000000 93 
63412073.953981 61360075.753693 2052000.000000 1.799712 7.136007 61360073.953981 59 
68676181.955857 66797703.398122 1878480.000000 1.442265 7.679770 66797701.955857 63 
84580643.413247 82547125.675038 2033520.000000 2.261791 9.254712 82547123.413247 71 
161283567395479.531250 161283565289962.687500 2105520.000000 3.142817 16128357.528996 161283565289959.531250 91 
53226471.975504 51078233.574234 2148240.000000 1.598730 6.107823 51078231.975504 43 
50987557.721736 48928119.334176 2059440.000000 1.612440 5.892812 48928117.721736 36 
78026259.789116 76002101.750564 2024160.000000 1.961448 8.600210 76002099.789116 69 
57733473.821819 55775075.428534 1958400.000000 1.606716 6.577507 55775073.821819 53 
48891889.394347 47116611.493485 1775280.000000 2.099138 5.711661 47116609.394347 25 
49089790.089496 47102111.656665 1987680.000000 1.567169 5.710211 47102110.089496 27 
45349672.071065 43265033.561324 2084640.000000 1.490259 5.326503 43265032.071065 16 
47195062814425.515625 47195061014908.093750 1799520.000000 2.575336 4719507.101491 47195061014905.515625 80 
103984548536587.093750 103984546524908.390625 2011680.000000 1.295181 10398455.652491 103984546524907.093750 87 
61382159.430833 59264881.472448 2117280.000000 2.041615 6.926488 59264879.430833 56 
148819958413667.125000 148819956510228.875000 1903440.000000 1.746173 14881996.651023 148819956510227.125000 90 
42574658.201329 40543300.301966 2031360.000000 2.100637 5.054330 40543298.201329 9 
89695323.705264 87769566.759314 1925760.000000 3.054050 9.776956 87769563.705264 72 
47435958.345151 45385160.004981 2050800.000000 1.659830 5.538516 45385158.345151 21 
43802401.957986 41716564.165385 2085840.000000 2.207399 5.171656 41716561.957986 13 
23205989125629.761719 23205987218351.113281 1907280.000000 1.350069 2320599.721835 23205987218349.761719 78 
50798639.795808 48772561.334246 2026080.000000 1.538439 5.877256 48772559.795808 35 
63474272530778.343750 63474270566139.921875 1964640.000000 1.575731 6347428.056614 63474270566138.343750 83 
642212682218.746094 642210612460.077637 2069760.000000 1.331502 64222.061246 642210612458.746094 73 
54537597.267715 52564558.864626 1973040.000000 1.596912 6.256456 52564557.267715 46 
60774819.161159 58808980.908605 1965840.000000 1.747446 6.880898 58808979.161159 54 
83160600.259007 81318122.836862 1842480.000000 2.577855 9.131812 81318120.259007 70 
18549944239118.285156 18549942338800.425781 1900320.000000 2.139516 1854995.233880 18549942338798.285156 77 
630885303150315.125000 630885301078876.375000 2071440.000000 1.257362 63088531.107888 630885301078875.125000 92 
61945307940979.070312 61945305922580.554688 2018400.000000 1.484572 6194531.592258 61945305922579.070312 82 
54319810.075327 52284852.130516 2034960.000000 2.055189 6.228485 52284850.075327 45 
30166742.359666 28183384.269118 1983360.000000 1.909452 3.818338 28183382.359666 1 
57374918.223897 55375720.066972 1999200.000000 1.843075 6.537572 55375718.223897 52 
54694043.967106 52877485.330309 1816560.000000 1.363203 6.287748 52877483.967106 47 
51713241.256363 49748122.648584 1965120.000000 1.392221 5.974812 49748121.256363 40 
69364838.211546 67384839.746089 1980000.000000 1.534543 7.738484 67384838.211546 64 
60815630.993254 58999313.389109 1816320.000000 2.395854 6.899931 58999310.993254 55 
52528581.691976 50526263.206377 2002320.000000 1.514400 6.052626 50526261.691976 42 
63672976.734035 61725378.830898 1947600.000000 2.096864 7.172538 61725376.734035 60 
52537329.321246 50485810.747656 2051520.000000 1.426410 6.048581 50485809.321246 42 
74489943.303770 72578345.112709 1911600.000000 1.808939 8.257834 72578343.303770 67 
54261626.216889 52248268.022988 2013360.000000 1.806099 6.224827 52248266.216889 44 
71807521252290.046875 71807519246611.500000 2005680.000000 1.460160 7180752.924661 71807519246610.046875 84 
41963825.559467 39844627.287547 2119200.000000 1.728081 4.984463 39844625.559467 6 
7286467029889.293945 7286464977411.254883 2052480.000000 1.960509 728647.497741 7286464977409.293945 76 
42223949.369113 40255231.258791 1968720.000000 1.889678 5.025523 40255229.369113 7 
63920248.914796 61910490.297404 2009760.000000 1.382608 7.191049 61910488.914796 61 
49266819.814208 47378021.380101 1888800.000000 1.565893 5.737802 47378019.814208 29 
91813131109061.078125 91813129103622.281250 2005440.000000 1.207236 9181313.910362 91813129103621.078125 86 
62583988.119106 60475589.512980 2108400.000000 1.393874 7.047559 60475588.119106 57 
48962295.666004 46882937.395053 2079360.000000 1.729049 5.688294 46882935.666004 25 
51400611.266127 49450373.009099 1950240.000000 1.742973 5.945037 49450371.266127 38 
73006897.958769 70970019.992180 2036880.000000 2.033411 8.097002 70970017.958769 65 
48513241.879666 46348923.554986 2164320.000000 1.675320 5.634892 46348921.879666 24 
47872884.250273 45750085.826761 2122800.000000 1.576487 5.575008 45750084.250273 23 
38137191.829014 36060953.369781 2076240.000000 1.540767 4.606095 36060951.829014 3 
46759632.943231 44719874.440231 2039760.000000 1.497000 5.471987 44719872.943231 20 
49440305.548419 47467267.513422 1973040.000000 1.965004 5.746727 47467265.548419 30 
43948243516956.156250 43948241628638.679688 1888320.000000 2.526207 4394825.162864 43948241628636.156250 79 
74044438.964188 71935560.713540 2108880.000000 1.749352 8.193556 71935558.964188 66 
42904799.967981 41060881.922907 1843920.000000 1.954926 5.106088 41060879.967981 11 
42651373.543651 40780575.468088 1870800.000000 1.924437 5.078057 40780573.543651 10 
62812330.166079 60692411.512620 2119920.000000 1.346541 7.069241 60692410.166079 58 
48897868.795076 46932750.787412 1965120.000000 1.992335 5.693275 46932748.795076 25 
43340244.444171 41414725.913886 1925520.000000 1.469715 5.141472 41414724.444171 12 
31835060.360177 29900661.828591 1934400.000000 1.468414 3.990066 29900660.360177 2 
49022710.374849 46937111.735141 2085600.000000 1.360293 5.693711 46937110.374849 26 
49746059.180385 47771101.102556 1974960.000000 1.922171 5.777110 47771099.180385 32 
#Generacion: 1 
#Distancia: 782.467980 
1380000.000000 1.000815 1380000.000000 1.000815 0.985740 0.000000 0 
1602480.000000 0.866125 1602480.000000 0.866125 0.993325 0.000000 0 
1433760.000000 0.927053 1433760.000000 0.927053 0.991711 0.000000 0 
1672320.000000 0.856948 1672320.000000 0.856948 0.983420 0.000000 0 
1602480.000000 0.866125 1602480.000000 0.866125 0.993325 0.000000 0 
1381200.000000 0.999584 1381200.000000 0.999584 0.999664 0.000000 0 
1602480.000000 0.866125 1602480.000000 0.866125 0.993325 0.000000 0 
1383600.000000 0.979923 1383600.000000 0.979923 0.972733 0.000000 0 
1494000.000000 0.885869 1494000.000000 0.885869 0.988706 0.000000 0 
1398720.000000 0.948644 1398720.000000 0.948644 0.981374 0.000000 0 
1661760.000000 0.859981 1661760.000000 0.859981 0.986394 0.000000 0 
1446720.000000 0.916687 1446720.000000 0.916687 0.999294 0.000000 0 
1549920.000000 0.881786 1549920.000000 0.881786 0.995271 0.000000 0 
1413600.000000 0.936118 1413600.000000 0.936118 0.995094 0.000000 0 
1374960.000000 1.000849 1374960.000000 1.000849 0.985230 0.000000 0 
1671120.000000 0.858861 1671120.000000 0.858861 0.987560 0.000000 0 
1392240.000000 0.979736 1392240.000000 0.979736 0.972724 0.000000 0 
1713600.000000 0.854648 1713600.000000 0.854648 0.982031 0.000000 0 
1454640.000000 0.893419 1454640.000000 0.893419 0.995577 0.000000 0 
1346640.000000 1.176381 1346640.000000 1.176381 0.994041 0.000000 0 
1585920.000000 0.868289 1585920.000000 0.868289 0.988665 0.000000 0 
1359840.000000 1.031285 1359840.000000 1.031285 0.988050 0.000000 0 
1611120.000000 0.865290 1611120.000000 0.865290 0.991758 0.000000 0 
1585680.000000 0.868661 1585680.000000 0.868661 0.988914 0.000000 0 
1576080.000000 0.871154 1576080.000000 0.871154 0.993134 0.000000 0 
1653360.000000 0.861537 1653360.000000 0.861537 0.985081 0.000000 0 
1550400.000000 0.874924 1550400.000000 0.874924 0.991501 0.000000 0 
1433760.000000 0.927053 1433760.000000 0.927053 0.991711 0.000000 0 
1346640.000000 1.176381 1346640.000000 1.176381 0.994041 0.000000 0 
1623600.000000 0.861939 1623600.000000 0.861939 0.991018 0.000000 0 
1318320.000000 1.200042 1318320.000000 1.200042 0.986916 0.000000 0 
1533360.000000 0.881950 1533360.000000 0.881950 0.995135 0.000000 0 
1346640.000000 1.176381 1346640.000000 1.176381 0.994041 0.000000 0 
1347600.000000 1.148956 1347600.000000 1.148956 0.985971 0.000000 0 
1685520.000000 0.858771 1685520.000000 0.858771 0.979663 0.000000 1 
1390560.000000 0.989334 1390560.000000 0.989334 0.991953 0.000000 1 
1386720.000000 0.997808 1386720.000000 0.997808 0.992514 0.000000 1 
1508400.000000 0.889217 1508400.000000 0.889217 0.993957 0.000000 1 
1521360.000000 0.887782 1521360.000000 0.887782 0.994284 0.000000 1 
1520400.000000 0.888025 1520400.000000 0.888025 0.986955 0.000000 1 
1520400.000000 0.888025 1520400.000000 0.888025 0.986955 0.000000 1 
1518000.000000 0.888889 1518000.000000 0.888889 0.992047 0.000000 1 
1506480.000000 0.889401 1506480.000000 0.889401 0.984934 0.000000 1 
1506000.000000 0.891488 1506000.000000 0.891488 0.997203 0.000000 1 
1399920.000000 0.955148 1399920.000000 0.955148 0.998190 0.000000 1 
1448640.000000 0.921866 1448640.000000 0.921866 0.988033 0.000000 1 
1446720.000000 0.926321 1446720.000000 0.926321 0.983896 0.000000 1 
1416480.000000 0.941292 1416480.000000 0.941292 0.993104 0.000000 1 
1425840.000000 0.939442 1425840.000000 0.939442 0.995046 0.000000 1 
1416480.000000 0.941292 1416480.000000 0.941292 0.993104 0.000000 1 
1416480.000000 0.941292 1416480.000000 0.941292 0.993104 0.000000 1 
1416480.000000 0.941292 1416480.000000 0.941292 0.993104 0.000000 1 
1385040.000000 1.002091 1385040.000000 1.002091 0.989875 0.000000 1 
1674480.000000 0.858884 1674480.000000 0.858884 0.978057 0.000000 1 
1394640.000000 0.984149 1394640.000000 0.984149 0.987351 0.000000 1 
1751760.000000 0.855553 1751760.000000 0.855553 0.982923 0.000000 1 
1458480.000000 0.915518 1458480.000000 0.915518 0.992165 0.000000 1 
1458480.000000 0.915518 1458480.000000 0.915518 0.992165 0.000000 1 
1459680.000000 0.899997 1459680.000000 0.899997 0.994257 0.000000 1 
1500960.000000 0.899534 1500960.000000 0.899534 0.999734 0.000000 1 
1371360.000000 1.045980 1371360.000000 1.045980 0.989121 0.000000 1 
1618560.000000 0.865351 1618560.000000 0.865351 0.993676 0.000000 1 
1616160.000000 0.867114 1616160.000000 0.867114 0.989141 0.000000 1 
1606320.000000 0.869532 1606320.000000 0.869532 0.983203 0.000000 1 
1587360.000000 0.870775 1587360.000000 0.870775 0.993150 0.000000 1 
1583280.000000 0.873171 1583280.000000 0.873171 0.981025 0.000000 1 
1580160.000000 0.873962 1580160.000000 0.873962 0.996442 0.000000 1 
1583280.000000 0.873171 1583280.000000 0.873171 0.981025 0.000000 1 
1583280.000000 0.873171 1583280.000000 0.873171 0.981025 0.000000 1 
1583280.000000 0.873171 1583280.000000 0.873171 0.981025 0.000000 1 
1583280.000000 0.873171 1583280.000000 0.873171 0.981025 0.000000 1 
1550400.000000 0.881605 1550400.000000 0.881605 0.990887 0.000000 1 
1556400.000000 0.879342 1556400.000000 0.879342 0.991899 0.000000 1 
1574640.000000 0.876813 1574640.000000 0.876813 0.992049 0.000000 1 
1550400.000000 0.881605 1550400.000000 0.881605 0.990887 0.000000 1 
1566720.000000 0.877920 1566720.000000 0.877920 0.985312 0.000000 1 
1553520.000000 0.881405 1553520.000000 0.881405 0.998134 0.000000 1 
1438800.000000 0.928818 1438800.000000 0.928818 0.992088 0.000000 1 
1628400.000000 0.862618 1628400.000000 0.862618 0.992103 0.000000 1 
1623600.000000 0.862909 1623600.000000 0.862909 0.995392 0.000000 1 
1648560.000000 0.862543 1648560.000000 0.862543 0.977945 0.000000 1 
1320240.000000 1.202114 1320240.000000 1.202114 0.986243 0.000000 1 
1542000.000000 0.882303 1542000.000000 0.882303 0.996227 0.000000 1 
1533360.000000 0.884781 1533360.000000 0.884781 0.991274 0.000000 1 
1539840.000000 0.883601 1539840.000000 0.883601 0.990698 0.000000 1 
1533360.000000 0.884781 1533360.000000 0.884781 0.991274 0.000000 1 
1539840.000000 0.883601 1539840.000000 0.883601 0.990698 0.000000 1 
1351920.000000 1.157004 1351920.000000 1.157004 0.987128 0.000000 1 
1347600.000000 1.247922 1347600.000000 1.247922 0.998986 0.000000 2 
1352640.000000 1.162630 1352640.000000 1.162630 0.986173 0.000000 2 
1382880.000000 1.124195 1382880.000000 1.124195 0.997637 0.000000 2 
1371360.000000 1.155271 1371360.000000 1.155271 0.982982 0.000000 2 
1382880.000000 1.124195 1382880.000000 1.124195 0.997637 0.000000 2 
1654080.000000 0.862657 1654080.000000 0.862657 0.989586 0.000000 2 
1604400.000000 0.872796 1604400.000000 0.872796 0.982412 0.000000 2 
1539120.000000 0.886178 1539120.000000 0.886178 0.990670 0.000000 2 
1463520.000000 0.915189 1463520.000000 0.915189 0.990672 0.000000 2 
1636320.000000 0.862699 1636320.000000 0.862699 0.984993 0.000000 2 
1560240.000000 0.883418 1560240.000000 0.883418 0.993667 0.000000 2 
1439520.000000 0.936791 1439520.000000 0.936791 0.993451 0.000000 2 
#Generacion: 500 
#Distancia: 176.298889 
1239600.000000 1.156733 1239600.000000 1.156733 0.993245 0.000000 0 
1890000.000000 0.831331 1890000.000000 0.831331 0.995194 0.000000 0 
1248480.000000 1.073561 1248480.000000 1.073561 0.992884 0.000000 0 
1303920.000000 1.045780 1303920.000000 1.045780 0.997507 0.000000 0 
1305120.000000 0.976503 1305120.000000 0.976503 0.999633 0.000000 0 
1731360.000000 0.836397 1731360.000000 0.836397 0.995230 0.000000 0 
1847520.000000 0.833346 1847520.000000 0.833346 0.996608 0.000000 0 
1267440.000000 1.070461 1267440.000000 1.070461 0.996705 0.000000 0 
1865760.000000 0.831903 1865760.000000 0.831903 0.999350 0.000000 0 
1301040.000000 1.056007 1301040.000000 1.056007 0.996625 0.000000 0 
1403760.000000 0.902580 1403760.000000 0.902580 0.992032 0.000000 0 
1704000.000000 0.838013 1704000.000000 0.838013 0.998822 0.000000 0 
1508160.000000 0.867079 1508160.000000 0.867079 0.997356 0.000000 0 
1380720.000000 0.922820 1380720.000000 0.922820 0.988674 0.000000 0 
1269360.000000 1.060326 1269360.000000 1.060326 0.999553 0.000000 0 
1493760.000000 0.871793 1493760.000000 0.871793 0.995225 0.000000 0 
1446720.000000 0.885236 1446720.000000 0.885236 0.998915 0.000000 0 
1818720.000000 0.833650 1818720.000000 0.833650 0.997419 0.000000 0 
1415520.000000 0.902229 1415520.000000 0.902229 0.995555 0.000000 0 
1724880.000000 0.836542 1724880.000000 0.836542 0.994048 0.000000 0 
1595760.000000 0.849822 1595760.000000 0.849822 0.995576 0.000000 0 
1421280.000000 0.895118 1421280.000000 0.895118 0.990772 0.000000 0 
1433280.000000 0.887768 1433280.000000 0.887768 0.997920 0.000000 0 
1396560.000000 0.911662 1396560.000000 0.911662 0.998911 0.000000 0 
1310640.000000 0.964926 1310640.000000 0.964926 0.997816 0.000000 0 
1305120.000000 0.976503 1305120.000000 0.976503 0.999633 0.000000 0 
1276800.000000 1.057983 1276800.000000 1.057983 0.993002 0.000000 0 
1657200.000000 0.842189 1657200.000000 0.842189 0.996994 0.000000 0 
1550880.000000 0.856730 1550880.000000 0.856730 0.996611 0.000000 0 
1613760.000000 0.846747 1613760.000000 0.846747 0.997236 0.000000 0 
1567200.000000 0.855414 1567200.000000 0.855414 0.996641 0.000000 0 
1350000.000000 0.943222 1350000.000000 0.943222 0.998345 0.000000 0 
1621440.000000 0.845772 1621440.000000 0.845772 0.994776 0.000000 0 
1313040.000000 0.958270 1313040.000000 0.958270 0.998852 0.000000 0 
1302240.000000 1.051272 1302240.000000 1.051272 0.995162 0.000000 0 
1638480.000000 0.843570 1638480.000000 0.843570 0.996803 0.000000 0 
1633920.000000 0.844283 1633920.000000 0.844283 0.995377 0.000000 0 
1384080.000000 0.914249 1384080.000000 0.914249 0.998588 0.000000 0 
1544400.000000 0.859390 1544400.000000 0.859390 0.990311 0.000000 0 
1361040.000000 0.939384 1361040.000000 0.939384 0.987275 0.000000 0 
1327920.000000 0.954559 1327920.000000 0.954559 0.995305 0.000000 0 
1477440.000000 0.876443 1477440.000000 0.876443 0.995303 0.000000 0 
1395360.000000 0.912745 1395360.000000 0.912745 0.998552 0.000000 0 
1428000.000000 0.890482 1428000.000000 0.890482 0.993374 0.000000 0 
1336560.000000 0.952390 1336560.000000 0.952390 0.997546 0.000000 0 
1319760.000000 0.957553 1319760.000000 0.957553 0.998096 0.000000 0 
1379280.000000 0.929164 1379280.000000 0.929164 0.998853 0.000000 0 
1340400.000000 0.952254 1340400.000000 0.952254 0.997161 0.000000 0 
1670880.000000 0.841450 1670880.000000 0.841450 0.996329 0.000000 0 
1426800.000000 0.893241 1426800.000000 0.893241 0.999087 0.000000 0 
1482960.000000 0.875781 1482960.000000 0.875781 0.995446 0.000000 0 
1310640.000000 0.964926 1310640.000000 0.964926 0.997816 0.000000 0 
1539120.000000 0.864505 1539120.000000 0.864505 0.991678 0.000000 0 
1349760.000000 0.946019 1349760.000000 0.946019 0.991169 0.000000 0 
1662480.000000 0.841597 1662480.000000 0.841597 0.998871 0.000000 0 
1528560.000000 0.866207 1528560.000000 0.866207 0.997553 0.000000 0 
1377120.000000 0.929239 1377120.000000 0.929239 0.994856 0.000000 0 
1457280.000000 0.883081 1457280.000000 0.883081 0.998232 0.000000 0 
1384080.000000 0.914249 1384080.000000 0.914249 0.998588 0.000000 0 
1322880.000000 0.954750 1322880.000000 0.954750 0.995582 0.000000 0 
1533600.000000 0.866051 1533600.000000 0.866051 0.996721 0.000000 0 
1592880.000000 0.851437 1592880.000000 0.851437 0.993793 0.000000 0 
1691520.000000 0.838555 1691520.000000 0.838555 0.998332 0.000000 0 
1580400.000000 0.854822 1580400.000000 0.854822 0.993140 0.000000 0 
1520160.000000 0.866872 1520160.000000 0.866872 0.998100 0.000000 0 
1343040.000000 0.947419 1343040.000000 0.947419 0.990482 0.000000 0 
1684800.000000 0.838640 1684800.000000 0.838640 0.999895 0.000000 0 
1677840.000000 0.841227 1677840.000000 0.841227 0.996569 0.000000 0 
1276800.000000 1.057983 1276800.000000 1.057983 0.993002 0.000000 0 
1547760.000000 0.858681 1547760.000000 0.858681 0.993973 0.000000 0 
1587120.000000 0.852324 1587120.000000 0.852324 0.997775 0.000000 0 
1489200.000000 0.874441 1489200.000000 0.874441 0.999483 0.000000 0 
1520160.000000 0.866872 1520160.000000 0.866872 0.998100 0.000000 0 
1614000.000000 0.846348 1614000.000000 0.846348 0.998952 0.000000 0 
1343040.000000 0.947419 1343040.000000 0.947419 0.990482 0.000000 0 
1584480.000000 0.854740 1584480.000000 0.854740 0.993123 0.000000 0 
1489200.000000 0.874441 1489200.000000 0.874441 0.999483 0.000000 0 
1457280.000000 0.883081 1457280.000000 0.883081 0.998232 0.000000 0 
1539120.000000 0.864505 1539120.000000 0.864505 0.991678 0.000000 0 
1572240.000000 0.854932 1572240.000000 0.854932 0.997265 0.000000 0 
1361040.000000 0.939384 1361040.000000 0.939384 0.987275 0.000000 0 
1586160.000000 0.853182 1586160.000000 0.853182 0.996934 0.000000 0 
1677840.000000 0.841227 1677840.000000 0.841227 0.996569 0.000000 0 
1684800.000000 0.838640 1684800.000000 0.838640 0.999895 0.000000 0 
1691520.000000 0.838555 1691520.000000 0.838555 0.998332 0.000000 0 
1731360.000000 0.836397 1731360.000000 0.836397 0.995230 0.000000 0 
1572240.000000 0.854932 1572240.000000 0.854932 0.997265 0.000000 0 
1638480.000000 0.843570 1638480.000000 0.843570 0.996803 0.000000 0 
1367040.000000 0.933740 1367040.000000 0.933740 0.988386 0.000000 0 
1535040.000000 0.865230 1535040.000000 0.865230 0.994190 0.000000 0 
1313040.000000 0.958270 1313040.000000 0.958270 0.998852 0.000000 0 
1550880.000000 0.856730 1550880.000000 0.856730 0.996611 0.000000 0 
1248480.000000 1.073561 1248480.000000 1.073561 0.992884 0.000000 0 
1602960.000000 0.849096 1602960.000000 0.849096 0.998985 0.000000 0 
1462080.000000 0.876549 1462080.000000 0.876549 0.995766 0.000000 0 
1245600.000000 1.101936 1245600.000000 1.101936 0.987189 0.000000 0 
1763040.000000 0.834253 1763040.000000 0.834253 0.995161 0.000000 0 
1788240.000000 0.836093 1788240.000000 0.836093 0.996361 0.000000 1 
1800480.000000 0.834399 1800480.000000 0.834399 0.998478 0.000000 1 
1470720.000000 0.878589 1470720.000000 0.878589 0.997585 0.000000 1 
#Generacion: 1000 
#Distancia: 215.709495 
1184880.000000 1.194653 1184880.000000 1.194653 0.999268 0.000000 0 
1814160.000000 0.825655 1814160.000000 0.825655 0.998976 0.000000 0 
1233600.000000 1.052810 1233600.000000 1.052810 0.988047 0.000000 0 
1237440.000000 0.983000 1237440.000000 0.983000 0.995408 0.000000 0 
1185120.000000 1.153512 1185120.000000 1.153512 0.994884 0.000000 0 
1197360.000000 1.138379 1197360.000000 1.138379 0.986820 0.000000 0 
1728000.000000 0.828572 1728000.000000 0.828572 0.999630 0.000000 0 
1777680.000000 0.828244 1777680.000000 0.828244 0.997543 0.000000 0 
1714800.000000 0.828701 1714800.000000 0.828701 0.998432 0.000000 0 
1300560.000000 0.946948 1300560.000000 0.946948 0.996530 0.000000 0 
1678320.000000 0.830500 1678320.000000 0.830500 0.998310 0.000000 0 
1207920.000000 1.121093 1207920.000000 1.121093 0.995918 0.000000 0 
1307760.000000 0.934294 1307760.000000 0.934294 0.995518 0.000000 0 
1643520.000000 0.833781 1643520.000000 0.833781 0.995882 0.000000 0 
1209360.000000 1.107239 1209360.000000 1.107239 0.985099 0.000000 0 
1594320.000000 0.838211 1594320.000000 0.838211 0.999620 0.000000 0 
1261440.000000 0.968382 1261440.000000 0.968382 0.998109 0.000000 0 
1560960.000000 0.845260 1560960.000000 0.845260 0.989920 0.000000 0 
1280880.000000 0.947077 1280880.000000 0.947077 0.994216 0.000000 0 
1190160.000000 1.149043 1190160.000000 1.149043 0.996893 0.000000 0 
1273440.000000 0.955423 1273440.000000 0.955423 0.998106 0.000000 0 
1669680.000000 0.830778 1669680.000000 0.830778 0.998214 0.000000 0 
1327200.000000 0.931311 1327200.000000 0.931311 0.992279 0.000000 0 
1446720.000000 0.873505 1446720.000000 0.873505 0.992956 0.000000 0 
1545360.000000 0.848969 1545360.000000 0.848969 0.994222 0.000000 0 
1461360.000000 0.869173 1461360.000000 0.869173 0.998209 0.000000 0 
1621680.000000 0.837927 1621680.000000 0.837927 0.996238 0.000000 0 
1243920.000000 0.971747 1243920.000000 0.971747 0.997694 0.000000 0 
1237440.000000 0.983000 1237440.000000 0.983000 0.995408 0.000000 0 
1208160.000000 1.120128 1208160.000000 1.120128 0.998363 0.000000 0 
1783680.000000 0.827745 1783680.000000 0.827745 0.998482 0.000000 0 
1470000.000000 0.866418 1470000.000000 0.866418 0.993855 0.000000 0 
1316880.000000 0.933599 1316880.000000 0.933599 0.994798 0.000000 0 
1506240.000000 0.860269 1506240.000000 0.860269 0.996462 0.000000 0 
1399680.000000 0.895098 1399680.000000 0.895098 0.993880 0.000000 0 
1432560.000000 0.881522 1432560.000000 0.881522 0.994585 0.000000 0 
1243920.000000 0.971747 1243920.000000 0.971747 0.997694 0.000000 0 
1270800.000000 0.967468 1270800.000000 0.967468 0.994296 0.000000 0 
1350240.000000 0.916839 1350240.000000 0.916839 0.998643 0.000000 0 
1355760.000000 0.907412 1355760.000000 0.907412 0.997522 0.000000 0 
1443600.000000 0.879119 1443600.000000 0.879119 0.998974 0.000000 0 
1330800.000000 0.923799 1330800.000000 0.923799 0.996908 0.000000 0 
1209600.000000 1.100644 1209600.000000 1.100644 0.980589 0.000000 0 
1392000.000000 0.895507 1392000.000000 0.895507 0.984273 0.000000 0 
1638480.000000 0.833804 1638480.000000 0.833804 0.996027 0.000000 0 
1412400.000000 0.884865 1412400.000000 0.884865 0.992088 0.000000 0 
1350240.000000 0.916839 1350240.000000 0.916839 0.998643 0.000000 0 
1799760.000000 0.826519 1799760.000000 0.826519 0.997121 0.000000 0 
1486080.000000 0.865587 1486080.000000 0.865587 0.994850 0.000000 0 
1488720.000000 0.863717 1488720.000000 0.863717 0.993653 0.000000 0 
1373040.000000 0.898810 1373040.000000 0.898810 0.996349 0.000000 0 
1363680.000000 0.903437 1363680.000000 0.903437 0.996920 0.000000 0 
1810320.000000 0.826033 1810320.000000 0.826033 0.998822 0.000000 0 
1363680.000000 0.903437 1363680.000000 0.903437 0.996920 0.000000 0 
1520880.000000 0.859938 1520880.000000 0.859938 0.992165 0.000000 0 
1586160.000000 0.841191 1586160.000000 0.841191 0.997944 0.000000 0 
1355760.000000 0.907412 1355760.000000 0.907412 0.997522 0.000000 0 
1497600.000000 0.862131 1497600.000000 0.862131 0.996906 0.000000 0 
1416240.000000 0.884624 1416240.000000 0.884624 0.998791 0.000000 0 
1626000.000000 0.834525 1626000.000000 0.834525 0.995871 0.000000 0 
1520880.000000 0.859938 1520880.000000 0.859938 0.992165 0.000000 0 
1523280.000000 0.853518 1523280.000000 0.853518 0.991858 0.000000 0 
1462800.000000 0.866475 1462800.000000 0.866475 0.995578 0.000000 0 
1280160.000000 0.954463 1280160.000000 0.954463 0.998170 0.000000 0 
1578960.000000 0.841702 1578960.000000 0.841702 0.996412 0.000000 0 
1592880.000000 0.841096 1592880.000000 0.841096 0.997435 0.000000 0 
1373040.000000 0.898810 1373040.000000 0.898810 0.996349 0.000000 0 
1333920.000000 0.923134 1333920.000000 0.923134 0.999090 0.000000 0 
1529760.000000 0.853263 1529760.000000 0.853263 0.992794 0.000000 0 
1443840.000000 0.875999 1443840.000000 0.875999 0.996734 0.000000 0 
1422000.000000 0.882266 1422000.000000 0.882266 0.994191 0.000000 0 
1188000.000000 1.151487 1188000.000000 1.151487 0.990396 0.000000 0 
1567440.000000 0.841880 1567440.000000 0.841880 0.996893 0.000000 0 
1573920.000000 0.841802 1573920.000000 0.841802 0.997055 0.000000 0 
1209600.000000 1.100644 1209600.000000 1.100644 0.980589 0.000000 0 
1799760.000000 0.826519 1799760.000000 0.826519 0.997121 0.000000 0 
1270800.000000 0.967468 1270800.000000 0.967468 0.994296 0.000000 0 
1534800.000000 0.852673 1534800.000000 0.852673 0.988474 0.000000 0 
1545120.000000 0.852608 1545120.000000 0.852608 0.989577 0.000000 0 
1624320.000000 0.836252 1624320.000000 0.836252 0.985455 0.000000 0 
1498320.000000 0.861047 1498320.000000 0.861047 0.990383 0.000000 0 
1669680.000000 0.830778 1669680.000000 0.830778 0.998214 0.000000 0 
1280160.000000 0.954463 1280160.000000 0.954463 0.998170 0.000000 0 
1523280.000000 0.853518 1523280.000000 0.853518 0.991858 0.000000 0 
1567440.000000 0.841880 1567440.000000 0.841880 0.996893 0.000000 0 
1545120.000000 0.852608 1545120.000000 0.852608 0.989577 0.000000 0 
1185120.000000 1.153512 1185120.000000 1.153512 0.994884 0.000000 0 
1534800.000000 0.852673 1534800.000000 0.852673 0.988474 0.000000 0 
1486080.000000 0.865587 1486080.000000 0.865587 0.994850 0.000000 0 
1621680.000000 0.837927 1621680.000000 0.837927 0.996238 0.000000 0 
1376160.000000 0.897362 1376160.000000 0.897362 0.995361 0.000000 0 
1335840.000000 0.920489 1335840.000000 0.920489 0.991322 0.000000 0 
1373040.000000 0.898810 1373040.000000 0.898810 0.996349 0.000000 0 
1403040.000000 0.888257 1403040.000000 0.888257 0.990105 0.000000 0 
1424640.000000 0.882135 1424640.000000 0.882135 0.996462 0.000000 0 
1213440.000000 1.063697 1213440.000000 1.063697 0.980934 0.000000 0 
1678320.000000 0.830500 1678320.000000 0.830500 0.998310 0.000000 0 
1476480.000000 0.866348 1476480.000000 0.866348 0.992138 0.000000 0 
1585680.000000 0.841230 1585680.000000 0.841230 0.994982 0.000000 0 
1229760.000000 1.082044 1229760.000000 1.082044 0.994810 0.000000 1 
#Generacion: 1500 
#Distancia: 231.965051 
1157520.000000 1.158435 1157520.000000 1.158435 0.991386 0.000000 0 
1778400.000000 0.823284 1778400.000000 0.823284 0.995644 0.000000 0 
1157520.000000 1.158435 1157520.000000 1.158435 0.991386 0.000000 0 
1196880.000000 1.095781 1196880.000000 1.095781 0.985151 0.000000 0 
1198560.000000 1.020891 1198560.000000 1.020891 0.999111 0.000000 0 
1265040.000000 0.961153 1265040.000000 0.961153 0.996935 0.000000 0 
1750560.000000 0.824296 1750560.000000 0.824296 0.995309 0.000000 0 
1404960.000000 0.879562 1404960.000000 0.879562 0.993872 0.000000 0 
1449600.000000 0.865707 1449600.000000 0.865707 0.999440 0.000000 0 
1179600.000000 1.113619 1179600.000000 1.113619 0.998922 0.000000 0 
1736160.000000 0.824747 1736160.000000 0.824747 0.997872 0.000000 0 
1169760.000000 1.138902 1169760.000000 1.138902 0.991603 0.000000 0 
1188720.000000 1.112467 1188720.000000 1.112467 0.998141 0.000000 0 
1396320.000000 0.886676 1396320.000000 0.886676 0.989484 0.000000 0 
1303680.000000 0.917095 1303680.000000 0.917095 0.993207 0.000000 0 
1645200.000000 0.830344 1645200.000000 0.830344 0.996740 0.000000 0 
1261440.000000 0.968382 1261440.000000 0.968382 0.998109 0.000000 0 
1438560.000000 0.869011 1438560.000000 0.869011 0.991877 0.000000 0 
1171920.000000 1.123596 1171920.000000 1.123596 0.984888 0.000000 0 
1290480.000000 0.931085 1290480.000000 0.931085 0.991149 0.000000 0 
1207200.000000 1.019974 1207200.000000 1.019974 0.999087 0.000000 0 
1208400.000000 1.004382 1208400.000000 1.004382 0.996491 0.000000 0 
1778400.000000 0.823284 1778400.000000 0.823284 0.995644 0.000000 0 
1161120.000000 1.144451 1161120.000000 1.144451 0.992535 0.000000 0 
1287120.000000 0.938095 1287120.000000 0.938095 0.995455 0.000000 0 
1269600.000000 0.947779 1269600.000000 0.947779 0.994368 0.000000 0 
1424400.000000 0.878461 1424400.000000 0.878461 0.992374 0.000000 0 
1356240.000000 0.895428 1356240.000000 0.895428 0.996627 0.000000 0 
1716000.000000 0.825361 1716000.000000 0.825361 0.997547 0.000000 0 
1469520.000000 0.864992 1469520.000000 0.864992 0.995690 0.000000 0 
1331520.000000 0.903651 1331520.000000 0.903651 0.992037 0.000000 0 
1228800.000000 0.983036 1228800.000000 0.983036 0.995736 0.000000 0 
1224240.000000 0.995491 1224240.000000 0.995491 0.986142 0.000000 0 
1668480.000000 0.829225 1668480.000000 0.829225 0.998689 0.000000 0 
1171920.000000 1.123596 1171920.000000 1.123596 0.984888 0.000000 0 
1384800.000000 0.888225 1384800.000000 0.888225 0.994868 0.000000 0 
1344240.000000 0.899202 1344240.000000 0.899202 0.999097 0.000000 0 
1196160.000000 1.102988 1196160.000000 1.102988 0.995939 0.000000 0 
1682640.000000 0.826697 1682640.000000 0.826697 0.998651 0.000000 0 
1436160.000000 0.875314 1436160.000000 0.875314 0.997620 0.000000 0 
1250640.000000 0.970959 1250640.000000 0.970959 0.996494 0.000000 0 
1600800.000000 0.836272 1600800.000000 0.836272 0.997209 0.000000 0 
1231440.000000 0.975965 1231440.000000 0.975965 0.993974 0.000000 0 
1300800.000000 0.922727 1300800.000000 0.922727 0.997160 0.000000 0 
1494720.000000 0.857114 1494720.000000 0.857114 0.990117 0.000000 0 
1556640.000000 0.845099 1556640.000000 0.845099 0.988892 0.000000 0 
1577760.000000 0.839247 1577760.000000 0.839247 0.999383 0.000000 0 
1689360.000000 0.826568 1689360.000000 0.826568 0.997977 0.000000 0 
1703520.000000 0.826265 1703520.000000 0.826265 0.998026 0.000000 0 
1613520.000000 0.835986 1613520.000000 0.835986 0.995285 0.000000 0 
1243920.000000 0.971747 1243920.000000 0.971747 0.997694 0.000000 0 
1626000.000000 0.834525 1626000.000000 0.834525 0.995871 0.000000 0 
1538160.000000 0.847959 1538160.000000 0.847959 0.997364 0.000000 0 
1511280.000000 0.849565 1511280.000000 0.849565 0.998581 0.000000 0 
1272480.000000 0.943839 1272480.000000 0.943839 0.998128 0.000000 0 
1527840.000000 0.848287 1527840.000000 0.848287 0.997377 0.000000 0 
1320960.000000 0.915453 1320960.000000 0.915453 0.991244 0.000000 0 
1232160.000000 0.972354 1232160.000000 0.972354 0.997722 0.000000 0 
1330080.000000 0.913482 1330080.000000 0.913482 0.987298 0.000000 0 
1505280.000000 0.856355 1505280.000000 0.856355 0.991317 0.000000 0 
1378080.000000 0.890670 1378080.000000 0.890670 0.995617 0.000000 0 
1519920.000000 0.849108 1519920.000000 0.849108 0.997903 0.000000 0 
1164960.000000 1.139551 1164960.000000 1.139551 0.991159 0.000000 0 
1638480.000000 0.833804 1638480.000000 0.833804 0.996027 0.000000 0 
1669440.000000 0.829068 1669440.000000 0.829068 0.995865 0.000000 0 
1509600.000000 0.854734 1509600.000000 0.854734 0.987904 0.000000 0 
1547040.000000 0.847354 1547040.000000 0.847354 0.996039 0.000000 0 
1428720.000000 0.876741 1428720.000000 0.876741 0.999326 0.000000 0 
1219920.000000 1.002557 1219920.000000 1.002557 0.994766 0.000000 0 
1224240.000000 0.995491 1224240.000000 0.995491 0.986142 0.000000 0 
1486080.000000 0.858209 1486080.000000 0.858209 0.998452 0.000000 0 
1364880.000000 0.894774 1364880.000000 0.894774 0.996566 0.000000 0 
1594320.000000 0.838211 1594320.000000 0.838211 0.999620 0.000000 0 
1567440.000000 0.841880 1567440.000000 0.841880 0.996893 0.000000 0 
1291920.000000 0.924435 1291920.000000 0.924435 0.992389 0.000000 0 
1228800.000000 0.983036 1228800.000000 0.983036 0.995736 0.000000 0 
1479840.000000 0.862466 1479840.000000 0.862466 0.990538 0.000000 0 
1567440.000000 0.841880 1567440.000000 0.841880 0.996893 0.000000 0 
1619280.000000 0.834752 1619280.000000 0.834752 0.996620 0.000000 0 
1476000.000000 0.864750 1476000.000000 0.864750 0.994698 0.000000 0 
1275360.000000 0.938839 1275360.000000 0.938839 0.992159 0.000000 0 
1208400.000000 1.004382 1208400.000000 1.004382 0.996491 0.000000 0 
1219920.000000 1.002557 1219920.000000 1.002557 0.994766 0.000000 0 
1336080.000000 0.901748 1336080.000000 0.901748 0.990982 0.000000 0 
1710000.000000 0.826098 1710000.000000 0.826098 0.995466 0.000000 0 
1485360.000000 0.861430 1485360.000000 0.861430 0.988904 0.000000 0 
1196160.000000 1.102988 1196160.000000 1.102988 0.995939 0.000000 0 
1551840.000000 0.845661 1551840.000000 0.845661 0.998575 0.000000 0 
1371600.000000 0.891379 1371600.000000 0.891379 0.997062 0.000000 0 
1643520.000000 0.833781 1643520.000000 0.833781 0.995882 0.000000 0 
1366800.000000 0.891909 1366800.000000 0.891909 0.996253 0.000000 0 
1161120.000000 1.144451 1161120.000000 1.144451 0.992535 0.000000 0 
1341120.000000 0.901073 1341120.000000 0.901073 0.989869 0.000000 0 
1320960.000000 0.915453 1320960.000000 0.915453 0.991244 0.000000 0 
1330080.000000 0.913482 1330080.000000 0.913482 0.987298 0.000000 0 
1274400.000000 0.939317 1274400.000000 0.939317 0.992075 0.000000 0 
1292160.000000 0.923333 1292160.000000 0.923333 0.995031 0.000000 0 
1584480.000000 0.839164 1584480.000000 0.839164 0.999060 0.000000 0 
1587600.000000 0.838273 1587600.000000 0.838273 0.999273 0.000000 0 
1207200.000000 1.019974 1207200.000000 1.019974 0.999087 0.000000 0 
#Generacion: 2000 
#Distancia: 233.660404 
1136880.000000 1.164350 1136880.000000 1.164350 0.999077 0.000000 0 
1792080.000000 0.819929 1792080.000000 0.819929 0.999986 0.000000 0 
1136880.000000 1.164350 1136880.000000 1.164350 0.999077 0.000000 0 
1184400.000000 1.087444 1184400.000000 1.087444 0.985742 0.000000 0 
1186800.000000 1.014425 1186800.000000 1.014425 0.991621 0.000000 0 
1163520.000000 1.113153 1163520.000000 1.113153 0.994858 0.000000 0 
1159920.000000 1.140350 1159920.000000 1.140350 0.988318 0.000000 0 
1156080.000000 1.145397 1156080.000000 1.145397 0.995558 0.000000 0 
1170000.000000 1.090902 1170000.000000 1.090902 0.989050 0.000000 0 
1197600.000000 1.009699 1197600.000000 1.009699 0.993936 0.000000 0 
1202880.000000 0.993481 1202880.000000 0.993481 0.996226 0.000000 0 
1223520.000000 0.977354 1223520.000000 0.977354 0.992329 0.000000 0 
1169520.000000 1.105970 1169520.000000 1.105970 0.986377 0.000000 0 
1652640.000000 0.827488 1652640.000000 0.827488 0.997437 0.000000 0 
1598640.000000 0.831924 1598640.000000 0.831924 0.998785 0.000000 0 
1150320.000000 1.163082 1150320.000000 1.163082 0.997098 0.000000 0 
1313040.000000 0.911015 1313040.000000 0.911015 0.986944 0.000000 0 
1213440.000000 0.988761 1213440.000000 0.988761 0.980854 0.000000 0 
1266960.000000 0.943156 1266960.000000 0.943156 0.998613 0.000000 0 
1630320.000000 0.828411 1630320.000000 0.828411 0.994271 0.000000 0 
1258320.000000 0.947966 1258320.000000 0.947966 0.997229 0.000000 0 
1296720.000000 0.916421 1296720.000000 0.916421 0.994454 0.000000 0 
1315200.000000 0.905553 1315200.000000 0.905553 0.996870 0.000000 0 
1668000.000000 0.826946 1668000.000000 0.826946 0.995274 0.000000 0 
1572000.000000 0.834329 1572000.000000 0.834329 0.998419 0.000000 0 
1468080.000000 0.861215 1468080.000000 0.861215 0.989077 0.000000 0 
1682640.000000 0.826697 1682640.000000 0.826697 0.998651 0.000000 0 
1724640.000000 0.823854 1724640.000000 0.823854 0.997558 0.000000 0 
1283520.000000 0.923473 1283520.000000 0.923473 0.994220 0.000000 0 
1772640.000000 0.820350 1772640.000000 0.820350 0.998691 0.000000 0 
1269120.000000 0.933313 1269120.000000 0.933313 0.993380 0.000000 0 
1408320.000000 0.870300 1408320.000000 0.870300 0.985758 0.000000 0 
1280640.000000 0.931970 1280640.000000 0.931970 0.999682 0.000000 0 
1225440.000000 0.969739 1225440.000000 0.969739 0.995223 0.000000 0 
1256400.000000 0.955720 1256400.000000 0.955720 0.989683 0.000000 0 
1702560.000000 0.825092 1702560.000000 0.825092 0.996052 0.000000 0 
1743840.000000 0.823644 1743840.000000 0.823644 0.996200 0.000000 0 
1484640.000000 0.855478 1484640.000000 0.855478 0.989193 0.000000 0 
1544640.000000 0.842077 1544640.000000 0.842077 0.995748 0.000000 0 
1717920.000000 0.824721 1717920.000000 0.824721 0.998164 0.000000 0 
1243200.000000 0.960030 1243200.000000 0.960030 0.993064 0.000000 0 
1379520.000000 0.885946 1379520.000000 0.885946 0.987346 0.000000 0 
1344240.000000 0.899202 1344240.000000 0.899202 0.999097 0.000000 0 
1422000.000000 0.869760 1422000.000000 0.869760 0.986562 0.000000 0 
1695600.000000 0.826417 1695600.000000 0.826417 0.999698 0.000000 0 
1442160.000000 0.863336 1442160.000000 0.863336 0.991122 0.000000 0 
1331520.000000 0.903651 1331520.000000 0.903651 0.992037 0.000000 0 
1620000.000000 0.829316 1620000.000000 0.829316 0.995886 0.000000 0 
1565760.000000 0.839641 1565760.000000 0.839641 0.999415 0.000000 0 
1537440.000000 0.845497 1537440.000000 0.845497 0.999579 0.000000 0 
1756320.000000 0.821708 1756320.000000 0.821708 0.996830 0.000000 0 
1391280.000000 0.882769 1391280.000000 0.882769 0.983828 0.000000 0 
1247760.000000 0.955997 1247760.000000 0.955997 0.996411 0.000000 0 
1335600.000000 0.900460 1335600.000000 0.900460 0.996704 0.000000 0 
1233360.000000 0.968809 1233360.000000 0.968809 0.989081 0.000000 0 
1792080.000000 0.819929 1792080.000000 0.819929 0.999986 0.000000 0 
1371360.000000 0.890753 1371360.000000 0.890753 0.999178 0.000000 0 
1555200.000000 0.841649 1555200.000000 0.841649 0.989328 0.000000 0 
1494960.000000 0.854081 1494960.000000 0.854081 0.998177 0.000000 0 
1292160.000000 0.923333 1292160.000000 0.923333 0.995031 0.000000 0 
1191840.000000 1.013696 1191840.000000 1.013696 0.988222 0.000000 0 
1165200.000000 1.111368 1165200.000000 1.111368 0.995015 0.000000 0 
1405440.000000 0.875135 1405440.000000 0.875135 0.988332 0.000000 0 
1208400.000000 0.989985 1208400.000000 0.989985 0.989934 0.000000 0 
1534560.000000 0.848276 1534560.000000 0.848276 0.991328 0.000000 0 
1351920.000000 0.896860 1351920.000000 0.896860 0.989740 0.000000 0 
1501440.000000 0.853865 1501440.000000 0.853865 0.995179 0.000000 0 
1504800.000000 0.849643 1504800.000000 0.849643 0.999093 0.000000 0 
1296480.000000 0.919850 1296480.000000 0.919850 0.987133 0.000000 0 
1396080.000000 0.877679 1396080.000000 0.877679 0.994869 0.000000 0 
1356240.000000 0.895428 1356240.000000 0.895428 0.996627 0.000000 0 
1378080.000000 0.888347 1378080.000000 0.888347 0.994421 0.000000 0 
1611360.000000 0.830139 1611360.000000 0.830139 0.993021 0.000000 0 
1427520.000000 0.868271 1427520.000000 0.868271 0.998653 0.000000 0 
1572000.000000 0.834329 1572000.000000 0.834329 0.998419 0.000000 0 
1523520.000000 0.848282 1523520.000000 0.848282 0.998123 0.000000 0 
1747680.000000 0.822572 1747680.000000 0.822572 0.995876 0.000000 0 
1511280.000000 0.849565 1511280.000000 0.849565 0.998581 0.000000 0 
1452720.000000 0.861618 1452720.000000 0.861618 0.983924 0.000000 0 
1604640.000000 0.830285 1604640.000000 0.830285 0.993873 0.000000 0 
1438080.000000 0.865888 1438080.000000 0.865888 0.979885 0.000000 0 
1150320.000000 1.163082 1150320.000000 1.163082 0.997098 0.000000 0 
1475040.000000 0.857896 1475040.000000 0.857896 0.996436 0.000000 0 
1362000.000000 0.893058 1362000.000000 0.893058 0.995763 0.000000 0 
1242000.000000 0.965640 1242000.000000 0.965640 0.993454 0.000000 0 
1434240.000000 0.867538 1434240.000000 0.867538 0.981385 0.000000 0 
1519920.000000 0.849108 1519920.000000 0.849108 0.997903 0.000000 0 
1238880.000000 0.965734 1238880.000000 0.965734 0.996479 0.000000 0 
1394160.000000 0.882303 1394160.000000 0.882303 0.986558 0.000000 0 
1475760.000000 0.857191 1475760.000000 0.857191 0.994744 0.000000 0 
1401120.000000 0.876790 1401120.000000 0.876790 0.994761 0.000000 0 
1274160.000000 0.932619 1274160.000000 0.932619 0.991814 0.000000 0 
1452720.000000 0.861618 1452720.000000 0.861618 0.983924 0.000000 0 
1365600.000000 0.892349 1365600.000000 0.892349 0.996302 0.000000 0 
1159920.000000 1.140350 1159920.000000 1.140350 0.988318 0.000000 0 
1136880.000000 1.164350 1136880.000000 1.164350 0.999077 0.000000 0 
1766880.000000 0.821264 1766880.000000 0.821264 0.998842 0.000000 0 
1331520.000000 0.903651 1331520.000000 0.903651 0.992037 0.000000 0 
1561440.000000 0.840402 1561440.000000 0.840402 0.999890 0.000000 0 
1766880.000000 0.821264 1766880.000000 0.821264 0.998842 0.000000 0 
#Generacion: 2500 
#Distancia: 234.230909 
1815600.000000 0.819064 1815600.000000 0.819064 0.998441 0.000000 0 
1128720.000000 1.274736 1128720.000000 1.274736 0.998093 0.000000 0 
1128720.000000 1.274736 1128720.000000 1.274736 0.998093 0.000000 0 
1136880.000000 1.164350 1136880.000000 1.164350 0.999077 0.000000 0 
1162080.000000 1.027518 1162080.000000 1.027518 0.998674 0.000000 0 
1161600.000000 1.107889 1161600.000000 1.107889 0.989751 0.000000 0 
1143360.000000 1.155916 1143360.000000 1.155916 0.996359 0.000000 0 
1150080.000000 1.109602 1150080.000000 1.109602 0.989426 0.000000 0 
1180560.000000 0.991173 1180560.000000 0.991173 0.996418 0.000000 0 
1235280.000000 0.942729 1235280.000000 0.942729 0.993620 0.000000 0 
1387680.000000 0.867272 1387680.000000 0.867272 0.997733 0.000000 0 
1177440.000000 1.021188 1177440.000000 1.021188 0.985338 0.000000 0 
1231920.000000 0.958091 1231920.000000 0.958091 0.994880 0.000000 0 
1783920.000000 0.819386 1783920.000000 0.819386 0.998958 0.000000 0 
1382880.000000 0.884926 1382880.000000 0.884926 0.986509 0.000000 0 
1260480.000000 0.934927 1260480.000000 0.934927 0.999482 0.000000 0 
1276800.000000 0.916532 1276800.000000 0.916532 0.997949 0.000000 0 
1499280.000000 0.850048 1499280.000000 0.850048 0.994211 0.000000 0 
1196880.000000 0.987783 1196880.000000 0.987783 0.990819 0.000000 0 
1409040.000000 0.865325 1409040.000000 0.865325 0.997727 0.000000 0 
1622160.000000 0.826800 1622160.000000 0.826800 0.996511 0.000000 0 
1650720.000000 0.826771 1650720.000000 0.826771 0.994538 0.000000 0 
1470960.000000 0.850984 1470960.000000 0.850984 0.995420 0.000000 0 
1198800.000000 0.980643 1198800.000000 0.980643 0.992929 0.000000 0 
1412880.000000 0.861978 1412880.000000 0.861978 0.997369 0.000000 0 
1315200.000000 0.905553 1315200.000000 0.905553 0.996870 0.000000 0 
1275840.000000 0.932407 1275840.000000 0.932407 0.999381 0.000000 0 
1347120.000000 0.892383 1347120.000000 0.892383 0.996709 0.000000 0 
1331280.000000 0.897331 1331280.000000 0.897331 0.995389 0.000000 0 
1461840.000000 0.853410 1461840.000000 0.853410 0.990514 0.000000 0 
1339200.000000 0.893267 1339200.000000 0.893267 0.999324 0.000000 0 
1358400.000000 0.888934 1358400.000000 0.888934 0.995999 0.000000 0 
1518480.000000 0.843520 1518480.000000 0.843520 0.999977 0.000000 0 
1168080.000000 1.026356 1168080.000000 1.026356 0.985709 0.000000 0 
1432080.000000 0.856730 1432080.000000 0.856730 0.997854 0.000000 0 
1531920.000000 0.843239 1531920.000000 0.843239 0.996825 0.000000 0 
1296000.000000 0.913988 1296000.000000 0.913988 0.994119 0.000000 0 
1663920.000000 0.826280 1663920.000000 0.826280 0.998985 0.000000 0 
1675680.000000 0.826039 1675680.000000 0.826039 0.995779 0.000000 0 
1611600.000000 0.829370 1611600.000000 0.829370 0.998382 0.000000 0 
1442640.000000 0.854330 1442640.000000 0.854330 0.996370 0.000000 0 
1579680.000000 0.832905 1579680.000000 0.832905 0.998526 0.000000 0 
1749600.000000 0.822114 1749600.000000 0.822114 0.996879 0.000000 0 
1587600.000000 0.831375 1587600.000000 0.831375 0.996648 0.000000 0 
1734960.000000 0.822257 1734960.000000 0.822257 0.998914 0.000000 0 
1425360.000000 0.857338 1425360.000000 0.857338 0.997207 0.000000 0 
1136880.000000 1.164350 1136880.000000 1.164350 0.999077 0.000000 0 
1274160.000000 0.932619 1274160.000000 0.932619 0.991814 0.000000 0 
1691760.000000 0.824671 1691760.000000 0.824671 0.995629 0.000000 0 
1322880.000000 0.898887 1322880.000000 0.898887 0.999499 0.000000 0 
1683120.000000 0.825084 1683120.000000 0.825084 0.995308 0.000000 0 
1596000.000000 0.830563 1596000.000000 0.830563 0.993749 0.000000 0 
1310400.000000 0.908694 1310400.000000 0.908694 0.999888 0.000000 0 
1706400.000000 0.823646 1706400.000000 0.823646 0.999483 0.000000 0 
1512480.000000 0.845596 1512480.000000 0.845596 0.998485 0.000000 0 
1559520.000000 0.838893 1559520.000000 0.838893 0.993025 0.000000 0 
1603680.000000 0.830036 1603680.000000 0.830036 0.994953 0.000000 0 
1260480.000000 0.934927 1260480.000000 0.934927 0.999482 0.000000 0 
1176000.000000 1.021687 1176000.000000 1.021687 0.995063 0.000000 0 
1717920.000000 0.823643 1717920.000000 0.823643 0.995617 0.000000 0 
1212000.000000 0.970533 1212000.000000 0.970533 0.996313 0.000000 0 
1369440.000000 0.886977 1369440.000000 0.886977 0.992207 0.000000 0 
1378800.000000 0.886948 1378800.000000 0.886948 0.985208 0.000000 0 
1700400.000000 0.823860 1700400.000000 0.823860 0.994827 0.000000 0 
1206240.000000 0.974975 1206240.000000 0.974975 0.991770 0.000000 0 
1222800.000000 0.968612 1222800.000000 0.968612 0.989746 0.000000 0 
1566480.000000 0.838483 1566480.000000 0.838483 0.998844 0.000000 0 
1537920.000000 0.842054 1537920.000000 0.842054 0.997143 0.000000 0 
1722480.000000 0.823124 1722480.000000 0.823124 0.998652 0.000000 0 
1620960.000000 0.827843 1620960.000000 0.827843 0.993213 0.000000 0 
1772640.000000 0.820350 1772640.000000 0.820350 0.998691 0.000000 0 
1442640.000000 0.854330 1442640.000000 0.854330 0.996370 0.000000 0 
1509360.000000 0.849114 1509360.000000 0.849114 0.995270 0.000000 0 
1363440.000000 0.887828 1363440.000000 0.887828 0.993908 0.000000 0 
1304640.000000 0.913532 1304640.000000 0.913532 0.998852 0.000000 0 
1229280.000000 0.965573 1229280.000000 0.965573 0.997745 0.000000 0 
1731120.000000 0.822825 1731120.000000 0.822825 0.999919 0.000000 0 
1764720.000000 0.820557 1764720.000000 0.820557 0.998893 0.000000 0 
1218720.000000 0.969098 1218720.000000 0.969098 0.992253 0.000000 0 
1570080.000000 0.833245 1570080.000000 0.833245 0.998658 0.000000 0 
1544400.000000 0.841250 1544400.000000 0.841250 0.996874 0.000000 0 
1305600.000000 0.911083 1305600.000000 0.911083 0.995237 0.000000 0 
1550160.000000 0.839215 1550160.000000 0.839215 0.996246 0.000000 0 
1464000.000000 0.853012 1464000.000000 0.853012 0.992741 0.000000 0 
1778160.000000 0.820058 1778160.000000 0.820058 0.997427 0.000000 0 
1760160.000000 0.821189 1760160.000000 0.821189 0.996302 0.000000 0 
1159680.000000 1.108171 1159680.000000 1.108171 0.987710 0.000000 0 
1655280.000000 0.826481 1655280.000000 0.826481 0.997829 0.000000 0 
1753440.000000 0.821262 1753440.000000 0.821262 0.998302 0.000000 0 
1284720.000000 0.914403 1284720.000000 0.914403 0.995757 0.000000 0 
1151760.000000 1.109386 1151760.000000 1.109386 0.991124 0.000000 0 
1569120.000000 0.834971 1569120.000000 0.834971 0.994768 0.000000 0 
1504560.000000 0.849731 1504560.000000 0.849731 0.993788 0.000000 0 
1284720.000000 0.914403 1284720.000000 0.914403 0.995757 0.000000 0 
1229280.000000 0.965573 1229280.000000 0.965573 0.997745 0.000000 0 
1322880.000000 0.898887 1322880.000000 0.898887 0.999499 0.000000 0 
1470960.000000 0.850984 1470960.000000 0.850984 0.995420 0.000000 0 
1548000.000000 0.839807 1548000.000000 0.839807 0.990707 0.000000 0 
1208160.000000 0.973175 1208160.000000 0.973175 0.990372 0.000000 0 
1425360.000000 0.857338 1425360.000000 0.857338 0.997207 0.000000 0 
#Generacion: 3000 
#Distancia: 258.859495 
1767840.000000 0.810848 1767840.000000 0.810848 0.998294 0.000000 0 
1128720.000000 1.274736 1128720.000000 1.274736 0.998093 0.000000 0 
1128720.000000 1.274736 1128720.000000 1.274736 0.998093 0.000000 0 
1143600.000000 1.021828 1143600.000000 1.021828 0.999845 0.000000 0 
1139040.000000 1.155363 1139040.000000 1.155363 0.997610 0.000000 0 
1136880.000000 1.164350 1136880.000000 1.164350 0.999077 0.000000 0 
1752720.000000 0.813509 1752720.000000 0.813509 0.995827 0.000000 0 
1273920.000000 0.930785 1273920.000000 0.930785 0.989474 0.000000 0 
1152960.000000 1.012773 1152960.000000 1.012773 0.996916 0.000000 0 
1221120.000000 0.958250 1221120.000000 0.958250 0.999521 0.000000 0 
1224960.000000 0.943346 1224960.000000 0.943346 0.994187 0.000000 0 
1276800.000000 0.916532 1276800.000000 0.916532 0.997949 0.000000 0 
1369920.000000 0.881694 1369920.000000 0.881694 0.989118 0.000000 0 
1375920.000000 0.867961 1375920.000000 0.867961 0.998852 0.000000 0 
1666800.000000 0.823364 1666800.000000 0.823364 0.993511 0.000000 0 
1692960.000000 0.821494 1692960.000000 0.821494 0.992841 0.000000 0 
1683120.000000 0.822549 1683120.000000 0.822549 0.990794 0.000000 0 
1463760.000000 0.850329 1463760.000000 0.850329 0.997004 0.000000 0 
1317120.000000 0.902893 1317120.000000 0.902893 0.999067 0.000000 0 
1212000.000000 0.970533 1212000.000000 0.970533 0.996313 0.000000 0 
1738080.000000 0.816991 1738080.000000 0.816991 0.986704 0.000000 0 
1218000.000000 0.962746 1218000.000000 0.962746 0.998569 0.000000 0 
1261440.000000 0.932436 1261440.000000 0.932436 0.998868 0.000000 0 
1476960.000000 0.848700 1476960.000000 0.848700 0.991317 0.000000 0 
1563840.000000 0.835152 1563840.000000 0.835152 0.992904 0.000000 0 
1515840.000000 0.841392 1515840.000000 0.841392 0.998058 0.000000 0 
1551360.000000 0.837220 1551360.000000 0.837220 0.992544 0.000000 0 
1197840.000000 0.980630 1197840.000000 0.980630 0.994714 0.000000 0 
1175520.000000 0.992329 1175520.000000 0.992329 0.997917 0.000000 0 
1400160.000000 0.862887 1400160.000000 0.862887 0.999764 0.000000 0 
1254480.000000 0.935314 1254480.000000 0.935314 0.994147 0.000000 0 
1596000.000000 0.830147 1596000.000000 0.830147 0.994797 0.000000 0 
1504800.000000 0.844012 1504800.000000 0.844012 0.996369 0.000000 0 
1152000.000000 1.021329 1152000.000000 1.021329 0.999130 0.000000 0 
1322880.000000 0.898887 1322880.000000 0.898887 0.999499 0.000000 0 
1308720.000000 0.908092 1308720.000000 0.908092 0.999484 0.000000 0 
1412640.000000 0.861968 1412640.000000 0.861968 0.998609 0.000000 0 
1159440.000000 1.001992 1159440.000000 1.001992 0.999151 0.000000 0 
1642560.000000 0.823845 1642560.000000 0.823845 0.998741 0.000000 0 
1300800.000000 0.912147 1300800.000000 0.912147 0.998391 0.000000 0 
1585440.000000 0.832746 1585440.000000 0.832746 0.999392 0.000000 0 
1486320.000000 0.848554 1486320.000000 0.848554 0.994300 0.000000 0 
1534800.000000 0.839889 1534800.000000 0.839889 0.991339 0.000000 0 
1545360.000000 0.839106 1545360.000000 0.839106 0.993429 0.000000 0 
1720560.000000 0.819013 1720560.000000 0.819013 0.997868 0.000000 0 
1239120.000000 0.941227 1239120.000000 0.941227 0.995479 0.000000 0 
1432080.000000 0.856730 1432080.000000 0.856730 0.997854 0.000000 0 
1331280.000000 0.897331 1331280.000000 0.897331 0.995389 0.000000 0 
1287360.000000 0.912471 1287360.000000 0.912471 0.995088 0.000000 0 
1419600.000000 0.861309 1419600.000000 0.861309 0.997472 0.000000 0 
1425360.000000 0.857338 1425360.000000 0.857338 0.997207 0.000000 0 
1767840.000000 0.810848 1767840.000000 0.810848 0.998294 0.000000 0 
1199520.000000 0.973349 1199520.000000 0.973349 0.996066 0.000000 0 
1350480.000000 0.889185 1350480.000000 0.889185 0.998135 0.000000 0 
1395120.000000 0.866138 1395120.000000 0.866138 0.998325 0.000000 0 
1570080.000000 0.833245 1570080.000000 0.833245 0.998658 0.000000 0 
1710000.000000 0.821169 1710000.000000 0.821169 0.996915 0.000000 0 
1495440.000000 0.847071 1495440.000000 0.847071 0.996443 0.000000 0 
1232880.000000 0.942464 1232880.000000 0.942464 0.994054 0.000000 0 
1344000.000000 0.892002 1344000.000000 0.892002 0.989308 0.000000 0 
1171200.000000 1.001412 1171200.000000 1.001412 0.997953 0.000000 0 
1369440.000000 0.886977 1369440.000000 0.886977 0.992207 0.000000 0 
1603680.000000 0.830036 1603680.000000 0.830036 0.994953 0.000000 0 
1206000.000000 0.973013 1206000.000000 0.973013 0.995472 0.000000 0 
1387680.000000 0.867272 1387680.000000 0.867272 0.997733 0.000000 0 
1186080.000000 0.991171 1186080.000000 0.991171 0.995944 0.000000 0 
1284720.000000 0.914403 1284720.000000 0.914403 0.995757 0.000000 0 
1578720.000000 0.832944 1578720.000000 0.832944 0.998435 0.000000 0 
1195200.000000 0.987518 1195200.000000 0.987518 0.991431 0.000000 0 
1624800.000000 0.824870 1624800.000000 0.824870 0.999332 0.000000 0 
1453680.000000 0.853835 1453680.000000 0.853835 0.998014 0.000000 0 
1455600.000000 0.852778 1455600.000000 0.852778 0.996399 0.000000 0 
1137600.000000 1.156273 1137600.000000 1.156273 0.997124 0.000000 0 
1194960.000000 0.989885 1194960.000000 0.989885 0.993099 0.000000 0 
1441920.000000 0.854894 1441920.000000 0.854894 0.999555 0.000000 0 
1654800.000000 0.823385 1654800.000000 0.823385 0.992993 0.000000 0 
1361280.000000 0.887592 1361280.000000 0.887592 0.996625 0.000000 0 
1726080.000000 0.818224 1726080.000000 0.818224 0.981405 0.000000 0 
1498320.000000 0.844583 1498320.000000 0.844583 0.992914 0.000000 0 
1710000.000000 0.821169 1710000.000000 0.821169 0.996915 0.000000 0 
1338240.000000 0.895668 1338240.000000 0.895668 0.999484 0.000000 0 
1302720.000000 0.908241 1302720.000000 0.908241 0.995912 0.000000 0 
1442640.000000 0.854330 1442640.000000 0.854330 0.996370 0.000000 0 
1358400.000000 0.888934 1358400.000000 0.888934 0.995999 0.000000 0 
1653600.000000 0.823804 1653600.000000 0.823804 0.999406 0.000000 0 
1380960.000000 0.867616 1380960.000000 0.867616 0.998891 0.000000 0 
1633440.000000 0.824556 1633440.000000 0.824556 0.999187 0.000000 0 
1171200.000000 1.001412 1171200.000000 1.001412 0.997953 0.000000 0 
1159440.000000 1.001992 1159440.000000 1.001992 0.999151 0.000000 0 
1524960.000000 0.841207 1524960.000000 0.841207 0.988670 0.000000 0 
1180560.000000 0.991173 1180560.000000 0.991173 0.996418 0.000000 0 
1244160.000000 0.936105 1244160.000000 0.936105 0.993756 0.000000 0 
1136880.000000 1.164350 1136880.000000 1.164350 0.999077 0.000000 0 
1527360.000000 0.840758 1527360.000000 0.840758 0.999988 0.000000 0 
1244160.000000 0.936105 1244160.000000 0.936105 0.993756 0.000000 0 
1339200.000000 0.893267 1339200.000000 0.893267 0.999324 0.000000 0 
1631280.000000 0.824800 1631280.000000 0.824800 0.998690 0.000000 0 
1610400.000000 0.824887 1610400.000000 0.824887 0.998622 0.000000 0 
1563840.000000 0.835152 1563840.000000 0.835152 0.992904 0.000000 0 
1610400.000000 0.828513 1610400.000000 0.828513 0.992566 0.000000 1 
#Generacion: 3500 
#Distancia: 256.598182 
1829520.000000 0.802752 1829520.000000 0.802752 0.978140 0.000000 0 
1105440.000000 1.611954 1105440.000000 1.611954 0.999721 0.000000 0 
1111440.000000 1.237158 1111440.000000 1.237158 0.999483 0.000000 0 
1106880.000000 1.421105 1106880.000000 1.421105 0.996517 0.000000 0 
1106880.000000 1.421105 1106880.000000 1.421105 0.996517 0.000000 0 
1111680.000000 1.151453 1111680.000000 1.151453 0.982932 0.000000 0 
1139280.000000 1.049685 1139280.000000 1.049685 0.996983 0.000000 0 
1118880.000000 1.093828 1118880.000000 1.093828 0.994506 0.000000 0 
1723920.000000 0.809058 1723920.000000 0.809058 0.990951 0.000000 0 
1116480.000000 1.147650 1116480.000000 1.147650 0.997010 0.000000 0 
1759440.000000 0.808009 1759440.000000 0.808009 0.988925 0.000000 0 
1131360.000000 1.082480 1131360.000000 1.082480 0.994816 0.000000 0 
1143600.000000 1.021828 1143600.000000 1.021828 0.999845 0.000000 0 
1681440.000000 0.810927 1681440.000000 0.810927 0.994038 0.000000 0 
1806480.000000 0.804120 1806480.000000 0.804120 0.977496 0.000000 0 
1346400.000000 0.883712 1346400.000000 0.883712 0.999774 0.000000 0 
1368000.000000 0.881893 1368000.000000 0.881893 0.998853 0.000000 0 
1529760.000000 0.834730 1529760.000000 0.834730 0.996731 0.000000 0 
1209840.000000 0.962520 1209840.000000 0.962520 0.998887 0.000000 0 
1268160.000000 0.907766 1268160.000000 0.907766 0.997307 0.000000 0 
1342080.000000 0.887122 1342080.000000 0.887122 0.991510 0.000000 0 
1769280.000000 0.807564 1769280.000000 0.807564 0.989510 0.000000 0 
1159440.000000 1.001992 1159440.000000 1.001992 0.999151 0.000000 0 
1782480.000000 0.804560 1782480.000000 0.804560 0.993035 0.000000 0 
1545120.000000 0.834488 1545120.000000 0.834488 0.996906 0.000000 0 
1700880.000000 0.810105 1700880.000000 0.810105 0.998999 0.000000 0 
1235520.000000 0.937567 1235520.000000 0.937567 0.993310 0.000000 0 
1313760.000000 0.893517 1313760.000000 0.893517 0.997517 0.000000 0 
1461840.000000 0.849785 1461840.000000 0.849785 0.991363 0.000000 0 
1620240.000000 0.823807 1620240.000000 0.823807 0.997503 0.000000 0 
1126560.000000 1.085202 1126560.000000 1.085202 0.995740 0.000000 0 
1284000.000000 0.907398 1284000.000000 0.907398 0.988533 0.000000 0 
1520400.000000 0.838436 1520400.000000 0.838436 0.996506 0.000000 0 
1257840.000000 0.915449 1257840.000000 0.915449 0.997333 0.000000 0 
1168800.000000 0.991744 1168800.000000 0.991744 0.997322 0.000000 0 
1630560.000000 0.821541 1630560.000000 0.821541 0.998960 0.000000 0 
1412400.000000 0.862622 1412400.000000 0.862622 0.991447 0.000000 0 
1400160.000000 0.862887 1400160.000000 0.862887 0.999764 0.000000 0 
1504800.000000 0.842421 1504800.000000 0.842421 0.999717 0.000000 0 
1205520.000000 0.969926 1205520.000000 0.969926 0.995205 0.000000 0 
1700880.000000 0.810105 1700880.000000 0.810105 0.998999 0.000000 0 
1495920.000000 0.844498 1495920.000000 0.844498 0.998424 0.000000 0 
1668960.000000 0.813375 1668960.000000 0.813375 0.996460 0.000000 0 
1566240.000000 0.830999 1566240.000000 0.830999 0.998023 0.000000 0 
1610400.000000 0.824887 1610400.000000 0.824887 0.998622 0.000000 0 
1180560.000000 0.991078 1180560.000000 0.991078 0.996432 0.000000 0 
1513440.000000 0.841333 1513440.000000 0.841333 0.992249 0.000000 0 
1643040.000000 0.815511 1643040.000000 0.815511 0.989918 0.000000 0 
1325520.000000 0.889690 1325520.000000 0.889690 0.999000 0.000000 0 
1455120.000000 0.851855 1455120.000000 0.851855 0.991448 0.000000 0 
1167360.000000 1.000123 1167360.000000 1.000123 0.996233 0.000000 0 
1310160.000000 0.898886 1310160.000000 0.898886 0.999554 0.000000 0 
1589280.000000 0.827002 1589280.000000 0.827002 0.998096 0.000000 0 
1395120.000000 0.866138 1395120.000000 0.866138 0.998325 0.000000 0 
1639200.000000 0.821264 1639200.000000 0.821264 0.998934 0.000000 0 
1215600.000000 0.949163 1215600.000000 0.949163 0.997678 0.000000 0 
1214640.000000 0.949751 1214640.000000 0.949751 0.998769 0.000000 0 
1419120.000000 0.860852 1419120.000000 0.860852 0.997057 0.000000 0 
1303920.000000 0.902988 1303920.000000 0.902988 0.997167 0.000000 0 
1791120.000000 0.804400 1791120.000000 0.804400 0.978060 0.000000 0 
1297200.000000 0.904127 1297200.000000 0.904127 0.999365 0.000000 0 
1245360.000000 0.930932 1245360.000000 0.930932 0.999059 0.000000 0 
1601760.000000 0.825130 1601760.000000 0.825130 0.998272 0.000000 0 
1148640.000000 1.021123 1148640.000000 1.021123 0.998799 0.000000 0 
1264560.000000 0.915203 1264560.000000 0.915203 0.997824 0.000000 0 
1375200.000000 0.872145 1375200.000000 0.872145 0.999071 0.000000 0 
1385280.000000 0.866588 1385280.000000 0.866588 0.998223 0.000000 0 
1651680.000000 0.814065 1651680.000000 0.814065 0.996732 0.000000 0 
1488480.000000 0.846568 1488480.000000 0.846568 0.995823 0.000000 0 
1425360.000000 0.857338 1425360.000000 0.857338 0.997207 0.000000 0 
1224000.000000 0.940334 1224000.000000 0.940334 0.997081 0.000000 0 
1578000.000000 0.828594 1578000.000000 0.828594 0.997371 0.000000 0 
1288560.000000 0.905423 1288560.000000 0.905423 0.998194 0.000000 0 
1152960.000000 1.012773 1152960.000000 1.012773 0.996916 0.000000 0 
1476240.000000 0.849419 1476240.000000 0.849419 0.997542 0.000000 0 
1368960.000000 0.874909 1368960.000000 0.874909 0.997598 0.000000 0 
1445760.000000 0.852886 1445760.000000 0.852886 0.998946 0.000000 0 
1197600.000000 0.971585 1197600.000000 0.971585 0.999499 0.000000 0 
1244160.000000 0.936105 1244160.000000 0.936105 0.993756 0.000000 0 
1557600.000000 0.831802 1557600.000000 0.831802 0.997422 0.000000 0 
1799760.000000 0.804149 1799760.000000 0.804149 0.976931 0.000000 0 
1194720.000000 0.975567 1194720.000000 0.975567 0.991100 0.000000 0 
1325520.000000 0.889690 1325520.000000 0.889690 0.999000 0.000000 0 
1380000.000000 0.868221 1380000.000000 0.868221 0.998872 0.000000 0 
1553520.000000 0.834359 1553520.000000 0.834359 0.997728 0.000000 0 
1255440.000000 0.929140 1255440.000000 0.929140 0.999889 0.000000 0 
1193280.000000 0.983946 1193280.000000 0.983946 0.997156 0.000000 0 
1593840.000000 0.825939 1593840.000000 0.825939 0.996768 0.000000 0 
1224000.000000 0.940334 1224000.000000 0.940334 0.997081 0.000000 0 
1576320.000000 0.830714 1576320.000000 0.830714 0.999880 0.000000 0 
1184160.000000 0.986976 1184160.000000 0.986976 0.997069 0.000000 0 
1482720.000000 0.848419 1482720.000000 0.848419 0.991303 0.000000 0 
1658400.000000 0.813960 1658400.000000 0.813960 0.997565 0.000000 0 
1441920.000000 0.854894 1441920.000000 0.854894 0.999555 0.000000 0 
1188480.000000 0.984690 1188480.000000 0.984690 0.995539 0.000000 0 
1152960.000000 1.012773 1152960.000000 1.012773 0.996916 0.000000 0 
1432080.000000 0.856730 1432080.000000 0.856730 0.997854 0.000000 0 
1255440.000000 0.929140 1255440.000000 0.929140 0.999889 0.000000 0 
1435920.000000 0.856009 1435920.000000 0.856009 0.998630 0.000000 0 
1663920.000000 0.813617 1663920.000000 0.813617 0.995167 0.000000 0 
#Generacion: 4000 
#Distancia: 270.033333 
1877040.000000 0.798046 1877040.000000 0.798046 0.986460 0.000000 0 
1097520.000000 1.158485 1097520.000000 1.158485 0.992396 0.000000 0 
1118160.000000 1.044137 1118160.000000 1.044137 0.989038 0.000000 0 
1116720.000000 1.131593 1116720.000000 1.131593 0.996732 0.000000 0 
1773360.000000 0.798433 1773360.000000 0.798433 0.983294 0.000000 0 
1137360.000000 1.038893 1137360.000000 1.038893 0.990806 0.000000 0 
1143600.000000 1.021828 1143600.000000 1.021828 0.999845 0.000000 0 
1738560.000000 0.803150 1738560.000000 0.803150 0.996441 0.000000 0 
1620000.000000 0.819946 1620000.000000 0.819946 0.995430 0.000000 0 
1458720.000000 0.845522 1458720.000000 0.845522 0.999143 0.000000 0 
1110000.000000 1.139705 1110000.000000 1.139705 0.998798 0.000000 0 
1215600.000000 0.949163 1215600.000000 0.949163 0.997678 0.000000 0 
1209840.000000 0.962520 1209840.000000 0.962520 0.998887 0.000000 0 
1560480.000000 0.825345 1560480.000000 0.825345 0.993296 0.000000 0 
1680720.000000 0.809671 1680720.000000 0.809671 0.990281 0.000000 0 
1654560.000000 0.809732 1654560.000000 0.809732 0.989328 0.000000 0 
1159440.000000 1.001992 1159440.000000 1.001992 0.999151 0.000000 0 
1489440.000000 0.837027 1489440.000000 0.837027 0.996252 0.000000 0 
1212720.000000 0.952222 1212720.000000 0.952222 0.998759 0.000000 0 
1105920.000000 1.147564 1105920.000000 1.147564 0.999163 0.000000 0 
1291200.000000 0.901724 1291200.000000 0.901724 0.992811 0.000000 0 
1514160.000000 0.833779 1514160.000000 0.833779 0.991780 0.000000 0 
1100400.000000 1.151186 1100400.000000 1.151186 0.992560 0.000000 0 
1500960.000000 0.836666 1500960.000000 0.836666 0.994365 0.000000 0 
1232640.000000 0.936878 1232640.000000 0.936878 0.996252 0.000000 0 
1367280.000000 0.869101 1367280.000000 0.869101 0.999795 0.000000 0 
1242960.000000 0.933001 1242960.000000 0.933001 0.990925 0.000000 0 
1723200.000000 0.804218 1723200.000000 0.804218 0.990848 0.000000 0 
1188720.000000 0.973671 1188720.000000 0.973671 0.997446 0.000000 0 
1693920.000000 0.806389 1693920.000000 0.806389 0.992329 0.000000 0 
1158000.000000 1.012024 1158000.000000 1.012024 0.997202 0.000000 0 
1586160.000000 0.822848 1586160.000000 0.822848 0.997012 0.000000 0 
1545840.000000 0.828771 1545840.000000 0.828771 0.989921 0.000000 0 
1152960.000000 1.012773 1152960.000000 1.012773 0.996916 0.000000 0 
1148640.000000 1.021123 1148640.000000 1.021123 0.998799 0.000000 0 
1282560.000000 0.904300 1282560.000000 0.904300 0.998475 0.000000 0 
1302000.000000 0.890685 1302000.000000 0.890685 0.997298 0.000000 0 
1256160.000000 0.921960 1256160.000000 0.921960 0.994439 0.000000 0 
1224000.000000 0.940334 1224000.000000 0.940334 0.997081 0.000000 0 
1167360.000000 1.000026 1167360.000000 1.000026 0.995898 0.000000 0 
1266000.000000 0.908486 1266000.000000 0.908486 0.990594 0.000000 0 
1594800.000000 0.820841 1594800.000000 0.820841 0.998256 0.000000 0 
1168080.000000 0.993330 1168080.000000 0.993330 0.990723 0.000000 0 
1484880.000000 0.845378 1484880.000000 0.845378 0.999834 0.000000 0 
1275600.000000 0.907683 1275600.000000 0.907683 0.998020 0.000000 0 
1400400.000000 0.861117 1400400.000000 0.861117 0.997840 0.000000 0 
1194960.000000 0.970040 1194960.000000 0.970040 0.992814 0.000000 0 
1392960.000000 0.863898 1392960.000000 0.863898 0.989620 0.000000 0 
1188480.000000 0.980954 1188480.000000 0.980954 0.991640 0.000000 0 
1429680.000000 0.854889 1429680.000000 0.854889 0.987647 0.000000 0 
1378320.000000 0.868138 1378320.000000 0.868138 0.996039 0.000000 0 
1248960.000000 0.930082 1248960.000000 0.930082 0.995836 0.000000 0 
1250880.000000 0.925119 1250880.000000 0.925119 0.996015 0.000000 0 
1359120.000000 0.873804 1359120.000000 0.873804 0.996411 0.000000 0 
1111680.000000 1.132202 1111680.000000 1.132202 0.996554 0.000000 0 
1386240.000000 0.866250 1386240.000000 0.866250 0.998602 0.000000 0 
1329360.000000 0.880062 1329360.000000 0.880062 0.995164 0.000000 0 
1264560.000000 0.915151 1264560.000000 0.915151 0.997713 0.000000 0 
1257840.000000 0.915449 1257840.000000 0.915449 0.997333 0.000000 0 
1340400.000000 0.878350 1340400.000000 0.878350 0.996317 0.000000 0 
1484880.000000 0.845378 1484880.000000 0.845378 0.999834 0.000000 0 
1529520.000000 0.830570 1529520.000000 0.830570 0.996481 0.000000 0 
1521840.000000 0.831471 1521840.000000 0.831471 0.993665 0.000000 0 
1346640.000000 0.877364 1346640.000000 0.877364 0.997355 0.000000 0 
1438320.000000 0.852921 1438320.000000 0.852921 0.993061 0.000000 0 
1411680.000000 0.860777 1411680.000000 0.860777 0.993071 0.000000 0 
1126080.000000 1.042280 1126080.000000 1.042280 0.988817 0.000000 0 
1184160.000000 0.986976 1184160.000000 0.986976 0.997069 0.000000 0 
1306800.000000 0.887103 1306800.000000 0.887103 0.996144 0.000000 0 
1713360.000000 0.806373 1713360.000000 0.806373 0.993156 0.000000 0 
1418880.000000 0.855553 1418880.000000 0.855553 0.995900 0.000000 0 
1645920.000000 0.809954 1645920.000000 0.809954 0.989553 0.000000 0 
1688160.000000 0.808603 1688160.000000 0.808603 0.995140 0.000000 0 
1628880.000000 0.817832 1628880.000000 0.817832 0.974986 0.000000 0 
1321200.000000 0.885167 1321200.000000 0.885167 0.996960 0.000000 0 
1539120.000000 0.829035 1539120.000000 0.829035 0.999705 0.000000 0 
1354320.000000 0.874496 1354320.000000 0.874496 0.994370 0.000000 0 
1201920.000000 0.964189 1201920.000000 0.964189 0.999658 0.000000 0 
1199520.000000 0.966970 1199520.000000 0.966970 0.998514 0.000000 0 
1446480.000000 0.852395 1446480.000000 0.852395 0.995987 0.000000 0 
1327920.000000 0.883538 1327920.000000 0.883538 0.996666 0.000000 0 
1293840.000000 0.894260 1293840.000000 0.894260 0.994753 0.000000 0 
1135200.000000 1.041929 1135200.000000 1.041929 0.987938 0.000000 0 
1313520.000000 0.886228 1313520.000000 0.886228 0.996932 0.000000 0 
1412400.000000 0.856415 1412400.000000 0.856415 0.995750 0.000000 0 
1631520.000000 0.815891 1631520.000000 0.815891 0.997667 0.000000 0 
1176720.000000 0.989810 1176720.000000 0.989810 0.992910 0.000000 0 
1738560.000000 0.803150 1738560.000000 0.803150 0.996441 0.000000 0 
1187760.000000 0.984849 1187760.000000 0.984849 0.989001 0.000000 0 
1458480.000000 0.851590 1458480.000000 0.851590 0.989781 0.000000 0 
1573680.000000 0.824717 1573680.000000 0.824717 0.997480 0.000000 0 
1176000.000000 0.991520 1176000.000000 0.991520 0.984891 0.000000 0 
1225920.000000 0.939768 1225920.000000 0.939768 0.995237 0.000000 0 
1639440.000000 0.814177 1639440.000000 0.814177 0.997155 0.000000 0 
1293840.000000 0.894260 1293840.000000 0.894260 0.994753 0.000000 0 
1640160.000000 0.812480 1640160.000000 0.812480 0.990621 0.000000 0 
1573680.000000 0.824717 1573680.000000 0.824717 0.997480 0.000000 0 
1714320.000000 0.806225 1714320.000000 0.806225 0.995188 0.000000 0 
1456080.000000 0.852207 1456080.000000 0.852207 0.994328 0.000000 0 
1594800.000000 0.820841 1594800.000000 0.820841 0.998256 0.000000 0 
#Generacion: 4500 
#Distancia: 262.335455 
1973040.000000 0.791693 1973040.000000 0.791693 0.990386 0.000000 0 
1074480.000000 1.426742 1074480.000000 1.426742 0.995751 0.000000 0 
1080480.000000 1.279464 1080480.000000 1.279464 0.990857 0.000000 0 
1083120.000000 1.161258 1083120.000000 1.161258 0.989662 0.000000 0 
1081200.000000 1.277638 1081200.000000 1.277638 0.986530 0.000000 0 
1900080.000000 0.791859 1900080.000000 0.791859 0.997709 0.000000 0 
1102560.000000 1.135517 1102560.000000 1.135517 0.992019 0.000000 0 
1118160.000000 1.044137 1118160.000000 1.044137 0.989038 0.000000 0 
1973040.000000 0.791693 1973040.000000 0.791693 0.990386 0.000000 0 
1113120.000000 1.085818 1113120.000000 1.085818 0.991449 0.000000 0 
1097520.000000 1.158485 1097520.000000 1.158485 0.992396 0.000000 0 
1131840.000000 1.024303 1131840.000000 1.024303 0.995432 0.000000 0 
1547760.000000 0.823067 1547760.000000 0.823067 0.998801 0.000000 0 
1113120.000000 1.085818 1113120.000000 1.085818 0.991449 0.000000 0 
1107600.000000 1.112187 1107600.000000 1.112187 0.988218 0.000000 0 
1126080.000000 1.041637 1126080.000000 1.041637 0.988873 0.000000 0 
1706880.000000 0.805165 1706880.000000 0.805165 0.992082 0.000000 0 
1569120.000000 0.818716 1569120.000000 0.818716 0.991531 0.000000 0 
1679520.000000 0.805504 1679520.000000 0.805504 0.996698 0.000000 0 
1306080.000000 0.883016 1306080.000000 0.883016 0.999635 0.000000 0 
1107600.000000 1.112187 1107600.000000 1.112187 0.988218 0.000000 0 
1159200.000000 0.991245 1159200.000000 0.991245 0.996154 0.000000 0 
1489440.000000 0.837027 1489440.000000 0.837027 0.996252 0.000000 0 
1823520.000000 0.795829 1823520.000000 0.795829 0.991268 0.000000 0 
1199280.000000 0.960354 1199280.000000 0.960354 0.998157 0.000000 0 
1361280.000000 0.869527 1361280.000000 0.869527 0.997666 0.000000 0 
1794480.000000 0.797075 1794480.000000 0.797075 0.992235 0.000000 0 
1753440.000000 0.801470 1753440.000000 0.801470 0.991946 0.000000 0 
1230720.000000 0.928111 1230720.000000 0.928111 0.993844 0.000000 0 
1881120.000000 0.793246 1881120.000000 0.793246 0.998054 0.000000 0 
1451040.000000 0.844912 1451040.000000 0.844912 0.999071 0.000000 0 
1768800.000000 0.798132 1768800.000000 0.798132 0.985570 0.000000 0 
1348560.000000 0.876594 1348560.000000 0.876594 0.998346 0.000000 0 
1592400.000000 0.815201 1592400.000000 0.815201 0.996523 0.000000 0 
1606560.000000 0.814509 1606560.000000 0.814509 0.998007 0.000000 0 
1329360.000000 0.878041 1329360.000000 0.878041 0.999632 0.000000 0 
1158240.000000 1.006753 1158240.000000 1.006753 0.990655 0.000000 0 
1254960.000000 0.904212 1254960.000000 0.904212 0.993142 0.000000 0 
1376160.000000 0.864293 1376160.000000 0.864293 0.988205 0.000000 0 
1143600.000000 1.021828 1143600.000000 1.021828 0.999845 0.000000 0 
1191360.000000 0.966646 1191360.000000 0.966646 0.991741 0.000000 0 
1502400.000000 0.836526 1502400.000000 0.836526 0.984627 0.000000 0 
1534560.000000 0.825069 1534560.000000 0.825069 0.997679 0.000000 0 
1150080.000000 1.016204 1150080.000000 1.016204 0.998100 0.000000 0 
1472640.000000 0.841486 1472640.000000 0.841486 0.980942 0.000000 0 
1416720.000000 0.857825 1416720.000000 0.857825 0.994979 0.000000 0 
1580640.000000 0.818028 1580640.000000 0.818028 0.995125 0.000000 0 
1529520.000000 0.830570 1529520.000000 0.830570 0.996481 0.000000 0 
1169760.000000 0.975342 1169760.000000 0.975342 0.998765 0.000000 0 
1619040.000000 0.812506 1619040.000000 0.812506 0.997835 0.000000 0 
1206000.000000 0.951094 1206000.000000 0.951094 0.996069 0.000000 0 
1225920.000000 0.939768 1225920.000000 0.939768 0.995237 0.000000 0 
1421760.000000 0.853757 1421760.000000 0.853757 0.994067 0.000000 0 
1243200.000000 0.921136 1243200.000000 0.921136 0.993495 0.000000 0 
1719840.000000 0.804891 1719840.000000 0.804891 0.990097 0.000000 0 
1282560.000000 0.899399 1282560.000000 0.899399 0.990548 0.000000 0 
1848480.000000 0.794877 1848480.000000 0.794877 0.998399 0.000000 0 
1438080.000000 0.851566 1438080.000000 0.851566 0.993343 0.000000 0 
1400160.000000 0.858511 1400160.000000 0.858511 0.996313 0.000000 0 
1740000.000000 0.804345 1740000.000000 0.804345 0.997555 0.000000 0 
1286640.000000 0.891651 1286640.000000 0.891651 0.998044 0.000000 0 
1393680.000000 0.859379 1393680.000000 0.859379 0.996129 0.000000 0 
1382400.000000 0.863398 1382400.000000 0.863398 0.985455 0.000000 0 
1271520.000000 0.899706 1271520.000000 0.899706 0.990990 0.000000 0 
1814640.000000 0.796930 1814640.000000 0.796930 0.992747 0.000000 0 
1262880.000000 0.902779 1262880.000000 0.902779 0.989428 0.000000 0 
1220160.000000 0.948274 1220160.000000 0.948274 0.995797 0.000000 0 
1351200.000000 0.871176 1351200.000000 0.871176 0.998859 0.000000 0 
1645920.000000 0.809954 1645920.000000 0.809954 0.989553 0.000000 0 
1671840.000000 0.808380 1671840.000000 0.808380 0.996607 0.000000 0 
1294560.000000 0.890248 1294560.000000 0.890248 0.994861 0.000000 0 
1239360.000000 0.926249 1239360.000000 0.926249 0.999157 0.000000 0 
1302480.000000 0.886985 1302480.000000 0.886985 0.994337 0.000000 0 
1151280.000000 1.006912 1151280.000000 1.006912 0.991592 0.000000 0 
1183680.000000 0.974188 1183680.000000 0.974188 0.999179 0.000000 0 
1329360.000000 0.878041 1329360.000000 0.878041 0.999632 0.000000 0 
1167360.000000 0.986396 1167360.000000 0.986396 0.998812 0.000000 0 
1732560.000000 0.804382 1732560.000000 0.804382 0.991245 0.000000 0 
1893600.000000 0.792165 1893600.000000 0.792165 0.999422 0.000000 0 
1514160.000000 0.833779 1514160.000000 0.833779 0.991780 0.000000 0 
1459200.000000 0.844067 1459200.000000 0.844067 0.995844 0.000000 0 
1801440.000000 0.797036 1801440.000000 0.797036 0.991442 0.000000 0 
1248480.000000 0.913741 1248480.000000 0.913741 0.995131 0.000000 0 
1517280.000000 0.832343 1517280.000000 0.832343 0.994505 0.000000 0 
1437120.000000 0.853182 1437120.000000 0.853182 0.993902 0.000000 0 
1661280.000000 0.808510 1661280.000000 0.808510 0.990664 0.000000 0 
1633440.000000 0.810771 1633440.000000 0.810771 0.988788 0.000000 0 
1188720.000000 0.973671 1188720.000000 0.973671 0.997446 0.000000 0 
1086720.000000 1.159313 1086720.000000 1.159313 0.990632 0.000000 0 
1211760.000000 0.950017 1211760.000000 0.950017 0.994722 0.000000 0 
1863600.000000 0.793665 1863600.000000 0.793665 0.992293 0.000000 0 
1169280.000000 0.983467 1169280.000000 0.983467 0.999354 0.000000 0 
1220880.000000 0.940279 1220880.000000 0.940279 0.995930 0.000000 0 
1654560.000000 0.809732 1654560.000000 0.809732 0.989328 0.000000 0 
1470000.000000 0.843629 1470000.000000 0.843629 0.998445 0.000000 0 
1630560.000000 0.812089 1630560.000000 0.812089 0.995614 0.000000 0 
1863600.000000 0.793665 1863600.000000 0.793665 0.992293 0.000000 0 
1848480.000000 0.794877 1848480.000000 0.794877 0.998399 0.000000 0 
1248480.000000 0.913741 1248480.000000 0.913741 0.995131 0.000000 0 
1765920.000000 0.799244 1765920.000000 0.799244 0.994500 0.000000 0 
#Generacion: 5000 
#Distancia: 311.061212 
