85192791.538090 83042152.907322 2150640.000000 1.369232 9.304215 83042151.538090 69 
49018584.793483 46862186.181136 2156400.000000 1.387653 5.686218 46862184.793483 28 
58709613.052556 56789614.650783 1920000.000000 1.598227 6.678961 56789613.052556 48 
64885463.189477 62846904.522426 2038560.000000 1.332949 7.284690 62846903.189477 56 
35344716117304.546875 35344713913866.140625 2203440.000000 1.591267 3534472.391386 35344713913864.546875 80 
62366988.742395 60193790.280665 2173200.000000 1.538270 7.019379 60193788.742395 52 
46286935.291653 44285817.346080 2001120.000000 2.054427 5.428582 44285815.291653 21 
74589347.838802 72594709.789703 1994640.000000 1.950901 8.259471 72594707.838802 63 
25223417831234.140625 25223415823395.808594 2007840.000000 1.667564 2522342.582339 25223415823394.140625 78 
47490689.519454 45467971.261553 2022720.000000 1.742099 5.546797 45467969.519454 24 
56413477.805152 54292599.122557 2120880.000000 1.317405 6.429260 54292597.805152 45 
43145420.193732 41205261.796199 1940160.000000 1.602466 5.120526 41205260.193732 15 
49640810.690533 47537212.302872 2103600.000000 1.612339 5.753721 47537210.690533 30 
63956783.293504 61879826.273463 2076960.000000 2.979959 7.187982 61879823.293504 55 
29559263.773736 27422545.770096 2136720.000000 1.996359 3.742254 27422543.773736 8 
21483319.467987 19481240.865240 2002080.000000 1.397253 2.948124 19481239.467987 2 
67862476.277230 65749999.061316 2112480.000000 2.784085 7.575000 65749996.277230 57 
49888925.181584 47817966.788529 2070960.000000 1.606945 5.781797 47817965.181584 31 
46937334.195349 45040376.019097 1896960.000000 1.823748 5.504037 45040374.195349 22 
5223232449153.748047 5223230448755.822266 2000400.000000 2.074381 522324.044875 5223230448753.748047 74 
9094529724734.492188 9094527659535.943359 2065200.000000 1.451042 909453.765953 9094527659534.492188 75 
27196715.986356 25250797.329213 1945920.000000 1.342857 3.525080 25250795.986356 5 
55461981.831736 53490383.215021 1971600.000000 1.383285 6.349038 53490381.831736 42 
54315453.415113 52333295.315074 1982160.000000 1.899961 6.233329 52333293.415113 39 
54916686.421507 52879088.727778 2037600.000000 2.306271 6.287909 52879086.421507 40 
24900305.765224 22749907.082601 2150400.000000 1.317377 3.274991 22749905.765224 3 
88669855.445309 86786576.958368 1883280.000000 1.513060 9.678658 86786575.445309 72 
59979708.982009 57921710.234298 2058000.000000 1.252289 6.792171 57921708.982009 49 
44667668.838095 42661031.011690 2006640.000000 2.173595 5.266103 42661028.838095 18 
20611840.517414 18634961.958404 1976880.000000 1.440990 2.863496 18634960.517414 0 
116980442612238.453125 116980440693920.000000 1918320.000000 1.541635 11698045.069392 116980440693918.453125 89 
10257426118056.689453 10257424053098.259766 2064960.000000 1.569406 1025743.405310 10257424053096.689453 76 
78364474.581297 76376316.114455 1988160.000000 1.533158 8.637631 76376314.581297 67 
177018847920814.781250 177018845905296.281250 2015520.000000 1.491955 17701885.590529 177018845905294.781250 93 
45488119.122631 43485800.636065 2002320.000000 1.513434 5.348580 43485799.122631 19 
50378967.573798 48352409.111663 2026560.000000 1.537865 5.835241 48352407.573798 33 
49336840.007782 47400281.398095 1936560.000000 1.390314 5.740028 47400280.007782 29 
56142561.902737 54132324.050718 2010240.000000 2.147981 6.413232 54132321.902737 44 
48058191.147885 45964192.609906 2094000.000000 1.462021 5.596419 45964191.147885 26 
73840756.100963 71962039.283575 1878720.000000 3.182612 8.196204 71962036.100963 62 
123570674265999.796875 123570672247841.406250 2018160.000000 1.609473 12357068.224784 123570672247839.796875 90 
25167520.691306 22915601.870698 2251920.000000 1.179393 3.291560 22915600.691306 4 
17072028806869454.000000 17072028804764896.000000 2104560.000000 1.411169 1707202881.476489 17072028804764894.000000 95 
71516753.821593 69596995.608169 1919760.000000 1.786576 7.959699 69596993.821593 60 
47457062.583331 45381784.038279 2075280.000000 1.454948 5.538178 45381782.583331 23 
54780231868116.648438 54780229765238.898438 2102880.000000 2.246709 5478023.976524 54780229765236.648438 82 
28406540.087184 26447421.375263 1959120.000000 1.288079 3.644742 26447420.087184 7 
60822336.039715 58775377.478016 2046960.000000 1.438301 6.877538 58775376.039715 50 
70718136.519823 68520457.735700 2197680.000000 1.215877 7.852046 68520456.519823 59 
179411798902511.093750 179411796716112.593750 2186400.000000 1.485082 17941180.671611 179411796716111.093750 94 
46960757.546730 44857638.884080 2103120.000000 1.337350 5.485764 44857637.546730 22 
63107843.101833 61039044.645467 2068800.000000 1.543634 7.103904 61039043.101833 54 
87508358.904646 85475800.941717 2032560.000000 2.037071 9.547580 85475798.904646 71 
78295101.812970 76356143.489188 1938960.000000 1.676218 8.635614 76356141.812970 66 
75260925164367.078125 75260923213408.671875 1950960.000000 1.596034 7526093.321341 75260923213407.078125 88 
85429157.628317 83457319.852371 1971840.000000 2.224053 9.345732 83457317.628317 70 
77592172.817760 75704814.725499 1887360.000000 1.907739 8.570481 75704812.817760 65 
53354236.276530 51227117.760217 2127120.000000 1.483687 6.122712 51227116.276530 38 
75213056.511799 73067698.173885 2145360.000000 1.662086 8.306770 73067696.511799 64 
48460947.213838 46510468.734909 1950480.000000 1.521072 5.651047 46510467.213838 27 
44222264.323369 42193786.112848 2028480.000000 1.789478 5.219378 42193784.323369 17 
56058314.193180 54054555.441358 2003760.000000 1.248178 6.405455 54054554.193180 43 
69003288866192.375000 69003286798594.476562 2067600.000000 2.102526 6900329.679859 69003286798592.375000 86 
56772912.566885 54714913.978169 2058000.000000 1.411284 6.471491 54714912.566885 46 
62455040.398946 60435921.968255 2019120.000000 1.569308 7.043592 60435920.398946 53 
72002739.901314 69853061.555413 2149680.000000 1.654099 7.985306 69853059.901314 61 
81360915.037359 79415956.484322 1944960.000000 1.446964 8.941596 79415955.037359 68 
134815176053906.015625 134815174045587.609375 2008320.000000 1.597569 13481518.404559 134815174045586.015625 91 
47814981.725191 45871463.150725 1943520.000000 1.425534 5.587146 45871461.725191 25 
166642723825293.437500 166642721819615.125000 2005680.000000 1.697533 16664273.181961 166642721819613.437500 92 
30143453860717.839844 30143451825039.328125 2035680.000000 1.490153 3014346.182504 30143451825037.839844 79 
62674298343290.984375 62674296295853.132812 2047440.000000 2.150925 6267430.629585 62674296295850.984375 84 
63856208.553793 61991411.086407 1864800.000000 2.532614 7.199141 61991408.553793 55 
52526097.042342 50599859.232255 1926240.000000 2.189913 6.059986 50599857.042342 35 
49940423.749847 48143785.817860 1796640.000000 2.068013 5.814378 48143783.749847 32 
49942499.283020 47967301.521565 1975200.000000 2.238546 5.796730 47967299.283020 32 
50483004.741695 48517646.161711 1965360.000000 1.420017 5.851764 48517644.741695 34 
27852246.484174 25708807.765419 2143440.000000 1.281246 3.570881 25708806.484174 6 
52638270.514932 50627071.780169 2011200.000000 1.265237 6.062707 50627070.514932 36 
43036632.447880 41031433.830215 2005200.000000 1.382335 5.103143 41031432.447880 14 
57040853372032.226562 57040851402353.703125 1969680.000000 1.477627 5704086.140235 57040851402352.226562 83 
57092133.784072 55196376.101683 1895760.000000 2.317611 6.519637 55196373.784072 47 
11793846702281.830078 11793844740283.314453 1962000.000000 1.483866 1179385.474028 11793844740281.830078 77 
68688437778013.382812 68688435730335.210938 2047680.000000 1.830171 6868844.573033 68688435730333.382812 85 
42394525.218485 40260206.723531 2134320.000000 1.505046 5.026021 40260205.218485 13 
42161885.802287 40226047.205028 1935840.000000 1.402741 5.022605 40226045.802287 12 
43394946.223361 41505908.277771 1889040.000000 2.054410 5.150591 41505906.223361 16 
70364284419486.320312 70364282397967.773438 2021520.000000 1.450068 7036429.239797 70364282397966.320312 87 
21151469.484690 19006350.840950 2145120.000000 1.356260 2.900635 19006349.484690 1 
92073762.690643 90059924.336112 2013840.000000 1.645469 10.005992 90059922.690643 73 
39367401.307982 37289482.886463 2077920.000000 1.578481 4.728948 37289481.307982 10 
68718519.701969 66757241.868616 1961280.000000 2.166647 7.675724 66757239.701969 58 
46012453.315167 44035815.318462 1976640.000000 2.003295 5.403581 44035813.315167 20 
54993107.913249 53025829.513822 1967280.000000 1.600572 6.302583 53025827.913249 41 
48928613.506662 47060455.026271 1868160.000000 1.519609 5.706045 47060453.506662 28 
34753485.190674 32729326.811714 2024160.000000 1.621040 4.272933 32729325.190674 9 
53003860.953303 51007062.446930 1996800.000000 1.493627 6.100706 51007060.953303 37 
61476178.511637 59462099.862077 2014080.000000 1.350440 6.946210 59462098.511637 51 
41733769.265484 39823850.670854 1909920.000000 1.405371 4.982385 39823849.265484 11 
38901958079191.820312 38901956098233.453125 1980960.000000 1.634391 3890196.609823 38901956098231.820312 81 
#Generacion: 1 
#Distancia: 784.285556 
1411440.000000 0.928533 1411440.000000 0.928533 0.999652 0.000000 0 
1354080.000000 1.070835 1354080.000000 1.070835 0.986171 0.000000 0 
1585440.000000 0.877700 1585440.000000 0.877700 0.994632 0.000000 0 
1668480.000000 0.854994 1668480.000000 0.854994 0.989841 0.000000 0 
1447920.000000 0.912225 1447920.000000 0.912225 0.983744 0.000000 0 
1579920.000000 0.877993 1579920.000000 0.877993 0.989479 0.000000 0 
1471680.000000 0.906006 1471680.000000 0.906006 0.983663 0.000000 0 
1590240.000000 0.876063 1590240.000000 0.876063 0.989240 0.000000 0 
1411440.000000 0.928533 1411440.000000 0.928533 0.999652 0.000000 0 
1458000.000000 0.911426 1458000.000000 0.911426 0.985777 0.000000 0 
1354080.000000 1.070835 1354080.000000 1.070835 0.986171 0.000000 0 
1354080.000000 1.070835 1354080.000000 1.070835 0.986171 0.000000 0 
1625040.000000 0.864759 1625040.000000 0.864759 0.992304 0.000000 0 
1356000.000000 0.972905 1356000.000000 0.972905 0.995163 0.000000 0 
1586880.000000 0.876092 1586880.000000 0.876092 0.988582 0.000000 0 
1658880.000000 0.862053 1658880.000000 0.862053 0.978673 0.000000 0 
1358400.000000 0.954399 1358400.000000 0.954399 0.976063 0.000000 0 
1334400.000000 1.081979 1334400.000000 1.081979 0.994637 0.000000 0 
1510080.000000 0.890300 1510080.000000 0.890300 0.986321 0.000000 0 
1385040.000000 0.937120 1385040.000000 0.937120 0.994864 0.000000 0 
1376160.000000 0.951950 1376160.000000 0.951950 0.996922 0.000000 0 
1485600.000000 0.898836 1485600.000000 0.898836 0.986301 0.000000 0 
1419840.000000 0.927091 1419840.000000 0.927091 0.982842 0.000000 0 
1655760.000000 0.864092 1655760.000000 0.864092 0.974088 0.000000 0 
1376160.000000 0.951950 1376160.000000 0.951950 0.996922 0.000000 0 
1516800.000000 0.878138 1516800.000000 0.878138 0.984161 0.000000 0 
1463520.000000 0.908509 1463520.000000 0.908509 0.990595 0.000000 0 
1423440.000000 0.918881 1423440.000000 0.918881 0.983144 0.000000 0 
1640160.000000 0.864404 1640160.000000 0.864404 0.999437 0.000000 0 
1466880.000000 0.908060 1466880.000000 0.908060 0.987377 0.000000 0 
1510080.000000 0.890300 1510080.000000 0.890300 0.986321 0.000000 0 
1392960.000000 0.933340 1392960.000000 0.933340 0.999486 0.000000 0 
1317120.000000 1.101618 1317120.000000 1.101618 0.989653 0.000000 0 
1450080.000000 0.911560 1450080.000000 0.911560 0.984975 0.000000 0 
1487520.000000 0.892999 1487520.000000 0.892999 0.988049 0.000000 0 
1433280.000000 0.913260 1433280.000000 0.913260 0.987160 0.000000 0 
1511520.000000 0.883207 1511520.000000 0.883207 0.985757 0.000000 0 
1474080.000000 0.900442 1474080.000000 0.900442 0.998496 0.000000 0 
1590720.000000 0.870741 1590720.000000 0.870741 0.977774 0.000000 0 
1358400.000000 0.954399 1358400.000000 0.954399 0.976063 0.000000 0 
1640160.000000 0.864404 1640160.000000 0.864404 0.999437 0.000000 0 
1516800.000000 0.878138 1516800.000000 0.878138 0.984161 0.000000 0 
1502400.000000 0.892872 1502400.000000 0.892872 0.993574 0.000000 0 
1672080.000000 0.859648 1672080.000000 0.859648 0.994092 0.000000 1 
1697280.000000 0.857539 1697280.000000 0.857539 0.980848 0.000000 1 
1702080.000000 0.856921 1702080.000000 0.856921 0.979674 0.000000 1 
1633920.000000 0.866305 1633920.000000 0.866305 0.981390 0.000000 1 
1630800.000000 0.867261 1630800.000000 0.867261 0.995987 0.000000 1 
1356240.000000 1.069903 1356240.000000 1.069903 0.973322 0.000000 1 
1341360.000000 1.082637 1341360.000000 1.082637 0.997913 0.000000 1 
1341360.000000 1.082637 1341360.000000 1.082637 0.997913 0.000000 1 
1392240.000000 0.952770 1392240.000000 0.952770 0.983715 0.000000 1 
1423440.000000 0.918935 1423440.000000 0.918935 0.983185 0.000000 1 
1471440.000000 0.908994 1471440.000000 0.908994 0.983467 0.000000 1 
1392960.000000 0.933381 1392960.000000 0.933381 0.999613 0.000000 1 
1341120.000000 1.320267 1341120.000000 1.320267 0.986140 0.000000 1 
1458720.000000 0.912129 1458720.000000 0.912129 0.995855 0.000000 1 
1466640.000000 0.911842 1466640.000000 0.911842 0.983214 0.000000 1 
1498800.000000 0.894978 1498800.000000 0.894978 0.985618 0.000000 1 
1491120.000000 0.896430 1491120.000000 0.896430 0.988874 0.000000 1 
1493760.000000 0.895902 1493760.000000 0.895902 0.997188 0.000000 1 
1443840.000000 0.916387 1443840.000000 0.916387 0.976868 0.000000 1 
1452000.000000 0.915928 1452000.000000 0.915928 0.993612 0.000000 1 
1511760.000000 0.887771 1511760.000000 0.887771 0.996095 0.000000 1 
1474560.000000 0.902829 1474560.000000 0.902829 0.980303 0.000000 1 
1474560.000000 0.902829 1474560.000000 0.902829 0.980303 0.000000 1 
1602000.000000 0.871396 1602000.000000 0.871396 0.983611 0.000000 1 
1601280.000000 0.876388 1601280.000000 0.876388 0.976405 0.000000 1 
1366800.000000 0.980215 1366800.000000 0.980215 0.979808 0.000000 1 
1362000.000000 0.992409 1362000.000000 0.992409 0.992255 0.000000 1 
1375680.000000 0.969498 1375680.000000 0.969498 0.999117 0.000000 1 
1362000.000000 0.992409 1362000.000000 0.992409 0.992255 0.000000 1 
1385280.000000 0.959065 1385280.000000 0.959065 0.993879 0.000000 1 
1390320.000000 0.958857 1390320.000000 0.958857 0.989179 0.000000 1 
1575840.000000 0.878296 1575840.000000 0.878296 0.988969 0.000000 1 
1572240.000000 0.880994 1572240.000000 0.880994 0.989460 0.000000 1 
1574160.000000 0.880293 1574160.000000 0.880293 0.997046 0.000000 1 
1555680.000000 0.881462 1555680.000000 0.881462 0.981629 0.000000 1 
1548240.000000 0.884439 1548240.000000 0.884439 0.987829 0.000000 1 
1342560.000000 1.128313 1342560.000000 1.128313 0.996048 0.000000 2 
1853760.000000 0.857080 1853760.000000 0.857080 0.989315 0.000000 2 
1362720.000000 1.070118 1362720.000000 1.070118 0.982442 0.000000 2 
1361280.000000 1.070320 1361280.000000 1.070320 0.973244 0.000000 2 
1353360.000000 1.087076 1353360.000000 1.087076 0.991833 0.000000 2 
1709760.000000 0.859293 1709760.000000 0.859293 0.979414 0.000000 2 
1399920.000000 0.935500 1399920.000000 0.935500 0.996831 0.000000 2 
1781280.000000 0.858510 1781280.000000 0.858510 0.962505 0.000000 2 
1807200.000000 0.857821 1807200.000000 0.857821 0.968339 0.000000 2 
1656000.000000 0.866647 1656000.000000 0.866647 0.999679 0.000000 2 
1515360.000000 0.890914 1515360.000000 0.890914 0.984292 0.000000 2 
1393680.000000 0.936499 1393680.000000 0.936499 0.995076 0.000000 2 
1608240.000000 0.872825 1608240.000000 0.872825 0.977761 0.000000 2 
1444560.000000 0.918253 1444560.000000 0.918253 0.983133 0.000000 2 
1490880.000000 0.905156 1490880.000000 0.905156 0.983179 0.000000 2 
1512000.000000 0.892128 1512000.000000 0.892128 0.985045 0.000000 2 
1621680.000000 0.872459 1621680.000000 0.872459 0.983373 0.000000 2 
1620720.000000 0.872582 1620720.000000 0.872582 0.983539 0.000000 2 
1557120.000000 0.883737 1557120.000000 0.883737 0.988562 0.000000 2 
1478160.000000 0.906366 1478160.000000 0.906366 0.985312 0.000000 2 
1564080.000000 0.882937 1564080.000000 0.882937 0.971706 0.000000 2 
#Generacion: 500 
#Distancia: 247.456768 
1226160.000000 1.023133 1226160.000000 1.023133 0.977984 0.000000 0 
1890000.000000 0.817029 1890000.000000 0.817029 0.994105 0.000000 0 
1230960.000000 1.001437 1230960.000000 1.001437 0.997334 0.000000 0 
1301520.000000 0.935818 1301520.000000 0.935818 0.981580 0.000000 0 
1250880.000000 0.990341 1250880.000000 0.990341 0.988985 0.000000 0 
1297920.000000 0.956320 1297920.000000 0.956320 0.985051 0.000000 0 
1286160.000000 0.957383 1286160.000000 0.957383 0.982735 0.000000 0 
1326960.000000 0.924924 1326960.000000 0.924924 0.983954 0.000000 0 
1267440.000000 0.970366 1267440.000000 0.970366 0.983837 0.000000 0 
1312800.000000 0.935087 1312800.000000 0.935087 0.986259 0.000000 0 
1420560.000000 0.888227 1420560.000000 0.888227 0.988940 0.000000 0 
1412640.000000 0.890399 1412640.000000 0.890399 0.990974 0.000000 0 
1315440.000000 0.925025 1315440.000000 0.925025 0.990056 0.000000 0 
1436400.000000 0.882929 1436400.000000 0.882929 0.997861 0.000000 0 
1789920.000000 0.822071 1789920.000000 0.822071 0.962496 0.000000 0 
1380480.000000 0.901083 1380480.000000 0.901083 0.998213 0.000000 0 
1344240.000000 0.917119 1344240.000000 0.917119 0.988149 0.000000 0 
1281360.000000 0.968939 1281360.000000 0.968939 0.979382 0.000000 0 
1812960.000000 0.821219 1812960.000000 0.821219 0.965807 0.000000 0 
1263840.000000 0.981999 1263840.000000 0.981999 0.987674 0.000000 0 
1775520.000000 0.823371 1775520.000000 0.823371 0.982557 0.000000 0 
1401840.000000 0.897001 1401840.000000 0.897001 0.965890 0.000000 0 
1649520.000000 0.839561 1649520.000000 0.839561 0.992274 0.000000 0 
1374240.000000 0.905716 1374240.000000 0.905716 0.987837 0.000000 0 
1589760.000000 0.850690 1589760.000000 0.850690 0.993379 0.000000 0 
1630800.000000 0.842364 1630800.000000 0.842364 0.998316 0.000000 0 
1619280.000000 0.844096 1619280.000000 0.844096 0.999399 0.000000 0 
1689600.000000 0.835514 1689600.000000 0.835514 0.974993 0.000000 0 
1584720.000000 0.851759 1584720.000000 0.851759 0.967582 0.000000 0 
1397280.000000 0.899697 1397280.000000 0.899697 0.990017 0.000000 0 
1766160.000000 0.827426 1766160.000000 0.827426 0.983951 0.000000 0 
1647600.000000 0.839884 1647600.000000 0.839884 0.981825 0.000000 0 
1523040.000000 0.860002 1523040.000000 0.860002 0.993833 0.000000 0 
1600080.000000 0.845742 1600080.000000 0.845742 0.999437 0.000000 0 
1358160.000000 0.910998 1358160.000000 0.910998 0.990110 0.000000 0 
1812960.000000 0.821219 1812960.000000 0.821219 0.965807 0.000000 0 
1540560.000000 0.857519 1540560.000000 0.857519 0.997380 0.000000 0 
1600080.000000 0.845742 1600080.000000 0.845742 0.999437 0.000000 0 
1717920.000000 0.833073 1717920.000000 0.833073 0.968660 0.000000 0 
1263840.000000 0.981999 1263840.000000 0.981999 0.987674 0.000000 0 
1261680.000000 0.988445 1261680.000000 0.988445 0.999342 0.000000 0 
1350720.000000 0.915126 1350720.000000 0.915126 0.991821 0.000000 0 
1877520.000000 0.818138 1877520.000000 0.818138 0.993632 0.000000 0 
1444320.000000 0.881302 1444320.000000 0.881302 0.993956 0.000000 0 
1568880.000000 0.853285 1568880.000000 0.853285 0.982619 0.000000 0 
1352400.000000 0.912670 1352400.000000 0.912670 0.970974 0.000000 0 
1708560.000000 0.833593 1708560.000000 0.833593 0.960989 0.000000 0 
1499040.000000 0.865376 1499040.000000 0.865376 0.991697 0.000000 0 
1494720.000000 0.870205 1494720.000000 0.870205 0.998761 0.000000 0 
1365600.000000 0.908676 1365600.000000 0.908676 0.995038 0.000000 0 
1277040.000000 0.969898 1277040.000000 0.969898 0.978897 0.000000 0 
1368480.000000 0.908386 1368480.000000 0.908386 0.993779 0.000000 0 
1749600.000000 0.829455 1749600.000000 0.829455 0.972434 0.000000 0 
1763040.000000 0.828783 1763040.000000 0.828783 0.994477 0.000000 0 
1522080.000000 0.860191 1522080.000000 0.860191 0.993117 0.000000 0 
1622880.000000 0.842968 1622880.000000 0.842968 0.999632 0.000000 0 
1540560.000000 0.857519 1540560.000000 0.857519 0.997380 0.000000 0 
1261680.000000 0.988445 1261680.000000 0.988445 0.999342 0.000000 0 
1886160.000000 0.817699 1886160.000000 0.817699 0.992560 0.000000 0 
1513680.000000 0.862444 1513680.000000 0.862444 0.999907 0.000000 0 
1749600.000000 0.829455 1749600.000000 0.829455 0.972434 0.000000 0 
1468320.000000 0.873191 1468320.000000 0.873191 0.998939 0.000000 0 
1702320.000000 0.834465 1702320.000000 0.834465 0.984580 0.000000 0 
1511520.000000 0.863000 1511520.000000 0.863000 0.996536 0.000000 0 
1482480.000000 0.870668 1482480.000000 0.870668 0.999324 0.000000 0 
1494720.000000 0.870205 1494720.000000 0.870205 0.998761 0.000000 0 
1398480.000000 0.897918 1398480.000000 0.897918 0.983033 0.000000 0 
1344240.000000 0.917119 1344240.000000 0.917119 0.988149 0.000000 0 
1297920.000000 0.956320 1297920.000000 0.956320 0.985051 0.000000 0 
1508640.000000 0.865223 1508640.000000 0.865223 0.991820 0.000000 0 
1468320.000000 0.873191 1468320.000000 0.873191 0.998939 0.000000 0 
1476240.000000 0.872160 1476240.000000 0.872160 0.998420 0.000000 0 
1478160.000000 0.871808 1478160.000000 0.871808 0.996759 0.000000 0 
1700160.000000 0.835504 1700160.000000 0.835504 0.973928 0.000000 0 
1877520.000000 0.818138 1877520.000000 0.818138 0.993632 0.000000 0 
1499040.000000 0.865376 1499040.000000 0.865376 0.991697 0.000000 0 
1507680.000000 0.865373 1507680.000000 0.865373 0.991449 0.000000 0 
1482480.000000 0.870668 1482480.000000 0.870668 0.999324 0.000000 0 
1452000.000000 0.881225 1452000.000000 0.881225 0.999116 0.000000 0 
1568880.000000 0.853285 1568880.000000 0.853285 0.982619 0.000000 0 
1764000.000000 0.828414 1764000.000000 0.828414 0.981190 0.000000 0 
1281360.000000 0.968939 1281360.000000 0.968939 0.979382 0.000000 0 
1297920.000000 0.956320 1297920.000000 0.956320 0.985051 0.000000 0 
1700160.000000 0.835504 1700160.000000 0.835504 0.973928 0.000000 0 
1452000.000000 0.881225 1452000.000000 0.881225 0.999116 0.000000 0 
1513680.000000 0.862444 1513680.000000 0.862444 0.999907 0.000000 0 
1476240.000000 0.872160 1476240.000000 0.872160 0.998420 0.000000 0 
1723440.000000 0.830192 1723440.000000 0.830192 0.970205 0.000000 0 
1603680.000000 0.844680 1603680.000000 0.844680 0.999007 0.000000 0 
1453440.000000 0.874447 1453440.000000 0.874447 0.988502 0.000000 0 
1832160.000000 0.819139 1832160.000000 0.819139 0.966633 0.000000 0 
1398240.000000 0.899673 1398240.000000 0.899673 0.990443 0.000000 0 
1429920.000000 0.887218 1429920.000000 0.887218 0.990478 0.000000 0 
1590720.000000 0.850602 1590720.000000 0.850602 0.993579 0.000000 0 
1920960.000000 0.815764 1920960.000000 0.815764 0.985616 0.000000 0 
1508640.000000 0.865223 1508640.000000 0.865223 0.991820 0.000000 0 
1673280.000000 0.836587 1673280.000000 0.836587 0.988011 0.000000 0 
1542240.000000 0.854136 1542240.000000 0.854136 0.997345 0.000000 0 
1854240.000000 0.821035 1854240.000000 0.821035 0.983253 0.000000 1 
1679520.000000 0.838177 1679520.000000 0.838177 0.989065 0.000000 1 
#Generacion: 1000 
#Distancia: 241.932525 
1141440.000000 1.156542 1141440.000000 1.156542 0.996897 0.000000 0 
1155600.000000 1.063603 1155600.000000 1.063603 0.991426 0.000000 0 
1151760.000000 1.136334 1151760.000000 1.136334 0.985039 0.000000 0 
1206720.000000 1.004587 1206720.000000 1.004587 0.996768 0.000000 0 
1149600.000000 1.137279 1149600.000000 1.137279 0.998971 0.000000 0 
1480080.000000 0.856478 1480080.000000 0.856478 0.993244 0.000000 0 
1182480.000000 1.043382 1182480.000000 1.043382 0.980708 0.000000 0 
1247520.000000 0.964756 1247520.000000 0.964756 0.997787 0.000000 0 
1175760.000000 1.055266 1175760.000000 1.055266 0.992341 0.000000 0 
1267680.000000 0.943123 1267680.000000 0.943123 0.996417 0.000000 0 
1502640.000000 0.854548 1502640.000000 0.854548 0.995170 0.000000 0 
1880880.000000 0.812459 1880880.000000 0.812459 0.978391 0.000000 0 
1471920.000000 0.865084 1471920.000000 0.865084 0.993114 0.000000 0 
1761360.000000 0.821021 1761360.000000 0.821021 0.960749 0.000000 0 
1451280.000000 0.869229 1451280.000000 0.869229 0.981996 0.000000 0 
1519680.000000 0.849363 1519680.000000 0.849363 0.978845 0.000000 0 
1601040.000000 0.838638 1601040.000000 0.838638 0.999984 0.000000 0 
1287840.000000 0.926271 1287840.000000 0.926271 0.978103 0.000000 0 
1259520.000000 0.955326 1259520.000000 0.955326 0.984504 0.000000 0 
1408080.000000 0.881345 1408080.000000 0.881345 0.990766 0.000000 0 
1323360.000000 0.911178 1323360.000000 0.911178 0.980752 0.000000 0 
1582080.000000 0.843861 1582080.000000 0.843861 0.997927 0.000000 0 
1434000.000000 0.874038 1434000.000000 0.874038 0.980749 0.000000 0 
1337760.000000 0.904140 1337760.000000 0.904140 0.996214 0.000000 0 
1208880.000000 0.995079 1208880.000000 0.995079 0.999669 0.000000 0 
1631760.000000 0.833594 1631760.000000 0.833594 0.996909 0.000000 0 
1780080.000000 0.820660 1780080.000000 0.820660 0.978101 0.000000 0 
1591920.000000 0.839983 1591920.000000 0.839983 0.995603 0.000000 0 
1285440.000000 0.939813 1285440.000000 0.939813 0.980956 0.000000 0 
1219200.000000 0.983890 1219200.000000 0.983890 0.992138 0.000000 0 
1361760.000000 0.895988 1361760.000000 0.895988 0.993081 0.000000 0 
1287600.000000 0.934295 1287600.000000 0.934295 0.996748 0.000000 0 
1369200.000000 0.891736 1369200.000000 0.891736 0.997752 0.000000 0 
1515360.000000 0.852194 1515360.000000 0.852194 0.992797 0.000000 0 
1217760.000000 0.990481 1217760.000000 0.990481 0.990529 0.000000 0 
1645200.000000 0.832144 1645200.000000 0.832144 0.968398 0.000000 0 
1790640.000000 0.819586 1790640.000000 0.819586 0.977854 0.000000 0 
1867920.000000 0.813122 1867920.000000 0.813122 0.981442 0.000000 0 
1805040.000000 0.818811 1805040.000000 0.818811 0.979756 0.000000 0 
1312800.000000 0.918505 1312800.000000 0.918505 0.996740 0.000000 0 
1167120.000000 1.062011 1167120.000000 1.062011 0.988274 0.000000 0 
1744320.000000 0.823831 1744320.000000 0.823831 0.985389 0.000000 0 
1617600.000000 0.834421 1617600.000000 0.834421 0.976408 0.000000 0 
1673760.000000 0.830545 1673760.000000 0.830545 0.964105 0.000000 0 
1847760.000000 0.815647 1847760.000000 0.815647 0.989784 0.000000 0 
1241520.000000 0.968418 1241520.000000 0.968418 0.977862 0.000000 0 
1854960.000000 0.813776 1854960.000000 0.813776 0.986115 0.000000 0 
1815600.000000 0.818083 1815600.000000 0.818083 0.980454 0.000000 0 
1399440.000000 0.884276 1399440.000000 0.884276 0.994058 0.000000 0 
1728960.000000 0.824280 1728960.000000 0.824280 0.988667 0.000000 0 
1226880.000000 0.981710 1226880.000000 0.981710 0.998528 0.000000 0 
1174800.000000 1.059998 1174800.000000 1.059998 0.984219 0.000000 0 
1307520.000000 0.924556 1307520.000000 0.924556 0.991982 0.000000 0 
1835280.000000 0.816566 1835280.000000 0.816566 0.986734 0.000000 0 
1329840.000000 0.907677 1329840.000000 0.907677 0.994104 0.000000 0 
1306560.000000 0.926224 1306560.000000 0.926224 0.986115 0.000000 0 
1265520.000000 0.950808 1265520.000000 0.950808 0.987776 0.000000 0 
1827120.000000 0.817361 1827120.000000 0.817361 0.981701 0.000000 0 
1235280.000000 0.975895 1235280.000000 0.975895 0.982594 0.000000 0 
1358160.000000 0.899522 1358160.000000 0.899522 0.992360 0.000000 0 
1233600.000000 0.979466 1233600.000000 0.979466 0.997962 0.000000 0 
1433760.000000 0.876345 1433760.000000 0.876345 0.998951 0.000000 0 
1423200.000000 0.878727 1423200.000000 0.878727 0.999576 0.000000 0 
1346160.000000 0.900617 1346160.000000 0.900617 0.995764 0.000000 0 
1462800.000000 0.867383 1462800.000000 0.867383 0.990533 0.000000 0 
1214880.000000 0.994267 1214880.000000 0.994267 0.996493 0.000000 0 
1312800.000000 0.918505 1312800.000000 0.918505 0.996740 0.000000 0 
1657680.000000 0.830635 1657680.000000 0.830635 0.994882 0.000000 0 
1379280.000000 0.890988 1379280.000000 0.890988 0.985292 0.000000 0 
1717920.000000 0.825025 1717920.000000 0.825025 0.990726 0.000000 0 
1392000.000000 0.888435 1392000.000000 0.888435 0.999317 0.000000 0 
1384800.000000 0.890148 1384800.000000 0.890148 0.993931 0.000000 0 
1566720.000000 0.844105 1566720.000000 0.844105 0.999120 0.000000 0 
1395360.000000 0.886638 1395360.000000 0.886638 0.995098 0.000000 0 
1260720.000000 0.954442 1260720.000000 0.954442 0.982862 0.000000 0 
1682880.000000 0.830075 1682880.000000 0.830075 0.979388 0.000000 0 
1740960.000000 0.824063 1740960.000000 0.824063 0.962363 0.000000 0 
1423200.000000 0.878727 1423200.000000 0.878727 0.999576 0.000000 0 
1617600.000000 0.834421 1617600.000000 0.834421 0.976408 0.000000 0 
1655760.000000 0.831345 1655760.000000 0.831345 0.986589 0.000000 0 
1458000.000000 0.867630 1458000.000000 0.867630 0.996392 0.000000 0 
1285680.000000 0.937620 1285680.000000 0.937620 0.981025 0.000000 0 
1565280.000000 0.844616 1565280.000000 0.844616 0.975383 0.000000 0 
1329120.000000 0.910392 1329120.000000 0.910392 0.982354 0.000000 0 
1349280.000000 0.900197 1349280.000000 0.900197 0.993940 0.000000 0 
1239360.000000 0.972241 1239360.000000 0.972241 0.983483 0.000000 0 
1717920.000000 0.825025 1717920.000000 0.825025 0.990726 0.000000 0 
1239360.000000 0.972241 1239360.000000 0.972241 0.983483 0.000000 0 
1683600.000000 0.826170 1683600.000000 0.826170 0.981960 0.000000 0 
1536960.000000 0.847649 1536960.000000 0.847649 0.987130 0.000000 0 
1904880.000000 0.810999 1904880.000000 0.810999 0.961355 0.000000 0 
1566720.000000 0.844105 1566720.000000 0.844105 0.999120 0.000000 0 
1186800.000000 1.005163 1186800.000000 1.005163 0.984889 0.000000 0 
1981440.000000 0.811449 1981440.000000 0.811449 0.980405 0.000000 1 
1909440.000000 0.811908 1909440.000000 0.811908 0.980014 0.000000 1 
1203360.000000 1.028246 1203360.000000 1.028246 0.986865 0.000000 1 
1196880.000000 1.042998 1196880.000000 1.042998 0.981517 0.000000 1 
1198560.000000 1.030314 1198560.000000 1.030314 0.986127 0.000000 1 
1547760.000000 0.849359 1547760.000000 0.849359 0.991989 0.000000 1 
1605120.000000 0.841351 1605120.000000 0.841351 0.991943 0.000000 1 
#Generacion: 1500 
#Distancia: 265.064242 
1118640.000000 1.075149 1118640.000000 1.075149 0.991136 0.000000 0 
1941360.000000 0.803103 1941360.000000 0.803103 0.993446 0.000000 0 
1163520.000000 1.026694 1163520.000000 1.026694 0.989311 0.000000 0 
1218240.000000 0.966034 1218240.000000 0.966034 0.971724 0.000000 0 
1163040.000000 1.047643 1163040.000000 1.047643 0.992704 0.000000 0 
1127520.000000 1.061905 1127520.000000 1.061905 0.996584 0.000000 0 
1221840.000000 0.947940 1221840.000000 0.947940 0.993315 0.000000 0 
1586400.000000 0.833816 1586400.000000 0.833816 0.977095 0.000000 0 
1764960.000000 0.814334 1764960.000000 0.814334 0.971338 0.000000 0 
1171440.000000 1.012645 1171440.000000 1.012645 0.996932 0.000000 0 
1265520.000000 0.917225 1265520.000000 0.917225 0.995712 0.000000 0 
1898880.000000 0.804960 1898880.000000 0.804960 0.988465 0.000000 0 
1231920.000000 0.935833 1231920.000000 0.935833 0.985339 0.000000 0 
1717440.000000 0.814770 1717440.000000 0.814770 0.991484 0.000000 0 
1826880.000000 0.808934 1826880.000000 0.808934 0.991758 0.000000 0 
1145760.000000 1.061431 1145760.000000 1.061431 0.998061 0.000000 0 
1231440.000000 0.947829 1231440.000000 0.947829 0.992097 0.000000 0 
1317120.000000 0.900628 1317120.000000 0.900628 0.994430 0.000000 0 
1867200.000000 0.805675 1867200.000000 0.805675 0.993103 0.000000 0 
1184400.000000 0.999962 1184400.000000 0.999962 0.991069 0.000000 0 
1314480.000000 0.910423 1314480.000000 0.910423 0.984736 0.000000 0 
1624320.000000 0.832969 1624320.000000 0.832969 0.953912 0.000000 0 
1200240.000000 0.971688 1200240.000000 0.971688 0.988912 0.000000 0 
1193040.000000 0.990888 1193040.000000 0.990888 0.989243 0.000000 0 
1254480.000000 0.927429 1254480.000000 0.927429 0.985116 0.000000 0 
1535520.000000 0.842773 1535520.000000 0.842773 0.994958 0.000000 0 
1198080.000000 0.990601 1198080.000000 0.990601 0.973251 0.000000 0 
1643760.000000 0.832160 1643760.000000 0.832160 0.972520 0.000000 0 
1698000.000000 0.819121 1698000.000000 0.819121 0.994983 0.000000 0 
1788240.000000 0.809007 1788240.000000 0.809007 0.978319 0.000000 0 
1450560.000000 0.861854 1450560.000000 0.861854 0.983839 0.000000 0 
1147440.000000 1.052976 1147440.000000 1.052976 0.997597 0.000000 0 
1404240.000000 0.877818 1404240.000000 0.877818 0.992582 0.000000 0 
1207920.000000 0.968444 1207920.000000 0.968444 0.991547 0.000000 0 
1410240.000000 0.873185 1410240.000000 0.873185 0.965685 0.000000 0 
1199760.000000 0.979904 1199760.000000 0.979904 0.986895 0.000000 0 
1644240.000000 0.825500 1644240.000000 0.825500 0.983368 0.000000 0 
1299840.000000 0.913821 1299840.000000 0.913821 0.994790 0.000000 0 
1426080.000000 0.867716 1426080.000000 0.867716 0.978063 0.000000 0 
1498320.000000 0.853133 1498320.000000 0.853133 0.996627 0.000000 0 
1518240.000000 0.847547 1518240.000000 0.847547 0.990816 0.000000 0 
1578480.000000 0.839056 1578480.000000 0.839056 0.943938 0.000000 0 
1710480.000000 0.818542 1710480.000000 0.818542 0.989131 0.000000 0 
1858560.000000 0.806665 1858560.000000 0.806665 0.993928 0.000000 0 
1181760.000000 1.006705 1181760.000000 1.006705 0.997667 0.000000 0 
1333440.000000 0.897491 1333440.000000 0.897491 0.980440 0.000000 0 
1367520.000000 0.889762 1367520.000000 0.889762 0.986093 0.000000 0 
1915440.000000 0.803902 1915440.000000 0.803902 0.996156 0.000000 0 
1180080.000000 1.011073 1180080.000000 1.011073 0.986661 0.000000 0 
1839840.000000 0.806890 1839840.000000 0.806890 0.979893 0.000000 0 
1506000.000000 0.850373 1506000.000000 0.850373 0.983436 0.000000 0 
1468560.000000 0.860848 1468560.000000 0.860848 0.990164 0.000000 0 
1284480.000000 0.915126 1284480.000000 0.915126 0.983665 0.000000 0 
1398000.000000 0.881046 1398000.000000 0.881046 0.987880 0.000000 0 
1656480.000000 0.825308 1656480.000000 0.825308 0.969156 0.000000 0 
1254000.000000 0.931426 1254000.000000 0.931426 0.993796 0.000000 0 
1157040.000000 1.052840 1157040.000000 1.052840 0.994238 0.000000 0 
1329120.000000 0.900095 1329120.000000 0.900095 0.986857 0.000000 0 
1574880.000000 0.840475 1574880.000000 0.840475 0.999968 0.000000 0 
1435920.000000 0.864585 1435920.000000 0.864585 0.980486 0.000000 0 
1199760.000000 0.979904 1199760.000000 0.979904 0.986895 0.000000 0 
1279680.000000 0.916150 1279680.000000 0.916150 0.992028 0.000000 0 
1689360.000000 0.824630 1689360.000000 0.824630 0.989733 0.000000 0 
1306320.000000 0.911374 1306320.000000 0.911374 0.996345 0.000000 0 
1775760.000000 0.811062 1775760.000000 0.811062 0.980525 0.000000 0 
1544160.000000 0.842760 1544160.000000 0.842760 0.994956 0.000000 0 
1183680.000000 1.002230 1183680.000000 1.002230 0.985559 0.000000 0 
1439040.000000 0.863620 1439040.000000 0.863620 0.971685 0.000000 0 
1358160.000000 0.892334 1358160.000000 0.892334 0.999838 0.000000 0 
1562400.000000 0.842144 1562400.000000 0.842144 0.999254 0.000000 0 
1624800.000000 0.832245 1624800.000000 0.832245 0.972192 0.000000 0 
1158000.000000 1.047715 1158000.000000 1.047715 0.992305 0.000000 0 
1240320.000000 0.933732 1240320.000000 0.933732 0.970995 0.000000 0 
1355040.000000 0.893080 1355040.000000 0.893080 0.989194 0.000000 0 
1674000.000000 0.824824 1674000.000000 0.824824 0.974230 0.000000 0 
1479120.000000 0.856409 1479120.000000 0.856409 0.999225 0.000000 0 
1513920.000000 0.849077 1513920.000000 0.849077 0.991458 0.000000 0 
1773120.000000 0.812082 1773120.000000 0.812082 0.984235 0.000000 0 
1244880.000000 0.933020 1244880.000000 0.933020 0.974060 0.000000 0 
1375920.000000 0.888800 1375920.000000 0.888800 0.990153 0.000000 0 
1558080.000000 0.842364 1558080.000000 0.842364 0.998942 0.000000 0 
1915440.000000 0.803902 1915440.000000 0.803902 0.996156 0.000000 0 
1417440.000000 0.870777 1417440.000000 0.870777 0.993845 0.000000 0 
1835280.000000 0.808249 1835280.000000 0.808249 0.988134 0.000000 0 
1393920.000000 0.883384 1393920.000000 0.883384 0.994329 0.000000 0 
1670160.000000 0.825304 1670160.000000 0.825304 0.981502 0.000000 0 
1339200.000000 0.893569 1339200.000000 0.893569 0.989286 0.000000 0 
1788240.000000 0.809007 1788240.000000 0.809007 0.978319 0.000000 0 
1716720.000000 0.814890 1716720.000000 0.814890 0.988774 0.000000 0 
1392480.000000 0.885499 1392480.000000 0.885499 0.988929 0.000000 0 
1422000.000000 0.870729 1422000.000000 0.870729 0.985759 0.000000 0 
1474080.000000 0.857223 1474080.000000 0.857223 0.990574 0.000000 0 
1384080.000000 0.886096 1384080.000000 0.886096 0.981720 0.000000 0 
1340160.000000 0.893436 1340160.000000 0.893436 0.989623 0.000000 0 
1473840.000000 0.860506 1473840.000000 0.860506 0.979553 0.000000 0 
1378320.000000 0.886596 1378320.000000 0.886596 0.976186 0.000000 0 
1689360.000000 0.824630 1689360.000000 0.824630 0.989733 0.000000 0 
1489200.000000 0.855314 1489200.000000 0.855314 0.995302 0.000000 0 
1489200.000000 0.855314 1489200.000000 0.855314 0.995302 0.000000 0 
1254480.000000 0.927429 1254480.000000 0.927429 0.985116 0.000000 0 
#Generacion: 2000 
#Distancia: 262.918990 
1095120.000000 1.304054 1095120.000000 1.304054 0.993752 0.000000 0 
1995120.000000 0.798468 1995120.000000 0.798468 0.988811 0.000000 0 
1111440.000000 1.074255 1111440.000000 1.074255 0.992585 0.000000 0 
1109520.000000 1.302534 1109520.000000 1.302534 0.993211 0.000000 0 
1831920.000000 0.805539 1831920.000000 0.805539 0.988255 0.000000 0 
1470960.000000 0.852474 1470960.000000 0.852474 0.998939 0.000000 0 
1911840.000000 0.803256 1911840.000000 0.803256 0.993935 0.000000 0 
1133280.000000 1.058575 1133280.000000 1.058575 0.998160 0.000000 0 
1958640.000000 0.800545 1958640.000000 0.800545 0.991384 0.000000 0 
1488480.000000 0.849627 1488480.000000 0.849627 0.982501 0.000000 0 
1785840.000000 0.805849 1785840.000000 0.805849 0.996879 0.000000 0 
1447440.000000 0.858585 1447440.000000 0.858585 0.978925 0.000000 0 
1712640.000000 0.817501 1712640.000000 0.817501 0.999115 0.000000 0 
1872720.000000 0.803490 1872720.000000 0.803490 0.999679 0.000000 0 
1593840.000000 0.828991 1593840.000000 0.828991 0.978904 0.000000 0 
1223520.000000 0.946927 1223520.000000 0.946927 0.972585 0.000000 0 
1681680.000000 0.817581 1681680.000000 0.817581 0.972524 0.000000 0 
1537440.000000 0.842854 1537440.000000 0.842854 0.995383 0.000000 0 
1134000.000000 1.041792 1134000.000000 1.041792 0.997770 0.000000 0 
1231920.000000 0.935833 1231920.000000 0.935833 0.985339 0.000000 0 
1380480.000000 0.873982 1380480.000000 0.873982 0.991561 0.000000 0 
1141920.000000 1.041174 1141920.000000 1.041174 0.998296 0.000000 0 
1143600.000000 1.026059 1143600.000000 1.026059 0.997909 0.000000 0 
1613280.000000 0.826184 1613280.000000 0.826184 0.989907 0.000000 0 
1511040.000000 0.847856 1511040.000000 0.847856 0.998811 0.000000 0 
1515360.000000 0.844660 1515360.000000 0.844660 0.986769 0.000000 0 
1642560.000000 0.823146 1642560.000000 0.823146 0.984105 0.000000 0 
1351680.000000 0.888587 1351680.000000 0.888587 0.982364 0.000000 0 
1191120.000000 0.969185 1191120.000000 0.969185 0.998638 0.000000 0 
1160880.000000 1.010140 1160880.000000 1.010140 0.980862 0.000000 0 
1177200.000000 0.993895 1177200.000000 0.993895 0.988773 0.000000 0 
1265520.000000 0.917225 1265520.000000 0.917225 0.995712 0.000000 0 
1180080.000000 0.987092 1180080.000000 0.987092 0.972388 0.000000 0 
1934880.000000 0.801502 1934880.000000 0.801502 0.999449 0.000000 0 
1356480.000000 0.881907 1356480.000000 0.881907 0.993188 0.000000 0 
1416480.000000 0.870757 1416480.000000 0.870757 0.993663 0.000000 0 
1275120.000000 0.913241 1275120.000000 0.913241 0.994081 0.000000 0 
1199760.000000 0.966836 1199760.000000 0.966836 0.997212 0.000000 0 
1737600.000000 0.813540 1737600.000000 0.813540 0.982074 0.000000 0 
1852560.000000 0.805364 1852560.000000 0.805364 0.974172 0.000000 0 
1542720.000000 0.836865 1542720.000000 0.836865 0.988184 0.000000 0 
1211280.000000 0.955151 1211280.000000 0.955151 0.973917 0.000000 0 
1283760.000000 0.910606 1283760.000000 0.910606 0.965881 0.000000 0 
1652400.000000 0.820947 1652400.000000 0.820947 0.979602 0.000000 0 
1219920.000000 0.952964 1219920.000000 0.952964 0.988984 0.000000 0 
1240560.000000 0.934246 1240560.000000 0.934246 0.985387 0.000000 0 
1169040.000000 1.008875 1169040.000000 1.008875 0.977678 0.000000 0 
1189440.000000 0.979621 1189440.000000 0.979621 0.972984 0.000000 0 
1400400.000000 0.873404 1400400.000000 0.873404 0.994545 0.000000 0 
1922880.000000 0.803113 1922880.000000 0.803113 0.992773 0.000000 0 
1325040.000000 0.895505 1325040.000000 0.895505 0.966326 0.000000 0 
1251120.000000 0.931576 1251120.000000 0.931576 0.997515 0.000000 0 
1113120.000000 1.067502 1113120.000000 1.067502 0.993708 0.000000 0 
1950000.000000 0.800864 1950000.000000 0.800864 0.990250 0.000000 0 
1254480.000000 0.927429 1254480.000000 0.927429 0.985116 0.000000 0 
1663440.000000 0.819628 1663440.000000 0.819628 0.982261 0.000000 0 
1613040.000000 0.827006 1613040.000000 0.827006 0.977797 0.000000 0 
1125600.000000 1.064877 1125600.000000 1.064877 0.992689 0.000000 0 
1373040.000000 0.879848 1373040.000000 0.879848 0.997942 0.000000 0 
1871760.000000 0.805160 1871760.000000 0.805160 0.974325 0.000000 0 
1149120.000000 1.024450 1149120.000000 1.024450 0.993998 0.000000 0 
1316880.000000 0.901497 1316880.000000 0.901497 0.993374 0.000000 0 
1292640.000000 0.907647 1292640.000000 0.907647 0.992537 0.000000 0 
1155360.000000 1.019500 1155360.000000 1.019500 0.984930 0.000000 0 
1187760.000000 0.982162 1187760.000000 0.982162 0.988776 0.000000 0 
1566000.000000 0.833497 1566000.000000 0.833497 0.959189 0.000000 0 
1769280.000000 0.809388 1769280.000000 0.809388 0.989394 0.000000 0 
1336320.000000 0.891343 1336320.000000 0.891343 0.985285 0.000000 0 
1755360.000000 0.813302 1755360.000000 0.813302 0.977916 0.000000 0 
1553520.000000 0.835827 1553520.000000 0.835827 0.979556 0.000000 0 
1673040.000000 0.818795 1673040.000000 0.818795 0.972612 0.000000 0 
1774560.000000 0.809207 1774560.000000 0.809207 0.997354 0.000000 0 
1435920.000000 0.864072 1435920.000000 0.864072 0.979670 0.000000 0 
1443840.000000 0.862832 1443840.000000 0.862832 0.989525 0.000000 0 
1843200.000000 0.805399 1843200.000000 0.805399 0.974251 0.000000 0 
1755600.000000 0.811198 1755600.000000 0.811198 0.992381 0.000000 0 
1721040.000000 0.814632 1721040.000000 0.814632 0.985313 0.000000 0 
1404240.000000 0.872557 1404240.000000 0.872557 0.978555 0.000000 0 
1578240.000000 0.831841 1578240.000000 0.831841 0.980968 0.000000 0 
1337040.000000 0.889736 1337040.000000 0.889736 0.986220 0.000000 0 
1370160.000000 0.881491 1370160.000000 0.881491 0.996128 0.000000 0 
1426080.000000 0.867716 1426080.000000 0.867716 0.978063 0.000000 0 
1305360.000000 0.901623 1305360.000000 0.901623 0.987447 0.000000 0 
1319040.000000 0.896291 1319040.000000 0.896291 0.982348 0.000000 0 
1172640.000000 1.000975 1172640.000000 1.000975 0.996044 0.000000 0 
1727520.000000 0.814128 1727520.000000 0.814128 0.987589 0.000000 0 
1171680.000000 1.001284 1171680.000000 1.001284 0.997144 0.000000 0 
1784880.000000 0.806120 1784880.000000 0.806120 0.996457 0.000000 0 
1120800.000000 1.064999 1120800.000000 1.064999 0.995090 0.000000 0 
1100880.000000 1.302969 1100880.000000 1.302969 0.993386 0.000000 0 
1203600.000000 0.959523 1203600.000000 0.959523 0.999896 0.000000 0 
1561920.000000 0.835352 1561920.000000 0.835352 0.983668 0.000000 0 
1430400.000000 0.867266 1430400.000000 0.867266 0.990382 0.000000 0 
1301280.000000 0.907568 1301280.000000 0.907568 0.996085 0.000000 0 
1203600.000000 0.959523 1203600.000000 0.959523 0.999896 0.000000 0 
1578240.000000 0.831841 1578240.000000 0.831841 0.980968 0.000000 0 
1254960.000000 0.919671 1254960.000000 0.919671 0.991996 0.000000 0 
1303920.000000 0.905232 1303920.000000 0.905232 0.989700 0.000000 0 
1155360.000000 1.019500 1155360.000000 1.019500 0.984930 0.000000 0 
1254960.000000 0.919671 1254960.000000 0.919671 0.991996 0.000000 0 
#Generacion: 2500 
#Distancia: 283.659394 
1051200.000000 1.575086 1051200.000000 1.575086 0.991605 0.000000 0 
2036400.000000 0.794769 2036400.000000 0.794769 0.994072 0.000000 0 
1091520.000000 1.564954 1091520.000000 1.564954 0.996198 0.000000 0 
1095120.000000 1.304054 1095120.000000 1.304054 0.993752 0.000000 0 
1095120.000000 1.304054 1095120.000000 1.304054 0.993752 0.000000 0 
1100640.000000 1.157380 1100640.000000 1.157380 0.993495 0.000000 0 
1913040.000000 0.798837 1913040.000000 0.798837 0.994789 0.000000 0 
1782720.000000 0.800085 1782720.000000 0.800085 0.998249 0.000000 0 
1110240.000000 1.073203 1110240.000000 1.073203 0.999960 0.000000 0 
1108560.000000 1.144672 1108560.000000 1.144672 0.989337 0.000000 0 
1927200.000000 0.797669 1927200.000000 0.797669 0.998381 0.000000 0 
1999920.000000 0.797406 1999920.000000 0.797406 0.994571 0.000000 0 
1679040.000000 0.813064 1679040.000000 0.813064 0.995587 0.000000 0 
1637760.000000 0.814393 1637760.000000 0.814393 0.991173 0.000000 0 
1425120.000000 0.866860 1425120.000000 0.866860 0.991068 0.000000 0 
2009280.000000 0.797022 2009280.000000 0.797022 0.993897 0.000000 0 
1180560.000000 0.971847 1180560.000000 0.971847 0.994733 0.000000 0 
1760640.000000 0.804044 1760640.000000 0.804044 0.999338 0.000000 0 
1175280.000000 0.986902 1175280.000000 0.986902 0.985889 0.000000 0 
1396080.000000 0.867428 1396080.000000 0.867428 0.979618 0.000000 0 
1072080.000000 1.569382 1072080.000000 1.569382 0.997752 0.000000 0 
1221120.000000 0.938573 1221120.000000 0.938573 0.993997 0.000000 0 
1131120.000000 1.053464 1131120.000000 1.053464 0.991839 0.000000 0 
1120800.000000 1.064999 1120800.000000 1.064999 0.995090 0.000000 0 
1191120.000000 0.969185 1191120.000000 0.969185 0.998638 0.000000 0 
1425600.000000 0.856912 1425600.000000 0.856912 0.989684 0.000000 0 
1442400.000000 0.855187 1442400.000000 0.855187 0.994104 0.000000 0 
1720080.000000 0.806553 1720080.000000 0.806553 0.997123 0.000000 0 
1218000.000000 0.954874 1218000.000000 0.954874 0.975194 0.000000 0 
1345680.000000 0.883301 1345680.000000 0.883301 0.988977 0.000000 0 
2036400.000000 0.794769 2036400.000000 0.794769 0.994072 0.000000 0 
1488480.000000 0.843305 1488480.000000 0.843305 0.996839 0.000000 0 
1141680.000000 1.026178 1141680.000000 1.026178 0.990009 0.000000 0 
1551840.000000 0.832352 1551840.000000 0.832352 0.975770 0.000000 0 
1563360.000000 0.831059 1563360.000000 0.831059 0.985345 0.000000 0 
1372800.000000 0.873648 1372800.000000 0.873648 0.991572 0.000000 0 
1691520.000000 0.808521 1691520.000000 0.808521 0.996733 0.000000 0 
1504560.000000 0.842061 1504560.000000 0.842061 0.990030 0.000000 0 
1782720.000000 0.800085 1782720.000000 0.800085 0.998249 0.000000 0 
1451760.000000 0.852432 1451760.000000 0.852432 0.999656 0.000000 0 
1194480.000000 0.957430 1194480.000000 0.957430 0.996810 0.000000 0 
1366080.000000 0.879159 1366080.000000 0.879159 0.991067 0.000000 0 
1728720.000000 0.806335 1728720.000000 0.806335 0.997222 0.000000 0 
1379760.000000 0.868338 1379760.000000 0.868338 0.993572 0.000000 0 
1585920.000000 0.824900 1585920.000000 0.824900 0.989147 0.000000 0 
1270560.000000 0.909695 1270560.000000 0.909695 0.999797 0.000000 0 
1356480.000000 0.881907 1356480.000000 0.881907 0.993188 0.000000 0 
1329360.000000 0.884229 1329360.000000 0.884229 0.999866 0.000000 0 
1311840.000000 0.895752 1311840.000000 0.895752 0.998189 0.000000 0 
1077120.000000 1.568285 1077120.000000 1.568285 0.997442 0.000000 0 
1601280.000000 0.824288 1601280.000000 0.824288 0.972572 0.000000 0 
1124400.000000 1.058251 1124400.000000 1.058251 0.992983 0.000000 0 
1295040.000000 0.901699 1295040.000000 0.901699 0.979684 0.000000 0 
1132560.000000 1.038366 1132560.000000 1.038366 0.992613 0.000000 0 
1148880.000000 1.018611 1148880.000000 1.018611 0.989823 0.000000 0 
1300320.000000 0.897946 1300320.000000 0.897946 0.997328 0.000000 0 
1100640.000000 1.157380 1100640.000000 1.157380 0.993495 0.000000 0 
1108560.000000 1.144672 1108560.000000 1.144672 0.989337 0.000000 0 
1320720.000000 0.894277 1320720.000000 0.894277 0.987052 0.000000 0 
1539120.000000 0.833975 1539120.000000 0.833975 0.987488 0.000000 0 
1609920.000000 0.824092 1609920.000000 0.824092 0.972211 0.000000 0 
1247520.000000 0.923259 1247520.000000 0.923259 0.993297 0.000000 0 
1464240.000000 0.851060 1464240.000000 0.851060 0.987994 0.000000 0 
1622400.000000 0.822424 1622400.000000 0.822424 0.976741 0.000000 0 
1699200.000000 0.807461 1699200.000000 0.807461 0.995988 0.000000 0 
1156080.000000 1.009132 1156080.000000 1.009132 0.997173 0.000000 0 
1327680.000000 0.889317 1327680.000000 0.889317 0.991285 0.000000 0 
1238880.000000 0.925463 1238880.000000 0.925463 0.987248 0.000000 0 
1254960.000000 0.919671 1254960.000000 0.919671 0.991996 0.000000 0 
1479120.000000 0.844592 1479120.000000 0.844592 0.999335 0.000000 0 
1132560.000000 1.038366 1132560.000000 1.038366 0.992613 0.000000 0 
1158960.000000 1.000463 1158960.000000 1.000463 0.989708 0.000000 0 
1571520.000000 0.826101 1571520.000000 0.826101 0.980617 0.000000 0 
1522800.000000 0.835898 1522800.000000 0.835898 0.995379 0.000000 0 
1285440.000000 0.908169 1285440.000000 0.908169 0.992606 0.000000 0 
1201680.000000 0.956354 1201680.000000 0.956354 0.995708 0.000000 0 
1266720.000000 0.913820 1266720.000000 0.913820 0.993054 0.000000 0 
1238400.000000 0.932709 1238400.000000 0.932709 0.991189 0.000000 0 
1151040.000000 1.011390 1151040.000000 1.011390 0.999586 0.000000 0 
1263600.000000 0.919559 1263600.000000 0.919559 0.996358 0.000000 0 
1532400.000000 0.835699 1532400.000000 0.835699 0.994239 0.000000 0 
1091520.000000 1.564954 1091520.000000 1.564954 0.996198 0.000000 0 
1211280.000000 0.955151 1211280.000000 0.955151 0.973917 0.000000 0 
1631280.000000 0.817570 1631280.000000 0.817570 0.992808 0.000000 0 
1285680.000000 0.905777 1285680.000000 0.905777 0.979222 0.000000 0 
1170000.000000 0.991636 1170000.000000 0.991636 0.981714 0.000000 0 
1391760.000000 0.867799 1391760.000000 0.867799 0.997598 0.000000 0 
1751040.000000 0.804115 1751040.000000 0.804115 0.998962 0.000000 0 
1143360.000000 1.024626 1143360.000000 1.024626 0.991319 0.000000 0 
1516080.000000 0.838694 1516080.000000 0.838694 0.985252 0.000000 0 
1744320.000000 0.804637 1744320.000000 0.804637 0.996385 0.000000 0 
1163040.000000 0.998501 1163040.000000 0.998501 0.981492 0.000000 0 
1577280.000000 0.826081 1577280.000000 0.826081 0.973930 0.000000 0 
1512960.000000 0.841169 1512960.000000 0.841169 0.987975 0.000000 0 
1918080.000000 0.798741 1918080.000000 0.798741 0.996215 0.000000 0 
1168800.000000 0.995640 1168800.000000 0.995640 0.978391 0.000000 0 
1226880.000000 0.935281 1226880.000000 0.935281 0.990457 0.000000 0 
1626240.000000 0.819525 1626240.000000 0.819525 0.975633 0.000000 0 
1231920.000000 0.935209 1231920.000000 0.935209 0.995939 0.000000 0 
1475760.000000 0.849514 1475760.000000 0.849514 0.992824 0.000000 0 
#Generacion: 3000 
#Distancia: 288.398788 
2030880.000000 0.790027 2030880.000000 0.790027 0.994619 0.000000 0 
1023840.000000 1.837576 1023840.000000 1.837576 0.998841 0.000000 0 
1031280.000000 1.582346 1031280.000000 1.582346 0.986359 0.000000 0 
1061280.000000 1.190657 1061280.000000 1.190657 0.992613 0.000000 0 
1087440.000000 1.093460 1087440.000000 1.093460 0.982152 0.000000 0 
1061280.000000 1.190657 1061280.000000 1.190657 0.992613 0.000000 0 
1881840.000000 0.795645 1881840.000000 0.795645 0.993024 0.000000 0 
1931280.000000 0.794685 1931280.000000 0.794685 0.990410 0.000000 0 
1843920.000000 0.795813 1843920.000000 0.795813 0.995876 0.000000 0 
1971360.000000 0.793012 1971360.000000 0.793012 0.997419 0.000000 0 
1251360.000000 0.919307 1251360.000000 0.919307 0.985153 0.000000 0 
1309440.000000 0.886516 1309440.000000 0.886516 0.979052 0.000000 0 
1096320.000000 1.064352 1096320.000000 1.064352 0.983480 0.000000 0 
1133280.000000 1.001542 1133280.000000 1.001542 0.995938 0.000000 0 
1936800.000000 0.793967 1936800.000000 0.793967 0.991215 0.000000 0 
1226160.000000 0.923997 1226160.000000 0.923997 0.993454 0.000000 0 
1331760.000000 0.877991 1331760.000000 0.877991 0.977482 0.000000 0 
1753200.000000 0.801655 1753200.000000 0.801655 0.997525 0.000000 0 
1133040.000000 1.028539 1133040.000000 1.028539 0.989518 0.000000 0 
1255200.000000 0.907517 1255200.000000 0.907517 0.999628 0.000000 0 
1412640.000000 0.857484 1412640.000000 0.857484 0.990879 0.000000 0 
1356720.000000 0.876164 1356720.000000 0.876164 0.983053 0.000000 0 
1447440.000000 0.848690 1447440.000000 0.848690 0.976687 0.000000 0 
1390080.000000 0.860755 1390080.000000 0.860755 0.987160 0.000000 0 
2000160.000000 0.790728 2000160.000000 0.790728 0.996329 0.000000 0 
1683360.000000 0.808740 1683360.000000 0.808740 0.997115 0.000000 0 
1982880.000000 0.791670 1982880.000000 0.791670 0.996863 0.000000 0 
1104960.000000 1.051898 1104960.000000 1.051898 0.983757 0.000000 0 
1719360.000000 0.805826 1719360.000000 0.805826 0.997344 0.000000 0 
1524480.000000 0.833991 1524480.000000 0.833991 0.985197 0.000000 0 
1367040.000000 0.869420 1367040.000000 0.869420 0.993000 0.000000 0 
1513680.000000 0.835723 1513680.000000 0.835723 0.983293 0.000000 0 
1189920.000000 0.959671 1189920.000000 0.959671 0.987134 0.000000 0 
1629840.000000 0.816503 1629840.000000 0.816503 0.990416 0.000000 0 
1215120.000000 0.935593 1215120.000000 0.935593 0.999117 0.000000 0 
1157520.000000 0.989483 1157520.000000 0.989483 0.982763 0.000000 0 
1827360.000000 0.796933 1827360.000000 0.796933 0.994718 0.000000 0 
1607760.000000 0.820864 1607760.000000 0.820864 0.997404 0.000000 0 
1338960.000000 0.876884 1338960.000000 0.876884 0.976716 0.000000 0 
1273200.000000 0.904381 1273200.000000 0.904381 0.991283 0.000000 0 
1113600.000000 1.043733 1113600.000000 1.043733 0.974084 0.000000 0 
1699200.000000 0.807461 1699200.000000 0.807461 0.995988 0.000000 0 
1621200.000000 0.820102 1621200.000000 0.820102 0.987651 0.000000 0 
1584000.000000 0.822942 1584000.000000 0.822942 0.981635 0.000000 0 
1596720.000000 0.822496 1596720.000000 0.822496 0.999021 0.000000 0 
1195920.000000 0.949345 1195920.000000 0.949345 0.987419 0.000000 0 
1285920.000000 0.893609 1285920.000000 0.893609 0.986602 0.000000 0 
1177680.000000 0.969290 1177680.000000 0.969290 0.998386 0.000000 0 
1556160.000000 0.828502 1556160.000000 0.828502 0.988838 0.000000 0 
1771200.000000 0.801632 1771200.000000 0.801632 0.998365 0.000000 0 
1377600.000000 0.867713 1377600.000000 0.867713 0.982739 0.000000 0 
1662480.000000 0.811391 1662480.000000 0.811391 0.992486 0.000000 0 
1439760.000000 0.852666 1439760.000000 0.852666 0.992983 0.000000 0 
1125840.000000 1.033551 1125840.000000 1.033551 0.987496 0.000000 0 
1034640.000000 1.569069 1034640.000000 1.569069 0.993557 0.000000 0 
1165680.000000 0.978744 1165680.000000 0.978744 0.987063 0.000000 0 
1671120.000000 0.810698 1671120.000000 0.810698 0.992432 0.000000 0 
1274400.000000 0.899867 1274400.000000 0.899867 0.991285 0.000000 0 
1297920.000000 0.889075 1297920.000000 0.889075 0.985202 0.000000 0 
1500240.000000 0.838231 1500240.000000 0.838231 0.989003 0.000000 0 
1217520.000000 0.926431 1217520.000000 0.926431 0.986722 0.000000 0 
1800240.000000 0.799148 1800240.000000 0.799148 0.997189 0.000000 0 
1120320.000000 1.040416 1120320.000000 1.040416 0.983205 0.000000 0 
1643280.000000 0.813774 1643280.000000 0.813774 0.993142 0.000000 0 
1707840.000000 0.806823 1707840.000000 0.806823 0.996099 0.000000 0 
1429200.000000 0.854905 1429200.000000 0.854905 0.989051 0.000000 0 
1647600.000000 0.812201 1647600.000000 0.812201 0.996026 0.000000 0 
1573440.000000 0.825184 1573440.000000 0.825184 0.984611 0.000000 0 
1495680.000000 0.840298 1495680.000000 0.840298 0.957134 0.000000 0 
1176720.000000 0.972418 1176720.000000 0.972418 0.993778 0.000000 0 
1733760.000000 0.802994 1733760.000000 0.802994 0.995564 0.000000 0 
1103040.000000 1.064196 1103040.000000 1.064196 0.983704 0.000000 0 
1148160.000000 1.000564 1148160.000000 1.000564 0.994075 0.000000 0 
1537920.000000 0.830608 1537920.000000 0.830608 0.992455 0.000000 0 
1151760.000000 0.999386 1151760.000000 0.999386 0.991509 0.000000 0 
1810560.000000 0.798293 1810560.000000 0.798293 0.996933 0.000000 0 
1386240.000000 0.863418 1386240.000000 0.863418 0.986658 0.000000 0 
1420560.000000 0.855060 1420560.000000 0.855060 0.992285 0.000000 0 
1164240.000000 0.984236 1164240.000000 0.984236 0.986693 0.000000 0 
1789920.000000 0.799811 1789920.000000 0.799811 0.998098 0.000000 0 
2000160.000000 0.790728 2000160.000000 0.790728 0.996329 0.000000 0 
1818480.000000 0.797471 1818480.000000 0.797471 0.998529 0.000000 0 
1733760.000000 0.802994 1733760.000000 0.802994 0.995564 0.000000 0 
1537920.000000 0.830608 1537920.000000 0.830608 0.992455 0.000000 0 
1293600.000000 0.893356 1293600.000000 0.893356 0.986116 0.000000 0 
1211280.000000 0.948342 1211280.000000 0.948342 0.979225 0.000000 0 
1211280.000000 0.948342 1211280.000000 0.948342 0.979225 0.000000 0 
1194480.000000 0.957430 1194480.000000 0.957430 0.996810 0.000000 0 
1567680.000000 0.827994 1567680.000000 0.827994 0.980800 0.000000 0 
1782720.000000 0.800085 1782720.000000 0.800085 0.998249 0.000000 0 
1777440.000000 0.800817 1777440.000000 0.800817 0.997773 0.000000 0 
1038240.000000 1.426227 1038240.000000 1.426227 0.991843 0.000000 0 
1459920.000000 0.840512 1459920.000000 0.840512 0.986381 0.000000 0 
1532880.000000 0.832724 1532880.000000 0.832724 0.991585 0.000000 0 
1125120.000000 1.039522 1125120.000000 1.039522 0.984929 0.000000 0 
1573440.000000 0.825184 1573440.000000 0.825184 0.984611 0.000000 0 
1087440.000000 1.093460 1087440.000000 1.093460 0.982152 0.000000 0 
1439760.000000 0.852666 1439760.000000 0.852666 0.992983 0.000000 0 
1061040.000000 1.465910 1061040.000000 1.465910 0.987698 0.000000 1 
1061040.000000 1.465910 1061040.000000 1.465910 0.987698 0.000000 1 
#Generacion: 3500 
#Distancia: 308.300505 
2047680.000000 0.788694 2047680.000000 0.788694 0.997153 0.000000 0 
1010640.000000 1.464310 1010640.000000 1.464310 0.999663 0.000000 0 
1039440.000000 1.234253 1039440.000000 1.234253 0.996076 0.000000 0 
1039200.000000 1.425336 1039200.000000 1.425336 0.994905 0.000000 0 
1053360.000000 1.137818 1053360.000000 1.137818 0.997636 0.000000 0 
1066560.000000 1.066315 1066560.000000 1.066315 0.996915 0.000000 0 
1052160.000000 1.175888 1052160.000000 1.175888 0.982518 0.000000 0 
1022160.000000 1.462660 1022160.000000 1.462660 0.992884 0.000000 0 
1029840.000000 1.425396 1029840.000000 1.425396 0.986491 0.000000 0 
1164480.000000 0.978938 1164480.000000 0.978938 0.977007 0.000000 0 
1044240.000000 1.196892 1044240.000000 1.196892 0.985359 0.000000 0 
1170720.000000 0.955728 1170720.000000 0.955728 0.999518 0.000000 0 
1980240.000000 0.790170 1980240.000000 0.790170 0.994358 0.000000 0 
1566000.000000 0.822641 1566000.000000 0.822641 0.990632 0.000000 0 
1106880.000000 1.016370 1106880.000000 1.016370 0.980996 0.000000 0 
1082160.000000 1.063540 1082160.000000 1.063540 0.991056 0.000000 0 
1897680.000000 0.793561 1897680.000000 0.793561 0.995581 0.000000 0 
1946160.000000 0.791837 1946160.000000 0.791837 0.992993 0.000000 0 
1390320.000000 0.853607 1390320.000000 0.853607 0.991835 0.000000 0 
1797360.000000 0.799202 1797360.000000 0.799202 0.997370 0.000000 0 
1098240.000000 1.036573 1098240.000000 1.036573 0.992394 0.000000 0 
1234080.000000 0.922181 1234080.000000 0.922181 0.991522 0.000000 0 
1179360.000000 0.952047 1179360.000000 0.952047 0.990384 0.000000 0 
1843440.000000 0.796730 1843440.000000 0.796730 0.994620 0.000000 0 
1192560.000000 0.942646 1192560.000000 0.942646 0.991744 0.000000 0 
1917840.000000 0.792994 1917840.000000 0.792994 0.998022 0.000000 0 
1413840.000000 0.850213 1413840.000000 0.850213 0.992751 0.000000 0 
1111200.000000 1.000906 1111200.000000 1.000906 0.989373 0.000000 0 
1459920.000000 0.840512 1459920.000000 0.840512 0.986381 0.000000 0 
1044240.000000 1.196892 1044240.000000 1.196892 0.985359 0.000000 0 
1102080.000000 1.025870 1102080.000000 1.025870 0.989362 0.000000 0 
1320240.000000 0.878600 1320240.000000 0.878600 0.985067 0.000000 0 
1247520.000000 0.911838 1247520.000000 0.911838 0.986497 0.000000 0 
1303680.000000 0.885087 1303680.000000 0.885087 0.987778 0.000000 0 
1602720.000000 0.821790 1602720.000000 0.821790 0.998807 0.000000 0 
1638480.000000 0.816064 1638480.000000 0.816064 0.987880 0.000000 0 
1440960.000000 0.842660 1440960.000000 0.842660 0.978106 0.000000 0 
1717200.000000 0.803470 1717200.000000 0.803470 0.997126 0.000000 0 
1344000.000000 0.865973 1344000.000000 0.865973 0.984088 0.000000 0 
1363920.000000 0.861269 1363920.000000 0.861269 0.982681 0.000000 0 
1215120.000000 0.935593 1215120.000000 0.935593 0.999117 0.000000 0 
1088640.000000 1.044775 1088640.000000 1.044775 0.990976 0.000000 0 
1475280.000000 0.838765 1475280.000000 0.838765 0.982805 0.000000 0 
1871760.000000 0.793797 1871760.000000 0.793797 0.996334 0.000000 0 
1816560.000000 0.798531 1816560.000000 0.798531 0.995478 0.000000 0 
1205040.000000 0.941621 1205040.000000 0.941621 0.997877 0.000000 0 
1753200.000000 0.801655 1753200.000000 0.801655 0.997525 0.000000 0 
1865760.000000 0.794766 1865760.000000 0.794766 0.993904 0.000000 0 
2039040.000000 0.789101 2039040.000000 0.789101 0.999086 0.000000 0 
2016000.000000 0.789344 2016000.000000 0.789344 0.997719 0.000000 0 
1124400.000000 0.993828 1124400.000000 0.993828 0.990651 0.000000 0 
1772640.000000 0.799552 1772640.000000 0.799552 0.996516 0.000000 0 
1649280.000000 0.813798 1649280.000000 0.813798 0.992345 0.000000 0 
1618320.000000 0.818151 1618320.000000 0.818151 0.961404 0.000000 0 
1271520.000000 0.902979 1271520.000000 0.902979 0.974955 0.000000 0 
1937040.000000 0.792592 1937040.000000 0.792592 0.997691 0.000000 0 
1553520.000000 0.824445 1553520.000000 0.824445 0.991256 0.000000 0 
1827360.000000 0.796933 1827360.000000 0.796933 0.994718 0.000000 0 
1289520.000000 0.893489 1289520.000000 0.893489 0.989215 0.000000 0 
1377840.000000 0.856721 1377840.000000 0.856721 0.993468 0.000000 0 
1545840.000000 0.828962 1545840.000000 0.828962 0.991538 0.000000 0 
1261920.000000 0.907275 1261920.000000 0.907275 0.999722 0.000000 0 
1145280.000000 0.980959 1145280.000000 0.980959 0.990649 0.000000 0 
1996320.000000 0.789637 1996320.000000 0.789637 0.995567 0.000000 0 
1297920.000000 0.889075 1297920.000000 0.889075 0.985202 0.000000 0 
1707840.000000 0.806823 1707840.000000 0.806823 0.996099 0.000000 0 
1217520.000000 0.926431 1217520.000000 0.926431 0.986722 0.000000 0 
1530480.000000 0.832548 1530480.000000 0.832548 0.992035 0.000000 0 
1488960.000000 0.836665 1488960.000000 0.836665 0.996556 0.000000 0 
1511040.000000 0.832641 1511040.000000 0.832641 0.996825 0.000000 0 
1668720.000000 0.811210 1668720.000000 0.811210 0.992841 0.000000 0 
1423440.000000 0.848806 1423440.000000 0.848806 0.987877 0.000000 0 
1331760.000000 0.877991 1331760.000000 0.877991 0.977482 0.000000 0 
1122960.000000 1.000584 1122960.000000 1.000584 0.998417 0.000000 0 
1683360.000000 0.808740 1683360.000000 0.808740 0.997115 0.000000 0 
1662480.000000 0.811391 1662480.000000 0.811391 0.992486 0.000000 0 
1223040.000000 0.923475 1223040.000000 0.923475 0.998798 0.000000 0 
1496640.000000 0.835949 1496640.000000 0.835949 0.998416 0.000000 0 
1768560.000000 0.800880 1768560.000000 0.800880 0.999486 0.000000 0 
1088640.000000 1.044775 1088640.000000 1.044775 0.990976 0.000000 0 
1737360.000000 0.802223 1737360.000000 0.802223 0.998807 0.000000 0 
1697040.000000 0.807674 1697040.000000 0.807674 0.995377 0.000000 0 
1249680.000000 0.907307 1249680.000000 0.907307 0.989896 0.000000 0 
1340400.000000 0.876023 1340400.000000 0.876023 0.985387 0.000000 0 
1614240.000000 0.819983 1614240.000000 0.819983 0.998629 0.000000 0 
1371120.000000 0.860182 1371120.000000 0.860182 0.984722 0.000000 0 
1536000.000000 0.831821 1536000.000000 0.831821 0.984957 0.000000 0 
1141920.000000 0.991882 1141920.000000 0.991882 0.982694 0.000000 0 
2006880.000000 0.789347 2006880.000000 0.789347 0.996719 0.000000 0 
1143120.000000 0.983275 1143120.000000 0.983275 0.993225 0.000000 0 
1071600.000000 1.064541 1071600.000000 1.064541 0.993543 0.000000 0 
1507680.000000 0.833958 1507680.000000 0.833958 0.976344 0.000000 0 
1343040.000000 0.871414 1343040.000000 0.871414 0.990272 0.000000 0 
1278960.000000 0.896001 1278960.000000 0.896001 0.986856 0.000000 0 
1278240.000000 0.898246 1278240.000000 0.898246 0.995218 0.000000 0 
1737360.000000 0.802223 1737360.000000 0.802223 0.998807 0.000000 0 
1687440.000000 0.807750 1687440.000000 0.807750 0.999224 0.000000 0 
1434480.000000 0.847849 1434480.000000 0.847849 0.984468 0.000000 0 
1141920.000000 0.991882 1141920.000000 0.991882 0.982694 0.000000 0 
1602720.000000 0.821790 1602720.000000 0.821790 0.998807 0.000000 0 
#Generacion: 4000 
#Distancia: 322.378485 
1010640.000000 1.464310 1010640.000000 1.464310 0.999663 0.000000 0 
1010640.000000 1.464310 1010640.000000 1.464310 0.999663 0.000000 0 
2040240.000000 0.784870 2040240.000000 0.784870 0.999628 0.000000 0 
1025760.000000 1.202511 1025760.000000 1.202511 0.998219 0.000000 0 
1014960.000000 1.381239 1014960.000000 1.381239 0.995438 0.000000 0 
1052400.000000 1.074574 1052400.000000 1.074574 0.996643 0.000000 0 
1014960.000000 1.381239 1014960.000000 1.381239 0.995438 0.000000 0 
1051680.000000 1.150542 1051680.000000 1.150542 0.991606 0.000000 0 
2010480.000000 0.786710 2010480.000000 0.786710 0.999574 0.000000 0 
1945200.000000 0.787379 1945200.000000 0.787379 0.998914 0.000000 0 
1027680.000000 1.174392 1027680.000000 1.174392 0.992418 0.000000 0 
1720800.000000 0.801661 1720800.000000 0.801661 0.998475 0.000000 0 
1198080.000000 0.929764 1198080.000000 0.929764 0.982364 0.000000 0 
1076400.000000 1.051016 1076400.000000 1.051016 0.996105 0.000000 0 
1086480.000000 1.040577 1086480.000000 1.040577 0.990238 0.000000 0 
1877520.000000 0.789705 1877520.000000 0.789705 0.992928 0.000000 0 
1753200.000000 0.801655 1753200.000000 0.801655 0.997525 0.000000 0 
1820640.000000 0.791924 1820640.000000 0.791924 0.997835 0.000000 0 
1088400.000000 1.021843 1088400.000000 1.021843 0.998691 0.000000 0 
1049520.000000 1.167589 1049520.000000 1.167589 0.999440 0.000000 0 
1697040.000000 0.803978 1697040.000000 0.803978 0.998442 0.000000 0 
1241760.000000 0.908486 1241760.000000 0.908486 0.981189 0.000000 0 
1230960.000000 0.921078 1230960.000000 0.921078 0.996260 0.000000 0 
1625520.000000 0.813538 1625520.000000 0.813538 0.998472 0.000000 0 
1614960.000000 0.815966 1614960.000000 0.815966 0.999890 0.000000 0 
1273440.000000 0.891112 1273440.000000 0.891112 0.981309 0.000000 0 
1105680.000000 1.011831 1105680.000000 1.011831 0.997171 0.000000 0 
1647120.000000 0.810819 1647120.000000 0.810819 0.999149 0.000000 0 
1174080.000000 0.935392 1174080.000000 0.935392 0.992836 0.000000 0 
1149360.000000 0.970627 1149360.000000 0.970627 0.997341 0.000000 0 
1151040.000000 0.958484 1151040.000000 0.958484 0.981237 0.000000 0 
1593600.000000 0.818786 1593600.000000 0.818786 0.989468 0.000000 0 
1852320.000000 0.791694 1852320.000000 0.791694 0.999253 0.000000 0 
1169040.000000 0.948272 1169040.000000 0.948272 0.995894 0.000000 0 
1138560.000000 0.974901 1138560.000000 0.974901 0.983834 0.000000 0 
1542960.000000 0.826841 1542960.000000 0.826841 0.992008 0.000000 0 
1217520.000000 0.926431 1217520.000000 0.926431 0.986722 0.000000 0 
1288320.000000 0.889241 1288320.000000 0.889241 0.990178 0.000000 0 
1366800.000000 0.860249 1366800.000000 0.860249 0.984919 0.000000 0 
1377840.000000 0.856721 1377840.000000 0.856721 0.993468 0.000000 0 
1163040.000000 0.955188 1163040.000000 0.955188 0.997459 0.000000 0 
2017200.000000 0.786137 2017200.000000 0.786137 0.999998 0.000000 0 
1100640.000000 1.019332 1100640.000000 1.019332 0.997585 0.000000 0 
1041840.000000 1.173647 1041840.000000 1.173647 0.991340 0.000000 0 
1684560.000000 0.806459 1684560.000000 0.806459 0.997045 0.000000 0 
1528560.000000 0.828168 1528560.000000 0.828168 0.996146 0.000000 0 
1422960.000000 0.848426 1422960.000000 0.848426 0.985934 0.000000 0 
1908240.000000 0.789049 1908240.000000 0.789049 0.997111 0.000000 0 
1670400.000000 0.807602 1670400.000000 0.807602 0.999254 0.000000 0 
1352880.000000 0.862705 1352880.000000 0.862705 0.991532 0.000000 0 
1457760.000000 0.839583 1457760.000000 0.839583 0.983434 0.000000 0 
1469280.000000 0.837618 1469280.000000 0.837618 0.999502 0.000000 0 
1484400.000000 0.836683 1484400.000000 0.836683 0.967661 0.000000 0 
1296000.000000 0.883374 1296000.000000 0.883374 0.986659 0.000000 0 
1066560.000000 1.064618 1066560.000000 1.064618 0.991876 0.000000 0 
1446240.000000 0.842916 1446240.000000 0.842916 0.977082 0.000000 0 
1260960.000000 0.896641 1260960.000000 0.896641 0.981305 0.000000 0 
1390320.000000 0.853607 1390320.000000 0.853607 0.991835 0.000000 0 
1066560.000000 1.064618 1066560.000000 1.064618 0.991876 0.000000 0 
1328160.000000 0.869685 1328160.000000 0.869685 0.985458 0.000000 0 
1303920.000000 0.879211 1303920.000000 0.879211 0.984235 0.000000 0 
1243920.000000 0.901741 1243920.000000 0.901741 0.981964 0.000000 0 
1402800.000000 0.850011 1402800.000000 0.850011 0.991059 0.000000 0 
1854480.000000 0.790585 1854480.000000 0.790585 0.992960 0.000000 0 
1657920.000000 0.809771 1657920.000000 0.809771 0.998496 0.000000 0 
1050720.000000 1.150570 1050720.000000 1.150570 0.991949 0.000000 0 
1557600.000000 0.824254 1557600.000000 0.824254 0.994263 0.000000 0 
1344000.000000 0.865973 1344000.000000 0.865973 0.984088 0.000000 0 
1803360.000000 0.793575 1803360.000000 0.793575 0.998469 0.000000 0 
1518960.000000 0.832185 1518960.000000 0.832185 0.989809 0.000000 0 
2040240.000000 0.784870 2040240.000000 0.784870 0.999628 0.000000 0 
1254240.000000 0.897890 1254240.000000 0.897890 0.982442 0.000000 0 
1574640.000000 0.821492 1574640.000000 0.821492 0.991957 0.000000 0 
1125360.000000 0.981720 1125360.000000 0.981720 0.989330 0.000000 0 
1173600.000000 0.938586 1173600.000000 0.938586 0.998363 0.000000 0 
1316640.000000 0.875637 1316640.000000 0.875637 0.987352 0.000000 0 
1122480.000000 0.994040 1122480.000000 0.994040 0.986447 0.000000 0 
1130400.000000 0.981555 1130400.000000 0.981555 0.993123 0.000000 0 
1585920.000000 0.820575 1585920.000000 0.820575 0.990609 0.000000 0 
1925760.000000 0.788569 1925760.000000 0.788569 0.995451 0.000000 0 
1509840.000000 0.832458 1509840.000000 0.832458 0.987540 0.000000 0 
1788240.000000 0.798353 1788240.000000 0.798353 0.996869 0.000000 0 
1434240.000000 0.843531 1434240.000000 0.843531 0.978496 0.000000 0 
1111200.000000 1.000906 1111200.000000 1.000906 0.989373 0.000000 0 
1771920.000000 0.799523 1771920.000000 0.799523 0.995968 0.000000 0 
1111200.000000 1.000906 1111200.000000 1.000906 0.989373 0.000000 0 
1223040.000000 0.923475 1223040.000000 0.923475 0.998798 0.000000 0 
1124400.000000 0.993828 1124400.000000 0.993828 0.990651 0.000000 0 
1332480.000000 0.866906 1332480.000000 0.866906 0.986870 0.000000 0 
1945200.000000 0.787379 1945200.000000 0.787379 0.998914 0.000000 0 
1564080.000000 0.822426 1564080.000000 0.822426 0.995820 0.000000 0 
1807200.000000 0.793371 1807200.000000 0.793371 0.999583 0.000000 0 
1494720.000000 0.834078 1494720.000000 0.834078 0.966673 0.000000 0 
1431840.000000 0.848096 1431840.000000 0.848096 0.987353 0.000000 0 
1924560.000000 0.788739 1924560.000000 0.788739 0.990528 0.000000 0 
1313520.000000 0.875852 1313520.000000 0.875852 0.987840 0.000000 0 
1771920.000000 0.799523 1771920.000000 0.799523 0.995968 0.000000 0 
1788240.000000 0.798353 1788240.000000 0.798353 0.996869 0.000000 0 
1397760.000000 0.850530 1397760.000000 0.850530 0.998885 0.000000 0 
1499280.000000 0.834075 1499280.000000 0.834075 0.976531 0.000000 0 
#Generacion: 4500 
#Distancia: 316.014545 
984000.000000 1.475032 984000.000000 1.475032 0.991555 0.000000 0 
2100720.000000 0.784216 2100720.000000 0.784216 0.996104 0.000000 0 
984000.000000 1.475032 984000.000000 1.475032 0.991555 0.000000 0 
1034640.000000 1.120748 1034640.000000 1.120748 0.997044 0.000000 0 
1027680.000000 1.174392 1027680.000000 1.174392 0.992418 0.000000 0 
996960.000000 1.460510 996960.000000 1.460510 0.996498 0.000000 0 
1959600.000000 0.785014 1959600.000000 0.785014 0.998575 0.000000 0 
1000560.000000 1.416418 1000560.000000 1.416418 0.999454 0.000000 0 
1012080.000000 1.396126 1012080.000000 1.396126 0.982734 0.000000 0 
1048320.000000 1.102572 1048320.000000 1.102572 0.986326 0.000000 0 
2018640.000000 0.784936 2018640.000000 0.784936 0.989777 0.000000 0 
1641120.000000 0.810959 1641120.000000 0.810959 0.990038 0.000000 0 
1062720.000000 1.052975 1062720.000000 1.052975 0.998902 0.000000 0 
1578720.000000 0.818213 1578720.000000 0.818213 0.992428 0.000000 0 
1068720.000000 1.035981 1068720.000000 1.035981 0.993806 0.000000 0 
1052400.000000 1.074574 1052400.000000 1.074574 0.996643 0.000000 0 
1240560.000000 0.896372 1240560.000000 0.896372 0.983502 0.000000 0 
1714080.000000 0.801295 1714080.000000 0.801295 0.998101 0.000000 0 
1026720.000000 1.174607 1026720.000000 1.174607 0.991647 0.000000 0 
1125120.000000 0.981391 1125120.000000 0.981391 0.987823 0.000000 0 
1260960.000000 0.890385 1260960.000000 0.890385 0.990105 0.000000 0 
1902480.000000 0.786878 1902480.000000 0.786878 0.999610 0.000000 0 
1119840.000000 1.000665 1119840.000000 1.000665 0.983894 0.000000 0 
1056000.000000 1.060211 1056000.000000 1.060211 0.996942 0.000000 0 
1288320.000000 0.883140 1288320.000000 0.883140 0.986246 0.000000 0 
1000560.000000 1.416418 1000560.000000 1.416418 0.999454 0.000000 0 
1143600.000000 0.974100 1143600.000000 0.974100 0.989978 0.000000 0 
1165200.000000 0.946263 1165200.000000 0.946263 0.983287 0.000000 0 
1224000.000000 0.923101 1224000.000000 0.923101 0.995056 0.000000 0 
1144560.000000 0.959705 1144560.000000 0.959705 0.976916 0.000000 0 
1935840.000000 0.786773 1935840.000000 0.786773 0.992472 0.000000 0 
1079760.000000 1.032789 1079760.000000 1.032789 0.996903 0.000000 0 
1154400.000000 0.954017 1154400.000000 0.954017 0.988104 0.000000 0 
2040240.000000 0.784870 2040240.000000 0.784870 0.999628 0.000000 0 
1088400.000000 1.021837 1088400.000000 1.021837 0.998469 0.000000 0 
1820640.000000 0.791924 1820640.000000 0.791924 0.997835 0.000000 0 
1670400.000000 0.807602 1670400.000000 0.807602 0.999254 0.000000 0 
1538880.000000 0.825532 1538880.000000 0.825532 0.993020 0.000000 0 
1107600.000000 1.008855 1107600.000000 1.008855 0.986177 0.000000 0 
1226160.000000 0.906881 1226160.000000 0.906881 0.978413 0.000000 0 
2072880.000000 0.784590 2072880.000000 0.784590 0.998516 0.000000 0 
1518000.000000 0.827706 1518000.000000 0.827706 0.988479 0.000000 0 
1098720.000000 1.018605 1098720.000000 1.018605 0.987427 0.000000 0 
1605360.000000 0.816403 1605360.000000 0.816403 0.999547 0.000000 0 
1869600.000000 0.789664 1869600.000000 0.789664 0.998378 0.000000 0 
1366800.000000 0.857410 1366800.000000 0.857410 0.995665 0.000000 0 
1268880.000000 0.885044 1268880.000000 0.885044 0.990901 0.000000 0 
1892400.000000 0.788607 1892400.000000 0.788607 0.999753 0.000000 0 
1801440.000000 0.793689 1801440.000000 0.793689 0.994759 0.000000 0 
1328160.000000 0.869685 1328160.000000 0.869685 0.985458 0.000000 0 
994320.000000 1.470755 994320.000000 1.470755 0.986550 0.000000 0 
1764000.000000 0.798381 1764000.000000 0.798381 0.999779 0.000000 0 
1173600.000000 0.938586 1173600.000000 0.938586 0.998363 0.000000 0 
1457760.000000 0.839583 1457760.000000 0.839583 0.983434 0.000000 0 
1564080.000000 0.822426 1564080.000000 0.822426 0.995820 0.000000 0 
1047360.000000 1.108065 1047360.000000 1.108065 0.997855 0.000000 0 
1626240.000000 0.813185 1626240.000000 0.813185 0.996212 0.000000 0 
1014960.000000 1.381239 1014960.000000 1.381239 0.995438 0.000000 0 
1740240.000000 0.800533 1740240.000000 0.800533 0.994814 0.000000 0 
1037280.000000 1.117291 1037280.000000 1.117291 0.996161 0.000000 0 
1855200.000000 0.789911 1855200.000000 0.789911 0.998138 0.000000 0 
1481760.000000 0.834918 1481760.000000 0.834918 0.984653 0.000000 0 
1411920.000000 0.848439 1411920.000000 0.848439 0.992467 0.000000 0 
2060400.000000 0.784664 2060400.000000 0.784664 0.998769 0.000000 0 
1500000.000000 0.834629 1500000.000000 0.834629 0.993598 0.000000 0 
1468560.000000 0.835673 1468560.000000 0.835673 0.990152 0.000000 0 
1198080.000000 0.934993 1198080.000000 0.934993 0.990480 0.000000 0 
1237680.000000 0.906156 1237680.000000 0.906156 0.977623 0.000000 0 
1335600.000000 0.865158 1335600.000000 0.865158 0.985735 0.000000 0 
1182720.000000 0.935055 1182720.000000 0.935055 0.990362 0.000000 0 
1133280.000000 0.980082 1133280.000000 0.980082 0.992877 0.000000 0 
1423680.000000 0.846092 1423680.000000 0.846092 0.993983 0.000000 0 
1554720.000000 0.824988 1554720.000000 0.824988 0.998691 0.000000 0 
1379520.000000 0.854973 1379520.000000 0.854973 0.995974 0.000000 0 
1444320.000000 0.842573 1444320.000000 0.842573 0.994490 0.000000 0 
1203120.000000 0.928226 1203120.000000 0.928226 0.976851 0.000000 0 
1397760.000000 0.850530 1397760.000000 0.850530 0.998885 0.000000 0 
1509840.000000 0.832458 1509840.000000 0.832458 0.987540 0.000000 0 
1214880.000000 0.927007 1214880.000000 0.927007 0.999276 0.000000 0 
1697040.000000 0.803978 1697040.000000 0.803978 0.998442 0.000000 0 
1352880.000000 0.862705 1352880.000000 0.862705 0.991532 0.000000 0 
1744800.000000 0.799257 1744800.000000 0.799257 0.999162 0.000000 0 
1788720.000000 0.794985 1788720.000000 0.794985 0.993802 0.000000 0 
1052400.000000 1.074574 1052400.000000 1.074574 0.996643 0.000000 0 
1944240.000000 0.786293 1944240.000000 0.786293 0.996439 0.000000 0 
1434240.000000 0.843531 1434240.000000 0.843531 0.978496 0.000000 0 
1613040.000000 0.815071 1613040.000000 0.815071 0.997435 0.000000 0 
1674000.000000 0.805622 1674000.000000 0.805622 0.997774 0.000000 0 
1691280.000000 0.804553 1691280.000000 0.804553 0.997685 0.000000 0 
1111200.000000 1.000906 1111200.000000 1.000906 0.989373 0.000000 0 
1387440.000000 0.851557 1387440.000000 0.851557 0.997788 0.000000 0 
2018640.000000 0.784936 2018640.000000 0.784936 0.989777 0.000000 0 
1347600.000000 0.862763 1347600.000000 0.862763 0.996835 0.000000 0 
1775520.000000 0.795880 1775520.000000 0.795880 0.992484 0.000000 0 
1297440.000000 0.876515 1297440.000000 0.876515 0.987243 0.000000 0 
1017120.000000 1.191248 1017120.000000 1.191248 0.999403 0.000000 0 
1839840.000000 0.791353 1839840.000000 0.791353 0.996320 0.000000 0 
1020000.000000 1.379716 1020000.000000 1.379716 0.985575 0.000000 1 
1024800.000000 1.202126 1024800.000000 1.202126 0.991030 0.000000 1 
1024800.000000 1.202126 1024800.000000 1.202126 0.991030 0.000000 1 
#Generacion: 5000 
#Distancia: 332.319495 
