29101852.254909 27144173.364493 1957680.000000 1.109584 3.714417 27144172.254909 4 
51756535.726594 49788297.701684 1968240.000000 1.975091 5.978830 49788295.726594 39 
51762761.205838 49982202.842234 1780560.000000 1.636396 5.998220 49982201.205838 40 
22880328.015188 20628649.307345 2251680.000000 1.292156 3.062865 20628648.015188 1 
23131221.663129 20929942.903889 2201280.000000 1.240761 3.092994 20929941.663129 2 
40619649.013645 38516050.322288 2103600.000000 1.308643 4.851605 38516049.013645 9 
54315748.375207 52320629.791226 1995120.000000 1.416019 6.232063 52320628.375207 47 
8218998641288.897461 8218996711210.641602 1930080.000000 1.744147 821900.671121 8218996711208.897461 79 
23971949275837.843750 23971947229119.324219 2046720.000000 1.480560 2397195.722912 23971947229117.843750 80 
191707242205348.531250 191707240142069.812500 2063280.000000 1.283231 19170725.014207 191707240142068.531250 92 
103240318.665276 101151359.899631 2088960.000000 1.234355 11.115136 101151358.665276 75 
60796031.144815 58696752.701241 2099280.000000 1.556426 6.869675 58696751.144815 56 
51509713.713390 49452915.484809 2056800.000000 1.771419 5.945291 49452913.713390 38 
50446560.973149 48168242.124919 2278320.000000 1.151770 5.816824 48168240.973149 33 
48847117.315641 46945119.189633 1902000.000000 1.873992 5.694512 46945117.315641 27 
56563881.020806 54490282.672850 2073600.000000 1.652044 6.449028 54490281.020806 52 
47163547.814324 45330189.262787 1833360.000000 1.448463 5.533019 45330187.814324 20 
150241278325987.875000 150241276266309.468750 2059680.000000 1.601606 15024128.626631 150241276266307.875000 90 
35150106.168799 32962267.600548 2187840.000000 1.431748 4.296227 32962266.168799 6 
77375763.796363 75344405.917858 2031360.000000 2.121494 8.534440 75344403.796363 66 
77425537000923.531250 77425534879085.265625 2121840.000000 1.737109 7742554.487908 77425534879083.531250 86 
42761233.518229 40740915.363083 2020320.000000 1.844854 5.074091 40740913.518229 12 
50278518.778802 48230360.023588 2048160.000000 1.244786 5.823036 48230358.778802 34 
24128980116846.578125 24128977999328.050781 2117520.000000 1.472131 2412898.799933 24128977999326.578125 81 
85356621.590453 83325743.645645 2030880.000000 2.055192 9.332574 83325741.590453 71 
66166209.414999 64142770.951657 2023440.000000 1.536658 7.414277 64142769.414999 59 
50375758.397662 48456240.619022 1919520.000000 2.221360 5.845624 48456238.397662 35 
59149257.639609 57138539.465505 2010720.000000 1.825896 6.713854 57138537.639609 55 
79478702.223128 77273824.231963 2204880.000000 2.008834 8.727382 77273822.223128 68 
144057373718129.656250 144057371583091.000000 2135040.000000 1.339253 14405738.158309 144057371583089.656250 89 
80513813.930439 78615415.975919 1898400.000000 2.045480 8.861541 78615413.930439 69 
55881248.964217 54021250.852961 1860000.000000 1.888744 6.402125 54021248.964217 51 
49660097.653483 47641219.697025 2018880.000000 2.043542 5.764122 47641217.653483 31 
50043437.381812 47983518.823768 2059920.000000 1.441956 5.798352 47983517.381812 32 
48780262.944081 46754424.196994 2025840.000000 1.252913 5.675442 46754422.944081 26 
33360588.194905 31462430.050963 1898160.000000 1.856059 4.146243 31462428.194905 5 
55527080791307.437500 55527078786589.304688 2004720.000000 1.868519 5552708.878659 55527078786587.437500 84 
36215859.375577 34243781.209094 1972080.000000 1.833517 4.424378 34243779.375577 7 
50370443.275456 48503724.669391 1866720.000000 1.393934 5.850372 48503723.275456 35 
48170063.301168 46152624.911080 2017440.000000 1.609913 5.615262 46152623.301168 24 
53491348.222578 51509189.892102 1982160.000000 1.669524 6.150919 51509188.222578 43 
47748060.260867 45665821.408467 2082240.000000 1.147600 5.566582 45665820.260867 21 
83116309.879250 81128152.148726 1988160.000000 2.269476 9.112815 81128149.879250 70 
28883058.129843 26922259.887318 1960800.000000 1.757476 3.692226 26922258.129843 3 
39546362.272671 37521723.798439 2024640.000000 1.525767 4.752172 37521722.272671 8 
41943708.575720 39964191.846026 1979520.000000 3.270306 4.996419 39964188.575720 10 
50689687.526243 48664809.303215 2024880.000000 1.776972 5.866481 48664807.526243 36 
44178256.208071 42222737.809070 1955520.000000 1.601000 5.222274 42222736.208071 15 
7427328900934.042969 7427326873175.764648 2027760.000000 1.721753 742733.687317 7427326873174.042969 78 
49596770.227458 47481651.939779 2115120.000000 1.712321 5.748165 47481650.227458 30 
72865439.622308 70942321.932670 1923120.000000 2.310362 8.094232 70942319.622308 65 
49106898.582476 46979300.171258 2127600.000000 1.588782 5.697930 46979298.582476 28 
156809165033113.531250 156809163367036.000000 1666080.000000 2.461182 15680917.336703 156809163367033.531250 91 
70390771.583492 68426613.566018 1964160.000000 1.982526 7.842661 68426611.583492 64 
57210130.887780 55076532.207262 2133600.000000 1.319482 6.507653 55076530.887780 53 
48014515.444315 46009076.953955 2005440.000000 1.509641 5.600908 46009075.444315 22 
69080351.493235 67218673.324009 1861680.000000 1.830775 7.721867 67218671.493235 63 
44758861.033377 42755103.583025 2003760.000000 2.549648 5.275510 42755101.033377 18 
47687192257328.476562 47687190262209.734375 1995120.000000 1.258960 4768720.026221 47687190262208.476562 83 
50003129.403943 48092731.707960 1910400.000000 2.304017 5.809273 48092729.403943 32 
60211334562706.406250 60211332352069.601562 2210640.000000 3.192071 6021134.235207 60211332352066.406250 85 
48598039.549384 46589240.755927 2008800.000000 1.206543 5.658924 46589239.549384 25 
28927749.357598 26785510.946982 2142240.000000 1.589383 3.678551 26785509.357598 3 
78116448.991756 76136931.050134 1979520.000000 2.058378 8.613693 76136928.991756 67 
53586724.072734 51534005.327368 2052720.000000 1.254634 6.153400 51534004.072734 44 
68254203.834607 66177965.690616 2076240.000000 1.856009 7.617796 66177963.834607 61 
4413012056490456.500000 4413012054612938.000000 1877520.000000 1.635507 441301206.461294 4413012054612936.500000 93 
50270077.046252 48207758.953877 2062320.000000 1.907625 5.820776 48207757.046252 33 
38562889145652.617188 38562887329574.054688 1816080.000000 1.435239 3856289.732957 38562887329572.617188 82 
43232961.078231 41129842.991403 2103120.000000 1.913173 5.112984 41129841.078231 14 
49556227.210220 47408708.966144 2147520.000000 1.755924 5.740871 47408707.210220 29 
2226379270039.787598 2226377073081.380859 2196960.000000 1.593367 222638.707308 2226377073079.787598 77 
65964607.842277 63882849.528804 2081760.000000 1.686527 7.388285 63882847.842277 58 
54511782.412524 52486664.643999 2025120.000000 2.231475 6.248666 52486662.412524 48 
66632834.442207 64633636.048141 1999200.000000 1.605934 7.463363 64633634.442207 60 
54914990.032772 52682271.242918 2232720.000000 1.210146 6.268227 52682270.032772 49 
58006596.467685 56028517.995117 1978080.000000 1.527432 6.602852 56028516.467685 54 
44261430.465917 42371912.136254 1889520.000000 1.670337 5.237191 42371910.465917 17 
43096002.075605 40956163.482668 2139840.000000 1.407063 5.095616 40956162.075605 13 
50846754.564970 48764276.040256 2082480.000000 1.475286 5.876427 48764274.564970 37 
55051420.762639 53143182.339394 1908240.000000 1.576755 6.314318 53143180.762639 50 
129430510.837074 127435633.099030 1994880.000000 2.261956 13.743563 127435630.837074 76 
52335977.268564 50288778.714245 2047200.000000 1.445681 6.028878 50288777.268564 42 
46586274.507869 44604356.293673 1981920.000000 1.785803 5.460435 44604354.507869 19 
60811375.282385 58708256.870347 2103120.000000 1.587961 6.870826 58708255.282385 57 
52170548.790942 50357590.455424 1812960.000000 1.664482 6.035759 50357588.790942 42 
42388897.373125 40297298.612671 2091600.000000 1.239547 5.029730 40297297.373125 11 
96348169.184292 94311772.231652 2036400.000000 3.047360 10.431177 94311769.184292 74 
52125877.990923 50091159.080553 2034720.000000 1.089631 6.009116 50091157.990923 41 
94419508.108311 92387670.521330 2031840.000000 2.413018 10.238767 92387668.108311 73 
134595331485331.265625 134595329567972.953125 1917360.000000 1.694650 13459533.956797 134595329567971.265625 88 
53934270.949724 52010912.731052 1923360.000000 1.781328 6.201091 52010910.949724 45 
86889747.153545 84918390.348173 1971360.000000 3.194628 9.491839 84918387.153545 72 
53970975.736283 52195697.672660 1775280.000000 1.936378 6.219570 52195695.736283 46 
118174045564738.062500 118174043639460.531250 1925280.000000 2.461790 11817405.363946 118174043639458.062500 87 
20499248.803056 18413890.124260 2085360.000000 1.321205 2.841389 18413888.803056 0 
39667035.718496 37449437.091648 2217600.000000 1.373152 4.744944 37449435.718496 8 
48027283.652224 46073445.204174 1953840.000000 1.551950 5.607344 46073443.652224 23 
44213915.550960 42222877.080823 1991040.000000 1.529863 5.222288 42222875.550960 16 
68578431.118182 66638992.387842 1939440.000000 1.269660 7.663899 66638991.118182 62 
#Generacion: 1 
#Distancia: 797.139394 
1339200.000000 0.953309 1339200.000000 0.953309 0.953757 0.000000 0 
1326240.000000 0.979489 1326240.000000 0.979489 0.994004 0.000000 0 
1566240.000000 0.870696 1566240.000000 0.870696 0.992370 0.000000 0 
1223280.000000 1.114133 1223280.000000 1.114133 0.958853 0.000000 0 
1531920.000000 0.877532 1531920.000000 0.877532 0.994301 0.000000 0 
1349760.000000 0.943213 1349760.000000 0.943213 0.951374 0.000000 0 
1406880.000000 0.899367 1406880.000000 0.899367 0.986205 0.000000 0 
1355760.000000 0.940699 1355760.000000 0.940699 0.992736 0.000000 0 
1435920.000000 0.898473 1435920.000000 0.898473 0.965848 0.000000 0 
1192800.000000 1.605013 1192800.000000 1.605013 0.979486 0.000000 0 
1355760.000000 0.940699 1355760.000000 0.940699 0.992736 0.000000 0 
1563120.000000 0.873275 1563120.000000 0.873275 0.963505 0.000000 0 
1259520.000000 1.032182 1259520.000000 1.032182 0.952366 0.000000 0 
1535040.000000 0.874742 1535040.000000 0.874742 0.970462 0.000000 0 
1389360.000000 0.915644 1389360.000000 0.915644 0.977759 0.000000 0 
1511040.000000 0.881040 1511040.000000 0.881040 0.987322 0.000000 0 
1206720.000000 1.200602 1206720.000000 1.200602 0.970747 0.000000 0 
1272480.000000 1.018642 1272480.000000 1.018642 0.983053 0.000000 0 
1326960.000000 0.957499 1326960.000000 0.957499 0.985353 0.000000 0 
1261920.000000 1.021576 1261920.000000 1.021576 0.983350 0.000000 0 
1278240.000000 1.003153 1278240.000000 1.003153 0.953694 0.000000 0 
1569360.000000 0.869820 1569360.000000 0.869820 0.996923 0.000000 0 
1515840.000000 0.879534 1515840.000000 0.879534 0.982626 0.000000 0 
1452960.000000 0.881300 1452960.000000 0.881300 0.979140 0.000000 0 
1566240.000000 0.870696 1566240.000000 0.870696 0.992370 0.000000 0 
1253280.000000 1.053663 1253280.000000 1.053663 0.944574 0.000000 0 
1631280.000000 0.860443 1631280.000000 0.860443 0.985210 0.000000 0 
1552320.000000 0.874483 1552320.000000 0.874483 0.981130 0.000000 0 
1200720.000000 1.601642 1200720.000000 1.601642 0.973698 0.000000 0 
1260720.000000 1.021613 1260720.000000 1.021613 0.979003 0.000000 0 
1245600.000000 1.094113 1245600.000000 1.094113 0.985673 0.000000 0 
1220880.000000 1.141958 1220880.000000 1.141958 0.960801 0.000000 0 
1397040.000000 0.911150 1397040.000000 0.911150 0.960286 0.000000 0 
1443360.000000 0.892822 1443360.000000 0.892822 0.958748 0.000000 0 
1223280.000000 1.114133 1223280.000000 1.114133 0.958853 0.000000 0 
1569360.000000 0.869820 1569360.000000 0.869820 0.996923 0.000000 0 
1362000.000000 0.924082 1362000.000000 0.924082 0.960428 0.000000 0 
1245600.000000 1.094113 1245600.000000 1.094113 0.985673 0.000000 0 
1452960.000000 0.881300 1452960.000000 0.881300 0.979140 0.000000 0 
1279680.000000 0.998311 1279680.000000 0.998311 0.962032 0.000000 0 
1511520.000000 0.880899 1511520.000000 0.880899 0.971694 0.000000 0 
1293600.000000 0.993063 1293600.000000 0.993063 0.947501 0.000000 0 
1309920.000000 0.979619 1309920.000000 0.979619 0.955070 0.000000 0 
1552320.000000 0.874483 1552320.000000 0.874483 0.981130 0.000000 0 
1566240.000000 0.870696 1566240.000000 0.870696 0.992370 0.000000 0 
1626960.000000 0.869708 1626960.000000 0.869708 0.985430 0.000000 0 
1248960.000000 1.090851 1248960.000000 1.090851 0.979434 0.000000 0 
1646880.000000 0.861240 1646880.000000 0.861240 0.984447 0.000000 1 
1209840.000000 1.573505 1209840.000000 1.573505 0.983082 0.000000 1 
1211760.000000 1.202433 1211760.000000 1.202433 0.982465 0.000000 1 
1574880.000000 0.870418 1574880.000000 0.870418 0.993331 0.000000 1 
1478640.000000 0.882311 1478640.000000 0.882311 0.991754 0.000000 1 
1267440.000000 1.021681 1267440.000000 1.021681 0.977823 0.000000 1 
1540320.000000 0.879845 1540320.000000 0.879845 0.983106 0.000000 1 
1219680.000000 1.202315 1219680.000000 1.202315 0.983674 0.000000 1 
1230720.000000 1.117445 1230720.000000 1.117445 0.953184 0.000000 1 
1432800.000000 0.899706 1432800.000000 0.899706 0.985804 0.000000 1 
1464960.000000 0.891535 1464960.000000 0.891535 0.973720 0.000000 1 
1407120.000000 0.902580 1407120.000000 0.902580 0.981812 0.000000 1 
1297680.000000 0.997195 1297680.000000 0.997195 0.949654 0.000000 1 
1263600.000000 1.070654 1263600.000000 1.070654 0.998988 0.000000 1 
1246080.000000 1.107277 1246080.000000 1.107277 0.979282 0.000000 1 
1382880.000000 0.924636 1382880.000000 0.924636 0.979685 0.000000 1 
1312800.000000 0.989992 1312800.000000 0.989992 0.952580 0.000000 1 
1369200.000000 0.932064 1369200.000000 0.932064 0.958373 0.000000 1 
1564320.000000 0.874327 1564320.000000 0.874327 0.995318 0.000000 1 
1444560.000000 0.894926 1444560.000000 0.894926 0.975704 0.000000 1 
1349760.000000 0.949637 1349760.000000 0.949637 0.953421 0.000000 1 
1257840.000000 1.094089 1257840.000000 1.094089 0.964306 0.000000 1 
1263600.000000 1.070654 1263600.000000 1.070654 0.998988 0.000000 1 
1257600.000000 1.095325 1257600.000000 1.095325 0.952005 0.000000 1 
1312320.000000 0.993434 1312320.000000 0.993434 0.967190 0.000000 1 
1394400.000000 0.924372 1394400.000000 0.924372 0.967824 0.000000 1 
1342080.000000 0.955972 1342080.000000 0.955972 0.986086 0.000000 1 
1444560.000000 0.894926 1444560.000000 0.894926 0.975704 0.000000 1 
1326240.000000 0.983426 1326240.000000 0.983426 0.980515 0.000000 1 
1551600.000000 0.879492 1551600.000000 0.879492 0.948554 0.000000 1 
1553280.000000 0.874533 1553280.000000 0.874533 0.975618 0.000000 1 
1402080.000000 0.914513 1402080.000000 0.914513 0.969342 0.000000 1 
1357920.000000 0.946465 1357920.000000 0.946465 0.992165 0.000000 1 
1320720.000000 0.989336 1320720.000000 0.989336 0.957457 0.000000 1 
1338960.000000 0.964600 1338960.000000 0.964600 0.966927 0.000000 1 
1238880.000000 1.115085 1238880.000000 1.115085 0.982877 0.000000 1 
1333200.000000 0.978098 1333200.000000 0.978098 0.971253 0.000000 1 
1322640.000000 0.986083 1322640.000000 0.986083 0.953238 0.000000 1 
1327680.000000 0.979192 1327680.000000 0.979192 0.993722 0.000000 1 
1235040.000000 1.117203 1235040.000000 1.117203 0.944416 0.000000 1 
1338000.000000 0.975194 1338000.000000 0.975194 0.984584 0.000000 1 
1341120.000000 0.960567 1341120.000000 0.960567 0.977232 0.000000 1 
1362240.000000 0.933828 1362240.000000 0.933828 0.966304 0.000000 1 
1399920.000000 0.915930 1399920.000000 0.915930 0.975638 0.000000 1 
1360800.000000 0.940709 1360800.000000 0.940709 0.989685 0.000000 1 
1337040.000000 0.975865 1337040.000000 0.975865 0.975223 0.000000 1 
1358400.000000 0.943626 1358400.000000 0.943626 0.954414 0.000000 1 
1362240.000000 0.933828 1362240.000000 0.933828 0.966304 0.000000 1 
1238880.000000 1.115085 1238880.000000 1.115085 0.982877 0.000000 1 
1398480.000000 0.919490 1398480.000000 0.919490 0.977296 0.000000 1 
1552560.000000 0.877333 1552560.000000 0.877333 0.974334 0.000000 1 
1396800.000000 0.920987 1396800.000000 0.920987 0.956583 0.000000 1 
1230720.000000 1.117445 1230720.000000 1.117445 0.953184 0.000000 1 
#Generacion: 500 
#Distancia: 204.678586 
1725600.000000 0.830196 1725600.000000 0.830196 0.990481 0.000000 0 
1134480.000000 1.457705 1134480.000000 1.457705 0.993538 0.000000 0 
1133520.000000 1.521018 1133520.000000 1.521018 0.987753 0.000000 0 
1133520.000000 1.521018 1133520.000000 1.521018 0.987753 0.000000 0 
1159440.000000 1.047435 1159440.000000 1.047435 0.982902 0.000000 0 
1448400.000000 0.864144 1448400.000000 0.864144 0.987068 0.000000 0 
1571520.000000 0.838989 1571520.000000 0.838989 0.987228 0.000000 0 
1440240.000000 0.869191 1440240.000000 0.869191 0.989886 0.000000 0 
1402320.000000 0.875452 1402320.000000 0.875452 0.970525 0.000000 0 
1469280.000000 0.859729 1469280.000000 0.859729 0.981256 0.000000 0 
1169040.000000 1.041127 1169040.000000 1.041127 0.983792 0.000000 0 
1417680.000000 0.869968 1417680.000000 0.869968 0.966973 0.000000 0 
1332720.000000 0.893983 1332720.000000 0.893983 0.964366 0.000000 0 
1315200.000000 0.903791 1315200.000000 0.903791 0.973954 0.000000 0 
1292160.000000 0.909275 1292160.000000 0.909275 0.973621 0.000000 0 
1385280.000000 0.878872 1385280.000000 0.878872 0.964830 0.000000 0 
1142160.000000 1.440188 1142160.000000 1.440188 0.971688 0.000000 0 
1469280.000000 0.859729 1469280.000000 0.859729 0.981256 0.000000 0 
1355760.000000 0.888415 1355760.000000 0.888415 0.975226 0.000000 0 
1243200.000000 0.944986 1243200.000000 0.944986 0.949213 0.000000 0 
1137600.000000 1.453774 1137600.000000 1.453774 0.980260 0.000000 0 
1352160.000000 0.893735 1352160.000000 0.893735 0.957298 0.000000 0 
1214400.000000 0.989104 1214400.000000 0.989104 0.974938 0.000000 0 
1141920.000000 1.442243 1141920.000000 1.442243 0.980983 0.000000 0 
1286880.000000 0.916838 1286880.000000 0.916838 0.963444 0.000000 0 
1215840.000000 0.987307 1215840.000000 0.987307 0.958320 0.000000 0 
1317840.000000 0.901547 1317840.000000 0.901547 0.976714 0.000000 0 
1325760.000000 0.901500 1325760.000000 0.901500 0.973476 0.000000 0 
1329360.000000 0.900517 1329360.000000 0.900517 0.974330 0.000000 0 
1159440.000000 1.047435 1159440.000000 1.047435 0.982902 0.000000 0 
1243200.000000 0.944986 1243200.000000 0.944986 0.949213 0.000000 0 
1354800.000000 0.888587 1354800.000000 0.888587 0.964591 0.000000 0 
1292160.000000 0.909275 1292160.000000 0.909275 0.973621 0.000000 0 
1354320.000000 0.893679 1354320.000000 0.893679 0.955177 0.000000 0 
1315200.000000 0.903791 1315200.000000 0.903791 0.973954 0.000000 0 
1329360.000000 0.900517 1329360.000000 0.900517 0.974330 0.000000 0 
1354320.000000 0.893679 1354320.000000 0.893679 0.955177 0.000000 0 
1469280.000000 0.859729 1469280.000000 0.859729 0.981256 0.000000 0 
1107600.000000 1.565200 1107600.000000 1.565200 0.987629 0.000000 0 
1889040.000000 0.826691 1889040.000000 0.826691 0.978966 0.000000 0 
1159440.000000 1.047435 1159440.000000 1.047435 0.982902 0.000000 0 
1286880.000000 0.916838 1286880.000000 0.916838 0.963444 0.000000 0 
1500960.000000 0.852645 1500960.000000 0.852645 0.989178 0.000000 0 
1247040.000000 0.924810 1247040.000000 0.924810 0.992818 0.000000 0 
1355760.000000 0.888415 1355760.000000 0.888415 0.975226 0.000000 0 
1274640.000000 0.918599 1274640.000000 0.918599 0.974252 0.000000 0 
1184160.000000 1.019626 1184160.000000 1.019626 0.987696 0.000000 0 
1289520.000000 0.911962 1289520.000000 0.911962 0.982639 0.000000 0 
1190640.000000 0.995852 1190640.000000 0.995852 0.985742 0.000000 0 
1720560.000000 0.833906 1720560.000000 0.833906 0.999623 0.000000 0 
1218720.000000 0.985978 1218720.000000 0.985978 0.983001 0.000000 0 
1167600.000000 1.042304 1167600.000000 1.042304 0.998562 0.000000 0 
1198560.000000 0.993228 1198560.000000 0.993228 0.993696 0.000000 0 
1294080.000000 0.908733 1294080.000000 0.908733 0.972960 0.000000 0 
1133520.000000 1.521018 1133520.000000 1.521018 0.987753 0.000000 0 
1602240.000000 0.834948 1602240.000000 0.834948 0.990657 0.000000 0 
1317840.000000 0.901547 1317840.000000 0.901547 0.976714 0.000000 0 
1547280.000000 0.839440 1547280.000000 0.839440 0.988271 0.000000 0 
1219680.000000 0.955864 1219680.000000 0.955864 0.989919 0.000000 0 
1506960.000000 0.847381 1506960.000000 0.847381 0.992431 0.000000 0 
1300560.000000 0.908244 1300560.000000 0.908244 0.954950 0.000000 0 
1455840.000000 0.859841 1455840.000000 0.859841 0.999207 0.000000 0 
1403280.000000 0.874468 1403280.000000 0.874468 0.997134 0.000000 0 
1146720.000000 1.087481 1146720.000000 1.087481 0.993467 0.000000 0 
1885920.000000 0.828065 1885920.000000 0.828065 0.988641 0.000000 0 
1232880.000000 0.953016 1232880.000000 0.953016 0.973745 0.000000 0 
1179600.000000 1.040299 1179600.000000 1.040299 0.981605 0.000000 0 
1413120.000000 0.873151 1413120.000000 0.873151 0.964196 0.000000 0 
1361280.000000 0.884379 1361280.000000 0.884379 0.969906 0.000000 0 
1839600.000000 0.828135 1839600.000000 0.828135 0.983805 0.000000 0 
1579440.000000 0.838260 1579440.000000 0.838260 0.987713 0.000000 0 
1477440.000000 0.853645 1477440.000000 0.853645 0.971097 0.000000 0 
1218720.000000 0.985978 1218720.000000 0.985978 0.983001 0.000000 0 
1403280.000000 0.874468 1403280.000000 0.874468 0.997134 0.000000 0 
1107600.000000 1.565200 1107600.000000 1.565200 0.987629 0.000000 0 
1285440.000000 0.917006 1285440.000000 0.917006 0.987972 0.000000 0 
1266240.000000 0.923158 1266240.000000 0.923158 0.987231 0.000000 0 
1234800.000000 0.952357 1234800.000000 0.952357 0.987954 0.000000 0 
1132080.000000 1.560195 1132080.000000 1.560195 0.978739 0.000000 0 
1537920.000000 0.843806 1537920.000000 0.843806 0.987984 0.000000 0 
1235280.000000 0.945292 1235280.000000 0.945292 0.949642 0.000000 0 
1379280.000000 0.879863 1379280.000000 0.879863 0.961749 0.000000 0 
1151520.000000 1.260694 1151520.000000 1.260694 0.997216 0.000000 1 
1150800.000000 1.424018 1150800.000000 1.424018 0.977906 0.000000 1 
1875360.000000 0.829607 1875360.000000 0.829607 0.987375 0.000000 1 
1158960.000000 1.090809 1158960.000000 1.090809 0.960883 0.000000 1 
1158960.000000 1.090809 1158960.000000 1.090809 0.960883 0.000000 1 
1534560.000000 0.852023 1534560.000000 0.852023 0.980253 0.000000 1 
1184160.000000 1.022453 1184160.000000 1.022453 0.987106 0.000000 1 
1500240.000000 0.857867 1500240.000000 0.857867 0.998366 0.000000 1 
1183440.000000 1.041033 1183440.000000 1.041033 0.962397 0.000000 1 
1590960.000000 0.838641 1590960.000000 0.838641 0.988514 0.000000 1 
1270320.000000 0.924579 1270320.000000 0.924579 0.964078 0.000000 1 
1550160.000000 0.843036 1550160.000000 0.843036 0.987040 0.000000 1 
1522080.000000 0.854778 1522080.000000 0.854778 0.971902 0.000000 1 
1222320.000000 0.982472 1222320.000000 0.982472 0.978385 0.000000 1 
1311360.000000 0.909099 1311360.000000 0.909099 0.968661 0.000000 1 
1226160.000000 0.965040 1226160.000000 0.965040 0.957017 0.000000 1 
1376160.000000 0.885677 1376160.000000 0.885677 0.998124 0.000000 1 
1362960.000000 0.887324 1362960.000000 0.887324 0.968619 0.000000 1 
#Generacion: 1000 
#Distancia: 203.883131 
1701600.000000 0.821053 1701600.000000 0.821053 0.996055 0.000000 0 
1039200.000000 1.844957 1039200.000000 1.844957 0.991772 0.000000 0 
1064160.000000 1.435154 1064160.000000 1.435154 0.975953 0.000000 0 
1071600.000000 1.331043 1071600.000000 1.331043 0.998525 0.000000 0 
1619280.000000 0.821959 1619280.000000 0.821959 0.992971 0.000000 0 
1089120.000000 1.189252 1089120.000000 1.189252 0.976656 0.000000 0 
1069680.000000 1.422084 1069680.000000 1.422084 0.978168 0.000000 0 
1080240.000000 1.288009 1080240.000000 1.288009 0.997905 0.000000 0 
1689120.000000 0.821545 1689120.000000 0.821545 0.997192 0.000000 0 
1177680.000000 0.998345 1177680.000000 0.998345 0.998146 0.000000 0 
1108800.000000 1.138789 1108800.000000 1.138789 0.993678 0.000000 0 
1080240.000000 1.288009 1080240.000000 1.288009 0.997905 0.000000 0 
1383120.000000 0.877543 1383120.000000 0.877543 0.998832 0.000000 0 
1111440.000000 1.114297 1111440.000000 1.114297 0.983206 0.000000 0 
1158000.000000 1.010990 1158000.000000 1.010990 0.993299 0.000000 0 
1486080.000000 0.843644 1486080.000000 0.843644 0.976960 0.000000 0 
1609440.000000 0.827153 1609440.000000 0.827153 0.988909 0.000000 0 
1357920.000000 0.878339 1357920.000000 0.878339 0.954309 0.000000 0 
1122000.000000 1.060942 1122000.000000 1.060942 0.986339 0.000000 0 
1112160.000000 1.088346 1112160.000000 1.088346 0.980083 0.000000 0 
1120800.000000 1.082339 1120800.000000 1.082339 0.979587 0.000000 0 
1512240.000000 0.842176 1512240.000000 0.842176 0.981988 0.000000 0 
1147680.000000 1.040977 1147680.000000 1.040977 0.978666 0.000000 0 
1251600.000000 0.919441 1251600.000000 0.919441 0.962721 0.000000 0 
1095360.000000 1.184703 1095360.000000 1.184703 0.987662 0.000000 0 
1197120.000000 0.974727 1197120.000000 0.974727 0.976719 0.000000 0 
1155120.000000 1.024068 1155120.000000 1.024068 0.982637 0.000000 0 
1265040.000000 0.917127 1265040.000000 0.917127 0.971980 0.000000 0 
1482960.000000 0.849904 1482960.000000 0.849904 0.974563 0.000000 0 
1317600.000000 0.893658 1317600.000000 0.893658 0.961903 0.000000 0 
1105200.000000 1.165968 1105200.000000 1.165968 0.996408 0.000000 0 
1142880.000000 1.045218 1142880.000000 1.045218 0.989042 0.000000 0 
1331040.000000 0.892408 1331040.000000 0.892408 0.961488 0.000000 0 
1520880.000000 0.841417 1520880.000000 0.841417 0.978960 0.000000 0 
1432080.000000 0.859011 1432080.000000 0.859011 0.982529 0.000000 0 
1201200.000000 0.963147 1201200.000000 0.963147 0.985229 0.000000 0 
1588560.000000 0.827363 1588560.000000 0.827363 0.988165 0.000000 0 
1098480.000000 1.167632 1098480.000000 1.167632 0.996473 0.000000 0 
1442640.000000 0.857578 1442640.000000 0.857578 0.990382 0.000000 0 
1423200.000000 0.860818 1423200.000000 0.860818 0.982577 0.000000 0 
1206960.000000 0.957042 1206960.000000 0.957042 0.974476 0.000000 0 
1563840.000000 0.831426 1563840.000000 0.831426 0.977438 0.000000 0 
1468080.000000 0.851022 1468080.000000 0.851022 0.988929 0.000000 0 
1571280.000000 0.828757 1571280.000000 0.828757 0.979484 0.000000 0 
1458240.000000 0.853852 1458240.000000 0.853852 0.971734 0.000000 0 
1212720.000000 0.949465 1212720.000000 0.949465 0.975317 0.000000 0 
1296480.000000 0.904908 1296480.000000 0.904908 0.967855 0.000000 0 
1533120.000000 0.841087 1533120.000000 0.841087 0.976505 0.000000 0 
1283760.000000 0.908863 1283760.000000 0.908863 0.967248 0.000000 0 
1351200.000000 0.879151 1351200.000000 0.879151 0.967842 0.000000 0 
1128480.000000 1.045836 1128480.000000 1.045836 0.985692 0.000000 0 
1413840.000000 0.867094 1413840.000000 0.867094 0.981092 0.000000 0 
1276080.000000 0.911325 1276080.000000 0.911325 0.972774 0.000000 0 
1346640.000000 0.886354 1346640.000000 0.886354 0.971749 0.000000 0 
1313280.000000 0.900099 1313280.000000 0.900099 0.984557 0.000000 0 
1290960.000000 0.908400 1290960.000000 0.908400 0.966477 0.000000 0 
1128480.000000 1.045836 1128480.000000 1.045836 0.985692 0.000000 0 
1270800.000000 0.913871 1270800.000000 0.913871 0.976638 0.000000 0 
1185120.000000 0.987164 1185120.000000 0.987164 0.969732 0.000000 0 
1547280.000000 0.839440 1547280.000000 0.839440 0.988271 0.000000 0 
1401360.000000 0.868354 1401360.000000 0.868354 0.982356 0.000000 0 
1235280.000000 0.945292 1235280.000000 0.945292 0.949642 0.000000 0 
1064160.000000 1.435154 1064160.000000 1.435154 0.975953 0.000000 0 
1415520.000000 0.865178 1415520.000000 0.865178 0.973914 0.000000 0 
1304400.000000 0.902878 1304400.000000 0.902878 0.959847 0.000000 0 
1219200.000000 0.949033 1219200.000000 0.949033 0.959306 0.000000 0 
1695120.000000 0.821201 1695120.000000 0.821201 0.995815 0.000000 0 
1337760.000000 0.890947 1337760.000000 0.890947 0.965900 0.000000 0 
1227120.000000 0.945373 1227120.000000 0.945373 0.960257 0.000000 0 
1241040.000000 0.936330 1241040.000000 0.936330 0.978610 0.000000 0 
1246800.000000 0.926187 1246800.000000 0.926187 0.991259 0.000000 0 
1398240.000000 0.872072 1398240.000000 0.872072 0.980509 0.000000 0 
1555200.000000 0.833249 1555200.000000 0.833249 0.981789 0.000000 0 
1554000.000000 0.835054 1554000.000000 0.835054 0.981716 0.000000 0 
1340880.000000 0.887944 1340880.000000 0.887944 0.981117 0.000000 0 
1190880.000000 0.983224 1190880.000000 0.983224 0.981417 0.000000 0 
1466880.000000 0.853802 1466880.000000 0.853802 0.971771 0.000000 0 
1236720.000000 0.938448 1236720.000000 0.938448 0.984398 0.000000 0 
1157760.000000 1.021134 1157760.000000 1.021134 0.983997 0.000000 0 
1390800.000000 0.872836 1390800.000000 0.872836 0.976368 0.000000 0 
1307520.000000 0.901780 1307520.000000 0.901780 0.991908 0.000000 0 
1224960.000000 0.948528 1224960.000000 0.948528 0.987782 0.000000 0 
1246800.000000 0.926187 1246800.000000 0.926187 0.991259 0.000000 0 
1579920.000000 0.828172 1579920.000000 0.828172 0.979833 0.000000 0 
1588560.000000 0.827363 1588560.000000 0.827363 0.988165 0.000000 0 
1512240.000000 0.842176 1512240.000000 0.842176 0.981988 0.000000 0 
1449600.000000 0.854232 1449600.000000 0.854232 0.975531 0.000000 0 
1579920.000000 0.828172 1579920.000000 0.828172 0.979833 0.000000 0 
1449600.000000 0.854232 1449600.000000 0.854232 0.975531 0.000000 0 
1190880.000000 0.983224 1190880.000000 0.983224 0.981417 0.000000 0 
1185120.000000 0.987164 1185120.000000 0.987164 0.969732 0.000000 0 
1390800.000000 0.872836 1390800.000000 0.872836 0.976368 0.000000 0 
1104240.000000 1.166366 1104240.000000 1.166366 0.996461 0.000000 0 
1701600.000000 0.821053 1701600.000000 0.821053 0.996055 0.000000 0 
1689120.000000 0.821545 1689120.000000 0.821545 0.997192 0.000000 0 
1241040.000000 0.936330 1241040.000000 0.936330 0.978610 0.000000 0 
1056720.000000 1.463753 1056720.000000 1.463753 0.995474 0.000000 0 
1185120.000000 0.987164 1185120.000000 0.987164 0.969732 0.000000 0 
1537200.000000 0.840364 1537200.000000 0.840364 0.981936 0.000000 0 
1540560.000000 0.840154 1540560.000000 0.840154 0.977179 0.000000 0 
#Generacion: 1500 
#Distancia: 204.661919 
1024080.000000 1.854718 1024080.000000 1.854718 0.993386 0.000000 0 
1730160.000000 0.809879 1730160.000000 0.809879 0.994768 0.000000 0 
1037760.000000 1.794783 1037760.000000 1.794783 0.992585 0.000000 0 
1048080.000000 1.427210 1048080.000000 1.427210 0.992474 0.000000 0 
1074960.000000 1.230264 1074960.000000 1.230264 0.989956 0.000000 0 
1087200.000000 1.153782 1087200.000000 1.153782 0.996919 0.000000 0 
1097280.000000 1.073254 1097280.000000 1.073254 0.984517 0.000000 0 
1083360.000000 1.159268 1083360.000000 1.159268 0.992495 0.000000 0 
1053600.000000 1.416294 1053600.000000 1.416294 0.996205 0.000000 0 
1068000.000000 1.248432 1068000.000000 1.248432 0.991903 0.000000 0 
1055280.000000 1.335674 1055280.000000 1.335674 0.996970 0.000000 0 
1555680.000000 0.828208 1555680.000000 0.828208 0.981401 0.000000 0 
1522320.000000 0.831293 1522320.000000 0.831293 0.995828 0.000000 0 
1036320.000000 1.847705 1036320.000000 1.847705 0.997037 0.000000 0 
1066800.000000 1.301992 1066800.000000 1.301992 0.993256 0.000000 0 
1062000.000000 1.331831 1062000.000000 1.331831 0.997276 0.000000 0 
1640400.000000 0.815753 1640400.000000 0.815753 0.986332 0.000000 0 
1213440.000000 0.948429 1213440.000000 0.948429 0.974545 0.000000 0 
1393440.000000 0.861680 1393440.000000 0.861680 0.980476 0.000000 0 
1680720.000000 0.814993 1680720.000000 0.814993 0.988469 0.000000 0 
1435920.000000 0.856717 1435920.000000 0.856717 0.992556 0.000000 0 
1412880.000000 0.858488 1412880.000000 0.858488 0.982853 0.000000 0 
1662720.000000 0.815061 1662720.000000 0.815061 0.987887 0.000000 0 
1110240.000000 1.062297 1110240.000000 1.062297 0.997387 0.000000 0 
1172400.000000 0.977603 1172400.000000 0.977603 0.989363 0.000000 0 
1309920.000000 0.894789 1309920.000000 0.894789 0.959119 0.000000 0 
1066800.000000 1.301992 1066800.000000 1.301992 0.993256 0.000000 0 
1468560.000000 0.846052 1468560.000000 0.846052 0.964933 0.000000 0 
1417920.000000 0.857995 1417920.000000 0.857995 0.994735 0.000000 0 
1700640.000000 0.813202 1700640.000000 0.813202 0.991925 0.000000 0 
1191600.000000 0.963684 1191600.000000 0.963684 0.978673 0.000000 0 
1318800.000000 0.889919 1318800.000000 0.889919 0.978332 0.000000 0 
1181040.000000 0.974274 1181040.000000 0.974274 0.990100 0.000000 0 
1480080.000000 0.839480 1480080.000000 0.839480 0.979195 0.000000 0 
1164720.000000 0.997346 1164720.000000 0.997346 0.988874 0.000000 0 
1237200.000000 0.926919 1237200.000000 0.926919 0.980012 0.000000 0 
1566720.000000 0.824435 1566720.000000 0.824435 0.993524 0.000000 0 
1224000.000000 0.929594 1224000.000000 0.929594 0.985867 0.000000 0 
1344720.000000 0.884622 1344720.000000 0.884622 0.978774 0.000000 0 
1654080.000000 0.815322 1654080.000000 0.815322 0.985009 0.000000 0 
1574880.000000 0.822055 1574880.000000 0.822055 0.980238 0.000000 0 
1487520.000000 0.839410 1487520.000000 0.839410 0.981004 0.000000 0 
1273680.000000 0.903750 1273680.000000 0.903750 0.978198 0.000000 0 
1689120.000000 0.813251 1689120.000000 0.813251 0.990045 0.000000 0 
1097280.000000 1.073254 1097280.000000 1.073254 0.984517 0.000000 0 
1389840.000000 0.869081 1389840.000000 0.869081 0.974602 0.000000 0 
1611600.000000 0.818758 1611600.000000 0.818758 0.997295 0.000000 0 
1592160.000000 0.819953 1592160.000000 0.819953 0.984550 0.000000 0 
1357920.000000 0.878339 1357920.000000 0.878339 0.954309 0.000000 0 
1710720.000000 0.810355 1710720.000000 0.810355 0.992686 0.000000 0 
1266720.000000 0.912104 1266720.000000 0.912104 0.965886 0.000000 0 
1153680.000000 1.001143 1153680.000000 1.001143 0.982250 0.000000 0 
1146960.000000 1.019772 1146960.000000 1.019772 0.992204 0.000000 0 
1511040.000000 0.836534 1511040.000000 0.836534 0.983400 0.000000 0 
1122240.000000 1.047730 1122240.000000 1.047730 0.976437 0.000000 0 
1586880.000000 0.821698 1586880.000000 0.821698 0.994090 0.000000 0 
1261680.000000 0.914964 1261680.000000 0.914964 0.994484 0.000000 0 
1298640.000000 0.898759 1298640.000000 0.898759 0.969408 0.000000 0 
1331280.000000 0.884993 1331280.000000 0.884993 0.971183 0.000000 0 
1281600.000000 0.902597 1281600.000000 0.902597 0.969662 0.000000 0 
1140960.000000 1.026303 1140960.000000 1.026303 0.990924 0.000000 0 
1623840.000000 0.817150 1623840.000000 0.817150 0.981790 0.000000 0 
1350240.000000 0.879037 1350240.000000 0.879037 0.967322 0.000000 0 
1251360.000000 0.916900 1251360.000000 0.916900 0.979466 0.000000 0 
1140480.000000 1.036470 1140480.000000 1.036470 0.985962 0.000000 0 
1460160.000000 0.846649 1460160.000000 0.846649 0.981309 0.000000 0 
1455600.000000 0.851267 1455600.000000 0.851267 0.983414 0.000000 0 
1131840.000000 1.038108 1131840.000000 1.038108 0.986784 0.000000 0 
1127520.000000 1.041373 1127520.000000 1.041373 0.990357 0.000000 0 
1368480.000000 0.876204 1368480.000000 0.876204 0.951784 0.000000 0 
1329600.000000 0.889108 1329600.000000 0.889108 0.976915 0.000000 0 
1122000.000000 1.060942 1122000.000000 1.060942 0.986339 0.000000 0 
1239840.000000 0.918455 1239840.000000 0.918455 0.983714 0.000000 0 
1290000.000000 0.901262 1290000.000000 0.901262 0.973038 0.000000 0 
1447440.000000 0.852158 1447440.000000 0.852158 0.975200 0.000000 0 
1224000.000000 0.929594 1224000.000000 0.929594 0.985867 0.000000 0 
1518720.000000 0.835902 1518720.000000 0.835902 0.997551 0.000000 0 
1381920.000000 0.874631 1381920.000000 0.874631 0.965708 0.000000 0 
1441440.000000 0.852527 1441440.000000 0.852527 0.983078 0.000000 0 
1206960.000000 0.949736 1206960.000000 0.949736 0.976483 0.000000 0 
1500480.000000 0.837392 1500480.000000 0.837392 0.982492 0.000000 0 
1163520.000000 0.999071 1163520.000000 0.999071 0.985787 0.000000 0 
1623840.000000 0.817150 1623840.000000 0.817150 0.981790 0.000000 0 
1611600.000000 0.818758 1611600.000000 0.818758 0.997295 0.000000 0 
1204800.000000 0.957024 1204800.000000 0.957024 0.965711 0.000000 0 
1052880.000000 1.425859 1052880.000000 1.425859 0.992512 0.000000 0 
1116000.000000 1.061857 1116000.000000 1.061857 0.996378 0.000000 0 
1246560.000000 0.918224 1246560.000000 0.918224 0.964963 0.000000 0 
1029840.000000 1.854587 1029840.000000 1.854587 0.991471 0.000000 0 
1710720.000000 0.810355 1710720.000000 0.810355 0.992686 0.000000 0 
1200240.000000 0.959134 1200240.000000 0.959134 0.979014 0.000000 0 
1197360.000000 0.963582 1197360.000000 0.963582 0.978245 0.000000 0 
1371840.000000 0.875279 1371840.000000 0.875279 0.977672 0.000000 0 
1153680.000000 1.001143 1153680.000000 1.001143 0.982250 0.000000 0 
1500480.000000 0.837392 1500480.000000 0.837392 0.982492 0.000000 0 
1032000.000000 1.848371 1032000.000000 1.848371 0.995410 0.000000 0 
1175280.000000 0.974276 1175280.000000 0.974276 0.984731 0.000000 0 
1379040.000000 0.874771 1379040.000000 0.874771 0.970215 0.000000 0 
1146960.000000 1.019772 1146960.000000 1.019772 0.992204 0.000000 0 
1295520.000000 0.900704 1295520.000000 0.900704 0.961045 0.000000 0 
#Generacion: 2000 
#Distancia: 225.600909 
1010400.000000 1.859478 1010400.000000 1.859478 0.996818 0.000000 0 
1795680.000000 0.806969 1795680.000000 0.806969 0.998342 0.000000 0 
1010400.000000 1.859478 1010400.000000 1.859478 0.996818 0.000000 0 
1022160.000000 1.820937 1022160.000000 1.820937 0.992270 0.000000 0 
1024080.000000 1.460939 1024080.000000 1.460939 0.988584 0.000000 0 
1062720.000000 1.283722 1062720.000000 1.283722 0.996948 0.000000 0 
1066080.000000 1.206937 1066080.000000 1.206937 0.986590 0.000000 0 
1735440.000000 0.807444 1735440.000000 0.807444 0.992205 0.000000 0 
1043280.000000 1.311760 1043280.000000 1.311760 0.993142 0.000000 0 
1787760.000000 0.807221 1787760.000000 0.807221 0.997726 0.000000 0 
1094160.000000 1.072747 1094160.000000 1.072747 0.996434 0.000000 0 
1038720.000000 1.382539 1038720.000000 1.382539 0.988430 0.000000 0 
1074720.000000 1.200241 1074720.000000 1.200241 0.985935 0.000000 0 
1091520.000000 1.132803 1091520.000000 1.132803 0.990823 0.000000 0 
1078560.000000 1.160067 1078560.000000 1.160067 0.996784 0.000000 0 
1111200.000000 1.061457 1111200.000000 1.061457 0.995242 0.000000 0 
1115280.000000 1.023254 1115280.000000 1.023254 0.992593 0.000000 0 
1017120.000000 1.821027 1017120.000000 1.821027 0.990732 0.000000 0 
1182720.000000 0.962895 1182720.000000 0.962895 0.981251 0.000000 0 
1087200.000000 1.153782 1087200.000000 1.153782 0.996919 0.000000 0 
1615920.000000 0.816856 1615920.000000 0.816856 0.986215 0.000000 0 
1290000.000000 0.901262 1290000.000000 0.901262 0.973038 0.000000 0 
1123920.000000 1.022874 1123920.000000 1.022874 0.991687 0.000000 0 
1134480.000000 1.006799 1134480.000000 1.006799 0.981440 0.000000 0 
1305360.000000 0.891205 1305360.000000 0.891205 0.974493 0.000000 0 
1035120.000000 1.413065 1035120.000000 1.413065 0.999951 0.000000 0 
1234080.000000 0.918314 1234080.000000 0.918314 0.983991 0.000000 0 
1596000.000000 0.818226 1596000.000000 0.818226 0.990305 0.000000 0 
1462320.000000 0.840663 1462320.000000 0.840663 0.980104 0.000000 0 
1224240.000000 0.927953 1224240.000000 0.927953 0.988592 0.000000 0 
1164720.000000 0.975943 1164720.000000 0.975943 0.997540 0.000000 0 
1399200.000000 0.860620 1399200.000000 0.860620 0.981274 0.000000 0 
1254240.000000 0.913041 1254240.000000 0.913041 0.984205 0.000000 0 
1692720.000000 0.810390 1692720.000000 0.810390 0.988685 0.000000 0 
1025520.000000 1.436899 1025520.000000 1.436899 0.998075 0.000000 0 
1164240.000000 0.993486 1164240.000000 0.993486 0.980714 0.000000 0 
1325520.000000 0.884889 1325520.000000 0.884889 0.970740 0.000000 0 
1035840.000000 1.400553 1035840.000000 1.400553 0.997987 0.000000 0 
1269120.000000 0.911402 1269120.000000 0.911402 0.994572 0.000000 0 
1408800.000000 0.855847 1408800.000000 0.855847 0.966825 0.000000 0 
1417440.000000 0.849824 1417440.000000 0.849824 0.986967 0.000000 0 
1104960.000000 1.070333 1104960.000000 1.070333 0.997837 0.000000 0 
1309200.000000 0.885713 1309200.000000 0.885713 0.961151 0.000000 0 
1352400.000000 0.875467 1352400.000000 0.875467 0.963456 0.000000 0 
1708320.000000 0.809790 1708320.000000 0.809790 0.991896 0.000000 0 
1339680.000000 0.877037 1339680.000000 0.877037 0.974923 0.000000 0 
1059360.000000 1.299789 1059360.000000 1.299789 0.995161 0.000000 0 
1476000.000000 0.839428 1476000.000000 0.839428 0.981390 0.000000 0 
1245120.000000 0.916107 1245120.000000 0.916107 0.988024 0.000000 0 
1498080.000000 0.833282 1498080.000000 0.833282 0.993306 0.000000 0 
1556400.000000 0.823096 1556400.000000 0.823096 0.996674 0.000000 0 
1429680.000000 0.848868 1429680.000000 0.848868 0.978992 0.000000 0 
1576800.000000 0.821563 1576800.000000 0.821563 0.995398 0.000000 0 
1654800.000000 0.813834 1654800.000000 0.813834 0.993494 0.000000 0 
1138320.000000 1.000829 1138320.000000 1.000829 0.993506 0.000000 0 
1371360.000000 0.866417 1371360.000000 0.866417 0.969764 0.000000 0 
1050720.000000 1.300182 1050720.000000 1.300182 0.995929 0.000000 0 
1588080.000000 0.818912 1588080.000000 0.818912 0.988064 0.000000 0 
1567920.000000 0.822261 1567920.000000 0.822261 0.987955 0.000000 0 
1530000.000000 0.829903 1530000.000000 0.829903 0.997194 0.000000 0 
1669200.000000 0.812916 1669200.000000 0.812916 0.997447 0.000000 0 
1725840.000000 0.807908 1725840.000000 0.807908 0.992258 0.000000 0 
1202880.000000 0.949468 1202880.000000 0.949468 0.972176 0.000000 0 
1203840.000000 0.939569 1203840.000000 0.939569 0.987628 0.000000 0 
1333440.000000 0.882669 1333440.000000 0.882669 0.969502 0.000000 0 
1627440.000000 0.816238 1627440.000000 0.816238 0.989223 0.000000 0 
1091520.000000 1.132803 1091520.000000 1.132803 0.990823 0.000000 0 
1032000.000000 1.435484 1032000.000000 1.435484 0.991102 0.000000 0 
1386000.000000 0.862267 1386000.000000 0.862267 0.969595 0.000000 0 
1682160.000000 0.811074 1682160.000000 0.811074 0.991425 0.000000 0 
1451040.000000 0.843209 1451040.000000 0.843209 0.975080 0.000000 0 
1024080.000000 1.460939 1024080.000000 1.460939 0.988584 0.000000 0 
1511280.000000 0.830738 1511280.000000 0.830738 0.996485 0.000000 0 
1195200.000000 0.955441 1195200.000000 0.955441 0.984373 0.000000 0 
1437600.000000 0.846224 1437600.000000 0.846224 0.984504 0.000000 0 
1273680.000000 0.903750 1273680.000000 0.903750 0.978198 0.000000 0 
1716240.000000 0.809234 1716240.000000 0.809234 0.994826 0.000000 0 
1541280.000000 0.823952 1541280.000000 0.823952 0.990143 0.000000 0 
1213680.000000 0.937045 1213680.000000 0.937045 0.996051 0.000000 0 
1151760.000000 1.000097 1151760.000000 1.000097 0.988461 0.000000 0 
1281600.000000 0.902597 1281600.000000 0.902597 0.969662 0.000000 0 
1484640.000000 0.838152 1484640.000000 0.838152 0.999806 0.000000 0 
1190160.000000 0.958226 1190160.000000 0.958226 0.994003 0.000000 0 
1380960.000000 0.862763 1380960.000000 0.862763 0.966225 0.000000 0 
1153680.000000 0.996920 1153680.000000 0.996920 0.990942 0.000000 0 
1219440.000000 0.935894 1219440.000000 0.935894 0.987646 0.000000 0 
1492080.000000 0.836788 1492080.000000 0.836788 0.994662 0.000000 0 
1038720.000000 1.382539 1038720.000000 1.382539 0.988430 0.000000 0 
1046160.000000 1.311206 1046160.000000 1.311206 0.977085 0.000000 0 
1356720.000000 0.867038 1356720.000000 0.867038 0.985298 0.000000 0 
1545840.000000 0.823785 1545840.000000 0.823785 0.994391 0.000000 0 
1531440.000000 0.829644 1531440.000000 0.829644 0.997832 0.000000 0 
1446240.000000 0.845366 1446240.000000 0.845366 0.986741 0.000000 0 
1648080.000000 0.814534 1648080.000000 0.814534 0.984842 0.000000 0 
1361760.000000 0.866539 1361760.000000 0.866539 0.964138 0.000000 0 
1511280.000000 0.830738 1511280.000000 0.830738 0.996485 0.000000 0 
1673520.000000 0.811180 1673520.000000 0.811180 0.990971 0.000000 0 
1640160.000000 0.814734 1640160.000000 0.814734 0.998988 0.000000 0 
1635120.000000 0.815806 1635120.000000 0.815806 0.987752 0.000000 0 
1164720.000000 0.975943 1164720.000000 0.975943 0.997540 0.000000 0 
#Generacion: 2500 
#Distancia: 257.502727 
1895760.000000 0.799960 1895760.000000 0.799960 0.986761 0.000000 0 
996960.000000 1.836068 996960.000000 1.836068 0.995536 0.000000 0 
996960.000000 1.836068 996960.000000 1.836068 0.995536 0.000000 0 
1014480.000000 1.420978 1014480.000000 1.420978 0.995079 0.000000 0 
1014240.000000 1.835708 1014240.000000 1.835708 0.997488 0.000000 0 
1024560.000000 1.313265 1024560.000000 1.313265 0.999911 0.000000 0 
1023120.000000 1.411941 1023120.000000 1.411941 0.994829 0.000000 0 
1066560.000000 1.091466 1066560.000000 1.091466 0.994776 0.000000 0 
1066320.000000 1.172690 1066320.000000 1.172690 0.997644 0.000000 0 
1040880.000000 1.250346 1040880.000000 1.250346 0.989031 0.000000 0 
1053120.000000 1.236532 1053120.000000 1.236532 0.995603 0.000000 0 
1056480.000000 1.184934 1056480.000000 1.184934 0.984859 0.000000 0 
1025520.000000 1.293192 1025520.000000 1.293192 0.995773 0.000000 0 
1145760.000000 0.980585 1145760.000000 0.980585 0.988704 0.000000 0 
1106640.000000 1.026110 1106640.000000 1.026110 0.994661 0.000000 0 
1642320.000000 0.812345 1642320.000000 0.812345 0.991254 0.000000 0 
1096080.000000 1.053109 1096080.000000 1.053109 0.988103 0.000000 0 
1668000.000000 0.811198 1668000.000000 0.811198 0.982211 0.000000 0 
1078800.000000 1.074153 1078800.000000 1.074153 0.994868 0.000000 0 
1164720.000000 0.975845 1164720.000000 0.975845 0.995364 0.000000 0 
1749120.000000 0.806733 1749120.000000 0.806733 0.993598 0.000000 0 
1382400.000000 0.858608 1382400.000000 0.858608 0.983349 0.000000 0 
1332240.000000 0.877066 1332240.000000 0.877066 0.966242 0.000000 0 
1493040.000000 0.831930 1493040.000000 0.831930 0.999859 0.000000 0 
1087440.000000 1.053492 1087440.000000 1.053492 0.991440 0.000000 0 
1842000.000000 0.802566 1842000.000000 0.802566 0.991048 0.000000 0 
1444800.000000 0.845629 1444800.000000 0.845629 0.980209 0.000000 0 
1234080.000000 0.918314 1234080.000000 0.918314 0.983991 0.000000 0 
1138320.000000 1.000829 1138320.000000 1.000829 0.993506 0.000000 0 
1347120.000000 0.868867 1347120.000000 0.868867 0.985216 0.000000 0 
1511280.000000 0.830738 1511280.000000 0.830738 0.996485 0.000000 0 
1251360.000000 0.915252 1251360.000000 0.915252 0.987865 0.000000 0 
1394160.000000 0.853806 1394160.000000 0.853806 0.984670 0.000000 0 
1705920.000000 0.808348 1705920.000000 0.808348 0.991940 0.000000 0 
1419120.000000 0.846456 1419120.000000 0.846456 0.978284 0.000000 0 
1891920.000000 0.800745 1891920.000000 0.800745 0.994923 0.000000 0 
1809360.000000 0.804184 1809360.000000 0.804184 0.992222 0.000000 0 
1169520.000000 0.963135 1169520.000000 0.963135 0.999748 0.000000 0 
1180320.000000 0.959292 1180320.000000 0.959292 0.986402 0.000000 0 
1770960.000000 0.805606 1770960.000000 0.805606 0.992771 0.000000 0 
1269120.000000 0.905129 1269120.000000 0.905129 0.990268 0.000000 0 
1078080.000000 1.087598 1078080.000000 1.087598 0.992598 0.000000 0 
1292160.000000 0.900376 1292160.000000 0.900376 0.963443 0.000000 0 
1406640.000000 0.850543 1406640.000000 0.850543 0.981107 0.000000 0 
1261440.000000 0.912618 1261440.000000 0.912618 0.986949 0.000000 0 
1462320.000000 0.840663 1462320.000000 0.840663 0.980104 0.000000 0 
1320480.000000 0.880115 1320480.000000 0.880115 0.994205 0.000000 0 
1122000.000000 1.018624 1122000.000000 1.018624 0.988021 0.000000 0 
1866000.000000 0.800867 1866000.000000 0.800867 0.992479 0.000000 0 
1579680.000000 0.819048 1579680.000000 0.819048 0.987482 0.000000 0 
1607520.000000 0.817617 1607520.000000 0.817617 0.986704 0.000000 0 
1627440.000000 0.814081 1627440.000000 0.814081 0.997078 0.000000 0 
1562160.000000 0.820699 1562160.000000 0.820699 0.987640 0.000000 0 
1866000.000000 0.800867 1866000.000000 0.800867 0.992479 0.000000 0 
1481760.000000 0.837883 1481760.000000 0.837883 0.993714 0.000000 0 
1365600.000000 0.862908 1365600.000000 0.862908 0.985218 0.000000 0 
1189920.000000 0.954133 1189920.000000 0.954133 0.986936 0.000000 0 
1820880.000000 0.803745 1820880.000000 0.803745 0.995278 0.000000 0 
1044480.000000 1.238838 1044480.000000 1.238838 0.998451 0.000000 0 
1735440.000000 0.807258 1735440.000000 0.807258 0.992581 0.000000 0 
1223040.000000 0.922010 1223040.000000 0.922010 0.981163 0.000000 0 
1791120.000000 0.804243 1791120.000000 0.804243 0.992211 0.000000 0 
1294800.000000 0.882885 1294800.000000 0.882885 0.974829 0.000000 0 
1523760.000000 0.829930 1523760.000000 0.829930 0.997488 0.000000 0 
1618800.000000 0.814868 1618800.000000 0.814868 0.996746 0.000000 0 
1213680.000000 0.932534 1213680.000000 0.932534 0.985997 0.000000 0 
1131840.000000 1.012033 1131840.000000 1.012033 0.979474 0.000000 0 
1310160.000000 0.881951 1310160.000000 0.881951 0.976267 0.000000 0 
1833360.000000 0.803321 1833360.000000 0.803321 0.990475 0.000000 0 
1545840.000000 0.823785 1545840.000000 0.823785 0.994391 0.000000 0 
1596000.000000 0.818226 1596000.000000 0.818226 0.990305 0.000000 0 
1115280.000000 1.023254 1115280.000000 1.023254 0.992593 0.000000 0 
1473840.000000 0.839016 1473840.000000 0.839016 0.994579 0.000000 0 
1451040.000000 0.843209 1451040.000000 0.843209 0.975080 0.000000 0 
1190400.000000 0.942298 1190400.000000 0.942298 0.996172 0.000000 0 
1681680.000000 0.810978 1681680.000000 0.810978 0.982870 0.000000 0 
1205040.000000 0.938766 1205040.000000 0.938766 0.998709 0.000000 0 
1064160.000000 1.183447 1064160.000000 1.183447 0.995215 0.000000 0 
1726080.000000 0.808082 1726080.000000 0.808082 0.991568 0.000000 0 
1356720.000000 0.867038 1356720.000000 0.867038 0.985298 0.000000 0 
1557600.000000 0.823074 1557600.000000 0.823074 0.994135 0.000000 0 
1695600.000000 0.808809 1695600.000000 0.808809 0.995915 0.000000 0 
1218240.000000 0.927764 1218240.000000 0.927764 0.974225 0.000000 0 
1025520.000000 1.293192 1025520.000000 1.293192 0.995773 0.000000 0 
1279680.000000 0.901598 1279680.000000 0.901598 0.992103 0.000000 0 
1531440.000000 0.827272 1531440.000000 0.827272 0.999826 0.000000 0 
1200480.000000 0.941331 1200480.000000 0.941331 0.993989 0.000000 0 
1014240.000000 1.835708 1014240.000000 1.835708 0.997488 0.000000 0 
1537200.000000 0.824970 1537200.000000 0.824970 0.997196 0.000000 0 
996960.000000 1.836068 996960.000000 1.836068 0.995536 0.000000 0 
1586160.000000 0.818403 1586160.000000 0.818403 0.988878 0.000000 0 
1018080.000000 1.411994 1018080.000000 1.411994 0.998946 0.000000 0 
1134480.000000 1.006799 1134480.000000 1.006799 0.981440 0.000000 0 
1299840.000000 0.882257 1299840.000000 0.882257 0.975785 0.000000 0 
1786320.000000 0.804783 1786320.000000 0.804783 0.992378 0.000000 0 
1776000.000000 0.805436 1776000.000000 0.805436 0.992988 0.000000 0 
1417440.000000 0.849824 1417440.000000 0.849824 0.986967 0.000000 0 
1687920.000000 0.809406 1687920.000000 0.809406 0.995115 0.000000 0 
1283520.000000 0.901229 1283520.000000 0.901229 0.987329 0.000000 0 
1361520.000000 0.863387 1361520.000000 0.863387 0.983053 0.000000 0 
#Generacion: 3000 
#Distancia: 289.174545 
984720.000000 1.921388 984720.000000 1.921388 0.996545 0.000000 0 
1876560.000000 0.799610 1876560.000000 0.799610 0.997939 0.000000 0 
991440.000000 1.908378 991440.000000 1.908378 0.999432 0.000000 0 
992880.000000 1.586584 992880.000000 1.586584 0.999497 0.000000 0 
1006800.000000 1.435976 1006800.000000 1.435976 0.996305 0.000000 0 
1004880.000000 1.545792 1004880.000000 1.545792 0.991204 0.000000 0 
1018080.000000 1.393739 1018080.000000 1.393739 0.983456 0.000000 0 
1018560.000000 1.306540 1018560.000000 1.306540 0.994966 0.000000 0 
1040400.000000 1.225634 1040400.000000 1.225634 0.988433 0.000000 0 
1056960.000000 1.113058 1056960.000000 1.113058 0.994360 0.000000 0 
1042560.000000 1.149827 1042560.000000 1.149827 0.995582 0.000000 0 
1027920.000000 1.281299 1027920.000000 1.281299 0.994266 0.000000 0 
1029120.000000 1.230347 1029120.000000 1.230347 0.982228 0.000000 0 
1083120.000000 1.041350 1083120.000000 1.041350 0.989120 0.000000 0 
1681680.000000 0.810978 1681680.000000 0.810978 0.982870 0.000000 0 
998160.000000 1.546094 998160.000000 1.546094 0.994838 0.000000 0 
1050240.000000 1.147699 1050240.000000 1.147699 0.995267 0.000000 0 
1272480.000000 0.892396 1272480.000000 0.892396 0.987000 0.000000 0 
992880.000000 1.586584 992880.000000 1.586584 0.999497 0.000000 0 
1012080.000000 1.406106 1012080.000000 1.406106 0.997596 0.000000 0 
1437840.000000 0.838695 1437840.000000 0.838695 0.992131 0.000000 0 
1703520.000000 0.808339 1703520.000000 0.808339 0.996563 0.000000 0 
1098000.000000 1.028396 1098000.000000 1.028396 0.994109 0.000000 0 
1849680.000000 0.801110 1849680.000000 0.801110 0.996870 0.000000 0 
1802640.000000 0.804149 1802640.000000 0.804149 0.992696 0.000000 0 
1161840.000000 0.958797 1161840.000000 0.958797 0.979736 0.000000 0 
1462320.000000 0.838006 1462320.000000 0.838006 0.982135 0.000000 0 
1262400.000000 0.905153 1262400.000000 0.905153 0.989085 0.000000 0 
1115280.000000 1.023254 1115280.000000 1.023254 0.992593 0.000000 0 
1176720.000000 0.953543 1176720.000000 0.953543 0.994996 0.000000 0 
1655280.000000 0.811095 1655280.000000 0.811095 0.997548 0.000000 0 
1756560.000000 0.805789 1756560.000000 0.805789 0.993716 0.000000 0 
1358880.000000 0.862490 1358880.000000 0.862490 0.985374 0.000000 0 
1533360.000000 0.825732 1533360.000000 0.825732 0.996329 0.000000 0 
1074960.000000 1.069383 1074960.000000 1.069383 0.990667 0.000000 0 
1507440.000000 0.829678 1507440.000000 0.829678 0.984220 0.000000 0 
1240080.000000 0.912355 1240080.000000 0.912355 0.980177 0.000000 0 
1770960.000000 0.805514 1770960.000000 0.805514 0.995359 0.000000 0 
1572960.000000 0.820139 1572960.000000 0.820139 0.986063 0.000000 0 
1493760.000000 0.831842 1493760.000000 0.831842 0.977157 0.000000 0 
1290720.000000 0.887905 1290720.000000 0.887905 0.984139 0.000000 0 
1316400.000000 0.876489 1316400.000000 0.876489 0.971756 0.000000 0 
1831200.000000 0.801474 1831200.000000 0.801474 0.995750 0.000000 0 
1345440.000000 0.864908 1345440.000000 0.864908 0.982434 0.000000 0 
1021920.000000 1.294613 1021920.000000 1.294613 0.998593 0.000000 0 
1125840.000000 1.007536 1125840.000000 1.007536 0.994227 0.000000 0 
1520880.000000 0.827817 1520880.000000 0.827817 0.999413 0.000000 0 
1008240.000000 1.428353 1008240.000000 1.428353 0.995041 0.000000 0 
1547760.000000 0.822813 1547760.000000 0.822813 0.992758 0.000000 0 
1058880.000000 1.079859 1058880.000000 1.079859 0.991668 0.000000 0 
1865040.000000 0.799809 1865040.000000 0.799809 0.996299 0.000000 0 
1252080.000000 0.910328 1252080.000000 0.910328 0.987604 0.000000 0 
1715040.000000 0.807957 1715040.000000 0.807957 0.998272 0.000000 0 
1140480.000000 1.000293 1140480.000000 1.000293 0.994393 0.000000 0 
1558560.000000 0.821436 1558560.000000 0.821436 0.981291 0.000000 0 
1739760.000000 0.806179 1739760.000000 0.806179 0.993063 0.000000 0 
1303440.000000 0.880675 1303440.000000 0.880675 0.974296 0.000000 0 
1373280.000000 0.860068 1373280.000000 0.860068 0.986162 0.000000 0 
1206480.000000 0.921258 1206480.000000 0.921258 0.979202 0.000000 0 
1481760.000000 0.835067 1481760.000000 0.835067 0.981378 0.000000 0 
1382400.000000 0.858608 1382400.000000 0.858608 0.983349 0.000000 0 
1595280.000000 0.817280 1595280.000000 0.817280 0.989520 0.000000 0 
1225680.000000 0.915241 1225680.000000 0.915241 0.978403 0.000000 0 
1430640.000000 0.843693 1430640.000000 0.843693 0.986564 0.000000 0 
1335600.000000 0.870236 1335600.000000 0.870236 0.987200 0.000000 0 
1586160.000000 0.818403 1586160.000000 0.818403 0.988878 0.000000 0 
1058880.000000 1.079859 1058880.000000 1.079859 0.991668 0.000000 0 
1074960.000000 1.069383 1074960.000000 1.069383 0.990667 0.000000 0 
1394400.000000 0.853575 1394400.000000 0.853575 0.993254 0.000000 0 
1325280.000000 0.870592 1325280.000000 0.870592 0.978389 0.000000 0 
1220880.000000 0.919555 1220880.000000 0.919555 0.980314 0.000000 0 
1154400.000000 0.969606 1154400.000000 0.969606 0.983497 0.000000 0 
1419120.000000 0.846456 1419120.000000 0.846456 0.978284 0.000000 0 
1610640.000000 0.816376 1610640.000000 0.816376 0.993786 0.000000 0 
1195440.000000 0.931134 1195440.000000 0.931134 0.991127 0.000000 0 
1650960.000000 0.812336 1650960.000000 0.812336 0.991308 0.000000 0 
1189440.000000 0.941677 1189440.000000 0.941677 0.980472 0.000000 0 
1181760.000000 0.942083 1181760.000000 0.942083 0.983918 0.000000 0 
1411440.000000 0.848934 1411440.000000 0.848934 0.984289 0.000000 0 
1470240.000000 0.835324 1470240.000000 0.835324 0.977717 0.000000 0 
1106640.000000 1.026110 1106640.000000 1.026110 0.994661 0.000000 0 
1142880.000000 0.986719 1142880.000000 0.986719 0.996816 0.000000 0 
1399920.000000 0.849988 1399920.000000 0.849988 0.981379 0.000000 0 
1128240.000000 1.002940 1128240.000000 1.002940 0.997278 0.000000 0 
1820640.000000 0.801849 1820640.000000 0.801849 0.995990 0.000000 0 
1197120.000000 0.922937 1197120.000000 0.922937 0.997488 0.000000 0 
1294800.000000 0.882885 1294800.000000 0.882885 0.974829 0.000000 0 
1145760.000000 0.980585 1145760.000000 0.980585 0.988704 0.000000 0 
1786320.000000 0.805449 1786320.000000 0.805449 0.995186 0.000000 0 
1153680.000000 0.978326 1153680.000000 0.978326 0.997319 0.000000 0 
1788240.000000 0.805272 1788240.000000 0.805272 0.994110 0.000000 0 
1634400.000000 0.813024 1634400.000000 0.813024 0.987207 0.000000 0 
985680.000000 1.908475 985680.000000 1.908475 0.999682 0.000000 0 
1731120.000000 0.807794 1731120.000000 0.807794 0.997832 0.000000 0 
1621920.000000 0.814685 1621920.000000 0.814685 0.986484 0.000000 0 
1634400.000000 0.813024 1634400.000000 0.813024 0.987207 0.000000 0 
1617120.000000 0.816248 1617120.000000 0.816248 0.993811 0.000000 0 
1820640.000000 0.801849 1820640.000000 0.801849 0.995990 0.000000 0 
1731120.000000 0.807794 1731120.000000 0.807794 0.997832 0.000000 0 
1042560.000000 1.149827 1042560.000000 1.149827 0.995582 0.000000 0 
#Generacion: 3500 
#Distancia: 290.076465 
979920.000000 1.939434 979920.000000 1.939434 0.996433 0.000000 0 
1876320.000000 0.791907 1876320.000000 0.791907 0.974593 0.000000 0 
986640.000000 1.377574 986640.000000 1.377574 0.997463 0.000000 0 
985680.000000 1.908475 985680.000000 1.908475 0.999682 0.000000 0 
1727520.000000 0.800798 1727520.000000 0.800798 0.971210 0.000000 0 
1845120.000000 0.800549 1845120.000000 0.800549 0.996110 0.000000 0 
1004880.000000 1.244204 1004880.000000 1.244204 0.997948 0.000000 0 
1028400.000000 1.223364 1028400.000000 1.223364 0.993176 0.000000 0 
1001520.000000 1.317563 1001520.000000 1.317563 0.998630 0.000000 0 
1078800.000000 1.029207 1078800.000000 1.029207 0.988486 0.000000 0 
997440.000000 1.349284 997440.000000 1.349284 0.994908 0.000000 0 
1031040.000000 1.161148 1031040.000000 1.161148 0.995579 0.000000 0 
1505760.000000 0.828723 1505760.000000 0.828723 0.997155 0.000000 0 
1670400.000000 0.802785 1670400.000000 0.802785 0.975239 0.000000 0 
1184880.000000 0.924395 1184880.000000 0.924395 0.997261 0.000000 0 
1036080.000000 1.111454 1036080.000000 1.111454 0.999635 0.000000 0 
1031040.000000 1.161148 1031040.000000 1.161148 0.995579 0.000000 0 
1445280.000000 0.836054 1445280.000000 0.836054 0.988199 0.000000 0 
1473360.000000 0.830364 1473360.000000 0.830364 0.997406 0.000000 0 
1482000.000000 0.830262 1482000.000000 0.830262 0.996636 0.000000 0 
1311840.000000 0.876393 1311840.000000 0.876393 0.974849 0.000000 0 
1271520.000000 0.888861 1271520.000000 0.888861 0.993108 0.000000 0 
1589760.000000 0.815031 1589760.000000 0.815031 0.972784 0.000000 0 
996240.000000 1.376615 996240.000000 1.376615 0.994163 0.000000 0 
1123440.000000 0.988411 1123440.000000 0.988411 0.991919 0.000000 0 
1855200.000000 0.797431 1855200.000000 0.797431 0.973122 0.000000 0 
1721040.000000 0.800921 1721040.000000 0.800921 0.974456 0.000000 0 
1173120.000000 0.943431 1173120.000000 0.943431 0.982062 0.000000 0 
1630080.000000 0.811692 1630080.000000 0.811692 0.981905 0.000000 0 
1696320.000000 0.802080 1696320.000000 0.802080 0.980461 0.000000 0 
1331760.000000 0.873973 1331760.000000 0.873973 0.972978 0.000000 0 
984720.000000 1.921388 984720.000000 1.921388 0.996545 0.000000 0 
1528800.000000 0.826014 1528800.000000 0.826014 0.985627 0.000000 0 
1152960.000000 0.964392 1152960.000000 0.964392 0.997399 0.000000 0 
1001520.000000 1.317563 1001520.000000 1.317563 0.998630 0.000000 0 
1263120.000000 0.902899 1263120.000000 0.902899 0.989702 0.000000 0 
1691280.000000 0.802184 1691280.000000 0.802184 0.980088 0.000000 0 
1114800.000000 1.009147 1114800.000000 1.009147 0.980742 0.000000 0 
1303440.000000 0.880675 1303440.000000 0.880675 0.974296 0.000000 0 
1371120.000000 0.857462 1371120.000000 0.857462 0.995928 0.000000 0 
1362000.000000 0.862165 1362000.000000 0.862165 0.979868 0.000000 0 
1121520.000000 1.001936 1121520.000000 1.001936 0.984624 0.000000 0 
1548960.000000 0.820650 1548960.000000 0.820650 0.985773 0.000000 0 
1284000.000000 0.887084 1284000.000000 0.887084 0.989931 0.000000 0 
1142160.000000 0.976745 1142160.000000 0.976745 0.982762 0.000000 0 
1291920.000000 0.883417 1291920.000000 0.883417 0.992250 0.000000 0 
1350240.000000 0.862646 1350240.000000 0.862646 0.984611 0.000000 0 
1565040.000000 0.820518 1565040.000000 0.820518 0.985897 0.000000 0 
1200720.000000 0.921276 1200720.000000 0.921276 0.984180 0.000000 0 
1053360.000000 1.093893 1053360.000000 1.093893 0.991023 0.000000 0 
1649280.000000 0.806400 1649280.000000 0.806400 0.989602 0.000000 0 
1215120.000000 0.918140 1215120.000000 0.918140 0.979923 0.000000 0 
1140000.000000 0.983489 1140000.000000 0.983489 0.996212 0.000000 0 
1636800.000000 0.807995 1636800.000000 0.807995 0.990199 0.000000 0 
1057920.000000 1.081154 1057920.000000 1.081154 0.991549 0.000000 0 
1425360.000000 0.842920 1425360.000000 0.842920 0.989955 0.000000 0 
1021440.000000 1.230776 1021440.000000 1.230776 0.986353 0.000000 0 
1382880.000000 0.856859 1382880.000000 0.856859 0.995442 0.000000 0 
1225680.000000 0.915241 1225680.000000 0.915241 0.978403 0.000000 0 
1608960.000000 0.812763 1608960.000000 0.812763 0.970706 0.000000 0 
1168080.000000 0.943868 1168080.000000 0.943868 0.981613 0.000000 0 
1162560.000000 0.958001 1162560.000000 0.958001 0.981005 0.000000 0 
1250640.000000 0.907799 1250640.000000 0.907799 0.990760 0.000000 0 
1044720.000000 1.103782 1044720.000000 1.103782 0.992307 0.000000 0 
1107120.000000 1.017313 1107120.000000 1.017313 0.981436 0.000000 0 
1608960.000000 0.812763 1608960.000000 0.812763 0.970706 0.000000 0 
1578720.000000 0.816501 1578720.000000 0.816501 0.994893 0.000000 0 
1058160.000000 1.070994 1058160.000000 1.070994 0.996904 0.000000 0 
1098000.000000 1.028396 1098000.000000 1.028396 0.994109 0.000000 0 
1069200.000000 1.069644 1069200.000000 1.069644 0.991639 0.000000 0 
1405680.000000 0.849337 1405680.000000 0.849337 0.978566 0.000000 0 
1391520.000000 0.854870 1391520.000000 0.854870 0.978171 0.000000 0 
1339680.000000 0.864845 1339680.000000 0.864845 0.983185 0.000000 0 
1397040.000000 0.850923 1397040.000000 0.850923 0.994126 0.000000 0 
1412400.000000 0.846360 1412400.000000 0.846360 0.980436 0.000000 0 
1106640.000000 1.026110 1106640.000000 1.026110 0.994661 0.000000 0 
1014480.000000 1.243387 1014480.000000 1.243387 0.994003 0.000000 0 
1239120.000000 0.909341 1239120.000000 0.909341 0.981864 0.000000 0 
1206480.000000 0.921258 1206480.000000 0.921258 0.979202 0.000000 0 
1572960.000000 0.820139 1572960.000000 0.820139 0.986063 0.000000 0 
1021200.000000 1.242909 1021200.000000 1.242909 0.993378 0.000000 0 
1050240.000000 1.102104 1050240.000000 1.102104 0.998238 0.000000 0 
1259280.000000 0.907551 1259280.000000 0.907551 0.980345 0.000000 0 
1437840.000000 0.838695 1437840.000000 0.838695 0.992131 0.000000 0 
1421040.000000 0.846167 1421040.000000 0.846167 0.980962 0.000000 0 
1336800.000000 0.869263 1336800.000000 0.869263 0.976515 0.000000 0 
1036080.000000 1.111454 1036080.000000 1.111454 0.999635 0.000000 0 
1157520.000000 0.958219 1157520.000000 0.958219 0.980498 0.000000 0 
1234560.000000 0.914604 1234560.000000 0.914604 0.984787 0.000000 0 
1649280.000000 0.806400 1649280.000000 0.806400 0.989602 0.000000 0 
1533360.000000 0.825732 1533360.000000 0.825732 0.996329 0.000000 0 
1849920.000000 0.799869 1849920.000000 0.799869 0.971227 0.000000 0 
985680.000000 1.908475 985680.000000 1.908475 0.999682 0.000000 0 
1542000.000000 0.822758 1542000.000000 0.822758 0.990033 0.000000 0 
1540320.000000 0.823667 1540320.000000 0.823667 0.990822 0.000000 0 
1098000.000000 1.028396 1098000.000000 1.028396 0.994109 0.000000 0 
1437840.000000 0.838695 1437840.000000 0.838695 0.992131 0.000000 0 
1238880.000000 0.914376 1238880.000000 0.914376 0.984957 0.000000 0 
1141920.000000 0.981801 1141920.000000 0.981801 0.978550 0.000000 0 
1073520.000000 1.063178 1073520.000000 1.063178 0.996238 0.000000 0 
#Generacion: 4000 
#Distancia: 267.114646 
1955280.000000 0.789715 1955280.000000 0.789715 0.982212 0.000000 0 
952080.000000 1.941451 952080.000000 1.941451 0.991349 0.000000 0 
977280.000000 1.524295 977280.000000 1.524295 0.995198 0.000000 0 
971280.000000 1.941050 971280.000000 1.941050 0.990741 0.000000 0 
981840.000000 1.377508 981840.000000 1.377508 0.998071 0.000000 0 
1771920.000000 0.792701 1771920.000000 0.792701 0.990075 0.000000 0 
997440.000000 1.349276 997440.000000 1.349276 0.997783 0.000000 0 
1876320.000000 0.791907 1876320.000000 0.791907 0.974593 0.000000 0 
999600.000000 1.251506 999600.000000 1.251506 0.999731 0.000000 0 
1007760.000000 1.243385 1007760.000000 1.243385 0.992965 0.000000 0 
1017600.000000 1.161464 1017600.000000 1.161464 0.992344 0.000000 0 
1916640.000000 0.790095 1916640.000000 0.790095 0.973716 0.000000 0 
1676640.000000 0.799653 1676640.000000 0.799653 0.996905 0.000000 0 
1058160.000000 1.070994 1058160.000000 1.070994 0.996904 0.000000 0 
1711680.000000 0.798801 1711680.000000 0.798801 0.981914 0.000000 0 
1306080.000000 0.871828 1306080.000000 0.871828 0.993364 0.000000 0 
1904160.000000 0.791416 1904160.000000 0.791416 0.974286 0.000000 0 
1725600.000000 0.796160 1725600.000000 0.796160 0.989053 0.000000 0 
1036080.000000 1.111454 1036080.000000 1.111454 0.999635 0.000000 0 
994320.000000 1.376338 994320.000000 1.376338 0.994963 0.000000 0 
1115760.000000 1.007091 1115760.000000 1.007091 0.990414 0.000000 0 
1067520.000000 1.048380 1067520.000000 1.048380 0.997985 0.000000 0 
1955280.000000 0.789715 1955280.000000 0.789715 0.982212 0.000000 0 
1017600.000000 1.161464 1017600.000000 1.161464 0.992344 0.000000 0 
1022640.000000 1.123787 1022640.000000 1.123787 0.991454 0.000000 0 
1091280.000000 1.016415 1091280.000000 1.016415 0.998169 0.000000 0 
1330800.000000 0.868970 1330800.000000 0.868970 0.985539 0.000000 0 
1501680.000000 0.822298 1501680.000000 0.822298 0.993027 0.000000 0 
1618080.000000 0.806556 1618080.000000 0.806556 0.991966 0.000000 0 
1479600.000000 0.828613 1479600.000000 0.828613 0.997587 0.000000 0 
1756800.000000 0.794968 1756800.000000 0.794968 0.991462 0.000000 0 
1520880.000000 0.819677 1520880.000000 0.819677 0.999321 0.000000 0 
1371120.000000 0.857462 1371120.000000 0.857462 0.995928 0.000000 0 
1048080.000000 1.075553 1048080.000000 1.075553 0.992209 0.000000 0 
1133280.000000 0.976942 1133280.000000 0.976942 0.977581 0.000000 0 
1253280.000000 0.900135 1253280.000000 0.900135 0.998730 0.000000 0 
1183680.000000 0.922500 1183680.000000 0.922500 0.996275 0.000000 0 
1351200.000000 0.859568 1351200.000000 0.859568 0.990315 0.000000 0 
1571040.000000 0.810878 1571040.000000 0.810878 0.992760 0.000000 0 
1271520.000000 0.888861 1271520.000000 0.888861 0.993108 0.000000 0 
1636560.000000 0.805414 1636560.000000 0.805414 0.987518 0.000000 0 
1876320.000000 0.791907 1876320.000000 0.791907 0.974593 0.000000 0 
1265040.000000 0.898062 1265040.000000 0.898062 0.994085 0.000000 0 
1076160.000000 1.046583 1076160.000000 1.046583 0.998782 0.000000 0 
1493280.000000 0.827855 1493280.000000 0.827855 0.998478 0.000000 0 
1445280.000000 0.836054 1445280.000000 0.836054 0.988199 0.000000 0 
1146480.000000 0.964234 1146480.000000 0.964234 0.995815 0.000000 0 
1591200.000000 0.809519 1591200.000000 0.809519 0.985517 0.000000 0 
1038480.000000 1.094397 1038480.000000 1.094397 0.991753 0.000000 0 
1045200.000000 1.092009 1045200.000000 1.092009 0.991553 0.000000 0 
1298400.000000 0.880139 1298400.000000 0.880139 0.989354 0.000000 0 
1660080.000000 0.803572 1660080.000000 0.803572 0.999362 0.000000 0 
1165440.000000 0.943491 1165440.000000 0.943491 0.999887 0.000000 0 
1644720.000000 0.804659 1644720.000000 0.804659 0.993853 0.000000 0 
1153920.000000 0.944344 1153920.000000 0.944344 0.999426 0.000000 0 
1149840.000000 0.954218 1149840.000000 0.954218 0.993465 0.000000 0 
1140960.000000 0.974823 1140960.000000 0.974823 0.977943 0.000000 0 
1022640.000000 1.123787 1022640.000000 1.123787 0.991454 0.000000 0 
1605600.000000 0.808911 1605600.000000 0.808911 0.992531 0.000000 0 
1284000.000000 0.887084 1284000.000000 0.887084 0.989931 0.000000 0 
1078800.000000 1.029207 1078800.000000 1.029207 0.988486 0.000000 0 
1462320.000000 0.831195 1462320.000000 0.831195 0.991918 0.000000 0 
1181040.000000 0.941277 1181040.000000 0.941277 0.999980 0.000000 0 
1116240.000000 0.981776 1116240.000000 0.981776 0.995893 0.000000 0 
1566240.000000 0.814498 1566240.000000 0.814498 0.991895 0.000000 0 
1244160.000000 0.908894 1244160.000000 0.908894 0.982665 0.000000 0 
1216320.000000 0.915032 1216320.000000 0.915032 0.995288 0.000000 0 
1422480.000000 0.845674 1422480.000000 0.845674 0.982357 0.000000 0 
1430880.000000 0.842856 1430880.000000 0.842856 0.991033 0.000000 0 
1459920.000000 0.832883 1459920.000000 0.832883 0.993938 0.000000 0 
1116240.000000 0.981776 1116240.000000 0.981776 0.995893 0.000000 0 
1205520.000000 0.917135 1205520.000000 0.917135 0.997288 0.000000 0 
1551840.000000 0.814514 1551840.000000 0.814514 0.995098 0.000000 0 
1337280.000000 0.867209 1337280.000000 0.867209 0.990145 0.000000 0 
1531440.000000 0.819529 1531440.000000 0.819529 0.983075 0.000000 0 
1348560.000000 0.865412 1348560.000000 0.865412 0.986467 0.000000 0 
1412400.000000 0.846360 1412400.000000 0.846360 0.980436 0.000000 0 
1290720.000000 0.883741 1290720.000000 0.883741 0.990092 0.000000 0 
1437840.000000 0.838695 1437840.000000 0.838695 0.992131 0.000000 0 
1105680.000000 1.015232 1105680.000000 1.015232 0.994563 0.000000 0 
1667760.000000 0.801565 1667760.000000 0.801565 0.994605 0.000000 0 
965520.000000 1.941366 965520.000000 1.941366 0.990972 0.000000 0 
1402560.000000 0.846394 1402560.000000 0.846394 0.994392 0.000000 0 
1397040.000000 0.850923 1397040.000000 0.850923 0.994126 0.000000 0 
1231920.000000 0.913342 1231920.000000 0.913342 0.985104 0.000000 0 
1540080.000000 0.817942 1540080.000000 0.817942 0.986473 0.000000 0 
1192320.000000 0.919674 1192320.000000 0.919674 0.996531 0.000000 0 
1078800.000000 1.029207 1078800.000000 1.029207 0.988486 0.000000 0 
1178640.000000 0.943178 1178640.000000 0.943178 0.982730 0.000000 0 
1387440.000000 0.851110 1387440.000000 0.851110 0.999355 0.000000 0 
1756800.000000 0.794968 1756800.000000 0.794968 0.991462 0.000000 0 
1224960.000000 0.914112 1224960.000000 0.914112 0.993973 0.000000 0 
1716960.000000 0.797310 1716960.000000 0.797310 0.989308 0.000000 0 
1239120.000000 0.909341 1239120.000000 0.909341 0.981864 0.000000 0 
1102800.000000 1.015250 1102800.000000 1.015250 0.997999 0.000000 0 
1199040.000000 0.919585 1199040.000000 0.919585 0.996693 0.000000 0 
1001040.000000 1.243668 1001040.000000 1.243668 0.994244 0.000000 0 
1596240.000000 0.809233 1596240.000000 0.809233 0.982399 0.000000 0 
1548240.000000 0.817889 1548240.000000 0.817889 0.996742 0.000000 0 
1376640.000000 0.852582 1376640.000000 0.852582 0.997627 0.000000 0 
#Generacion: 4500 
#Distancia: 285.555556 
945600.000000 1.926323 945600.000000 1.926323 0.999770 0.000000 0 
945600.000000 1.926323 945600.000000 1.926323 0.999770 0.000000 0 
1960320.000000 0.783051 1960320.000000 0.783051 0.989597 0.000000 0 
975360.000000 1.350503 975360.000000 1.350503 0.994300 0.000000 0 
964320.000000 1.810540 964320.000000 1.810540 0.998613 0.000000 0 
957600.000000 1.864444 957600.000000 1.864444 0.988920 0.000000 0 
983280.000000 1.333365 983280.000000 1.333365 0.991132 0.000000 0 
993600.000000 1.248113 993600.000000 1.248113 0.998943 0.000000 0 
1012560.000000 1.226328 1012560.000000 1.226328 0.988440 0.000000 0 
1017600.000000 1.161464 1017600.000000 1.161464 0.992344 0.000000 0 
1927680.000000 0.784793 1927680.000000 0.784793 0.990748 0.000000 0 
950640.000000 1.925565 950640.000000 1.925565 0.999202 0.000000 0 
1840320.000000 0.787939 1840320.000000 0.787939 0.994109 0.000000 0 
1889280.000000 0.786786 1889280.000000 0.786786 0.990209 0.000000 0 
964320.000000 1.810540 964320.000000 1.810540 0.998613 0.000000 0 
1815120.000000 0.790091 1815120.000000 0.790091 0.995772 0.000000 0 
1058880.000000 1.069059 1058880.000000 1.069059 0.997383 0.000000 0 
1774080.000000 0.790303 1774080.000000 0.790303 0.986799 0.000000 0 
1895040.000000 0.786105 1895040.000000 0.786105 0.991060 0.000000 0 
1074000.000000 1.032346 1074000.000000 1.032346 0.998020 0.000000 0 
1021440.000000 1.148975 1021440.000000 1.148975 0.999486 0.000000 0 
1722240.000000 0.794221 1722240.000000 0.794221 0.995148 0.000000 0 
1106880.000000 0.998636 1106880.000000 0.998636 0.994437 0.000000 0 
1658400.000000 0.801293 1658400.000000 0.801293 0.977480 0.000000 0 
1549920.000000 0.812363 1549920.000000 0.812363 0.999682 0.000000 0 
1239120.000000 0.909341 1239120.000000 0.909341 0.981864 0.000000 0 
1481520.000000 0.823327 1481520.000000 0.823327 0.995176 0.000000 0 
1743360.000000 0.792596 1743360.000000 0.792596 0.988160 0.000000 0 
1048080.000000 1.075553 1048080.000000 1.075553 0.992209 0.000000 0 
1474320.000000 0.831127 1474320.000000 0.831127 0.971966 0.000000 0 
1000320.000000 1.230133 1000320.000000 1.230133 0.996783 0.000000 0 
1604880.000000 0.805904 1604880.000000 0.805904 0.997669 0.000000 0 
1297440.000000 0.872657 1297440.000000 0.872657 0.990529 0.000000 0 
1590000.000000 0.807855 1590000.000000 0.807855 0.992981 0.000000 0 
1149840.000000 0.954218 1149840.000000 0.954218 0.993465 0.000000 0 
1267680.000000 0.886808 1267680.000000 0.886808 0.988051 0.000000 0 
1181040.000000 0.941277 1181040.000000 0.941277 0.999980 0.000000 0 
1088880.000000 1.028176 1088880.000000 1.028176 0.990886 0.000000 0 
1098240.000000 1.013064 1098240.000000 1.013064 0.992456 0.000000 0 
1436640.000000 0.836421 1436640.000000 0.836421 0.990968 0.000000 0 
1141200.000000 0.962777 1141200.000000 0.962777 0.986336 0.000000 0 
1638960.000000 0.802808 1638960.000000 0.802808 0.976269 0.000000 0 
1183680.000000 0.922500 1183680.000000 0.922500 0.996275 0.000000 0 
1162320.000000 0.950477 1162320.000000 0.950477 0.993044 0.000000 0 
1327200.000000 0.865226 1327200.000000 0.865226 0.994712 0.000000 0 
1499760.000000 0.820577 1499760.000000 0.820577 0.998313 0.000000 0 
1416960.000000 0.845446 1416960.000000 0.845446 0.995430 0.000000 0 
1351200.000000 0.859568 1351200.000000 0.859568 0.990315 0.000000 0 
1339680.000000 0.861569 1339680.000000 0.861569 0.993598 0.000000 0 
1569120.000000 0.811665 1569120.000000 0.811665 0.997119 0.000000 0 
1205520.000000 0.917135 1205520.000000 0.917135 0.997288 0.000000 0 
1402560.000000 0.846394 1402560.000000 0.846394 0.994392 0.000000 0 
1219920.000000 0.910268 1219920.000000 0.910268 0.991485 0.000000 0 
1425360.000000 0.838204 1425360.000000 0.838204 0.993662 0.000000 0 
1673040.000000 0.800366 1673040.000000 0.800366 0.971132 0.000000 0 
1682640.000000 0.797515 1682640.000000 0.797515 0.993445 0.000000 0 
1124880.000000 0.973721 1124880.000000 0.973721 0.992546 0.000000 0 
1537920.000000 0.817148 1537920.000000 0.817148 0.991107 0.000000 0 
1618800.000000 0.803371 1618800.000000 0.803371 0.971151 0.000000 0 
1708560.000000 0.796394 1708560.000000 0.796394 0.993933 0.000000 0 
1067520.000000 1.048380 1067520.000000 1.048380 0.997985 0.000000 0 
1315680.000000 0.868780 1315680.000000 0.868780 0.991042 0.000000 0 
1698000.000000 0.797416 1698000.000000 0.797416 0.993599 0.000000 0 
1370640.000000 0.851673 1370640.000000 0.851673 0.983823 0.000000 0 
1169520.000000 0.942129 1169520.000000 0.942129 0.999495 0.000000 0 
1192320.000000 0.919674 1192320.000000 0.919674 0.996531 0.000000 0 
1364640.000000 0.856000 1364640.000000 0.856000 0.978157 0.000000 0 
1038480.000000 1.094397 1038480.000000 1.094397 0.991753 0.000000 0 
1045200.000000 1.092009 1045200.000000 1.092009 0.991553 0.000000 0 
1265040.000000 0.898062 1265040.000000 0.898062 0.994085 0.000000 0 
1134960.000000 0.971932 1134960.000000 0.971932 0.986533 0.000000 0 
1116240.000000 0.981776 1116240.000000 0.981776 0.995893 0.000000 0 
1031520.000000 1.112857 1031520.000000 1.112857 0.998238 0.000000 0 
1112400.000000 0.987951 1112400.000000 0.987951 0.987673 0.000000 0 
1576800.000000 0.810632 1576800.000000 0.810632 0.999099 0.000000 0 
1454880.000000 0.831240 1454880.000000 0.831240 0.979309 0.000000 0 
1386720.000000 0.850567 1386720.000000 0.850567 0.970683 0.000000 0 
1022640.000000 1.123787 1022640.000000 1.123787 0.991454 0.000000 0 
1036080.000000 1.111454 1036080.000000 1.111454 0.999635 0.000000 0 
1284000.000000 0.883735 1284000.000000 0.883735 0.985211 0.000000 0 
1453680.000000 0.835108 1453680.000000 0.835108 0.983819 0.000000 0 
1091280.000000 1.016415 1091280.000000 1.016415 0.998169 0.000000 0 
998640.000000 1.247848 998640.000000 1.247848 0.996981 0.000000 0 
1246560.000000 0.900309 1246560.000000 0.900309 0.994334 0.000000 0 
1306080.000000 0.871828 1306080.000000 0.871828 0.993364 0.000000 0 
1508400.000000 0.819452 1508400.000000 0.819452 0.998758 0.000000 0 
1758720.000000 0.791067 1758720.000000 0.791067 0.989282 0.000000 0 
1067520.000000 1.048380 1067520.000000 1.048380 0.997985 0.000000 0 
1519920.000000 0.819404 1519920.000000 0.819404 0.996557 0.000000 0 
1629360.000000 0.802957 1629360.000000 0.802957 0.971178 0.000000 0 
1821840.000000 0.789207 1821840.000000 0.789207 0.990933 0.000000 0 
1216320.000000 0.915032 1216320.000000 0.915032 0.995288 0.000000 0 
1253280.000000 0.900135 1253280.000000 0.900135 0.998730 0.000000 0 
1528320.000000 0.818590 1528320.000000 0.818590 0.986435 0.000000 0 
1834080.000000 0.788339 1834080.000000 0.788339 0.988898 0.000000 0 
1393440.000000 0.850524 1393440.000000 0.850524 0.970054 0.000000 0 
1284000.000000 0.883735 1284000.000000 0.883735 0.985211 0.000000 0 
1022640.000000 1.123787 1022640.000000 1.123787 0.991454 0.000000 0 
1754880.000000 0.792288 1754880.000000 0.792288 0.987441 0.000000 0 
1774080.000000 0.790303 1774080.000000 0.790303 0.991050 0.000000 0 
#Generacion: 5000 
#Distancia: 292.118586 
