56288329.484190 54234650.921538 2053680.000000 1.437348 6.423465 54234649.484190 51 
53929058.565091 51756820.159003 2172240.000000 1.593912 6.175682 51756818.565091 46 
53544475106585.578125 53544473222587.859375 1884000.000000 2.280100 5354448.322259 53544473222585.578125 82 
60231947.856468 58400749.337661 1831200.000000 1.481193 6.840075 58400747.856468 57 
51275471.784593 49189393.052216 2086080.000000 1.267623 5.918939 49189391.784593 38 
42194297.682331 40122858.835719 2071440.000000 1.153388 5.012286 40122857.682331 10 
76008513.409458 73939955.675993 2068560.000000 2.266535 8.393995 73939953.409458 68 
76979596.787449 74866399.001434 2113200.000000 2.213985 8.486640 74866396.787449 69 
24445487.919638 22428769.303085 2016720.000000 1.383447 3.242877 22428767.919638 1 
55475757.905493 53496719.862609 1979040.000000 1.957115 6.349672 53496717.905493 49 
66972061.571404 64897983.533638 2074080.000000 1.962234 7.489798 64897981.571404 62 
51947780.099934 49948821.571158 1998960.000000 1.471224 5.994882 49948820.099934 41 
50266260.687089 48388022.094649 1878240.000000 1.407559 5.838802 48388020.687089 36 
2598434861823.232422 2598432940384.473145 1921440.000000 1.240905 259844.294038 2598432940383.232422 77 
10019731344632.720703 10019729459675.015625 1884960.000000 2.294205 1001973.945967 10019729459672.720703 80 
78881880.302595 76808521.978031 2073360.000000 1.675436 8.680852 76808520.302595 71 
43634124.231040 41546365.999254 2087760.000000 1.768214 5.154636 41546364.231040 14 
75839023.371762 73661986.193813 2177040.000000 2.822051 8.366198 73661983.371762 67 
82746962.240176 80652003.676674 2094960.000000 1.436499 9.065200 80652002.240176 74 
43192683.702738 41189885.164017 2002800.000000 1.461279 5.118988 41189883.702738 12 
43899555.454579 41825716.589534 2073840.000000 1.134955 5.182572 41825715.454579 15 
1960930861351626.750000 1960930859376668.000000 1974960.000000 1.322402 196093086.937667 1960930859376666.750000 89 
76129319069336.281250 76129316939577.562500 2129760.000000 1.280952 7612932.693958 76129316939576.281250 83 
78216394.362100 76319916.334301 1896480.000000 1.972201 8.631991 76319914.362100 70 
63777087.502565 62033489.495761 1743600.000000 1.993195 7.203349 62033487.502565 58 
48939004.681307 46754286.636198 2184720.000000 1.954891 5.675428 46754284.681307 30 
41000694.990400 39007256.331709 1993440.000000 1.341309 4.900725 39007254.990400 7 
47353110.265539 45458312.130880 1894800.000000 1.865341 5.545831 45458310.265539 25 
49659730.522477 47690051.806140 1969680.000000 1.283663 5.769005 47690050.522477 34 
52267820.345090 50412862.293072 1854960.000000 1.947981 6.041286 50412860.345090 45 
67445132.434643 65469933.877159 1975200.000000 1.442516 7.546993 65469932.434643 63 
48777189.708361 46869671.088087 1907520.000000 1.379727 5.686967 46869669.708361 30 
52055384.511543 50127946.083121 1927440.000000 1.571578 6.012794 50127944.511543 42 
36667965.390773 34663726.919089 2004240.000000 1.528316 4.466373 34663725.390773 6 
44291703.550696 42250745.294220 2040960.000000 1.743524 5.225074 42250743.550696 17 
80719329387901.703125 80719327431423.968750 1956480.000000 2.273080 8071933.743142 80719327431421.703125 85 
22810042.136274 20726364.094714 2083680.000000 1.958440 3.072636 20726362.136274 0 
66316792.952417 64265514.857188 2051280.000000 1.904771 7.426551 64265512.952417 60 
47281492.172678 45253733.880816 2027760.000000 1.708138 5.525373 45253732.172678 24 
59306743.169265 57419625.250703 1887120.000000 2.081439 6.741962 57419623.169265 56 
85195345915026.812500 85195343931188.375000 1983840.000000 1.558723 8519535.393119 85195343931186.812500 86 
52208036.516219 50250838.697576 1957200.000000 2.181357 6.025084 50250836.516219 44 
42982826.511032 40929148.754476 2053680.000000 2.243444 5.092915 40929146.511032 11 
52124030.057452 50252752.424978 1871280.000000 2.367526 6.025275 50252750.057452 43 
78420977730914.843750 78420975769396.593750 1961520.000000 1.753300 7842098.576939 78420975769394.843750 84 
48991162.635507 47047644.471886 1943520.000000 1.836379 5.704764 47047642.635507 32 
48433472.981078 46308514.429784 2124960.000000 1.448706 5.630851 46308512.981078 28 
68670412.225282 66519293.463593 2151120.000000 1.238312 7.651929 66519292.225282 64 
46770512.140469 44743714.324303 2026800.000000 2.183833 5.474371 44743712.140469 22 
56873232.643636 54817874.603605 2055360.000000 1.959969 6.481787 54817872.643636 52 
79918049.400430 77725170.886422 2192880.000000 1.485992 8.772517 77725169.400430 73 
51803206.241949 49818167.761574 1985040.000000 1.519626 5.981817 49818166.241949 40 
55663193.084003 53660394.782114 2002800.000000 1.698111 6.366039 53660393.084003 50 
58601989.645620 56579510.828253 2022480.000000 1.182634 6.657951 56579509.645620 54 
48890731.928568 46839693.857570 2051040.000000 1.929002 5.683969 46839691.928568 30 
43698501.428645 41888423.077956 1810080.000000 1.649312 5.188842 41888421.428645 15 
43624602.373815 41622763.816401 2001840.000000 1.442586 5.162276 41622762.373815 14 
64905373.068915 62972894.692702 1932480.000000 1.623787 7.297289 62972893.068915 59 
42117441.097605 40116562.855964 2000880.000000 1.758359 5.011656 40116561.097605 9 
79221451.596338 77269053.597774 1952400.000000 2.001437 8.726905 77269051.596338 72 
58438398.112129 56457920.057746 1980480.000000 1.945617 6.645792 56457918.112129 53 
46892282.516387 44938923.942941 1953360.000000 1.426554 5.493892 44938922.516387 23 
30239430.285507 28278392.414995 1961040.000000 2.129487 3.827839 28278390.285507 4 
48617983.661556 46539105.880726 2078880.000000 2.219170 5.653910 46539103.661556 29 
47566972.088462 45624654.309050 1942320.000000 2.220589 5.562465 45624652.088462 26 
72197998.575705 70109280.927849 2088720.000000 2.352145 8.010928 70109278.575705 65 
148274689114882.406250 148274687096003.875000 2018880.000000 1.471837 14827469.709600 148274687096002.406250 88 
44895177.090807 42848458.430801 2046720.000000 1.339994 5.284846 42848457.090807 20 
49894054.760390 48039816.470097 1854240.000000 1.709706 5.803981 48039814.760390 35 
47967205.843078 45742887.051366 2224320.000000 1.208288 5.574289 45742885.843078 27 
115148305.489351 113114546.978424 2033760.000000 1.489073 12.311455 113114545.489351 76 
48878266.029530 46960187.325829 1918080.000000 1.296299 5.696019 46960186.029530 31 
50991828.402003 48917029.698238 2074800.000000 1.296236 5.891703 48917028.402003 37 
46619802.179361 44659723.625942 1960080.000000 1.446582 5.465972 44659722.179361 21 
24845941.978913 22677543.209279 2168400.000000 1.230365 3.267754 22677541.978913 2 
49436264.485853 47398186.274754 2038080.000000 1.788902 5.739818 47398184.485853 33 
44165482.752804 42083004.897302 2082480.000000 2.144498 5.208300 42083002.752804 16 
8404494878663.971680 8404492866985.393555 2011680.000000 1.421917 840450.286698 8404492866983.971680 79 
59488058.965610 57390700.570843 2097360.000000 1.605233 6.739070 57390698.965610 56 
47164574.394981 45357856.377641 1806720.000000 1.982661 5.535785 45357854.394981 24 
4469878305856.229492 4469876322497.896484 1983360.000000 1.666515 446988.632250 4469876322496.229492 78 
48840708.990976 46844630.574845 1996080.000000 1.583870 5.684463 46844628.990976 30 
112376823.288541 110290984.525036 2085840.000000 1.236495 12.029098 110290983.288541 75 
59057634.804770 57051956.245584 2005680.000000 1.440815 6.705195 57051954.804770 55 
31692213.337852 29815655.027151 1876560.000000 1.689299 3.981565 29815653.337852 5 
51649707.678143 49753469.610322 1896240.000000 1.932179 5.975347 49753467.678143 39 
44437560.705113 42375002.173785 2062560.000000 1.468672 5.237500 42375000.705113 18 
66595730.303841 64536051.615182 2059680.000000 1.311341 7.453605 64536050.303841 61 
32402570946155.398438 32402568924876.597656 2021280.000000 1.200736 3240257.892488 32402568924875.398438 81 
43519260.521351 41510462.707824 2008800.000000 2.186473 5.151046 41510460.521351 13 
41653890.847139 39525092.748218 2128800.000000 1.901078 4.952509 39525090.847139 8 
48922975.422375 46946096.857680 1976880.000000 1.435306 5.694610 46946095.422375 31 
54724043.927261 52910845.624335 1813200.000000 1.697074 6.291084 52910843.927261 48 
54482276.594496 52499637.773910 1982640.000000 1.179414 6.249964 52499636.594496 47 
44594162.172476 42608403.649856 1985760.000000 1.477380 5.260840 42608402.172476 19 
74040483.235592 71941444.695809 2099040.000000 1.460217 8.194144 71941443.235592 66 
27174347.194368 25228669.027629 1945680.000000 1.833262 3.522867 25228667.194368 3 
52146012.821945 50169614.671092 1976400.000000 1.849146 6.016961 50169612.821945 43 
88897122107723.718750 88897120145005.390625 1962720.000000 1.670595 8889713.014500 88897120145003.718750 87 
65009291.029279 62804412.336122 2204880.000000 1.306843 7.280441 62804411.029279 59 
#Generacion: 1 
#Distancia: 784.617879 
1477200.000000 0.906524 1477200.000000 0.906524 0.989754 0.000000 0 
1415040.000000 0.944283 1415040.000000 0.944283 0.997607 0.000000 0 
1436640.000000 0.930882 1436640.000000 0.930882 0.987348 0.000000 0 
1637760.000000 0.860728 1637760.000000 0.860728 0.999930 0.000000 0 
1517520.000000 0.881746 1517520.000000 0.881746 0.993498 0.000000 0 
1604160.000000 0.862041 1604160.000000 0.862041 0.972411 0.000000 0 
1386240.000000 1.009251 1386240.000000 1.009251 0.998946 0.000000 0 
1362480.000000 1.069138 1362480.000000 1.069138 0.995417 0.000000 0 
1356720.000000 1.075706 1356720.000000 1.075706 0.997569 0.000000 0 
1406400.000000 0.947988 1406400.000000 0.947988 0.998455 0.000000 0 
1477920.000000 0.897207 1477920.000000 0.897207 0.993642 0.000000 0 
1377120.000000 1.016849 1377120.000000 1.016849 0.996648 0.000000 0 
1532880.000000 0.881590 1532880.000000 0.881590 0.997405 0.000000 0 
1718400.000000 0.856900 1718400.000000 0.856900 0.986263 0.000000 0 
1442400.000000 0.925548 1442400.000000 0.925548 0.993101 0.000000 0 
1386240.000000 1.009251 1386240.000000 1.009251 0.998946 0.000000 0 
1668000.000000 0.859029 1668000.000000 0.859029 0.982429 0.000000 0 
1477200.000000 0.906524 1477200.000000 0.906524 0.989754 0.000000 0 
1421280.000000 0.931100 1421280.000000 0.931100 0.988088 0.000000 0 
1402320.000000 0.952882 1402320.000000 0.952882 0.995522 0.000000 0 
1386960.000000 0.997130 1386960.000000 0.997130 0.982651 0.000000 0 
1406400.000000 0.947988 1406400.000000 0.947988 0.998455 0.000000 0 
1451760.000000 0.906662 1451760.000000 0.906662 0.976666 0.000000 0 
1571760.000000 0.868671 1571760.000000 0.868671 0.969563 0.000000 0 
1649280.000000 0.859512 1649280.000000 0.859512 0.999348 0.000000 0 
1640400.000000 0.860559 1640400.000000 0.860559 0.998225 0.000000 0 
1486080.000000 0.890299 1486080.000000 0.890299 0.979002 0.000000 0 
1533600.000000 0.869077 1533600.000000 0.869077 0.977376 0.000000 0 
1596960.000000 0.865883 1596960.000000 0.865883 0.968840 0.000000 0 
1442400.000000 0.925548 1442400.000000 0.925548 0.993101 0.000000 0 
1710720.000000 0.857362 1710720.000000 0.857362 0.988788 0.000000 0 
1637760.000000 0.860728 1637760.000000 0.860728 0.999930 0.000000 0 
1571760.000000 0.868671 1571760.000000 0.868671 0.969563 0.000000 0 
1649280.000000 0.859512 1649280.000000 0.859512 0.999348 0.000000 0 
1416000.000000 0.936381 1416000.000000 0.936381 0.987360 0.000000 0 
1441440.000000 0.930108 1441440.000000 0.930108 0.981662 0.000000 0 
1391760.000000 0.954067 1391760.000000 0.954067 0.999879 0.000000 0 
1578720.000000 0.867241 1578720.000000 0.867241 0.997980 0.000000 0 
1402320.000000 0.952882 1402320.000000 0.952882 0.995522 0.000000 0 
1372320.000000 1.064191 1372320.000000 1.064191 0.998774 0.000000 0 
1477200.000000 0.906524 1477200.000000 0.906524 0.989754 0.000000 0 
1391760.000000 0.954067 1391760.000000 0.954067 0.999879 0.000000 0 
1691280.000000 0.858005 1691280.000000 0.858005 0.995942 0.000000 0 
1623600.000000 0.860863 1623600.000000 0.860863 0.972982 0.000000 0 
1523280.000000 0.884416 1523280.000000 0.884416 0.985061 0.000000 1 
1606320.000000 0.863946 1606320.000000 0.863946 0.971020 0.000000 1 
1369920.000000 1.070114 1369920.000000 1.070114 0.965788 0.000000 1 
1360320.000000 1.141616 1360320.000000 1.141616 0.999544 0.000000 1 
1482240.000000 0.905909 1482240.000000 0.905909 0.988646 0.000000 1 
1483440.000000 0.904738 1483440.000000 0.904738 0.984973 0.000000 1 
1484640.000000 0.903969 1484640.000000 0.903969 0.972775 0.000000 1 
1381680.000000 1.058212 1381680.000000 1.058212 0.995711 0.000000 1 
1686480.000000 0.859270 1686480.000000 0.859270 0.998959 0.000000 1 
1425120.000000 0.933836 1425120.000000 0.933836 0.983268 0.000000 1 
1430880.000000 0.932746 1430880.000000 0.932746 0.994411 0.000000 1 
1424160.000000 0.934452 1424160.000000 0.934452 0.983058 0.000000 1 
1425120.000000 0.933836 1425120.000000 0.933836 0.983268 0.000000 1 
1407120.000000 0.948359 1407120.000000 0.948359 0.998088 0.000000 1 
1467840.000000 0.915886 1467840.000000 0.915886 0.992458 0.000000 1 
1467840.000000 0.915886 1467840.000000 0.915886 0.992458 0.000000 1 
1454640.000000 0.923158 1454640.000000 0.923158 0.988599 0.000000 1 
1472400.000000 0.915865 1472400.000000 0.915865 0.995258 0.000000 1 
1494720.000000 0.896140 1494720.000000 0.896140 0.986391 0.000000 1 
1503840.000000 0.893258 1503840.000000 0.893258 0.991057 0.000000 1 
1495200.000000 0.893951 1495200.000000 0.893951 0.990522 0.000000 1 
1504080.000000 0.891048 1504080.000000 0.891048 0.973009 0.000000 1 
1514640.000000 0.890457 1514640.000000 0.890457 0.973314 0.000000 1 
1494720.000000 0.896140 1494720.000000 0.896140 0.986391 0.000000 1 
1486560.000000 0.901078 1486560.000000 0.901078 0.989905 0.000000 1 
1486560.000000 0.901078 1486560.000000 0.901078 0.989905 0.000000 1 
1491840.000000 0.897849 1491840.000000 0.897849 0.995571 0.000000 1 
1534080.000000 0.872972 1534080.000000 0.872972 0.972840 0.000000 1 
1533600.000000 0.882115 1533600.000000 0.882115 0.991926 0.000000 1 
1538880.000000 0.869980 1538880.000000 0.869980 0.994768 0.000000 1 
1601760.000000 0.866005 1601760.000000 0.866005 0.974339 0.000000 1 
1449360.000000 0.928671 1449360.000000 0.928671 0.971126 0.000000 1 
1644960.000000 0.860862 1644960.000000 0.860862 0.992280 0.000000 1 
1662240.000000 0.860210 1662240.000000 0.860210 0.992081 0.000000 1 
1662240.000000 0.860210 1662240.000000 0.860210 0.992081 0.000000 1 
1664160.000000 0.860071 1664160.000000 0.860071 0.992388 0.000000 1 
1678800.000000 0.859923 1678800.000000 0.859923 0.991232 0.000000 1 
1423680.000000 0.942560 1423680.000000 0.942560 0.995361 0.000000 1 
1423680.000000 0.942560 1423680.000000 0.942560 0.995361 0.000000 1 
1478640.000000 0.908568 1478640.000000 0.908568 0.986225 0.000000 1 
1395120.000000 0.983562 1395120.000000 0.983562 0.988423 0.000000 1 
1396800.000000 0.954230 1396800.000000 0.954230 0.988086 0.000000 1 
1707840.000000 0.858771 1707840.000000 0.858771 0.986078 0.000000 1 
1712880.000000 0.858222 1712880.000000 0.858222 0.975904 0.000000 1 
1626000.000000 0.861310 1626000.000000 0.861310 0.997254 0.000000 1 
1367040.000000 1.168937 1367040.000000 1.168937 0.992449 0.000000 2 
1398240.000000 1.004811 1398240.000000 1.004811 0.997926 0.000000 2 
1601760.000000 0.868935 1601760.000000 0.868935 0.988414 0.000000 2 
1407120.000000 0.950489 1407120.000000 0.950489 0.984792 0.000000 2 
1401840.000000 0.989062 1401840.000000 0.989062 0.983006 0.000000 2 
1573200.000000 0.870495 1573200.000000 0.870495 0.986556 0.000000 2 
1552080.000000 0.871274 1552080.000000 0.871274 0.993777 0.000000 2 
1499520.000000 0.894619 1499520.000000 0.894619 0.999769 0.000000 2 
1523280.000000 0.892601 1523280.000000 0.892601 0.970154 0.000000 2 
1479120.000000 0.921062 1479120.000000 0.921062 0.990472 0.000000 2 
1629840.000000 0.862163 1629840.000000 0.862163 0.998252 0.000000 2 
#Generacion: 500 
#Distancia: 203.724949 
1863360.000000 0.833192 1863360.000000 0.833192 0.999361 0.000000 0 
1302480.000000 0.970554 1302480.000000 0.970554 0.989414 0.000000 0 
1333440.000000 0.924570 1333440.000000 0.924570 0.992838 0.000000 0 
1293120.000000 1.000842 1293120.000000 1.000842 0.995426 0.000000 0 
1297920.000000 0.999609 1297920.000000 0.999609 0.992711 0.000000 0 
1827600.000000 0.833394 1827600.000000 0.833394 0.999943 0.000000 0 
1298640.000000 0.973762 1298640.000000 0.973762 0.994868 0.000000 0 
1547040.000000 0.852793 1547040.000000 0.852793 0.989424 0.000000 0 
1399200.000000 0.888174 1399200.000000 0.888174 0.997947 0.000000 0 
1391760.000000 0.894674 1391760.000000 0.894674 0.990122 0.000000 0 
1749840.000000 0.835952 1749840.000000 0.835952 0.994062 0.000000 0 
1464000.000000 0.868351 1464000.000000 0.868351 0.997430 0.000000 0 
1450800.000000 0.873853 1450800.000000 0.873853 0.989643 0.000000 0 
1379520.000000 0.895903 1379520.000000 0.895903 0.993037 0.000000 0 
1570080.000000 0.849358 1570080.000000 0.849358 0.994631 0.000000 0 
1591920.000000 0.847681 1591920.000000 0.847681 0.993965 0.000000 0 
1438320.000000 0.876643 1438320.000000 0.876643 0.998199 0.000000 0 
1527360.000000 0.853131 1527360.000000 0.853131 0.992692 0.000000 0 
1470480.000000 0.868145 1470480.000000 0.868145 0.995747 0.000000 0 
1519440.000000 0.855845 1519440.000000 0.855845 0.997451 0.000000 0 
1436400.000000 0.881756 1436400.000000 0.881756 0.995818 0.000000 0 
1358160.000000 0.917497 1358160.000000 0.917497 0.991662 0.000000 0 
1333440.000000 0.924570 1333440.000000 0.924570 0.992838 0.000000 0 
1298640.000000 0.973762 1298640.000000 0.973762 0.994868 0.000000 0 
1436400.000000 0.881756 1436400.000000 0.881756 0.995818 0.000000 0 
1519440.000000 0.855845 1519440.000000 0.855845 0.997451 0.000000 0 
1363200.000000 0.917470 1363200.000000 0.917470 0.988332 0.000000 0 
1444800.000000 0.875652 1444800.000000 0.875652 0.986047 0.000000 0 
1383600.000000 0.895709 1383600.000000 0.895709 0.995499 0.000000 0 
1527360.000000 0.853131 1527360.000000 0.853131 0.992692 0.000000 0 
1566960.000000 0.851708 1566960.000000 0.851708 0.991412 0.000000 0 
1464000.000000 0.868351 1464000.000000 0.868351 0.997430 0.000000 0 
1387200.000000 0.895518 1387200.000000 0.895518 0.998744 0.000000 0 
1445520.000000 0.874095 1445520.000000 0.874095 0.993657 0.000000 0 
1450800.000000 0.873853 1450800.000000 0.873853 0.989643 0.000000 0 
1567200.000000 0.850462 1567200.000000 0.850462 0.994815 0.000000 0 
1444800.000000 0.875652 1444800.000000 0.875652 0.986047 0.000000 0 
1445520.000000 0.874095 1445520.000000 0.874095 0.993657 0.000000 0 
1438320.000000 0.876643 1438320.000000 0.876643 0.998199 0.000000 0 
1379520.000000 0.895903 1379520.000000 0.895903 0.993037 0.000000 0 
1387200.000000 0.895518 1387200.000000 0.895518 0.998744 0.000000 0 
1567200.000000 0.850462 1567200.000000 0.850462 0.994815 0.000000 0 
1519440.000000 0.855845 1519440.000000 0.855845 0.997451 0.000000 0 
1558560.000000 0.852199 1558560.000000 0.852199 0.989597 0.000000 0 
1365840.000000 0.916130 1365840.000000 0.916130 0.987981 0.000000 0 
1341360.000000 0.922398 1341360.000000 0.922398 0.992822 0.000000 0 
1392240.000000 0.893996 1392240.000000 0.893996 0.992585 0.000000 0 
1721280.000000 0.836339 1721280.000000 0.836339 0.992488 0.000000 0 
1372800.000000 0.895916 1372800.000000 0.895916 0.992715 0.000000 0 
1637760.000000 0.840901 1637760.000000 0.840901 0.989612 0.000000 0 
1438320.000000 0.876643 1438320.000000 0.876643 0.998199 0.000000 0 
1416000.000000 0.883023 1416000.000000 0.883023 0.983174 0.000000 0 
1501920.000000 0.858235 1501920.000000 0.858235 0.997203 0.000000 0 
1481040.000000 0.866124 1481040.000000 0.866124 0.995324 0.000000 0 
1470480.000000 0.868145 1470480.000000 0.868145 0.995747 0.000000 0 
1524480.000000 0.854231 1524480.000000 0.854231 0.996883 0.000000 0 
1497120.000000 0.862345 1497120.000000 0.862345 0.983349 0.000000 0 
1405440.000000 0.885431 1405440.000000 0.885431 0.982066 0.000000 0 
1681920.000000 0.839715 1681920.000000 0.839715 0.992128 0.000000 0 
1392240.000000 0.893996 1392240.000000 0.893996 0.992585 0.000000 0 
1597200.000000 0.845503 1597200.000000 0.845503 0.995662 0.000000 0 
1485840.000000 0.863964 1485840.000000 0.863964 0.995707 0.000000 0 
1572720.000000 0.848195 1572720.000000 0.848195 0.994498 0.000000 0 
1623360.000000 0.844620 1623360.000000 0.844620 0.983554 0.000000 0 
1566960.000000 0.851708 1566960.000000 0.851708 0.991412 0.000000 0 
1365840.000000 0.916130 1365840.000000 0.916130 0.987981 0.000000 0 
1398960.000000 0.890707 1398960.000000 0.890707 0.993236 0.000000 0 
1328400.000000 0.965151 1328400.000000 0.965151 0.992822 0.000000 0 
1332960.000000 0.963893 1332960.000000 0.963893 0.996008 0.000000 0 
1686720.000000 0.838281 1686720.000000 0.838281 0.997012 0.000000 0 
1759440.000000 0.834382 1759440.000000 0.834382 0.992430 0.000000 0 
1346400.000000 0.917839 1346400.000000 0.917839 0.999704 0.000000 0 
1424880.000000 0.881868 1424880.000000 0.881868 0.996963 0.000000 0 
1464000.000000 0.868351 1464000.000000 0.868351 0.997430 0.000000 0 
1244160.000000 1.032624 1244160.000000 1.032624 0.985995 0.000000 0 
1527360.000000 0.853131 1527360.000000 0.853131 0.992692 0.000000 0 
1483200.000000 0.864964 1483200.000000 0.864964 0.999528 0.000000 0 
1365840.000000 0.916130 1365840.000000 0.916130 0.987981 0.000000 0 
1333440.000000 0.924570 1333440.000000 0.924570 0.992838 0.000000 0 
1253760.000000 1.070546 1253760.000000 1.070546 0.999889 0.000000 1 
1284960.000000 1.038737 1284960.000000 1.038737 0.996759 0.000000 1 
1282560.000000 1.042364 1282560.000000 1.042364 0.998321 0.000000 1 
1788480.000000 0.834596 1788480.000000 0.834596 0.997594 0.000000 1 
1623600.000000 0.845235 1623600.000000 0.845235 0.997348 0.000000 1 
1732080.000000 0.837887 1732080.000000 0.837887 0.991038 0.000000 1 
1769040.000000 0.835410 1769040.000000 0.835410 0.994169 0.000000 1 
1282560.000000 1.042364 1282560.000000 1.042364 0.998321 0.000000 1 
1508640.000000 0.860693 1508640.000000 0.860693 0.991863 0.000000 1 
1673280.000000 0.841578 1673280.000000 0.841578 0.996571 0.000000 1 
1692480.000000 0.839263 1692480.000000 0.839263 0.996954 0.000000 1 
1481040.000000 0.866371 1481040.000000 0.866371 0.995839 0.000000 1 
1417200.000000 0.884221 1417200.000000 0.884221 0.997400 0.000000 1 
1600560.000000 0.846865 1600560.000000 0.846865 0.995434 0.000000 1 
1611120.000000 0.846727 1611120.000000 0.846727 0.994053 0.000000 1 
1341360.000000 0.922426 1341360.000000 0.922426 0.992799 0.000000 1 
1351440.000000 0.918478 1351440.000000 0.918478 0.991570 0.000000 1 
1500960.000000 0.864946 1500960.000000 0.864946 0.981770 0.000000 1 
1692480.000000 0.839263 1692480.000000 0.839263 0.996954 0.000000 1 
1621680.000000 0.846686 1621680.000000 0.846686 0.985932 0.000000 1 
1585200.000000 0.848964 1585200.000000 0.848964 0.996336 0.000000 1 
#Generacion: 1000 
#Distancia: 178.782424 
1184640.000000 1.146414 1184640.000000 1.146414 0.974206 0.000000 0 
1927440.000000 0.824756 1927440.000000 0.824756 0.996483 0.000000 0 
1189920.000000 1.074673 1189920.000000 1.074673 0.977506 0.000000 0 
1192080.000000 1.042759 1192080.000000 1.042759 0.987030 0.000000 0 
1225680.000000 1.013381 1225680.000000 1.013381 0.996745 0.000000 0 
1270560.000000 0.955306 1270560.000000 0.955306 0.991845 0.000000 0 
1239120.000000 0.996282 1239120.000000 0.996282 0.994998 0.000000 0 
1871760.000000 0.825633 1871760.000000 0.825633 0.995660 0.000000 0 
1243440.000000 0.974166 1243440.000000 0.974166 0.992647 0.000000 0 
1287600.000000 0.939083 1287600.000000 0.939083 0.998970 0.000000 0 
1927440.000000 0.824756 1927440.000000 0.824756 0.996483 0.000000 0 
1264320.000000 0.972649 1264320.000000 0.972649 0.988130 0.000000 0 
1238640.000000 1.012012 1238640.000000 1.012012 0.998179 0.000000 0 
1777920.000000 0.828587 1777920.000000 0.828587 0.995883 0.000000 0 
1842960.000000 0.826579 1842960.000000 0.826579 0.997899 0.000000 0 
1467360.000000 0.863301 1467360.000000 0.863301 0.994740 0.000000 0 
1299600.000000 0.934279 1299600.000000 0.934279 0.999007 0.000000 0 
1657920.000000 0.836046 1657920.000000 0.836046 0.991067 0.000000 0 
1458960.000000 0.871313 1458960.000000 0.871313 0.985897 0.000000 0 
1746960.000000 0.829057 1746960.000000 0.829057 0.993580 0.000000 0 
1343520.000000 0.910857 1343520.000000 0.910857 0.997330 0.000000 0 
1700880.000000 0.831703 1700880.000000 0.831703 0.992718 0.000000 0 
1311600.000000 0.927435 1311600.000000 0.927435 0.989917 0.000000 0 
1612800.000000 0.841681 1612800.000000 0.841681 0.998913 0.000000 0 
1348800.000000 0.903029 1348800.000000 0.903029 0.999017 0.000000 0 
1687680.000000 0.832404 1687680.000000 0.832404 0.998022 0.000000 0 
1433280.000000 0.871850 1433280.000000 0.871850 0.994264 0.000000 0 
1488240.000000 0.861719 1488240.000000 0.861719 0.991243 0.000000 0 
1590960.000000 0.841795 1590960.000000 0.841795 0.996832 0.000000 0 
1677120.000000 0.833174 1677120.000000 0.833174 0.997256 0.000000 0 
1663680.000000 0.833237 1663680.000000 0.833237 0.986690 0.000000 0 
1520640.000000 0.852797 1520640.000000 0.852797 0.991831 0.000000 0 
1800960.000000 0.827846 1800960.000000 0.827846 0.996601 0.000000 0 
1336800.000000 0.919679 1336800.000000 0.919679 0.995178 0.000000 0 
1511040.000000 0.855632 1511040.000000 0.855632 0.991918 0.000000 0 
1634880.000000 0.836457 1634880.000000 0.836457 0.995021 0.000000 0 
1735680.000000 0.830617 1735680.000000 0.830617 0.997889 0.000000 0 
1297200.000000 0.937056 1297200.000000 0.937056 0.999924 0.000000 0 
1262640.000000 0.973620 1262640.000000 0.973620 0.992775 0.000000 0 
1372560.000000 0.892167 1372560.000000 0.892167 0.998843 0.000000 0 
1834320.000000 0.826802 1834320.000000 0.826802 0.997934 0.000000 0 
1823040.000000 0.827795 1823040.000000 0.827795 0.996496 0.000000 0 
1716240.000000 0.831411 1716240.000000 0.831411 0.992524 0.000000 0 
1599120.000000 0.841787 1599120.000000 0.841787 0.990276 0.000000 0 
1385520.000000 0.890567 1385520.000000 0.890567 0.999326 0.000000 0 
1791120.000000 0.828535 1791120.000000 0.828535 0.995142 0.000000 0 
1626240.000000 0.841347 1626240.000000 0.841347 0.992511 0.000000 0 
1331760.000000 0.920116 1331760.000000 0.920116 0.995610 0.000000 0 
1422720.000000 0.880461 1422720.000000 0.880461 0.999195 0.000000 0 
1464000.000000 0.868351 1464000.000000 0.868351 0.997430 0.000000 0 
1527120.000000 0.851597 1527120.000000 0.851597 0.997040 0.000000 0 
1432320.000000 0.875598 1432320.000000 0.875598 0.998821 0.000000 0 
1313040.000000 0.926778 1313040.000000 0.926778 0.992458 0.000000 0 
1338480.000000 0.912230 1338480.000000 0.912230 0.997839 0.000000 0 
1319040.000000 0.922476 1319040.000000 0.922476 0.980506 0.000000 0 
1498080.000000 0.860058 1498080.000000 0.860058 0.996694 0.000000 0 
1573440.000000 0.842160 1573440.000000 0.842160 0.994639 0.000000 0 
1321440.000000 0.922249 1321440.000000 0.922249 0.995596 0.000000 0 
1365360.000000 0.894892 1365360.000000 0.894892 0.993419 0.000000 0 
1355280.000000 0.900275 1355280.000000 0.900275 0.997202 0.000000 0 
1548480.000000 0.848081 1548480.000000 0.848081 0.994726 0.000000 0 
1562880.000000 0.844646 1562880.000000 0.844646 0.998388 0.000000 0 
1569360.000000 0.844128 1569360.000000 0.844128 0.996084 0.000000 0 
1230720.000000 1.012663 1230720.000000 1.012663 0.997011 0.000000 0 
1508640.000000 0.858172 1508640.000000 0.858172 0.997745 0.000000 0 
1404000.000000 0.885752 1404000.000000 0.885752 0.987525 0.000000 0 
1726800.000000 0.830655 1726800.000000 0.830655 0.996789 0.000000 0 
1393920.000000 0.885954 1393920.000000 0.885954 0.998669 0.000000 0 
1500960.000000 0.858173 1500960.000000 0.858173 0.991863 0.000000 0 
1746960.000000 0.829057 1746960.000000 0.829057 0.993580 0.000000 0 
1390320.000000 0.890430 1390320.000000 0.890430 0.990440 0.000000 0 
1392000.000000 0.887052 1392000.000000 0.887052 0.999145 0.000000 0 
1557120.000000 0.846224 1557120.000000 0.846224 0.995631 0.000000 0 
1489440.000000 0.861231 1489440.000000 0.861231 0.998398 0.000000 0 
1823040.000000 0.827795 1823040.000000 0.827795 0.996496 0.000000 0 
1371840.000000 0.894533 1371840.000000 0.894533 0.993681 0.000000 0 
1364640.000000 0.899153 1364640.000000 0.899153 0.993516 0.000000 0 
1415040.000000 0.881535 1415040.000000 0.881535 0.999705 0.000000 0 
1555200.000000 0.847308 1555200.000000 0.847308 0.997675 0.000000 0 
1350960.000000 0.902172 1350960.000000 0.902172 0.998460 0.000000 0 
1631760.000000 0.838823 1631760.000000 0.838823 0.993130 0.000000 0 
1539840.000000 0.848312 1539840.000000 0.848312 0.994894 0.000000 0 
1410480.000000 0.883322 1410480.000000 0.883322 0.982386 0.000000 0 
1722240.000000 0.831371 1722240.000000 0.831371 0.992176 0.000000 0 
1405440.000000 0.884232 1405440.000000 0.884232 0.979219 0.000000 0 
1363920.000000 0.900109 1363920.000000 0.900109 0.997326 0.000000 0 
1460160.000000 0.869193 1460160.000000 0.869193 0.996861 0.000000 0 
1798800.000000 0.828224 1798800.000000 0.828224 0.994526 0.000000 0 
1628640.000000 0.839268 1628640.000000 0.839268 0.990916 0.000000 0 
1425600.000000 0.876979 1425600.000000 0.876979 0.999284 0.000000 0 
1425600.000000 0.876979 1425600.000000 0.876979 0.999284 0.000000 0 
1433280.000000 0.871850 1433280.000000 0.871850 0.994264 0.000000 0 
1527120.000000 0.851597 1527120.000000 0.851597 0.997040 0.000000 0 
1539840.000000 0.848312 1539840.000000 0.848312 0.994894 0.000000 0 
1414320.000000 0.882641 1414320.000000 0.882641 0.986653 0.000000 0 
1573440.000000 0.842160 1573440.000000 0.842160 0.994639 0.000000 0 
1634880.000000 0.836457 1634880.000000 0.836457 0.995021 0.000000 0 
1338480.000000 0.912230 1338480.000000 0.912230 0.997839 0.000000 0 
1539840.000000 0.848312 1539840.000000 0.848312 0.994894 0.000000 0 
1264080.000000 0.973198 1264080.000000 0.973198 0.992036 0.000000 0 
#Generacion: 1500 
#Distancia: 208.289899 
1157520.000000 1.351541 1157520.000000 1.351541 0.997777 0.000000 0 
1950480.000000 0.821916 1950480.000000 0.821916 0.999095 0.000000 0 
1160640.000000 1.129055 1160640.000000 1.129055 0.982724 0.000000 0 
1180080.000000 1.036680 1180080.000000 1.036680 0.990009 0.000000 0 
1177920.000000 1.120805 1177920.000000 1.120805 0.982475 0.000000 0 
1740480.000000 0.827266 1740480.000000 0.827266 0.999985 0.000000 0 
1809120.000000 0.824928 1809120.000000 0.824928 0.983089 0.000000 0 
1911840.000000 0.822752 1911840.000000 0.822752 0.993820 0.000000 0 
1888080.000000 0.823569 1888080.000000 0.823569 0.997115 0.000000 0 
1843680.000000 0.824250 1843680.000000 0.824250 0.978252 0.000000 0 
1942560.000000 0.821970 1942560.000000 0.821970 0.998788 0.000000 0 
1259040.000000 0.939176 1259040.000000 0.939176 0.985537 0.000000 0 
1255680.000000 0.958892 1255680.000000 0.958892 0.992806 0.000000 0 
1481520.000000 0.860487 1481520.000000 0.860487 0.987660 0.000000 0 
1435200.000000 0.864372 1435200.000000 0.864372 0.995955 0.000000 0 
1813440.000000 0.824611 1813440.000000 0.824611 0.994401 0.000000 0 
1292640.000000 0.922410 1292640.000000 0.922410 0.994298 0.000000 0 
1588800.000000 0.840275 1588800.000000 0.840275 0.995811 0.000000 0 
1622160.000000 0.836396 1622160.000000 0.836396 0.996630 0.000000 0 
1182240.000000 1.025545 1182240.000000 1.025545 0.993200 0.000000 0 
1450560.000000 0.860680 1450560.000000 0.860680 0.997480 0.000000 0 
1707360.000000 0.829922 1707360.000000 0.829922 0.999502 0.000000 0 
1843680.000000 0.824250 1843680.000000 0.824250 0.978252 0.000000 0 
1569600.000000 0.841059 1569600.000000 0.841059 0.994992 0.000000 0 
1169280.000000 1.120995 1169280.000000 1.120995 0.995884 0.000000 0 
1332000.000000 0.897244 1332000.000000 0.897244 0.994213 0.000000 0 
1687440.000000 0.831950 1687440.000000 0.831950 0.997012 0.000000 0 
1602960.000000 0.838595 1602960.000000 0.838595 0.993300 0.000000 0 
1426560.000000 0.869547 1426560.000000 0.869547 0.991449 0.000000 0 
1226640.000000 0.972530 1226640.000000 0.972530 0.994119 0.000000 0 
1305120.000000 0.907663 1305120.000000 0.907663 0.993268 0.000000 0 
1498560.000000 0.854526 1498560.000000 0.854526 0.996978 0.000000 0 
1888080.000000 0.823569 1888080.000000 0.823569 0.997115 0.000000 0 
1512000.000000 0.854249 1512000.000000 0.854249 0.998169 0.000000 0 
1629120.000000 0.834630 1629120.000000 0.834630 0.994783 0.000000 0 
1398480.000000 0.878234 1398480.000000 0.878234 0.992176 0.000000 0 
1353840.000000 0.888925 1353840.000000 0.888925 0.995604 0.000000 0 
1286400.000000 0.927164 1286400.000000 0.927164 0.994641 0.000000 0 
1249440.000000 0.966957 1249440.000000 0.966957 0.984887 0.000000 0 
1269360.000000 0.934018 1269360.000000 0.934018 0.997371 0.000000 0 
1696800.000000 0.830333 1696800.000000 0.830333 0.997691 0.000000 0 
1372560.000000 0.881309 1372560.000000 0.881309 0.992368 0.000000 0 
1557120.000000 0.843446 1557120.000000 0.843446 0.994757 0.000000 0 
1203840.000000 0.994931 1203840.000000 0.994931 0.988048 0.000000 0 
1726800.000000 0.829539 1726800.000000 0.829539 0.999638 0.000000 0 
1307040.000000 0.902234 1307040.000000 0.902234 0.996776 0.000000 0 
1210320.000000 0.993884 1210320.000000 0.993884 0.981354 0.000000 0 
1202400.000000 1.017527 1202400.000000 1.017527 0.992815 0.000000 0 
1203600.000000 1.004340 1203600.000000 1.004340 0.996707 0.000000 0 
1450560.000000 0.860680 1450560.000000 0.860680 0.997480 0.000000 0 
1160640.000000 1.129055 1160640.000000 1.129055 0.982724 0.000000 0 
1314960.000000 0.899856 1314960.000000 0.899856 0.994615 0.000000 0 
1403040.000000 0.872538 1403040.000000 0.872538 0.996326 0.000000 0 
1191600.000000 1.020452 1191600.000000 1.020452 0.985261 0.000000 0 
1223760.000000 0.983738 1223760.000000 0.983738 0.999126 0.000000 0 
1533120.000000 0.848113 1533120.000000 0.848113 0.995185 0.000000 0 
1239840.000000 0.967693 1239840.000000 0.967693 0.997024 0.000000 0 
1376400.000000 0.881237 1376400.000000 0.881237 0.994767 0.000000 0 
1293840.000000 0.910320 1293840.000000 0.910320 0.992526 0.000000 0 
1490880.000000 0.856914 1490880.000000 0.856914 0.991373 0.000000 0 
1545360.000000 0.846345 1545360.000000 0.846345 0.994023 0.000000 0 
1360080.000000 0.885586 1360080.000000 0.885586 0.991325 0.000000 0 
1347360.000000 0.892824 1347360.000000 0.892824 0.993444 0.000000 0 
1670880.000000 0.832261 1670880.000000 0.832261 0.994822 0.000000 0 
1250640.000000 0.959552 1250640.000000 0.959552 0.995813 0.000000 0 
1265760.000000 0.938982 1265760.000000 0.938982 0.985333 0.000000 0 
1275120.000000 0.929888 1275120.000000 0.929888 0.998474 0.000000 0 
1189200.000000 1.021847 1189200.000000 1.021847 0.990765 0.000000 0 
1416960.000000 0.869597 1416960.000000 0.869597 0.993342 0.000000 0 
1520640.000000 0.852797 1520640.000000 0.852797 0.991831 0.000000 0 
1600320.000000 0.840117 1600320.000000 0.840117 0.994346 0.000000 0 
1656960.000000 0.833211 1656960.000000 0.833211 0.998593 0.000000 0 
1642560.000000 0.833797 1642560.000000 0.833797 0.998429 0.000000 0 
1561680.000000 0.842161 1561680.000000 0.842161 0.998886 0.000000 0 
1338720.000000 0.896272 1338720.000000 0.896272 0.994194 0.000000 0 
1221360.000000 0.991693 1221360.000000 0.991693 0.998667 0.000000 0 
1391280.000000 0.880903 1391280.000000 0.880903 0.996298 0.000000 0 
1280160.000000 0.929621 1280160.000000 0.929621 0.999255 0.000000 0 
1736400.000000 0.828414 1736400.000000 0.828414 0.993961 0.000000 0 
1643520.000000 0.833464 1643520.000000 0.833464 0.997566 0.000000 0 
1293840.000000 0.910320 1293840.000000 0.910320 0.992526 0.000000 0 
1202400.000000 1.017527 1202400.000000 1.017527 0.992815 0.000000 0 
1543680.000000 0.847084 1543680.000000 0.847084 0.995868 0.000000 0 
1484400.000000 0.857945 1484400.000000 0.857945 0.998024 0.000000 0 
1232640.000000 0.968725 1232640.000000 0.968725 0.989172 0.000000 0 
1203600.000000 1.004340 1203600.000000 1.004340 0.996707 0.000000 0 
1220400.000000 0.991772 1220400.000000 0.991772 0.975464 0.000000 0 
1223760.000000 0.983738 1223760.000000 0.983738 0.999126 0.000000 0 
1341840.000000 0.893502 1341840.000000 0.893502 0.995807 0.000000 0 
1659360.000000 0.832926 1659360.000000 0.832926 0.992543 0.000000 0 
1529520.000000 0.850695 1529520.000000 0.850695 0.996545 0.000000 0 
1670160.000000 0.832923 1670160.000000 0.832923 0.998458 0.000000 0 
1525680.000000 0.852217 1525680.000000 0.852217 0.997763 0.000000 0 
1314960.000000 0.899856 1314960.000000 0.899856 0.994615 0.000000 0 
1411440.000000 0.870655 1411440.000000 0.870655 0.999842 0.000000 0 
1227600.000000 0.969133 1227600.000000 0.969133 0.992383 0.000000 0 
1727760.000000 0.829026 1727760.000000 0.829026 0.986068 0.000000 0 
1360080.000000 0.885586 1360080.000000 0.885586 0.991325 0.000000 0 
1407360.000000 0.871013 1407360.000000 0.871013 0.994354 0.000000 0 
1391280.000000 0.880903 1391280.000000 0.880903 0.996298 0.000000 0 
#Generacion: 2000 
#Distancia: 234.802525 
1126560.000000 1.267143 1126560.000000 1.267143 0.998098 0.000000 0 
1874880.000000 0.821724 1874880.000000 0.821724 0.999676 0.000000 0 
1138080.000000 1.266680 1138080.000000 1.266680 0.998638 0.000000 0 
1139040.000000 1.175146 1139040.000000 1.175146 0.998785 0.000000 0 
1169280.000000 1.111956 1169280.000000 1.111956 0.982898 0.000000 0 
1173120.000000 1.039583 1173120.000000 1.039583 0.998931 0.000000 0 
1142400.000000 1.129876 1142400.000000 1.129876 0.993661 0.000000 0 
1139040.000000 1.175146 1139040.000000 1.175146 0.998785 0.000000 0 
1763520.000000 0.825395 1763520.000000 0.825395 0.998794 0.000000 0 
1201680.000000 0.981617 1201680.000000 0.981617 0.991649 0.000000 0 
1700160.000000 0.826067 1700160.000000 0.826067 0.999434 0.000000 0 
1210320.000000 0.969034 1210320.000000 0.969034 0.991572 0.000000 0 
1599120.000000 0.834743 1599120.000000 0.834743 0.999848 0.000000 0 
1871040.000000 0.822508 1871040.000000 0.822508 0.997511 0.000000 0 
1531920.000000 0.845980 1531920.000000 0.845980 0.992221 0.000000 0 
1186560.000000 1.006016 1186560.000000 1.006016 0.995113 0.000000 0 
1450320.000000 0.859265 1450320.000000 0.859265 0.996619 0.000000 0 
1173360.000000 1.023681 1173360.000000 1.023681 0.996303 0.000000 0 
1186800.000000 0.994383 1186800.000000 0.994383 0.987388 0.000000 0 
1584000.000000 0.836691 1584000.000000 0.836691 0.995155 0.000000 0 
1622160.000000 0.833905 1622160.000000 0.833905 0.989964 0.000000 0 
1428480.000000 0.861076 1428480.000000 0.861076 0.998478 0.000000 0 
1235520.000000 0.951073 1235520.000000 0.951073 0.997148 0.000000 0 
1167360.000000 1.123237 1167360.000000 1.123237 0.994874 0.000000 0 
1275120.000000 0.929838 1275120.000000 0.929838 0.998390 0.000000 0 
1568640.000000 0.837645 1568640.000000 0.837645 0.999588 0.000000 0 
1286160.000000 0.907888 1286160.000000 0.907888 0.998593 0.000000 0 
1173120.000000 1.039583 1173120.000000 1.039583 0.998931 0.000000 0 
1238640.000000 0.939340 1238640.000000 0.939340 0.995115 0.000000 0 
1494480.000000 0.851209 1494480.000000 0.851209 0.995408 0.000000 0 
1680720.000000 0.827207 1680720.000000 0.827207 0.996758 0.000000 0 
1784400.000000 0.824480 1784400.000000 0.824480 0.998444 0.000000 0 
1661520.000000 0.831670 1661520.000000 0.831670 0.998213 0.000000 0 
1555200.000000 0.837830 1555200.000000 0.837830 0.997785 0.000000 0 
1677600.000000 0.830503 1677600.000000 0.830503 0.989477 0.000000 0 
1276560.000000 0.917008 1276560.000000 0.917008 0.998065 0.000000 0 
1362000.000000 0.876416 1362000.000000 0.876416 0.998811 0.000000 0 
1299600.000000 0.902302 1299600.000000 0.902302 0.998600 0.000000 0 
1278240.000000 0.916338 1278240.000000 0.916338 0.998993 0.000000 0 
1509840.000000 0.847038 1509840.000000 0.847038 0.994541 0.000000 0 
1254960.000000 0.934449 1254960.000000 0.934449 0.993866 0.000000 0 
1178640.000000 1.020955 1178640.000000 1.020955 0.989745 0.000000 0 
1424640.000000 0.863338 1424640.000000 0.863338 0.991871 0.000000 0 
1228320.000000 0.956763 1228320.000000 0.956763 0.999202 0.000000 0 
1541760.000000 0.843158 1541760.000000 0.843158 0.995426 0.000000 0 
1413120.000000 0.866312 1413120.000000 0.866312 0.999580 0.000000 0 
1290960.000000 0.905641 1290960.000000 0.905641 0.997845 0.000000 0 
1214400.000000 0.958387 1214400.000000 0.958387 0.997134 0.000000 0 
1548240.000000 0.841805 1548240.000000 0.841805 0.989417 0.000000 0 
1509120.000000 0.847236 1509120.000000 0.847236 0.995975 0.000000 0 
1487760.000000 0.851729 1487760.000000 0.851729 0.998011 0.000000 0 
1630320.000000 0.833672 1630320.000000 0.833672 0.994870 0.000000 0 
1210560.000000 0.959622 1210560.000000 0.959622 0.990501 0.000000 0 
1325280.000000 0.897171 1325280.000000 0.897171 0.995080 0.000000 0 
1338960.000000 0.888958 1338960.000000 0.888958 0.997976 0.000000 0 
1699440.000000 0.826316 1699440.000000 0.826316 0.999161 0.000000 0 
1643520.000000 0.833464 1643520.000000 0.833464 0.997566 0.000000 0 
1773600.000000 0.824766 1773600.000000 0.824766 0.992552 0.000000 0 
1464960.000000 0.857172 1464960.000000 0.857172 0.994280 0.000000 0 
1186800.000000 0.994383 1186800.000000 0.994383 0.987388 0.000000 0 
1335360.000000 0.894090 1335360.000000 0.894090 0.994199 0.000000 0 
1305360.000000 0.899217 1305360.000000 0.899217 0.998371 0.000000 0 
1373520.000000 0.876110 1373520.000000 0.876110 0.997358 0.000000 0 
1182720.000000 1.014811 1182720.000000 1.014811 0.994798 0.000000 0 
1461840.000000 0.858570 1461840.000000 0.858570 0.998206 0.000000 0 
1359600.000000 0.883164 1359600.000000 0.883164 0.996093 0.000000 0 
1409760.000000 0.868070 1409760.000000 0.868070 0.985865 0.000000 0 
1245360.000000 0.939150 1245360.000000 0.939150 0.992526 0.000000 0 
1478400.000000 0.854920 1478400.000000 0.854920 0.999226 0.000000 0 
1150560.000000 1.129021 1150560.000000 1.129021 0.992159 0.000000 0 
1477200.000000 0.855757 1477200.000000 0.855757 0.995304 0.000000 0 
1234080.000000 0.955875 1234080.000000 0.955875 0.999155 0.000000 0 
1345440.000000 0.887201 1345440.000000 0.887201 0.994937 0.000000 0 
1392960.000000 0.872120 1392960.000000 0.872120 0.996202 0.000000 0 
1349520.000000 0.885271 1349520.000000 0.885271 0.999423 0.000000 0 
1401840.000000 0.870169 1401840.000000 0.870169 0.989745 0.000000 0 
1386000.000000 0.873581 1386000.000000 0.873581 0.997576 0.000000 0 
1158000.000000 1.125704 1158000.000000 1.125704 0.978973 0.000000 0 
1311840.000000 0.897386 1311840.000000 0.897386 0.995167 0.000000 0 
1331280.000000 0.895896 1331280.000000 0.895896 0.990797 0.000000 0 
1261680.000000 0.934247 1261680.000000 0.934247 0.992462 0.000000 0 
1182720.000000 1.014811 1182720.000000 1.014811 0.994798 0.000000 0 
1654080.000000 0.832903 1654080.000000 0.832903 0.998587 0.000000 0 
1356240.000000 0.883791 1356240.000000 0.883791 0.987267 0.000000 0 
1159680.000000 1.125144 1159680.000000 1.125144 0.995154 0.000000 0 
1270560.000000 0.932066 1270560.000000 0.932066 0.990882 0.000000 0 
1269360.000000 0.934018 1269360.000000 0.934018 0.997371 0.000000 0 
1398480.000000 0.871136 1398480.000000 0.871136 0.991998 0.000000 0 
1650240.000000 0.833092 1650240.000000 0.833092 0.996892 0.000000 0 
1764960.000000 0.825136 1764960.000000 0.825136 0.992585 0.000000 0 
1383120.000000 0.875962 1383120.000000 0.875962 0.987458 0.000000 0 
1380240.000000 0.876096 1380240.000000 0.876096 0.991765 0.000000 0 
1147440.000000 1.129677 1147440.000000 1.129677 0.992480 0.000000 0 
1310880.000000 0.897733 1310880.000000 0.897733 0.995995 0.000000 0 
1245360.000000 0.939150 1245360.000000 0.939150 0.992526 0.000000 0 
1142400.000000 1.129876 1142400.000000 1.129876 0.993661 0.000000 0 
1792080.000000 0.822631 1792080.000000 0.822631 0.994223 0.000000 0 
1139520.000000 1.164717 1139520.000000 1.164717 0.995039 0.000000 0 
1837440.000000 0.822853 1837440.000000 0.822853 0.998617 0.000000 1 
1623120.000000 0.836309 1623120.000000 0.836309 0.992831 0.000000 1 
#Generacion: 2500 
#Distancia: 224.759192 
1113120.000000 1.205372 1113120.000000 1.205372 0.995430 0.000000 0 
1916400.000000 0.810060 1916400.000000 0.810060 0.993312 0.000000 0 
1113120.000000 1.205372 1113120.000000 1.205372 0.995430 0.000000 0 
1119120.000000 1.139760 1119120.000000 1.139760 0.996273 0.000000 0 
1127280.000000 1.084995 1127280.000000 1.084995 0.993244 0.000000 0 
1126080.000000 1.132031 1126080.000000 1.132031 0.990715 0.000000 0 
1165680.000000 1.004371 1165680.000000 1.004371 0.987975 0.000000 0 
1136880.000000 1.073536 1136880.000000 1.073536 0.980243 0.000000 0 
1144080.000000 1.039169 1144080.000000 1.039169 0.994637 0.000000 0 
1162800.000000 1.024186 1162800.000000 1.024186 0.989458 0.000000 0 
1796160.000000 0.815531 1796160.000000 0.815531 0.999891 0.000000 0 
1673040.000000 0.826589 1673040.000000 0.826589 0.999541 0.000000 0 
1172880.000000 0.990320 1172880.000000 0.990320 0.999014 0.000000 0 
1829280.000000 0.815296 1829280.000000 0.815296 0.991640 0.000000 0 
1194000.000000 0.978923 1194000.000000 0.978923 0.979452 0.000000 0 
1582560.000000 0.830411 1582560.000000 0.830411 0.996750 0.000000 0 
1237440.000000 0.934004 1237440.000000 0.934004 0.999238 0.000000 0 
1741920.000000 0.817307 1741920.000000 0.817307 0.989804 0.000000 0 
1692240.000000 0.825323 1692240.000000 0.825323 0.999617 0.000000 0 
1338960.000000 0.888958 1338960.000000 0.888958 0.997976 0.000000 0 
1771200.000000 0.815926 1771200.000000 0.815926 0.996608 0.000000 0 
1319520.000000 0.893118 1319520.000000 0.893118 0.997845 0.000000 0 
1837200.000000 0.814842 1837200.000000 0.814842 0.999255 0.000000 0 
1222560.000000 0.949615 1222560.000000 0.949615 0.985122 0.000000 0 
1537440.000000 0.835222 1537440.000000 0.835222 0.995959 0.000000 0 
1607760.000000 0.829947 1607760.000000 0.829947 0.988175 0.000000 0 
1897200.000000 0.810169 1897200.000000 0.810169 0.993308 0.000000 0 
1252800.000000 0.928280 1252800.000000 0.928280 0.997948 0.000000 0 
1131600.000000 1.083916 1131600.000000 1.083916 0.994739 0.000000 0 
1236720.000000 0.943567 1236720.000000 0.943567 0.999879 0.000000 0 
1162320.000000 1.032252 1162320.000000 1.032252 0.981415 0.000000 0 
1194240.000000 0.967835 1194240.000000 0.967835 0.983653 0.000000 0 
1645200.000000 0.826657 1645200.000000 0.826657 0.999179 0.000000 0 
1560240.000000 0.834296 1560240.000000 0.834296 0.996968 0.000000 0 
1305120.000000 0.894692 1305120.000000 0.894692 0.999640 0.000000 0 
1376400.000000 0.874874 1376400.000000 0.874874 0.983870 0.000000 0 
1299600.000000 0.902302 1299600.000000 0.902302 0.998600 0.000000 0 
1286160.000000 0.907888 1286160.000000 0.907888 0.998593 0.000000 0 
1276560.000000 0.917008 1276560.000000 0.917008 0.998065 0.000000 0 
1448160.000000 0.858167 1448160.000000 0.858167 0.989931 0.000000 0 
1200960.000000 0.967589 1200960.000000 0.967589 0.989832 0.000000 0 
1182480.000000 0.981978 1182480.000000 0.981978 0.991925 0.000000 0 
1362000.000000 0.876416 1362000.000000 0.876416 0.998811 0.000000 0 
1210080.000000 0.961169 1210080.000000 0.961169 0.998433 0.000000 0 
1282800.000000 0.916187 1282800.000000 0.916187 0.995989 0.000000 0 
1707600.000000 0.824909 1707600.000000 0.824909 0.997813 0.000000 0 
1523040.000000 0.839972 1523040.000000 0.839972 0.999945 0.000000 0 
1409760.000000 0.868070 1409760.000000 0.868070 0.985865 0.000000 0 
1477680.000000 0.850997 1477680.000000 0.850997 0.999784 0.000000 0 
1245840.000000 0.928902 1245840.000000 0.928902 0.989699 0.000000 0 
1149600.000000 1.032699 1149600.000000 1.032699 0.984951 0.000000 0 
1231440.000000 0.946987 1231440.000000 0.946987 0.990887 0.000000 0 
1626000.000000 0.827390 1626000.000000 0.827390 0.989497 0.000000 0 
1136880.000000 1.073536 1136880.000000 1.073536 0.980243 0.000000 0 
1469760.000000 0.854116 1469760.000000 0.854116 0.990494 0.000000 0 
1775760.000000 0.815750 1775760.000000 0.815750 0.999414 0.000000 0 
1436400.000000 0.861032 1436400.000000 0.861032 0.998296 0.000000 0 
1261920.000000 0.920420 1261920.000000 0.920420 0.997428 0.000000 0 
1397760.000000 0.868460 1397760.000000 0.868460 0.993362 0.000000 0 
1576080.000000 0.834138 1576080.000000 0.834138 0.994638 0.000000 0 
1418160.000000 0.864852 1418160.000000 0.864852 0.995729 0.000000 0 
1516800.000000 0.844024 1516800.000000 0.844024 0.998396 0.000000 0 
1529520.000000 0.836523 1529520.000000 0.836523 0.998868 0.000000 0 
1490640.000000 0.850783 1490640.000000 0.850783 0.979341 0.000000 0 
1498080.000000 0.849653 1498080.000000 0.849653 0.974532 0.000000 0 
1121040.000000 1.132705 1121040.000000 1.132705 0.993462 0.000000 0 
1730640.000000 0.820085 1730640.000000 0.820085 0.990513 0.000000 0 
1392960.000000 0.872120 1392960.000000 0.872120 0.996202 0.000000 0 
1386000.000000 0.873581 1386000.000000 0.873581 0.997576 0.000000 0 
1261920.000000 0.920420 1261920.000000 0.920420 0.997428 0.000000 0 
1213200.000000 0.955366 1213200.000000 0.955366 0.988099 0.000000 0 
1723920.000000 0.822770 1723920.000000 0.822770 0.991400 0.000000 0 
1349280.000000 0.884241 1349280.000000 0.884241 0.999426 0.000000 0 
1644480.000000 0.827238 1644480.000000 0.827238 0.996586 0.000000 0 
1719360.000000 0.824886 1719360.000000 0.824886 0.991469 0.000000 0 
1505520.000000 0.846760 1505520.000000 0.846760 0.987602 0.000000 0 
1345440.000000 0.887201 1345440.000000 0.887201 0.994937 0.000000 0 
1897200.000000 0.810169 1897200.000000 0.810169 0.993308 0.000000 0 
1149120.000000 1.038942 1149120.000000 1.038942 0.984671 0.000000 0 
1456080.000000 0.856218 1456080.000000 0.856218 0.986481 0.000000 0 
1424640.000000 0.863338 1424640.000000 0.863338 0.991871 0.000000 0 
1459200.000000 0.854705 1459200.000000 0.854705 0.989576 0.000000 0 
1313040.000000 0.894232 1313040.000000 0.894232 0.998033 0.000000 0 
1356480.000000 0.879250 1356480.000000 0.879250 0.997692 0.000000 0 
1356240.000000 0.882183 1356240.000000 0.882183 0.997633 0.000000 0 
1740720.000000 0.819970 1740720.000000 0.819970 0.987395 0.000000 0 
1508160.000000 0.844628 1508160.000000 0.844628 0.992019 0.000000 0 
1179600.000000 0.986083 1179600.000000 0.986083 0.994900 0.000000 0 
1428480.000000 0.861076 1428480.000000 0.861076 0.998478 0.000000 0 
1119120.000000 1.139760 1119120.000000 1.139760 0.996273 0.000000 0 
1290960.000000 0.905641 1290960.000000 0.905641 0.997845 0.000000 0 
1565280.000000 0.834221 1565280.000000 0.834221 0.996163 0.000000 0 
1616400.000000 0.829875 1616400.000000 0.829875 0.988310 0.000000 0 
1291920.000000 0.902768 1291920.000000 0.902768 0.998159 0.000000 0 
1179360.000000 0.988572 1179360.000000 0.988572 0.993727 0.000000 0 
1210320.000000 0.958051 1210320.000000 0.958051 0.988344 0.000000 0 
1619280.000000 0.827845 1619280.000000 0.827845 0.989286 0.000000 0 
1213200.000000 0.955366 1213200.000000 0.955366 0.988099 0.000000 0 
1843680.000000 0.811358 1843680.000000 0.811358 0.997078 0.000000 0 
1867680.000000 0.812804 1867680.000000 0.812804 0.993125 0.000000 1 
#Generacion: 3000 
#Distancia: 250.397071 
1105920.000000 1.092576 1105920.000000 1.092576 0.997582 0.000000 0 
1105920.000000 1.092576 1105920.000000 1.092576 0.997582 0.000000 0 
1950000.000000 0.800953 1950000.000000 0.800953 0.987792 0.000000 0 
1126800.000000 1.042825 1126800.000000 1.042825 0.992739 0.000000 0 
1118640.000000 1.084388 1118640.000000 1.084388 0.995734 0.000000 0 
1225680.000000 0.928263 1225680.000000 0.928263 0.990075 0.000000 0 
1221600.000000 0.948939 1221600.000000 0.948939 0.986201 0.000000 0 
1162800.000000 0.995603 1162800.000000 0.995603 0.990825 0.000000 0 
1752480.000000 0.814270 1752480.000000 0.814270 0.991062 0.000000 0 
1706400.000000 0.815252 1706400.000000 0.815252 0.990813 0.000000 0 
1179600.000000 0.982911 1179600.000000 0.982911 0.981675 0.000000 0 
1159440.000000 1.012874 1159440.000000 1.012874 0.994752 0.000000 0 
1926240.000000 0.801368 1926240.000000 0.801368 0.995323 0.000000 0 
1180800.000000 0.970830 1180800.000000 0.970830 0.984033 0.000000 0 
1149600.000000 1.022331 1149600.000000 1.022331 0.999318 0.000000 0 
1852080.000000 0.802954 1852080.000000 0.802954 0.985313 0.000000 0 
1610880.000000 0.822711 1610880.000000 0.822711 0.996039 0.000000 0 
1202160.000000 0.956564 1202160.000000 0.956564 0.994186 0.000000 0 
1884720.000000 0.802916 1884720.000000 0.802916 0.995929 0.000000 0 
1902000.000000 0.802563 1902000.000000 0.802563 0.986579 0.000000 0 
1275840.000000 0.904099 1275840.000000 0.904099 0.987590 0.000000 0 
1159440.000000 1.012874 1159440.000000 1.012874 0.994752 0.000000 0 
1118640.000000 1.084388 1118640.000000 1.084388 0.995734 0.000000 0 
1772640.000000 0.813797 1772640.000000 0.813797 0.990826 0.000000 0 
1177920.000000 0.989989 1177920.000000 0.989989 0.998682 0.000000 0 
1200240.000000 0.965294 1200240.000000 0.965294 0.999662 0.000000 0 
1625040.000000 0.821589 1625040.000000 0.821589 0.989333 0.000000 0 
1362000.000000 0.876416 1362000.000000 0.876416 0.998811 0.000000 0 
1801680.000000 0.810186 1801680.000000 0.810186 0.992239 0.000000 0 
1838160.000000 0.808634 1838160.000000 0.808634 0.992780 0.000000 0 
1337280.000000 0.888865 1337280.000000 0.888865 0.988957 0.000000 0 
1297440.000000 0.898934 1297440.000000 0.898934 0.995966 0.000000 0 
1600560.000000 0.828231 1600560.000000 0.828231 0.983274 0.000000 0 
1683360.000000 0.817765 1683360.000000 0.817765 0.990232 0.000000 0 
1568640.000000 0.830745 1568640.000000 0.830745 0.990484 0.000000 0 
1244640.000000 0.926202 1244640.000000 0.926202 0.994906 0.000000 0 
1585200.000000 0.829346 1585200.000000 0.829346 0.984907 0.000000 0 
1552800.000000 0.834919 1552800.000000 0.834919 0.995599 0.000000 0 
1170240.000000 0.991869 1170240.000000 0.991869 0.989619 0.000000 0 
1491120.000000 0.842400 1491120.000000 0.842400 0.999625 0.000000 0 
1667520.000000 0.818046 1667520.000000 0.818046 0.999529 0.000000 0 
1393920.000000 0.871259 1393920.000000 0.871259 0.997170 0.000000 0 
1845360.000000 0.805681 1845360.000000 0.805681 0.987506 0.000000 0 
1697280.000000 0.816884 1697280.000000 0.816884 0.990129 0.000000 0 
1656960.000000 0.819233 1656960.000000 0.819233 0.999939 0.000000 0 
1371120.000000 0.872326 1371120.000000 0.872326 0.997714 0.000000 0 
1267920.000000 0.917822 1267920.000000 0.917822 0.993267 0.000000 0 
1133280.000000 1.037583 1133280.000000 1.037583 0.992084 0.000000 0 
1320960.000000 0.889657 1320960.000000 0.889657 0.995257 0.000000 0 
1435440.000000 0.860422 1435440.000000 0.860422 0.980541 0.000000 0 
1448160.000000 0.852663 1448160.000000 0.852663 0.985630 0.000000 0 
1459680.000000 0.851627 1459680.000000 0.851627 0.984054 0.000000 0 
1305120.000000 0.894692 1305120.000000 0.894692 0.999640 0.000000 0 
1213200.000000 0.955358 1213200.000000 0.955358 0.988301 0.000000 0 
1421760.000000 0.860994 1421760.000000 0.860994 0.999223 0.000000 0 
1517040.000000 0.840284 1517040.000000 0.840284 0.991221 0.000000 0 
1537440.000000 0.835222 1537440.000000 0.835222 0.995959 0.000000 0 
1559280.000000 0.831773 1559280.000000 0.831773 0.991566 0.000000 0 
1140000.000000 1.033593 1140000.000000 1.033593 0.991384 0.000000 0 
1261920.000000 0.920420 1261920.000000 0.920420 0.997428 0.000000 0 
1187520.000000 0.967483 1187520.000000 0.967483 0.995904 0.000000 0 
1785360.000000 0.813124 1785360.000000 0.813124 0.990825 0.000000 0 
1216080.000000 0.951321 1216080.000000 0.951321 0.994482 0.000000 0 
1140960.000000 1.027876 1140960.000000 1.027876 0.990913 0.000000 0 
1398720.000000 0.868188 1398720.000000 0.868188 0.992835 0.000000 0 
1273680.000000 0.912440 1273680.000000 0.912440 0.997728 0.000000 0 
1248720.000000 0.920686 1248720.000000 0.920686 0.993419 0.000000 0 
1379760.000000 0.872210 1379760.000000 0.872210 0.998792 0.000000 0 
1480560.000000 0.845849 1480560.000000 0.845849 0.994403 0.000000 0 
1339920.000000 0.884451 1339920.000000 0.884451 0.994226 0.000000 0 
1793760.000000 0.811651 1793760.000000 0.811651 0.992148 0.000000 0 
1356480.000000 0.879250 1356480.000000 0.879250 0.997692 0.000000 0 
1145520.000000 1.026214 1145520.000000 1.026214 0.995431 0.000000 0 
1288800.000000 0.900713 1288800.000000 0.900713 0.996685 0.000000 0 
1402560.000000 0.864987 1402560.000000 0.864987 0.999323 0.000000 0 
1525680.000000 0.837970 1525680.000000 0.837970 0.999113 0.000000 0 
1282320.000000 0.902183 1282320.000000 0.902183 0.999583 0.000000 0 
1642080.000000 0.821483 1642080.000000 0.821483 0.971793 0.000000 0 
1821600.000000 0.809309 1821600.000000 0.809309 0.991303 0.000000 0 
1507680.000000 0.841404 1507680.000000 0.841404 0.999835 0.000000 0 
1350480.000000 0.880985 1350480.000000 0.880985 0.993685 0.000000 0 
1644000.000000 0.820326 1644000.000000 0.820326 0.990999 0.000000 0 
1268640.000000 0.912457 1268640.000000 0.912457 0.999585 0.000000 0 
1319520.000000 0.893009 1319520.000000 0.893009 0.996871 0.000000 0 
1440480.000000 0.855121 1440480.000000 0.855121 0.972487 0.000000 0 
1349280.000000 0.884241 1349280.000000 0.884241 0.999426 0.000000 0 
1438560.000000 0.856608 1438560.000000 0.856608 0.985948 0.000000 0 
1246800.000000 0.924203 1246800.000000 0.924203 0.994095 0.000000 0 
1475760.000000 0.845933 1475760.000000 0.845933 0.997385 0.000000 0 
1529520.000000 0.836523 1529520.000000 0.836523 0.998868 0.000000 0 
1416240.000000 0.863553 1416240.000000 0.863553 0.990788 0.000000 0 
1500720.000000 0.842169 1500720.000000 0.842169 0.999171 0.000000 0 
1313040.000000 0.894232 1313040.000000 0.894232 0.998033 0.000000 0 
1192560.000000 0.965421 1192560.000000 0.965421 0.980088 0.000000 0 
1595520.000000 0.828999 1595520.000000 0.828999 0.988642 0.000000 0 
1821600.000000 0.809309 1821600.000000 0.809309 0.991303 0.000000 0 
1891200.000000 0.802806 1891200.000000 0.802806 0.988359 0.000000 0 
1133520.000000 1.034862 1133520.000000 1.034862 0.996805 0.000000 0 
1411200.000000 0.864073 1411200.000000 0.864073 0.993386 0.000000 0 
1465680.000000 0.848597 1465680.000000 0.848597 0.991100 0.000000 0 
#Generacion: 3500 
#Distancia: 261.799495 
1099200.000000 1.097700 1099200.000000 1.097700 0.998191 0.000000 0 
1956960.000000 0.793971 1956960.000000 0.793971 0.982948 0.000000 0 
1099200.000000 1.097700 1099200.000000 1.097700 0.998191 0.000000 0 
1124160.000000 1.031726 1124160.000000 1.031726 0.994075 0.000000 0 
1123920.000000 1.069304 1123920.000000 1.069304 0.997895 0.000000 0 
1886400.000000 0.794919 1886400.000000 0.794919 0.996472 0.000000 0 
1813680.000000 0.796112 1813680.000000 0.796112 0.992929 0.000000 0 
1213440.000000 0.943884 1213440.000000 0.943884 0.980495 0.000000 0 
1224000.000000 0.927895 1224000.000000 0.927895 0.982901 0.000000 0 
1107840.000000 1.072455 1107840.000000 1.072455 0.992701 0.000000 0 
1789440.000000 0.796685 1789440.000000 0.796685 0.994940 0.000000 0 
1159920.000000 1.012557 1159920.000000 1.012557 0.994074 0.000000 0 
1721520.000000 0.800839 1721520.000000 0.800839 0.998586 0.000000 0 
1105680.000000 1.090066 1105680.000000 1.090066 0.999860 0.000000 0 
1161360.000000 0.996322 1161360.000000 0.996322 0.999587 0.000000 0 
1919280.000000 0.794682 1919280.000000 0.794682 0.984286 0.000000 0 
1163520.000000 0.985348 1163520.000000 0.985348 0.994290 0.000000 0 
1759920.000000 0.798801 1759920.000000 0.798801 0.998469 0.000000 0 
1461360.000000 0.849624 1461360.000000 0.849624 0.988445 0.000000 0 
1179120.000000 0.976511 1179120.000000 0.976511 0.987083 0.000000 0 
1590960.000000 0.817168 1590960.000000 0.817168 0.985058 0.000000 0 
1492080.000000 0.838056 1492080.000000 0.838056 0.999816 0.000000 0 
1140960.000000 1.027876 1140960.000000 1.027876 0.990913 0.000000 0 
1933920.000000 0.794603 1933920.000000 0.794603 0.988768 0.000000 0 
1616880.000000 0.815988 1616880.000000 0.815988 0.983974 0.000000 0 
1471200.000000 0.839551 1471200.000000 0.839551 0.988765 0.000000 0 
1468080.000000 0.843179 1468080.000000 0.843179 0.990199 0.000000 0 
1199280.000000 0.957341 1199280.000000 0.957341 0.984171 0.000000 0 
1141680.000000 1.015525 1141680.000000 1.015525 0.997864 0.000000 0 
1141200.000000 1.023467 1141200.000000 1.023467 0.995821 0.000000 0 
1759920.000000 0.798801 1759920.000000 0.798801 0.998469 0.000000 0 
1248960.000000 0.917106 1248960.000000 0.917106 0.990541 0.000000 0 
1667520.000000 0.809886 1667520.000000 0.809886 0.999251 0.000000 0 
1689840.000000 0.805201 1689840.000000 0.805201 0.994559 0.000000 0 
1365360.000000 0.875611 1365360.000000 0.875611 0.998750 0.000000 0 
1180800.000000 0.970830 1180800.000000 0.970830 0.984033 0.000000 0 
1291920.000000 0.898053 1291920.000000 0.898053 0.998855 0.000000 0 
1162800.000000 0.995603 1162800.000000 0.995603 0.990825 0.000000 0 
1418880.000000 0.854577 1418880.000000 0.854577 0.996517 0.000000 0 
1235040.000000 0.921851 1235040.000000 0.921851 0.998944 0.000000 0 
1250160.000000 0.911140 1250160.000000 0.911140 0.987974 0.000000 0 
1710720.000000 0.804922 1710720.000000 0.804922 0.991088 0.000000 0 
1633920.000000 0.814261 1633920.000000 0.814261 0.998606 0.000000 0 
1260240.000000 0.910021 1260240.000000 0.910021 0.995502 0.000000 0 
1524000.000000 0.828191 1524000.000000 0.828191 0.993834 0.000000 0 
1343280.000000 0.882438 1343280.000000 0.882438 0.988674 0.000000 0 
1187520.000000 0.967483 1187520.000000 0.967483 0.995904 0.000000 0 
1314240.000000 0.890780 1314240.000000 0.890780 0.995179 0.000000 0 
1356480.000000 0.879250 1356480.000000 0.879250 0.997692 0.000000 0 
1264080.000000 0.905109 1264080.000000 0.905109 0.998052 0.000000 0 
1445040.000000 0.850563 1445040.000000 0.850563 0.976355 0.000000 0 
1200480.000000 0.950304 1200480.000000 0.950304 0.982759 0.000000 0 
1226400.000000 0.926598 1226400.000000 0.926598 0.990142 0.000000 0 
1105680.000000 1.090066 1105680.000000 1.090066 0.999860 0.000000 0 
1386480.000000 0.869929 1386480.000000 0.869929 0.992977 0.000000 0 
1320960.000000 0.889657 1320960.000000 0.889657 0.995257 0.000000 0 
1430400.000000 0.853479 1430400.000000 0.853479 0.993574 0.000000 0 
1536000.000000 0.827891 1536000.000000 0.827891 0.992892 0.000000 0 
1241040.000000 0.920452 1241040.000000 0.920452 0.997589 0.000000 0 
1406400.000000 0.858858 1406400.000000 0.858858 0.995457 0.000000 0 
1682160.000000 0.806955 1682160.000000 0.806955 0.993077 0.000000 0 
1642560.000000 0.810516 1642560.000000 0.810516 0.998857 0.000000 0 
1149120.000000 1.013364 1149120.000000 1.013364 0.997807 0.000000 0 
1402560.000000 0.864987 1402560.000000 0.864987 0.999323 0.000000 0 
1274640.000000 0.904529 1274640.000000 0.904529 0.996107 0.000000 0 
1195440.000000 0.961802 1195440.000000 0.961802 0.981088 0.000000 0 
1511040.000000 0.837209 1511040.000000 0.837209 0.996310 0.000000 0 
1584480.000000 0.819157 1584480.000000 0.819157 0.993974 0.000000 0 
1813680.000000 0.796112 1813680.000000 0.796112 0.992929 0.000000 0 
1563360.000000 0.823971 1563360.000000 0.823971 0.989886 0.000000 0 
1114560.000000 1.071437 1114560.000000 1.071437 0.995612 0.000000 0 
1282320.000000 0.902183 1282320.000000 0.902183 0.999583 0.000000 0 
1956960.000000 0.793971 1956960.000000 0.793971 0.982948 0.000000 0 
1331520.000000 0.885145 1331520.000000 0.885145 0.994735 0.000000 0 
1391280.000000 0.867396 1391280.000000 0.867396 0.991404 0.000000 0 
1411440.000000 0.858467 1411440.000000 0.858467 0.993296 0.000000 0 
1547520.000000 0.826811 1547520.000000 0.826811 0.995378 0.000000 0 
1209120.000000 0.946337 1209120.000000 0.946337 0.982692 0.000000 0 
1190400.000000 0.963501 1190400.000000 0.963501 0.980771 0.000000 0 
1555200.000000 0.826067 1555200.000000 0.826067 0.993537 0.000000 0 
1178880.000000 0.984861 1178880.000000 0.984861 0.994044 0.000000 0 
1576320.000000 0.821206 1576320.000000 0.821206 0.987829 0.000000 0 
1326480.000000 0.885277 1326480.000000 0.885277 0.995960 0.000000 0 
1675200.000000 0.809571 1675200.000000 0.809571 0.989532 0.000000 0 
1438080.000000 0.851544 1438080.000000 0.851544 0.996578 0.000000 0 
1305120.000000 0.894692 1305120.000000 0.894692 0.999640 0.000000 0 
1713840.000000 0.802624 1713840.000000 0.802624 0.997138 0.000000 0 
1350480.000000 0.880985 1350480.000000 0.880985 0.993685 0.000000 0 
1376400.000000 0.871982 1376400.000000 0.871982 0.995486 0.000000 0 
1622400.000000 0.814424 1622400.000000 0.814424 0.990543 0.000000 0 
1505280.000000 0.837222 1505280.000000 0.837222 0.994286 0.000000 0 
1371120.000000 0.872326 1371120.000000 0.872326 0.997714 0.000000 0 
1288800.000000 0.900713 1288800.000000 0.900713 0.996685 0.000000 0 
1567680.000000 0.821559 1567680.000000 0.821559 0.988692 0.000000 0 
1512240.000000 0.830406 1512240.000000 0.830406 0.999376 0.000000 0 
1305120.000000 0.894692 1305120.000000 0.894692 0.999640 0.000000 0 
1207200.000000 0.950175 1207200.000000 0.950175 0.981411 0.000000 0 
1642560.000000 0.810516 1642560.000000 0.810516 0.998857 0.000000 0 
1398960.000000 0.865616 1398960.000000 0.865616 0.991955 0.000000 0 
1512240.000000 0.830406 1512240.000000 0.830406 0.999376 0.000000 0 
#Generacion: 4000 
#Distancia: 250.048182 
1937760.000000 0.788836 1937760.000000 0.788836 0.990014 0.000000 0 
1090800.000000 1.107986 1090800.000000 1.107986 0.984075 0.000000 0 
1119600.000000 1.060704 1119600.000000 1.060704 0.996068 0.000000 0 
1124160.000000 1.031726 1124160.000000 1.031726 0.994075 0.000000 0 
1185840.000000 0.940663 1185840.000000 0.940663 0.999487 0.000000 0 
1163520.000000 0.981291 1163520.000000 0.981291 0.977780 0.000000 0 
1857360.000000 0.792648 1857360.000000 0.792648 0.999253 0.000000 0 
1184640.000000 0.959477 1184640.000000 0.959477 0.993422 0.000000 0 
1106640.000000 1.088338 1106640.000000 1.088338 0.989654 0.000000 0 
1107840.000000 1.072455 1107840.000000 1.072455 0.992701 0.000000 0 
1907040.000000 0.790949 1907040.000000 0.790949 0.990746 0.000000 0 
1395120.000000 0.860737 1395120.000000 0.860737 0.996052 0.000000 0 
1176240.000000 0.967696 1176240.000000 0.967696 0.997439 0.000000 0 
1512240.000000 0.830406 1512240.000000 0.830406 0.999376 0.000000 0 
1590960.000000 0.817168 1590960.000000 0.817168 0.985058 0.000000 0 
1283280.000000 0.898039 1283280.000000 0.898039 0.997631 0.000000 0 
1150320.000000 1.011501 1150320.000000 1.011501 0.997144 0.000000 0 
1290000.000000 0.889524 1290000.000000 0.889524 0.994483 0.000000 0 
1490880.000000 0.833475 1490880.000000 0.833475 0.994527 0.000000 0 
1205040.000000 0.938954 1205040.000000 0.938954 0.995267 0.000000 0 
1564320.000000 0.819381 1564320.000000 0.819381 0.977029 0.000000 0 
1415280.000000 0.857945 1415280.000000 0.857945 0.992845 0.000000 0 
1153920.000000 0.992146 1153920.000000 0.992146 0.998445 0.000000 0 
1154880.000000 0.984728 1154880.000000 0.984728 0.984521 0.000000 0 
1759680.000000 0.798630 1759680.000000 0.798630 0.996955 0.000000 0 
1141200.000000 1.023467 1141200.000000 1.023467 0.995821 0.000000 0 
1205760.000000 0.932395 1205760.000000 0.932395 0.998952 0.000000 0 
1883280.000000 0.791349 1883280.000000 0.791349 0.999474 0.000000 0 
1216080.000000 0.929352 1216080.000000 0.929352 0.987772 0.000000 0 
1152960.000000 0.998953 1152960.000000 0.998953 0.984508 0.000000 0 
1816080.000000 0.795117 1816080.000000 0.795117 0.983818 0.000000 0 
1092480.000000 1.099270 1092480.000000 1.099270 0.999551 0.000000 0 
1430400.000000 0.853479 1430400.000000 0.853479 0.993574 0.000000 0 
1391280.000000 0.867396 1391280.000000 0.867396 0.991404 0.000000 0 
1642560.000000 0.810516 1642560.000000 0.810516 0.998857 0.000000 0 
1712160.000000 0.804272 1712160.000000 0.804272 0.992511 0.000000 0 
1741680.000000 0.800351 1741680.000000 0.800351 0.990331 0.000000 0 
1773120.000000 0.797770 1773120.000000 0.797770 0.997197 0.000000 0 
1453440.000000 0.844286 1453440.000000 0.844286 0.996334 0.000000 0 
1788480.000000 0.796990 1788480.000000 0.796990 0.997787 0.000000 0 
1800480.000000 0.795782 1800480.000000 0.795782 0.987230 0.000000 0 
1103280.000000 1.091957 1103280.000000 1.091957 0.985020 0.000000 0 
1118400.000000 1.067569 1118400.000000 1.067569 0.981724 0.000000 0 
1326960.000000 0.880588 1326960.000000 0.880588 0.992443 0.000000 0 
1141680.000000 1.015525 1141680.000000 1.015525 0.997864 0.000000 0 
1542000.000000 0.825309 1542000.000000 0.825309 0.972460 0.000000 0 
1681200.000000 0.808357 1681200.000000 0.808357 0.989533 0.000000 0 
1264080.000000 0.905109 1264080.000000 0.905109 0.998052 0.000000 0 
1661760.000000 0.809046 1661760.000000 0.809046 0.990490 0.000000 0 
1177920.000000 0.959776 1177920.000000 0.959776 0.993516 0.000000 0 
1099200.000000 1.097700 1099200.000000 1.097700 0.998191 0.000000 0 
1364400.000000 0.873446 1364400.000000 0.873446 0.999664 0.000000 0 
1255680.000000 0.907337 1255680.000000 0.907337 0.998005 0.000000 0 
1226400.000000 0.926598 1226400.000000 0.926598 0.990142 0.000000 0 
1557360.000000 0.824615 1557360.000000 0.824615 0.979052 0.000000 0 
1250160.000000 0.911140 1250160.000000 0.911140 0.987974 0.000000 0 
1524000.000000 0.828191 1524000.000000 0.828191 0.993834 0.000000 0 
1238640.000000 0.916029 1238640.000000 0.916029 0.991176 0.000000 0 
1831440.000000 0.793961 1831440.000000 0.793961 0.998708 0.000000 0 
1371840.000000 0.869473 1371840.000000 0.869473 0.994032 0.000000 0 
1338240.000000 0.878886 1338240.000000 0.878886 0.988088 0.000000 0 
1480560.000000 0.834316 1480560.000000 0.834316 0.993095 0.000000 0 
1439520.000000 0.849089 1439520.000000 0.849089 0.989253 0.000000 0 
1346880.000000 0.877117 1346880.000000 0.877117 0.991798 0.000000 0 
1721520.000000 0.800839 1721520.000000 0.800839 0.998586 0.000000 0 
1235040.000000 0.921851 1235040.000000 0.921851 0.998944 0.000000 0 
1622400.000000 0.814397 1622400.000000 0.814397 0.988363 0.000000 0 
1129440.000000 1.025199 1129440.000000 1.025199 0.991177 0.000000 0 
1357440.000000 0.875326 1357440.000000 0.875326 0.986281 0.000000 0 
1424160.000000 0.856662 1424160.000000 0.856662 0.995519 0.000000 0 
1445280.000000 0.848263 1445280.000000 0.848263 0.990307 0.000000 0 
1298160.000000 0.887188 1298160.000000 0.887188 0.986840 0.000000 0 
1318320.000000 0.883187 1318320.000000 0.883187 0.999225 0.000000 0 
1688160.000000 0.804701 1688160.000000 0.804701 0.992531 0.000000 0 
1532640.000000 0.826965 1532640.000000 0.826965 0.994379 0.000000 0 
1696800.000000 0.804468 1696800.000000 0.804468 0.991666 0.000000 0 
1382400.000000 0.869188 1382400.000000 0.869188 0.994982 0.000000 0 
1609440.000000 0.815528 1609440.000000 0.815528 0.981031 0.000000 0 
1890000.000000 0.791323 1890000.000000 0.791323 0.999749 0.000000 0 
1243440.000000 0.913913 1243440.000000 0.913913 0.990529 0.000000 0 
1114320.000000 1.070529 1114320.000000 1.070529 0.988900 0.000000 0 
1462560.000000 0.839135 1462560.000000 0.839135 0.989620 0.000000 0 
1603200.000000 0.816522 1603200.000000 0.816522 0.977204 0.000000 0 
1455360.000000 0.839719 1455360.000000 0.839719 0.994054 0.000000 0 
1176240.000000 0.967696 1176240.000000 0.967696 0.997439 0.000000 0 
1124400.000000 1.027464 1124400.000000 1.027464 0.997107 0.000000 0 
1272960.000000 0.900421 1272960.000000 0.900421 0.986035 0.000000 0 
1730160.000000 0.800416 1730160.000000 0.800416 0.996358 0.000000 0 
1271520.000000 0.901807 1271520.000000 0.901807 0.985317 0.000000 0 
1668000.000000 0.808634 1668000.000000 0.808634 0.991193 0.000000 0 
1234080.000000 0.924870 1234080.000000 0.924870 0.982191 0.000000 0 
1559280.000000 0.820581 1559280.000000 0.820581 0.987440 0.000000 0 
1306800.000000 0.885908 1306800.000000 0.885908 0.989435 0.000000 0 
1148160.000000 1.014349 1148160.000000 1.014349 0.997455 0.000000 0 
1152960.000000 0.998953 1152960.000000 0.998953 0.984508 0.000000 0 
1309440.000000 0.883878 1309440.000000 0.883878 0.993278 0.000000 0 
1633920.000000 0.814261 1633920.000000 0.814261 0.998606 0.000000 0 
1638720.000000 0.813506 1638720.000000 0.813506 0.988606 0.000000 0 
1831440.000000 0.793961 1831440.000000 0.793961 0.998708 0.000000 0 
1475520.000000 0.838661 1475520.000000 0.838661 0.997965 0.000000 0 
#Generacion: 4500 
#Distancia: 261.378990 
1040880.000000 1.220989 1040880.000000 1.220989 0.993919 0.000000 0 
1040880.000000 1.220989 1040880.000000 1.220989 0.993919 0.000000 0 
1980960.000000 0.788003 1980960.000000 0.788003 0.989339 0.000000 0 
1083120.000000 1.109160 1083120.000000 1.109160 0.987968 0.000000 0 
1080240.000000 1.139228 1080240.000000 1.139228 0.990767 0.000000 0 
1884720.000000 0.789855 1884720.000000 0.789855 0.988164 0.000000 0 
1108080.000000 1.061489 1108080.000000 1.061489 0.994783 0.000000 0 
1929120.000000 0.789145 1929120.000000 0.789145 0.993494 0.000000 0 
1048800.000000 1.186937 1048800.000000 1.186937 0.984974 0.000000 0 
1041600.000000 1.209124 1041600.000000 1.209124 0.990415 0.000000 0 
1147200.000000 0.996595 1147200.000000 0.996595 0.998969 0.000000 0 
1455360.000000 0.839719 1455360.000000 0.839719 0.994054 0.000000 0 
1352160.000000 0.869298 1352160.000000 0.869298 0.980622 0.000000 0 
1250160.000000 0.911140 1250160.000000 0.911140 0.987974 0.000000 0 
1092240.000000 1.091139 1092240.000000 1.091139 0.996645 0.000000 0 
1282560.000000 0.886038 1282560.000000 0.886038 0.991784 0.000000 0 
1059600.000000 1.158325 1059600.000000 1.158325 0.977908 0.000000 0 
1180800.000000 0.951153 1180800.000000 0.951153 0.984178 0.000000 0 
1485120.000000 0.835290 1485120.000000 0.835290 0.986060 0.000000 0 
1937760.000000 0.788510 1937760.000000 0.788510 0.994558 0.000000 0 
1085520.000000 1.091430 1085520.000000 1.091430 0.991149 0.000000 0 
1146720.000000 1.014211 1146720.000000 1.014211 0.986491 0.000000 0 
1161600.000000 0.985478 1161600.000000 0.985478 0.997395 0.000000 0 
1383360.000000 0.868831 1383360.000000 0.868831 0.994984 0.000000 0 
1267200.000000 0.904676 1267200.000000 0.904676 0.992819 0.000000 0 
1118400.000000 1.031581 1118400.000000 1.031581 0.995787 0.000000 0 
1185840.000000 0.940663 1185840.000000 0.940663 0.999487 0.000000 0 
1133520.000000 1.024537 1133520.000000 1.024537 0.986265 0.000000 0 
1203360.000000 0.930332 1203360.000000 0.930332 0.989243 0.000000 0 
1058160.000000 1.174711 1058160.000000 1.174711 0.992788 0.000000 0 
1976160.000000 0.788277 1976160.000000 0.788277 0.999810 0.000000 0 
1099200.000000 1.074564 1099200.000000 1.074564 0.996552 0.000000 0 
1540320.000000 0.823330 1540320.000000 0.823330 0.997701 0.000000 0 
1518480.000000 0.824894 1518480.000000 0.824894 0.999276 0.000000 0 
1116240.000000 1.045803 1116240.000000 1.045803 0.997202 0.000000 0 
1564320.000000 0.819381 1564320.000000 0.819381 0.977029 0.000000 0 
1275600.000000 0.896590 1275600.000000 0.896590 0.997644 0.000000 0 
1218720.000000 0.927345 1218720.000000 0.927345 0.993137 0.000000 0 
1177920.000000 0.959776 1177920.000000 0.959776 0.993516 0.000000 0 
1197600.000000 0.938067 1197600.000000 0.938067 0.996653 0.000000 0 
1439520.000000 0.849089 1439520.000000 0.849089 0.989253 0.000000 0 
1856880.000000 0.791731 1856880.000000 0.791731 0.996506 0.000000 0 
1153920.000000 0.992146 1153920.000000 0.992146 0.998445 0.000000 0 
1610160.000000 0.814961 1610160.000000 0.814961 0.987308 0.000000 0 
1299840.000000 0.884865 1299840.000000 0.884865 0.993204 0.000000 0 
1176240.000000 0.967566 1176240.000000 0.967566 0.997785 0.000000 0 
1106160.000000 1.068344 1106160.000000 1.068344 0.996780 0.000000 0 
1408800.000000 0.859825 1408800.000000 0.859825 0.991395 0.000000 0 
1444080.000000 0.841557 1444080.000000 0.841557 0.988240 0.000000 0 
1056240.000000 1.177225 1056240.000000 1.177225 0.989781 0.000000 0 
1341360.000000 0.874527 1341360.000000 0.874527 0.990063 0.000000 0 
1140240.000000 1.015456 1140240.000000 1.015456 0.989919 0.000000 0 
1418880.000000 0.854577 1418880.000000 0.854577 0.996517 0.000000 0 
1816080.000000 0.795117 1816080.000000 0.795117 0.983818 0.000000 0 
1161840.000000 0.973748 1161840.000000 0.973748 0.999563 0.000000 0 
1721520.000000 0.800839 1721520.000000 0.800839 0.998586 0.000000 0 
1675200.000000 0.805423 1675200.000000 0.805423 0.993260 0.000000 0 
1761120.000000 0.797721 1761120.000000 0.797721 0.987659 0.000000 0 
1116240.000000 1.045803 1116240.000000 1.045803 0.997202 0.000000 0 
1620720.000000 0.813505 1620720.000000 0.813505 0.988500 0.000000 0 
1324800.000000 0.881755 1324800.000000 0.881755 0.996491 0.000000 0 
1552560.000000 0.820812 1552560.000000 0.820812 0.984289 0.000000 0 
1430400.000000 0.853479 1430400.000000 0.853479 0.993574 0.000000 0 
1512240.000000 0.829983 1512240.000000 0.829983 0.990622 0.000000 0 
1329600.000000 0.875343 1329600.000000 0.875343 0.985596 0.000000 0 
1071360.000000 1.147962 1071360.000000 1.147962 0.989409 0.000000 0 
1315200.000000 0.883787 1315200.000000 0.883787 0.988796 0.000000 0 
1738080.000000 0.799772 1738080.000000 0.799772 0.992727 0.000000 0 
1590240.000000 0.818815 1590240.000000 0.818815 0.977731 0.000000 0 
1800480.000000 0.795782 1800480.000000 0.795782 0.987230 0.000000 0 
1395120.000000 0.860737 1395120.000000 0.860737 0.996052 0.000000 0 
1128000.000000 1.030361 1128000.000000 1.030361 0.988749 0.000000 0 
1778400.000000 0.796874 1778400.000000 0.796874 0.986282 0.000000 0 
1389360.000000 0.864895 1389360.000000 0.864895 0.994629 0.000000 0 
1499760.000000 0.831203 1499760.000000 0.831203 0.993493 0.000000 0 
1048800.000000 1.186937 1048800.000000 1.186937 0.984974 0.000000 0 
1688160.000000 0.804701 1688160.000000 0.804701 0.992531 0.000000 0 
1637520.000000 0.812482 1637520.000000 0.812482 0.983619 0.000000 0 
1590960.000000 0.817168 1590960.000000 0.817168 0.985058 0.000000 0 
1664400.000000 0.809548 1664400.000000 0.809548 0.988533 0.000000 0 
1075200.000000 1.142157 1075200.000000 1.142157 0.995476 0.000000 0 
1167360.000000 0.972175 1167360.000000 0.972175 0.997338 0.000000 0 
1709040.000000 0.802214 1709040.000000 0.802214 0.998880 0.000000 0 
1748640.000000 0.798764 1748640.000000 0.798764 0.979999 0.000000 0 
1041600.000000 1.209124 1041600.000000 1.209124 0.990415 0.000000 0 
1698480.000000 0.803018 1698480.000000 0.803018 0.997998 0.000000 0 
1269120.000000 0.898483 1269120.000000 0.898483 0.996800 0.000000 0 
1229280.000000 0.920361 1229280.000000 0.920361 0.987168 0.000000 0 
1226400.000000 0.922340 1226400.000000 0.922340 0.986616 0.000000 0 
1831440.000000 0.793961 1831440.000000 0.793961 0.998708 0.000000 0 
1642560.000000 0.810516 1642560.000000 0.810516 0.998857 0.000000 0 
1788000.000000 0.796424 1788000.000000 0.796424 0.989827 0.000000 0 
1656480.000000 0.809728 1656480.000000 0.809728 0.986218 0.000000 0 
1490880.000000 0.833475 1490880.000000 0.833475 0.994527 0.000000 0 
1837920.000000 0.793337 1837920.000000 0.793337 0.981699 0.000000 0 
1851120.000000 0.792355 1851120.000000 0.792355 0.997712 0.000000 0 
1238640.000000 0.916029 1238640.000000 0.916029 0.991176 0.000000 0 
1066320.000000 1.152718 1066320.000000 1.152718 0.976630 0.000000 0 
1099200.000000 1.074564 1099200.000000 1.074564 0.996552 0.000000 0 
1061280.000000 1.153262 1061280.000000 1.153262 0.986643 0.000000 0 
#Generacion: 5000 
#Distancia: 293.921717 
