50312670.474775 48302191.938793 2010480.000000 1.464018 5.830219 48302190.474775 34 
24134498.338774 22047459.690978 2087040.000000 1.352204 3.204746 22047458.338774 0 
96958146.807096 94838948.094503 2119200.000000 1.287407 10.483895 94838946.807096 72 
42083567.980708 40184449.301386 1899120.000000 1.320678 5.018445 40184447.980708 9 
51177407.463196 49140769.477036 2036640.000000 2.013840 5.914077 49140767.463196 40 
33385906.483575 31270788.084438 2115120.000000 1.600863 4.127079 31270786.483575 5 
1162442235126671.500000 1162442233176673.000000 1950000.000000 1.479628 116244224.317667 1162442233176671.500000 88 
52066081.259370 49975922.845120 2090160.000000 1.585751 5.997592 49975921.259370 44 
45252860.047567 43242141.324510 2010720.000000 1.276943 5.324214 43242140.047567 16 
75540561.204128 73400722.336251 2139840.000000 1.132123 8.340072 73400721.204128 67 
75601573.525867 73641735.148132 1959840.000000 1.622265 8.364173 73641733.525867 68 
53186577754111.929688 53186575598193.406250 2155920.000000 1.472673 5318658.559819 53186575598191.929688 83 
61413945.948637 59553948.363491 1860000.000000 2.414855 6.955395 59553945.948637 58 
57926803.125149 56093204.870875 1833600.000000 1.745726 6.609320 56093203.125149 54 
50076549.498361 47999590.777222 2076960.000000 1.278862 5.799959 47999589.498361 31 
43659844.385369 41536085.804908 2123760.000000 1.419539 5.153608 41536084.385369 11 
47638989.605844 45592031.040966 2046960.000000 1.435122 5.559203 45592029.605844 18 
48978760.939922 46951962.937530 2026800.000000 1.997608 5.695196 46951960.939922 25 
65369886894002.679688 65369884866244.679688 2027760.000000 2.001706 6536989.486624 65369884866242.679688 85 
77738992356717.796875 77738990484719.500000 1872000.000000 1.705686 7773900.048472 77738990484717.796875 86 
41593222.464345 39626904.605421 1966320.000000 2.141075 4.962690 39626902.464345 7 
33773881805626.734375 33773879896908.066406 1908720.000000 1.332862 3377388.989691 33773879896906.734375 78 
58843725.571944 56936927.135239 1906800.000000 1.563294 6.693693 56936925.571944 56 
62840118468543.679688 62840116512305.726562 1956240.000000 2.049702 6284012.651230 62840116512303.679688 84 
179868174133072.031250 179868172118993.343750 2014080.000000 1.327516 17986818.211899 179868172118992.031250 87 
31319726.778811 29247089.053412 2072640.000000 2.274601 3.924709 29247086.778811 4 
50439808.484988 48530370.854605 1909440.000000 2.369618 5.853037 48530368.484988 36 
55460976.772377 53498258.603950 1962720.000000 1.831574 6.349826 53498256.772377 52 
64214885.465673 62122807.326878 2092080.000000 1.861205 7.212281 62122805.465673 61 
49047765.109369 47014486.252830 2033280.000000 1.143462 5.701449 47014485.109369 26 
50406372.012163 48349573.558533 2056800.000000 1.546370 5.834957 48349572.012163 35 
50632541.497210 48564703.052270 2067840.000000 1.555060 5.856470 48564701.497210 37 
16004729423317.457031 16004727308199.242188 2115120.000000 1.785322 1600473.730820 16004727308197.457031 75 
54947693.172349 53054814.888301 1892880.000000 1.715952 6.305481 53054813.172349 49 
28832415.964841 26690657.517116 2141760.000000 1.552275 3.669066 26690655.964841 2 
49237356.813391 47267678.179159 1969680.000000 1.365768 5.726768 47267676.813391 27 
53466773.510501 51590934.933164 1875840.000000 1.422663 6.159093 51590933.510501 46 
63431181.353776 61498703.166116 1932480.000000 1.812340 7.149870 61498701.353776 60 
48840689.563090 46640371.581785 2200320.000000 2.018695 5.664037 46640369.563090 22 
29190246.553185 27146407.989614 2043840.000000 1.436429 3.714641 27146406.553185 3 
48730634.579020 46703596.149525 2027040.000000 1.570505 5.670359 46703594.579020 23 
71933274.045648 69956635.610633 1976640.000000 1.564985 7.995663 69956634.045648 66 
51251456.296707 49256338.184516 1995120.000000 1.887809 5.925634 49256336.296707 41 
48339156.195312 46473397.811500 1865760.000000 1.616187 5.647340 46473396.195312 21 
56770311.193936 54903592.700712 1866720.000000 1.506777 6.490359 54903591.193936 53 
9044382016900.017578 9044379936821.572266 2080080.000000 1.555181 904438.993682 9044379936820.017578 74 
48342921.842423 46265003.195493 2077920.000000 1.353071 5.626500 46265001.842423 20 
51759760.513014 49851042.347750 1908720.000000 1.834737 5.985104 49851040.513014 43 
58644077.109930 56599758.706210 2044320.000000 1.596280 6.659976 56599757.109930 55 
64991271.397504 62866792.777842 2124480.000000 1.380338 7.286679 62866791.397504 62 
34541248771095.992188 34541246814858.640625 1956240.000000 2.649010 3454125.681486 34541246814855.992188 79 
50403304.122477 48487865.810875 1915440.000000 1.688398 5.848786 48487864.122477 35 
50117015.619623 48150937.538340 1966080.000000 1.918717 5.815094 48150935.619623 32 
51511988.263267 49444149.671908 2067840.000000 1.408640 5.944415 49444148.263267 42 
34007628.477370 31707709.702353 2299920.000000 1.224983 4.170771 31707708.477370 6 
54673223.961072 52562905.919078 2110320.000000 1.958006 6.256290 52562903.961072 48 
47276264.808796 45063706.227837 2212560.000000 1.419042 5.506370 45063704.808796 17 
55359368.560530 53303529.800686 2055840.000000 1.240156 6.330353 53303528.560530 51 
20150704958216.667969 20150702971738.671875 1986480.000000 2.005797 2015071.297174 20150702971736.667969 76 
65458179.181898 63477700.756245 1980480.000000 1.574346 7.347770 63477699.181898 64 
26773924.295772 24664085.688858 2109840.000000 1.393086 3.466408 24664084.295772 1 
41793262.695543 39809664.021522 1983600.000000 1.325979 4.980966 39809662.695543 8 
52518691.165918 50525732.998172 1992960.000000 1.832254 6.052573 50525731.165918 45 
79763440.870997 77835764.046038 1927680.000000 3.175041 8.783576 77835760.870997 71 
3267429574812.843262 3267427585454.576172 1989360.000000 1.733046 326743.758545 3267427585452.843262 73 
50189478.828299 48159080.525593 2030400.000000 1.697294 5.815908 48159078.828299 33 
44049529.900852 42004971.106620 2044560.000000 1.205767 5.200497 42004969.900852 13 
49786317.612170 47787599.632566 1998720.000000 2.020396 5.778760 47787597.612170 29 
47795508.903484 45829670.384666 1965840.000000 1.481182 5.582967 45829668.903484 19 
54195838.016284 52078319.545016 2117520.000000 1.528733 6.207832 52078318.016284 47 
78481436.305547 76457278.711629 2024160.000000 2.406082 8.645728 76457276.305547 70 
41879061.480030 39783382.758062 2095680.000000 1.278032 4.978338 39783381.480030 8 
75618045.615374 73540127.253738 2077920.000000 1.638364 8.354013 73540125.615374 68 
59367062.129069 57198183.299156 2168880.000000 1.170087 6.719818 57198182.129069 57 
70938732.669556 68833694.087276 2105040.000000 1.417720 7.883369 68833692.669556 65 
44683409.616359 42847890.944403 1835520.000000 1.328044 5.284789 42847889.616359 15 
50957073.352207 48885395.060124 2071680.000000 1.707917 5.888539 48885393.352207 39 
43867000.137822 41807082.306231 2059920.000000 2.168409 5.180708 41807080.137822 12 
48669635.614004 46699238.281220 1970400.000000 2.667216 5.669924 46699235.614004 22 
35214173349606.484375 35214171258727.890625 2090880.000000 1.406045 3521418.125873 35214171258726.484375 80 
43109746.476273 41125669.148159 1984080.000000 2.671886 5.112567 41125666.476273 10 
54955807.783852 53066529.715309 1889280.000000 1.931458 6.306653 53066527.783852 50 
45892670726148.390625 45892668806392.015625 1919760.000000 3.624740 4589267.880639 45892668806388.390625 81 
1451375073974425.000000 1451375072110586.500000 1863840.000000 1.555983 145137508.211058 1451375072110585.000000 89 
49194329173776.257812 49194327313537.601562 1860240.000000 1.345210 4919433.731354 49194327313536.257812 82 
49871966.402250 47823087.648586 2048880.000000 1.246336 5.782309 47823086.402250 30 
1495583601780737.750000 1495583599731379.000000 2049360.000000 1.269474 149558360.973138 1495583599731377.750000 90 
21636274630826.246094 21636272339787.367188 2291040.000000 1.122080 2163628.233979 21636272339786.246094 77 
44383845.562026 42450647.389510 1933200.000000 1.827484 5.245065 42450645.562026 14 
44067589.907967 41988951.332010 2078640.000000 1.424044 5.198895 41988949.907967 13 
78040174.867035 76027777.291829 2012400.000000 2.424794 8.602777 76027774.867035 69 
50788833.907889 48897395.681520 1891440.000000 1.773631 5.889739 48897393.907889 38 
49642524.530397 47712206.176761 1930320.000000 1.646363 5.771220 47712204.530397 28 
78608810.055474 76452173.096220 2156640.000000 3.040746 8.645217 76452170.055474 70 
48292670.431341 46337633.405783 1955040.000000 2.974441 5.633763 46337630.431341 20 
61689969.971711 59876531.921154 1813440.000000 1.949443 6.987653 59876529.971711 59 
65107486.612651 63218208.019544 1889280.000000 1.406893 7.321821 63218206.612651 63 
48821689.712477 46750490.794155 2071200.000000 1.081678 5.675049 46750489.712477 24 
47220675.529019 45294678.140002 1926000.000000 2.610983 5.529468 45294675.529019 17 
50884199.646919 48819720.867021 2064480.000000 1.220102 5.881972 48819719.646919 38 
#Generacion: 1 
#Distancia: 786.775859 
1721280.000000 0.842953 1721280.000000 0.842953 0.994200 0.000000 0 
1402320.000000 0.961481 1402320.000000 0.961481 0.998554 0.000000 0 
1349760.000000 1.085275 1349760.000000 1.085275 0.979279 0.000000 0 
1744080.000000 0.841290 1744080.000000 0.841290 0.974446 0.000000 0 
1402320.000000 0.961481 1402320.000000 0.961481 0.998554 0.000000 0 
1801680.000000 0.834611 1801680.000000 0.834611 0.971962 0.000000 0 
1814160.000000 0.834532 1814160.000000 0.834532 0.978623 0.000000 0 
1479600.000000 0.885219 1479600.000000 0.885219 0.985388 0.000000 0 
1736160.000000 0.841832 1736160.000000 0.841832 0.981223 0.000000 0 
1645440.000000 0.853174 1645440.000000 0.853174 0.999054 0.000000 0 
1354560.000000 1.029878 1354560.000000 1.029878 0.988170 0.000000 0 
1801680.000000 0.834611 1801680.000000 0.834611 0.971962 0.000000 0 
1636080.000000 0.861735 1636080.000000 0.861735 0.989781 0.000000 0 
1355760.000000 1.013636 1355760.000000 1.013636 0.984873 0.000000 0 
1688400.000000 0.844892 1688400.000000 0.844892 0.979185 0.000000 0 
1287360.000000 1.208645 1287360.000000 1.208645 0.994448 0.000000 0 
1527840.000000 0.874964 1527840.000000 0.874964 0.991098 0.000000 0 
1408320.000000 0.896563 1408320.000000 0.896563 0.979165 0.000000 0 
1801680.000000 0.834611 1801680.000000 0.834611 0.971962 0.000000 0 
1309920.000000 1.165971 1309920.000000 1.165971 0.974392 0.000000 0 
1371360.000000 0.968623 1371360.000000 0.968623 0.990013 0.000000 0 
1568160.000000 0.868071 1568160.000000 0.868071 0.993339 0.000000 0 
1761840.000000 0.835425 1761840.000000 0.835425 0.972348 0.000000 0 
1727040.000000 0.842177 1727040.000000 0.842177 0.987040 0.000000 0 
1402320.000000 0.961481 1402320.000000 0.961481 0.998554 0.000000 0 
1286400.000000 1.305621 1286400.000000 1.305621 0.977518 0.000000 0 
1517280.000000 0.875639 1517280.000000 0.875639 0.990527 0.000000 0 
1578720.000000 0.867909 1578720.000000 0.867909 0.992927 0.000000 0 
1350000.000000 1.038825 1350000.000000 1.038825 0.988304 0.000000 0 
1360560.000000 0.998717 1360560.000000 0.998717 0.989773 0.000000 0 
1663200.000000 0.852493 1663200.000000 0.852493 0.985180 0.000000 0 
1499760.000000 0.875833 1499760.000000 0.875833 0.993606 0.000000 0 
1344720.000000 1.164474 1344720.000000 1.164474 0.985216 0.000000 0 
1597200.000000 0.863573 1597200.000000 0.863573 0.990631 0.000000 0 
1549200.000000 0.868446 1549200.000000 0.868446 0.999326 0.000000 0 
1386480.000000 0.966020 1386480.000000 0.966020 0.990195 0.000000 0 
1309920.000000 1.165971 1309920.000000 1.165971 0.974392 0.000000 0 
1346880.000000 1.119220 1346880.000000 1.119220 0.974233 0.000000 0 
1766400.000000 0.835292 1766400.000000 0.835292 0.973261 0.000000 0 
1344720.000000 1.164474 1344720.000000 1.164474 0.985216 0.000000 0 
1315680.000000 1.165881 1315680.000000 1.165881 0.981960 0.000000 0 
1792080.000000 0.838547 1792080.000000 0.838547 0.969719 0.000000 1 
1296480.000000 1.263467 1296480.000000 1.263467 0.996793 0.000000 1 
1296480.000000 1.263467 1296480.000000 1.263467 0.996793 0.000000 1 
1351200.000000 1.143966 1351200.000000 1.143966 0.995663 0.000000 1 
1314720.000000 1.196434 1314720.000000 1.196434 0.997020 0.000000 1 
1305840.000000 1.262051 1305840.000000 1.262051 0.977068 0.000000 1 
1354320.000000 1.077704 1354320.000000 1.077704 0.969853 0.000000 1 
1338720.000000 1.170525 1338720.000000 1.170525 0.945275 0.000000 1 
1369200.000000 1.013506 1369200.000000 1.013506 0.984644 0.000000 1 
1365840.000000 1.074866 1365840.000000 1.074866 0.983454 0.000000 1 
1394880.000000 0.966160 1394880.000000 0.966160 0.967264 0.000000 1 
1515600.000000 0.878208 1515600.000000 0.878208 0.977514 0.000000 1 
1560480.000000 0.875850 1560480.000000 0.875850 0.993154 0.000000 1 
1769280.000000 0.841037 1769280.000000 0.841037 0.974018 0.000000 1 
1415520.000000 0.947621 1415520.000000 0.947621 0.998769 0.000000 1 
1679280.000000 0.854364 1679280.000000 0.854364 0.990802 0.000000 1 
1416960.000000 0.918644 1416960.000000 0.918644 0.995405 0.000000 1 
1492080.000000 0.903741 1492080.000000 0.903741 0.987289 0.000000 1 
1736160.000000 0.841887 1736160.000000 0.841887 0.981417 0.000000 1 
1410720.000000 0.955638 1410720.000000 0.955638 0.989204 0.000000 1 
1419840.000000 0.913358 1419840.000000 0.913358 0.985221 0.000000 1 
1580400.000000 0.870875 1580400.000000 0.870875 0.995710 0.000000 1 
1323120.000000 1.189264 1323120.000000 1.189264 0.974774 0.000000 1 
1496880.000000 0.886948 1496880.000000 0.886948 0.981046 0.000000 1 
1380240.000000 0.995129 1380240.000000 0.995129 0.987107 0.000000 1 
1370400.000000 1.007587 1370400.000000 1.007587 0.996344 0.000000 1 
1448640.000000 0.911250 1448640.000000 0.911250 0.997036 0.000000 1 
1609200.000000 0.869431 1609200.000000 0.869431 0.980359 0.000000 1 
1505520.000000 0.884691 1505520.000000 0.884691 0.981577 0.000000 1 
1691040.000000 0.850682 1691040.000000 0.850682 0.994607 0.000000 1 
1571040.000000 0.871270 1571040.000000 0.871270 0.994107 0.000000 1 
1792080.000000 0.838547 1792080.000000 0.838547 0.969719 0.000000 1 
1640400.000000 0.861871 1640400.000000 0.861871 0.989750 0.000000 1 
1625520.000000 0.864363 1625520.000000 0.864363 0.990185 0.000000 1 
1459440.000000 0.909127 1459440.000000 0.909127 0.980210 0.000000 1 
1620720.000000 0.868298 1620720.000000 0.868298 0.994460 0.000000 1 
1473360.000000 0.904052 1473360.000000 0.904052 0.998880 0.000000 1 
1714560.000000 0.845467 1714560.000000 0.845467 0.977583 0.000000 1 
1699200.000000 0.847931 1699200.000000 0.847931 0.994277 0.000000 1 
1645440.000000 0.861789 1645440.000000 0.861789 0.974353 0.000000 1 
1323120.000000 1.189264 1323120.000000 1.189264 0.974774 0.000000 1 
1729440.000000 0.845449 1729440.000000 0.845449 0.991315 0.000000 1 
1714560.000000 0.845467 1714560.000000 0.845467 0.977583 0.000000 1 
1355040.000000 1.075900 1355040.000000 1.075900 0.981406 0.000000 1 
1448880.000000 0.910476 1448880.000000 0.910476 0.981165 0.000000 1 
1609200.000000 0.869431 1609200.000000 0.869431 0.980359 0.000000 1 
1365840.000000 1.074866 1365840.000000 1.074866 0.983454 0.000000 1 
1699200.000000 0.847931 1699200.000000 0.847931 0.994277 0.000000 1 
1305840.000000 1.262051 1305840.000000 1.262051 0.977068 0.000000 1 
1469040.000000 0.906754 1469040.000000 0.906754 0.993252 0.000000 1 
1729920.000000 0.844084 1729920.000000 0.844084 0.979852 0.000000 1 
1623600.000000 0.865091 1623600.000000 0.865091 0.986881 0.000000 1 
1369920.000000 1.013432 1369920.000000 1.013432 0.984651 0.000000 1 
1471920.000000 0.904506 1471920.000000 0.904506 0.980435 0.000000 1 
1466160.000000 0.908572 1466160.000000 0.908572 0.986063 0.000000 1 
1466160.000000 0.908572 1466160.000000 0.908572 0.986063 0.000000 1 
1729680.000000 0.845181 1729680.000000 0.845181 0.971745 0.000000 1 
1473360.000000 0.904052 1473360.000000 0.904052 0.998880 0.000000 1 
1448640.000000 0.911250 1448640.000000 0.911250 0.997036 0.000000 1 
#Generacion: 500 
#Distancia: 293.903232 
1412880.000000 0.886396 1412880.000000 0.886396 0.980897 0.000000 0 
1203840.000000 1.262009 1203840.000000 1.262009 0.991725 0.000000 0 
1556640.000000 0.843016 1556640.000000 0.843016 0.991002 0.000000 0 
1619520.000000 0.832281 1619520.000000 0.832281 0.994486 0.000000 0 
1412880.000000 0.886396 1412880.000000 0.886396 0.980897 0.000000 0 
1308960.000000 0.933901 1308960.000000 0.933901 0.993177 0.000000 0 
1287600.000000 1.023396 1287600.000000 1.023396 0.989927 0.000000 0 
1619520.000000 0.832281 1619520.000000 0.832281 0.994486 0.000000 0 
1619520.000000 0.832281 1619520.000000 0.832281 0.994486 0.000000 0 
1374960.000000 0.895674 1374960.000000 0.895674 0.988984 0.000000 0 
1556640.000000 0.843016 1556640.000000 0.843016 0.991002 0.000000 0 
1412400.000000 0.888017 1412400.000000 0.888017 0.990552 0.000000 0 
1627200.000000 0.830845 1627200.000000 0.830845 0.997105 0.000000 0 
1364640.000000 0.902301 1364640.000000 0.902301 0.989511 0.000000 0 
1331040.000000 0.912777 1331040.000000 0.912777 0.993200 0.000000 0 
1412880.000000 0.886396 1412880.000000 0.886396 0.980897 0.000000 0 
1619520.000000 0.832281 1619520.000000 0.832281 0.994486 0.000000 0 
1249200.000000 1.119668 1249200.000000 1.119668 0.996273 0.000000 0 
1661280.000000 0.828848 1661280.000000 0.828848 0.992592 0.000000 0 
1203840.000000 1.262009 1203840.000000 1.262009 0.991725 0.000000 0 
1321920.000000 0.932543 1321920.000000 0.932543 0.997994 0.000000 0 
1704720.000000 0.826519 1704720.000000 0.826519 0.985018 0.000000 0 
1661280.000000 0.828848 1661280.000000 0.828848 0.992592 0.000000 0 
1511280.000000 0.850153 1511280.000000 0.850153 0.996147 0.000000 0 
1600320.000000 0.835498 1600320.000000 0.835498 0.994571 0.000000 0 
1287600.000000 1.023396 1287600.000000 1.023396 0.989927 0.000000 0 
1465440.000000 0.860795 1465440.000000 0.860795 0.987768 0.000000 0 
1416240.000000 0.881994 1416240.000000 0.881994 0.987968 0.000000 0 
1416240.000000 0.881994 1416240.000000 0.881994 0.987968 0.000000 0 
1287600.000000 1.023396 1287600.000000 1.023396 0.989927 0.000000 0 
1557360.000000 0.842891 1557360.000000 0.842891 0.990730 0.000000 0 
1392960.000000 0.893176 1392960.000000 0.893176 0.995708 0.000000 0 
1604160.000000 0.835269 1604160.000000 0.835269 0.990172 0.000000 0 
1507440.000000 0.852629 1507440.000000 0.852629 0.995969 0.000000 0 
1308960.000000 0.933901 1308960.000000 0.933901 0.993177 0.000000 0 
1830720.000000 0.816930 1830720.000000 0.816930 0.981360 0.000000 0 
1449840.000000 0.861667 1449840.000000 0.861667 0.989063 0.000000 0 
1326240.000000 0.915889 1326240.000000 0.915889 0.992640 0.000000 0 
1203840.000000 1.262009 1203840.000000 1.262009 0.991725 0.000000 0 
1209360.000000 1.252717 1209360.000000 1.252717 0.992759 0.000000 0 
1401600.000000 0.888216 1401600.000000 0.888216 0.991255 0.000000 0 
1428720.000000 0.871196 1428720.000000 0.871196 0.990328 0.000000 0 
1465200.000000 0.861125 1465200.000000 0.861125 0.988973 0.000000 0 
1326240.000000 0.915889 1326240.000000 0.915889 0.992640 0.000000 0 
1511280.000000 0.850153 1511280.000000 0.850153 0.996147 0.000000 0 
1426800.000000 0.881645 1426800.000000 0.881645 0.980676 0.000000 0 
1197360.000000 1.264525 1197360.000000 1.264525 0.994674 0.000000 0 
1395840.000000 0.888308 1395840.000000 0.888308 0.980756 0.000000 0 
1220400.000000 1.238520 1220400.000000 1.238520 0.993359 0.000000 0 
1718400.000000 0.818853 1718400.000000 0.818853 0.999003 0.000000 0 
1627200.000000 0.830845 1627200.000000 0.830845 0.997105 0.000000 0 
1258320.000000 1.101611 1258320.000000 1.101611 0.993381 0.000000 0 
1221360.000000 1.131543 1221360.000000 1.131543 0.996422 0.000000 0 
1669920.000000 0.828655 1669920.000000 0.828655 0.992259 0.000000 0 
1347360.000000 0.909609 1347360.000000 0.909609 0.999669 0.000000 0 
1675680.000000 0.828182 1675680.000000 0.828182 0.991551 0.000000 0 
1818240.000000 0.817184 1818240.000000 0.817184 0.981352 0.000000 0 
1865760.000000 0.812114 1865760.000000 0.812114 0.994189 0.000000 0 
1607280.000000 0.834357 1607280.000000 0.834357 0.991030 0.000000 0 
1578240.000000 0.840105 1578240.000000 0.840105 0.995019 0.000000 0 
1244400.000000 1.129057 1244400.000000 1.129057 0.998617 0.000000 0 
1577280.000000 0.841113 1577280.000000 0.841113 0.991567 0.000000 0 
1280160.000000 1.024505 1280160.000000 1.024505 0.988401 0.000000 0 
1598160.000000 0.839018 1598160.000000 0.839018 0.995308 0.000000 0 
1556640.000000 0.843016 1556640.000000 0.843016 0.991002 0.000000 0 
1449840.000000 0.861667 1449840.000000 0.861667 0.990972 0.000000 0 
1191600.000000 1.294435 1191600.000000 1.294435 0.999682 0.000000 0 
1520880.000000 0.847230 1520880.000000 0.847230 0.988690 0.000000 0 
1469040.000000 0.857665 1469040.000000 0.857665 0.984603 0.000000 0 
1258320.000000 1.101611 1258320.000000 1.101611 0.993381 0.000000 0 
1221360.000000 1.131543 1221360.000000 1.131543 0.996422 0.000000 0 
1611840.000000 0.834105 1611840.000000 0.834105 0.997242 0.000000 0 
1265040.000000 1.073051 1265040.000000 1.073051 0.997031 0.000000 0 
1642560.000000 0.829616 1642560.000000 0.829616 0.991664 0.000000 0 
1577280.000000 0.841113 1577280.000000 0.841113 0.991567 0.000000 0 
1497840.000000 0.853987 1497840.000000 0.853987 0.996594 0.000000 0 
1676160.000000 0.827519 1676160.000000 0.827519 0.992664 0.000000 0 
1469040.000000 0.857665 1469040.000000 0.857665 0.984603 0.000000 0 
1704720.000000 0.826519 1704720.000000 0.826519 0.985018 0.000000 0 
1249200.000000 1.119668 1249200.000000 1.119668 0.996273 0.000000 0 
1412880.000000 0.886396 1412880.000000 0.886396 0.980897 0.000000 0 
1830720.000000 0.816930 1830720.000000 0.816930 0.981360 0.000000 0 
1203840.000000 1.262009 1203840.000000 1.262009 0.991725 0.000000 0 
1401600.000000 0.888216 1401600.000000 0.888216 0.991255 0.000000 0 
1763520.000000 0.818275 1763520.000000 0.818275 0.983126 0.000000 0 
1600320.000000 0.835498 1600320.000000 0.835498 0.994571 0.000000 0 
1839120.000000 0.815465 1839120.000000 0.815465 0.999945 0.000000 0 
1486320.000000 0.854916 1486320.000000 0.854916 0.972757 0.000000 0 
1598880.000000 0.835722 1598880.000000 0.835722 0.992071 0.000000 0 
1586880.000000 0.839340 1586880.000000 0.839340 0.990520 0.000000 0 
1299120.000000 0.934434 1299120.000000 0.934434 0.996499 0.000000 0 
1755600.000000 0.818827 1755600.000000 0.818827 0.982104 0.000000 0 
1512960.000000 0.847730 1512960.000000 0.847730 0.967707 0.000000 0 
1511280.000000 0.850153 1511280.000000 0.850153 0.996147 0.000000 0 
1270560.000000 1.027148 1270560.000000 1.027148 0.982718 0.000000 0 
1561680.000000 0.842082 1561680.000000 0.842082 0.987831 0.000000 0 
1901520.000000 0.812489 1901520.000000 0.812489 0.991149 0.000000 1 
1213200.000000 1.264076 1213200.000000 1.264076 0.990786 0.000000 1 
1380000.000000 0.896387 1380000.000000 0.896387 0.989033 0.000000 1 
1265280.000000 1.104059 1265280.000000 1.104059 0.992396 0.000000 1 
#Generacion: 1000 
#Distancia: 227.916162 
1183680.000000 1.268962 1183680.000000 1.268962 0.993144 0.000000 0 
1976160.000000 0.803719 1976160.000000 0.803719 0.988877 0.000000 0 
1183680.000000 1.268962 1183680.000000 1.268962 0.993144 0.000000 0 
1214160.000000 1.020166 1214160.000000 1.020166 0.997626 0.000000 0 
1222080.000000 1.007308 1222080.000000 1.007308 0.998109 0.000000 0 
1237680.000000 0.985647 1237680.000000 0.985647 0.994614 0.000000 0 
1271760.000000 0.948652 1271760.000000 0.948652 0.989908 0.000000 0 
1264080.000000 0.963934 1264080.000000 0.963934 0.986081 0.000000 0 
1281120.000000 0.931848 1281120.000000 0.931848 0.990686 0.000000 0 
1741200.000000 0.813298 1741200.000000 0.813298 0.994996 0.000000 0 
1810080.000000 0.810403 1810080.000000 0.810403 0.998139 0.000000 0 
1931040.000000 0.804059 1931040.000000 0.804059 0.992085 0.000000 0 
1920480.000000 0.805052 1920480.000000 0.805052 0.991714 0.000000 0 
1965600.000000 0.803879 1965600.000000 0.803879 0.988862 0.000000 0 
1889040.000000 0.806746 1889040.000000 0.806746 0.989250 0.000000 0 
1260480.000000 0.984570 1260480.000000 0.984570 0.991337 0.000000 0 
1777680.000000 0.811747 1777680.000000 0.811747 0.987303 0.000000 0 
1369440.000000 0.889385 1369440.000000 0.889385 0.976254 0.000000 0 
1390800.000000 0.877136 1390800.000000 0.877136 0.990481 0.000000 0 
1308000.000000 0.922924 1308000.000000 0.922924 0.981712 0.000000 0 
1398720.000000 0.869369 1398720.000000 0.869369 0.988571 0.000000 0 
1214160.000000 1.020166 1214160.000000 1.020166 0.997626 0.000000 0 
1822560.000000 0.810314 1822560.000000 0.810314 0.998449 0.000000 0 
1618080.000000 0.828021 1618080.000000 0.828021 0.987416 0.000000 0 
1337520.000000 0.900073 1337520.000000 0.900073 0.966544 0.000000 0 
1643280.000000 0.821859 1643280.000000 0.821859 0.994776 0.000000 0 
1318080.000000 0.908480 1318080.000000 0.908480 0.985957 0.000000 0 
1698000.000000 0.817480 1698000.000000 0.817480 0.986969 0.000000 0 
1706640.000000 0.816609 1706640.000000 0.816609 0.995897 0.000000 0 
1460880.000000 0.858723 1460880.000000 0.858723 0.988892 0.000000 0 
1405200.000000 0.868018 1405200.000000 0.868018 0.985315 0.000000 0 
1721040.000000 0.815747 1721040.000000 0.815747 0.985158 0.000000 0 
1263120.000000 0.977173 1263120.000000 0.977173 0.994099 0.000000 0 
1682640.000000 0.817848 1682640.000000 0.817848 0.984798 0.000000 0 
1386720.000000 0.880484 1386720.000000 0.880484 0.994508 0.000000 0 
1837920.000000 0.810033 1837920.000000 0.810033 0.993156 0.000000 0 
1467600.000000 0.855394 1467600.000000 0.855394 0.995457 0.000000 0 
1417200.000000 0.865366 1417200.000000 0.865366 0.989273 0.000000 0 
1578480.000000 0.835398 1578480.000000 0.835398 0.990010 0.000000 0 
1633440.000000 0.827754 1633440.000000 0.827754 0.987885 0.000000 0 
1562400.000000 0.837834 1562400.000000 0.837834 0.994417 0.000000 0 
1327680.000000 0.902440 1327680.000000 0.902440 0.986068 0.000000 0 
1526400.000000 0.843160 1526400.000000 0.843160 0.993442 0.000000 0 
1492320.000000 0.849918 1492320.000000 0.849918 0.974585 0.000000 0 
1606080.000000 0.830962 1606080.000000 0.830962 0.997367 0.000000 0 
1308480.000000 0.913277 1308480.000000 0.913277 0.989110 0.000000 0 
1590240.000000 0.832467 1590240.000000 0.832467 0.996749 0.000000 0 
1478160.000000 0.854479 1478160.000000 0.854479 0.998717 0.000000 0 
1340160.000000 0.893852 1340160.000000 0.893852 0.974319 0.000000 0 
1435200.000000 0.861015 1435200.000000 0.861015 0.989303 0.000000 0 
1326240.000000 0.906427 1326240.000000 0.906427 0.992892 0.000000 0 
1633680.000000 0.824089 1633680.000000 0.824089 0.992293 0.000000 0 
1447680.000000 0.858886 1447680.000000 0.858886 0.996896 0.000000 0 
1664640.000000 0.818790 1664640.000000 0.818790 0.990814 0.000000 0 
1547520.000000 0.838857 1547520.000000 0.838857 0.990120 0.000000 0 
1504800.000000 0.847775 1504800.000000 0.847775 0.974615 0.000000 0 
1285920.000000 0.927280 1285920.000000 0.927280 0.987811 0.000000 0 
1427760.000000 0.862565 1427760.000000 0.862565 0.988945 0.000000 0 
1593600.000000 0.832436 1593600.000000 0.832436 0.997354 0.000000 0 
1656720.000000 0.821742 1656720.000000 0.821742 0.984688 0.000000 0 
1518480.000000 0.844469 1518480.000000 0.844469 0.985649 0.000000 0 
1311600.000000 0.913180 1311600.000000 0.913180 0.984537 0.000000 0 
1485120.000000 0.853939 1485120.000000 0.853939 0.992857 0.000000 0 
1607760.000000 0.828891 1607760.000000 0.828891 0.982974 0.000000 0 
1512720.000000 0.845603 1512720.000000 0.845603 0.989414 0.000000 0 
1441920.000000 0.859186 1441920.000000 0.859186 0.996658 0.000000 0 
1867680.000000 0.807870 1867680.000000 0.807870 0.984967 0.000000 0 
1297440.000000 0.924747 1297440.000000 0.924747 0.980429 0.000000 0 
1423920.000000 0.865236 1423920.000000 0.865236 0.988702 0.000000 0 
1731600.000000 0.815325 1731600.000000 0.815325 0.994973 0.000000 0 
1846560.000000 0.809973 1846560.000000 0.809973 0.990141 0.000000 0 
1572720.000000 0.835730 1572720.000000 0.835730 0.993085 0.000000 0 
1539360.000000 0.842089 1539360.000000 0.842089 0.991982 0.000000 0 
1343760.000000 0.891998 1343760.000000 0.891998 0.976462 0.000000 0 
1490400.000000 0.851379 1490400.000000 0.851379 0.989734 0.000000 0 
1566720.000000 0.837123 1566720.000000 0.837123 0.994313 0.000000 0 
1290720.000000 0.926535 1290720.000000 0.926535 0.983927 0.000000 0 
1545600.000000 0.839129 1545600.000000 0.839129 0.992381 0.000000 0 
1263120.000000 0.977173 1263120.000000 0.977173 0.994099 0.000000 0 
1880400.000000 0.807381 1880400.000000 0.807381 0.989969 0.000000 0 
1657680.000000 0.819823 1657680.000000 0.819823 0.993732 0.000000 0 
1507200.000000 0.847678 1507200.000000 0.847678 0.989559 0.000000 0 
1730160.000000 0.815597 1730160.000000 0.815597 0.991614 0.000000 0 
1674000.000000 0.818175 1674000.000000 0.818175 0.986291 0.000000 0 
1296480.000000 0.925411 1296480.000000 0.925411 0.986157 0.000000 0 
1866000.000000 0.808190 1866000.000000 0.808190 0.994179 0.000000 0 
1880400.000000 0.807381 1880400.000000 0.807381 0.989969 0.000000 0 
1674000.000000 0.818175 1674000.000000 0.818175 0.986291 0.000000 0 
1846560.000000 0.809973 1846560.000000 0.809973 0.990141 0.000000 0 
1344720.000000 0.890571 1344720.000000 0.890571 0.977698 0.000000 0 
1531920.000000 0.842096 1531920.000000 0.842096 0.988375 0.000000 0 
1854960.000000 0.809605 1854960.000000 0.809605 0.988383 0.000000 0 
1743120.000000 0.812962 1743120.000000 0.812962 0.981475 0.000000 0 
1188240.000000 1.146959 1188240.000000 1.146959 0.997195 0.000000 0 
1371360.000000 0.881865 1371360.000000 0.881865 0.996168 0.000000 0 
1306080.000000 0.924629 1306080.000000 0.924629 0.981887 0.000000 0 
1547520.000000 0.838857 1547520.000000 0.838857 0.990120 0.000000 0 
1214160.000000 1.020166 1214160.000000 1.020166 0.997626 0.000000 0 
1213680.000000 1.209251 1213680.000000 1.209251 0.989748 0.000000 1 
1190640.000000 1.213575 1190640.000000 1.213575 0.993622 0.000000 1 
#Generacion: 1500 
#Distancia: 235.079798 
1998240.000000 0.797904 1998240.000000 0.797904 0.991664 0.000000 0 
1179360.000000 1.157047 1179360.000000 1.157047 0.998460 0.000000 0 
1197600.000000 1.130285 1197600.000000 1.130285 0.998655 0.000000 0 
1201680.000000 1.000038 1201680.000000 1.000038 0.997269 0.000000 0 
1928160.000000 0.799273 1928160.000000 0.799273 0.992322 0.000000 0 
1769760.000000 0.806241 1769760.000000 0.806241 0.997404 0.000000 0 
1823760.000000 0.803320 1823760.000000 0.803320 0.993837 0.000000 0 
1229520.000000 0.995386 1229520.000000 0.995386 0.993340 0.000000 0 
1248960.000000 0.978203 1248960.000000 0.978203 0.997485 0.000000 0 
1264800.000000 0.933996 1264800.000000 0.933996 0.992375 0.000000 0 
1249680.000000 0.951706 1249680.000000 0.951706 0.999869 0.000000 0 
1984800.000000 0.798603 1984800.000000 0.798603 0.991788 0.000000 0 
1250880.000000 0.951297 1250880.000000 0.951297 0.993536 0.000000 0 
1196400.000000 1.146414 1196400.000000 1.146414 0.995219 0.000000 0 
1520400.000000 0.840813 1520400.000000 0.840813 0.993505 0.000000 0 
1877520.000000 0.801961 1877520.000000 0.801961 0.999909 0.000000 0 
1665360.000000 0.815535 1665360.000000 0.815535 0.990937 0.000000 0 
1201680.000000 1.000038 1201680.000000 1.000038 0.997269 0.000000 0 
1325280.000000 0.900039 1325280.000000 0.900039 0.979962 0.000000 0 
1298640.000000 0.918928 1298640.000000 0.918928 0.984832 0.000000 0 
1542480.000000 0.838381 1542480.000000 0.838381 0.992853 0.000000 0 
1301280.000000 0.909059 1301280.000000 0.909059 0.982844 0.000000 0 
1677840.000000 0.813401 1677840.000000 0.813401 0.990345 0.000000 0 
1628880.000000 0.820720 1628880.000000 0.820720 0.992896 0.000000 0 
1724640.000000 0.810908 1724640.000000 0.810908 0.989504 0.000000 0 
1364400.000000 0.884604 1364400.000000 0.884604 0.995148 0.000000 0 
1694400.000000 0.813061 1694400.000000 0.813061 0.982538 0.000000 0 
1237680.000000 0.985647 1237680.000000 0.985647 0.994614 0.000000 0 
1574400.000000 0.831904 1574400.000000 0.831904 0.999824 0.000000 0 
1907040.000000 0.801926 1907040.000000 0.801926 0.991893 0.000000 0 
1328160.000000 0.894303 1328160.000000 0.894303 0.970934 0.000000 0 
1644240.000000 0.815849 1644240.000000 0.815849 0.992350 0.000000 0 
1556880.000000 0.835116 1556880.000000 0.835116 0.998287 0.000000 0 
1242240.000000 0.978336 1242240.000000 0.978336 0.999219 0.000000 0 
1290000.000000 0.923686 1290000.000000 0.923686 0.998679 0.000000 0 
1188240.000000 1.146959 1188240.000000 1.146959 0.997195 0.000000 0 
1907040.000000 0.801926 1907040.000000 0.801926 0.991893 0.000000 0 
1495680.000000 0.846070 1495680.000000 0.846070 0.997858 0.000000 0 
1643280.000000 0.818497 1643280.000000 0.818497 0.993161 0.000000 0 
1592880.000000 0.831308 1592880.000000 0.831308 0.984166 0.000000 0 
1834320.000000 0.803132 1834320.000000 0.803132 0.992094 0.000000 0 
1486800.000000 0.848347 1486800.000000 0.848347 0.984110 0.000000 0 
1570080.000000 0.834625 1570080.000000 0.834625 0.999651 0.000000 0 
1435200.000000 0.861015 1435200.000000 0.861015 0.989303 0.000000 0 
1415280.000000 0.866855 1415280.000000 0.866855 0.984555 0.000000 0 
1474080.000000 0.849900 1474080.000000 0.849900 0.987486 0.000000 0 
1706400.000000 0.812568 1706400.000000 0.812568 0.993734 0.000000 0 
1601520.000000 0.827320 1601520.000000 0.827320 0.997806 0.000000 0 
1356240.000000 0.888499 1356240.000000 0.888499 0.976086 0.000000 0 
1307040.000000 0.907335 1307040.000000 0.907335 0.977795 0.000000 0 
1610400.000000 0.825761 1610400.000000 0.825761 0.991030 0.000000 0 
1756320.000000 0.808054 1756320.000000 0.808054 0.992663 0.000000 0 
1398720.000000 0.869369 1398720.000000 0.869369 0.988571 0.000000 0 
1405200.000000 0.868018 1405200.000000 0.868018 0.985315 0.000000 0 
1511520.000000 0.843346 1511520.000000 0.843346 0.998926 0.000000 0 
1714080.000000 0.811190 1714080.000000 0.811190 0.990323 0.000000 0 
1344720.000000 0.890571 1344720.000000 0.890571 0.977698 0.000000 0 
1742160.000000 0.808968 1742160.000000 0.808968 0.998243 0.000000 0 
1549200.000000 0.838112 1549200.000000 0.838112 0.992630 0.000000 0 
1312800.000000 0.904020 1312800.000000 0.904020 0.981074 0.000000 0 
1185840.000000 1.154018 1185840.000000 1.154018 0.994569 0.000000 0 
1425120.000000 0.862274 1425120.000000 0.862274 0.992518 0.000000 0 
1237680.000000 0.985647 1237680.000000 0.985647 0.994614 0.000000 0 
1848720.000000 0.803091 1848720.000000 0.803091 0.991304 0.000000 0 
1369200.000000 0.880211 1369200.000000 0.880211 0.991117 0.000000 0 
1470240.000000 0.851728 1470240.000000 0.851728 0.990717 0.000000 0 
1417200.000000 0.862455 1417200.000000 0.862455 0.988586 0.000000 0 
1377600.000000 0.874327 1377600.000000 0.874327 0.995362 0.000000 0 
1624320.000000 0.825099 1624320.000000 0.825099 0.997243 0.000000 0 
1390560.000000 0.873271 1390560.000000 0.873271 0.976596 0.000000 0 
1294560.000000 0.921813 1294560.000000 0.921813 0.995665 0.000000 0 
1279200.000000 0.927440 1279200.000000 0.927440 0.989817 0.000000 0 
1439760.000000 0.857810 1439760.000000 0.857810 0.993418 0.000000 0 
1596000.000000 0.829836 1596000.000000 0.829836 0.991277 0.000000 0 
1453200.000000 0.855206 1453200.000000 0.855206 0.989050 0.000000 0 
1275360.000000 0.931792 1275360.000000 0.931792 0.989526 0.000000 0 
1369680.000000 0.877765 1369680.000000 0.877765 0.994956 0.000000 0 
1393680.000000 0.872810 1393680.000000 0.872810 0.988395 0.000000 0 
1752720.000000 0.808629 1752720.000000 0.808629 0.998704 0.000000 0 
1351200.000000 0.889057 1351200.000000 0.889057 0.973285 0.000000 0 
1854720.000000 0.802875 1854720.000000 0.802875 0.992182 0.000000 0 
1377120.000000 0.876136 1377120.000000 0.876136 0.989836 0.000000 0 
1275120.000000 0.933298 1275120.000000 0.933298 0.991781 0.000000 0 
1867920.000000 0.802434 1867920.000000 0.802434 0.988017 0.000000 0 
1620480.000000 0.825620 1620480.000000 0.825620 0.986940 0.000000 0 
1459920.000000 0.852600 1459920.000000 0.852600 0.992599 0.000000 0 
1986000.000000 0.798317 1986000.000000 0.798317 0.992844 0.000000 0 
1511520.000000 0.843346 1511520.000000 0.843346 0.998926 0.000000 0 
1864080.000000 0.802857 1864080.000000 0.802857 0.991087 0.000000 0 
1495440.000000 0.848200 1495440.000000 0.848200 0.987416 0.000000 0 
1279200.000000 0.927440 1279200.000000 0.927440 0.989817 0.000000 0 
1449840.000000 0.857230 1449840.000000 0.857230 0.997991 0.000000 0 
1183680.000000 1.154327 1183680.000000 1.154327 0.997558 0.000000 0 
1312800.000000 0.904020 1312800.000000 0.904020 0.981074 0.000000 0 
1998240.000000 0.797904 1998240.000000 0.797904 0.991664 0.000000 0 
1340160.000000 0.893852 1340160.000000 0.893852 0.974319 0.000000 0 
1458960.000000 0.853514 1458960.000000 0.853514 0.999333 0.000000 0 
1340160.000000 0.893852 1340160.000000 0.893852 0.974319 0.000000 0 
1444800.000000 0.857417 1444800.000000 0.857417 0.994726 0.000000 0 
1742160.000000 0.808968 1742160.000000 0.808968 0.998243 0.000000 0 
#Generacion: 2000 
#Distancia: 241.539495 
1945680.000000 0.796213 1945680.000000 0.796213 0.989944 0.000000 0 
1137120.000000 1.411623 1137120.000000 1.411623 0.999285 0.000000 0 
1157040.000000 1.406162 1157040.000000 1.406162 0.997259 0.000000 0 
1164240.000000 1.246702 1164240.000000 1.246702 0.999771 0.000000 0 
1192800.000000 1.129927 1192800.000000 1.129927 0.999125 0.000000 0 
1178400.000000 1.141259 1178400.000000 1.141259 0.999375 0.000000 0 
1193760.000000 1.009128 1193760.000000 1.009128 0.998562 0.000000 0 
1170720.000000 1.246257 1170720.000000 1.246257 0.997524 0.000000 0 
1854720.000000 0.800827 1854720.000000 0.800827 0.992583 0.000000 0 
1591440.000000 0.820600 1591440.000000 0.820600 0.991451 0.000000 0 
1201680.000000 1.000038 1201680.000000 1.000038 0.997269 0.000000 0 
1235520.000000 0.959814 1235520.000000 0.959814 0.988891 0.000000 0 
1234080.000000 0.981049 1234080.000000 0.981049 0.998732 0.000000 0 
1885440.000000 0.800217 1885440.000000 0.800217 0.990453 0.000000 0 
1795680.000000 0.804047 1795680.000000 0.804047 0.997591 0.000000 0 
1921680.000000 0.798140 1921680.000000 0.798140 0.991662 0.000000 0 
1356000.000000 0.882908 1356000.000000 0.882908 0.987442 0.000000 0 
1834320.000000 0.803132 1834320.000000 0.803132 0.992094 0.000000 0 
1336800.000000 0.886804 1336800.000000 0.886804 0.983755 0.000000 0 
1319760.000000 0.889550 1319760.000000 0.889550 0.999861 0.000000 0 
1405200.000000 0.867988 1405200.000000 0.867988 0.984629 0.000000 0 
1207200.000000 0.989876 1207200.000000 0.989876 0.999450 0.000000 0 
1527120.000000 0.840546 1527120.000000 0.840546 0.993130 0.000000 0 
1250400.000000 0.937588 1250400.000000 0.937588 0.984582 0.000000 0 
1284000.000000 0.912653 1284000.000000 0.912653 0.997526 0.000000 0 
1153680.000000 1.411497 1153680.000000 1.411497 0.997066 0.000000 0 
1681920.000000 0.811508 1681920.000000 0.811508 0.992425 0.000000 0 
1929600.000000 0.797922 1929600.000000 0.797922 0.991117 0.000000 0 
1617600.000000 0.820388 1617600.000000 0.820388 0.989881 0.000000 0 
1313520.000000 0.891332 1313520.000000 0.891332 0.995763 0.000000 0 
1637040.000000 0.817506 1637040.000000 0.817506 0.992328 0.000000 0 
1366560.000000 0.879033 1366560.000000 0.879033 0.982295 0.000000 0 
1744800.000000 0.806700 1744800.000000 0.806700 0.991772 0.000000 0 
1899840.000000 0.798820 1899840.000000 0.798820 0.995076 0.000000 0 
1254480.000000 0.930329 1254480.000000 0.930329 0.998724 0.000000 0 
1512720.000000 0.841114 1512720.000000 0.841114 0.985943 0.000000 0 
1558080.000000 0.831134 1558080.000000 0.831134 0.986354 0.000000 0 
1715040.000000 0.808488 1715040.000000 0.808488 0.992077 0.000000 0 
1344720.000000 0.885837 1344720.000000 0.885837 0.988182 0.000000 0 
1579920.000000 0.821261 1579920.000000 0.821261 0.995689 0.000000 0 
1270560.000000 0.926725 1270560.000000 0.926725 0.998856 0.000000 0 
1844880.000000 0.802841 1844880.000000 0.802841 0.992187 0.000000 0 
1569840.000000 0.830624 1569840.000000 0.830624 0.994951 0.000000 0 
1473600.000000 0.848467 1473600.000000 0.848467 0.990900 0.000000 0 
1622400.000000 0.818665 1622400.000000 0.818665 0.994396 0.000000 0 
1736160.000000 0.807086 1736160.000000 0.807086 0.995174 0.000000 0 
1287840.000000 0.908166 1287840.000000 0.908166 0.999873 0.000000 0 
1723680.000000 0.808292 1723680.000000 0.808292 0.992002 0.000000 0 
1394880.000000 0.870200 1394880.000000 0.870200 0.986032 0.000000 0 
1578960.000000 0.829216 1578960.000000 0.829216 0.995042 0.000000 0 
1534560.000000 0.835927 1534560.000000 0.835927 0.994994 0.000000 0 
1760160.000000 0.806303 1760160.000000 0.806303 0.991241 0.000000 0 
1413600.000000 0.862556 1413600.000000 0.862556 0.989114 0.000000 0 
1215840.000000 0.981891 1215840.000000 0.981891 0.997138 0.000000 0 
1776480.000000 0.805232 1776480.000000 0.805232 0.998221 0.000000 0 
1702560.000000 0.810829 1702560.000000 0.810829 0.994092 0.000000 0 
1482720.000000 0.848180 1482720.000000 0.848180 0.990653 0.000000 0 
1550640.000000 0.834643 1550640.000000 0.834643 0.976112 0.000000 0 
1493520.000000 0.847333 1493520.000000 0.847333 0.985158 0.000000 0 
1373280.000000 0.876676 1373280.000000 0.876676 0.993498 0.000000 0 
1264080.000000 0.929076 1264080.000000 0.929076 0.993792 0.000000 0 
1662480.000000 0.812243 1662480.000000 0.812243 0.996033 0.000000 0 
1380960.000000 0.873944 1380960.000000 0.873944 0.977934 0.000000 0 
1785360.000000 0.804222 1785360.000000 0.804222 0.991063 0.000000 0 
1185840.000000 1.131346 1185840.000000 1.131346 0.996111 0.000000 0 
1676880.000000 0.811526 1676880.000000 0.811526 0.992131 0.000000 0 
1815120.000000 0.803237 1815120.000000 0.803237 0.991378 0.000000 0 
1278480.000000 0.921959 1278480.000000 0.921959 0.989469 0.000000 0 
1442400.000000 0.853509 1442400.000000 0.853509 0.997222 0.000000 0 
1193760.000000 1.009128 1193760.000000 1.009128 0.998562 0.000000 0 
1815120.000000 0.803237 1815120.000000 0.803237 0.991378 0.000000 0 
1246800.000000 0.946268 1246800.000000 0.946268 0.992222 0.000000 0 
1227360.000000 0.981073 1227360.000000 0.981073 0.997841 0.000000 0 
1209600.000000 0.984229 1209600.000000 0.984229 0.999523 0.000000 0 
1463520.000000 0.851351 1463520.000000 0.851351 0.995699 0.000000 0 
1438320.000000 0.858292 1438320.000000 0.858292 0.985722 0.000000 0 
1388160.000000 0.872196 1388160.000000 0.872196 0.995277 0.000000 0 
1451040.000000 0.852707 1451040.000000 0.852707 0.994819 0.000000 0 
1945680.000000 0.796213 1945680.000000 0.796213 0.989944 0.000000 0 
1509120.000000 0.845495 1509120.000000 0.845495 0.995218 0.000000 0 
1502160.000000 0.846921 1502160.000000 0.846921 0.988669 0.000000 0 
1542720.000000 0.835522 1542720.000000 0.835522 0.997240 0.000000 0 
1765920.000000 0.806023 1765920.000000 0.806023 0.997431 0.000000 0 
1242480.000000 0.954433 1242480.000000 0.954433 0.997753 0.000000 0 
1650000.000000 0.814577 1650000.000000 0.814577 0.998096 0.000000 0 
1298160.000000 0.903918 1298160.000000 0.903918 0.999440 0.000000 0 
1644240.000000 0.815849 1644240.000000 0.815849 0.992350 0.000000 0 
1419120.000000 0.861858 1419120.000000 0.861858 0.994743 0.000000 0 
1297440.000000 0.905232 1297440.000000 0.905232 0.984480 0.000000 0 
1702560.000000 0.810829 1702560.000000 0.810829 0.994092 0.000000 0 
1657680.000000 0.812747 1657680.000000 0.812747 0.995120 0.000000 0 
1427760.000000 0.860692 1427760.000000 0.860692 0.985890 0.000000 0 
1243920.000000 0.947485 1243920.000000 0.947485 0.991041 0.000000 0 
1459920.000000 0.852600 1459920.000000 0.852600 0.992599 0.000000 0 
1242240.000000 0.959692 1242240.000000 0.959692 0.988068 0.000000 0 
1887360.000000 0.799764 1887360.000000 0.799764 0.997041 0.000000 0 
1897920.000000 0.799072 1897920.000000 0.799072 0.997478 0.000000 0 
1431840.000000 0.859859 1431840.000000 0.859859 0.989350 0.000000 0 
1311840.000000 0.892476 1311840.000000 0.892476 0.983474 0.000000 0 
1720080.000000 0.808365 1720080.000000 0.808365 0.998612 0.000000 0 
#Generacion: 2500 
#Distancia: 255.872929 
1115280.000000 1.439542 1115280.000000 1.439542 0.992011 0.000000 0 
1970880.000000 0.795871 1970880.000000 0.795871 0.991329 0.000000 0 
1115280.000000 1.439542 1115280.000000 1.439542 0.992011 0.000000 0 
1134720.000000 1.138346 1134720.000000 1.138346 0.996690 0.000000 0 
1132560.000000 1.426097 1132560.000000 1.426097 0.985662 0.000000 0 
1182240.000000 1.041355 1182240.000000 1.041355 0.992431 0.000000 0 
1177440.000000 1.099641 1177440.000000 1.099641 0.998898 0.000000 0 
1921920.000000 0.795899 1921920.000000 0.795899 0.988963 0.000000 0 
1593360.000000 0.817908 1593360.000000 0.817908 0.997742 0.000000 0 
1193760.000000 1.009128 1193760.000000 1.009128 0.998562 0.000000 0 
1183200.000000 1.041220 1183200.000000 1.041220 0.992507 0.000000 0 
1637040.000000 0.817506 1637040.000000 0.817506 0.992328 0.000000 0 
1177440.000000 1.099641 1177440.000000 1.099641 0.998898 0.000000 0 
1224480.000000 0.966944 1224480.000000 0.966944 0.989792 0.000000 0 
1803360.000000 0.802728 1803360.000000 0.802728 0.997945 0.000000 0 
1228560.000000 0.954173 1228560.000000 0.954173 0.989062 0.000000 0 
1684080.000000 0.808673 1684080.000000 0.808673 0.998734 0.000000 0 
1766400.000000 0.803788 1766400.000000 0.803788 0.988137 0.000000 0 
1715040.000000 0.808488 1715040.000000 0.808488 0.992077 0.000000 0 
1215840.000000 0.981891 1215840.000000 0.981891 0.997138 0.000000 0 
1206960.000000 0.983747 1206960.000000 0.983747 0.999575 0.000000 0 
1817760.000000 0.802241 1817760.000000 0.802241 0.991148 0.000000 0 
1846560.000000 0.801957 1846560.000000 0.801957 0.988981 0.000000 0 
1323600.000000 0.888440 1323600.000000 0.888440 0.992158 0.000000 0 
1264080.000000 0.929076 1264080.000000 0.929076 0.993792 0.000000 0 
1535280.000000 0.837682 1535280.000000 0.837682 0.991112 0.000000 0 
1755600.000000 0.805623 1755600.000000 0.805623 0.994254 0.000000 0 
1240320.000000 0.945103 1240320.000000 0.945103 0.989903 0.000000 0 
1899840.000000 0.798820 1899840.000000 0.798820 0.995076 0.000000 0 
1250400.000000 0.937588 1250400.000000 0.937588 0.984582 0.000000 0 
1579920.000000 0.821261 1579920.000000 0.821261 0.995689 0.000000 0 
1736400.000000 0.805799 1736400.000000 0.805799 0.984861 0.000000 0 
1514400.000000 0.838029 1514400.000000 0.838029 0.999350 0.000000 0 
1201680.000000 1.000038 1201680.000000 1.000038 0.997269 0.000000 0 
1283040.000000 0.912841 1283040.000000 0.912841 0.997694 0.000000 0 
1911120.000000 0.798066 1911120.000000 0.798066 0.992872 0.000000 0 
1267440.000000 0.916061 1267440.000000 0.916061 0.985085 0.000000 0 
1429920.000000 0.858223 1429920.000000 0.858223 0.997460 0.000000 0 
1885440.000000 0.800217 1885440.000000 0.800217 0.990453 0.000000 0 
1254480.000000 0.930329 1254480.000000 0.930329 0.998724 0.000000 0 
1292400.000000 0.903200 1292400.000000 0.903200 0.986589 0.000000 0 
1440240.000000 0.854300 1440240.000000 0.854300 0.989992 0.000000 0 
1546080.000000 0.831324 1546080.000000 0.831324 0.997072 0.000000 0 
1421280.000000 0.859131 1421280.000000 0.859131 0.989601 0.000000 0 
1313520.000000 0.892472 1313520.000000 0.892472 0.984667 0.000000 0 
1554000.000000 0.826672 1554000.000000 0.826672 0.991397 0.000000 0 
1287840.000000 0.908166 1287840.000000 0.908166 0.999873 0.000000 0 
1861440.000000 0.800753 1861440.000000 0.800753 0.993118 0.000000 0 
1404960.000000 0.861872 1404960.000000 0.861872 0.987217 0.000000 0 
1491360.000000 0.846371 1491360.000000 0.846371 0.995703 0.000000 0 
1673520.000000 0.809766 1673520.000000 0.809766 0.999623 0.000000 0 
1306800.000000 0.892579 1306800.000000 0.892579 0.984588 0.000000 0 
1473600.000000 0.848467 1473600.000000 0.848467 0.990900 0.000000 0 
1245360.000000 0.944405 1245360.000000 0.944405 0.992486 0.000000 0 
1198800.000000 1.008827 1198800.000000 1.008827 0.995979 0.000000 0 
1411680.000000 0.861417 1411680.000000 0.861417 0.989037 0.000000 0 
1271760.000000 0.915757 1271760.000000 0.915757 0.983917 0.000000 0 
1338960.000000 0.886772 1338960.000000 0.886772 0.998909 0.000000 0 
1542720.000000 0.835522 1542720.000000 0.835522 0.997240 0.000000 0 
1344000.000000 0.879863 1344000.000000 0.879863 0.985814 0.000000 0 
1367040.000000 0.873352 1367040.000000 0.873352 0.987767 0.000000 0 
1644240.000000 0.815849 1644240.000000 0.815849 0.992350 0.000000 0 
1654080.000000 0.812894 1654080.000000 0.812894 0.991993 0.000000 0 
1498800.000000 0.843250 1498800.000000 0.843250 0.995342 0.000000 0 
1128480.000000 1.428597 1128480.000000 1.428597 0.984456 0.000000 0 
1123200.000000 1.435518 1123200.000000 1.435518 0.986234 0.000000 0 
1723680.000000 0.808292 1723680.000000 0.808292 0.992002 0.000000 0 
1573200.000000 0.823631 1573200.000000 0.823631 0.993327 0.000000 0 
1446480.000000 0.852733 1446480.000000 0.852733 0.992826 0.000000 0 
1361520.000000 0.876503 1361520.000000 0.876503 0.988779 0.000000 0 
1503360.000000 0.841502 1503360.000000 0.841502 0.995440 0.000000 0 
1851600.000000 0.801843 1851600.000000 0.801843 0.989498 0.000000 0 
1561680.000000 0.826309 1561680.000000 0.826309 0.993539 0.000000 0 
1731120.000000 0.807703 1731120.000000 0.807703 0.996258 0.000000 0 
1512720.000000 0.841114 1512720.000000 0.841114 0.985943 0.000000 0 
1872000.000000 0.800568 1872000.000000 0.800568 0.991928 0.000000 0 
1297200.000000 0.896273 1297200.000000 0.896273 0.983408 0.000000 0 
1567440.000000 0.824710 1567440.000000 0.824710 0.989275 0.000000 0 
1358640.000000 0.879679 1358640.000000 0.879679 0.987643 0.000000 0 
1811040.000000 0.802444 1811040.000000 0.802444 0.994793 0.000000 0 
1350720.000000 0.879709 1350720.000000 0.879709 0.985433 0.000000 0 
1201680.000000 1.000038 1201680.000000 1.000038 0.997269 0.000000 0 
1126800.000000 1.435056 1126800.000000 1.435056 0.999064 0.000000 0 
1339200.000000 0.885379 1339200.000000 0.885379 0.989679 0.000000 0 
1666080.000000 0.811304 1666080.000000 0.811304 0.997551 0.000000 0 
1296240.000000 0.896277 1296240.000000 0.896277 0.984851 0.000000 0 
1876800.000000 0.800532 1876800.000000 0.800532 0.993302 0.000000 0 
1652400.000000 0.815014 1652400.000000 0.815014 0.991968 0.000000 0 
1481760.000000 0.846840 1481760.000000 0.846840 0.995588 0.000000 0 
1765440.000000 0.804375 1765440.000000 0.804375 0.995071 0.000000 0 
1479840.000000 0.847716 1479840.000000 0.847716 0.987390 0.000000 0 
1666080.000000 0.811304 1666080.000000 0.811304 0.997551 0.000000 0 
1450560.000000 0.850812 1450560.000000 0.850812 0.993055 0.000000 0 
1390080.000000 0.867317 1390080.000000 0.867317 0.980091 0.000000 0 
1148160.000000 1.134478 1148160.000000 1.134478 0.994028 0.000000 0 
1373520.000000 0.872741 1373520.000000 0.872741 0.986218 0.000000 0 
1542720.000000 0.835522 1542720.000000 0.835522 0.997240 0.000000 0 
1148160.000000 1.134478 1148160.000000 1.134478 0.994028 0.000000 0 
1921920.000000 0.795899 1921920.000000 0.795899 0.988963 0.000000 0 
1174320.000000 1.136817 1174320.000000 1.136817 0.988120 0.000000 1 
#Generacion: 3000 
#Distancia: 268.561616 
1097280.000000 1.226047 1097280.000000 1.226047 0.994810 0.000000 0 
1996800.000000 0.795346 1996800.000000 0.795346 0.989765 0.000000 0 
1105680.000000 1.130879 1105680.000000 1.130879 0.992285 0.000000 0 
1139040.000000 1.050409 1139040.000000 1.050409 0.988685 0.000000 0 
1186800.000000 0.983800 1186800.000000 0.983800 0.997672 0.000000 0 
1128000.000000 1.097571 1128000.000000 1.097571 0.998623 0.000000 0 
1927680.000000 0.795719 1927680.000000 0.795719 0.989958 0.000000 0 
1178160.000000 1.014489 1178160.000000 1.014489 0.990190 0.000000 0 
1996800.000000 0.795346 1996800.000000 0.795346 0.989765 0.000000 0 
1199280.000000 0.964364 1199280.000000 0.964364 0.992985 0.000000 0 
1892160.000000 0.798655 1892160.000000 0.798655 0.992679 0.000000 0 
1522560.000000 0.829727 1522560.000000 0.829727 0.996644 0.000000 0 
1163760.000000 1.019207 1163760.000000 1.019207 0.995073 0.000000 0 
1249680.000000 0.936591 1249680.000000 0.936591 0.986735 0.000000 0 
1120080.000000 1.124517 1120080.000000 1.124517 0.996509 0.000000 0 
1548240.000000 0.826975 1548240.000000 0.826975 0.992707 0.000000 0 
1764240.000000 0.803463 1764240.000000 0.803463 0.998909 0.000000 0 
1344000.000000 0.879863 1344000.000000 0.879863 0.985814 0.000000 0 
1774800.000000 0.802722 1774800.000000 0.802722 0.988130 0.000000 0 
1152720.000000 1.025338 1152720.000000 1.025338 0.991790 0.000000 0 
1328640.000000 0.883976 1328640.000000 0.883976 0.988694 0.000000 0 
1213680.000000 0.960689 1213680.000000 0.960689 0.995892 0.000000 0 
1857120.000000 0.798838 1857120.000000 0.798838 0.987938 0.000000 0 
1639200.000000 0.813501 1639200.000000 0.813501 0.987101 0.000000 0 
1903680.000000 0.797105 1903680.000000 0.797105 0.993747 0.000000 0 
1800720.000000 0.802021 1800720.000000 0.802021 0.990083 0.000000 0 
1263120.000000 0.915400 1263120.000000 0.915400 0.999667 0.000000 0 
1128000.000000 1.097571 1128000.000000 1.097571 0.998623 0.000000 0 
1125600.000000 1.112419 1125600.000000 1.112419 0.992789 0.000000 0 
1412880.000000 0.860780 1412880.000000 0.860780 0.982190 0.000000 0 
1274640.000000 0.913286 1274640.000000 0.913286 0.997823 0.000000 0 
1241280.000000 0.939822 1241280.000000 0.939822 0.997587 0.000000 0 
1513680.000000 0.834406 1513680.000000 0.834406 0.996694 0.000000 0 
1281840.000000 0.905474 1281840.000000 0.905474 0.986643 0.000000 0 
1820880.000000 0.800371 1820880.000000 0.800371 0.987791 0.000000 0 
1579920.000000 0.821261 1579920.000000 0.821261 0.995689 0.000000 0 
1453440.000000 0.848686 1453440.000000 0.848686 0.999343 0.000000 0 
1125600.000000 1.112419 1125600.000000 1.112419 0.992789 0.000000 0 
1436160.000000 0.854024 1436160.000000 0.854024 0.986956 0.000000 0 
1624080.000000 0.816266 1624080.000000 0.816266 0.982430 0.000000 0 
1650480.000000 0.811775 1650480.000000 0.811775 0.995655 0.000000 0 
1735440.000000 0.804007 1735440.000000 0.804007 0.996807 0.000000 0 
1253520.000000 0.924196 1253520.000000 0.924196 0.993478 0.000000 0 
1218480.000000 0.951477 1218480.000000 0.951477 0.999186 0.000000 0 
1225680.000000 0.940699 1225680.000000 0.940699 0.996590 0.000000 0 
1616160.000000 0.816954 1616160.000000 0.816954 0.985166 0.000000 0 
1443840.000000 0.851253 1443840.000000 0.851253 0.998353 0.000000 0 
1316640.000000 0.885384 1316640.000000 0.885384 0.991534 0.000000 0 
1253520.000000 0.924196 1253520.000000 0.924196 0.993478 0.000000 0 
1297200.000000 0.896273 1297200.000000 0.896273 0.983408 0.000000 0 
1114320.000000 1.127724 1114320.000000 1.127724 0.998262 0.000000 0 
1370880.000000 0.870521 1370880.000000 0.870521 0.988490 0.000000 0 
1141680.000000 1.039135 1141680.000000 1.039135 0.993294 0.000000 0 
1662240.000000 0.810130 1662240.000000 0.810130 0.990239 0.000000 0 
1921920.000000 0.795899 1921920.000000 0.795899 0.988963 0.000000 0 
1139760.000000 1.039670 1139760.000000 1.039670 0.990960 0.000000 0 
1596960.000000 0.817320 1596960.000000 0.817320 0.998907 0.000000 0 
1386000.000000 0.868731 1386000.000000 0.868731 0.990660 0.000000 0 
1293120.000000 0.901783 1293120.000000 0.901783 0.987469 0.000000 0 
1352640.000000 0.876521 1352640.000000 0.876521 0.987831 0.000000 0 
1704720.000000 0.806088 1704720.000000 0.806088 0.992291 0.000000 0 
1592640.000000 0.818194 1592640.000000 0.818194 0.998271 0.000000 0 
1309440.000000 0.888322 1309440.000000 0.888322 0.985180 0.000000 0 
1468800.000000 0.848462 1468800.000000 0.848462 0.999368 0.000000 0 
1498800.000000 0.843250 1498800.000000 0.843250 0.995342 0.000000 0 
1150320.000000 1.031626 1150320.000000 1.031626 0.988567 0.000000 0 
1178160.000000 1.014489 1178160.000000 1.014489 0.990190 0.000000 0 
1218480.000000 0.951477 1218480.000000 0.951477 0.999186 0.000000 0 
1398720.000000 0.865249 1398720.000000 0.865249 0.985506 0.000000 0 
1807680.000000 0.801707 1807680.000000 0.801707 0.987308 0.000000 0 
1404240.000000 0.862728 1404240.000000 0.862728 0.981056 0.000000 0 
1840560.000000 0.799496 1840560.000000 0.799496 0.993440 0.000000 0 
1571280.000000 0.822833 1571280.000000 0.822833 0.983687 0.000000 0 
1474320.000000 0.846786 1474320.000000 0.846786 0.988190 0.000000 0 
1203120.000000 0.961593 1203120.000000 0.961593 0.991499 0.000000 0 
1362240.000000 0.876353 1362240.000000 0.876353 0.976902 0.000000 0 
1687440.000000 0.806451 1687440.000000 0.806451 0.997281 0.000000 0 
1836240.000000 0.800359 1836240.000000 0.800359 0.989160 0.000000 0 
1502160.000000 0.835513 1502160.000000 0.835513 0.995402 0.000000 0 
1678320.000000 0.808143 1678320.000000 0.808143 0.999454 0.000000 0 
1366800.000000 0.872771 1366800.000000 0.872771 0.986508 0.000000 0 
1555920.000000 0.825291 1555920.000000 0.825291 0.995728 0.000000 0 
1563840.000000 0.824586 1563840.000000 0.824586 0.996430 0.000000 0 
1673520.000000 0.809766 1673520.000000 0.809766 0.999623 0.000000 0 
1419600.000000 0.854366 1419600.000000 0.854366 0.992926 0.000000 0 
1390080.000000 0.867317 1390080.000000 0.867317 0.980091 0.000000 0 
1486320.000000 0.846061 1486320.000000 0.846061 0.999563 0.000000 0 
1499040.000000 0.837377 1499040.000000 0.837377 0.998526 0.000000 0 
1290480.000000 0.905436 1290480.000000 0.905436 0.989793 0.000000 0 
1735440.000000 0.804007 1735440.000000 0.804007 0.996807 0.000000 0 
1719120.000000 0.805060 1719120.000000 0.805060 0.985349 0.000000 0 
1488000.000000 0.843882 1488000.000000 0.843882 0.999762 0.000000 0 
1696080.000000 0.806182 1696080.000000 0.806182 0.995171 0.000000 0 
1856640.000000 0.798886 1856640.000000 0.798886 0.993828 0.000000 0 
1225680.000000 0.940699 1225680.000000 0.940699 0.996590 0.000000 0 
1305840.000000 0.894533 1305840.000000 0.894533 0.987261 0.000000 0 
1419600.000000 0.854366 1419600.000000 0.854366 0.992926 0.000000 0 
1306800.000000 0.892579 1306800.000000 0.892579 0.984588 0.000000 0 
1719120.000000 0.805060 1719120.000000 0.805060 0.985349 0.000000 0 
1269120.000000 0.914991 1269120.000000 0.914991 0.999175 0.000000 0 
#Generacion: 3500 
#Distancia: 275.031313 
1089360.000000 1.225432 1089360.000000 1.225432 0.998451 0.000000 0 
2045760.000000 0.793619 2045760.000000 0.793619 0.996148 0.000000 0 
1089360.000000 1.225432 1089360.000000 1.225432 0.998451 0.000000 0 
1094640.000000 1.140831 1094640.000000 1.140831 0.996027 0.000000 0 
1120560.000000 1.054531 1120560.000000 1.054531 0.988082 0.000000 0 
1111920.000000 1.117228 1111920.000000 1.117228 0.997308 0.000000 0 
1935600.000000 0.794930 1935600.000000 0.794930 0.992629 0.000000 0 
2019840.000000 0.794853 2019840.000000 0.794853 0.995804 0.000000 0 
1126080.000000 1.050601 1126080.000000 1.050601 0.996826 0.000000 0 
1153920.000000 1.006019 1153920.000000 1.006019 0.988871 0.000000 0 
1131840.000000 1.026994 1131840.000000 1.026994 0.997439 0.000000 0 
1304640.000000 0.883472 1304640.000000 0.883472 0.987583 0.000000 0 
1194960.000000 0.976180 1194960.000000 0.976180 0.998072 0.000000 0 
1161840.000000 0.994189 1161840.000000 0.994189 0.985555 0.000000 0 
1199280.000000 0.964364 1199280.000000 0.964364 0.997253 0.000000 0 
1342320.000000 0.883190 1342320.000000 0.883190 0.984292 0.000000 0 
1437600.000000 0.853099 1437600.000000 0.853099 0.982577 0.000000 0 
1146960.000000 1.016404 1146960.000000 1.016404 0.989639 0.000000 0 
1276800.000000 0.906094 1276800.000000 0.906094 0.996578 0.000000 0 
1208160.000000 0.961342 1208160.000000 0.961342 0.991029 0.000000 0 
1105680.000000 1.130879 1105680.000000 1.130879 0.992285 0.000000 0 
1878240.000000 0.796349 1878240.000000 0.796349 0.987245 0.000000 0 
1639200.000000 0.810329 1639200.000000 0.810329 0.998481 0.000000 0 
1281840.000000 0.897512 1281840.000000 0.897512 0.991621 0.000000 0 
1136400.000000 1.017392 1136400.000000 1.017392 0.991870 0.000000 0 
1474320.000000 0.839520 1474320.000000 0.839520 0.998028 0.000000 0 
1247040.000000 0.927328 1247040.000000 0.927328 0.989274 0.000000 0 
1246800.000000 0.937714 1246800.000000 0.937714 0.993896 0.000000 0 
1662240.000000 0.810130 1662240.000000 0.810130 0.990239 0.000000 0 
1719120.000000 0.805060 1719120.000000 0.805060 0.985349 0.000000 0 
1544640.000000 0.827623 1544640.000000 0.827623 0.995901 0.000000 0 
1213200.000000 0.952133 1213200.000000 0.952133 0.994443 0.000000 0 
1747920.000000 0.803191 1747920.000000 0.803191 0.982985 0.000000 0 
1223040.000000 0.941733 1223040.000000 0.941733 0.993024 0.000000 0 
1857120.000000 0.798838 1857120.000000 0.798838 0.987938 0.000000 0 
1107840.000000 1.128367 1107840.000000 1.128367 0.990573 0.000000 0 
1419600.000000 0.854366 1419600.000000 0.854366 0.992926 0.000000 0 
1274640.000000 0.913286 1274640.000000 0.913286 0.997823 0.000000 0 
1445520.000000 0.846759 1445520.000000 0.846759 0.988407 0.000000 0 
1800720.000000 0.802021 1800720.000000 0.802021 0.990083 0.000000 0 
1626720.000000 0.812160 1626720.000000 0.812160 0.998638 0.000000 0 
1409040.000000 0.855709 1409040.000000 0.855709 0.993031 0.000000 0 
1506960.000000 0.832764 1506960.000000 0.832764 0.997611 0.000000 0 
1735440.000000 0.804007 1735440.000000 0.804007 0.996807 0.000000 0 
1220880.000000 0.951318 1220880.000000 0.951318 0.988681 0.000000 0 
1461840.000000 0.843287 1461840.000000 0.843287 0.997351 0.000000 0 
1364400.000000 0.871950 1364400.000000 0.871950 0.990724 0.000000 0 
1820880.000000 0.800371 1820880.000000 0.800371 0.987791 0.000000 0 
1774800.000000 0.802190 1774800.000000 0.802190 0.986062 0.000000 0 
1522560.000000 0.829727 1522560.000000 0.829727 0.996644 0.000000 0 
1253520.000000 0.924196 1253520.000000 0.924196 0.993478 0.000000 0 
1587360.000000 0.817859 1587360.000000 0.817859 0.999401 0.000000 0 
1926000.000000 0.794968 1926000.000000 0.794968 0.998956 0.000000 0 
1906800.000000 0.795610 1906800.000000 0.795610 0.997237 0.000000 0 
1703760.000000 0.805541 1703760.000000 0.805541 0.984389 0.000000 0 
1619040.000000 0.816449 1619040.000000 0.816449 0.982413 0.000000 0 
1255440.000000 0.917346 1255440.000000 0.917346 0.997561 0.000000 0 
1110000.000000 1.117253 1110000.000000 1.117253 0.997532 0.000000 0 
2019840.000000 0.794853 2019840.000000 0.794853 0.995804 0.000000 0 
2045760.000000 0.793619 2045760.000000 0.793619 0.996148 0.000000 0 
1263120.000000 0.915400 1263120.000000 0.915400 0.999667 0.000000 0 
1489680.000000 0.839285 1489680.000000 0.839285 0.997872 0.000000 0 
1301520.000000 0.888787 1301520.000000 0.888787 0.994231 0.000000 0 
1353600.000000 0.874316 1353600.000000 0.874316 0.990080 0.000000 0 
1578000.000000 0.820314 1578000.000000 0.820314 0.996664 0.000000 0 
1403040.000000 0.862048 1403040.000000 0.862048 0.994656 0.000000 0 
1529040.000000 0.828952 1529040.000000 0.828952 0.998009 0.000000 0 
1869600.000000 0.797029 1869600.000000 0.797029 0.987099 0.000000 0 
1691280.000000 0.805997 1691280.000000 0.805997 0.989225 0.000000 0 
1295040.000000 0.896911 1295040.000000 0.896911 0.987627 0.000000 0 
1683360.000000 0.808259 1683360.000000 0.808259 0.998688 0.000000 0 
1386000.000000 0.868731 1386000.000000 0.868731 0.990660 0.000000 0 
1555920.000000 0.825291 1555920.000000 0.825291 0.995728 0.000000 0 
1131840.000000 1.026994 1131840.000000 1.026994 0.997439 0.000000 0 
1673520.000000 0.809766 1673520.000000 0.809766 0.999623 0.000000 0 
1189680.000000 0.981929 1189680.000000 0.981929 0.997261 0.000000 0 
1386240.000000 0.863054 1386240.000000 0.863054 0.993492 0.000000 0 
1768080.000000 0.803118 1768080.000000 0.803118 0.991051 0.000000 0 
1168320.000000 0.990962 1168320.000000 0.990962 0.996976 0.000000 0 
1299600.000000 0.893637 1299600.000000 0.893637 0.988167 0.000000 0 
1840560.000000 0.799496 1840560.000000 0.799496 0.993440 0.000000 0 
1452720.000000 0.844499 1452720.000000 0.844499 0.994791 0.000000 0 
1807680.000000 0.801707 1807680.000000 0.801707 0.987308 0.000000 0 
1347600.000000 0.876733 1347600.000000 0.876733 0.988834 0.000000 0 
1568160.000000 0.821460 1568160.000000 0.821460 0.997004 0.000000 0 
1180080.000000 0.987154 1180080.000000 0.987154 0.994949 0.000000 0 
1601280.000000 0.817133 1601280.000000 0.817133 0.994801 0.000000 0 
1836240.000000 0.800359 1836240.000000 0.800359 0.989160 0.000000 0 
1235280.000000 0.938545 1235280.000000 0.938545 0.999886 0.000000 0 
1186800.000000 0.983800 1186800.000000 0.983800 0.997672 0.000000 0 
1495440.000000 0.836614 1495440.000000 0.836614 0.989237 0.000000 0 
1563840.000000 0.824586 1563840.000000 0.824586 0.996430 0.000000 0 
1906800.000000 0.795610 1906800.000000 0.795610 0.997237 0.000000 0 
1176240.000000 0.989529 1176240.000000 0.989529 0.980797 0.000000 0 
1502160.000000 0.835513 1502160.000000 0.835513 0.995402 0.000000 0 
1343040.000000 0.880260 1343040.000000 0.880260 0.985632 0.000000 0 
1228800.000000 0.939284 1228800.000000 0.939284 0.998358 0.000000 0 
1608000.000000 0.816858 1608000.000000 0.816858 0.994738 0.000000 0 
1396560.000000 0.862248 1396560.000000 0.862248 0.982337 0.000000 0 
1375920.000000 0.870133 1375920.000000 0.870133 0.984825 0.000000 0 
#Generacion: 4000 
#Distancia: 291.482424 
1062480.000000 1.148429 1062480.000000 1.148429 0.997156 0.000000 0 
2047680.000000 0.793283 2047680.000000 0.793283 0.999113 0.000000 0 
1119600.000000 1.054225 1119600.000000 1.054225 0.985844 0.000000 0 
1119360.000000 1.099662 1119360.000000 1.099662 0.983028 0.000000 0 
1141200.000000 0.997815 1141200.000000 0.997815 0.991352 0.000000 0 
1929120.000000 0.794529 1929120.000000 0.794529 0.992417 0.000000 0 
1094160.000000 1.123870 1094160.000000 1.123870 0.994052 0.000000 0 
1081680.000000 1.136633 1081680.000000 1.136633 0.988720 0.000000 0 
1209840.000000 0.938277 1209840.000000 0.938277 0.996965 0.000000 0 
1990560.000000 0.794038 1990560.000000 0.794038 0.996383 0.000000 0 
1245120.000000 0.908198 1245120.000000 0.908198 0.995691 0.000000 0 
1191120.000000 0.957042 1191120.000000 0.957042 0.991346 0.000000 0 
1840080.000000 0.798928 1840080.000000 0.798928 0.993282 0.000000 0 
1136400.000000 1.017392 1136400.000000 1.017392 0.991870 0.000000 0 
1205520.000000 0.946610 1205520.000000 0.946610 0.990726 0.000000 0 
1290960.000000 0.889003 1290960.000000 0.889003 0.987977 0.000000 0 
1188240.000000 0.973317 1188240.000000 0.973317 0.988945 0.000000 0 
1220880.000000 0.929418 1220880.000000 0.929418 0.997825 0.000000 0 
1238400.000000 0.921292 1238400.000000 0.921292 0.991427 0.000000 0 
1130640.000000 1.040679 1130640.000000 1.040679 0.996579 0.000000 0 
1279920.000000 0.898160 1279920.000000 0.898160 0.989085 0.000000 0 
2026560.000000 0.793666 2026560.000000 0.793666 0.998837 0.000000 0 
1124160.000000 1.043205 1124160.000000 1.043205 0.997365 0.000000 0 
1800720.000000 0.799119 1800720.000000 0.799119 0.988588 0.000000 0 
1109280.000000 1.101132 1109280.000000 1.101132 0.973759 0.000000 0 
1092480.000000 1.133821 1092480.000000 1.133821 0.983072 0.000000 0 
1430160.000000 0.850699 1430160.000000 0.850699 0.992406 0.000000 0 
1165440.000000 0.985422 1165440.000000 0.985422 0.985975 0.000000 0 
1102800.000000 1.110975 1102800.000000 1.110975 0.995050 0.000000 0 
1365360.000000 0.865802 1365360.000000 0.865802 0.998312 0.000000 0 
1324800.000000 0.876314 1324800.000000 0.876314 0.986491 0.000000 0 
1202640.000000 0.956290 1202640.000000 0.956290 0.998268 0.000000 0 
1150800.000000 0.991070 1150800.000000 0.991070 0.988691 0.000000 0 
1577040.000000 0.820897 1577040.000000 0.820897 0.989352 0.000000 0 
1445520.000000 0.846759 1445520.000000 0.846759 0.988407 0.000000 0 
1346160.000000 0.874132 1346160.000000 0.874132 0.975987 0.000000 0 
1131840.000000 1.026994 1131840.000000 1.026994 0.997439 0.000000 0 
1703760.000000 0.805541 1703760.000000 0.805541 0.984389 0.000000 0 
1556880.000000 0.822363 1556880.000000 0.822363 0.987576 0.000000 0 
1629600.000000 0.810761 1629600.000000 0.810761 0.998411 0.000000 0 
1990560.000000 0.794038 1990560.000000 0.794038 0.996383 0.000000 0 
1522320.000000 0.832224 1522320.000000 0.832224 0.995860 0.000000 0 
1469280.000000 0.839607 1469280.000000 0.839607 0.997706 0.000000 0 
1746000.000000 0.803327 1746000.000000 0.803327 0.988758 0.000000 0 
1168800.000000 0.975924 1168800.000000 0.975924 0.992091 0.000000 0 
1419600.000000 0.854366 1419600.000000 0.854366 0.992926 0.000000 0 
1550880.000000 0.825341 1550880.000000 0.825341 0.986410 0.000000 0 
1857120.000000 0.797338 1857120.000000 0.797338 0.987815 0.000000 0 
1600080.000000 0.814602 1600080.000000 0.814602 0.993437 0.000000 0 
1276800.000000 0.902695 1276800.000000 0.902695 0.987015 0.000000 0 
1102800.000000 1.110975 1102800.000000 1.110975 0.995050 0.000000 0 
1409040.000000 0.855709 1409040.000000 0.855709 0.993031 0.000000 0 
1756560.000000 0.802527 1756560.000000 0.802527 0.998754 0.000000 0 
1136400.000000 1.017392 1136400.000000 1.017392 0.991870 0.000000 0 
1682400.000000 0.806433 1682400.000000 0.806433 0.999814 0.000000 0 
1131840.000000 1.026994 1131840.000000 1.026994 0.997439 0.000000 0 
1160880.000000 0.989788 1160880.000000 0.989788 0.989383 0.000000 0 
1353360.000000 0.869461 1353360.000000 0.869461 0.983368 0.000000 0 
1461840.000000 0.843287 1461840.000000 0.843287 0.997351 0.000000 0 
1487760.000000 0.836437 1487760.000000 0.836437 0.990789 0.000000 0 
1643280.000000 0.809637 1643280.000000 0.809637 0.994026 0.000000 0 
1227360.000000 0.925255 1227360.000000 0.925255 0.996874 0.000000 0 
1506000.000000 0.835307 1506000.000000 0.835307 0.989599 0.000000 0 
1889520.000000 0.796301 1889520.000000 0.796301 0.985182 0.000000 0 
1298880.000000 0.885025 1298880.000000 0.885025 0.988017 0.000000 0 
1320480.000000 0.880852 1320480.000000 0.880852 0.987847 0.000000 0 
1397760.000000 0.858171 1397760.000000 0.858171 0.994069 0.000000 0 
1774800.000000 0.802190 1774800.000000 0.802190 0.986062 0.000000 0 
1380480.000000 0.863230 1380480.000000 0.863230 0.993587 0.000000 0 
1260000.000000 0.906758 1260000.000000 0.906758 0.999107 0.000000 0 
1264320.000000 0.904931 1264320.000000 0.904931 0.987334 0.000000 0 
1905120.000000 0.795499 1905120.000000 0.795499 0.988081 0.000000 0 
1531680.000000 0.825895 1531680.000000 0.825895 0.998248 0.000000 0 
1484160.000000 0.838207 1484160.000000 0.838207 0.991190 0.000000 0 
1527120.000000 0.826724 1527120.000000 0.826724 0.998340 0.000000 0 
1655760.000000 0.809457 1655760.000000 0.809457 0.994846 0.000000 0 
1913760.000000 0.795058 1913760.000000 0.795058 0.997128 0.000000 0 
1778640.000000 0.800210 1778640.000000 0.800210 0.989629 0.000000 0 
1452720.000000 0.844418 1452720.000000 0.844418 0.994801 0.000000 0 
1585440.000000 0.817543 1585440.000000 0.817543 0.996065 0.000000 0 
1793040.000000 0.799343 1793040.000000 0.799343 0.988068 0.000000 0 
1397040.000000 0.861721 1397040.000000 0.861721 0.986605 0.000000 0 
1506960.000000 0.832764 1506960.000000 0.832764 0.997611 0.000000 0 
1727760.000000 0.805252 1727760.000000 0.805252 0.989763 0.000000 0 
1869600.000000 0.797029 1869600.000000 0.797029 0.987099 0.000000 0 
1691280.000000 0.805997 1691280.000000 0.805997 0.989225 0.000000 0 
1727760.000000 0.805252 1727760.000000 0.805252 0.989763 0.000000 0 
1314240.000000 0.882942 1314240.000000 0.882942 0.987373 0.000000 0 
1591200.000000 0.816899 1591200.000000 0.816899 0.999694 0.000000 0 
2039040.000000 0.793518 2039040.000000 0.793518 0.998076 0.000000 0 
1231680.000000 0.922621 1231680.000000 0.922621 0.990151 0.000000 0 
1878240.000000 0.796349 1878240.000000 0.796349 0.987245 0.000000 0 
1668000.000000 0.808887 1668000.000000 0.808887 0.997969 0.000000 0 
1304640.000000 0.883472 1304640.000000 0.883472 0.987583 0.000000 0 
1617360.000000 0.813840 1617360.000000 0.813840 0.992800 0.000000 0 
1386240.000000 0.863054 1386240.000000 0.863054 0.993492 0.000000 0 
1174560.000000 0.975700 1174560.000000 0.975700 0.992172 0.000000 0 
1185120.000000 0.974486 1185120.000000 0.974486 0.990170 0.000000 0 
1346880.000000 0.869971 1346880.000000 0.869971 0.987004 0.000000 0 
1617360.000000 0.813840 1617360.000000 0.813840 0.992800 0.000000 0 
#Generacion: 4500 
#Distancia: 291.068788 
1044720.000000 1.246369 1044720.000000 1.246369 0.993072 0.000000 0 
2030640.000000 0.790432 2030640.000000 0.790432 0.993428 0.000000 0 
1062480.000000 1.148429 1062480.000000 1.148429 0.997156 0.000000 0 
1062240.000000 1.232424 1062240.000000 1.232424 0.990752 0.000000 0 
1103280.000000 1.056837 1103280.000000 1.056837 0.995636 0.000000 0 
1101840.000000 1.099436 1101840.000000 1.099436 0.989734 0.000000 0 
1124160.000000 1.043205 1124160.000000 1.043205 0.997365 0.000000 0 
1086240.000000 1.119847 1086240.000000 1.119847 0.999793 0.000000 0 
1087440.000000 1.105107 1087440.000000 1.105107 0.991955 0.000000 0 
1222320.000000 0.929371 1222320.000000 0.929371 0.998582 0.000000 0 
1995120.000000 0.790771 1995120.000000 0.790771 0.999744 0.000000 0 
1880640.000000 0.795339 1880640.000000 0.795339 0.996453 0.000000 0 
1294800.000000 0.882873 1294800.000000 0.882873 0.988623 0.000000 0 
1955280.000000 0.793961 1955280.000000 0.793961 0.992465 0.000000 0 
1629600.000000 0.810761 1629600.000000 0.810761 0.998411 0.000000 0 
1159440.000000 0.985369 1159440.000000 0.985369 0.984713 0.000000 0 
1913760.000000 0.795058 1913760.000000 0.795058 0.997128 0.000000 0 
1374000.000000 0.864622 1374000.000000 0.864622 0.996210 0.000000 0 
1258800.000000 0.894804 1258800.000000 0.894804 0.991196 0.000000 0 
1236720.000000 0.905304 1236720.000000 0.905304 0.985975 0.000000 0 
1763280.000000 0.800594 1763280.000000 0.800594 0.988991 0.000000 0 
1392720.000000 0.857442 1392720.000000 0.857442 0.999266 0.000000 0 
1191120.000000 0.957042 1191120.000000 0.957042 0.991346 0.000000 0 
1162320.000000 0.975180 1162320.000000 0.975180 0.997415 0.000000 0 
1741440.000000 0.801926 1741440.000000 0.801926 0.996539 0.000000 0 
1585440.000000 0.817543 1585440.000000 0.817543 0.996065 0.000000 0 
1718160.000000 0.804948 1718160.000000 0.804948 0.995828 0.000000 0 
1276800.000000 0.884156 1276800.000000 0.884156 0.993036 0.000000 0 
1258800.000000 0.894804 1258800.000000 0.894804 0.991196 0.000000 0 
1082640.000000 1.128044 1082640.000000 1.128044 0.994855 0.000000 0 
1316160.000000 0.880052 1316160.000000 0.880052 0.981871 0.000000 0 
1150800.000000 0.991070 1150800.000000 0.991070 0.988691 0.000000 0 
1227360.000000 0.913638 1227360.000000 0.913638 0.994283 0.000000 0 
1689600.000000 0.805585 1689600.000000 0.805585 0.995146 0.000000 0 
1177440.000000 0.973822 1177440.000000 0.973822 0.992949 0.000000 0 
1810320.000000 0.798611 1810320.000000 0.798611 0.992953 0.000000 0 
1127040.000000 1.027038 1127040.000000 1.027038 0.992799 0.000000 0 
1605840.000000 0.813672 1605840.000000 0.813672 0.997608 0.000000 0 
1051200.000000 1.237603 1051200.000000 1.237603 0.992414 0.000000 0 
1569120.000000 0.819923 1569120.000000 0.819923 0.995058 0.000000 0 
1081680.000000 1.136633 1081680.000000 1.136633 0.988720 0.000000 0 
1193280.000000 0.949541 1193280.000000 0.949541 0.999736 0.000000 0 
1436880.000000 0.848471 1436880.000000 0.848471 0.991590 0.000000 0 
1478880.000000 0.839104 1478880.000000 0.839104 0.998277 0.000000 0 
1329360.000000 0.873386 1329360.000000 0.873386 0.979404 0.000000 0 
1446720.000000 0.845550 1446720.000000 0.845550 0.996104 0.000000 0 
1080480.000000 1.144052 1080480.000000 1.144052 0.987396 0.000000 0 
1115280.000000 1.048755 1115280.000000 1.048755 0.984154 0.000000 0 
1979040.000000 0.793885 1979040.000000 0.793885 0.992356 0.000000 0 
1828560.000000 0.798039 1828560.000000 0.798039 0.997483 0.000000 0 
1665120.000000 0.808391 1665120.000000 0.808391 0.987047 0.000000 0 
1353360.000000 0.869461 1353360.000000 0.869461 0.983368 0.000000 0 
1349040.000000 0.873282 1349040.000000 0.873282 0.972826 0.000000 0 
1781520.000000 0.800074 1781520.000000 0.800074 0.989429 0.000000 0 
1202160.000000 0.945243 1202160.000000 0.945243 0.997322 0.000000 0 
1932000.000000 0.794246 1932000.000000 0.794246 0.992565 0.000000 0 
1793040.000000 0.799343 1793040.000000 0.799343 0.988068 0.000000 0 
1506960.000000 0.832764 1506960.000000 0.832764 0.997611 0.000000 0 
1213680.000000 0.929839 1213680.000000 0.929839 0.998357 0.000000 0 
1554960.000000 0.820737 1554960.000000 0.820737 0.991223 0.000000 0 
1365360.000000 0.865802 1365360.000000 0.865802 0.998312 0.000000 0 
1209840.000000 0.938277 1209840.000000 0.938277 0.996965 0.000000 0 
1519440.000000 0.830270 1519440.000000 0.830270 0.997728 0.000000 0 
1682400.000000 0.806433 1682400.000000 0.806433 0.999814 0.000000 0 
1841040.000000 0.797595 1841040.000000 0.797595 0.997588 0.000000 0 
1728720.000000 0.804423 1728720.000000 0.804423 0.985723 0.000000 0 
1857120.000000 0.797338 1857120.000000 0.797338 0.987815 0.000000 0 
1179600.000000 0.963200 1179600.000000 0.963200 0.994030 0.000000 0 
1109760.000000 1.052470 1109760.000000 1.052470 0.993724 0.000000 0 
1643280.000000 0.809637 1643280.000000 0.809637 0.994026 0.000000 0 
1402080.000000 0.850785 1402080.000000 0.850785 0.994694 0.000000 0 
1542480.000000 0.822255 1542480.000000 0.822255 0.995021 0.000000 0 
1600080.000000 0.814602 1600080.000000 0.814602 0.993437 0.000000 0 
1487760.000000 0.836437 1487760.000000 0.836437 0.990789 0.000000 0 
1869600.000000 0.797029 1869600.000000 0.797029 0.987099 0.000000 0 
1320720.000000 0.876329 1320720.000000 0.876329 0.992572 0.000000 0 
1532640.000000 0.823774 1532640.000000 0.823774 0.991938 0.000000 0 
1072080.000000 1.148251 1072080.000000 1.148251 0.989284 0.000000 0 
1465200.000000 0.842445 1465200.000000 0.842445 0.998173 0.000000 0 
1227360.000000 0.913638 1227360.000000 0.913638 0.994283 0.000000 0 
1236720.000000 0.905304 1236720.000000 0.905304 0.985975 0.000000 0 
1520160.000000 0.824658 1520160.000000 0.824658 0.995425 0.000000 0 
1497360.000000 0.834763 1497360.000000 0.834763 0.985541 0.000000 0 
1093200.000000 1.100199 1093200.000000 1.100199 0.999345 0.000000 0 
1050480.000000 1.245462 1050480.000000 1.245462 0.987012 0.000000 0 
1417680.000000 0.848799 1417680.000000 0.848799 0.990401 0.000000 0 
1460160.000000 0.843143 1460160.000000 0.843143 0.988049 0.000000 0 
1178640.000000 0.964975 1178640.000000 0.964975 0.988697 0.000000 0 
1655760.000000 0.809288 1655760.000000 0.809288 0.994661 0.000000 0 
1127040.000000 1.027038 1127040.000000 1.027038 0.992799 0.000000 0 
1401360.000000 0.857226 1401360.000000 0.857226 0.989261 0.000000 0 
1988880.000000 0.793621 1988880.000000 0.793621 0.991090 0.000000 0 
1207440.000000 0.941215 1207440.000000 0.941215 0.983672 0.000000 0 
1060560.000000 1.232806 1060560.000000 1.232806 0.988387 0.000000 0 
1276800.000000 0.884156 1276800.000000 0.884156 0.993036 0.000000 0 
1925280.000000 0.794895 1925280.000000 0.794895 0.996734 0.000000 0 
1130880.000000 0.995149 1130880.000000 0.995149 0.993500 0.000000 0 
1718160.000000 0.804948 1718160.000000 0.804948 0.995828 0.000000 0 
1136400.000000 1.008841 1136400.000000 1.008841 0.997289 0.000000 1 
1131120.000000 1.017679 1131120.000000 1.017679 0.987466 0.000000 1 
#Generacion: 5000 
#Distancia: 299.542727 
