32424130184251.074219 32424128198012.640625 1986240.000000 1.567856 3242413.819801 32424128198011.074219 80 
46052413.384837 44116815.494611 1935600.000000 2.109774 5.411681 44116813.384837 27 
50210530.706038 48111253.733359 2099280.000000 3.027321 5.811125 48111250.706038 40 
156459883014399.312500 156459880980640.562500 2033760.000000 1.236486 15645989.098064 156459880980639.312500 87 
43737872.360370 41785954.157558 1951920.000000 1.797188 5.178595 41785952.360370 21 
50243000.918714 48324923.108686 1918080.000000 2.189971 5.832492 48324920.918714 41 
25286711834160.050781 25286710013282.031250 1820880.000000 1.979424 2528672.001328 25286710013280.050781 79 
44339042.826912 42440404.447895 1898640.000000 1.620983 5.244040 42440402.826912 24 
51951324183664.085938 51951322226466.484375 1957200.000000 2.397053 5195133.222646 51951322226464.085938 81 
24532537.753413 22509339.083021 2023200.000000 1.329609 3.250934 22509337.753413 4 
61463291.898745 59526493.350794 1936800.000000 1.452049 6.952649 59526491.898745 52 
22430503675253.218750 22430501588214.531250 2087040.000000 1.313483 2243051.158821 22430501588213.218750 76 
72445103.425021 70361184.791014 2083920.000000 1.365993 8.036118 70361183.425021 59 
31460743.009275 29503544.544944 1957200.000000 1.535670 3.950354 29503543.009275 8 
60279527.214895 58293529.106964 1986000.000000 1.892069 6.829353 58293527.214895 50 
44939651.247328 43168453.042080 1771200.000000 1.794752 5.316845 43168451.247328 26 
70017356.415303 68114398.632226 1902960.000000 2.216924 7.811440 68114396.415303 57 
342811947110365.062500 342811945248927.000000 1861440.000000 1.948767 34281195.524893 342811945248925.062500 91 
60851019.290310 58860700.593956 1990320.000000 1.303646 6.886070 58860699.290310 51 
46865671.897719 44945673.244829 1920000.000000 1.347110 5.494567 44945671.897719 31 
142049680.751329 139959042.663178 2090640.000000 1.911849 14.995904 139959040.751329 71 
69584157194384.898438 69584155239826.695312 1954560.000000 1.796494 6958416.523982 69584155239824.898438 83 
137208865974360.656250 137208864066362.734375 1908000.000000 2.084531 13720887.406636 137208864066360.656250 85 
65053611.956500 63197933.409339 1855680.000000 1.452839 7.319793 63197931.956500 54 
23954349.439861 22008430.890476 1945920.000000 1.450616 3.200843 22008429.439861 2 
41969757.604951 40087199.059610 1882560.000000 1.454659 5.008720 40087197.604951 17 
36479501.429381 34350462.983030 2129040.000000 1.553649 4.435046 34350461.429381 12 
40330484.590009 38227846.455004 2102640.000000 1.864995 4.822784 38227844.590009 16 
57701616.564883 55862738.495826 1838880.000000 1.930944 6.586274 55862736.564883 47 
22749526432863.781250 22749524392145.789062 2040720.000000 2.006143 2274953.439214 22749524392143.781250 77 
42626942.824490 40801984.336616 1824960.000000 1.512126 5.080198 40801982.824490 19 
59933423.264929 57948384.936191 1985040.000000 1.671262 6.794838 57948383.264929 48 
46677887.284131 44551008.740440 2126880.000000 1.456309 5.455101 44551007.284131 30 
15125390578977.197266 15125388552178.992188 2026800.000000 1.794823 1512539.855218 15125388552177.197266 74 
49286832.638709 47340915.086577 1945920.000000 2.447869 5.734091 47340912.638709 36 
25154732247174.578125 25154730270775.980469 1976400.000000 1.401460 2515474.027077 25154730270774.578125 78 
73913923.227328 71983365.504456 1930560.000000 2.277128 8.198336 71983363.227328 60 
35514209.287501 33458131.626240 2056080.000000 2.338739 4.345813 33458129.287501 11 
44160667.447131 41886668.595505 2274000.000000 1.148374 5.188667 41886667.447131 22 
53395601.456812 51400483.937124 1995120.000000 2.480313 6.140048 51400481.456812 44 
47939938.202602 45917219.470981 2022720.000000 1.268379 5.591722 45917218.202602 33 
44458879.569256 42463761.493593 1995120.000000 1.924337 5.246376 42463759.569256 25 
97456453.770528 95540536.229986 1915920.000000 2.459458 10.554053 95540533.770528 69 
15445725788070.925781 15445723815032.775391 1973040.000000 1.848969 1544573.381503 15445723815030.925781 75 
11483041789953.500000 11483039720675.173828 2069280.000000 1.673054 1148304.972067 11483039720673.500000 73 
76555497.536319 74628299.398341 1927200.000000 1.862023 8.462830 74628297.536319 62 
54998633.043888 52832394.196063 2166240.000000 1.152176 6.283239 52832393.043888 46 
86141012.840028 84134374.595843 2006640.000000 1.755815 9.413437 84134372.840028 67 
67210529.780267 65265571.311451 1944960.000000 1.531184 7.526557 65265569.780267 55 
46102461.063861 44129664.286782 1972800.000000 3.222921 5.412966 44129661.063861 28 
154134907106557.500000 154134905093440.531250 2013120.000000 3.030896 15413491.509344 154134905093437.500000 86 
38061135.785690 35967137.391623 2094000.000000 1.605933 4.596714 35967135.785690 14 
48321350.864121 46211273.354813 2110080.000000 2.490692 5.621127 46211270.864121 34 
30045736.087645 28074377.658832 1971360.000000 1.571187 3.807438 28074376.087645 7 
24480020.759074 22407142.315418 2072880.000000 1.556344 3.240714 22407140.759074 3 
48241268.367455 46357509.524942 1883760.000000 1.157486 5.635751 46357508.367455 34 
78685996.822808 76729998.699439 1956000.000000 1.876631 8.673000 76729996.822808 64 
80494636.493990 78271998.104119 2222640.000000 1.610129 8.827200 78271996.493990 65 
41992468.976833 40050630.435049 1941840.000000 1.458216 5.005063 40050628.976833 17 
76594171.574537 74803053.440962 1791120.000000 1.866426 8.480305 74803051.574537 63 
44329641.867700 42411323.675750 1918320.000000 1.808050 5.241132 42411321.867700 23 
70662078.351731 68824160.700863 1837920.000000 2.349132 7.882416 68824158.351731 58 
36907795.957044 34907397.536559 2000400.000000 1.579516 4.490740 34907395.957044 13 
117676707.517201 115505189.255482 2171520.000000 1.738281 12.550519 115505187.517201 70 
159038801461872.562500 159038799494833.718750 1967040.000000 1.153648 15903880.949483 159038799494832.562500 88 
43401321.129209 41581642.510454 1819680.000000 1.381245 5.158164 41581641.129209 20 
63648712.894903 61588554.315067 2060160.000000 1.420163 7.158855 61588552.894903 53 
49972468.632912 48037110.525902 1935360.000000 1.892989 5.803711 48037108.632912 39 
29143219.755495 27203781.126825 1939440.000000 1.371330 3.720378 27203779.755495 6 
69983721.420696 68030602.897145 1953120.000000 1.476450 7.803060 68030601.420696 56 
54117402.523566 51988604.108933 2128800.000000 1.585368 6.198860 51988602.523566 45 
80953812968358.421875 80953810863800.218750 2104560.000000 1.789288 8095382.086380 80953810863798.421875 84 
74419698.742019 72372019.964292 2047680.000000 1.222273 8.237202 72372018.742019 61 
33656983.548519 31714425.209659 1942560.000000 1.661140 4.171442 31714423.548519 9 
59949023.366475 57973345.968386 1975680.000000 2.601911 6.797334 57973343.366475 49 
49792320.585001 47908322.709812 1884000.000000 2.124811 5.790832 47908320.585001 38 
49340520.813103 47391962.312990 1948560.000000 1.499887 5.739196 47391960.813103 37 
47627590.774539 45579192.134714 2048400.000000 1.360175 5.557919 45579190.774539 32 
49474654.468170 47321376.013923 2153280.000000 1.545753 5.732137 47321374.468170 36 
5819474240249.878906 5819472369931.466797 1870320.000000 1.587995 581948.236993 5819472369929.878906 72 
46536727.438991 44667608.948009 1869120.000000 1.509017 5.466761 44667607.438991 29 
34600592.631586 32632353.987818 1968240.000000 1.356233 4.263235 32632352.631586 10 
83161691.520864 81129373.559228 2032320.000000 2.038364 9.112937 81129371.520864 66 
197148133367344.906250 197148131451426.375000 1915920.000000 1.457719 19714814.145142 197148131451424.906250 89 
47786151.141793 45509032.216646 2277120.000000 1.074853 5.550903 45509031.141793 32 
23013559.953087 20932281.347140 2081280.000000 1.394054 3.093228 20932279.953087 1 
46583962.666199 44410284.337239 2173680.000000 1.671040 5.441028 44410282.666199 29 
213062554268455.468750 213062552237576.843750 2030880.000000 1.364046 21306256.223758 213062552237575.468750 90 
52715140.588270 50682341.775467 2032800.000000 1.187197 6.068234 50682340.588270 43 
48672598.057338 46895160.083532 1777440.000000 2.026194 5.689516 46895158.057338 35 
52090566.695365 50010727.961879 2079840.000000 1.266515 6.001073 50010726.695365 42 
42490262.001578 40465383.816149 2024880.000000 1.814571 5.046538 40465382.001578 18 
43899640.711036 41912442.535277 1987200.000000 1.824241 5.191244 41912440.711036 22 
96868545.426341 94741666.762681 2126880.000000 1.336341 10.474167 94741665.426341 68 
38323535.272990 36298416.613391 2025120.000000 1.340400 4.629842 36298415.272990 15 
60320570.724041 58129131.655657 2191440.000000 0.931615 6.812913 58129130.724041 50 
24856840.159355 22877322.876612 1979520.000000 2.717256 3.287732 22877320.159355 5 
20664571.598888 18458973.181292 2205600.000000 1.582404 2.845897 18458971.598888 0 
794780340436583.750000 794780338486825.500000 1949760.000000 1.776334 79478034.848682 794780338486823.750000 92 
68849303985227.117188 68849302110828.695312 1874400.000000 1.576229 6884931.211083 68849302110827.117188 82 
#Generacion: 1 
#Distancia: 782.619899 
1348560.000000 0.979616 1348560.000000 0.979616 0.981014 0.000000 0 
1324800.000000 0.992214 1324800.000000 0.992214 0.994326 0.000000 0 
1362480.000000 0.944890 1362480.000000 0.944890 0.999548 0.000000 0 
1354320.000000 0.972671 1354320.000000 0.972671 0.988875 0.000000 0 
1634160.000000 0.853952 1634160.000000 0.853952 0.985649 0.000000 0 
1479360.000000 0.895923 1479360.000000 0.895923 0.986743 0.000000 0 
1359120.000000 0.972521 1359120.000000 0.972521 0.996860 0.000000 0 
1623600.000000 0.856073 1623600.000000 0.856073 0.989829 0.000000 0 
1398240.000000 0.917241 1398240.000000 0.917241 0.999483 0.000000 0 
1362480.000000 0.944890 1362480.000000 0.944890 0.999548 0.000000 0 
1643760.000000 0.853660 1643760.000000 0.853660 0.984631 0.000000 0 
1339920.000000 0.980339 1339920.000000 0.980339 0.996382 0.000000 0 
1559760.000000 0.864777 1559760.000000 0.864777 0.998271 0.000000 0 
1419360.000000 0.909520 1419360.000000 0.909520 0.982139 0.000000 0 
1327680.000000 0.990464 1327680.000000 0.990464 0.997486 0.000000 0 
1479600.000000 0.878286 1479600.000000 0.878286 0.983971 0.000000 0 
1362000.000000 0.962999 1362000.000000 0.962999 0.999114 0.000000 0 
1554720.000000 0.864866 1554720.000000 0.864866 0.997322 0.000000 0 
1396320.000000 0.923906 1396320.000000 0.923906 0.981623 0.000000 0 
1359120.000000 0.972521 1359120.000000 0.972521 0.996860 0.000000 0 
1511520.000000 0.876706 1511520.000000 0.876706 0.974714 0.000000 0 
1311600.000000 1.000408 1311600.000000 1.000408 0.985003 0.000000 0 
1339920.000000 0.980339 1339920.000000 0.980339 0.996382 0.000000 0 
1458480.000000 0.896207 1458480.000000 0.896207 0.992803 0.000000 0 
1286400.000000 1.019758 1286400.000000 1.019758 0.986300 0.000000 0 
1419360.000000 0.909520 1419360.000000 0.909520 0.982139 0.000000 0 
1402800.000000 0.911675 1402800.000000 0.911675 0.997544 0.000000 0 
1564560.000000 0.859817 1564560.000000 0.859817 0.977460 0.000000 0 
1349760.000000 0.976598 1349760.000000 0.976598 0.965594 0.000000 0 
1260720.000000 1.139282 1260720.000000 1.139282 0.987263 0.000000 0 
1458480.000000 0.896207 1458480.000000 0.896207 0.992803 0.000000 0 
1428960.000000 0.900287 1428960.000000 0.900287 0.994851 0.000000 0 
1427520.000000 0.908715 1427520.000000 0.908715 0.995663 0.000000 0 
1678560.000000 0.852867 1678560.000000 0.852867 0.999068 0.000000 0 
1517280.000000 0.866500 1517280.000000 0.866500 0.992669 0.000000 0 
1396320.000000 0.923906 1396320.000000 0.923906 0.981623 0.000000 0 
1396320.000000 0.923906 1396320.000000 0.923906 0.981623 0.000000 0 
1307520.000000 1.016804 1307520.000000 1.016804 0.997310 0.000000 0 
1452000.000000 0.897059 1452000.000000 0.897059 0.985391 0.000000 0 
1277280.000000 1.132924 1277280.000000 1.132924 0.993654 0.000000 0 
1577040.000000 0.857722 1577040.000000 0.857722 0.976898 0.000000 0 
1359120.000000 0.972521 1359120.000000 0.972521 0.996860 0.000000 0 
1512720.000000 0.872723 1512720.000000 0.872723 0.990844 0.000000 0 
1286400.000000 1.019758 1286400.000000 1.019758 0.986300 0.000000 0 
1565520.000000 0.859520 1565520.000000 0.859520 0.981934 0.000000 0 
1618320.000000 0.857043 1618320.000000 0.857043 0.968113 0.000000 0 
1414080.000000 0.911280 1414080.000000 0.911280 0.997188 0.000000 0 
1455360.000000 0.896497 1455360.000000 0.896497 0.983960 0.000000 0 
1387440.000000 0.924384 1387440.000000 0.924384 0.989397 0.000000 0 
1332960.000000 0.989392 1332960.000000 0.989392 0.971268 0.000000 0 
1554720.000000 0.864866 1554720.000000 0.864866 0.997322 0.000000 0 
1678560.000000 0.852872 1678560.000000 0.852872 0.999013 0.000000 1 
1278960.000000 1.142292 1278960.000000 1.142292 0.944962 0.000000 1 
1286400.000000 1.039062 1286400.000000 1.039062 0.985011 0.000000 1 
1285200.000000 1.137143 1285200.000000 1.137143 0.981003 0.000000 1 
1430400.000000 0.907566 1430400.000000 0.907566 0.994283 0.000000 1 
1389360.000000 0.924722 1389360.000000 0.924722 0.996662 0.000000 1 
1662960.000000 0.853812 1662960.000000 0.853812 0.981528 0.000000 1 
1314240.000000 1.002516 1314240.000000 1.002516 0.975308 0.000000 1 
1626480.000000 0.856600 1626480.000000 0.856600 0.989798 0.000000 1 
1597440.000000 0.858728 1597440.000000 0.858728 0.992728 0.000000 1 
1362000.000000 0.966867 1362000.000000 0.966867 0.986517 0.000000 1 
1572720.000000 0.864453 1572720.000000 0.864453 0.975619 0.000000 1 
1387440.000000 0.927941 1387440.000000 0.927941 0.999701 0.000000 1 
1303920.000000 1.025601 1303920.000000 1.025601 0.977739 0.000000 1 
1348560.000000 0.980314 1348560.000000 0.980314 0.984669 0.000000 1 
1374000.000000 0.945313 1374000.000000 0.945313 0.996544 0.000000 1 
1308480.000000 1.020395 1308480.000000 1.020395 0.985255 0.000000 1 
1491120.000000 0.881603 1491120.000000 0.881603 0.984370 0.000000 1 
1615680.000000 0.857738 1615680.000000 0.857738 0.975680 0.000000 1 
1500240.000000 0.878958 1500240.000000 0.878958 0.984313 0.000000 1 
1556400.000000 0.865789 1556400.000000 0.865789 0.975630 0.000000 1 
1452000.000000 0.897282 1452000.000000 0.897282 0.985809 0.000000 1 
1535520.000000 0.867292 1535520.000000 0.867292 0.990654 0.000000 1 
1324800.000000 0.992298 1324800.000000 0.992298 0.994665 0.000000 1 
1467840.000000 0.896613 1467840.000000 0.896613 0.998575 0.000000 1 
1484880.000000 0.892684 1484880.000000 0.892684 0.998968 0.000000 1 
1367520.000000 0.946533 1367520.000000 0.946533 0.997834 0.000000 1 
1333200.000000 0.989525 1333200.000000 0.989525 0.999922 0.000000 1 
1484880.000000 0.892684 1484880.000000 0.892684 0.998968 0.000000 1 
1513680.000000 0.876156 1513680.000000 0.876156 0.994771 0.000000 1 
1363920.000000 0.954115 1363920.000000 0.954115 0.999144 0.000000 1 
1346880.000000 0.986126 1346880.000000 0.986126 0.979510 0.000000 1 
1341840.000000 0.989006 1341840.000000 0.989006 0.982354 0.000000 1 
1561440.000000 0.864878 1561440.000000 0.864878 0.986017 0.000000 1 
1436880.000000 0.906261 1436880.000000 0.906261 0.989532 0.000000 1 
1450560.000000 0.904921 1450560.000000 0.904921 0.999949 0.000000 1 
1678560.000000 0.852872 1678560.000000 0.852872 0.999013 0.000000 1 
1467840.000000 0.896613 1467840.000000 0.896613 0.998575 0.000000 1 
1524720.000000 0.868135 1524720.000000 0.868135 0.982762 0.000000 1 
1363920.000000 0.954115 1363920.000000 0.954115 0.999144 0.000000 1 
1521600.000000 0.874037 1521600.000000 0.874037 0.965172 0.000000 1 
1282320.000000 1.137442 1282320.000000 1.137442 0.954373 0.000000 1 
1324800.000000 0.992298 1324800.000000 0.992298 0.994665 0.000000 1 
1534080.000000 0.868128 1534080.000000 0.868128 0.975408 0.000000 1 
1305840.000000 1.022600 1305840.000000 1.022600 0.983141 0.000000 1 
1515840.000000 0.875456 1515840.000000 0.875456 0.999656 0.000000 1 
1445760.000000 0.905619 1445760.000000 0.905619 0.994699 0.000000 1 
1374000.000000 0.945313 1374000.000000 0.945313 0.996544 0.000000 1 
1445760.000000 0.905619 1445760.000000 0.905619 0.994699 0.000000 1 
#Generacion: 500 
#Distancia: 237.875354 
1187040.000000 1.049103 1187040.000000 1.049103 0.998523 0.000000 0 
1286640.000000 0.942960 1286640.000000 0.942960 0.996549 0.000000 0 
1440240.000000 0.875735 1440240.000000 0.875735 0.992232 0.000000 0 
1643280.000000 0.839029 1643280.000000 0.839029 0.992160 0.000000 0 
1247040.000000 0.999135 1247040.000000 0.999135 0.999967 0.000000 0 
1266960.000000 0.986493 1266960.000000 0.986493 0.993442 0.000000 0 
1326960.000000 0.918845 1326960.000000 0.918845 0.999924 0.000000 0 
1592400.000000 0.844023 1592400.000000 0.844023 0.991531 0.000000 0 
1278720.000000 0.957537 1278720.000000 0.957537 0.994791 0.000000 0 
1683600.000000 0.838979 1683600.000000 0.838979 0.996816 0.000000 0 
1274880.000000 0.972010 1274880.000000 0.972010 0.998404 0.000000 0 
1274880.000000 0.972010 1274880.000000 0.972010 0.998404 0.000000 0 
1624080.000000 0.839874 1624080.000000 0.839874 0.993408 0.000000 0 
1238640.000000 1.007890 1238640.000000 1.007890 0.995749 0.000000 0 
1280880.000000 0.955916 1280880.000000 0.955916 0.994574 0.000000 0 
1368720.000000 0.903485 1368720.000000 0.903485 0.994206 0.000000 0 
1415280.000000 0.880357 1415280.000000 0.880357 0.997561 0.000000 0 
1501680.000000 0.856263 1501680.000000 0.856263 0.990204 0.000000 0 
1224240.000000 1.012347 1224240.000000 1.012347 0.994675 0.000000 0 
1222080.000000 1.024764 1222080.000000 1.024764 0.999495 0.000000 0 
1198560.000000 1.042356 1198560.000000 1.042356 0.998561 0.000000 0 
1382880.000000 0.893641 1382880.000000 0.893641 0.996025 0.000000 0 
1202400.000000 1.032997 1202400.000000 1.032997 0.996974 0.000000 0 
1406880.000000 0.890522 1406880.000000 0.890522 0.994328 0.000000 0 
1477680.000000 0.866206 1477680.000000 0.866206 0.997971 0.000000 0 
1236720.000000 1.009266 1236720.000000 1.009266 0.999652 0.000000 0 
1218000.000000 1.030403 1218000.000000 1.030403 0.999262 0.000000 0 
1187040.000000 1.049103 1187040.000000 1.049103 0.998523 0.000000 0 
1193520.000000 1.042407 1193520.000000 1.042407 0.999734 0.000000 0 
1253040.000000 0.989267 1253040.000000 0.989267 0.986319 0.000000 0 
1529760.000000 0.853901 1529760.000000 0.853901 0.997799 0.000000 0 
1488240.000000 0.860012 1488240.000000 0.860012 0.993801 0.000000 0 
1372560.000000 0.898441 1372560.000000 0.898441 0.997714 0.000000 0 
1248480.000000 0.991303 1248480.000000 0.991303 0.994668 0.000000 0 
1458720.000000 0.874715 1458720.000000 0.874715 0.981407 0.000000 0 
1261920.000000 0.987241 1261920.000000 0.987241 0.998223 0.000000 0 
1627680.000000 0.839283 1627680.000000 0.839283 0.998040 0.000000 0 
1224240.000000 1.012347 1224240.000000 1.012347 0.994675 0.000000 0 
1514400.000000 0.856073 1514400.000000 0.856073 0.991421 0.000000 0 
1362000.000000 0.908306 1362000.000000 0.908306 0.988927 0.000000 0 
1415280.000000 0.880357 1415280.000000 0.880357 0.997561 0.000000 0 
1412400.000000 0.886506 1412400.000000 0.886506 0.997048 0.000000 0 
1469040.000000 0.873054 1469040.000000 0.873054 0.977910 0.000000 0 
1222080.000000 1.024764 1222080.000000 1.024764 0.999495 0.000000 0 
1560480.000000 0.850473 1560480.000000 0.850473 0.996674 0.000000 0 
1354080.000000 0.908443 1354080.000000 0.908443 0.991057 0.000000 0 
1577280.000000 0.846540 1577280.000000 0.846540 0.996044 0.000000 0 
1569840.000000 0.847214 1569840.000000 0.847214 0.999736 0.000000 0 
1372560.000000 0.898441 1372560.000000 0.898441 0.997714 0.000000 0 
1476000.000000 0.871944 1476000.000000 0.871944 0.977650 0.000000 0 
1532400.000000 0.851195 1532400.000000 0.851195 0.989470 0.000000 0 
1486560.000000 0.863949 1486560.000000 0.863949 0.997684 0.000000 0 
1691040.000000 0.838724 1691040.000000 0.838724 0.962535 0.000000 0 
1203120.000000 1.032788 1203120.000000 1.032788 0.999924 0.000000 0 
1412400.000000 0.886506 1412400.000000 0.886506 0.997048 0.000000 0 
1217520.000000 1.032343 1217520.000000 1.032343 0.992451 0.000000 0 
1399200.000000 0.892458 1399200.000000 0.892458 0.993457 0.000000 0 
1326960.000000 0.918845 1326960.000000 0.918845 0.999924 0.000000 0 
1329840.000000 0.914469 1329840.000000 0.914469 0.996893 0.000000 0 
1585200.000000 0.846026 1585200.000000 0.846026 0.993514 0.000000 0 
1461600.000000 0.873880 1461600.000000 0.873880 0.983895 0.000000 0 
1519920.000000 0.855430 1519920.000000 0.855430 0.993782 0.000000 0 
1538880.000000 0.850983 1538880.000000 0.850983 0.998905 0.000000 0 
1589280.000000 0.845642 1589280.000000 0.845642 0.992585 0.000000 0 
1488240.000000 0.860012 1488240.000000 0.860012 0.993801 0.000000 0 
1390800.000000 0.893615 1390800.000000 0.893615 0.992331 0.000000 0 
1482240.000000 0.864047 1482240.000000 0.864047 0.990431 0.000000 0 
1349040.000000 0.910429 1349040.000000 0.910429 0.998229 0.000000 0 
1280880.000000 0.955916 1280880.000000 0.955916 0.994574 0.000000 0 
1248480.000000 0.991303 1248480.000000 0.991303 0.994668 0.000000 0 
1349040.000000 0.910429 1349040.000000 0.910429 0.998229 0.000000 0 
1344480.000000 0.912432 1344480.000000 0.912432 0.989047 0.000000 0 
1476000.000000 0.871944 1476000.000000 0.871944 0.977650 0.000000 0 
1569360.000000 0.850231 1569360.000000 0.850231 0.995603 0.000000 0 
1391520.000000 0.892913 1391520.000000 0.892913 0.998031 0.000000 0 
1398240.000000 0.892875 1398240.000000 0.892875 0.997771 0.000000 0 
1569360.000000 0.850231 1569360.000000 0.850231 0.995603 0.000000 0 
1334880.000000 0.914340 1334880.000000 0.914340 0.997830 0.000000 0 
1362000.000000 0.908306 1362000.000000 0.908306 0.988927 0.000000 0 
1519920.000000 0.855430 1519920.000000 0.855430 0.993782 0.000000 0 
1538880.000000 0.850983 1538880.000000 0.850983 0.998905 0.000000 0 
1338480.000000 0.914039 1338480.000000 0.914039 0.995014 0.000000 0 
1341840.000000 0.913153 1341840.000000 0.913153 0.990260 0.000000 0 
1217520.000000 1.032343 1217520.000000 1.032343 0.992451 0.000000 0 
1341120.000000 0.913358 1341120.000000 0.913358 0.999196 0.000000 0 
1329840.000000 0.914469 1329840.000000 0.914469 0.996893 0.000000 0 
1624080.000000 0.839874 1624080.000000 0.839874 0.993408 0.000000 0 
1459440.000000 0.874711 1459440.000000 0.874711 0.981127 0.000000 0 
1193520.000000 1.042407 1193520.000000 1.042407 0.999734 0.000000 0 
1344480.000000 0.912432 1344480.000000 0.912432 0.989047 0.000000 0 
1482240.000000 0.864047 1482240.000000 0.864047 0.990431 0.000000 0 
1696080.000000 0.835347 1696080.000000 0.835347 0.969604 0.000000 0 
1546080.000000 0.850543 1546080.000000 0.850543 0.989433 0.000000 0 
1311360.000000 0.927181 1311360.000000 0.927181 0.999816 0.000000 0 
1776000.000000 0.836436 1776000.000000 0.836436 0.998009 0.000000 1 
1701840.000000 0.837593 1701840.000000 0.837593 0.992102 0.000000 1 
1776000.000000 0.836436 1776000.000000 0.836436 0.998009 0.000000 1 
1323600.000000 0.936596 1323600.000000 0.936596 0.980471 0.000000 1 
1314960.000000 0.936743 1314960.000000 0.936743 0.981974 0.000000 1 
1551600.000000 0.850788 1551600.000000 0.850788 0.990294 0.000000 1 
#Generacion: 1000 
#Distancia: 234.017677 
1134960.000000 1.131476 1134960.000000 1.131476 0.997637 0.000000 0 
1770960.000000 0.815808 1770960.000000 0.815808 0.995446 0.000000 0 
1206000.000000 0.991441 1206000.000000 0.991441 0.998067 0.000000 0 
1143600.000000 1.130510 1143600.000000 1.130510 0.999526 0.000000 0 
1148640.000000 1.078865 1148640.000000 1.078865 0.999228 0.000000 0 
1201200.000000 1.021994 1201200.000000 1.021994 0.992652 0.000000 0 
1747920.000000 0.821737 1747920.000000 0.821737 0.994299 0.000000 0 
1229760.000000 0.971669 1229760.000000 0.971669 0.998745 0.000000 0 
1239600.000000 0.953057 1239600.000000 0.953057 0.999363 0.000000 0 
1301280.000000 0.922807 1301280.000000 0.922807 0.996475 0.000000 0 
1229760.000000 0.971669 1229760.000000 0.971669 0.998745 0.000000 0 
1265520.000000 0.932616 1265520.000000 0.932616 0.999742 0.000000 0 
1194960.000000 1.036962 1194960.000000 1.036962 0.996934 0.000000 0 
1638240.000000 0.826493 1638240.000000 0.826493 0.977938 0.000000 0 
1665840.000000 0.825847 1665840.000000 0.825847 0.991228 0.000000 0 
1199760.000000 1.023765 1199760.000000 1.023765 0.994772 0.000000 0 
1285680.000000 0.929826 1285680.000000 0.929826 0.998309 0.000000 0 
1530720.000000 0.843097 1530720.000000 0.843097 0.998166 0.000000 0 
1148640.000000 1.078865 1148640.000000 1.078865 0.999228 0.000000 0 
1167600.000000 1.058477 1167600.000000 1.058477 0.998684 0.000000 0 
1189200.000000 1.038807 1189200.000000 1.038807 0.988339 0.000000 0 
1260480.000000 0.941542 1260480.000000 0.941542 0.996867 0.000000 0 
1518240.000000 0.845946 1518240.000000 0.845946 0.993607 0.000000 0 
1441680.000000 0.866583 1441680.000000 0.866583 0.994648 0.000000 0 
1662000.000000 0.826181 1662000.000000 0.826181 0.995188 0.000000 0 
1508400.000000 0.846712 1508400.000000 0.846712 0.988167 0.000000 0 
1415280.000000 0.874364 1415280.000000 0.874364 0.999844 0.000000 0 
1392000.000000 0.887206 1392000.000000 0.887206 0.991280 0.000000 0 
1308000.000000 0.917053 1308000.000000 0.917053 0.998812 0.000000 0 
1413120.000000 0.877541 1413120.000000 0.877541 0.991772 0.000000 0 
1179600.000000 1.053257 1179600.000000 1.053257 0.992604 0.000000 0 
1187040.000000 1.049103 1187040.000000 1.049103 0.998523 0.000000 0 
1581360.000000 0.836393 1581360.000000 0.836393 0.995616 0.000000 0 
1171680.000000 1.057150 1171680.000000 1.057150 0.992262 0.000000 0 
1545360.000000 0.842570 1545360.000000 0.842570 0.999833 0.000000 0 
1259040.000000 0.944118 1259040.000000 0.944118 0.998704 0.000000 0 
1607280.000000 0.830505 1607280.000000 0.830505 0.995002 0.000000 0 
1246320.000000 0.952525 1246320.000000 0.952525 0.996971 0.000000 0 
1489200.000000 0.850335 1489200.000000 0.850335 0.991903 0.000000 0 
1339200.000000 0.908517 1339200.000000 0.908517 0.990459 0.000000 0 
1454160.000000 0.866353 1454160.000000 0.866353 0.984851 0.000000 0 
1622880.000000 0.826517 1622880.000000 0.826517 0.977931 0.000000 0 
1471920.000000 0.859337 1471920.000000 0.859337 0.990716 0.000000 0 
1333920.000000 0.909848 1333920.000000 0.909848 0.993362 0.000000 0 
1434000.000000 0.870926 1434000.000000 0.870926 0.990041 0.000000 0 
1618080.000000 0.829421 1618080.000000 0.829421 0.972691 0.000000 0 
1484400.000000 0.852600 1484400.000000 0.852600 0.986380 0.000000 0 
1560480.000000 0.839389 1560480.000000 0.839389 0.996117 0.000000 0 
1570800.000000 0.838960 1570800.000000 0.838960 0.995247 0.000000 0 
1462800.000000 0.861841 1462800.000000 0.861841 0.986814 0.000000 0 
1384800.000000 0.888476 1384800.000000 0.888476 0.997898 0.000000 0 
1185600.000000 1.052644 1185600.000000 1.052644 0.982092 0.000000 0 
1574640.000000 0.837663 1574640.000000 0.837663 0.977730 0.000000 0 
1253760.000000 0.949304 1253760.000000 0.949304 0.998127 0.000000 0 
1598640.000000 0.830745 1598640.000000 0.830745 0.996577 0.000000 0 
1482720.000000 0.856084 1482720.000000 0.856084 0.990308 0.000000 0 
1399920.000000 0.883696 1399920.000000 0.883696 0.993593 0.000000 0 
1497840.000000 0.848834 1497840.000000 0.848834 0.989501 0.000000 0 
1553760.000000 0.839398 1553760.000000 0.839398 0.996750 0.000000 0 
1549920.000000 0.841505 1549920.000000 0.841505 0.995529 0.000000 0 
1332240.000000 0.914506 1332240.000000 0.914506 0.996425 0.000000 0 
1408560.000000 0.882507 1408560.000000 0.882507 0.980414 0.000000 0 
1455840.000000 0.863215 1455840.000000 0.863215 0.991661 0.000000 0 
1253760.000000 0.949304 1253760.000000 0.949304 0.998127 0.000000 0 
1321680.000000 0.915058 1321680.000000 0.915058 0.996593 0.000000 0 
1361280.000000 0.901039 1361280.000000 0.901039 0.993908 0.000000 0 
1379520.000000 0.889134 1379520.000000 0.889134 0.985504 0.000000 0 
1373520.000000 0.897647 1373520.000000 0.897647 0.997452 0.000000 0 
1357440.000000 0.907256 1357440.000000 0.907256 0.990766 0.000000 0 
1476240.000000 0.856179 1476240.000000 0.856179 0.990023 0.000000 0 
1313040.000000 0.916721 1313040.000000 0.916721 0.997532 0.000000 0 
1316640.000000 0.915370 1316640.000000 0.915370 0.997767 0.000000 0 
1328880.000000 0.914652 1328880.000000 0.914652 0.998478 0.000000 0 
1497840.000000 0.848834 1497840.000000 0.848834 0.989501 0.000000 0 
1360800.000000 0.904191 1360800.000000 0.904191 0.995111 0.000000 0 
1408560.000000 0.882507 1408560.000000 0.882507 0.980414 0.000000 0 
1399920.000000 0.883696 1399920.000000 0.883696 0.993593 0.000000 0 
1475280.000000 0.858582 1475280.000000 0.858582 0.997897 0.000000 0 
1621680.000000 0.828399 1621680.000000 0.828399 0.995710 0.000000 0 
1143600.000000 1.130510 1143600.000000 1.130510 0.999526 0.000000 0 
1366080.000000 0.900177 1366080.000000 0.900177 0.996968 0.000000 0 
1367520.000000 0.899129 1367520.000000 0.899129 0.996059 0.000000 0 
1460880.000000 0.862466 1460880.000000 0.862466 0.986527 0.000000 0 
1360560.000000 0.906463 1360560.000000 0.906463 0.999390 0.000000 0 
1372560.000000 0.898441 1372560.000000 0.898441 0.997714 0.000000 0 
1431840.000000 0.870954 1431840.000000 0.870954 0.986026 0.000000 0 
1187040.000000 1.049103 1187040.000000 1.049103 0.998523 0.000000 0 
1430400.000000 0.873711 1430400.000000 0.873711 0.996141 0.000000 0 
1587360.000000 0.831226 1587360.000000 0.831226 0.982645 0.000000 0 
1672800.000000 0.823886 1672800.000000 0.823886 0.982493 0.000000 0 
1238400.000000 0.968728 1238400.000000 0.968728 0.998100 0.000000 0 
1155120.000000 1.065290 1155120.000000 1.065290 0.996025 0.000000 0 
1197600.000000 1.036952 1197600.000000 1.036952 0.986478 0.000000 0 
1373760.000000 0.889793 1373760.000000 0.889793 0.988903 0.000000 0 
1340640.000000 0.907332 1340640.000000 0.907332 0.995316 0.000000 0 
1645920.000000 0.826215 1645920.000000 0.826215 0.989012 0.000000 0 
1275120.000000 0.931000 1275120.000000 0.931000 0.997207 0.000000 0 
1700880.000000 0.825741 1700880.000000 0.825741 0.998414 0.000000 1 
1720560.000000 0.824622 1720560.000000 0.824622 0.999345 0.000000 1 
1155120.000000 1.065347 1155120.000000 1.065347 0.995876 0.000000 1 
#Generacion: 1500 
#Distancia: 234.535657 
1119120.000000 1.143468 1119120.000000 1.143468 0.998779 0.000000 0 
1837440.000000 0.810513 1837440.000000 0.810513 0.999726 0.000000 0 
1124160.000000 1.101891 1124160.000000 1.101891 0.995868 0.000000 0 
1220880.000000 0.961723 1220880.000000 0.961723 0.993767 0.000000 0 
1133520.000000 1.055684 1133520.000000 1.055684 0.993895 0.000000 0 
1210560.000000 0.978910 1210560.000000 0.978910 0.996377 0.000000 0 
1204080.000000 0.980102 1204080.000000 0.980102 0.992596 0.000000 0 
1130640.000000 1.078411 1130640.000000 1.078411 0.994230 0.000000 0 
1772400.000000 0.813862 1772400.000000 0.813862 0.989157 0.000000 0 
1805520.000000 0.813361 1805520.000000 0.813361 0.983239 0.000000 0 
1236960.000000 0.952978 1236960.000000 0.952978 0.987543 0.000000 0 
1189920.000000 1.008208 1189920.000000 1.008208 0.992765 0.000000 0 
1561920.000000 0.830600 1561920.000000 0.830600 0.988744 0.000000 0 
1175040.000000 1.032937 1175040.000000 1.032937 0.998391 0.000000 0 
1716720.000000 0.816235 1716720.000000 0.816235 0.984520 0.000000 0 
1150800.000000 1.054907 1150800.000000 1.054907 0.994833 0.000000 0 
1483440.000000 0.849667 1483440.000000 0.849667 0.992385 0.000000 0 
1473360.000000 0.855431 1473360.000000 0.855431 0.989275 0.000000 0 
1816560.000000 0.812234 1816560.000000 0.812234 0.991855 0.000000 0 
1688160.000000 0.818206 1688160.000000 0.818206 0.993368 0.000000 0 
1534080.000000 0.837421 1534080.000000 0.837421 0.991347 0.000000 0 
1187520.000000 1.021668 1187520.000000 1.021668 0.999090 0.000000 0 
1609200.000000 0.825800 1609200.000000 0.825800 0.983356 0.000000 0 
1585920.000000 0.830409 1585920.000000 0.830409 0.988524 0.000000 0 
1176000.000000 1.022495 1176000.000000 1.022495 0.999900 0.000000 0 
1712400.000000 0.818076 1712400.000000 0.818076 0.991100 0.000000 0 
1744560.000000 0.814621 1744560.000000 0.814621 0.988903 0.000000 0 
1241520.000000 0.949881 1241520.000000 0.949881 0.998996 0.000000 0 
1524480.000000 0.838572 1524480.000000 0.838572 0.991714 0.000000 0 
1759920.000000 0.814531 1759920.000000 0.814531 0.988801 0.000000 0 
1126800.000000 1.089600 1126800.000000 1.089600 0.996714 0.000000 0 
1124160.000000 1.101891 1124160.000000 1.101891 0.995868 0.000000 0 
1435440.000000 0.865800 1435440.000000 0.865800 0.999958 0.000000 0 
1156560.000000 1.041922 1156560.000000 1.041922 0.990393 0.000000 0 
1248240.000000 0.943815 1248240.000000 0.943815 0.998720 0.000000 0 
1462320.000000 0.857783 1462320.000000 0.857783 0.982603 0.000000 0 
1308000.000000 0.917053 1308000.000000 0.917053 0.998812 0.000000 0 
1126800.000000 1.089600 1126800.000000 1.089600 0.996714 0.000000 0 
1130640.000000 1.078411 1130640.000000 1.078411 0.994230 0.000000 0 
1504320.000000 0.844685 1504320.000000 0.844685 0.987652 0.000000 0 
1404720.000000 0.874896 1404720.000000 0.874896 0.987195 0.000000 0 
1339680.000000 0.900510 1339680.000000 0.900510 0.995653 0.000000 0 
1314240.000000 0.913353 1314240.000000 0.913353 0.990933 0.000000 0 
1554720.000000 0.836161 1554720.000000 0.836161 0.991097 0.000000 0 
1328160.000000 0.905210 1328160.000000 0.905210 0.993531 0.000000 0 
1282800.000000 0.923556 1282800.000000 0.923556 0.998201 0.000000 0 
1371840.000000 0.886567 1371840.000000 0.886567 0.991710 0.000000 0 
1288800.000000 0.923095 1288800.000000 0.923095 0.991487 0.000000 0 
1263840.000000 0.934225 1263840.000000 0.934225 0.995935 0.000000 0 
1390800.000000 0.876490 1390800.000000 0.876490 0.991208 0.000000 0 
1267440.000000 0.930879 1267440.000000 0.930879 0.996474 0.000000 0 
1368240.000000 0.894352 1368240.000000 0.894352 0.997442 0.000000 0 
1632480.000000 0.825737 1632480.000000 0.825737 0.979234 0.000000 0 
1356960.000000 0.896277 1356960.000000 0.896277 0.988853 0.000000 0 
1443360.000000 0.862689 1443360.000000 0.862689 0.997751 0.000000 0 
1163040.000000 1.035048 1163040.000000 1.035048 0.994321 0.000000 0 
1602720.000000 0.828110 1602720.000000 0.828110 0.989480 0.000000 0 
1377360.000000 0.883162 1377360.000000 0.883162 0.993807 0.000000 0 
1253040.000000 0.941864 1253040.000000 0.941864 0.998253 0.000000 0 
1593600.000000 0.829127 1593600.000000 0.829127 0.989400 0.000000 0 
1332480.000000 0.904600 1332480.000000 0.904600 0.992246 0.000000 0 
1161120.000000 1.037111 1161120.000000 1.037111 0.994828 0.000000 0 
1452720.000000 0.859044 1452720.000000 0.859044 0.984684 0.000000 0 
1386720.000000 0.882917 1386720.000000 0.882917 0.995273 0.000000 0 
1414320.000000 0.870746 1414320.000000 0.870746 0.982085 0.000000 0 
1422960.000000 0.866603 1422960.000000 0.866603 0.998587 0.000000 0 
1369200.000000 0.891084 1369200.000000 0.891084 0.999131 0.000000 0 
1318080.000000 0.909760 1318080.000000 0.909760 0.997054 0.000000 0 
1151520.000000 1.046021 1151520.000000 1.046021 0.990502 0.000000 0 
1660320.000000 0.822519 1660320.000000 0.822519 0.980439 0.000000 0 
1681920.000000 0.820545 1681920.000000 0.820545 0.981429 0.000000 0 
1556160.000000 0.835691 1556160.000000 0.835691 0.992156 0.000000 0 
1497840.000000 0.848834 1497840.000000 0.848834 0.989501 0.000000 0 
1347120.000000 0.899261 1347120.000000 0.899261 0.995060 0.000000 0 
1413360.000000 0.874562 1413360.000000 0.874562 0.982415 0.000000 0 
1278720.000000 0.930158 1278720.000000 0.930158 0.995255 0.000000 0 
1512000.000000 0.841244 1512000.000000 0.841244 0.991898 0.000000 0 
1294560.000000 0.917372 1294560.000000 0.917372 0.999014 0.000000 0 
1388880.000000 0.878879 1388880.000000 0.878879 0.986626 0.000000 0 
1668960.000000 0.822286 1668960.000000 0.822286 0.978584 0.000000 0 
1420080.000000 0.868169 1420080.000000 0.868169 0.994552 0.000000 0 
1636800.000000 0.823687 1636800.000000 0.823687 0.986876 0.000000 0 
1650720.000000 0.822775 1650720.000000 0.822775 0.980173 0.000000 0 
1445040.000000 0.859603 1445040.000000 0.859603 0.981441 0.000000 0 
1675200.000000 0.821114 1675200.000000 0.821114 0.984331 0.000000 0 
1355040.000000 0.898910 1355040.000000 0.898910 0.999088 0.000000 0 
1644480.000000 0.823233 1644480.000000 0.823233 0.995710 0.000000 0 
1744560.000000 0.814621 1744560.000000 0.814621 0.988903 0.000000 0 
1499760.000000 0.848429 1499760.000000 0.848429 0.989374 0.000000 0 
1512000.000000 0.841244 1512000.000000 0.841244 0.991898 0.000000 0 
1294560.000000 0.917372 1294560.000000 0.917372 0.999014 0.000000 0 
1260960.000000 0.939377 1260960.000000 0.939377 0.999485 0.000000 0 
1151520.000000 1.046021 1151520.000000 1.046021 0.990502 0.000000 0 
1184640.000000 1.022097 1184640.000000 1.022097 0.998743 0.000000 0 
1260960.000000 0.939377 1260960.000000 0.939377 0.999485 0.000000 0 
1278720.000000 0.930158 1278720.000000 0.930158 0.995255 0.000000 0 
1318080.000000 0.909760 1318080.000000 0.909760 0.997054 0.000000 0 
1196400.000000 0.998618 1196400.000000 0.998618 0.991105 0.000000 0 
1164000.000000 1.034872 1164000.000000 1.034872 0.993813 0.000000 0 
1524480.000000 0.838572 1524480.000000 0.838572 0.991714 0.000000 0 
#Generacion: 2000 
#Distancia: 253.481414 
2024160.000000 0.798292 2024160.000000 0.798292 0.986853 0.000000 0 
1101120.000000 1.092310 1101120.000000 1.092310 0.999675 0.000000 0 
1943280.000000 0.800466 1943280.000000 0.800466 0.976405 0.000000 0 
1109760.000000 1.091750 1109760.000000 1.091750 0.999705 0.000000 0 
1147200.000000 1.035273 1147200.000000 1.035273 0.986143 0.000000 0 
1116240.000000 1.071273 1116240.000000 1.071273 0.997618 0.000000 0 
1861680.000000 0.803551 1861680.000000 0.803551 0.983430 0.000000 0 
1911360.000000 0.801432 1911360.000000 0.801432 0.981445 0.000000 0 
1183440.000000 1.002093 1183440.000000 1.002093 0.996779 0.000000 0 
1126800.000000 1.056086 1126800.000000 1.056086 0.994257 0.000000 0 
1192080.000000 0.990537 1192080.000000 0.990537 0.999120 0.000000 0 
1209840.000000 0.964603 1209840.000000 0.964603 0.998732 0.000000 0 
1244880.000000 0.944084 1244880.000000 0.944084 0.999644 0.000000 0 
1223760.000000 0.952016 1223760.000000 0.952016 0.997554 0.000000 0 
1137120.000000 1.046349 1137120.000000 1.046349 0.998844 0.000000 0 
1201440.000000 0.974549 1201440.000000 0.974549 0.999061 0.000000 0 
1240800.000000 0.949170 1240800.000000 0.949170 0.987205 0.000000 0 
1456080.000000 0.856329 1456080.000000 0.856329 0.993611 0.000000 0 
1760640.000000 0.809134 1760640.000000 0.809134 0.976492 0.000000 0 
1609200.000000 0.825800 1609200.000000 0.825800 0.983356 0.000000 0 
1143840.000000 1.045882 1143840.000000 1.045882 0.998286 0.000000 0 
1782720.000000 0.808490 1782720.000000 0.808490 0.976418 0.000000 0 
1581600.000000 0.826435 1581600.000000 0.826435 0.989488 0.000000 0 
1269840.000000 0.919144 1269840.000000 0.919144 0.994363 0.000000 0 
1374720.000000 0.882841 1374720.000000 0.882841 0.983839 0.000000 0 
1822080.000000 0.805805 1822080.000000 0.805805 0.978503 0.000000 0 
1165200.000000 1.018449 1165200.000000 1.018449 0.999176 0.000000 0 
1194960.000000 0.985551 1194960.000000 0.985551 0.999567 0.000000 0 
1559760.000000 0.830136 1559760.000000 0.830136 0.988127 0.000000 0 
1250880.000000 0.936303 1250880.000000 0.936303 0.996436 0.000000 0 
1396320.000000 0.872220 1396320.000000 0.872220 0.997173 0.000000 0 
1204320.000000 0.973005 1204320.000000 0.973005 0.989095 0.000000 0 
1485120.000000 0.845234 1485120.000000 0.845234 0.991363 0.000000 0 
1742400.000000 0.810272 1742400.000000 0.810272 0.981546 0.000000 0 
1306320.000000 0.910358 1306320.000000 0.910358 0.995444 0.000000 0 
1405200.000000 0.868400 1405200.000000 0.868400 0.996706 0.000000 0 
1439760.000000 0.859015 1439760.000000 0.859015 0.990328 0.000000 0 
1167600.000000 1.010148 1167600.000000 1.010148 0.998376 0.000000 0 
1386720.000000 0.877555 1386720.000000 0.877555 0.996988 0.000000 0 
1158240.000000 1.020581 1158240.000000 1.020581 0.989116 0.000000 0 
1365120.000000 0.884350 1365120.000000 0.884350 0.984796 0.000000 0 
1316400.000000 0.908425 1316400.000000 0.908425 0.998528 0.000000 0 
1549200.000000 0.833325 1549200.000000 0.833325 0.988600 0.000000 0 
1336560.000000 0.898751 1336560.000000 0.898751 0.998132 0.000000 0 
1260480.000000 0.932964 1260480.000000 0.932964 0.993574 0.000000 0 
1150800.000000 1.025178 1150800.000000 1.025178 0.987699 0.000000 0 
1617600.000000 0.823445 1617600.000000 0.823445 0.994153 0.000000 0 
1922160.000000 0.801370 1922160.000000 0.801370 0.974161 0.000000 0 
1123200.000000 1.062554 1123200.000000 1.062554 0.992821 0.000000 0 
1116240.000000 1.071273 1116240.000000 1.071273 0.997618 0.000000 0 
1296240.000000 0.914023 1296240.000000 0.914023 0.994628 0.000000 0 
1478400.000000 0.849704 1478400.000000 0.849704 0.994373 0.000000 0 
1317120.000000 0.902499 1317120.000000 0.902499 0.998243 0.000000 0 
1578960.000000 0.829976 1578960.000000 0.829976 0.987774 0.000000 0 
1183200.000000 1.008927 1183200.000000 1.008927 0.989731 0.000000 0 
1841520.000000 0.805333 1841520.000000 0.805333 0.972521 0.000000 0 
1530240.000000 0.838340 1530240.000000 0.838340 0.991628 0.000000 0 
1352160.000000 0.889578 1352160.000000 0.889578 0.997353 0.000000 0 
1656960.000000 0.818864 1656960.000000 0.818864 0.996939 0.000000 0 
1322160.000000 0.899579 1322160.000000 0.899579 0.994954 0.000000 0 
1723200.000000 0.813566 1723200.000000 0.813566 0.995069 0.000000 0 
1462080.000000 0.851475 1462080.000000 0.851475 0.988921 0.000000 0 
1284480.000000 0.918879 1284480.000000 0.918879 0.999903 0.000000 0 
1221840.000000 0.959040 1221840.000000 0.959040 0.999537 0.000000 0 
1358640.000000 0.889025 1358640.000000 0.889025 0.997253 0.000000 0 
1688640.000000 0.815516 1688640.000000 0.815516 0.989468 0.000000 0 
1806720.000000 0.807673 1806720.000000 0.807673 0.979239 0.000000 0 
1648320.000000 0.819456 1648320.000000 0.819456 0.995334 0.000000 0 
1266480.000000 0.926930 1266480.000000 0.926930 0.997106 0.000000 0 
1707840.000000 0.814857 1707840.000000 0.814857 0.989575 0.000000 0 
1293360.000000 0.917143 1293360.000000 0.917143 0.994348 0.000000 0 
1676400.000000 0.818310 1676400.000000 0.818310 0.992026 0.000000 0 
1801920.000000 0.808420 1801920.000000 0.808420 0.976407 0.000000 0 
1520640.000000 0.840832 1520640.000000 0.840832 0.990207 0.000000 0 
1390800.000000 0.876490 1390800.000000 0.876490 0.991208 0.000000 0 
1428720.000000 0.863059 1428720.000000 0.863059 0.997446 0.000000 0 
1351440.000000 0.896868 1351440.000000 0.896868 0.994658 0.000000 0 
1494720.000000 0.842618 1494720.000000 0.842618 0.989296 0.000000 0 
1851120.000000 0.804673 1851120.000000 0.804673 0.999432 0.000000 0 
1416240.000000 0.866558 1416240.000000 0.866558 0.998473 0.000000 0 
1632720.000000 0.822149 1632720.000000 0.822149 0.995440 0.000000 0 
1266480.000000 0.926930 1266480.000000 0.926930 0.997106 0.000000 0 
1638720.000000 0.822022 1638720.000000 0.822022 0.994266 0.000000 0 
1221840.000000 0.959040 1221840.000000 0.959040 0.999537 0.000000 0 
1943280.000000 0.800466 1943280.000000 0.800466 0.976405 0.000000 0 
1123200.000000 1.062554 1123200.000000 1.062554 0.992821 0.000000 0 
1435440.000000 0.861555 1435440.000000 0.861555 0.984301 0.000000 0 
1424880.000000 0.866489 1424880.000000 0.866489 0.998397 0.000000 0 
1512000.000000 0.840928 1512000.000000 0.840928 0.989993 0.000000 0 
1502400.000000 0.842472 1502400.000000 0.842472 0.996454 0.000000 0 
1469040.000000 0.850945 1469040.000000 0.850945 0.996866 0.000000 0 
1150800.000000 1.025178 1150800.000000 1.025178 0.987699 0.000000 0 
1700880.000000 0.815247 1700880.000000 0.815247 0.974592 0.000000 0 
1677120.000000 0.816726 1677120.000000 0.816726 0.989185 0.000000 0 
1350960.000000 0.897479 1350960.000000 0.897479 0.996665 0.000000 0 
1257120.000000 0.935222 1257120.000000 0.935222 0.997318 0.000000 0 
1539840.000000 0.836569 1539840.000000 0.836569 0.988723 0.000000 0 
1540080.000000 0.835154 1540080.000000 0.835154 0.991481 0.000000 0 
1174800.000000 1.009728 1174800.000000 1.009728 0.998059 0.000000 0 
1731840.000000 0.812092 1731840.000000 0.812092 0.980660 0.000000 0 
#Generacion: 2500 
#Distancia: 283.264444 
2035680.000000 0.794801 2035680.000000 0.794801 0.973284 0.000000 0 
1077360.000000 1.181033 1077360.000000 1.181033 0.993647 0.000000 0 
1090320.000000 1.122166 1090320.000000 1.122166 0.999623 0.000000 0 
1084080.000000 1.180613 1084080.000000 1.180613 0.991413 0.000000 0 
1146480.000000 1.014115 1146480.000000 1.014115 0.993115 0.000000 0 
1095360.000000 1.092453 1095360.000000 1.092453 0.999355 0.000000 0 
1641600.000000 0.815218 1641600.000000 0.815218 0.990440 0.000000 0 
1095120.000000 1.120297 1095120.000000 1.120297 0.997619 0.000000 0 
1104960.000000 1.065388 1104960.000000 1.065388 0.998841 0.000000 0 
1928880.000000 0.797300 1928880.000000 0.797300 0.999201 0.000000 0 
1103040.000000 1.089891 1103040.000000 1.089891 0.989576 0.000000 0 
1121040.000000 1.062242 1121040.000000 1.062242 0.999643 0.000000 0 
1987440.000000 0.796750 1987440.000000 0.796750 0.970683 0.000000 0 
1123920.000000 1.036124 1123920.000000 1.036124 0.999705 0.000000 0 
1702080.000000 0.812942 1702080.000000 0.812942 0.979810 0.000000 0 
1200480.000000 0.970287 1200480.000000 0.970287 0.997303 0.000000 0 
1867680.000000 0.800818 1867680.000000 0.800818 0.980056 0.000000 0 
1133760.000000 1.032252 1133760.000000 1.032252 0.998943 0.000000 0 
1250880.000000 0.936303 1250880.000000 0.936303 0.996436 0.000000 0 
1164480.000000 0.997273 1164480.000000 0.997273 0.997894 0.000000 0 
1843200.000000 0.801562 1843200.000000 0.801562 0.986091 0.000000 0 
1266480.000000 0.926930 1266480.000000 0.926930 0.997106 0.000000 0 
1178880.000000 0.990002 1178880.000000 0.990002 0.995045 0.000000 0 
1197360.000000 0.984928 1197360.000000 0.984928 0.989207 0.000000 0 
1237440.000000 0.942632 1237440.000000 0.942632 0.992980 0.000000 0 
1290000.000000 0.909397 1290000.000000 0.909397 0.995614 0.000000 0 
1729200.000000 0.811002 1729200.000000 0.811002 0.979557 0.000000 0 
1817520.000000 0.803617 1817520.000000 0.803617 0.994436 0.000000 0 
2023200.000000 0.795224 2023200.000000 0.795224 0.973941 0.000000 0 
1997280.000000 0.795340 1997280.000000 0.795340 0.974877 0.000000 0 
1260240.000000 0.932597 1260240.000000 0.932597 0.999515 0.000000 0 
1789680.000000 0.804103 1789680.000000 0.804103 0.985046 0.000000 0 
1317120.000000 0.902499 1317120.000000 0.902499 0.998243 0.000000 0 
1267920.000000 0.917672 1267920.000000 0.917672 0.997011 0.000000 0 
1899360.000000 0.800635 1899360.000000 0.800635 0.980683 0.000000 0 
1209840.000000 0.964603 1209840.000000 0.964603 0.998732 0.000000 0 
1365600.000000 0.881221 1365600.000000 0.881221 0.989672 0.000000 0 
1452480.000000 0.856832 1452480.000000 0.856832 0.987599 0.000000 0 
1332240.000000 0.897692 1332240.000000 0.897692 0.996681 0.000000 0 
1746240.000000 0.807652 1746240.000000 0.807652 0.981455 0.000000 0 
1916400.000000 0.799090 1916400.000000 0.799090 0.983792 0.000000 0 
1305120.000000 0.908426 1305120.000000 0.908426 0.995609 0.000000 0 
1221840.000000 0.959040 1221840.000000 0.959040 0.999537 0.000000 0 
1420560.000000 0.863835 1420560.000000 0.863835 0.987300 0.000000 0 
1494720.000000 0.842618 1494720.000000 0.842618 0.989296 0.000000 0 
1761600.000000 0.807052 1761600.000000 0.807052 0.986191 0.000000 0 
1223760.000000 0.952016 1223760.000000 0.952016 0.997554 0.000000 0 
1173120.000000 0.994650 1173120.000000 0.994650 0.998904 0.000000 0 
1702080.000000 0.812942 1702080.000000 0.812942 0.979810 0.000000 0 
1459680.000000 0.852822 1459680.000000 0.852822 0.991639 0.000000 0 
1435440.000000 0.861555 1435440.000000 0.861555 0.984301 0.000000 0 
1153920.000000 1.005566 1153920.000000 1.005566 0.996146 0.000000 0 
1194960.000000 0.985551 1194960.000000 0.985551 0.999567 0.000000 0 
1825920.000000 0.802542 1825920.000000 0.802542 0.985269 0.000000 0 
1551360.000000 0.830679 1551360.000000 0.830679 0.995662 0.000000 0 
1530240.000000 0.838340 1530240.000000 0.838340 0.991628 0.000000 0 
1617840.000000 0.821063 1617840.000000 0.821063 0.999441 0.000000 0 
1381200.000000 0.876944 1381200.000000 0.876944 0.991810 0.000000 0 
1345200.000000 0.893753 1345200.000000 0.893753 0.985757 0.000000 0 
1278480.000000 0.914365 1278480.000000 0.914365 0.997108 0.000000 0 
1439760.000000 0.859015 1439760.000000 0.859015 0.990328 0.000000 0 
1153920.000000 1.005566 1153920.000000 1.005566 0.996146 0.000000 0 
1396320.000000 0.872220 1396320.000000 0.872220 0.997173 0.000000 0 
1405200.000000 0.868400 1405200.000000 0.868400 0.996706 0.000000 0 
1357680.000000 0.888725 1357680.000000 0.888725 0.997741 0.000000 0 
1382160.000000 0.876106 1382160.000000 0.876106 0.992832 0.000000 0 
1309200.000000 0.903733 1309200.000000 0.903733 0.998623 0.000000 0 
1414560.000000 0.866439 1414560.000000 0.866439 0.997951 0.000000 0 
1362480.000000 0.883665 1362480.000000 0.883665 0.986616 0.000000 0 
1469040.000000 0.850945 1469040.000000 0.850945 0.996866 0.000000 0 
1773120.000000 0.805306 1773120.000000 0.805306 0.995254 0.000000 0 
1596720.000000 0.824551 1596720.000000 0.824551 0.995750 0.000000 0 
1580160.000000 0.825938 1580160.000000 0.825938 0.993529 0.000000 0 
1485120.000000 0.845234 1485120.000000 0.845234 0.991363 0.000000 0 
1217280.000000 0.962751 1217280.000000 0.962751 0.992904 0.000000 0 
1730880.000000 0.808262 1730880.000000 0.808262 0.988503 0.000000 0 
1350720.000000 0.890199 1350720.000000 0.890199 0.999947 0.000000 0 
1636800.000000 0.820728 1636800.000000 0.820728 0.998777 0.000000 0 
1524240.000000 0.839200 1524240.000000 0.839200 0.984434 0.000000 0 
1114320.000000 1.062875 1114320.000000 1.062875 0.990909 0.000000 0 
1235760.000000 0.947658 1235760.000000 0.947658 0.991489 0.000000 0 
1609200.000000 0.821448 1609200.000000 0.821448 0.999569 0.000000 0 
1229280.000000 0.948944 1229280.000000 0.948944 0.999739 0.000000 0 
1337280.000000 0.896507 1337280.000000 0.896507 0.996479 0.000000 0 
1567680.000000 0.828997 1567680.000000 0.828997 0.992712 0.000000 0 
1538880.000000 0.833150 1538880.000000 0.833150 0.994151 0.000000 0 
1507200.000000 0.840927 1507200.000000 0.840927 0.990741 0.000000 0 
1508880.000000 0.839706 1508880.000000 0.839706 0.982264 0.000000 0 
1901280.000000 0.799653 1901280.000000 0.799653 0.968105 0.000000 0 
1478400.000000 0.849704 1478400.000000 0.849704 0.994373 0.000000 0 
1562640.000000 0.830396 1562640.000000 0.830396 0.987870 0.000000 0 
1600320.000000 0.823493 1600320.000000 0.823493 0.993780 0.000000 0 
1575120.000000 0.826289 1575120.000000 0.826289 0.987074 0.000000 0 
1781760.000000 0.804597 1781760.000000 0.804597 0.991079 0.000000 0 
1133760.000000 1.032252 1133760.000000 1.032252 0.998943 0.000000 0 
1123920.000000 1.036124 1123920.000000 1.036124 0.999705 0.000000 0 
1274640.000000 0.914907 1274640.000000 0.914907 0.998822 0.000000 0 
1538880.000000 0.833150 1538880.000000 0.833150 0.994151 0.000000 0 
1639680.000000 0.819876 1639680.000000 0.819876 0.998519 0.000000 0 
1400640.000000 0.872186 1400640.000000 0.872186 0.992003 0.000000 0 
#Generacion: 3000 
#Distancia: 294.836364 
2013360.000000 0.793564 2013360.000000 0.793564 0.997757 0.000000 0 
1065360.000000 1.163764 1065360.000000 1.163764 0.995628 0.000000 0 
1072560.000000 1.098836 1072560.000000 1.098836 0.996445 0.000000 0 
1085760.000000 1.083516 1085760.000000 1.083516 0.997028 0.000000 0 
1997040.000000 0.794145 1997040.000000 0.794145 0.992043 0.000000 0 
1715760.000000 0.809427 1715760.000000 0.809427 0.997331 0.000000 0 
1672560.000000 0.810582 1672560.000000 0.810582 0.999541 0.000000 0 
1117200.000000 1.024564 1117200.000000 1.024564 0.999426 0.000000 0 
1173600.000000 0.978183 1173600.000000 0.978183 0.994771 0.000000 0 
1891680.000000 0.796995 1891680.000000 0.796995 0.993437 0.000000 0 
1854720.000000 0.797934 1854720.000000 0.797934 0.995387 0.000000 0 
1093680.000000 1.065321 1093680.000000 1.065321 0.993078 0.000000 0 
1950960.000000 0.794288 1950960.000000 0.794288 0.993260 0.000000 0 
1081920.000000 1.093491 1081920.000000 1.093491 0.999553 0.000000 0 
1102800.000000 1.050214 1102800.000000 1.050214 0.999300 0.000000 0 
1137600.000000 1.016033 1137600.000000 1.016033 0.997509 0.000000 0 
1193040.000000 0.971488 1193040.000000 0.971488 0.987361 0.000000 0 
1731840.000000 0.808927 1731840.000000 0.808927 0.999953 0.000000 0 
1229280.000000 0.948944 1229280.000000 0.948944 0.999739 0.000000 0 
1753200.000000 0.806148 1753200.000000 0.806148 0.977012 0.000000 0 
1267920.000000 0.917672 1267920.000000 0.917672 0.997011 0.000000 0 
1113600.000000 1.037834 1113600.000000 1.037834 0.998681 0.000000 0 
1350000.000000 0.887656 1350000.000000 0.887656 0.986509 0.000000 0 
1567680.000000 0.828997 1567680.000000 0.828997 0.992712 0.000000 0 
1108560.000000 1.038318 1108560.000000 1.038318 0.997487 0.000000 0 
1131120.000000 1.020981 1131120.000000 1.020981 0.997797 0.000000 0 
1145520.000000 1.004605 1145520.000000 1.004605 0.995879 0.000000 0 
1925040.000000 0.795345 1925040.000000 0.795345 0.997136 0.000000 0 
1645200.000000 0.814103 1645200.000000 0.814103 0.996012 0.000000 0 
1152240.000000 0.994277 1152240.000000 0.994277 0.998745 0.000000 0 
1373040.000000 0.879669 1373040.000000 0.879669 0.990981 0.000000 0 
1381680.000000 0.875710 1381680.000000 0.875710 0.988782 0.000000 0 
1905840.000000 0.795776 1905840.000000 0.795776 0.999481 0.000000 0 
1533360.000000 0.835404 1533360.000000 0.835404 0.991736 0.000000 0 
1627200.000000 0.815172 1627200.000000 0.815172 0.988404 0.000000 0 
1140480.000000 1.006106 1140480.000000 1.006106 0.999031 0.000000 0 
1217280.000000 0.962751 1217280.000000 0.962751 0.992904 0.000000 0 
1660080.000000 0.811957 1660080.000000 0.811957 0.998610 0.000000 0 
1522320.000000 0.836227 1522320.000000 0.836227 0.983538 0.000000 0 
1345200.000000 0.893753 1345200.000000 0.893753 0.985757 0.000000 0 
1172640.000000 0.986917 1172640.000000 0.986917 0.999332 0.000000 0 
1435440.000000 0.861555 1435440.000000 0.861555 0.984301 0.000000 0 
1464240.000000 0.851417 1464240.000000 0.851417 0.981392 0.000000 0 
1099200.000000 1.054077 1099200.000000 1.054077 0.992952 0.000000 0 
1093680.000000 1.065321 1093680.000000 1.065321 0.993078 0.000000 0 
1309200.000000 0.903733 1309200.000000 0.903733 0.998623 0.000000 0 
1305120.000000 0.908426 1305120.000000 0.908426 0.995609 0.000000 0 
1234560.000000 0.941172 1234560.000000 0.941172 0.992968 0.000000 0 
1416960.000000 0.863726 1416960.000000 0.863726 0.991094 0.000000 0 
1842240.000000 0.799710 1842240.000000 0.799710 0.994926 0.000000 0 
1580160.000000 0.825938 1580160.000000 0.825938 0.993529 0.000000 0 
1405200.000000 0.868400 1405200.000000 0.868400 0.996706 0.000000 0 
1266480.000000 0.926930 1266480.000000 0.926930 0.997106 0.000000 0 
1323600.000000 0.902362 1323600.000000 0.902362 0.999206 0.000000 0 
1172160.000000 0.991389 1172160.000000 0.991389 0.990827 0.000000 0 
1439760.000000 0.859015 1439760.000000 0.859015 0.990328 0.000000 0 
1290000.000000 0.909397 1290000.000000 0.909397 0.995614 0.000000 0 
1597440.000000 0.820456 1597440.000000 0.820456 0.992646 0.000000 0 
1773360.000000 0.803585 1773360.000000 0.803585 0.985118 0.000000 0 
1259520.000000 0.932148 1259520.000000 0.932148 0.991427 0.000000 0 
1588080.000000 0.824012 1588080.000000 0.824012 0.992075 0.000000 0 
1508880.000000 0.839706 1508880.000000 0.839706 0.982264 0.000000 0 
1794240.000000 0.803451 1794240.000000 0.803451 0.986798 0.000000 0 
1620720.000000 0.819082 1620720.000000 0.819082 0.985915 0.000000 0 
1337280.000000 0.896507 1337280.000000 0.896507 0.996479 0.000000 0 
1240080.000000 0.940114 1240080.000000 0.940114 0.993893 0.000000 0 
1327200.000000 0.898079 1327200.000000 0.898079 0.995251 0.000000 0 
1278480.000000 0.914343 1278480.000000 0.914343 0.997720 0.000000 0 
1944240.000000 0.794570 1944240.000000 0.794570 0.993043 0.000000 0 
1544640.000000 0.830401 1544640.000000 0.830401 0.994877 0.000000 0 
1492800.000000 0.845622 1492800.000000 0.845622 0.986688 0.000000 0 
1219920.000000 0.954259 1219920.000000 0.954259 0.996350 0.000000 0 
1158720.000000 0.994147 1158720.000000 0.994147 0.999485 0.000000 0 
1609920.000000 0.819975 1609920.000000 0.819975 0.986717 0.000000 0 
1764720.000000 0.804331 1764720.000000 0.804331 0.995010 0.000000 0 
1547520.000000 0.830042 1547520.000000 0.830042 0.991758 0.000000 0 
1451760.000000 0.855280 1451760.000000 0.855280 0.999965 0.000000 0 
1477440.000000 0.847091 1477440.000000 0.847091 0.988575 0.000000 0 
1812000.000000 0.803036 1812000.000000 0.803036 0.983167 0.000000 0 
1473360.000000 0.848168 1473360.000000 0.848168 0.981634 0.000000 0 
1287360.000000 0.914070 1287360.000000 0.914070 0.994339 0.000000 0 
1209840.000000 0.964603 1209840.000000 0.964603 0.998732 0.000000 0 
1201200.000000 0.965889 1201200.000000 0.965889 0.998765 0.000000 0 
1414560.000000 0.866439 1414560.000000 0.866439 0.997951 0.000000 0 
1393920.000000 0.872788 1393920.000000 0.872788 0.991489 0.000000 0 
1221120.000000 0.953558 1221120.000000 0.953558 0.996545 0.000000 0 
1362480.000000 0.883611 1362480.000000 0.883611 0.986530 0.000000 0 
1503120.000000 0.840903 1503120.000000 0.840903 0.982957 0.000000 0 
1826880.000000 0.802636 1826880.000000 0.802636 0.993268 0.000000 0 
1396320.000000 0.872220 1396320.000000 0.872220 0.997173 0.000000 0 
1199520.000000 0.969968 1199520.000000 0.969968 0.997124 0.000000 0 
1493040.000000 0.842363 1493040.000000 0.842363 0.986731 0.000000 0 
1455840.000000 0.854910 1455840.000000 0.854910 0.997519 0.000000 0 
1362480.000000 0.883611 1362480.000000 0.883611 0.986530 0.000000 0 
1250880.000000 0.936303 1250880.000000 0.936303 0.996436 0.000000 0 
1262880.000000 0.928608 1262880.000000 0.928608 0.989025 0.000000 0 
1250880.000000 0.936303 1250880.000000 0.936303 0.996436 0.000000 0 
1802880.000000 0.803378 1802880.000000 0.803378 0.987423 0.000000 0 
1827360.000000 0.800203 1827360.000000 0.800203 0.987774 0.000000 0 
1099200.000000 1.054077 1099200.000000 1.054077 0.992952 0.000000 0 
#Generacion: 3500 
#Distancia: 292.680707 
1977600.000000 0.792974 1977600.000000 0.792974 0.992509 0.000000 0 
1058400.000000 1.210278 1058400.000000 1.210278 0.999917 0.000000 0 
1064640.000000 1.112870 1064640.000000 1.112870 0.999188 0.000000 0 
1063440.000000 1.210006 1063440.000000 1.210006 0.995538 0.000000 0 
1227360.000000 0.928175 1227360.000000 0.928175 0.996298 0.000000 0 
1225440.000000 0.946573 1225440.000000 0.946573 0.996998 0.000000 0 
1728000.000000 0.804689 1728000.000000 0.804689 0.998258 0.000000 0 
1078080.000000 1.079107 1078080.000000 1.079107 0.996401 0.000000 0 
1248720.000000 0.919557 1248720.000000 0.919557 0.996673 0.000000 0 
1759200.000000 0.802540 1759200.000000 0.802540 0.991492 0.000000 0 
1073520.000000 1.099281 1073520.000000 1.099281 0.995550 0.000000 0 
1131600.000000 1.009555 1131600.000000 1.009555 0.996708 0.000000 0 
1155120.000000 0.990671 1155120.000000 0.990671 0.993877 0.000000 0 
1810800.000000 0.800213 1810800.000000 0.800213 0.996208 0.000000 0 
1138080.000000 0.999276 1138080.000000 0.999276 0.998261 0.000000 0 
1107840.000000 1.049417 1107840.000000 1.049417 0.998728 0.000000 0 
1837920.000000 0.798629 1837920.000000 0.798629 0.993587 0.000000 0 
1342800.000000 0.883560 1342800.000000 0.883560 0.999986 0.000000 0 
1778400.000000 0.801787 1778400.000000 0.801787 0.991347 0.000000 0 
1117200.000000 1.024564 1117200.000000 1.024564 0.999426 0.000000 0 
1156080.000000 0.979387 1156080.000000 0.979387 0.996190 0.000000 0 
1883520.000000 0.796730 1883520.000000 0.796730 0.997410 0.000000 0 
1924080.000000 0.794694 1924080.000000 0.794694 0.992041 0.000000 0 
1710240.000000 0.807291 1710240.000000 0.807291 0.998916 0.000000 0 
1858080.000000 0.797485 1858080.000000 0.797485 0.984847 0.000000 0 
1645200.000000 0.814103 1645200.000000 0.814103 0.996012 0.000000 0 
1087920.000000 1.071159 1087920.000000 1.071159 0.998095 0.000000 0 
1213920.000000 0.950238 1213920.000000 0.950238 0.992568 0.000000 0 
1069680.000000 1.111067 1069680.000000 1.111067 0.997106 0.000000 0 
1144560.000000 0.995168 1144560.000000 0.995168 0.999413 0.000000 0 
1797840.000000 0.801279 1797840.000000 0.801279 0.987141 0.000000 0 
1194960.000000 0.960737 1194960.000000 0.960737 0.998645 0.000000 0 
1522320.000000 0.836227 1522320.000000 0.836227 0.983538 0.000000 0 
1099200.000000 1.054077 1099200.000000 1.054077 0.992952 0.000000 0 
1658160.000000 0.812334 1658160.000000 0.812334 0.990988 0.000000 0 
1309920.000000 0.902360 1309920.000000 0.902360 0.995048 0.000000 0 
1490880.000000 0.843373 1490880.000000 0.843373 0.990150 0.000000 0 
1672560.000000 0.810582 1672560.000000 0.810582 0.999541 0.000000 0 
1443120.000000 0.853214 1443120.000000 0.853214 0.991272 0.000000 0 
1588080.000000 0.824012 1588080.000000 0.824012 0.992075 0.000000 0 
1115040.000000 1.029886 1115040.000000 1.029886 0.998092 0.000000 0 
1553280.000000 0.829094 1553280.000000 0.829094 0.992177 0.000000 0 
1093680.000000 1.065321 1093680.000000 1.065321 0.993078 0.000000 0 
1905840.000000 0.795776 1905840.000000 0.795776 0.999481 0.000000 0 
1294560.000000 0.904185 1294560.000000 0.904185 0.991690 0.000000 0 
1416960.000000 0.863726 1416960.000000 0.863726 0.991094 0.000000 0 
1577280.000000 0.825663 1577280.000000 0.825663 0.991843 0.000000 0 
1173360.000000 0.975602 1173360.000000 0.975602 0.994872 0.000000 0 
1563840.000000 0.827394 1563840.000000 0.827394 0.991219 0.000000 0 
1108560.000000 1.038318 1108560.000000 1.038318 0.997487 0.000000 0 
1327200.000000 0.898079 1327200.000000 0.898079 0.995251 0.000000 0 
1627200.000000 0.815172 1627200.000000 0.815172 0.988404 0.000000 0 
1942320.000000 0.794464 1942320.000000 0.794464 0.995002 0.000000 0 
1097040.000000 1.060459 1097040.000000 1.060459 0.999400 0.000000 0 
1408080.000000 0.869699 1408080.000000 0.869699 0.994679 0.000000 0 
1288080.000000 0.907209 1288080.000000 0.907209 0.997477 0.000000 0 
1381680.000000 0.875710 1381680.000000 0.875710 0.988782 0.000000 0 
1435440.000000 0.861555 1435440.000000 0.861555 0.984301 0.000000 0 
1503120.000000 0.840903 1503120.000000 0.840903 0.982957 0.000000 0 
1071120.000000 1.099401 1071120.000000 1.099401 0.996587 0.000000 0 
1506960.000000 0.837141 1506960.000000 0.837141 0.989955 0.000000 0 
1687680.000000 0.810184 1687680.000000 0.810184 0.994769 0.000000 0 
1179120.000000 0.969205 1179120.000000 0.969205 0.997729 0.000000 0 
1697760.000000 0.808653 1697760.000000 0.808653 0.998992 0.000000 0 
1538640.000000 0.830845 1538640.000000 0.830845 0.990572 0.000000 0 
1481520.000000 0.846753 1481520.000000 0.846753 0.991156 0.000000 0 
1368720.000000 0.876536 1368720.000000 0.876536 0.999099 0.000000 0 
1537680.000000 0.835103 1537680.000000 0.835103 0.989230 0.000000 0 
1953600.000000 0.794092 1953600.000000 0.794092 0.986331 0.000000 0 
1339440.000000 0.891751 1339440.000000 0.891751 0.997598 0.000000 0 
1360080.000000 0.882066 1360080.000000 0.882066 0.997344 0.000000 0 
1453680.000000 0.851511 1453680.000000 0.851511 0.995864 0.000000 0 
1085760.000000 1.078580 1085760.000000 1.078580 0.995542 0.000000 0 
1259280.000000 0.916820 1259280.000000 0.916820 0.990972 0.000000 0 
1598400.000000 0.820345 1598400.000000 0.820345 0.992350 0.000000 0 
1320480.000000 0.900247 1320480.000000 0.900247 0.995323 0.000000 0 
1968240.000000 0.793475 1968240.000000 0.793475 0.996740 0.000000 0 
1461120.000000 0.848865 1461120.000000 0.848865 0.991955 0.000000 0 
1332960.000000 0.891762 1332960.000000 0.891762 0.997442 0.000000 0 
1128720.000000 1.017942 1128720.000000 1.017942 0.996773 0.000000 0 
1436160.000000 0.858899 1436160.000000 0.858899 0.991050 0.000000 0 
1268160.000000 0.916115 1268160.000000 0.916115 0.996559 0.000000 0 
1164720.000000 0.977034 1164720.000000 0.977034 0.998483 0.000000 0 
1207920.000000 0.956288 1207920.000000 0.956288 0.997708 0.000000 0 
1187760.000000 0.963409 1187760.000000 0.963409 0.999715 0.000000 0 
1113600.000000 1.037834 1113600.000000 1.037834 0.998681 0.000000 0 
1469760.000000 0.846864 1469760.000000 0.846864 0.992050 0.000000 0 
1396080.000000 0.871779 1396080.000000 0.871779 0.984889 0.000000 0 
1895040.000000 0.796278 1895040.000000 0.796278 0.997347 0.000000 0 
1282080.000000 0.912178 1282080.000000 0.912178 0.996931 0.000000 0 
1393440.000000 0.874200 1393440.000000 0.874200 0.978477 0.000000 0 
1848480.000000 0.798186 1848480.000000 0.798186 0.995192 0.000000 0 
1275600.000000 0.912538 1275600.000000 0.912538 0.993262 0.000000 0 
1622160.000000 0.817709 1622160.000000 0.817709 0.989587 0.000000 0 
1416720.000000 0.867455 1416720.000000 0.867455 0.991302 0.000000 0 
1185840.000000 0.968114 1185840.000000 0.968114 0.998050 0.000000 0 
1128720.000000 1.017942 1128720.000000 1.017942 0.996773 0.000000 0 
1610640.000000 0.817725 1610640.000000 0.817725 0.991729 0.000000 0 
1366800.000000 0.881835 1366800.000000 0.881835 0.996881 0.000000 0 
1209120.000000 0.955644 1209120.000000 0.955644 0.995957 0.000000 0 
#Generacion: 4000 
#Distancia: 301.188081 
1931760.000000 0.791925 1931760.000000 0.791925 0.997092 0.000000 0 
1053120.000000 1.195285 1053120.000000 1.195285 0.997410 0.000000 0 
1055040.000000 1.195271 1055040.000000 1.195271 0.997625 0.000000 0 
1056240.000000 1.120094 1056240.000000 1.120094 0.999860 0.000000 0 
1424160.000000 0.863367 1424160.000000 0.863367 0.998457 0.000000 0 
1222320.000000 0.927469 1222320.000000 0.927469 0.998346 0.000000 0 
1091520.000000 1.065608 1091520.000000 1.065608 0.990555 0.000000 0 
1852800.000000 0.794539 1852800.000000 0.794539 0.992134 0.000000 0 
1068720.000000 1.094435 1068720.000000 1.094435 0.996987 0.000000 0 
1145520.000000 0.994596 1145520.000000 0.994596 0.993628 0.000000 0 
1728000.000000 0.804689 1728000.000000 0.804689 0.998258 0.000000 0 
1093680.000000 1.047831 1093680.000000 1.047831 0.999816 0.000000 0 
1694400.000000 0.805894 1694400.000000 0.805894 0.990218 0.000000 0 
1214880.000000 0.942573 1214880.000000 0.942573 0.999129 0.000000 0 
1598400.000000 0.820345 1598400.000000 0.820345 0.992350 0.000000 0 
1384080.000000 0.866837 1384080.000000 0.866837 0.999067 0.000000 0 
1894320.000000 0.794441 1894320.000000 0.794441 0.999106 0.000000 0 
1302240.000000 0.896926 1302240.000000 0.896926 0.999510 0.000000 0 
1101360.000000 1.046252 1101360.000000 1.046252 0.994293 0.000000 0 
1065600.000000 1.111798 1065600.000000 1.111798 0.997497 0.000000 0 
1101600.000000 1.030888 1101600.000000 1.030888 0.999497 0.000000 0 
1148400.000000 0.979781 1148400.000000 0.979781 0.996493 0.000000 0 
1926000.000000 0.792243 1926000.000000 0.792243 0.997164 0.000000 0 
1883520.000000 0.794472 1883520.000000 0.794472 0.989803 0.000000 0 
1138080.000000 0.999276 1138080.000000 0.999276 0.998261 0.000000 0 
1164480.000000 0.975990 1164480.000000 0.975990 0.999282 0.000000 0 
1622160.000000 0.817694 1622160.000000 0.817694 0.998198 0.000000 0 
1803120.000000 0.798252 1803120.000000 0.798252 0.995191 0.000000 0 
1247520.000000 0.915667 1247520.000000 0.915667 0.997843 0.000000 0 
1175280.000000 0.969800 1175280.000000 0.969800 0.997439 0.000000 0 
1137360.000000 1.009497 1137360.000000 1.009497 0.996436 0.000000 0 
1271520.000000 0.910579 1271520.000000 0.910579 0.999270 0.000000 0 
1634160.000000 0.813975 1634160.000000 0.813975 0.998191 0.000000 0 
1288800.000000 0.903172 1288800.000000 0.903172 0.993686 0.000000 0 
1082880.000000 1.069833 1082880.000000 1.069833 0.998444 0.000000 0 
1668480.000000 0.807372 1668480.000000 0.807372 0.992122 0.000000 0 
1381680.000000 0.875710 1381680.000000 0.875710 0.988782 0.000000 0 
1262160.000000 0.912984 1262160.000000 0.912984 0.998994 0.000000 0 
1123680.000000 1.015797 1123680.000000 1.015797 0.999896 0.000000 0 
1200240.000000 0.951555 1200240.000000 0.951555 0.996875 0.000000 0 
1281120.000000 0.904179 1281120.000000 0.904179 0.997322 0.000000 0 
1505040.000000 0.836478 1505040.000000 0.836478 0.988952 0.000000 0 
1111200.000000 1.030573 1111200.000000 1.030573 0.998964 0.000000 0 
1553280.000000 0.829094 1553280.000000 0.829094 0.992177 0.000000 0 
1831920.000000 0.796117 1831920.000000 0.796117 0.990184 0.000000 0 
1517520.000000 0.834474 1517520.000000 0.834474 0.989076 0.000000 0 
1236000.000000 0.924600 1236000.000000 0.924600 0.991841 0.000000 0 
1563840.000000 0.827394 1563840.000000 0.827394 0.991219 0.000000 0 
1435440.000000 0.861555 1435440.000000 0.861555 0.984301 0.000000 0 
1588080.000000 0.824012 1588080.000000 0.824012 0.992075 0.000000 0 
1538640.000000 0.830845 1538640.000000 0.830845 0.990572 0.000000 0 
1578960.000000 0.826079 1578960.000000 0.826079 0.999432 0.000000 0 
1243920.000000 0.922493 1243920.000000 0.922493 0.996831 0.000000 0 
1743600.000000 0.804539 1743600.000000 0.804539 0.993412 0.000000 0 
1077360.000000 1.087737 1077360.000000 1.087737 0.993814 0.000000 0 
1452480.000000 0.849195 1452480.000000 0.849195 0.991273 0.000000 0 
1762800.000000 0.801576 1762800.000000 0.801576 0.998931 0.000000 0 
1683840.000000 0.807318 1683840.000000 0.807318 0.992155 0.000000 0 
1529280.000000 0.832696 1529280.000000 0.832696 0.992972 0.000000 0 
1186080.000000 0.961947 1186080.000000 0.961947 0.999978 0.000000 0 
1776960.000000 0.799305 1776960.000000 0.799305 0.999701 0.000000 0 
1185840.000000 0.968114 1185840.000000 0.968114 0.998050 0.000000 0 
1339440.000000 0.891751 1339440.000000 0.891751 0.997598 0.000000 0 
1658160.000000 0.812334 1658160.000000 0.812334 0.990988 0.000000 0 
1342800.000000 0.883560 1342800.000000 0.883560 0.999986 0.000000 0 
1129680.000000 1.013065 1129680.000000 1.013065 0.991220 0.000000 0 
1443120.000000 0.853214 1443120.000000 0.853214 0.991272 0.000000 0 
1493520.000000 0.838705 1493520.000000 0.838705 0.992816 0.000000 0 
1442880.000000 0.857203 1442880.000000 0.857203 0.986531 0.000000 0 
1078080.000000 1.079107 1078080.000000 1.079107 0.996401 0.000000 0 
1754160.000000 0.802533 1754160.000000 0.802533 0.995424 0.000000 0 
1210800.000000 0.949233 1210800.000000 0.949233 0.995256 0.000000 0 
1368720.000000 0.876536 1368720.000000 0.876536 0.999099 0.000000 0 
1321680.000000 0.896555 1321680.000000 0.896555 0.997558 0.000000 0 
1811520.000000 0.796880 1811520.000000 0.796880 0.995763 0.000000 0 
1080480.000000 1.077388 1080480.000000 1.077388 0.995319 0.000000 0 
1156080.000000 0.979387 1156080.000000 0.979387 0.996190 0.000000 0 
1358160.000000 0.882034 1358160.000000 0.882034 0.995536 0.000000 0 
1061280.000000 1.119714 1061280.000000 1.119714 0.998744 0.000000 0 
1073760.000000 1.090985 1073760.000000 1.090985 0.997215 0.000000 0 
1332960.000000 0.891762 1332960.000000 0.891762 0.997442 0.000000 0 
1114080.000000 1.021438 1114080.000000 1.021438 0.999590 0.000000 0 
1360080.000000 0.877453 1360080.000000 0.877453 0.999897 0.000000 0 
1463040.000000 0.848518 1463040.000000 0.848518 0.989422 0.000000 0 
1824000.000000 0.796283 1824000.000000 0.796283 0.994980 0.000000 0 
1114080.000000 1.021438 1114080.000000 1.021438 0.999590 0.000000 0 
1196640.000000 0.958161 1196640.000000 0.958161 0.995193 0.000000 0 
1384080.000000 0.866837 1384080.000000 0.866837 0.999067 0.000000 0 
1324320.000000 0.895431 1324320.000000 0.895431 0.996205 0.000000 0 
1064640.000000 1.112870 1064640.000000 1.112870 0.999188 0.000000 0 
1482240.000000 0.843120 1482240.000000 0.843120 0.990177 0.000000 0 
1658160.000000 0.812334 1658160.000000 0.812334 0.990988 0.000000 0 
1486800.000000 0.840353 1486800.000000 0.840353 0.992138 0.000000 0 
1475520.000000 0.844931 1475520.000000 0.844931 0.993754 0.000000 0 
1469760.000000 0.846864 1469760.000000 0.846864 0.992050 0.000000 0 
1627200.000000 0.815172 1627200.000000 0.815172 0.988404 0.000000 0 
1776960.000000 0.799305 1776960.000000 0.799305 0.999701 0.000000 0 
1194720.000000 0.959014 1194720.000000 0.959014 0.993608 0.000000 0 
1348560.000000 0.883312 1348560.000000 0.883312 0.999119 0.000000 0 
1211040.000000 0.944736 1211040.000000 0.944736 0.997309 0.000000 0 
#Generacion: 4500 
#Distancia: 292.274949 
1964880.000000 0.790871 1964880.000000 0.790871 0.995287 0.000000 0 
1045200.000000 1.212200 1045200.000000 1.212200 0.998515 0.000000 0 
1056240.000000 1.120094 1056240.000000 1.120094 0.999860 0.000000 0 
1054080.000000 1.195243 1054080.000000 1.195243 0.997416 0.000000 0 
1944240.000000 0.791106 1944240.000000 0.791106 0.995618 0.000000 0 
1902720.000000 0.791583 1902720.000000 0.791583 0.999287 0.000000 0 
1095840.000000 1.031829 1095840.000000 1.031829 0.994728 0.000000 0 
1065600.000000 1.111798 1065600.000000 1.111798 0.997497 0.000000 0 
1085520.000000 1.059248 1085520.000000 1.059248 0.993677 0.000000 0 
1068720.000000 1.094435 1068720.000000 1.094435 0.996987 0.000000 0 
1887360.000000 0.793622 1887360.000000 0.793622 0.997940 0.000000 0 
1368000.000000 0.875071 1368000.000000 0.875071 0.999734 0.000000 0 
1410240.000000 0.865754 1410240.000000 0.865754 0.998948 0.000000 0 
1604880.000000 0.818042 1604880.000000 0.818042 0.992298 0.000000 0 
1052880.000000 1.212109 1052880.000000 1.212109 0.998213 0.000000 0 
1825920.000000 0.794642 1825920.000000 0.794642 0.997579 0.000000 0 
1502160.000000 0.838577 1502160.000000 0.838577 0.995938 0.000000 0 
1750080.000000 0.800834 1750080.000000 0.800834 0.996003 0.000000 0 
1467840.000000 0.847638 1467840.000000 0.847638 0.985745 0.000000 0 
1561680.000000 0.825383 1561680.000000 0.825383 0.997536 0.000000 0 
1588560.000000 0.819867 1588560.000000 0.819867 0.986883 0.000000 0 
1073760.000000 1.090985 1073760.000000 1.090985 0.997215 0.000000 0 
1314480.000000 0.892645 1314480.000000 0.892645 0.999866 0.000000 0 
1436160.000000 0.861225 1436160.000000 0.861225 0.982708 0.000000 0 
1093680.000000 1.047831 1093680.000000 1.047831 0.999816 0.000000 0 
1187760.000000 0.954240 1187760.000000 0.954240 0.997831 0.000000 0 
1265760.000000 0.904457 1265760.000000 0.904457 0.997919 0.000000 0 
1574880.000000 0.823066 1574880.000000 0.823066 0.999667 0.000000 0 
1148400.000000 0.979781 1148400.000000 0.979781 0.996493 0.000000 0 
1053120.000000 1.195285 1053120.000000 1.195285 0.997410 0.000000 0 
1252560.000000 0.915555 1252560.000000 0.915555 0.997912 0.000000 0 
1215600.000000 0.927524 1215600.000000 0.927524 0.998515 0.000000 0 
1264080.000000 0.912072 1264080.000000 0.912072 0.998132 0.000000 0 
1095600.000000 1.045929 1095600.000000 1.045929 0.993010 0.000000 0 
1128240.000000 1.009698 1128240.000000 1.009698 0.995899 0.000000 0 
1857360.000000 0.793706 1857360.000000 0.793706 0.997221 0.000000 0 
1418880.000000 0.862114 1418880.000000 0.862114 0.998151 0.000000 0 
1652880.000000 0.809630 1652880.000000 0.809630 0.994427 0.000000 0 
1147200.000000 0.989193 1147200.000000 0.989193 0.996030 0.000000 0 
1638480.000000 0.813051 1638480.000000 0.813051 0.995116 0.000000 0 
1546800.000000 0.829004 1546800.000000 0.829004 0.996213 0.000000 0 
1199760.000000 0.944385 1199760.000000 0.944385 0.999210 0.000000 0 
1481040.000000 0.842745 1481040.000000 0.842745 0.986141 0.000000 0 
1162800.000000 0.978596 1162800.000000 0.978596 0.996439 0.000000 0 
1452480.000000 0.849195 1452480.000000 0.849195 0.991273 0.000000 0 
1384080.000000 0.866837 1384080.000000 0.866837 0.999067 0.000000 0 
1538640.000000 0.830845 1538640.000000 0.830845 0.990572 0.000000 0 
1280160.000000 0.901607 1280160.000000 0.901607 0.995385 0.000000 0 
1197600.000000 0.949355 1197600.000000 0.949355 0.998456 0.000000 0 
1851840.000000 0.793892 1851840.000000 0.793892 0.997608 0.000000 0 
1333200.000000 0.889102 1333200.000000 0.889102 0.997694 0.000000 0 
1730160.000000 0.801949 1730160.000000 0.801949 0.976153 0.000000 0 
1122720.000000 1.021197 1122720.000000 1.021197 0.999782 0.000000 0 
1132320.000000 1.003151 1132320.000000 1.003151 0.994218 0.000000 0 
1138080.000000 0.999276 1138080.000000 0.999276 0.998261 0.000000 0 
1517520.000000 0.834474 1517520.000000 0.834474 0.989076 0.000000 0 
1074000.000000 1.078101 1074000.000000 1.078101 0.996415 0.000000 0 
1663440.000000 0.808211 1663440.000000 0.808211 0.997695 0.000000 0 
1186080.000000 0.961947 1186080.000000 0.961947 0.999978 0.000000 0 
1629120.000000 0.817787 1629120.000000 0.817787 0.988933 0.000000 0 
1145520.000000 0.994596 1145520.000000 0.994596 0.993628 0.000000 0 
1787280.000000 0.798043 1787280.000000 0.798043 0.978047 0.000000 0 
1206240.000000 0.937312 1206240.000000 0.937312 0.999981 0.000000 0 
1123680.000000 1.015797 1123680.000000 1.015797 0.999896 0.000000 0 
1811520.000000 0.795880 1811520.000000 0.795880 0.994757 0.000000 0 
1486800.000000 0.840353 1486800.000000 0.840353 0.992138 0.000000 0 
1360080.000000 0.877453 1360080.000000 0.877453 0.999897 0.000000 0 
1291680.000000 0.900807 1291680.000000 0.900807 0.992896 0.000000 0 
1182720.000000 0.966268 1182720.000000 0.966268 0.997181 0.000000 0 
1106400.000000 1.022906 1106400.000000 1.022906 0.998620 0.000000 0 
1164960.000000 0.971467 1164960.000000 0.971467 0.995489 0.000000 0 
1172400.000000 0.969460 1172400.000000 0.969460 0.999497 0.000000 0 
1523280.000000 0.833796 1523280.000000 0.833796 0.993276 0.000000 0 
1802640.000000 0.797936 1802640.000000 0.797936 0.985128 0.000000 0 
1384080.000000 0.866837 1384080.000000 0.866837 0.999067 0.000000 0 
1352400.000000 0.885135 1352400.000000 0.885135 0.997152 0.000000 0 
1234800.000000 0.925617 1234800.000000 0.925617 0.998860 0.000000 0 
1700160.000000 0.805265 1700160.000000 0.805265 0.990178 0.000000 0 
1769520.000000 0.800327 1769520.000000 0.800327 0.991772 0.000000 0 
1334880.000000 0.886784 1334880.000000 0.886784 0.999156 0.000000 0 
1247280.000000 0.921752 1247280.000000 0.921752 0.999448 0.000000 0 
1062960.000000 1.119492 1062960.000000 1.119492 0.999035 0.000000 0 
1439040.000000 0.853252 1439040.000000 0.853252 0.992955 0.000000 0 
1082880.000000 1.069833 1082880.000000 1.069833 0.998444 0.000000 0 
1677120.000000 0.806383 1677120.000000 0.806383 0.995826 0.000000 0 
1711680.000000 0.805260 1711680.000000 0.805260 0.989960 0.000000 0 
1298400.000000 0.896134 1298400.000000 0.896134 0.997542 0.000000 0 
1074960.000000 1.077178 1074960.000000 1.077178 0.996482 0.000000 0 
1722240.000000 0.803277 1722240.000000 0.803277 0.990921 0.000000 0 
1685040.000000 0.805830 1685040.000000 0.805830 0.993588 0.000000 0 
1354320.000000 0.882639 1354320.000000 0.882639 0.993288 0.000000 0 
1081920.000000 1.069941 1081920.000000 1.069941 0.998322 0.000000 0 
1303200.000000 0.894110 1303200.000000 0.894110 0.998523 0.000000 0 
1222320.000000 0.927469 1222320.000000 0.927469 0.998346 0.000000 0 
1774800.000000 0.799394 1774800.000000 0.799394 0.977916 0.000000 0 
1445760.000000 0.853185 1445760.000000 0.853185 0.993552 0.000000 0 
1206240.000000 0.937312 1206240.000000 0.937312 0.999981 0.000000 0 
1964880.000000 0.790871 1964880.000000 0.790871 0.995287 0.000000 0 
1238640.000000 0.921903 1238640.000000 0.921903 0.997129 0.000000 0 
1106400.000000 1.022906 1106400.000000 1.022906 0.998620 0.000000 0 
#Generacion: 5000 
#Distancia: 306.760707 
