44276717.903736 42493279.485296 1783440.000000 1.581560 5.249328 42493277.903736 16 
49071250.365460 47007491.651656 2063760.000000 1.286196 5.700749 47007490.365460 26 
52730957.227423 50796318.599114 1934640.000000 1.371692 6.079632 50796317.227423 37 
56912924.794305 54949246.973982 1963680.000000 2.179677 6.494924 54949244.794305 45 
45390904.995018 43374906.742543 2016000.000000 1.747525 5.337490 43374904.995018 19 
59683441.386406 57878403.383485 1805040.000000 1.997079 6.787840 57878401.386406 47 
10470308959757.294922 10470306984558.892578 1975200.000000 1.597501 1047031.698456 10470306984557.294922 64 
42615753.679300 40807595.204746 1808160.000000 1.525445 5.080759 40807593.679300 14 
53893720.483273 51853961.995682 2039760.000000 1.512409 6.185396 51853960.483273 40 
58134205204067.960938 58134203332069.796875 1872000.000000 1.835439 5813421.333207 58134203332067.960938 78 
48642934.659618 46598376.333321 2044560.000000 1.673703 5.659837 46598374.659618 23 
39325009.104040 37321730.639204 2003280.000000 1.535165 4.732173 37321729.104040 6 
51161669.919994 48997832.388048 2163840.000000 2.468055 5.899783 48997829.919994 31 
71835432.386172 69729193.895470 2106240.000000 1.509298 7.972919 69729192.386172 54 
64512038.980151 62302120.775419 2209920.000000 1.795268 7.230212 62302118.980151 49 
8467054573653.797852 8467052669735.817383 1903920.000000 2.019289 846706.266973 8467052669733.797852 63 
48548163.582956 46753205.949501 1794960.000000 2.366545 5.675320 46753203.582956 23 
38274219.530952 36221981.011004 2052240.000000 1.480052 4.622198 36221979.530952 5 
40731056.963624 38685538.571310 2045520.000000 1.607687 4.868554 38685536.963624 8 
226199163383081.343750 226199161319082.843750 2064000.000000 1.487199 22619917.131908 226199161319081.343750 92 
146569208266086.406250 146569206454568.781250 1811520.000000 2.375828 14656921.645457 146569206454566.406250 89 
120254372586636.140625 120254370420397.625000 2166240.000000 1.484497 12025438.042040 120254370420396.140625 82 
47303959520398.382812 47303957471999.781250 2048400.000000 1.395499 4730396.747200 47303957471998.382812 74 
51321595.750391 49240557.443643 2081040.000000 1.693252 5.924056 49240555.750391 32 
54648841071348.859375 54648839050551.359375 2020800.000000 2.496657 5464884.905055 54648839050548.859375 77 
50314089.403012 48336010.842990 1978080.000000 1.439978 5.833601 48336009.403012 29 
49222528054001.812500 49222526095123.398438 1958880.000000 1.587406 4922253.609512 49222526095121.812500 76 
24814597.224774 22781318.310332 2033280.000000 1.085558 3.278132 22781317.224774 2 
30521549648465.617188 30521547753187.644531 1895280.000000 2.027005 3052155.775319 30521547753185.617188 70 
48720947.885992 46783429.314371 1937520.000000 1.428379 5.678343 46783427.885992 24 
55676395.513350 53739357.719513 1937040.000000 2.206164 6.373936 53739355.513350 44 
51916526.720868 49730608.459422 2185920.000000 1.738554 5.973061 49730606.720868 34 
52534838.857527 50610040.507417 1924800.000000 1.649891 6.061004 50610038.857527 36 
48618147.321027 46604549.488882 2013600.000000 2.167855 5.660455 46604547.321027 23 
52003999.866437 50060241.985102 1943760.000000 2.118666 6.006024 50060239.866437 35 
47261761.916505 45272883.228878 1988880.000000 1.312373 5.527288 45272881.916505 20 
78344536.309361 76321098.189984 2023440.000000 1.880623 8.632110 76321096.309361 58 
50851921.715159 48943443.698142 1908480.000000 1.982983 5.894344 48943441.715159 30 
47309382.168158 45158983.631937 2150400.000000 1.463779 5.515898 45158982.168158 20 
41293387.757125 39258669.286096 2034720.000000 1.528971 4.925867 39258667.757125 9 
51044501.470479 49076743.292775 1967760.000000 1.822296 5.907674 49076741.470479 31 
47614911.075203 45647392.733403 1967520.000000 1.658201 5.564739 45647391.075203 22 
65557370.304164 63462171.974395 2095200.000000 1.670231 7.346217 63462170.304164 50 
107443073.303858 105341635.294815 2101440.000000 1.990957 11.534163 105341633.303858 62 
59160284688402.382812 59160282851924.046875 1836480.000000 1.660925 5916029.285192 59160282851922.382812 79 
53567668.498150 51490709.735080 2076960.000000 1.236930 6.149071 51490708.498150 39 
78103410.115569 76317812.385231 1785600.000000 2.269662 8.631781 76317810.115569 57 
63170982532325.500000 63170980668727.492188 1863600.000000 1.995420 6317099.066873 63170980668725.500000 80 
83352038.443057 81295241.119796 2056800.000000 2.676739 9.129524 81295238.443057 59 
143303557125335.687500 143303554964377.500000 2160960.000000 1.811597 14330356.496438 143303554964375.687500 88 
138843496258325.734375 138843494315047.484375 1943280.000000 1.750165 13884350.431505 138843494315045.734375 86 
64017995.593200 61966236.973061 2051760.000000 1.379862 7.196624 61966235.593200 48 
54486904.803318 52655226.395984 1831680.000000 1.592666 6.265522 52655224.803318 42 
68949096884089.875000 68949094847931.703125 2036160.000000 1.831594 6894910.484793 68949094847929.875000 81 
179222164200936.031250 179222161996057.343750 2204880.000000 1.306783 17922217.199606 179222161996056.031250 91 
54350521.603690 52389003.093993 1961520.000000 1.490303 6.238900 52389001.603690 41 
92709316.804174 90668359.894922 2040960.000000 3.090748 10.066836 90668356.804174 61 
24427718.550623 22520920.025824 1906800.000000 1.475201 3.252092 22520918.550623 1 
49579275.695179 47678236.939723 1901040.000000 1.244543 5.767824 47678235.695179 27 
40489988.551635 38461509.856238 2028480.000000 1.304603 4.846151 38461508.551635 7 
36527408.297183 34537330.740437 1990080.000000 2.443254 4.453733 34537328.297183 4 
41416991.165131 39436032.582100 1980960.000000 1.416969 4.943603 39436031.165131 10 
32642533409110.812500 32642531344632.625000 2064480.000000 1.810786 3264254.134463 32642531344630.812500 71 
45012999.288800 43093721.291211 1919280.000000 2.002411 5.309372 43093719.288800 18 
135637611460307.500000 135637609472150.484375 1988160.000000 2.982813 13563761.947215 135637609472147.500000 85 
58237378.585544 56270580.256184 1966800.000000 1.670640 6.627058 56270578.585544 46 
154378026053271.406250 154378024025992.718750 2027280.000000 1.315600 15437803.402599 154378024025991.406250 90 
128159922576576.984375 128159920686338.765625 1890240.000000 1.784788 12815993.068634 128159920686336.984375 83 
89139906.789898 87243909.954084 1896000.000000 3.164186 9.724391 87243906.789898 60 
44042311.983119 42112473.598767 1929840.000000 1.615648 5.211247 42112471.983119 15 
69491730.271449 67551572.114024 1940160.000000 1.842575 7.755157 67551570.271449 53 
74219571.559458 72343013.544790 1876560.000000 1.985332 8.234301 72343011.559458 55 
45352579580020.789062 45352577486502.312500 2093520.000000 1.524467 4535258.748650 45352577486500.789062 73 
38008776052733.718750 38008774028335.203125 2024400.000000 1.481037 3800878.402833 38008774028333.718750 72 
20287693623816.832031 20287691621258.515625 2002560.000000 1.681976 2028770.162126 20287691621256.832031 67 
49161533678622.960938 49161531732705.976562 1945920.000000 3.015058 4916154.173270 49161531732702.960938 75 
44491941.554724 42617062.974720 1874880.000000 1.419995 5.261706 42617061.554724 17 
47373586.561410 45414468.417236 1959120.000000 1.855826 5.541447 45414466.561410 21 
47333036.283341 45136557.347356 2196480.000000 1.064014 5.513656 45136556.283341 20 
74886457.553139 72991419.232988 1895040.000000 1.679850 8.299142 72991417.553139 56 
42153262.759209 40185504.831648 1967760.000000 2.072439 5.018550 40185502.759209 12 
16609102.761138 14568384.154255 2040720.000000 1.393117 2.456838 14568382.761138 0 
48943097.267966 46839258.519901 2103840.000000 1.251935 5.683926 46839257.267966 25 
42340236.850069 40253438.396029 2086800.000000 1.545961 5.025344 40253436.850069 13 
65779726.159928 63949729.344573 1830000.000000 3.184645 7.394973 63949726.159928 51 
51334914.609066 49359716.826401 1975200.000000 2.217335 5.935971 49359714.609066 33 
29282617.542757 27301179.015309 1981440.000000 1.472552 3.730118 27301177.542757 3 
16805428237555.375000 16805426032436.947266 2205120.000000 1.572531 1680543.603244 16805426032435.375000 66 
51816099.658250 49958741.738161 1857360.000000 2.079912 5.995874 49958739.658250 34 
49776759.604260 47981081.458133 1795680.000000 1.853873 5.798108 47981079.604260 28 
41901539.244780 40018260.908733 1883280.000000 1.663952 5.001826 40018259.244780 11 
139280544381418.843750 139280542309020.718750 2072400.000000 1.869261 13928055.230902 139280542309018.843750 87 
53401142.781422 51225544.197072 2175600.000000 1.415649 6.122554 51225542.781422 38 
54990457.893955 52853979.828146 2136480.000000 1.934191 6.285398 52853977.893955 43 
131109262003895.734375 131109259971337.375000 2032560.000000 1.632934 13110926.997134 131109259971335.734375 84 
23493946955453.558594 23493945095935.171875 1859520.000000 1.611519 2349395.509593 23493945095933.558594 68 
68216436.086117 66172118.139203 2044320.000000 2.053086 7.617212 66172116.086117 52 
11435475812043.324219 11435473713486.480469 2098560.000000 3.156301 1143548.371348 11435473713483.324219 65 
53391676.890904 51534798.272904 1856880.000000 1.382000 6.153480 51534796.890904 38 
28782910229755.062500 28782908175117.363281 2054640.000000 2.298954 2878291.817512 28782908175115.062500 69 
#Generacion: 1 
#Distancia: 783.006061 
1493520.000000 0.871752 1493520.000000 0.871752 0.993919 0.000000 0 
1375200.000000 0.916427 1375200.000000 0.916427 0.976195 0.000000 0 
1591680.000000 0.855668 1591680.000000 0.855668 0.990231 0.000000 0 
1493520.000000 0.871752 1493520.000000 0.871752 0.993919 0.000000 0 
1375200.000000 0.916427 1375200.000000 0.916427 0.976195 0.000000 0 
1638720.000000 0.850009 1638720.000000 0.850009 0.982291 0.000000 0 
1359600.000000 0.918183 1359600.000000 0.918183 0.964866 0.000000 0 
1330320.000000 0.957703 1330320.000000 0.957703 0.989720 0.000000 0 
1359600.000000 0.918183 1359600.000000 0.918183 0.964866 0.000000 0 
1445760.000000 0.881476 1445760.000000 0.881476 0.961252 0.000000 0 
1375200.000000 0.916427 1375200.000000 0.916427 0.976195 0.000000 0 
1578480.000000 0.858726 1578480.000000 0.858726 0.995568 0.000000 0 
1348800.000000 0.924350 1348800.000000 0.924350 0.972407 0.000000 0 
1505040.000000 0.870825 1505040.000000 0.870825 0.994475 0.000000 0 
1585680.000000 0.858666 1585680.000000 0.858666 0.992564 0.000000 0 
1283760.000000 1.038563 1283760.000000 1.038563 0.973941 0.000000 0 
1355520.000000 0.920015 1355520.000000 0.920015 0.960260 0.000000 0 
1636800.000000 0.850512 1636800.000000 0.850512 0.990230 0.000000 0 
1485840.000000 0.872203 1485840.000000 0.872203 0.989386 0.000000 0 
1418400.000000 0.897981 1418400.000000 0.897981 0.972390 0.000000 0 
1646400.000000 0.848733 1646400.000000 0.848733 0.986746 0.000000 0 
1378800.000000 0.915059 1378800.000000 0.915059 0.965651 0.000000 0 
1350720.000000 0.922728 1350720.000000 0.922728 0.982047 0.000000 0 
1481040.000000 0.877162 1481040.000000 0.877162 0.999729 0.000000 0 
1320720.000000 0.999264 1320720.000000 0.999264 0.971447 0.000000 0 
1464000.000000 0.877497 1464000.000000 0.877497 0.975128 0.000000 0 
1505040.000000 0.870825 1505040.000000 0.870825 0.994475 0.000000 0 
1386720.000000 0.913218 1386720.000000 0.913218 0.969101 0.000000 0 
1493520.000000 0.871752 1493520.000000 0.871752 0.993919 0.000000 0 
1444320.000000 0.889288 1444320.000000 0.889288 0.967678 0.000000 0 
1589520.000000 0.857587 1589520.000000 0.857587 0.991646 0.000000 0 
1493520.000000 0.871752 1493520.000000 0.871752 0.993919 0.000000 0 
1437600.000000 0.894005 1437600.000000 0.894005 0.969904 0.000000 0 
1314720.000000 0.999524 1314720.000000 0.999524 0.977945 0.000000 0 
1241520.000000 1.121655 1241520.000000 1.121655 0.974816 0.000000 0 
1386720.000000 0.913218 1386720.000000 0.913218 0.969101 0.000000 0 
1481040.000000 0.877162 1481040.000000 0.877162 0.999729 0.000000 0 
1409760.000000 0.898103 1409760.000000 0.898103 0.972244 0.000000 0 
1594560.000000 0.852843 1594560.000000 0.852843 0.977103 0.000000 0 
1375200.000000 0.916427 1375200.000000 0.916427 0.976195 0.000000 0 
1494480.000000 0.870903 1494480.000000 0.870903 0.990812 0.000000 0 
1525440.000000 0.861893 1525440.000000 0.861893 0.987717 0.000000 0 
1509360.000000 0.863930 1509360.000000 0.863930 0.996391 0.000000 0 
1391520.000000 0.912075 1391520.000000 0.912075 0.970659 0.000000 0 
1401840.000000 0.906772 1401840.000000 0.906772 0.966359 0.000000 0 
1509360.000000 0.863930 1509360.000000 0.863930 0.996391 0.000000 0 
1484400.000000 0.875293 1484400.000000 0.875293 0.990914 0.000000 0 
1639680.000000 0.848855 1639680.000000 0.848855 0.984801 0.000000 0 
1585920.000000 0.857846 1585920.000000 0.857846 0.992516 0.000000 0 
1290000.000000 1.000089 1290000.000000 1.000089 0.981838 0.000000 0 
1298640.000000 1.000060 1298640.000000 1.000060 0.980570 0.000000 0 
1647600.000000 0.844617 1647600.000000 0.844617 0.998315 0.000000 0 
1256880.000000 1.121285 1256880.000000 1.121285 0.975414 0.000000 0 
1323600.000000 0.980107 1323600.000000 0.980107 0.974805 0.000000 0 
1378800.000000 0.915059 1378800.000000 0.915059 0.965651 0.000000 0 
1372080.000000 0.917715 1372080.000000 0.917715 0.969187 0.000000 0 
1375200.000000 0.916427 1375200.000000 0.916427 0.976195 0.000000 0 
1568160.000000 0.860357 1568160.000000 0.860357 0.994968 0.000000 0 
1429920.000000 0.895616 1429920.000000 0.895616 0.971834 0.000000 0 
1736400.000000 0.842765 1736400.000000 0.842765 0.973431 0.000000 0 
1340640.000000 0.948351 1340640.000000 0.948351 0.998084 0.000000 0 
1338960.000000 0.974517 1338960.000000 0.974517 0.990346 0.000000 1 
1362000.000000 0.919821 1362000.000000 0.919821 0.957616 0.000000 1 
1451040.000000 0.888686 1451040.000000 0.888686 0.979173 0.000000 1 
1452240.000000 0.883554 1452240.000000 0.883554 0.993971 0.000000 1 
1285200.000000 1.082617 1285200.000000 1.082617 0.977689 0.000000 1 
1288320.000000 1.055815 1288320.000000 1.055815 0.962845 0.000000 1 
1357680.000000 0.925017 1357680.000000 0.925017 0.991226 0.000000 1 
1476240.000000 0.878554 1476240.000000 0.878554 0.978335 0.000000 1 
1248000.000000 1.122662 1248000.000000 1.122662 0.989990 0.000000 1 
1425120.000000 0.898769 1425120.000000 0.898769 0.968236 0.000000 1 
1410720.000000 0.898966 1410720.000000 0.898966 0.975024 0.000000 1 
1409760.000000 0.906191 1409760.000000 0.906191 0.975361 0.000000 1 
1604880.000000 0.852956 1604880.000000 0.852956 0.957677 0.000000 1 
1596240.000000 0.853954 1596240.000000 0.853954 0.956271 0.000000 1 
1501440.000000 0.871088 1501440.000000 0.871088 0.989433 0.000000 1 
1497840.000000 0.871765 1497840.000000 0.871765 0.995090 0.000000 1 
1553280.000000 0.862565 1553280.000000 0.862565 0.988363 0.000000 1 
1564080.000000 0.862215 1564080.000000 0.862215 0.977650 0.000000 1 
1526640.000000 0.863072 1526640.000000 0.863072 0.987663 0.000000 1 
1526640.000000 0.863072 1526640.000000 0.863072 0.987663 0.000000 1 
1398240.000000 0.913199 1398240.000000 0.913199 0.970120 0.000000 1 
1407600.000000 0.910267 1407600.000000 0.910267 0.983339 0.000000 1 
1513200.000000 0.866138 1513200.000000 0.866138 0.983221 0.000000 1 
1488240.000000 0.876932 1488240.000000 0.876932 0.991430 0.000000 1 
1587120.000000 0.858598 1587120.000000 0.858598 0.994511 0.000000 1 
1298880.000000 1.033103 1298880.000000 1.033103 0.978248 0.000000 1 
1307760.000000 1.001806 1307760.000000 1.001806 0.977159 0.000000 1 
1678320.000000 0.845003 1678320.000000 0.845003 0.996574 0.000000 1 
1653120.000000 0.852249 1653120.000000 0.852249 0.991270 0.000000 1 
1666560.000000 0.845294 1666560.000000 0.845294 0.981711 0.000000 1 
1657200.000000 0.851889 1657200.000000 0.851889 0.996986 0.000000 1 
1384800.000000 0.915492 1384800.000000 0.915492 0.974101 0.000000 1 
1377840.000000 0.918708 1377840.000000 0.918708 0.958285 0.000000 1 
1584720.000000 0.862058 1584720.000000 0.862058 0.947784 0.000000 1 
1450800.000000 0.896247 1450800.000000 0.896247 0.980390 0.000000 1 
1763280.000000 0.843609 1763280.000000 0.843609 0.975442 0.000000 1 
1743120.000000 0.844093 1743120.000000 0.844093 0.965200 0.000000 1 
1347120.000000 0.954702 1347120.000000 0.954702 0.996720 0.000000 1 
1346640.000000 0.967824 1346640.000000 0.967824 0.963105 0.000000 1 
#Generacion: 500 
#Distancia: 190.290505 
1764000.000000 0.823091 1764000.000000 0.823091 0.999987 0.000000 0 
1176240.000000 1.325624 1176240.000000 1.325624 0.984548 0.000000 0 
1178400.000000 1.080059 1178400.000000 1.080059 0.994177 0.000000 0 
1194960.000000 1.078283 1194960.000000 1.078283 0.993619 0.000000 0 
1200480.000000 1.049497 1200480.000000 1.049497 0.993769 0.000000 0 
1326720.000000 0.908551 1326720.000000 0.908551 0.997847 0.000000 0 
1305840.000000 0.915557 1305840.000000 0.915557 0.994251 0.000000 0 
1738080.000000 0.823375 1738080.000000 0.823375 0.996033 0.000000 0 
1263600.000000 0.965843 1263600.000000 0.965843 0.987657 0.000000 0 
1235280.000000 1.007298 1235280.000000 1.007298 0.968554 0.000000 0 
1253280.000000 0.987787 1253280.000000 0.987787 0.975210 0.000000 0 
1454880.000000 0.857892 1454880.000000 0.857892 0.980994 0.000000 0 
1287120.000000 0.937900 1287120.000000 0.937900 0.995100 0.000000 0 
1262880.000000 0.984458 1262880.000000 0.984458 0.966360 0.000000 0 
1480080.000000 0.856468 1480080.000000 0.856468 0.958399 0.000000 0 
1303680.000000 0.928131 1303680.000000 0.928131 0.981852 0.000000 0 
1219920.000000 1.038492 1219920.000000 1.038492 0.987786 0.000000 0 
1235040.000000 1.034063 1235040.000000 1.034063 0.998455 0.000000 0 
1235280.000000 1.007298 1235280.000000 1.007298 0.968554 0.000000 0 
1660560.000000 0.826605 1660560.000000 0.826605 0.984468 0.000000 0 
1598160.000000 0.834037 1598160.000000 0.834037 0.988797 0.000000 0 
1387680.000000 0.882360 1387680.000000 0.882360 0.980388 0.000000 0 
1566000.000000 0.839181 1566000.000000 0.839181 0.975207 0.000000 0 
1344480.000000 0.908339 1344480.000000 0.908339 0.977507 0.000000 0 
1284240.000000 0.956963 1284240.000000 0.956963 0.972717 0.000000 0 
1633920.000000 0.829190 1633920.000000 0.829190 0.999440 0.000000 0 
1409520.000000 0.875931 1409520.000000 0.875931 0.979186 0.000000 0 
1427760.000000 0.870874 1427760.000000 0.870874 0.980471 0.000000 0 
1738080.000000 0.823375 1738080.000000 0.823375 0.996033 0.000000 0 
1760160.000000 0.823240 1760160.000000 0.823240 0.995922 0.000000 0 
1404240.000000 0.879664 1404240.000000 0.879664 0.991311 0.000000 0 
1434480.000000 0.870613 1434480.000000 0.870613 0.980327 0.000000 0 
1518720.000000 0.849075 1518720.000000 0.849075 0.980213 0.000000 0 
1579680.000000 0.837994 1579680.000000 0.837994 0.963704 0.000000 0 
1218960.000000 1.047580 1218960.000000 1.047580 0.992540 0.000000 0 
1500480.000000 0.850064 1500480.000000 0.850064 0.990406 0.000000 0 
1235040.000000 1.034063 1235040.000000 1.034063 0.998455 0.000000 0 
1281600.000000 0.964358 1281600.000000 0.964358 0.980878 0.000000 0 
1646400.000000 0.826733 1646400.000000 0.826733 0.998696 0.000000 0 
1619520.000000 0.831071 1619520.000000 0.831071 0.998845 0.000000 0 
1183440.000000 1.079423 1183440.000000 1.079423 0.994728 0.000000 0 
1581840.000000 0.834801 1581840.000000 0.834801 0.967033 0.000000 0 
1295760.000000 0.935989 1295760.000000 0.935989 0.990415 0.000000 0 
1362000.000000 0.896730 1362000.000000 0.896730 0.979355 0.000000 0 
1553520.000000 0.839234 1553520.000000 0.839234 0.973533 0.000000 0 
1529760.000000 0.845084 1529760.000000 0.845084 0.956974 0.000000 0 
1542240.000000 0.842977 1542240.000000 0.842977 0.974570 0.000000 0 
1441200.000000 0.863463 1441200.000000 0.863463 0.996248 0.000000 0 
1350720.000000 0.904700 1350720.000000 0.904700 0.971172 0.000000 0 
1660560.000000 0.826605 1660560.000000 0.826605 0.984468 0.000000 0 
1354080.000000 0.897764 1354080.000000 0.897764 0.999485 0.000000 0 
1368480.000000 0.890773 1368480.000000 0.890773 0.998797 0.000000 0 
1253280.000000 0.987787 1253280.000000 0.987787 0.975210 0.000000 0 
1523040.000000 0.846479 1523040.000000 0.846479 0.981205 0.000000 0 
1550880.000000 0.842581 1550880.000000 0.842581 0.974865 0.000000 0 
1383120.000000 0.885988 1383120.000000 0.885988 0.995284 0.000000 0 
1210560.000000 1.048033 1210560.000000 1.048033 0.990644 0.000000 0 
1609440.000000 0.833899 1609440.000000 0.833899 0.956165 0.000000 0 
1284240.000000 0.956963 1284240.000000 0.956963 0.972717 0.000000 0 
1281600.000000 0.964358 1281600.000000 0.964358 0.980878 0.000000 0 
1295760.000000 0.935989 1295760.000000 0.935989 0.990415 0.000000 0 
1488720.000000 0.856148 1488720.000000 0.856148 0.962038 0.000000 0 
1615200.000000 0.832383 1615200.000000 0.832383 0.958637 0.000000 0 
1348800.000000 0.905487 1348800.000000 0.905487 0.990487 0.000000 0 
1441200.000000 0.863463 1441200.000000 0.863463 0.996248 0.000000 0 
1447680.000000 0.860377 1447680.000000 0.860377 0.979460 0.000000 0 
1447680.000000 0.860377 1447680.000000 0.860377 0.979460 0.000000 0 
1641360.000000 0.829086 1641360.000000 0.829086 0.985564 0.000000 0 
1405440.000000 0.878634 1405440.000000 0.878634 0.984552 0.000000 0 
1377120.000000 0.890182 1377120.000000 0.890182 0.999400 0.000000 0 
1367760.000000 0.893842 1367760.000000 0.893842 0.991412 0.000000 0 
1355280.000000 0.896811 1355280.000000 0.896811 0.979092 0.000000 0 
1542240.000000 0.842977 1542240.000000 0.842977 0.974570 0.000000 0 
1207920.000000 1.048148 1207920.000000 1.048148 0.993371 0.000000 0 
1529760.000000 0.845084 1529760.000000 0.845084 0.956974 0.000000 0 
1641600.000000 0.827238 1641600.000000 0.827238 0.981971 0.000000 0 
1609440.000000 0.833899 1609440.000000 0.833899 0.956165 0.000000 0 
1520160.000000 0.848397 1520160.000000 0.848397 0.972595 0.000000 0 
1499520.000000 0.850186 1499520.000000 0.850186 0.989713 0.000000 0 
1409520.000000 0.875931 1409520.000000 0.875931 0.979186 0.000000 0 
1427760.000000 0.870874 1427760.000000 0.870874 0.980471 0.000000 0 
1380000.000000 0.888578 1380000.000000 0.888578 0.997430 0.000000 0 
1552320.000000 0.840475 1552320.000000 0.840475 0.989468 0.000000 0 
1497120.000000 0.853419 1497120.000000 0.853419 0.989033 0.000000 0 
1380720.000000 0.887516 1380720.000000 0.887516 0.990950 0.000000 0 
1494720.000000 0.854431 1494720.000000 0.854431 0.971144 0.000000 0 
1581840.000000 0.834801 1581840.000000 0.834801 0.967033 0.000000 0 
1616880.000000 0.831193 1616880.000000 0.831193 0.981498 0.000000 0 
1489440.000000 0.855233 1489440.000000 0.855233 0.983972 0.000000 0 
1377120.000000 0.890182 1377120.000000 0.890182 0.999400 0.000000 0 
1367760.000000 0.893842 1367760.000000 0.893842 0.991412 0.000000 0 
1760160.000000 0.823240 1760160.000000 0.823240 0.995922 0.000000 0 
1764000.000000 0.823091 1764000.000000 0.823091 0.999987 0.000000 0 
1492560.000000 0.854626 1492560.000000 0.854626 0.989990 0.000000 0 
1497120.000000 0.853419 1497120.000000 0.853419 0.989033 0.000000 0 
1207920.000000 1.048148 1207920.000000 1.048148 0.993371 0.000000 0 
1492560.000000 0.854626 1492560.000000 0.854626 0.989990 0.000000 0 
1497120.000000 0.853419 1497120.000000 0.853419 0.989033 0.000000 0 
1681920.000000 0.825973 1681920.000000 0.825973 0.985872 0.000000 0 
1698960.000000 0.826158 1698960.000000 0.826158 0.952111 0.000000 1 
#Generacion: 1000 
#Distancia: 221.352727 
1116240.000000 1.397349 1116240.000000 1.397349 0.994885 0.000000 0 
1785600.000000 0.809336 1785600.000000 0.809336 0.996566 0.000000 0 
1122960.000000 1.189034 1122960.000000 1.189034 0.997951 0.000000 0 
1215120.000000 1.005897 1215120.000000 1.005897 0.984701 0.000000 0 
1141920.000000 1.143471 1141920.000000 1.143471 0.992738 0.000000 0 
1224480.000000 0.967595 1224480.000000 0.967595 0.986428 0.000000 0 
1149840.000000 1.113875 1149840.000000 1.113875 0.996667 0.000000 0 
1691040.000000 0.815647 1691040.000000 0.815647 0.964742 0.000000 0 
1251120.000000 0.944820 1251120.000000 0.944820 0.994614 0.000000 0 
1759680.000000 0.810704 1759680.000000 0.810704 0.990785 0.000000 0 
1131360.000000 1.163733 1131360.000000 1.163733 0.996734 0.000000 0 
1722240.000000 0.815047 1722240.000000 0.815047 0.964119 0.000000 0 
1579440.000000 0.831872 1579440.000000 0.831872 0.993040 0.000000 0 
1196400.000000 1.036378 1196400.000000 1.036378 0.991518 0.000000 0 
1628640.000000 0.822849 1628640.000000 0.822849 0.972219 0.000000 0 
1150800.000000 1.107602 1150800.000000 1.107602 0.999794 0.000000 0 
1152480.000000 1.086272 1152480.000000 1.086272 0.999251 0.000000 0 
1136160.000000 1.154148 1136160.000000 1.154148 0.993974 0.000000 0 
1196880.000000 1.007495 1196880.000000 1.007495 0.985452 0.000000 0 
1550640.000000 0.832469 1550640.000000 0.832469 0.981978 0.000000 0 
1230240.000000 0.967359 1230240.000000 0.967359 0.988475 0.000000 0 
1161120.000000 1.073223 1161120.000000 1.073223 0.999416 0.000000 0 
1422240.000000 0.865092 1422240.000000 0.865092 0.979154 0.000000 0 
1532160.000000 0.836256 1532160.000000 0.836256 0.979357 0.000000 0 
1278240.000000 0.922559 1278240.000000 0.922559 0.980886 0.000000 0 
1270080.000000 0.936748 1270080.000000 0.936748 0.990430 0.000000 0 
1391280.000000 0.875547 1391280.000000 0.875547 0.993634 0.000000 0 
1410480.000000 0.872089 1410480.000000 0.872089 0.988712 0.000000 0 
1171680.000000 1.060091 1171680.000000 1.060091 0.979479 0.000000 0 
1374960.000000 0.886455 1374960.000000 0.886455 0.978127 0.000000 0 
1165680.000000 1.060826 1165680.000000 1.060826 0.999129 0.000000 0 
1726320.000000 0.813263 1726320.000000 0.813263 0.977757 0.000000 0 
1270080.000000 0.936748 1270080.000000 0.936748 0.990430 0.000000 0 
1645920.000000 0.822054 1645920.000000 0.822054 0.966392 0.000000 0 
1175520.000000 1.046133 1175520.000000 1.046133 0.996151 0.000000 0 
1747200.000000 0.811267 1747200.000000 0.811267 0.990698 0.000000 0 
1403760.000000 0.872354 1403760.000000 0.872354 0.992614 0.000000 0 
1363200.000000 0.888322 1363200.000000 0.888322 0.997597 0.000000 0 
1598880.000000 0.825799 1598880.000000 0.825799 0.973385 0.000000 0 
1244640.000000 0.952883 1244640.000000 0.952883 0.986847 0.000000 0 
1300080.000000 0.917118 1300080.000000 0.917118 0.986637 0.000000 0 
1196880.000000 1.007495 1196880.000000 1.007495 0.985452 0.000000 0 
1329120.000000 0.898807 1329120.000000 0.898807 0.998468 0.000000 0 
1440720.000000 0.860710 1440720.000000 0.860710 0.981227 0.000000 0 
1550640.000000 0.832469 1550640.000000 0.832469 0.981978 0.000000 0 
1344480.000000 0.898750 1344480.000000 0.898750 0.997279 0.000000 0 
1445280.000000 0.859177 1445280.000000 0.859177 0.979540 0.000000 0 
1657920.000000 0.819563 1657920.000000 0.819563 0.993632 0.000000 0 
1322880.000000 0.910612 1322880.000000 0.910612 0.993660 0.000000 0 
1358880.000000 0.891218 1358880.000000 0.891218 0.998297 0.000000 0 
1382640.000000 0.882468 1382640.000000 0.882468 0.979742 0.000000 0 
1614000.000000 0.825167 1614000.000000 0.825167 0.966039 0.000000 0 
1243680.000000 0.956132 1243680.000000 0.956132 0.991551 0.000000 0 
1505760.000000 0.846262 1505760.000000 0.846262 0.992508 0.000000 0 
1387680.000000 0.882360 1387680.000000 0.882360 0.980388 0.000000 0 
1185120.000000 1.043786 1185120.000000 1.043786 0.994979 0.000000 0 
1668960.000000 0.818514 1668960.000000 0.818514 0.965671 0.000000 0 
1614000.000000 0.825167 1614000.000000 0.825167 0.966039 0.000000 0 
1131360.000000 1.163733 1131360.000000 1.163733 0.996734 0.000000 0 
1455840.000000 0.857693 1455840.000000 0.857693 0.980738 0.000000 0 
1158480.000000 1.082589 1158480.000000 1.082589 0.995435 0.000000 0 
1325760.000000 0.906160 1325760.000000 0.906160 0.985683 0.000000 0 
1305840.000000 0.915557 1305840.000000 0.915557 0.994251 0.000000 0 
1281840.000000 0.921603 1281840.000000 0.921603 0.980054 0.000000 0 
1510320.000000 0.842488 1510320.000000 0.842488 0.993800 0.000000 0 
1650000.000000 0.820563 1650000.000000 0.820563 0.998000 0.000000 0 
1313280.000000 0.910916 1313280.000000 0.910916 0.983092 0.000000 0 
1590960.000000 0.831305 1590960.000000 0.831305 0.985365 0.000000 0 
1598160.000000 0.829870 1598160.000000 0.829870 0.993192 0.000000 0 
1463520.000000 0.855505 1463520.000000 0.855505 0.980350 0.000000 0 
1528800.000000 0.839476 1528800.000000 0.839476 0.990699 0.000000 0 
1243680.000000 0.956132 1243680.000000 0.956132 0.991551 0.000000 0 
1471440.000000 0.851872 1471440.000000 0.851872 0.982561 0.000000 0 
1679520.000000 0.816101 1679520.000000 0.816101 0.987790 0.000000 0 
1429200.000000 0.862126 1429200.000000 0.862126 0.983995 0.000000 0 
1747200.000000 0.811267 1747200.000000 0.811267 0.990698 0.000000 0 
1288800.000000 0.918412 1288800.000000 0.918412 0.981304 0.000000 0 
1311360.000000 0.913457 1311360.000000 0.913457 0.989371 0.000000 0 
1177680.000000 1.044716 1177680.000000 1.044716 0.996354 0.000000 0 
1666080.000000 0.818583 1666080.000000 0.818583 0.966413 0.000000 0 
1585440.000000 0.831332 1585440.000000 0.831332 0.989463 0.000000 0 
1469280.000000 0.854173 1469280.000000 0.854173 0.979614 0.000000 0 
1679520.000000 0.816101 1679520.000000 0.816101 0.987790 0.000000 0 
1480080.000000 0.851814 1480080.000000 0.851814 0.983107 0.000000 0 
1355280.000000 0.896811 1355280.000000 0.896811 0.979092 0.000000 0 
1328880.000000 0.902289 1328880.000000 0.902289 0.980139 0.000000 0 
1347360.000000 0.898106 1347360.000000 0.898106 0.999206 0.000000 0 
1288800.000000 0.918412 1288800.000000 0.918412 0.981304 0.000000 0 
1429200.000000 0.862126 1429200.000000 0.862126 0.983995 0.000000 0 
1187040.000000 1.038588 1187040.000000 1.038588 0.997960 0.000000 0 
1157280.000000 1.083575 1157280.000000 1.083575 0.999053 0.000000 0 
1458960.000000 0.857446 1458960.000000 0.857446 0.978045 0.000000 0 
1188000.000000 1.037240 1188000.000000 1.037240 0.993952 0.000000 0 
1353360.000000 0.896912 1353360.000000 0.896912 0.994792 0.000000 0 
1194480.000000 1.036670 1194480.000000 1.036670 0.991496 0.000000 0 
1510320.000000 0.842488 1510320.000000 0.842488 0.993800 0.000000 0 
1482000.000000 0.849317 1482000.000000 0.849317 0.983026 0.000000 0 
1518240.000000 0.841841 1518240.000000 0.841841 0.990516 0.000000 0 
1525200.000000 0.842391 1525200.000000 0.842391 0.990972 0.000000 1 
1495440.000000 0.849623 1495440.000000 0.849623 0.992665 0.000000 1 
#Generacion: 1500 
#Distancia: 240.028485 
1070640.000000 1.377850 1070640.000000 1.377850 0.993658 0.000000 0 
1070640.000000 1.377850 1070640.000000 1.377850 0.993658 0.000000 0 
1833360.000000 0.804086 1833360.000000 0.804086 0.982955 0.000000 0 
1104480.000000 1.162922 1104480.000000 1.162922 0.998183 0.000000 0 
1099440.000000 1.257437 1099440.000000 1.257437 0.996922 0.000000 0 
1084800.000000 1.269081 1084800.000000 1.269081 0.998595 0.000000 0 
1084320.000000 1.347243 1084320.000000 1.347243 0.998458 0.000000 0 
1169520.000000 1.021601 1169520.000000 1.021601 0.997836 0.000000 0 
1786080.000000 0.807529 1786080.000000 0.807529 0.985461 0.000000 0 
1824720.000000 0.804461 1824720.000000 0.804461 0.967248 0.000000 0 
1158960.000000 1.060182 1158960.000000 1.060182 0.998144 0.000000 0 
1701120.000000 0.810994 1701120.000000 0.810994 0.980584 0.000000 0 
1716240.000000 0.810454 1716240.000000 0.810454 0.951539 0.000000 0 
1653600.000000 0.814732 1653600.000000 0.814732 0.983717 0.000000 0 
1183440.000000 0.994924 1183440.000000 0.994924 0.999093 0.000000 0 
1113840.000000 1.156500 1113840.000000 1.156500 0.997875 0.000000 0 
1114080.000000 1.131368 1114080.000000 1.131368 0.998026 0.000000 0 
1163760.000000 1.037433 1163760.000000 1.037433 0.976247 0.000000 0 
1128720.000000 1.109697 1128720.000000 1.109697 0.991198 0.000000 0 
1138800.000000 1.089741 1138800.000000 1.089741 0.999904 0.000000 0 
1163040.000000 1.045103 1163040.000000 1.045103 0.995605 0.000000 0 
1569840.000000 0.829007 1569840.000000 0.829007 0.984655 0.000000 0 
1601520.000000 0.823256 1601520.000000 0.823256 0.981465 0.000000 0 
1369920.000000 0.883854 1369920.000000 0.883854 0.998927 0.000000 0 
1205280.000000 0.975346 1205280.000000 0.975346 0.985290 0.000000 0 
1157040.000000 1.074765 1157040.000000 1.074765 0.991795 0.000000 0 
1198800.000000 0.993910 1198800.000000 0.993910 0.999602 0.000000 0 
1079280.000000 1.360762 1079280.000000 1.360762 0.997628 0.000000 0 
1205040.000000 0.987052 1205040.000000 0.987052 0.994856 0.000000 0 
1642800.000000 0.818768 1642800.000000 0.818768 0.999645 0.000000 0 
1278240.000000 0.922559 1278240.000000 0.922559 0.980886 0.000000 0 
1287120.000000 0.907345 1287120.000000 0.907345 0.980237 0.000000 0 
1458480.000000 0.854896 1458480.000000 0.854896 0.981803 0.000000 0 
1614000.000000 0.821336 1614000.000000 0.821336 0.977956 0.000000 0 
1208160.000000 0.965016 1208160.000000 0.965016 0.990161 0.000000 0 
1286160.000000 0.917895 1286160.000000 0.917895 0.998226 0.000000 0 
1488240.000000 0.847098 1488240.000000 0.847098 0.978561 0.000000 0 
1218240.000000 0.963075 1218240.000000 0.963075 0.999371 0.000000 0 
1476720.000000 0.847442 1476720.000000 0.847442 0.982405 0.000000 0 
1464720.000000 0.850656 1464720.000000 0.850656 0.979173 0.000000 0 
1777920.000000 0.808622 1777920.000000 0.808622 0.978055 0.000000 0 
1351200.000000 0.890778 1351200.000000 0.890778 0.993324 0.000000 0 
1677840.000000 0.813800 1677840.000000 0.813800 0.965596 0.000000 0 
1359120.000000 0.886717 1359120.000000 0.886717 0.985819 0.000000 0 
1510560.000000 0.840218 1510560.000000 0.840218 0.978303 0.000000 0 
1264320.000000 0.924279 1264320.000000 0.924279 0.977778 0.000000 0 
1151520.000000 1.086216 1151520.000000 1.086216 0.999336 0.000000 0 
1301760.000000 0.907149 1301760.000000 0.907149 0.991512 0.000000 0 
1523520.000000 0.838437 1523520.000000 0.838437 0.980815 0.000000 0 
1380240.000000 0.878139 1380240.000000 0.878139 0.996047 0.000000 0 
1181280.000000 1.011007 1181280.000000 1.011007 0.984093 0.000000 0 
1740240.000000 0.809103 1740240.000000 0.809103 0.999074 0.000000 0 
1414800.000000 0.864209 1414800.000000 0.864209 0.984558 0.000000 0 
1409760.000000 0.869636 1409760.000000 0.869636 0.979187 0.000000 0 
1676880.000000 0.813800 1676880.000000 0.813800 0.973917 0.000000 0 
1233120.000000 0.962399 1233120.000000 0.962399 0.994936 0.000000 0 
1550640.000000 0.832469 1550640.000000 0.832469 0.981978 0.000000 0 
1089840.000000 1.267428 1089840.000000 1.267428 0.993802 0.000000 0 
1248720.000000 0.958159 1248720.000000 0.958159 0.998391 0.000000 0 
1560720.000000 0.831980 1560720.000000 0.831980 0.969744 0.000000 0 
1181280.000000 1.011007 1181280.000000 1.011007 0.984093 0.000000 0 
1540080.000000 0.835310 1540080.000000 0.835310 0.984966 0.000000 0 
1080240.000000 1.347732 1080240.000000 1.347732 0.999157 0.000000 0 
1095360.000000 1.258239 1095360.000000 1.258239 0.995867 0.000000 0 
1398720.000000 0.871382 1398720.000000 0.871382 0.985474 0.000000 0 
1442160.000000 0.855964 1442160.000000 0.855964 0.993994 0.000000 0 
1123200.000000 1.122306 1123200.000000 1.122306 0.996872 0.000000 0 
1128720.000000 1.109697 1128720.000000 1.109697 0.991198 0.000000 0 
1322160.000000 0.896001 1322160.000000 0.896001 0.982516 0.000000 0 
1238400.000000 0.959311 1238400.000000 0.959311 0.998964 0.000000 0 
1759440.000000 0.808655 1759440.000000 0.808655 0.976068 0.000000 0 
1338720.000000 0.895876 1338720.000000 0.895876 0.980571 0.000000 0 
1116720.000000 1.130160 1116720.000000 1.130160 0.992938 0.000000 0 
1584960.000000 0.824684 1584960.000000 0.824684 0.994829 0.000000 0 
1254720.000000 0.940485 1254720.000000 0.940485 0.978338 0.000000 0 
1156560.000000 1.082634 1156560.000000 1.082634 0.993944 0.000000 0 
1532160.000000 0.836256 1532160.000000 0.836256 0.979357 0.000000 0 
1426800.000000 0.858664 1426800.000000 0.858664 0.994394 0.000000 0 
1250160.000000 0.949428 1250160.000000 0.949428 0.994744 0.000000 0 
1261200.000000 0.936794 1261200.000000 0.936794 0.989141 0.000000 0 
1756800.000000 0.808686 1756800.000000 0.808686 0.939848 0.000000 0 
1262880.000000 0.931536 1262880.000000 0.931536 0.995354 0.000000 0 
1425840.000000 0.862350 1425840.000000 0.862350 0.996557 0.000000 0 
1340400.000000 0.893793 1340400.000000 0.893793 0.999544 0.000000 0 
1502880.000000 0.845351 1502880.000000 0.845351 0.983444 0.000000 0 
1391760.000000 0.873163 1391760.000000 0.873163 0.993568 0.000000 0 
1440480.000000 0.858132 1440480.000000 0.858132 0.981461 0.000000 0 
1303920.000000 0.899714 1303920.000000 0.899714 0.997411 0.000000 0 
1309440.000000 0.898808 1309440.000000 0.898808 0.985247 0.000000 0 
1584960.000000 0.824684 1584960.000000 0.824684 0.994829 0.000000 0 
1079280.000000 1.360762 1079280.000000 1.360762 0.997628 0.000000 0 
1384560.000000 0.875102 1384560.000000 0.875102 0.994706 0.000000 0 
1629600.000000 0.819688 1629600.000000 0.819688 0.984365 0.000000 0 
1108800.000000 1.157137 1108800.000000 1.157137 0.999094 0.000000 0 
1627680.000000 0.820874 1627680.000000 0.820874 0.992736 0.000000 0 
1138800.000000 1.089741 1138800.000000 1.089741 0.999904 0.000000 0 
1740240.000000 0.809103 1740240.000000 0.809103 0.999074 0.000000 0 
1123200.000000 1.122306 1123200.000000 1.122306 0.996872 0.000000 0 
1321200.000000 0.898767 1321200.000000 0.898767 0.997781 0.000000 0 
1251120.000000 0.944820 1251120.000000 0.944820 0.994614 0.000000 0 
#Generacion: 2000 
#Distancia: 255.945556 
1038960.000000 1.497821 1038960.000000 1.497821 0.998356 0.000000 0 
1942800.000000 0.800514 1942800.000000 0.800514 0.957718 0.000000 0 
1066080.000000 1.274064 1066080.000000 1.274064 0.994714 0.000000 0 
1052160.000000 1.380434 1052160.000000 1.380434 0.983739 0.000000 0 
1043520.000000 1.486078 1043520.000000 1.486078 0.989541 0.000000 0 
1064400.000000 1.366938 1064400.000000 1.366938 0.999171 0.000000 0 
1075200.000000 1.222317 1075200.000000 1.222317 0.983520 0.000000 0 
1092000.000000 1.137185 1092000.000000 1.137185 0.999551 0.000000 0 
1890960.000000 0.800640 1890960.000000 0.800640 0.986277 0.000000 0 
1120800.000000 1.080406 1120800.000000 1.080406 0.998839 0.000000 0 
1091520.000000 1.168155 1091520.000000 1.168155 0.995745 0.000000 0 
1118160.000000 1.116704 1118160.000000 1.116704 0.997687 0.000000 0 
1361520.000000 0.874872 1361520.000000 0.874872 0.993871 0.000000 0 
1199040.000000 0.972396 1199040.000000 0.972396 0.979081 0.000000 0 
1163040.000000 1.045103 1163040.000000 1.045103 0.995605 0.000000 0 
1105440.000000 1.121935 1105440.000000 1.121935 0.997798 0.000000 0 
1207680.000000 0.957677 1207680.000000 0.957677 0.980155 0.000000 0 
1391760.000000 0.873163 1391760.000000 0.873163 0.993568 0.000000 0 
1510560.000000 0.840218 1510560.000000 0.840218 0.978303 0.000000 0 
1140480.000000 1.057166 1140480.000000 1.057166 0.997581 0.000000 0 
1584960.000000 0.824684 1584960.000000 0.824684 0.994829 0.000000 0 
1565280.000000 0.828917 1565280.000000 0.828917 0.975262 0.000000 0 
1089600.000000 1.181258 1089600.000000 1.181258 0.996723 0.000000 0 
1285440.000000 0.904437 1285440.000000 0.904437 0.993261 0.000000 0 
1198320.000000 0.989312 1198320.000000 0.989312 0.987256 0.000000 0 
1081440.000000 1.207114 1081440.000000 1.207114 0.995442 0.000000 0 
1746720.000000 0.807329 1746720.000000 0.807329 0.968725 0.000000 0 
1876320.000000 0.800870 1876320.000000 0.800870 0.999409 0.000000 0 
1393200.000000 0.866223 1393200.000000 0.866223 0.990269 0.000000 0 
1729200.000000 0.808959 1729200.000000 0.808959 0.980986 0.000000 0 
1414800.000000 0.864209 1414800.000000 0.864209 0.984558 0.000000 0 
1457520.000000 0.850701 1457520.000000 0.850701 0.990075 0.000000 0 
1137600.000000 1.074672 1137600.000000 1.074672 0.971320 0.000000 0 
1487280.000000 0.844488 1487280.000000 0.844488 0.984708 0.000000 0 
1437840.000000 0.853807 1437840.000000 0.853807 0.983092 0.000000 0 
1466160.000000 0.849457 1466160.000000 0.849457 0.989423 0.000000 0 
1088160.000000 1.195282 1088160.000000 1.195282 0.996632 0.000000 0 
1778400.000000 0.804431 1778400.000000 0.804431 0.971129 0.000000 0 
1182480.000000 0.995034 1182480.000000 0.995034 0.998974 0.000000 0 
1823760.000000 0.802779 1823760.000000 0.802779 0.984333 0.000000 0 
1612320.000000 0.821512 1612320.000000 0.821512 0.980338 0.000000 0 
1599360.000000 0.823454 1599360.000000 0.823454 0.985547 0.000000 0 
1233120.000000 0.937400 1233120.000000 0.937400 0.989117 0.000000 0 
1653600.000000 0.814732 1653600.000000 0.814732 0.983717 0.000000 0 
1169520.000000 1.021497 1169520.000000 1.021497 0.996962 0.000000 0 
1336320.000000 0.889957 1336320.000000 0.889957 0.982276 0.000000 0 
1857360.000000 0.801556 1857360.000000 0.801556 0.988770 0.000000 0 
1231440.000000 0.952573 1231440.000000 0.952573 0.973825 0.000000 0 
1281120.000000 0.911820 1281120.000000 0.911820 0.978386 0.000000 0 
1802640.000000 0.803452 1802640.000000 0.803452 0.995997 0.000000 0 
1303200.000000 0.900114 1303200.000000 0.900114 0.987242 0.000000 0 
1319040.000000 0.897498 1319040.000000 0.897498 0.985997 0.000000 0 
1673760.000000 0.813531 1673760.000000 0.813531 0.982898 0.000000 0 
1181280.000000 1.011007 1181280.000000 1.011007 0.984093 0.000000 0 
1627680.000000 0.820939 1627680.000000 0.820939 0.984198 0.000000 0 
1273920.000000 0.918258 1273920.000000 0.918258 0.979447 0.000000 0 
1483200.000000 0.845161 1483200.000000 0.845161 0.972256 0.000000 0 
1552800.000000 0.831393 1552800.000000 0.831393 0.974678 0.000000 0 
1326480.000000 0.891580 1326480.000000 0.891580 0.986088 0.000000 0 
1164960.000000 1.027086 1164960.000000 1.027086 0.996251 0.000000 0 
1354560.000000 0.889581 1354560.000000 0.889581 0.982428 0.000000 0 
1355520.000000 0.884552 1355520.000000 0.884552 0.988599 0.000000 0 
1075200.000000 1.222317 1075200.000000 1.222317 0.983520 0.000000 0 
1138560.000000 1.058311 1138560.000000 1.058311 0.992034 0.000000 0 
1847520.000000 0.801886 1847520.000000 0.801886 0.982261 0.000000 0 
1795680.000000 0.803761 1795680.000000 0.803761 0.966904 0.000000 0 
1177440.000000 1.013034 1177440.000000 1.013034 0.993052 0.000000 0 
1163760.000000 1.037433 1163760.000000 1.037433 0.976247 0.000000 0 
1833120.000000 0.802549 1833120.000000 0.802549 0.989235 0.000000 0 
1635840.000000 0.818126 1635840.000000 0.818126 0.985846 0.000000 0 
1133280.000000 1.080380 1133280.000000 1.080380 0.997462 0.000000 0 
1265280.000000 0.921114 1265280.000000 0.921114 0.992098 0.000000 0 
1716000.000000 0.810254 1716000.000000 0.810254 0.999062 0.000000 0 
1250400.000000 0.926642 1250400.000000 0.926642 0.993917 0.000000 0 
1192080.000000 0.994826 1192080.000000 0.994826 0.998298 0.000000 0 
1520880.000000 0.837971 1520880.000000 0.837971 0.979187 0.000000 0 
1648800.000000 0.818083 1648800.000000 0.818083 0.989199 0.000000 0 
1087440.000000 1.204571 1087440.000000 1.204571 0.995328 0.000000 0 
1257600.000000 0.924216 1257600.000000 0.924216 0.978237 0.000000 0 
1221600.000000 0.955496 1221600.000000 0.955496 0.982101 0.000000 0 
1527600.000000 0.835977 1527600.000000 0.835977 0.980453 0.000000 0 
1761120.000000 0.806672 1761120.000000 0.806672 0.992482 0.000000 0 
1243680.000000 0.931631 1243680.000000 0.931631 0.984943 0.000000 0 
1057200.000000 1.368837 1057200.000000 1.368837 0.991954 0.000000 0 
1765920.000000 0.805726 1765920.000000 0.805726 0.986483 0.000000 0 
1053600.000000 1.374713 1053600.000000 1.374713 0.988058 0.000000 0 
1043520.000000 1.486078 1043520.000000 1.486078 0.989541 0.000000 0 
1539120.000000 0.835107 1539120.000000 0.835107 0.991996 0.000000 0 
1115520.000000 1.120089 1115520.000000 1.120089 0.990768 0.000000 0 
1308480.000000 0.899675 1308480.000000 0.899675 0.987641 0.000000 0 
1420800.000000 0.861096 1420800.000000 0.861096 0.991946 0.000000 0 
1543920.000000 0.833396 1543920.000000 0.833396 0.980390 0.000000 0 
1242960.000000 0.937232 1242960.000000 0.937232 0.973542 0.000000 0 
1432080.000000 0.857000 1432080.000000 0.857000 0.982502 0.000000 0 
1687440.000000 0.812834 1687440.000000 0.812834 0.995152 0.000000 0 
1426800.000000 0.858664 1426800.000000 0.858664 0.994394 0.000000 0 
1694880.000000 0.811550 1694880.000000 0.811550 0.979700 0.000000 0 
1707360.000000 0.810563 1707360.000000 0.810563 0.968060 0.000000 0 
1680480.000000 0.813511 1680480.000000 0.813511 0.984995 0.000000 0 
1701120.000000 0.810994 1701120.000000 0.810994 0.980584 0.000000 0 
#Generacion: 2500 
#Distancia: 290.302929 
1937040.000000 0.797757 1937040.000000 0.797757 0.992946 0.000000 0 
1011840.000000 1.754052 1011840.000000 1.754052 0.999543 0.000000 0 
1023600.000000 1.683484 1023600.000000 1.683484 0.999728 0.000000 0 
1025520.000000 1.514095 1025520.000000 1.514095 0.997914 0.000000 0 
1044240.000000 1.478658 1044240.000000 1.478658 0.988981 0.000000 0 
1047360.000000 1.375612 1047360.000000 1.375612 0.997689 0.000000 0 
1051920.000000 1.311441 1051920.000000 1.311441 0.993765 0.000000 0 
1047840.000000 1.353279 1047840.000000 1.353279 0.999777 0.000000 0 
1013520.000000 1.723856 1013520.000000 1.723856 0.998998 0.000000 0 
1072800.000000 1.265495 1072800.000000 1.265495 0.979232 0.000000 0 
1847760.000000 0.800452 1847760.000000 0.800452 0.993340 0.000000 0 
1017840.000000 1.693338 1017840.000000 1.693338 0.996214 0.000000 0 
1064400.000000 1.289304 1064400.000000 1.289304 0.993260 0.000000 0 
1073520.000000 1.233729 1073520.000000 1.233729 0.997787 0.000000 0 
1087440.000000 1.142888 1087440.000000 1.142888 0.999548 0.000000 0 
1086960.000000 1.178352 1086960.000000 1.178352 0.997896 0.000000 0 
1233120.000000 0.937400 1233120.000000 0.937400 0.989117 0.000000 0 
1120560.000000 1.097512 1120560.000000 1.097512 0.992490 0.000000 0 
1627680.000000 0.820930 1627680.000000 0.820930 0.984004 0.000000 0 
1293840.000000 0.900229 1293840.000000 0.900229 0.993499 0.000000 0 
1879440.000000 0.799151 1879440.000000 0.799151 0.971957 0.000000 0 
1128720.000000 1.065825 1128720.000000 1.065825 0.999507 0.000000 0 
1120800.000000 1.080334 1120800.000000 1.080334 0.998711 0.000000 0 
1112640.000000 1.114971 1112640.000000 1.114971 0.998530 0.000000 0 
1416480.000000 0.861386 1416480.000000 0.861386 0.980415 0.000000 0 
1678560.000000 0.811606 1678560.000000 0.811606 0.977539 0.000000 0 
1081440.000000 1.204709 1081440.000000 1.204709 0.998978 0.000000 0 
1154640.000000 1.022255 1154640.000000 1.022255 0.998028 0.000000 0 
1605120.000000 0.821230 1605120.000000 0.821230 0.983098 0.000000 0 
1727520.000000 0.809619 1727520.000000 0.809619 0.988948 0.000000 0 
1347840.000000 0.880629 1347840.000000 0.880629 0.994283 0.000000 0 
1250400.000000 0.926642 1250400.000000 0.926642 0.993917 0.000000 0 
1473360.000000 0.846691 1473360.000000 0.846691 0.977633 0.000000 0 
1805280.000000 0.803170 1805280.000000 0.803170 0.990226 0.000000 0 
1490880.000000 0.844395 1490880.000000 0.844395 0.988585 0.000000 0 
1459440.000000 0.849157 1459440.000000 0.849157 0.990282 0.000000 0 
1396320.000000 0.864688 1396320.000000 0.864688 0.985276 0.000000 0 
1653600.000000 0.814732 1653600.000000 0.814732 0.983717 0.000000 0 
1187040.000000 0.987539 1187040.000000 0.987539 0.981608 0.000000 0 
1167600.000000 1.001792 1167600.000000 1.001792 0.993608 0.000000 0 
1266480.000000 0.916904 1266480.000000 0.916904 0.982161 0.000000 0 
1191840.000000 0.971314 1191840.000000 0.971314 0.984443 0.000000 0 
1040160.000000 1.491182 1040160.000000 1.491182 0.998961 0.000000 0 
1206720.000000 0.957562 1206720.000000 0.957562 0.979514 0.000000 0 
1177680.000000 0.992385 1177680.000000 0.992385 0.997891 0.000000 0 
1577760.000000 0.826063 1577760.000000 0.826063 0.982519 0.000000 0 
1911840.000000 0.798127 1911840.000000 0.798127 0.979324 0.000000 0 
1158720.000000 1.007936 1158720.000000 1.007936 0.994309 0.000000 0 
1592880.000000 0.823469 1592880.000000 0.823469 0.974959 0.000000 0 
1338000.000000 0.887890 1338000.000000 0.887890 0.986277 0.000000 0 
1641840.000000 0.816304 1641840.000000 0.816304 0.987537 0.000000 0 
1105440.000000 1.121935 1105440.000000 1.121935 0.997798 0.000000 0 
1065120.000000 1.276439 1065120.000000 1.276439 0.989757 0.000000 0 
1708080.000000 0.809630 1708080.000000 0.809630 0.982445 0.000000 0 
1218480.000000 0.950912 1218480.000000 0.950912 0.999776 0.000000 0 
1146720.000000 1.034452 1146720.000000 1.034452 0.997491 0.000000 0 
1138560.000000 1.058311 1138560.000000 1.058311 0.992034 0.000000 0 
1083120.000000 1.183544 1083120.000000 1.183544 0.996923 0.000000 0 
1361520.000000 0.874872 1361520.000000 0.874872 0.993871 0.000000 0 
1565280.000000 0.828917 1565280.000000 0.828917 0.975262 0.000000 0 
1309200.000000 0.897307 1309200.000000 0.897307 0.999066 0.000000 0 
1541520.000000 0.833423 1541520.000000 0.833423 0.981971 0.000000 0 
1765920.000000 0.805726 1765920.000000 0.805726 0.986483 0.000000 0 
1427280.000000 0.857096 1427280.000000 0.857096 0.994429 0.000000 0 
1823760.000000 0.802779 1823760.000000 0.802779 0.984333 0.000000 0 
1094880.000000 1.129598 1094880.000000 1.129598 0.997367 0.000000 0 
1201440.000000 0.967781 1201440.000000 0.967781 0.984200 0.000000 0 
1552800.000000 0.831393 1552800.000000 0.831393 0.974678 0.000000 0 
1789200.000000 0.803999 1789200.000000 0.803999 0.971242 0.000000 0 
1673760.000000 0.813531 1673760.000000 0.813531 0.982898 0.000000 0 
1221360.000000 0.940289 1221360.000000 0.940289 0.999656 0.000000 0 
1279680.000000 0.908816 1279680.000000 0.908816 0.993966 0.000000 0 
1743840.000000 0.808179 1743840.000000 0.808179 0.976323 0.000000 0 
1905360.000000 0.798959 1905360.000000 0.798959 0.971466 0.000000 0 
1832400.000000 0.801769 1832400.000000 0.801769 0.990505 0.000000 0 
1326480.000000 0.891580 1326480.000000 0.891580 0.986088 0.000000 0 
1886160.000000 0.798972 1886160.000000 0.798972 0.972968 0.000000 0 
1444560.000000 0.853634 1444560.000000 0.853634 0.983330 0.000000 0 
1252080.000000 0.919721 1252080.000000 0.919721 0.985305 0.000000 0 
1778400.000000 0.804420 1778400.000000 0.804420 0.971263 0.000000 0 
1751280.000000 0.806489 1751280.000000 0.806489 0.966324 0.000000 0 
1386000.000000 0.866566 1386000.000000 0.866566 0.989656 0.000000 0 
1507440.000000 0.839027 1507440.000000 0.839027 0.991991 0.000000 0 
1523760.000000 0.837858 1523760.000000 0.837858 0.977476 0.000000 0 
1316640.000000 0.892846 1316640.000000 0.892846 0.998772 0.000000 0 
1047360.000000 1.375612 1047360.000000 1.375612 0.997689 0.000000 0 
1527600.000000 0.835977 1527600.000000 0.835977 0.980453 0.000000 0 
1504080.000000 0.841618 1504080.000000 0.841618 0.991254 0.000000 0 
1030560.000000 1.499044 1030560.000000 1.499044 0.998209 0.000000 0 
1379760.000000 0.871957 1379760.000000 0.871957 0.992477 0.000000 0 
1371120.000000 0.873050 1371120.000000 0.873050 0.993295 0.000000 0 
1277040.000000 0.910703 1277040.000000 0.910703 0.984413 0.000000 0 
1074960.000000 1.214265 1074960.000000 1.214265 0.988620 0.000000 0 
1437840.000000 0.853807 1437840.000000 0.853807 0.983092 0.000000 0 
1092000.000000 1.137185 1092000.000000 1.137185 0.999551 0.000000 0 
1074480.000000 1.219147 1074480.000000 1.219147 0.989353 0.000000 0 
1146720.000000 1.034452 1146720.000000 1.034452 0.997491 0.000000 0 
1029120.000000 1.502161 1029120.000000 1.502161 0.988838 0.000000 0 
1708080.000000 0.809630 1708080.000000 0.809630 0.982445 0.000000 0 
1138560.000000 1.058311 1138560.000000 1.058311 0.992034 0.000000 0 
#Generacion: 3000 
#Distancia: 298.666061 
1007760.000000 1.700722 1007760.000000 1.700722 0.997435 0.000000 0 
1007760.000000 1.700722 1007760.000000 1.700722 0.997435 0.000000 0 
1962960.000000 0.795928 1962960.000000 0.795928 0.987846 0.000000 0 
1013520.000000 1.502694 1013520.000000 1.502694 0.991322 0.000000 0 
1041600.000000 1.478205 1041600.000000 1.478205 0.993207 0.000000 0 
1042320.000000 1.372535 1042320.000000 1.372535 0.994877 0.000000 0 
1062000.000000 1.288326 1062000.000000 1.288326 0.995319 0.000000 0 
1063200.000000 1.218219 1063200.000000 1.218219 0.998174 0.000000 0 
1104480.000000 1.066760 1104480.000000 1.066760 0.999851 0.000000 0 
1078560.000000 1.172236 1078560.000000 1.172236 0.989256 0.000000 0 
1094880.000000 1.129598 1094880.000000 1.129598 0.997367 0.000000 0 
1857120.000000 0.798323 1857120.000000 0.798323 0.974544 0.000000 0 
1912080.000000 0.798253 1912080.000000 0.798253 0.972728 0.000000 0 
1087440.000000 1.142888 1087440.000000 1.142888 0.999548 0.000000 0 
1051200.000000 1.311590 1051200.000000 1.311590 0.996987 0.000000 0 
1147200.000000 1.017576 1147200.000000 1.017576 0.996095 0.000000 0 
1078320.000000 1.217427 1078320.000000 1.217427 0.994617 0.000000 0 
1049520.000000 1.341608 1049520.000000 1.341608 0.998119 0.000000 0 
1748400.000000 0.806151 1748400.000000 0.806151 0.996075 0.000000 0 
1316640.000000 0.892846 1316640.000000 0.892846 0.998772 0.000000 0 
1157760.000000 1.002352 1157760.000000 1.002352 0.996837 0.000000 0 
1047840.000000 1.353279 1047840.000000 1.353279 0.999777 0.000000 0 
1608000.000000 0.820263 1608000.000000 0.820263 0.975930 0.000000 0 
1627440.000000 0.818877 1627440.000000 0.818877 0.993831 0.000000 0 
1140000.000000 1.043243 1140000.000000 1.043243 0.993424 0.000000 0 
1649520.000000 0.816083 1649520.000000 0.816083 0.982907 0.000000 0 
1335840.000000 0.886901 1335840.000000 0.886901 0.997879 0.000000 0 
1494960.000000 0.841443 1494960.000000 0.841443 0.972732 0.000000 0 
1056960.000000 1.300995 1056960.000000 1.300995 0.997064 0.000000 0 
1023360.000000 1.498390 1023360.000000 1.498390 0.993450 0.000000 0 
1127760.000000 1.054867 1127760.000000 1.054867 0.995364 0.000000 0 
1144320.000000 1.036160 1144320.000000 1.036160 0.993447 0.000000 0 
1708080.000000 0.809630 1708080.000000 0.809630 0.982445 0.000000 0 
1673760.000000 0.813531 1673760.000000 0.813531 0.982898 0.000000 0 
1514400.000000 0.840231 1514400.000000 0.840231 0.984226 0.000000 0 
1176480.000000 0.988945 1176480.000000 0.988945 0.996418 0.000000 0 
1844640.000000 0.799897 1844640.000000 0.799897 0.966369 0.000000 0 
1205520.000000 0.948558 1205520.000000 0.948558 0.988257 0.000000 0 
1424160.000000 0.858137 1424160.000000 0.858137 0.984239 0.000000 0 
1386000.000000 0.866566 1386000.000000 0.866566 0.989656 0.000000 0 
1575600.000000 0.825510 1575600.000000 0.825510 0.994257 0.000000 0 
1765920.000000 0.805726 1765920.000000 0.805726 0.986483 0.000000 0 
1459440.000000 0.849157 1459440.000000 0.849157 0.990282 0.000000 0 
1694400.000000 0.810382 1694400.000000 0.810382 0.978417 0.000000 0 
1483680.000000 0.845090 1483680.000000 0.845090 0.994788 0.000000 0 
1184160.000000 0.973291 1184160.000000 0.973291 0.994344 0.000000 0 
1192320.000000 0.958622 1192320.000000 0.958622 0.983639 0.000000 0 
1031040.000000 1.486278 1031040.000000 1.486278 0.995837 0.000000 0 
1236000.000000 0.934829 1236000.000000 0.934829 0.970948 0.000000 0 
1548480.000000 0.833467 1548480.000000 0.833467 0.988894 0.000000 0 
1444560.000000 0.853634 1444560.000000 0.853634 0.983330 0.000000 0 
1307520.000000 0.899687 1307520.000000 0.899687 0.992572 0.000000 0 
1361520.000000 0.874872 1361520.000000 0.874872 0.993871 0.000000 0 
1265040.000000 0.914589 1265040.000000 0.914589 0.963750 0.000000 0 
1922640.000000 0.798090 1922640.000000 0.798090 0.971450 0.000000 0 
1398240.000000 0.859778 1398240.000000 0.859778 0.994792 0.000000 0 
1470960.000000 0.848554 1470960.000000 0.848554 0.982369 0.000000 0 
1789200.000000 0.804117 1789200.000000 0.804117 0.982731 0.000000 0 
1527600.000000 0.835977 1527600.000000 0.835977 0.980453 0.000000 0 
1293840.000000 0.900229 1293840.000000 0.900229 0.993499 0.000000 0 
1349520.000000 0.880104 1349520.000000 0.880104 0.998260 0.000000 0 
1406880.000000 0.859207 1406880.000000 0.859207 0.985258 0.000000 0 
1259760.000000 0.925368 1259760.000000 0.925368 0.992680 0.000000 0 
1221360.000000 0.940277 1221360.000000 0.940277 0.999552 0.000000 0 
1042320.000000 1.372535 1042320.000000 1.372535 0.994877 0.000000 0 
1285200.000000 0.905146 1285200.000000 0.905146 0.988579 0.000000 0 
1114080.000000 1.064248 1114080.000000 1.064248 0.999165 0.000000 0 
1433760.000000 0.853908 1433760.000000 0.853908 0.988241 0.000000 0 
1642800.000000 0.818447 1642800.000000 0.818447 0.990988 0.000000 0 
1778400.000000 0.804420 1778400.000000 0.804420 0.971263 0.000000 0 
1941600.000000 0.796696 1941600.000000 0.796696 0.999487 0.000000 0 
1725120.000000 0.807291 1725120.000000 0.807291 0.993452 0.000000 0 
1678560.000000 0.811595 1678560.000000 0.811595 0.977704 0.000000 0 
1196880.000000 0.948649 1196880.000000 0.948649 0.999656 0.000000 0 
1187520.000000 0.969562 1187520.000000 0.969562 0.994145 0.000000 0 
1124640.000000 1.061655 1124640.000000 1.061655 0.998663 0.000000 0 
1165440.000000 0.996434 1165440.000000 0.996434 0.999734 0.000000 0 
1246320.000000 0.931727 1246320.000000 0.931727 0.989086 0.000000 0 
1376640.000000 0.869907 1376640.000000 0.869907 0.991120 0.000000 0 
1807200.000000 0.801380 1807200.000000 0.801380 0.983485 0.000000 0 
1092000.000000 1.137185 1092000.000000 1.137185 0.999551 0.000000 0 
1826160.000000 0.800777 1826160.000000 0.800777 0.977395 0.000000 0 
1805280.000000 0.803170 1805280.000000 0.803170 0.990226 0.000000 0 
1345200.000000 0.885859 1345200.000000 0.885859 0.998279 0.000000 0 
1939920.000000 0.797325 1939920.000000 0.797325 0.986900 0.000000 0 
1222320.000000 0.938590 1222320.000000 0.938590 0.996770 0.000000 0 
1371120.000000 0.873131 1371120.000000 0.873131 0.988399 0.000000 0 
1250400.000000 0.926642 1250400.000000 0.926642 0.993917 0.000000 0 
1824480.000000 0.801017 1824480.000000 0.801017 0.995768 0.000000 0 
1725120.000000 0.807291 1725120.000000 0.807291 0.993452 0.000000 0 
1592880.000000 0.823469 1592880.000000 0.823469 0.974959 0.000000 0 
1036320.000000 1.480981 1036320.000000 1.480981 0.991850 0.000000 0 
1167360.000000 0.989176 1167360.000000 0.989176 0.993356 0.000000 0 
1592880.000000 0.823469 1592880.000000 0.823469 0.974959 0.000000 0 
1552800.000000 0.830686 1552800.000000 0.830686 0.983117 0.000000 0 
1276560.000000 0.913864 1276560.000000 0.913864 0.982173 0.000000 0 
1281600.000000 0.913077 1281600.000000 0.913077 0.973846 0.000000 0 
1524960.000000 0.837899 1524960.000000 0.837899 0.984829 0.000000 0 
1566000.000000 0.828346 1566000.000000 0.828346 0.967713 0.000000 0 
1077600.000000 1.217652 1077600.000000 1.217652 0.995966 0.000000 0 
#Generacion: 3500 
#Distancia: 306.553838 
1960800.000000 0.794871 1960800.000000 0.794871 0.981083 0.000000 0 
999600.000000 1.537784 999600.000000 1.537784 0.994510 0.000000 0 
1023120.000000 1.391650 1023120.000000 1.391650 0.997293 0.000000 0 
1026000.000000 1.279798 1026000.000000 1.279798 0.994165 0.000000 0 
1020240.000000 1.486542 1020240.000000 1.486542 0.990658 0.000000 0 
1038480.000000 1.222094 1038480.000000 1.222094 0.996781 0.000000 0 
1068000.000000 1.137755 1068000.000000 1.137755 0.993551 0.000000 0 
1026000.000000 1.279798 1026000.000000 1.279798 0.994165 0.000000 0 
1080960.000000 1.107398 1080960.000000 1.107398 0.999406 0.000000 0 
1066080.000000 1.173007 1066080.000000 1.173007 0.989818 0.000000 0 
1003920.000000 1.505850 1003920.000000 1.505850 0.993664 0.000000 0 
1111920.000000 1.044983 1111920.000000 1.044983 0.996260 0.000000 0 
1233120.000000 0.918049 1233120.000000 0.918049 0.975695 0.000000 0 
1140480.000000 1.018047 1140480.000000 1.018047 0.996401 0.000000 0 
1135680.000000 1.038560 1135680.000000 1.038560 0.993999 0.000000 0 
1857120.000000 0.798323 1857120.000000 0.798323 0.974544 0.000000 0 
1095360.000000 1.104578 1095360.000000 1.104578 0.986870 0.000000 0 
1880880.000000 0.797983 1880880.000000 0.797983 0.999440 0.000000 0 
1170720.000000 0.969558 1170720.000000 0.969558 0.999575 0.000000 0 
1154400.000000 1.015252 1154400.000000 1.015252 0.995135 0.000000 0 
1167360.000000 0.989176 1167360.000000 0.989176 0.993356 0.000000 0 
1725120.000000 0.807291 1725120.000000 0.807291 0.993452 0.000000 0 
1340400.000000 0.883961 1340400.000000 0.883961 0.991427 0.000000 0 
1059840.000000 1.181955 1059840.000000 1.181955 0.994789 0.000000 0 
1900320.000000 0.797404 1900320.000000 0.797404 0.964138 0.000000 0 
1252080.000000 0.912684 1252080.000000 0.912684 0.987661 0.000000 0 
1222800.000000 0.927885 1222800.000000 0.927885 0.976039 0.000000 0 
1352400.000000 0.877510 1352400.000000 0.877510 0.996757 0.000000 0 
1837920.000000 0.799598 1837920.000000 0.799598 0.975674 0.000000 0 
1104480.000000 1.066760 1104480.000000 1.066760 0.999851 0.000000 0 
1306080.000000 0.896136 1306080.000000 0.896136 0.967727 0.000000 0 
1155840.000000 0.997783 1155840.000000 0.997783 0.998903 0.000000 0 
1649520.000000 0.816083 1649520.000000 0.816083 0.982907 0.000000 0 
1678560.000000 0.811595 1678560.000000 0.811595 0.977704 0.000000 0 
1664160.000000 0.814109 1664160.000000 0.814109 0.969812 0.000000 0 
1059360.000000 1.196323 1059360.000000 1.196323 0.989840 0.000000 0 
1575600.000000 0.825510 1575600.000000 0.825510 0.994257 0.000000 0 
1946400.000000 0.795109 1946400.000000 0.795109 0.977912 0.000000 0 
1527600.000000 0.835977 1527600.000000 0.835977 0.980453 0.000000 0 
1824480.000000 0.801017 1824480.000000 0.801017 0.995768 0.000000 0 
1330560.000000 0.890092 1330560.000000 0.890092 0.982287 0.000000 0 
1927920.000000 0.795486 1927920.000000 0.795486 0.987835 0.000000 0 
1318800.000000 0.892707 1318800.000000 0.892707 0.985926 0.000000 0 
1607040.000000 0.820249 1607040.000000 0.820249 0.976416 0.000000 0 
1191360.000000 0.953143 1191360.000000 0.953143 0.995341 0.000000 0 
1695600.000000 0.811467 1695600.000000 0.811467 0.981838 0.000000 0 
1118400.000000 1.038741 1118400.000000 1.038741 0.995420 0.000000 0 
1541040.000000 0.832834 1541040.000000 0.832834 0.978253 0.000000 0 
1494960.000000 0.841443 1494960.000000 0.841443 0.972732 0.000000 0 
1474800.000000 0.848684 1474800.000000 0.848684 0.992211 0.000000 0 
1104480.000000 1.066760 1104480.000000 1.066760 0.999851 0.000000 0 
1102080.000000 1.088928 1102080.000000 1.088928 0.987658 0.000000 0 
1276560.000000 0.905388 1276560.000000 0.905388 0.975460 0.000000 0 
1764960.000000 0.804639 1764960.000000 0.804639 0.975618 0.000000 0 
1915440.000000 0.796223 1915440.000000 0.796223 0.988728 0.000000 0 
1622880.000000 0.817896 1622880.000000 0.817896 0.979273 0.000000 0 
1483440.000000 0.843497 1483440.000000 0.843497 0.997650 0.000000 0 
1558320.000000 0.826834 1558320.000000 0.826834 0.990977 0.000000 0 
1010400.000000 1.497674 1010400.000000 1.497674 0.991636 0.000000 0 
1391040.000000 0.866532 1391040.000000 0.866532 0.970833 0.000000 0 
1428960.000000 0.852638 1428960.000000 0.852638 0.980932 0.000000 0 
1632480.000000 0.816907 1632480.000000 0.816907 0.972871 0.000000 0 
1413600.000000 0.856550 1413600.000000 0.856550 0.993296 0.000000 0 
1381680.000000 0.869585 1381680.000000 0.869585 0.990148 0.000000 0 
1746720.000000 0.806432 1746720.000000 0.806432 0.989310 0.000000 0 
1459440.000000 0.849157 1459440.000000 0.849157 0.990282 0.000000 0 
1053840.000000 1.204012 1053840.000000 1.204012 0.997616 0.000000 0 
1221840.000000 0.937276 1221840.000000 0.937276 0.986313 0.000000 0 
1398240.000000 0.859778 1398240.000000 0.859778 0.994792 0.000000 0 
1188000.000000 0.966618 1188000.000000 0.966618 0.987695 0.000000 0 
1102080.000000 1.088928 1102080.000000 1.088928 0.987658 0.000000 0 
1787760.000000 0.803201 1787760.000000 0.803201 0.989304 0.000000 0 
1048080.000000 1.218333 1048080.000000 1.218333 0.991717 0.000000 0 
1449840.000000 0.850956 1449840.000000 0.850956 0.992016 0.000000 0 
1208880.000000 0.938180 1208880.000000 0.938180 0.984680 0.000000 0 
1208400.000000 0.947223 1208400.000000 0.947223 0.997579 0.000000 0 
1293840.000000 0.900773 1293840.000000 0.900773 0.997607 0.000000 0 
1552800.000000 0.830686 1552800.000000 0.830686 0.983117 0.000000 0 
1590960.000000 0.825476 1590960.000000 0.825476 0.988121 0.000000 0 
1196880.000000 0.948649 1196880.000000 0.948649 0.999656 0.000000 0 
1779120.000000 0.803566 1779120.000000 0.803566 0.976775 0.000000 0 
1365600.000000 0.875501 1365600.000000 0.875501 0.990924 0.000000 0 
1052160.000000 1.212109 1052160.000000 1.212109 0.992736 0.000000 0 
1015200.000000 1.491961 1015200.000000 1.491961 0.994275 0.000000 0 
1512240.000000 0.841373 1512240.000000 0.841373 0.989621 0.000000 0 
1371120.000000 0.873131 1371120.000000 0.873131 0.988399 0.000000 0 
1264800.000000 0.907835 1264800.000000 0.907835 0.972355 0.000000 0 
1287120.000000 0.901133 1287120.000000 0.901133 0.984690 0.000000 0 
1437600.000000 0.852627 1437600.000000 0.852627 0.992331 0.000000 0 
1597920.000000 0.823561 1597920.000000 0.823561 0.977166 0.000000 0 
1165440.000000 0.996434 1165440.000000 0.996434 0.999734 0.000000 0 
1515120.000000 0.838329 1515120.000000 0.838329 0.990955 0.000000 0 
1807200.000000 0.801380 1807200.000000 0.801380 0.983485 0.000000 0 
1805280.000000 0.803170 1805280.000000 0.803170 0.990226 0.000000 0 
1182960.000000 0.967588 1182960.000000 0.967588 0.977391 0.000000 0 
1750320.000000 0.805179 1750320.000000 0.805179 0.976801 0.000000 0 
1712640.000000 0.809573 1712640.000000 0.809573 0.988947 0.000000 0 
1406880.000000 0.857733 1406880.000000 0.857733 0.977529 0.000000 0 
1258080.000000 0.909253 1258080.000000 0.909253 0.968510 0.000000 0 
1708080.000000 0.809620 1708080.000000 0.809620 0.982570 0.000000 0 
#Generacion: 4000 
#Distancia: 302.908081 
997920.000000 1.505241 997920.000000 1.505241 0.998298 0.000000 0 
1973040.000000 0.793366 1973040.000000 0.793366 0.987418 0.000000 0 
1006320.000000 1.495905 1006320.000000 1.495905 0.998665 0.000000 0 
1008480.000000 1.383216 1008480.000000 1.383216 0.999179 0.000000 0 
1013280.000000 1.281229 1013280.000000 1.281229 0.998320 0.000000 0 
1009440.000000 1.383039 1009440.000000 1.383039 0.997908 0.000000 0 
1019760.000000 1.277308 1019760.000000 1.277308 0.994529 0.000000 0 
1025760.000000 1.223469 1025760.000000 1.223469 0.998302 0.000000 0 
1056960.000000 1.102671 1056960.000000 1.102671 0.998569 0.000000 0 
1043280.000000 1.170025 1043280.000000 1.170025 0.997650 0.000000 0 
1054800.000000 1.132123 1054800.000000 1.132123 0.997978 0.000000 0 
1149600.000000 0.979335 1149600.000000 0.979335 0.990593 0.000000 0 
1031040.000000 1.194016 1031040.000000 1.194016 0.996324 0.000000 0 
1049040.000000 1.142041 1049040.000000 1.142041 0.999244 0.000000 0 
1191840.000000 0.936699 1191840.000000 0.936699 0.988138 0.000000 0 
1406880.000000 0.857733 1406880.000000 0.857733 0.977529 0.000000 0 
1029120.000000 1.222864 1029120.000000 1.222864 0.998024 0.000000 0 
1079520.000000 1.097150 1079520.000000 1.097150 0.994298 0.000000 0 
1392720.000000 0.865811 1392720.000000 0.865811 0.991887 0.000000 0 
1090080.000000 1.086161 1090080.000000 1.086161 0.994424 0.000000 0 
1534320.000000 0.832724 1534320.000000 0.832724 0.987326 0.000000 0 
1478880.000000 0.842526 1478880.000000 0.842526 0.989666 0.000000 0 
1113360.000000 1.043956 1113360.000000 1.043956 0.998564 0.000000 0 
1093920.000000 1.064324 1093920.000000 1.064324 0.994809 0.000000 0 
1183200.000000 0.951903 1183200.000000 0.951903 0.994615 0.000000 0 
1914480.000000 0.796298 1914480.000000 0.796298 0.988220 0.000000 0 
1589040.000000 0.823108 1589040.000000 0.823108 0.976764 0.000000 0 
1168560.000000 0.963971 1168560.000000 0.963971 0.988385 0.000000 0 
1148160.000000 1.005374 1148160.000000 1.005374 0.998471 0.000000 0 
1842480.000000 0.798529 1842480.000000 0.798529 0.981958 0.000000 0 
1503600.000000 0.840986 1503600.000000 0.840986 0.972823 0.000000 0 
1864560.000000 0.798010 1864560.000000 0.798010 0.995121 0.000000 0 
1678560.000000 0.811595 1678560.000000 0.811595 0.977704 0.000000 0 
1117440.000000 1.027586 1117440.000000 1.027586 0.998291 0.000000 0 
1381440.000000 0.871310 1381440.000000 0.871310 0.996510 0.000000 0 
1463520.000000 0.843647 1463520.000000 0.843647 0.984842 0.000000 0 
1607040.000000 0.820249 1607040.000000 0.820249 0.976416 0.000000 0 
1364400.000000 0.872988 1364400.000000 0.872988 0.991014 0.000000 0 
1135440.000000 1.012765 1135440.000000 1.012765 0.985556 0.000000 0 
1352400.000000 0.877510 1352400.000000 0.877510 0.996757 0.000000 0 
1938480.000000 0.795093 1938480.000000 0.795093 0.989845 0.000000 0 
1947120.000000 0.793650 1947120.000000 0.793650 0.986501 0.000000 0 
1285200.000000 0.905086 1285200.000000 0.905086 0.980524 0.000000 0 
1266480.000000 0.906145 1266480.000000 0.906145 0.988747 0.000000 0 
1769760.000000 0.804371 1769760.000000 0.804371 0.972024 0.000000 0 
1039680.000000 1.183255 1039680.000000 1.183255 0.995972 0.000000 0 
1548720.000000 0.828734 1548720.000000 0.828734 0.975816 0.000000 0 
1661280.000000 0.814673 1661280.000000 0.814673 0.977092 0.000000 0 
1784880.000000 0.800913 1784880.000000 0.800913 0.991983 0.000000 0 
1695600.000000 0.811467 1695600.000000 0.811467 0.981838 0.000000 0 
1316880.000000 0.892626 1316880.000000 0.892626 0.979927 0.000000 0 
1732080.000000 0.806244 1732080.000000 0.806244 0.979980 0.000000 0 
1217040.000000 0.923929 1217040.000000 0.923929 0.989483 0.000000 0 
1826160.000000 0.799539 1826160.000000 0.799539 0.988354 0.000000 0 
1448880.000000 0.848464 1448880.000000 0.848464 0.995550 0.000000 0 
1309440.000000 0.899694 1309440.000000 0.899694 0.987556 0.000000 0 
1571760.000000 0.824384 1571760.000000 0.824384 0.977961 0.000000 0 
1632480.000000 0.816907 1632480.000000 0.816907 0.972871 0.000000 0 
1255680.000000 0.909641 1255680.000000 0.909641 0.975297 0.000000 0 
1649520.000000 0.816083 1649520.000000 0.816083 0.982907 0.000000 0 
1294080.000000 0.900080 1294080.000000 0.900080 0.988797 0.000000 0 
1174560.000000 0.954344 1174560.000000 0.954344 0.994751 0.000000 0 
1423920.000000 0.853284 1423920.000000 0.853284 0.981306 0.000000 0 
1622400.000000 0.819810 1622400.000000 0.819810 0.977434 0.000000 0 
1207440.000000 0.934216 1207440.000000 0.934216 0.987162 0.000000 0 
1513200.000000 0.834738 1513200.000000 0.834738 0.994880 0.000000 0 
1707840.000000 0.807842 1707840.000000 0.807842 0.994251 0.000000 0 
1247280.000000 0.915631 1247280.000000 0.915631 0.982488 0.000000 0 
1561200.000000 0.826622 1561200.000000 0.826622 0.977946 0.000000 0 
1232160.000000 0.920119 1232160.000000 0.920119 0.998511 0.000000 0 
1810800.000000 0.799706 1810800.000000 0.799706 0.986934 0.000000 0 
1342560.000000 0.883814 1342560.000000 0.883814 0.975995 0.000000 0 
1799280.000000 0.800259 1799280.000000 0.800259 0.997689 0.000000 0 
1719600.000000 0.807536 1719600.000000 0.807536 0.978191 0.000000 0 
1972080.000000 0.793378 1972080.000000 0.793378 0.983828 0.000000 0 
1880880.000000 0.797983 1880880.000000 0.797983 0.999440 0.000000 0 
1134240.000000 1.024495 1134240.000000 1.024495 0.994339 0.000000 0 
1900080.000000 0.797038 1900080.000000 0.797038 0.999183 0.000000 0 
1081200.000000 1.087117 1081200.000000 1.087117 0.998211 0.000000 0 
1438560.000000 0.849699 1438560.000000 0.849699 0.985215 0.000000 0 
1750320.000000 0.805179 1750320.000000 0.805179 0.976801 0.000000 0 
1102560.000000 1.064283 1102560.000000 1.064283 0.990973 0.000000 0 
1216080.000000 0.932736 1216080.000000 0.932736 0.987227 0.000000 0 
1038960.000000 1.192909 1038960.000000 1.192909 0.998464 0.000000 0 
1111200.000000 1.054409 1111200.000000 1.054409 0.991326 0.000000 0 
1147200.000000 1.007148 1147200.000000 1.007148 0.987854 0.000000 0 
1104480.000000 1.054488 1104480.000000 1.054488 0.994738 0.000000 0 
1163040.000000 0.975661 1163040.000000 0.975661 0.989060 0.000000 0 
1240080.000000 0.919687 1240080.000000 0.919687 0.995846 0.000000 0 
999600.000000 1.497407 999600.000000 1.497407 0.999538 0.000000 0 
1127040.000000 1.025700 1127040.000000 1.025700 0.997048 0.000000 0 
1754160.000000 0.804572 1754160.000000 0.804572 0.983710 0.000000 0 
1889520.000000 0.797123 1889520.000000 0.797123 0.988315 0.000000 0 
1326720.000000 0.887385 1326720.000000 0.887385 0.973017 0.000000 0 
1430640.000000 0.853142 1430640.000000 0.853142 0.981353 0.000000 0 
1052400.000000 1.140669 1052400.000000 1.140669 0.998712 0.000000 0 
1163040.000000 0.975661 1163040.000000 0.975661 0.989060 0.000000 0 
1511280.000000 0.837550 1511280.000000 0.837550 0.986147 0.000000 0 
1333680.000000 0.884097 1333680.000000 0.884097 0.992376 0.000000 0 
1329840.000000 0.887232 1329840.000000 0.887232 0.977513 0.000000 0 
#Generacion: 4500 
#Distancia: 311.179596 
975840.000000 1.627433 975840.000000 1.627433 0.997202 0.000000 0 
1977840.000000 0.792637 1977840.000000 0.792637 0.997755 0.000000 0 
975840.000000 1.627433 975840.000000 1.627433 0.997202 0.000000 0 
994080.000000 1.385350 994080.000000 1.385350 0.998406 0.000000 0 
989280.000000 1.625594 989280.000000 1.625594 0.999818 0.000000 0 
1001760.000000 1.372530 1001760.000000 1.372530 0.996799 0.000000 0 
1005600.000000 1.282973 1005600.000000 1.282973 0.998082 0.000000 0 
1040400.000000 1.151262 1040400.000000 1.151262 0.999570 0.000000 0 
1140240.000000 0.984776 1140240.000000 0.984776 0.995614 0.000000 0 
1018320.000000 1.280349 1018320.000000 1.280349 0.995980 0.000000 0 
1189920.000000 0.943839 1189920.000000 0.943839 0.984274 0.000000 0 
1296960.000000 0.891228 1296960.000000 0.891228 0.986036 0.000000 0 
1140000.000000 1.021615 1140000.000000 1.021615 0.995108 0.000000 0 
1202160.000000 0.930481 1202160.000000 0.930481 0.984061 0.000000 0 
1049040.000000 1.119169 1049040.000000 1.119169 0.998168 0.000000 0 
1080240.000000 1.070118 1080240.000000 1.070118 0.997166 0.000000 0 
1269360.000000 0.901917 1269360.000000 0.901917 0.972257 0.000000 0 
1914480.000000 0.796298 1914480.000000 0.796298 0.988220 0.000000 0 
1095120.000000 1.050962 1095120.000000 1.050962 0.997845 0.000000 0 
1436400.000000 0.851303 1436400.000000 0.851303 0.990721 0.000000 0 
1029120.000000 1.221399 1029120.000000 1.221399 0.997487 0.000000 0 
1071120.000000 1.090661 1071120.000000 1.090661 0.999665 0.000000 0 
1019040.000000 1.244965 1019040.000000 1.244965 0.997237 0.000000 0 
1031040.000000 1.194016 1031040.000000 1.194016 0.996324 0.000000 0 
1842480.000000 0.798529 1842480.000000 0.798529 0.981958 0.000000 0 
1398720.000000 0.863674 1398720.000000 0.863674 0.987031 0.000000 0 
1217040.000000 0.923929 1217040.000000 0.923929 0.989483 0.000000 0 
1719600.000000 0.807536 1719600.000000 0.807536 0.978191 0.000000 0 
1174560.000000 0.954344 1174560.000000 0.954344 0.994751 0.000000 0 
1110960.000000 1.046977 1110960.000000 1.046977 0.995227 0.000000 0 
1022400.000000 1.223030 1022400.000000 1.223030 0.997973 0.000000 0 
1754160.000000 0.804572 1754160.000000 0.804572 0.983710 0.000000 0 
1950960.000000 0.793364 1950960.000000 0.793364 0.991844 0.000000 0 
1736400.000000 0.806230 1736400.000000 0.806230 0.982887 0.000000 0 
1087920.000000 1.065451 1087920.000000 1.065451 0.991783 0.000000 0 
1505760.000000 0.838672 1505760.000000 0.838672 0.981943 0.000000 0 
1448880.000000 0.848447 1448880.000000 0.848447 0.995390 0.000000 0 
1491120.000000 0.842197 1491120.000000 0.842197 0.998059 0.000000 0 
1770240.000000 0.802509 1770240.000000 0.802509 0.977317 0.000000 0 
1228560.000000 0.919720 1228560.000000 0.919720 0.990588 0.000000 0 
1666320.000000 0.814587 1666320.000000 0.814587 0.992059 0.000000 0 
1036080.000000 1.193467 1036080.000000 1.193467 0.995513 0.000000 0 
1149600.000000 0.979335 1149600.000000 0.979335 0.990593 0.000000 0 
1826160.000000 0.799530 1826160.000000 0.799530 0.987483 0.000000 0 
1678560.000000 0.811595 1678560.000000 0.811595 0.977704 0.000000 0 
1463520.000000 0.843647 1463520.000000 0.843647 0.984842 0.000000 0 
1518960.000000 0.834134 1518960.000000 0.834134 0.976332 0.000000 0 
1581360.000000 0.821920 1581360.000000 0.821920 0.976893 0.000000 0 
1117440.000000 1.027586 1117440.000000 1.027586 0.998291 0.000000 0 
1784880.000000 0.800913 1784880.000000 0.800913 0.991983 0.000000 0 
1036560.000000 1.170381 1036560.000000 1.170381 0.996706 0.000000 0 
1310640.000000 0.889714 1310640.000000 0.889714 0.990531 0.000000 0 
1347840.000000 0.871879 1347840.000000 0.871879 0.992993 0.000000 0 
1388160.000000 0.868241 1388160.000000 0.868241 0.985395 0.000000 0 
1368000.000000 0.870888 1368000.000000 0.870888 0.981637 0.000000 0 
1115520.000000 1.035845 1115520.000000 1.035845 0.999972 0.000000 0 
1136880.000000 1.027157 1136880.000000 1.027157 0.999812 0.000000 0 
1019040.000000 1.244965 1019040.000000 1.244965 0.997237 0.000000 0 
1474080.000000 0.842218 1474080.000000 0.842218 0.987731 0.000000 0 
1647840.000000 0.814762 1647840.000000 0.814762 0.994877 0.000000 0 
1699200.000000 0.807867 1699200.000000 0.807867 0.994392 0.000000 0 
1063440.000000 1.092225 1063440.000000 1.092225 0.998734 0.000000 0 
1415520.000000 0.857712 1415520.000000 0.857712 0.976176 0.000000 0 
1163040.000000 0.975661 1163040.000000 0.975661 0.989060 0.000000 0 
1239600.000000 0.913676 1239600.000000 0.913676 0.977439 0.000000 0 
1548720.000000 0.828734 1548720.000000 0.828734 0.975816 0.000000 0 
1622400.000000 0.819810 1622400.000000 0.819810 0.977434 0.000000 0 
1320960.000000 0.885170 1320960.000000 0.885170 0.980465 0.000000 0 
1810800.000000 0.799706 1810800.000000 0.799706 0.986934 0.000000 0 
1969200.000000 0.792954 1969200.000000 0.792954 0.993237 0.000000 0 
1255680.000000 0.909641 1255680.000000 0.909641 0.975297 0.000000 0 
1056960.000000 1.102671 1056960.000000 1.102671 0.998569 0.000000 0 
1049040.000000 1.119169 1049040.000000 1.119169 0.998168 0.000000 0 
1600560.000000 0.821707 1600560.000000 0.821707 0.982562 0.000000 0 
1864560.000000 0.798010 1864560.000000 0.798010 0.995121 0.000000 0 
1799280.000000 0.800259 1799280.000000 0.800259 0.997689 0.000000 0 
1869120.000000 0.797867 1869120.000000 0.797867 0.993360 0.000000 0 
1571760.000000 0.824384 1571760.000000 0.824384 0.977961 0.000000 0 
1165920.000000 0.955997 1165920.000000 0.955997 0.998331 0.000000 0 
1165200.000000 0.968672 1165200.000000 0.968672 0.981638 0.000000 0 
1695600.000000 0.811467 1695600.000000 0.811467 0.981838 0.000000 0 
1890480.000000 0.797067 1890480.000000 0.797067 0.993548 0.000000 0 
1607040.000000 0.820249 1607040.000000 0.820249 0.976416 0.000000 0 
1415520.000000 0.857712 1415520.000000 0.857712 0.976176 0.000000 0 
1036560.000000 1.170381 1036560.000000 1.170381 0.996706 0.000000 0 
1375680.000000 0.870020 1375680.000000 0.870020 0.986457 0.000000 0 
1267440.000000 0.905406 1267440.000000 0.905406 0.980961 0.000000 0 
1536240.000000 0.831704 1536240.000000 0.831704 0.976624 0.000000 0 
1890480.000000 0.797067 1890480.000000 0.797067 0.993548 0.000000 0 
1339920.000000 0.873057 1339920.000000 0.873057 0.997167 0.000000 0 
1632960.000000 0.818527 1632960.000000 0.818527 0.973431 0.000000 0 
1338240.000000 0.882297 1338240.000000 0.882297 0.988906 0.000000 0 
1247760.000000 0.912115 1247760.000000 0.912115 0.976309 0.000000 0 
1331520.000000 0.883869 1331520.000000 0.883869 0.988015 0.000000 0 
1931760.000000 0.793529 1931760.000000 0.793529 0.985984 0.000000 0 
1532400.000000 0.834125 1532400.000000 0.834125 0.978627 0.000000 0 
1641600.000000 0.817994 1641600.000000 0.817994 0.976869 0.000000 0 
1931760.000000 0.793529 1931760.000000 0.793529 0.985984 0.000000 0 
1056960.000000 1.102671 1056960.000000 1.102671 0.998569 0.000000 0 
1559280.000000 0.825941 1559280.000000 0.825941 0.975582 0.000000 0 
#Generacion: 5000 
#Distancia: 322.321818 
