50652034.060652 48688115.738303 1963920.000000 1.677651 5.868811 48688114.060652 30 
13244098214337.669922 13244096359859.978516 1854480.000000 2.309464 1324410.635986 13244096359857.669922 71 
46913763.920852 44946725.366667 1967040.000000 1.445815 5.494672 44946723.920852 16 
50201065.989332 48127948.221934 2073120.000000 2.232602 5.812795 48127945.989332 28 
18945477.659840 16897559.155360 2047920.000000 1.495520 2.689756 16897557.659840 0 
42051874.375430 40058435.835487 1993440.000000 1.460058 5.005843 40058434.375430 8 
55258786.499517 53274947.773041 1983840.000000 1.273523 6.327495 53274946.499517 42 
71715053.511806 69638814.757081 2076240.000000 1.245275 7.963881 69638813.511806 58 
75681379268001.625000 75681377329043.234375 1938960.000000 1.613751 7568138.732904 75681377329041.625000 82 
61920568361307.390625 61920566380588.898438 1980720.000000 1.508579 6192057.638059 61920566380587.390625 80 
47243814.208378 45044696.266021 2199120.000000 2.057643 5.504469 45044694.208378 17 
10829230467845.841797 10829228576887.304688 1890960.000000 1.463498 1082923.857689 10829228576885.841797 70 
71713887456845.453125 71713885403406.937500 2053440.000000 1.491162 7171389.540341 71713885403405.453125 81 
77502785.175718 75439746.674169 2063040.000000 1.498451 8.543975 75439745.175718 61 
23951457.468040 21737219.168845 2214240.000000 1.700804 3.173722 21737217.468040 2 
50399230.917594 48492672.420075 1906560.000000 1.502481 5.849267 48492670.917594 29 
96018649.593534 93808491.545385 2210160.000000 1.951851 10.380849 93808489.593534 67 
127791330616380.203125 127791328796461.953125 1819920.000000 1.743191 12779133.879646 127791328796460.203125 85 
48854059.824447 46850062.055354 2004000.000000 2.230907 5.685006 46850059.824447 23 
91033158.296371 89223320.645751 1809840.000000 2.349379 9.922332 89223318.296371 64 
64282806.583069 62328488.074959 1954320.000000 1.491890 7.232849 62328486.583069 52 
62237424.735163 60302786.164261 1934640.000000 1.429099 7.030278 60302784.735163 50 
179557783329886.562500 179557781131247.812500 2198640.000000 1.259754 17955779.113125 179557781131246.562500 87 
208568953213443.562500 208568951307605.375000 1905840.000000 1.822375 20856896.130760 208568951307603.562500 88 
45783142889106.593750 45783140836388.000000 2052720.000000 1.404456 4578315.083639 45783140836386.593750 78 
68457403.594372 66588526.229882 1868880.000000 2.635510 7.658852 66588523.594372 55 
66972225.250353 65062307.394430 1909920.000000 2.144077 7.506231 65062305.250353 53 
43446681626418.320312 43446679535780.179688 2090640.000000 1.860880 4344668.953578 43446679535778.320312 77 
96089046064432.343750 96089044068353.703125 1996080.000000 1.365104 9608905.406835 96089044068352.343750 83 
69454753.223219 67468035.324996 1986720.000000 2.101777 7.746803 67468033.223219 56 
68212709.134163 66245191.453116 1967520.000000 2.318953 7.624519 66245189.134163 54 
48461079.201598 46421800.719104 2039280.000000 1.517506 5.642180 46421799.201598 22 
48838063.131961 46881344.571034 1956720.000000 1.439072 5.688134 46881343.131961 23 
47234962.596431 45277043.967729 1957920.000000 1.371298 5.527704 45277042.596431 18 
44035623.435951 41927705.410980 2107920.000000 1.975029 5.192770 41927703.435951 12 
34239119.272643 31966800.696401 2272320.000000 1.423758 4.196680 31966799.272643 6 
51570001.637536 49818003.676996 1752000.000000 2.039460 5.981800 49818001.637536 33 
47907379.630915 45918021.267296 1989360.000000 1.636381 5.591802 45918019.630915 19 
45579662.805906 43606145.792084 1973520.000000 2.986177 5.360614 43606142.805906 14 
61621833.773629 59595755.194993 2026080.000000 1.421364 6.959575 59595753.773629 49 
61297093.488203 59381894.845804 1915200.000000 1.357601 6.938189 59381893.488203 48 
53973592.265853 51991913.870813 1981680.000000 1.604960 6.199191 51991912.265853 38 
91402229.134612 89390551.452814 2011680.000000 2.318202 9.939055 89390549.134612 65 
54108273.352030 52349554.755372 1758720.000000 1.403342 6.234955 52349553.352030 39 
47231097.455550 45265499.116580 1965600.000000 1.661031 5.526550 45265497.455550 17 
54902675.397094 52886437.342995 2016240.000000 1.945901 6.288644 52886435.397094 41 
21315598.696223 19306800.037590 2008800.000000 1.341367 2.930680 19306798.696223 1 
10601764812698.160156 10601762866780.007812 1945920.000000 1.846790 1060177.286678 10601762866778.160156 69 
42196649.174189 40111770.801706 2084880.000000 1.627517 5.011177 40111769.174189 9 
48112275.622259 46025716.912119 2086560.000000 1.289860 5.602572 46025715.622259 20 
55312994.500525 53405476.369023 1907520.000000 1.868498 6.340547 53405474.500525 43 
51786371.774747 49741813.204688 2044560.000000 1.429941 5.974181 49741811.774747 33 
52502436075140.679688 52502433936502.054688 2138640.000000 1.372282 5250244.393650 52502433936500.679688 79 
58466845.654866 56481327.527411 1985520.000000 1.872545 6.648133 56481325.654866 45 
43289822.647469 41348464.121029 1941360.000000 1.473560 5.134846 41348462.647469 11 
122583333656759.656250 122583331621081.265625 2035680.000000 1.611826 12258334.162108 122583331621079.656250 84 
49067431.999618 46917033.501505 2150400.000000 1.501887 5.691703 46917031.999618 24 
42753727.005531 40586048.289855 2167680.000000 1.284324 5.058605 40586047.005531 10 
49114513.009649 47245154.519652 1869360.000000 1.510003 5.724515 47245153.009649 25 
51921700.309022 49811621.689777 2110080.000000 1.380755 5.981162 49811620.309022 34 
62719570.877396 60529812.915751 2189760.000000 2.038355 7.052981 60529810.877396 51 
41201000362669.093750 41200998468110.625000 1894560.000000 1.532784 4120100.846811 41200998468109.093750 76 
49651641.979654 47706443.447213 1945200.000000 1.467559 5.770644 47706441.979654 26 
49941397.125997 48047798.728937 1893600.000000 1.602940 5.804780 48047797.125997 27 
57957890.624460 55949092.146858 2008800.000000 1.522397 6.594909 55949090.624460 44 
54561962.034966 52663563.334971 1898400.000000 1.300005 6.266356 52663562.034966 40 
29604507.989988 27642750.132382 1961760.000000 2.142394 3.764275 27642747.989988 5 
46454373.732718 44305175.219745 2149200.000000 1.487027 5.430517 44305173.732718 15 
75472497.588520 73346339.281288 2126160.000000 1.692768 8.334634 73346337.588520 60 
131814444123466.140625 131814441993948.031250 2129520.000000 1.884356 13181445.199395 131814441993946.140625 86 
58917161.226486 56921322.880687 1995840.000000 1.654202 6.692132 56921321.226486 46 
83516680.695030 81471402.355104 2045280.000000 1.660073 9.147140 81471400.695030 62 
52595672.107980 50596233.601721 1999440.000000 1.493742 6.059623 50596232.107980 36 
48881114.622919 46920796.322764 1960320.000000 1.699845 5.692079 46920794.622919 24 
87665450.447099 85811933.106106 1853520.000000 2.659007 9.581193 85811930.447099 63 
51093647.440703 49141729.138626 1951920.000000 1.697923 5.914173 49141727.440703 31 
70262762.478299 68330765.323433 1932000.000000 2.845134 7.833076 68330762.478299 57 
44943679.314980 42818481.078322 2125200.000000 1.763342 5.281848 42818479.314980 13 
59988634.701156 57935196.279313 2053440.000000 1.578157 6.793519 57935194.701156 47 
18589601321532.652344 18589599312733.757812 2008800.000000 1.105729 1858960.931273 18589599312732.652344 73 
48865654.297966 46972776.396801 1892880.000000 2.098835 5.697277 46972774.297966 24 
57849424.742726 56113986.493836 1735440.000000 1.751110 6.611398 56113984.742726 44 
92349912.476507 90352393.797125 1997520.000000 1.320618 10.035239 90352392.476507 66 
3159415649596240.000000 3159415647685601.500000 1910640.000000 1.686162 315941565.768560 3159415647685600.000000 89 
18426881860497.808594 18426879839459.160156 2021040.000000 1.352631 1842688.983946 18426879839457.808594 72 
6090954773970726.000000 6090954771863047.000000 2107680.000000 1.143344 609095478.186305 6090954771863046.000000 90 
6058799973028.712891 6058797995670.174805 1977360.000000 1.461795 605880.799567 6058797995668.712891 68 
49159864.811801 47074745.818561 2085120.000000 1.006760 5.707474 47074744.811801 25 
34526000016069.652344 34525998163272.781250 1852800.000000 3.129312 3452600.816327 34525998163269.652344 74 
24732398.511242 22700080.680515 2032320.000000 2.169273 3.270008 22700078.511242 3 
52064993.864984 50048515.438895 2016480.000000 1.573911 6.004851 50048513.864984 35 
48730178.214177 46889860.153523 1840320.000000 1.939345 5.688986 46889858.214177 23 
53631910.679058 51655992.745762 1975920.000000 2.066705 6.165599 51655990.679058 37 
35687935555322.242188 35687933633884.867188 1921440.000000 2.622823 3568794.363388 35687933633882.242188 75 
29112066.046861 27098947.443434 2013120.000000 1.396573 3.709895 27098946.046861 4 
41237536.952933 39217938.303700 2019600.000000 1.350767 4.921794 39217936.952933 7 
74509379.196334 72453061.084376 2056320.000000 1.888042 8.245306 72453059.196334 59 
51300363.763350 49416605.858881 1883760.000000 2.095531 5.941660 49416603.763350 32 
48414372.368562 46397414.058677 2016960.000000 1.690115 5.639741 46397412.368562 21 
50154224.092614 47951745.441518 2202480.000000 1.348904 5.795174 47951744.092614 27 
#Generacion: 1 
#Distancia: 782.881818 
1694400.000000 0.864060 1694400.000000 0.864060 0.992686 0.000000 0 
1385520.000000 1.014824 1385520.000000 1.014824 0.933943 0.000000 0 
1402080.000000 1.013721 1402080.000000 1.013721 0.926714 0.000000 0 
1334880.000000 1.053744 1334880.000000 1.053744 0.999205 0.000000 0 
1525680.000000 0.900703 1525680.000000 0.900703 0.986358 0.000000 0 
1370880.000000 1.037442 1370880.000000 1.037442 0.976855 0.000000 0 
1492800.000000 0.922655 1492800.000000 0.922655 0.994108 0.000000 0 
1492800.000000 0.922655 1492800.000000 0.922655 0.994108 0.000000 0 
1376160.000000 1.028009 1376160.000000 1.028009 0.932869 0.000000 0 
1813440.000000 0.846635 1813440.000000 0.846635 0.985818 0.000000 0 
1334880.000000 1.053744 1334880.000000 1.053744 0.999205 0.000000 0 
1645920.000000 0.868150 1645920.000000 0.868150 0.996126 0.000000 0 
1492800.000000 0.922655 1492800.000000 0.922655 0.994108 0.000000 0 
1789200.000000 0.848017 1789200.000000 0.848017 0.992675 0.000000 0 
1497120.000000 0.901117 1497120.000000 0.901117 0.999146 0.000000 0 
1378080.000000 1.024600 1378080.000000 1.024600 0.964042 0.000000 0 
1557600.000000 0.881401 1557600.000000 0.881401 0.993955 0.000000 0 
1370880.000000 1.037442 1370880.000000 1.037442 0.976855 0.000000 0 
1813440.000000 0.846635 1813440.000000 0.846635 0.985818 0.000000 0 
1403280.000000 1.001989 1403280.000000 1.001989 0.957038 0.000000 0 
1277520.000000 1.370642 1277520.000000 1.370642 0.999157 0.000000 0 
1306080.000000 1.288740 1306080.000000 1.288740 0.993570 0.000000 0 
1493520.000000 0.922362 1493520.000000 0.922362 0.992207 0.000000 0 
1420080.000000 0.943362 1420080.000000 0.943362 0.985848 0.000000 0 
1530240.000000 0.895007 1530240.000000 0.895007 0.993238 0.000000 0 
1701120.000000 0.851984 1701120.000000 0.851984 0.988426 0.000000 0 
1695840.000000 0.860632 1695840.000000 0.860632 0.975478 0.000000 0 
1799760.000000 0.847898 1799760.000000 0.847898 0.993138 0.000000 0 
1525680.000000 0.900703 1525680.000000 0.900703 0.986358 0.000000 0 
1489200.000000 0.934332 1489200.000000 0.934332 0.992976 0.000000 0 
2008800.000000 0.845738 2008800.000000 0.845738 0.997621 0.000000 0 
1432560.000000 0.940220 1432560.000000 0.940220 0.960030 0.000000 0 
1551600.000000 0.885177 1551600.000000 0.885177 0.996920 0.000000 0 
1593600.000000 0.875223 1593600.000000 0.875223 0.984114 0.000000 0 
1548480.000000 0.885242 1548480.000000 0.885242 0.987073 0.000000 0 
1297440.000000 1.292272 1297440.000000 1.292272 0.997053 0.000000 0 
1781760.000000 0.848693 1781760.000000 0.848693 0.991200 0.000000 0 
1534320.000000 0.893595 1534320.000000 0.893595 0.972914 0.000000 0 
1770240.000000 0.848967 1770240.000000 0.848967 0.987706 0.000000 0 
1608000.000000 0.870280 1608000.000000 0.870280 0.998882 0.000000 0 
1653120.000000 0.865902 1653120.000000 0.865902 0.983182 0.000000 0 
1430640.000000 0.940845 1430640.000000 0.940845 0.985797 0.000000 0 
1580160.000000 0.879271 1580160.000000 0.879271 0.991969 0.000000 0 
1351200.000000 1.047265 1351200.000000 1.047265 0.989916 0.000000 0 
1495920.000000 0.902953 1495920.000000 0.902953 0.999034 0.000000 0 
1605360.000000 0.875060 1605360.000000 0.875060 0.970641 0.000000 0 
1673520.000000 0.865447 1673520.000000 0.865447 0.982422 0.000000 0 
1770240.000000 0.848967 1770240.000000 0.848967 0.987706 0.000000 0 
1406880.000000 0.979941 1406880.000000 0.979941 0.991444 0.000000 0 
1379520.000000 1.020169 1379520.000000 1.020169 0.942104 0.000000 0 
1813440.000000 0.846635 1813440.000000 0.846635 0.985818 0.000000 0 
1761840.000000 0.851474 1761840.000000 0.851474 0.986759 0.000000 0 
1318560.000000 1.076487 1318560.000000 1.076487 0.997522 0.000000 0 
1402560.000000 1.014815 1402560.000000 1.014815 0.948652 0.000000 1 
1521360.000000 0.901330 1521360.000000 0.901330 0.993054 0.000000 1 
1514880.000000 0.901600 1514880.000000 0.901600 0.990838 0.000000 1 
1576800.000000 0.882436 1576800.000000 0.882436 0.982638 0.000000 1 
1375200.000000 1.044494 1375200.000000 1.044494 0.981384 0.000000 1 
1743120.000000 0.853032 1743120.000000 0.853032 0.999247 0.000000 1 
1721760.000000 0.855206 1721760.000000 0.855206 0.984043 0.000000 1 
1721760.000000 0.855206 1721760.000000 0.855206 0.984043 0.000000 1 
1700880.000000 0.862327 1700880.000000 0.862327 0.979491 0.000000 1 
1710240.000000 0.860673 1710240.000000 0.860673 0.975589 0.000000 1 
1603440.000000 0.877001 1603440.000000 0.877001 0.978851 0.000000 1 
1549680.000000 0.888797 1549680.000000 0.888797 0.999716 0.000000 1 
1568640.000000 0.886216 1568640.000000 0.886216 0.975597 0.000000 1 
1560960.000000 0.888746 1560960.000000 0.888746 0.997277 0.000000 1 
1313280.000000 1.350111 1313280.000000 1.350111 0.998237 0.000000 1 
1630800.000000 0.871205 1630800.000000 0.871205 0.988663 0.000000 1 
1621440.000000 0.871899 1621440.000000 0.871899 0.988362 0.000000 1 
1612800.000000 0.874570 1612800.000000 0.874570 0.988558 0.000000 1 
1657680.000000 0.867882 1657680.000000 0.867882 0.985772 0.000000 1 
1433760.000000 0.943974 1433760.000000 0.943974 0.989820 0.000000 1 
1596000.000000 0.879552 1596000.000000 0.879552 0.980676 0.000000 1 
1582560.000000 0.882172 1582560.000000 0.882172 0.998372 0.000000 1 
1588080.000000 0.879923 1588080.000000 0.879923 0.992619 0.000000 1 
1585200.000000 0.880334 1585200.000000 0.880334 0.995338 0.000000 1 
1588080.000000 0.879923 1588080.000000 0.879923 0.992619 0.000000 1 
1357920.000000 1.064263 1357920.000000 1.064263 0.974126 0.000000 1 
1366560.000000 1.049724 1366560.000000 1.049724 0.986358 0.000000 1 
1369440.000000 1.049027 1369440.000000 1.049027 0.961667 0.000000 1 
1496640.000000 0.909363 1496640.000000 0.909363 0.994276 0.000000 1 
1610160.000000 0.875835 1610160.000000 0.875835 0.975535 0.000000 1 
1812960.000000 0.850514 1812960.000000 0.850514 0.988524 0.000000 1 
1416960.000000 0.982272 1416960.000000 0.982272 0.994907 0.000000 1 
1408560.000000 1.002492 1408560.000000 1.002492 0.983367 0.000000 1 
1413120.000000 0.985918 1413120.000000 0.985918 0.949788 0.000000 1 
1412160.000000 0.996709 1412160.000000 0.996709 0.985189 0.000000 1 
1409520.000000 0.997876 1409520.000000 0.997876 0.986402 0.000000 1 
1409520.000000 0.997876 1409520.000000 0.997876 0.986402 0.000000 1 
1416960.000000 0.982272 1416960.000000 0.982272 0.994907 0.000000 1 
1388160.000000 1.043071 1388160.000000 1.043071 0.976615 0.000000 1 
1398000.000000 1.028809 1398000.000000 1.028809 0.976671 0.000000 1 
1389600.000000 1.030852 1389600.000000 1.030852 0.954718 0.000000 1 
1394160.000000 1.028907 1394160.000000 1.028907 0.950321 0.000000 1 
1814400.000000 0.846758 1814400.000000 0.846758 0.992561 0.000000 1 
1782960.000000 0.852520 1782960.000000 0.852520 0.984274 0.000000 1 
1328160.000000 1.125600 1328160.000000 1.125600 0.992671 0.000000 1 
1325280.000000 1.282963 1325280.000000 1.282963 0.991255 0.000000 1 
1341840.000000 1.108151 1341840.000000 1.108151 0.991689 0.000000 1 
#Generacion: 500 
#Distancia: 257.598182 
1373040.000000 0.879854 1373040.000000 0.879854 0.985520 0.000000 0 
1481520.000000 0.849798 1481520.000000 0.849798 0.992966 0.000000 0 
1194960.000000 1.038450 1194960.000000 1.038450 0.989960 0.000000 0 
1433760.000000 0.865509 1433760.000000 0.865509 0.995044 0.000000 0 
1482480.000000 0.849653 1482480.000000 0.849653 0.992658 0.000000 0 
1276560.000000 0.941287 1276560.000000 0.941287 0.977042 0.000000 0 
1613040.000000 0.829847 1613040.000000 0.829847 0.975941 0.000000 0 
1520160.000000 0.841489 1520160.000000 0.841489 0.997835 0.000000 0 
1689360.000000 0.820286 1689360.000000 0.820286 0.993492 0.000000 0 
1250880.000000 0.961885 1250880.000000 0.961885 0.986649 0.000000 0 
1421040.000000 0.866127 1421040.000000 0.866127 0.988335 0.000000 0 
1459440.000000 0.855085 1459440.000000 0.855085 0.999115 0.000000 0 
1263600.000000 0.953786 1263600.000000 0.953786 0.999350 0.000000 0 
1330080.000000 0.890339 1330080.000000 0.890339 0.987239 0.000000 0 
1313280.000000 0.915054 1313280.000000 0.915054 0.986426 0.000000 0 
1320480.000000 0.907440 1320480.000000 0.907440 0.994331 0.000000 0 
1320480.000000 0.907440 1320480.000000 0.907440 0.994331 0.000000 0 
1470000.000000 0.853747 1470000.000000 0.853747 0.992275 0.000000 0 
1384320.000000 0.875614 1384320.000000 0.875614 0.993331 0.000000 0 
1435200.000000 0.863336 1435200.000000 0.863336 0.986690 0.000000 0 
1163520.000000 1.225385 1163520.000000 1.225385 0.990459 0.000000 0 
1532160.000000 0.840763 1532160.000000 0.840763 0.991129 0.000000 0 
1572000.000000 0.837374 1572000.000000 0.837374 0.991507 0.000000 0 
1368000.000000 0.882802 1368000.000000 0.882802 0.987243 0.000000 0 
1269840.000000 0.949618 1269840.000000 0.949618 0.997921 0.000000 0 
1482480.000000 0.849653 1482480.000000 0.849653 0.992658 0.000000 0 
1473840.000000 0.851337 1473840.000000 0.851337 0.989519 0.000000 0 
1678800.000000 0.821618 1678800.000000 0.821618 0.986531 0.000000 0 
1537200.000000 0.839883 1537200.000000 0.839883 0.989677 0.000000 0 
1468080.000000 0.853888 1468080.000000 0.853888 0.995526 0.000000 0 
1488000.000000 0.849460 1488000.000000 0.849460 0.991114 0.000000 0 
1278000.000000 0.940184 1278000.000000 0.940184 0.995077 0.000000 0 
1312800.000000 0.915744 1312800.000000 0.915744 0.991660 0.000000 0 
1224720.000000 0.994932 1224720.000000 0.994932 0.985930 0.000000 0 
1633200.000000 0.829560 1633200.000000 0.829560 0.974708 0.000000 0 
1201680.000000 1.036924 1201680.000000 1.036924 0.993956 0.000000 0 
1365360.000000 0.883557 1365360.000000 0.883557 0.995310 0.000000 0 
1271520.000000 0.941699 1271520.000000 0.941699 0.992747 0.000000 0 
1279920.000000 0.933395 1279920.000000 0.933395 0.996018 0.000000 0 
1361280.000000 0.883780 1361280.000000 0.883780 0.988126 0.000000 0 
1447680.000000 0.860338 1447680.000000 0.860338 0.991990 0.000000 0 
1439520.000000 0.862420 1439520.000000 0.862420 0.991768 0.000000 0 
1388160.000000 0.873103 1388160.000000 0.873103 0.995183 0.000000 0 
1271520.000000 0.941699 1271520.000000 0.941699 0.992747 0.000000 0 
1263600.000000 0.953786 1263600.000000 0.953786 0.999350 0.000000 0 
1279920.000000 0.933395 1279920.000000 0.933395 0.996018 0.000000 0 
1572000.000000 0.837374 1572000.000000 0.837374 0.991507 0.000000 0 
1481520.000000 0.849798 1481520.000000 0.849798 0.992966 0.000000 0 
1537200.000000 0.839883 1537200.000000 0.839883 0.989677 0.000000 0 
1539120.000000 0.837458 1539120.000000 0.837458 0.990120 0.000000 0 
1330080.000000 0.890339 1330080.000000 0.890339 0.987239 0.000000 0 
1532160.000000 0.840763 1532160.000000 0.840763 0.991129 0.000000 0 
1581360.000000 0.834502 1581360.000000 0.834502 0.985043 0.000000 0 
1314720.000000 0.913274 1314720.000000 0.913274 0.985790 0.000000 0 
1271520.000000 0.941699 1271520.000000 0.941699 0.992747 0.000000 0 
1263600.000000 0.953786 1263600.000000 0.953786 0.999350 0.000000 0 
1353120.000000 0.886369 1353120.000000 0.886369 0.983270 0.000000 0 
1604400.000000 0.830844 1604400.000000 0.830844 0.986846 0.000000 0 
1208880.000000 1.020564 1208880.000000 1.020564 0.996245 0.000000 0 
1581360.000000 0.834502 1581360.000000 0.834502 0.985043 0.000000 0 
1396800.000000 0.867306 1396800.000000 0.867306 0.982228 0.000000 0 
1581360.000000 0.834502 1581360.000000 0.834502 0.985043 0.000000 0 
1579200.000000 0.835254 1579200.000000 0.835254 0.989148 0.000000 0 
1435200.000000 0.863336 1435200.000000 0.863336 0.986690 0.000000 0 
1442640.000000 0.860516 1442640.000000 0.860516 0.998545 0.000000 0 
1290240.000000 0.918123 1290240.000000 0.918123 0.983877 0.000000 0 
1282800.000000 0.930123 1282800.000000 0.930123 0.993272 0.000000 0 
1217760.000000 1.019244 1217760.000000 1.019244 0.996653 0.000000 0 
1596480.000000 0.831335 1596480.000000 0.831335 0.997890 0.000000 0 
1454400.000000 0.856362 1454400.000000 0.856362 0.995869 0.000000 0 
1532160.000000 0.840763 1532160.000000 0.840763 0.991129 0.000000 0 
1330080.000000 0.890339 1330080.000000 0.890339 0.987239 0.000000 0 
1257840.000000 0.956073 1257840.000000 0.956073 0.994323 0.000000 0 
1450800.000000 0.859277 1450800.000000 0.859277 0.983239 0.000000 0 
1182720.000000 1.220322 1182720.000000 1.220322 0.991030 0.000000 0 
1685280.000000 0.821174 1685280.000000 0.821174 0.980684 0.000000 0 
1481520.000000 0.849798 1481520.000000 0.849798 0.992966 0.000000 0 
1642560.000000 0.827715 1642560.000000 0.827715 0.987926 0.000000 0 
1371840.000000 0.882479 1371840.000000 0.882479 0.993666 0.000000 0 
1513440.000000 0.844278 1513440.000000 0.844278 0.987658 0.000000 0 
1468080.000000 0.853888 1468080.000000 0.853888 0.995526 0.000000 0 
1596480.000000 0.831335 1596480.000000 0.831335 0.997890 0.000000 0 
1345200.000000 0.888446 1345200.000000 0.888446 0.984801 0.000000 0 
1591920.000000 0.832114 1591920.000000 0.832114 0.985793 0.000000 0 
1591920.000000 0.832114 1591920.000000 0.832114 0.985793 0.000000 0 
1330080.000000 0.890339 1330080.000000 0.890339 0.987239 0.000000 0 
1217520.000000 1.019374 1217520.000000 1.019374 0.995468 0.000000 0 
1581360.000000 0.834502 1581360.000000 0.834502 0.985043 0.000000 0 
1433760.000000 0.865509 1433760.000000 0.865509 0.995044 0.000000 0 
1223520.000000 1.016394 1223520.000000 1.016394 0.998643 0.000000 0 
1234320.000000 0.985755 1234320.000000 0.985755 0.996203 0.000000 0 
1171920.000000 1.292393 1171920.000000 1.292393 0.986872 0.000000 1 
1198560.000000 1.139073 1198560.000000 1.139073 0.991316 0.000000 1 
1180560.000000 1.267110 1180560.000000 1.267110 0.986025 0.000000 1 
1258080.000000 0.956681 1258080.000000 0.956681 0.977249 0.000000 1 
1353360.000000 0.887549 1353360.000000 0.887549 0.998567 0.000000 1 
1484400.000000 0.851760 1484400.000000 0.851760 0.998149 0.000000 1 
1210320.000000 1.036992 1210320.000000 1.036992 0.988938 0.000000 1 
1566960.000000 0.837700 1566960.000000 0.837700 0.986762 0.000000 1 
1230960.000000 1.016364 1230960.000000 1.016364 0.995408 0.000000 1 
#Generacion: 1000 
#Distancia: 194.901515 
1890000.000000 0.810138 1890000.000000 0.810138 0.967441 0.000000 0 
1112400.000000 1.370476 1112400.000000 1.370476 0.998652 0.000000 0 
1131120.000000 1.126840 1131120.000000 1.126840 0.996150 0.000000 0 
1129920.000000 1.349910 1129920.000000 1.349910 0.996846 0.000000 0 
1795920.000000 0.811594 1795920.000000 0.811594 0.995160 0.000000 0 
1138800.000000 1.115275 1138800.000000 1.115275 0.998643 0.000000 0 
1866240.000000 0.810220 1866240.000000 0.810220 0.975372 0.000000 0 
1256400.000000 0.914112 1256400.000000 0.914112 0.996090 0.000000 0 
1170720.000000 1.025507 1170720.000000 1.025507 0.996711 0.000000 0 
1748880.000000 0.812867 1748880.000000 0.812867 0.974682 0.000000 0 
1170480.000000 1.058000 1170480.000000 1.058000 0.997184 0.000000 0 
1243680.000000 0.936898 1243680.000000 0.936898 0.981558 0.000000 0 
1145520.000000 1.087199 1145520.000000 1.087199 0.978604 0.000000 0 
1207680.000000 0.966933 1207680.000000 0.966933 0.988437 0.000000 0 
1198080.000000 0.984749 1198080.000000 0.984749 0.981875 0.000000 0 
1835280.000000 0.810285 1835280.000000 0.810285 0.977688 0.000000 0 
1145520.000000 1.087199 1145520.000000 1.087199 0.978604 0.000000 0 
1153440.000000 1.068120 1153440.000000 1.068120 0.981365 0.000000 0 
1126800.000000 1.370191 1126800.000000 1.370191 0.998137 0.000000 0 
1177440.000000 1.007225 1177440.000000 1.007225 0.997181 0.000000 0 
1721040.000000 0.816661 1721040.000000 0.816661 0.994045 0.000000 0 
1821600.000000 0.810616 1821600.000000 0.810616 0.983492 0.000000 0 
1177200.000000 1.023997 1177200.000000 1.023997 0.987824 0.000000 0 
1129440.000000 1.352537 1129440.000000 1.352537 0.979107 0.000000 0 
1215360.000000 0.966541 1215360.000000 0.966541 0.982942 0.000000 0 
1165440.000000 1.058783 1165440.000000 1.058783 0.998500 0.000000 0 
1640640.000000 0.824034 1640640.000000 0.824034 0.987033 0.000000 0 
1694160.000000 0.818100 1694160.000000 0.818100 0.999359 0.000000 0 
1703760.000000 0.817042 1703760.000000 0.817042 0.995164 0.000000 0 
1567920.000000 0.832104 1567920.000000 0.832104 0.998017 0.000000 0 
1394640.000000 0.862592 1394640.000000 0.862592 0.998408 0.000000 0 
1226400.000000 0.948484 1226400.000000 0.948484 0.984862 0.000000 0 
1231920.000000 0.941774 1231920.000000 0.941774 0.984019 0.000000 0 
1460400.000000 0.849892 1460400.000000 0.849892 0.999644 0.000000 0 
1186560.000000 0.997805 1186560.000000 0.997805 0.987107 0.000000 0 
1389840.000000 0.870012 1389840.000000 0.870012 0.998132 0.000000 0 
1676400.000000 0.818741 1676400.000000 0.818741 0.981164 0.000000 0 
1582800.000000 0.830474 1582800.000000 0.830474 0.993627 0.000000 0 
1153440.000000 1.068120 1153440.000000 1.068120 0.981365 0.000000 0 
1549440.000000 0.835923 1549440.000000 0.835923 0.963439 0.000000 0 
1445760.000000 0.851570 1445760.000000 0.851570 0.991821 0.000000 0 
1890000.000000 0.810138 1890000.000000 0.810138 0.967441 0.000000 0 
1407120.000000 0.861984 1407120.000000 0.861984 0.996028 0.000000 0 
1333200.000000 0.884900 1333200.000000 0.884900 0.989985 0.000000 0 
1617600.000000 0.824387 1617600.000000 0.824387 0.990983 0.000000 0 
1321440.000000 0.885398 1321440.000000 0.885398 0.998748 0.000000 0 
1276560.000000 0.908470 1276560.000000 0.908470 0.995156 0.000000 0 
1221360.000000 0.954340 1221360.000000 0.954340 0.986004 0.000000 0 
1182960.000000 1.004463 1182960.000000 1.004463 0.993794 0.000000 0 
1589040.000000 0.829175 1589040.000000 0.829175 0.991311 0.000000 0 
1617600.000000 0.824387 1617600.000000 0.824387 0.990983 0.000000 0 
1601520.000000 0.828371 1601520.000000 0.828371 0.999699 0.000000 0 
1341840.000000 0.883090 1341840.000000 0.883090 0.988898 0.000000 0 
1306320.000000 0.893139 1306320.000000 0.893139 0.994288 0.000000 0 
1435200.000000 0.853869 1435200.000000 0.853869 0.992361 0.000000 0 
1735920.000000 0.816616 1735920.000000 0.816616 0.985674 0.000000 0 
1421520.000000 0.854482 1421520.000000 0.854482 0.998553 0.000000 0 
1660080.000000 0.821441 1660080.000000 0.821441 0.989685 0.000000 0 
1489920.000000 0.843703 1489920.000000 0.843703 0.990376 0.000000 0 
1466880.000000 0.847791 1466880.000000 0.847791 0.992027 0.000000 0 
1673280.000000 0.821357 1673280.000000 0.821357 0.983086 0.000000 0 
1379520.000000 0.870273 1379520.000000 0.870273 0.995626 0.000000 0 
1534320.000000 0.835979 1534320.000000 0.835979 0.995715 0.000000 0 
1371360.000000 0.870867 1371360.000000 0.870867 0.988387 0.000000 0 
1360080.000000 0.875749 1360080.000000 0.875749 0.971183 0.000000 0 
1499040.000000 0.843563 1499040.000000 0.843563 0.992344 0.000000 0 
1286640.000000 0.907684 1286640.000000 0.907684 0.998448 0.000000 0 
1412160.000000 0.858174 1412160.000000 0.858174 0.999916 0.000000 0 
1239120.000000 0.937905 1239120.000000 0.937905 0.997683 0.000000 0 
1365840.000000 0.874189 1365840.000000 0.874189 0.998927 0.000000 0 
1355520.000000 0.880415 1355520.000000 0.880415 0.993508 0.000000 0 
1483200.000000 0.846707 1483200.000000 0.846707 0.990017 0.000000 0 
1476480.000000 0.846972 1476480.000000 0.846972 0.989928 0.000000 0 
1269840.000000 0.912206 1269840.000000 0.912206 0.991491 0.000000 0 
1348560.000000 0.880453 1348560.000000 0.880453 0.998127 0.000000 0 
1298880.000000 0.895204 1298880.000000 0.895204 0.987158 0.000000 0 
1530240.000000 0.836157 1530240.000000 0.836157 0.992024 0.000000 0 
1504320.000000 0.840553 1504320.000000 0.840553 0.966078 0.000000 0 
1266000.000000 0.913532 1266000.000000 0.913532 0.999647 0.000000 0 
1293840.000000 0.896594 1293840.000000 0.896594 0.993435 0.000000 0 
1521840.000000 0.838934 1521840.000000 0.838934 0.991822 0.000000 0 
1509840.000000 0.839746 1509840.000000 0.839746 0.981103 0.000000 0 
1653600.000000 0.821853 1653600.000000 0.821853 0.997714 0.000000 0 
1644960.000000 0.822080 1644960.000000 0.822080 0.992882 0.000000 0 
1197120.000000 0.988735 1197120.000000 0.988735 0.988371 0.000000 0 
1315680.000000 0.892080 1315680.000000 0.892080 0.989559 0.000000 0 
1290000.000000 0.900352 1290000.000000 0.900352 0.982346 0.000000 0 
1318080.000000 0.890667 1318080.000000 0.890667 0.990252 0.000000 0 
1121040.000000 1.370365 1121040.000000 1.370365 0.998314 0.000000 0 
1419600.000000 0.857550 1419600.000000 0.857550 0.990853 0.000000 0 
1559040.000000 0.834045 1559040.000000 0.834045 0.995747 0.000000 0 
1187760.000000 0.988926 1187760.000000 0.988926 0.998774 0.000000 0 
1826640.000000 0.810420 1826640.000000 0.810420 0.977572 0.000000 0 
1739760.000000 0.815139 1739760.000000 0.815139 0.953688 0.000000 0 
1439040.000000 0.851966 1439040.000000 0.851966 0.992851 0.000000 0 
1601520.000000 0.828371 1601520.000000 0.828371 0.999699 0.000000 0 
1289280.000000 0.904190 1289280.000000 0.904190 0.994590 0.000000 0 
1221360.000000 0.954340 1221360.000000 0.954340 0.986004 0.000000 0 
1518480.000000 0.839221 1518480.000000 0.839221 0.980831 0.000000 0 
1746000.000000 0.813764 1746000.000000 0.813764 0.974318 0.000000 0 
#Generacion: 1500 
#Distancia: 246.966970 
1096320.000000 1.121601 1096320.000000 1.121601 0.991589 0.000000 0 
1977120.000000 0.799690 1977120.000000 0.799690 0.966950 0.000000 0 
1105680.000000 1.053638 1105680.000000 1.053638 0.983497 0.000000 0 
1859040.000000 0.804171 1859040.000000 0.804171 0.969495 0.000000 0 
1237680.000000 0.927137 1237680.000000 0.927137 0.987878 0.000000 0 
1124880.000000 1.047031 1124880.000000 1.047031 0.980332 0.000000 0 
1930320.000000 0.803998 1930320.000000 0.803998 0.953494 0.000000 0 
1157760.000000 1.004873 1157760.000000 1.004873 0.997257 0.000000 0 
1177680.000000 0.985794 1177680.000000 0.985794 0.995267 0.000000 0 
1554000.000000 0.831176 1554000.000000 0.831176 0.987291 0.000000 0 
1134000.000000 1.033483 1134000.000000 1.033483 0.976623 0.000000 0 
1957920.000000 0.802236 1957920.000000 0.802236 0.980238 0.000000 0 
1256400.000000 0.914112 1256400.000000 0.914112 0.996090 0.000000 0 
1530480.000000 0.835228 1530480.000000 0.835228 0.982245 0.000000 0 
1147440.000000 1.033453 1147440.000000 1.033453 0.961094 0.000000 0 
1151040.000000 1.015652 1151040.000000 1.015652 0.993353 0.000000 0 
1179360.000000 0.972846 1179360.000000 0.972846 0.994754 0.000000 0 
1204320.000000 0.963232 1204320.000000 0.963232 0.991774 0.000000 0 
1225680.000000 0.941019 1225680.000000 0.941019 0.984981 0.000000 0 
1208400.000000 0.952573 1208400.000000 0.952573 0.987618 0.000000 0 
1335840.000000 0.876784 1335840.000000 0.876784 0.997425 0.000000 0 
1575840.000000 0.828798 1575840.000000 0.828798 0.988426 0.000000 0 
1167120.000000 0.996072 1167120.000000 0.996072 0.996030 0.000000 0 
1190160.000000 0.972358 1190160.000000 0.972358 0.991151 0.000000 0 
1478400.000000 0.841533 1478400.000000 0.841533 0.979613 0.000000 0 
1321440.000000 0.885398 1321440.000000 0.885398 0.998748 0.000000 0 
1196880.000000 0.964598 1196880.000000 0.964598 0.987269 0.000000 0 
1820640.000000 0.806841 1820640.000000 0.806841 0.968139 0.000000 0 
1173600.000000 0.995608 1173600.000000 0.995608 0.980240 0.000000 0 
1333440.000000 0.881708 1333440.000000 0.881708 0.993245 0.000000 0 
1109520.000000 1.053338 1109520.000000 1.053338 0.973776 0.000000 0 
1151040.000000 1.015652 1151040.000000 1.015652 0.993353 0.000000 0 
1621680.000000 0.823424 1621680.000000 0.823424 0.979073 0.000000 0 
1310160.000000 0.887597 1310160.000000 0.887597 0.996095 0.000000 0 
1746960.000000 0.812405 1746960.000000 0.812405 0.979968 0.000000 0 
1651440.000000 0.820934 1651440.000000 0.820934 0.978946 0.000000 0 
1380000.000000 0.867140 1380000.000000 0.867140 0.999378 0.000000 0 
1930320.000000 0.803998 1930320.000000 0.803998 0.953494 0.000000 0 
1460400.000000 0.846775 1460400.000000 0.846775 0.985514 0.000000 0 
1585680.000000 0.827625 1585680.000000 0.827625 0.980014 0.000000 0 
1688640.000000 0.816982 1688640.000000 0.816982 0.990892 0.000000 0 
1602240.000000 0.824151 1602240.000000 0.824151 0.982061 0.000000 0 
1449840.000000 0.849701 1449840.000000 0.849701 0.980993 0.000000 0 
1266000.000000 0.911309 1266000.000000 0.911309 0.995581 0.000000 0 
1758480.000000 0.810239 1758480.000000 0.810239 0.981104 0.000000 0 
1768080.000000 0.809752 1768080.000000 0.809752 0.989878 0.000000 0 
1218000.000000 0.948256 1218000.000000 0.948256 0.987142 0.000000 0 
1275600.000000 0.909857 1275600.000000 0.909857 0.996661 0.000000 0 
1387440.000000 0.863658 1387440.000000 0.863658 0.995783 0.000000 0 
1293840.000000 0.896594 1293840.000000 0.896594 0.993435 0.000000 0 
1350480.000000 0.872568 1350480.000000 0.872568 0.997715 0.000000 0 
1977120.000000 0.799690 1977120.000000 0.799690 0.966950 0.000000 0 
1513920.000000 0.836577 1513920.000000 0.836577 0.996273 0.000000 0 
1596480.000000 0.824674 1596480.000000 0.824674 0.981469 0.000000 0 
1280640.000000 0.906633 1280640.000000 0.906633 0.996167 0.000000 0 
1731120.000000 0.812512 1731120.000000 0.812512 0.985431 0.000000 0 
1371360.000000 0.869704 1371360.000000 0.869704 0.997634 0.000000 0 
1699200.000000 0.814986 1699200.000000 0.814986 0.986074 0.000000 0 
1841760.000000 0.805302 1841760.000000 0.805302 0.979929 0.000000 0 
1228320.000000 0.935821 1228320.000000 0.935821 0.987154 0.000000 0 
1495680.000000 0.840723 1495680.000000 0.840723 0.995743 0.000000 0 
1235040.000000 0.935227 1235040.000000 0.935227 0.986199 0.000000 0 
1678320.000000 0.818280 1678320.000000 0.818280 0.979836 0.000000 0 
1422720.000000 0.854003 1422720.000000 0.854003 0.997625 0.000000 0 
1506480.000000 0.839810 1506480.000000 0.839810 0.980586 0.000000 0 
1299600.000000 0.890100 1299600.000000 0.890100 0.997953 0.000000 0 
1661760.000000 0.819437 1661760.000000 0.819437 0.998116 0.000000 0 
1298880.000000 0.892131 1298880.000000 0.892131 0.989277 0.000000 0 
1634160.000000 0.821565 1634160.000000 0.821565 0.983924 0.000000 0 
1416720.000000 0.856499 1416720.000000 0.856499 0.995281 0.000000 0 
1402560.000000 0.861690 1402560.000000 0.861690 0.995678 0.000000 0 
1430640.000000 0.852712 1430640.000000 0.852712 0.993780 0.000000 0 
1707840.000000 0.814723 1707840.000000 0.814723 0.987153 0.000000 0 
1363920.000000 0.870540 1363920.000000 0.870540 0.998929 0.000000 0 
1216080.000000 0.952126 1216080.000000 0.952126 0.987993 0.000000 0 
1281360.000000 0.902528 1281360.000000 0.902528 0.988230 0.000000 0 
1394640.000000 0.862592 1394640.000000 0.862592 0.998408 0.000000 0 
1841760.000000 0.805302 1841760.000000 0.805302 0.979929 0.000000 0 
1718400.000000 0.814176 1718400.000000 0.814176 0.971647 0.000000 0 
1670880.000000 0.819413 1670880.000000 0.819413 0.980439 0.000000 0 
1484160.000000 0.840820 1484160.000000 0.840820 0.982543 0.000000 0 
1288080.000000 0.898018 1288080.000000 0.898018 0.996346 0.000000 0 
1283280.000000 0.899784 1283280.000000 0.899784 0.987290 0.000000 0 
1357440.000000 0.872444 1357440.000000 0.872444 0.988485 0.000000 0 
1460400.000000 0.846775 1460400.000000 0.846775 0.985514 0.000000 0 
1632960.000000 0.822424 1632960.000000 0.822424 0.985575 0.000000 0 
1439040.000000 0.851966 1439040.000000 0.851966 0.992851 0.000000 0 
1723200.000000 0.813064 1723200.000000 0.813064 0.984359 0.000000 0 
1257360.000000 0.913594 1257360.000000 0.913594 0.995963 0.000000 0 
1443120.000000 0.850891 1443120.000000 0.850891 0.980648 0.000000 0 
1412160.000000 0.858174 1412160.000000 0.858174 0.999916 0.000000 0 
1511040.000000 0.837662 1511040.000000 0.837662 0.993410 0.000000 0 
1406160.000000 0.858779 1406160.000000 0.858779 0.996275 0.000000 0 
1147440.000000 1.033453 1147440.000000 1.033453 0.961094 0.000000 0 
1218000.000000 0.948256 1218000.000000 0.948256 0.987142 0.000000 0 
1235040.000000 0.935227 1235040.000000 0.935227 0.986711 0.000000 0 
1350480.000000 0.872568 1350480.000000 0.872568 0.997715 0.000000 0 
1781280.000000 0.807480 1781280.000000 0.807480 0.968639 0.000000 0 
1731120.000000 0.812512 1731120.000000 0.812512 0.985431 0.000000 0 
1218000.000000 0.948256 1218000.000000 0.948256 0.987142 0.000000 0 
#Generacion: 2000 
#Distancia: 251.675051 
1086720.000000 1.053093 1086720.000000 1.053093 0.981009 0.000000 0 
2028480.000000 0.792625 2028480.000000 0.792625 0.995720 0.000000 0 
1086720.000000 1.053093 1086720.000000 1.053093 0.981009 0.000000 0 
1863840.000000 0.797501 1863840.000000 0.797501 0.993351 0.000000 0 
1998720.000000 0.796250 1998720.000000 0.796250 0.998313 0.000000 0 
1127280.000000 1.008594 1127280.000000 1.008594 0.996221 0.000000 0 
1096080.000000 1.045871 1096080.000000 1.045871 0.980939 0.000000 0 
1238160.000000 0.914063 1238160.000000 0.914063 0.984194 0.000000 0 
1832160.000000 0.798818 1832160.000000 0.798818 0.999264 0.000000 0 
1756800.000000 0.806991 1756800.000000 0.806991 0.997310 0.000000 0 
1192080.000000 0.952045 1192080.000000 0.952045 0.990774 0.000000 0 
1712400.000000 0.807324 1712400.000000 0.807324 0.971657 0.000000 0 
1228320.000000 0.935821 1228320.000000 0.935821 0.987154 0.000000 0 
1196400.000000 0.944382 1196400.000000 0.944382 0.993451 0.000000 0 
1121280.000000 1.022560 1121280.000000 1.022560 0.982497 0.000000 0 
1160160.000000 0.984074 1160160.000000 0.984074 0.986571 0.000000 0 
1664400.000000 0.817331 1664400.000000 0.817331 0.986599 0.000000 0 
1228800.000000 0.922610 1228800.000000 0.922610 0.992395 0.000000 0 
1803360.000000 0.800321 1803360.000000 0.800321 0.978727 0.000000 0 
1104480.000000 1.037251 1104480.000000 1.037251 0.985718 0.000000 0 
1576320.000000 0.825922 1576320.000000 0.825922 0.995991 0.000000 0 
1326480.000000 0.880766 1326480.000000 0.880766 0.998696 0.000000 0 
1251360.000000 0.908417 1251360.000000 0.908417 0.994771 0.000000 0 
1701120.000000 0.808836 1701120.000000 0.808836 0.992165 0.000000 0 
1998720.000000 0.796250 1998720.000000 0.796250 0.998313 0.000000 0 
1119120.000000 1.028591 1119120.000000 1.028591 0.990657 0.000000 0 
1170480.000000 0.971342 1170480.000000 0.971342 0.988191 0.000000 0 
1602000.000000 0.823294 1602000.000000 0.823294 0.996141 0.000000 0 
1505040.000000 0.833867 1505040.000000 0.833867 0.983841 0.000000 0 
1321440.000000 0.885398 1321440.000000 0.885398 0.998748 0.000000 0 
1675200.000000 0.809103 1675200.000000 0.809103 0.987965 0.000000 0 
1230000.000000 0.922139 1230000.000000 0.922139 0.983836 0.000000 0 
1396800.000000 0.857748 1396800.000000 0.857748 0.997250 0.000000 0 
1182720.000000 0.964478 1182720.000000 0.964478 0.983577 0.000000 0 
1520400.000000 0.832396 1520400.000000 0.832396 0.981897 0.000000 0 
1371360.000000 0.869704 1371360.000000 0.869704 0.997634 0.000000 0 
1450320.000000 0.844933 1450320.000000 0.844933 0.999400 0.000000 0 
1176240.000000 0.966952 1176240.000000 0.966952 0.987416 0.000000 0 
1790880.000000 0.801315 1790880.000000 0.801315 0.976483 0.000000 0 
1863840.000000 0.797501 1863840.000000 0.797501 0.993351 0.000000 0 
1150800.000000 0.990327 1150800.000000 0.990327 0.978534 0.000000 0 
1161840.000000 0.974631 1161840.000000 0.974631 0.989240 0.000000 0 
1134240.000000 1.004934 1134240.000000 1.004934 0.967607 0.000000 0 
1118160.000000 1.033492 1118160.000000 1.033492 0.975292 0.000000 0 
1588560.000000 0.824371 1588560.000000 0.824371 0.992354 0.000000 0 
1147920.000000 0.995509 1147920.000000 0.995509 0.985090 0.000000 0 
1299600.000000 0.890100 1299600.000000 0.890100 0.997953 0.000000 0 
1140720.000000 1.002417 1140720.000000 1.002417 0.998206 0.000000 0 
1342800.000000 0.878451 1342800.000000 0.878451 0.998956 0.000000 0 
1764720.000000 0.803414 1764720.000000 0.803414 0.983502 0.000000 0 
1776720.000000 0.803160 1776720.000000 0.803160 0.973456 0.000000 0 
1426320.000000 0.850703 1426320.000000 0.850703 0.999295 0.000000 0 
1258800.000000 0.903012 1258800.000000 0.903012 0.988525 0.000000 0 
1539600.000000 0.829134 1539600.000000 0.829134 0.984390 0.000000 0 
1140960.000000 0.997317 1140960.000000 0.997317 0.985337 0.000000 0 
1157280.000000 0.988056 1157280.000000 0.988056 0.985150 0.000000 0 
1188960.000000 0.959876 1188960.000000 0.959876 0.991259 0.000000 0 
1617360.000000 0.820715 1617360.000000 0.820715 0.984861 0.000000 0 
1530960.000000 0.830470 1530960.000000 0.830470 0.979019 0.000000 0 
1485840.000000 0.834374 1485840.000000 0.834374 0.985083 0.000000 0 
1275600.000000 0.902485 1275600.000000 0.902485 0.986410 0.000000 0 
1358400.000000 0.871676 1358400.000000 0.871676 0.997887 0.000000 0 
1457040.000000 0.841908 1457040.000000 0.841908 0.977231 0.000000 0 
1643040.000000 0.820006 1643040.000000 0.820006 0.984928 0.000000 0 
1282080.000000 0.900939 1282080.000000 0.900939 0.969265 0.000000 0 
1552080.000000 0.827376 1552080.000000 0.827376 0.982972 0.000000 0 
1298160.000000 0.893717 1298160.000000 0.893717 0.981389 0.000000 0 
1422720.000000 0.854003 1422720.000000 0.854003 0.997625 0.000000 0 
1623840.000000 0.820706 1623840.000000 0.820706 0.986097 0.000000 0 
1386240.000000 0.860644 1386240.000000 0.860644 0.997620 0.000000 0 
1285920.000000 0.897054 1285920.000000 0.897054 0.996675 0.000000 0 
1106880.000000 1.035038 1106880.000000 1.035038 0.979747 0.000000 0 
1253520.000000 0.905528 1253520.000000 0.905528 0.999182 0.000000 0 
1443840.000000 0.848598 1443840.000000 0.848598 0.980665 0.000000 0 
1675200.000000 0.809103 1675200.000000 0.809103 0.987965 0.000000 0 
1409040.000000 0.856164 1409040.000000 0.856164 0.981197 0.000000 0 
1219680.000000 0.938862 1219680.000000 0.938862 0.988051 0.000000 0 
1442160.000000 0.850116 1442160.000000 0.850116 0.987080 0.000000 0 
1210800.000000 0.941428 1210800.000000 0.941428 0.991524 0.000000 0 
1380000.000000 0.867140 1380000.000000 0.867140 0.999378 0.000000 0 
1293840.000000 0.896594 1293840.000000 0.896594 0.993435 0.000000 0 
1121280.000000 1.022560 1121280.000000 1.022560 0.982497 0.000000 0 
1473360.000000 0.837013 1473360.000000 0.837013 0.991810 0.000000 0 
1464960.000000 0.840479 1464960.000000 0.840479 0.974243 0.000000 0 
1384320.000000 0.862095 1384320.000000 0.862095 0.997599 0.000000 0 
1188960.000000 0.959876 1188960.000000 0.959876 0.991259 0.000000 0 
1381440.000000 0.865646 1381440.000000 0.865646 0.996474 0.000000 0 
1654800.000000 0.818072 1654800.000000 0.818072 0.985042 0.000000 0 
1482000.000000 0.836008 1482000.000000 0.836008 0.997707 0.000000 0 
1343760.000000 0.876082 1343760.000000 0.876082 0.992518 0.000000 0 
1415760.000000 0.855623 1415760.000000 0.855623 0.980470 0.000000 0 
1469520.000000 0.839006 1469520.000000 0.839006 0.989740 0.000000 0 
1161840.000000 0.974631 1161840.000000 0.974631 0.989240 0.000000 0 
1308720.000000 0.887085 1308720.000000 0.887085 0.990487 0.000000 0 
1346160.000000 0.873373 1346160.000000 0.873373 0.987724 0.000000 0 
1224480.000000 0.937939 1224480.000000 0.937939 0.990560 0.000000 0 
1552080.000000 0.827376 1552080.000000 0.827376 0.982972 0.000000 0 
1308720.000000 0.887085 1308720.000000 0.887085 0.990487 0.000000 0 
1651200.000000 0.819911 1651200.000000 0.819911 0.992351 0.000000 0 
1351200.000000 0.872633 1351200.000000 0.872633 0.998382 0.000000 0 
#Generacion: 2500 
#Distancia: 241.376869 
1080480.000000 1.042276 1080480.000000 1.042276 0.999760 0.000000 0 
2072880.000000 0.789668 2072880.000000 0.789668 0.997745 0.000000 0 
1921200.000000 0.793655 1921200.000000 0.793655 0.967323 0.000000 0 
1169040.000000 0.950724 1169040.000000 0.950724 0.995039 0.000000 0 
1814880.000000 0.795283 1814880.000000 0.795283 0.968357 0.000000 0 
1168800.000000 0.966832 1168800.000000 0.966832 0.997802 0.000000 0 
1873920.000000 0.793914 1873920.000000 0.793914 0.966903 0.000000 0 
1089840.000000 1.034210 1089840.000000 1.034210 0.983263 0.000000 0 
1954800.000000 0.792623 1954800.000000 0.792623 0.983440 0.000000 0 
1232640.000000 0.913320 1232640.000000 0.913320 0.994227 0.000000 0 
1177680.000000 0.948397 1177680.000000 0.948397 0.994385 0.000000 0 
1104720.000000 1.031573 1104720.000000 1.031573 0.997040 0.000000 0 
1595520.000000 0.815869 1595520.000000 0.815869 0.977299 0.000000 0 
1427280.000000 0.850701 1427280.000000 0.850701 0.999296 0.000000 0 
2007840.000000 0.790585 2007840.000000 0.790585 0.978966 0.000000 0 
1573440.000000 0.819448 1573440.000000 0.819448 0.997561 0.000000 0 
1432320.000000 0.846698 1432320.000000 0.846698 0.993331 0.000000 0 
1778880.000000 0.797559 1778880.000000 0.797559 0.976688 0.000000 0 
1415760.000000 0.855623 1415760.000000 0.855623 0.980470 0.000000 0 
2037600.000000 0.790129 2037600.000000 0.790129 0.992230 0.000000 0 
1873920.000000 0.793914 1873920.000000 0.793914 0.966903 0.000000 0 
1549440.000000 0.822302 1549440.000000 0.822302 0.983211 0.000000 0 
1205040.000000 0.927095 1205040.000000 0.927095 0.993044 0.000000 0 
1202880.000000 0.938653 1202880.000000 0.938653 0.987015 0.000000 0 
1151280.000000 0.976531 1151280.000000 0.976531 0.994952 0.000000 0 
1219200.000000 0.919702 1219200.000000 0.919702 0.985864 0.000000 0 
1634160.000000 0.812709 1634160.000000 0.812709 0.962489 0.000000 0 
1806000.000000 0.795997 1806000.000000 0.795997 0.973087 0.000000 0 
1156800.000000 0.972924 1156800.000000 0.972924 0.993371 0.000000 0 
1306800.000000 0.885256 1306800.000000 0.885256 0.972652 0.000000 0 
1446240.000000 0.842582 1446240.000000 0.842582 0.997194 0.000000 0 
1763520.000000 0.797995 1763520.000000 0.797995 0.981071 0.000000 0 
1214640.000000 0.920709 1214640.000000 0.920709 0.986296 0.000000 0 
1345200.000000 0.872980 1345200.000000 0.872980 0.987943 0.000000 0 
1990320.000000 0.791117 1990320.000000 0.791117 0.988068 0.000000 0 
1105200.000000 1.020800 1105200.000000 1.020800 0.976240 0.000000 0 
1127280.000000 1.008594 1127280.000000 1.008594 0.996221 0.000000 0 
1717680.000000 0.802474 1717680.000000 0.802474 0.999030 0.000000 0 
1969920.000000 0.791884 1969920.000000 0.791884 0.982503 0.000000 0 
1140000.000000 0.994626 1140000.000000 0.994626 0.969264 0.000000 0 
1116240.000000 1.010286 1116240.000000 1.010286 0.994964 0.000000 0 
1752240.000000 0.801857 1752240.000000 0.801857 0.973710 0.000000 0 
1292160.000000 0.890920 1292160.000000 0.890920 0.997214 0.000000 0 
1461840.000000 0.838020 1461840.000000 0.838020 0.992478 0.000000 0 
1472400.000000 0.835955 1472400.000000 0.835955 0.992477 0.000000 0 
1242240.000000 0.911608 1242240.000000 0.911608 0.983027 0.000000 0 
1342800.000000 0.878302 1342800.000000 0.878302 0.999872 0.000000 0 
1386240.000000 0.860644 1386240.000000 0.860644 0.997620 0.000000 0 
1318080.000000 0.881920 1318080.000000 0.881920 0.971850 0.000000 0 
2054880.000000 0.789895 2054880.000000 0.789895 0.983017 0.000000 0 
1129440.000000 1.003034 1129440.000000 1.003034 0.988853 0.000000 0 
1739760.000000 0.801982 1739760.000000 0.801982 0.984775 0.000000 0 
1296720.000000 0.887623 1296720.000000 0.887623 0.979931 0.000000 0 
1533360.000000 0.825270 1533360.000000 0.825270 0.981454 0.000000 0 
1167600.000000 0.969427 1167600.000000 0.969427 0.997822 0.000000 0 
1660800.000000 0.811941 1660800.000000 0.811941 0.988894 0.000000 0 
1279200.000000 0.893098 1279200.000000 0.893098 0.989822 0.000000 0 
1621440.000000 0.813729 1621440.000000 0.813729 0.970823 0.000000 0 
1567680.000000 0.821751 1567680.000000 0.821751 0.987217 0.000000 0 
1251360.000000 0.908417 1251360.000000 0.908417 0.994771 0.000000 0 
1194480.000000 0.943819 1194480.000000 0.943819 0.996338 0.000000 0 
1205040.000000 0.927095 1205040.000000 0.927095 0.993044 0.000000 0 
1261680.000000 0.900826 1261680.000000 0.900826 0.992463 0.000000 0 
1604160.000000 0.814053 1604160.000000 0.814053 0.975200 0.000000 0 
1712160.000000 0.805514 1712160.000000 0.805514 0.972002 0.000000 0 
1133040.000000 1.000625 1133040.000000 1.000625 0.967400 0.000000 0 
1269600.000000 0.897004 1269600.000000 0.897004 0.988022 0.000000 0 
1457040.000000 0.841908 1457040.000000 0.841908 0.977231 0.000000 0 
1368960.000000 0.868384 1368960.000000 0.868384 0.997191 0.000000 0 
1373760.000000 0.865284 1373760.000000 0.865284 0.998051 0.000000 0 
1143360.000000 0.987601 1143360.000000 0.987601 0.992014 0.000000 0 
1378800.000000 0.862794 1378800.000000 0.862794 0.989808 0.000000 0 
1105200.000000 1.020800 1105200.000000 1.020800 0.976240 0.000000 0 
1134000.000000 0.995560 1134000.000000 0.995560 0.980278 0.000000 0 
1396800.000000 0.857748 1396800.000000 0.857748 0.997250 0.000000 0 
1202880.000000 0.938653 1202880.000000 0.938653 0.987015 0.000000 0 
1194480.000000 0.943819 1194480.000000 0.943819 0.996338 0.000000 0 
1253520.000000 0.905528 1253520.000000 0.905528 0.999182 0.000000 0 
1510560.000000 0.827966 1510560.000000 0.827966 0.995283 0.000000 0 
1146720.000000 0.982437 1146720.000000 0.982437 0.990747 0.000000 0 
1400880.000000 0.856792 1400880.000000 0.856792 0.996286 0.000000 0 
1258800.000000 0.903012 1258800.000000 0.903012 0.988525 0.000000 0 
1351440.000000 0.869546 1351440.000000 0.869546 0.984812 0.000000 0 
1333200.000000 0.879556 1333200.000000 0.879556 0.993201 0.000000 0 
1096800.000000 1.031961 1096800.000000 1.031961 0.997225 0.000000 0 
1522080.000000 0.827482 1522080.000000 0.827482 0.996242 0.000000 0 
1278000.000000 0.896349 1278000.000000 0.896349 0.987922 0.000000 0 
1326480.000000 0.880766 1326480.000000 0.880766 0.998696 0.000000 0 
1662720.000000 0.810866 1662720.000000 0.810866 0.980110 0.000000 0 
1143360.000000 0.987601 1143360.000000 0.987601 0.992014 0.000000 0 
1146720.000000 0.982437 1146720.000000 0.982437 0.990747 0.000000 0 
1356480.000000 0.869147 1356480.000000 0.869147 0.999191 0.000000 0 
1482960.000000 0.831033 1482960.000000 0.831033 0.994858 0.000000 0 
1814880.000000 0.795283 1814880.000000 0.795283 0.968357 0.000000 0 
1107600.000000 1.012597 1107600.000000 1.012597 0.995154 0.000000 0 
1104720.000000 1.031573 1104720.000000 1.031573 0.997040 0.000000 0 
1663680.000000 0.807315 1663680.000000 0.807315 0.971338 0.000000 0 
1703280.000000 0.807515 1703280.000000 0.807515 0.981469 0.000000 1 
1485840.000000 0.834374 1485840.000000 0.834374 0.985083 0.000000 1 
1683120.000000 0.808335 1683120.000000 0.808335 0.991954 0.000000 1 
#Generacion: 3000 
#Distancia: 264.219798 
2023680.000000 0.786573 2023680.000000 0.786573 0.999031 0.000000 0 
1078080.000000 1.039736 1078080.000000 1.039736 0.998843 0.000000 0 
1924800.000000 0.786692 1924800.000000 0.786692 0.995078 0.000000 0 
1325040.000000 0.872294 1325040.000000 0.872294 0.985100 0.000000 0 
1177680.000000 0.948397 1177680.000000 0.948397 0.994385 0.000000 0 
1310160.000000 0.881071 1310160.000000 0.881071 0.996969 0.000000 0 
1135680.000000 0.982726 1135680.000000 0.982726 0.986567 0.000000 0 
1873920.000000 0.793914 1873920.000000 0.793914 0.966903 0.000000 0 
1410720.000000 0.850633 1410720.000000 0.850633 0.984658 0.000000 0 
1156560.000000 0.964064 1156560.000000 0.964064 0.995808 0.000000 0 
1723440.000000 0.798452 1723440.000000 0.798452 0.992553 0.000000 0 
1832400.000000 0.794140 1832400.000000 0.794140 0.981737 0.000000 0 
1122000.000000 0.990770 1122000.000000 0.990770 0.997419 0.000000 0 
1891680.000000 0.790599 1891680.000000 0.790599 0.963218 0.000000 0 
1246800.000000 0.905551 1246800.000000 0.905551 0.998826 0.000000 0 
1400880.000000 0.856792 1400880.000000 0.856792 0.996286 0.000000 0 
1189440.000000 0.930467 1189440.000000 0.930467 0.991312 0.000000 0 
1093920.000000 1.018047 1093920.000000 1.018047 0.996995 0.000000 0 
1921200.000000 0.789917 1921200.000000 0.789917 0.976245 0.000000 0 
1219200.000000 0.919702 1219200.000000 0.919702 0.985864 0.000000 0 
1472400.000000 0.835955 1472400.000000 0.835955 0.992477 0.000000 0 
1451760.000000 0.837772 1451760.000000 0.837772 0.987514 0.000000 0 
1285200.000000 0.886642 1285200.000000 0.886642 0.981031 0.000000 0 
1186320.000000 0.938972 1186320.000000 0.938972 0.995342 0.000000 0 
1129920.000000 0.990511 1129920.000000 0.990511 0.994198 0.000000 0 
1279200.000000 0.893098 1279200.000000 0.893098 0.989822 0.000000 0 
1237920.000000 0.908427 1237920.000000 0.908427 0.988451 0.000000 0 
1097280.000000 1.013011 1097280.000000 1.013011 0.980858 0.000000 0 
1146240.000000 0.974155 1146240.000000 0.974155 0.986810 0.000000 0 
1141920.000000 0.978583 1141920.000000 0.978583 0.981808 0.000000 0 
1628160.000000 0.810685 1628160.000000 0.810685 0.966873 0.000000 0 
1545600.000000 0.822022 1545600.000000 0.822022 0.997788 0.000000 0 
1641120.000000 0.807222 1641120.000000 0.807222 0.994796 0.000000 0 
1093680.000000 1.024882 1093680.000000 1.024882 0.980989 0.000000 0 
1089840.000000 1.034210 1089840.000000 1.034210 0.983263 0.000000 0 
1223040.000000 0.913583 1223040.000000 0.913583 0.991765 0.000000 0 
1758000.000000 0.797777 1758000.000000 0.797777 0.989720 0.000000 0 
1430400.000000 0.846358 1430400.000000 0.846358 0.994194 0.000000 0 
1254000.000000 0.899448 1254000.000000 0.899448 0.992322 0.000000 0 
1602240.000000 0.813455 1602240.000000 0.813455 0.986883 0.000000 0 
1614720.000000 0.811179 1614720.000000 0.811179 0.982123 0.000000 0 
1778880.000000 0.797559 1778880.000000 0.797559 0.976688 0.000000 0 
1538400.000000 0.824703 1538400.000000 0.824703 0.994134 0.000000 0 
1109760.000000 1.006943 1109760.000000 1.006943 0.987379 0.000000 0 
1421760.000000 0.847773 1421760.000000 0.847773 0.995065 0.000000 0 
1444800.000000 0.844054 1444800.000000 0.844054 0.992467 0.000000 0 
1196400.000000 0.925216 1196400.000000 0.925216 0.993611 0.000000 0 
1595520.000000 0.815869 1595520.000000 0.815869 0.977299 0.000000 0 
1109280.000000 1.010606 1109280.000000 1.010606 0.983433 0.000000 0 
1186320.000000 0.938972 1186320.000000 0.938972 0.995342 0.000000 0 
1232640.000000 0.913320 1232640.000000 0.913320 0.994227 0.000000 0 
1675680.000000 0.804090 1675680.000000 0.804090 0.982101 0.000000 0 
1159680.000000 0.955908 1159680.000000 0.955908 0.987428 0.000000 0 
1664160.000000 0.805595 1664160.000000 0.805595 0.981621 0.000000 0 
1515600.000000 0.827255 1515600.000000 0.827255 0.991676 0.000000 0 
1295520.000000 0.885462 1295520.000000 0.885462 0.981624 0.000000 0 
1344240.000000 0.871627 1344240.000000 0.871627 0.983494 0.000000 0 
1089840.000000 1.034210 1089840.000000 1.034210 0.983263 0.000000 0 
1520160.000000 0.824865 1520160.000000 0.824865 0.995241 0.000000 0 
1373760.000000 0.862373 1373760.000000 0.862373 0.989030 0.000000 0 
1389600.000000 0.861787 1389600.000000 0.861787 0.982977 0.000000 0 
1115760.000000 1.002723 1115760.000000 1.002723 0.982455 0.000000 0 
1300560.000000 0.881984 1300560.000000 0.881984 0.978055 0.000000 0 
1147200.000000 0.968576 1147200.000000 0.968576 0.989015 0.000000 0 
1878240.000000 0.791785 1878240.000000 0.791785 0.963044 0.000000 0 
1394160.000000 0.859286 1394160.000000 0.859286 0.997402 0.000000 0 
1802400.000000 0.795951 1802400.000000 0.795951 0.968080 0.000000 0 
1789440.000000 0.796507 1789440.000000 0.796507 0.987790 0.000000 0 
1365360.000000 0.863868 1365360.000000 0.863868 0.984281 0.000000 0 
1650480.000000 0.806207 1650480.000000 0.806207 0.984632 0.000000 0 
1478880.000000 0.832721 1478880.000000 0.832721 0.983116 0.000000 0 
1705200.000000 0.799819 1705200.000000 0.799819 0.993630 0.000000 0 
1813680.000000 0.795066 1813680.000000 0.795066 0.978499 0.000000 0 
1268640.000000 0.897431 1268640.000000 0.897431 0.988418 0.000000 0 
1164240.000000 0.950936 1164240.000000 0.950936 0.998115 0.000000 0 
1697520.000000 0.802919 1697520.000000 0.802919 0.978604 0.000000 0 
1500720.000000 0.828505 1500720.000000 0.828505 0.993040 0.000000 0 
1482960.000000 0.831033 1482960.000000 0.831033 0.994858 0.000000 0 
1567680.000000 0.821751 1567680.000000 0.821751 0.987217 0.000000 0 
1494240.000000 0.829193 1494240.000000 0.829193 0.983533 0.000000 0 
1580160.000000 0.816956 1580160.000000 0.816956 0.978913 0.000000 0 
1346160.000000 0.869241 1346160.000000 0.869241 0.974335 0.000000 0 
1278000.000000 0.896349 1278000.000000 0.896349 0.987922 0.000000 0 
1196160.000000 0.928522 1196160.000000 0.928522 0.982699 0.000000 0 
1690800.000000 0.803640 1690800.000000 0.803640 0.988810 0.000000 0 
1147920.000000 0.966512 1147920.000000 0.966512 0.996864 0.000000 0 
1093680.000000 1.024882 1093680.000000 1.024882 0.980989 0.000000 0 
1573440.000000 0.817181 1573440.000000 0.817181 0.979087 0.000000 0 
1346400.000000 0.864983 1346400.000000 0.864983 0.998854 0.000000 0 
1712880.000000 0.799308 1712880.000000 0.799308 0.992987 0.000000 0 
1159680.000000 0.955908 1159680.000000 0.955908 0.987428 0.000000 0 
1354080.000000 0.864934 1354080.000000 0.864934 0.996647 0.000000 0 
1206000.000000 0.921622 1206000.000000 0.921622 0.992032 0.000000 0 
1169040.000000 0.950724 1169040.000000 0.950724 0.995039 0.000000 0 
1572720.000000 0.821735 1572720.000000 0.821735 0.988160 0.000000 0 
1825440.000000 0.794410 1825440.000000 0.794410 0.967790 0.000000 0 
1260720.000000 0.899417 1260720.000000 0.899417 0.988181 0.000000 0 
1758000.000000 0.797777 1758000.000000 0.797777 0.989720 0.000000 0 
1206000.000000 0.921622 1206000.000000 0.921622 0.992032 0.000000 0 
1119840.000000 0.994304 1119840.000000 0.994304 0.988045 0.000000 0 
#Generacion: 3500 
#Distancia: 246.143333 
1050720.000000 1.084832 1050720.000000 1.084832 0.992120 0.000000 0 
2040000.000000 0.785173 2040000.000000 0.785173 0.997233 0.000000 0 
1057200.000000 1.050425 1057200.000000 1.050425 0.982489 0.000000 0 
1955520.000000 0.785621 1955520.000000 0.785621 0.971480 0.000000 0 
2036160.000000 0.785251 2036160.000000 0.785251 0.999293 0.000000 0 
1710000.000000 0.799285 1710000.000000 0.799285 0.993508 0.000000 0 
1244160.000000 0.905060 1244160.000000 0.905060 0.992150 0.000000 0 
1089360.000000 1.013196 1089360.000000 1.013196 0.978666 0.000000 0 
1168080.000000 0.942962 1168080.000000 0.942962 0.984539 0.000000 0 
1228560.000000 0.909958 1228560.000000 0.909958 0.981309 0.000000 0 
1872960.000000 0.790906 1872960.000000 0.790906 0.961695 0.000000 0 
1686720.000000 0.802041 1686720.000000 0.802041 0.993158 0.000000 0 
1163760.000000 0.954434 1163760.000000 0.954434 0.990179 0.000000 0 
1066800.000000 1.049687 1066800.000000 1.049687 0.977480 0.000000 0 
1331760.000000 0.869739 1331760.000000 0.869739 0.988752 0.000000 0 
1155840.000000 0.960470 1155840.000000 0.960470 0.999043 0.000000 0 
1085520.000000 1.022897 1085520.000000 1.022897 0.979857 0.000000 0 
1124160.000000 0.985904 1124160.000000 0.985904 0.996974 0.000000 0 
1075920.000000 1.023430 1075920.000000 1.023430 0.978979 0.000000 0 
1247280.000000 0.898307 1247280.000000 0.898307 0.993225 0.000000 0 
1812240.000000 0.791610 1812240.000000 0.791610 0.985708 0.000000 0 
1309680.000000 0.874620 1309680.000000 0.874620 0.985709 0.000000 0 
1263600.000000 0.897353 1263600.000000 0.897353 0.986639 0.000000 0 
1147920.000000 0.966403 1147920.000000 0.966403 0.996712 0.000000 0 
1386960.000000 0.849439 1386960.000000 0.849439 0.990887 0.000000 0 
1214400.000000 0.912919 1214400.000000 0.912919 0.989856 0.000000 0 
1558080.000000 0.818861 1558080.000000 0.818861 0.990380 0.000000 0 
1734960.000000 0.798696 1734960.000000 0.798696 0.990630 0.000000 0 
1475040.000000 0.832541 1475040.000000 0.832541 0.987538 0.000000 0 
1456800.000000 0.835707 1456800.000000 0.835707 0.988498 0.000000 0 
1500720.000000 0.828505 1500720.000000 0.828505 0.993040 0.000000 0 
1442640.000000 0.841612 1442640.000000 0.841612 0.994428 0.000000 0 
1667520.000000 0.802265 1667520.000000 0.802265 0.997198 0.000000 0 
1571760.000000 0.816921 1571760.000000 0.816921 0.998256 0.000000 0 
1346400.000000 0.864983 1346400.000000 0.864983 0.998854 0.000000 0 
1382400.000000 0.855553 1382400.000000 0.855553 0.982288 0.000000 0 
1584240.000000 0.814507 1584240.000000 0.814507 0.999144 0.000000 0 
1094160.000000 1.008490 1094160.000000 1.008490 0.979955 0.000000 0 
1300560.000000 0.881984 1300560.000000 0.881984 0.978055 0.000000 0 
1351680.000000 0.860340 1351680.000000 0.860340 0.987257 0.000000 0 
1741680.000000 0.796265 1741680.000000 0.796265 0.993030 0.000000 0 
1482960.000000 0.831033 1482960.000000 0.831033 0.994858 0.000000 0 
1104720.000000 1.005862 1104720.000000 1.005862 0.983763 0.000000 0 
1543920.000000 0.821449 1543920.000000 0.821449 0.985387 0.000000 0 
1111440.000000 1.001910 1111440.000000 1.001910 0.982969 0.000000 0 
1765680.000000 0.796101 1765680.000000 0.796101 0.985059 0.000000 0 
1189440.000000 0.930467 1189440.000000 0.930467 0.991312 0.000000 0 
1073520.000000 1.040365 1073520.000000 1.040365 0.985941 0.000000 0 
1128720.000000 0.978861 1128720.000000 0.978861 0.987978 0.000000 0 
1598640.000000 0.812997 1598640.000000 0.812997 0.995066 0.000000 0 
1185360.000000 0.936699 1185360.000000 0.936699 0.984828 0.000000 0 
1429440.000000 0.843570 1429440.000000 0.843570 0.996930 0.000000 0 
1269120.000000 0.891473 1269120.000000 0.891473 0.990891 0.000000 0 
1212720.000000 0.918375 1212720.000000 0.918375 0.983180 0.000000 0 
1520160.000000 0.824865 1520160.000000 0.824865 0.995241 0.000000 0 
1538400.000000 0.824703 1538400.000000 0.824703 0.994134 0.000000 0 
1196160.000000 0.928522 1196160.000000 0.928522 0.982699 0.000000 0 
1890480.000000 0.790563 1890480.000000 0.790563 0.994601 0.000000 0 
1133760.000000 0.972511 1133760.000000 0.972511 0.985520 0.000000 0 
1141200.000000 0.969319 1141200.000000 0.969319 0.995543 0.000000 0 
1944960.000000 0.785864 1944960.000000 0.785864 0.969547 0.000000 0 
1074240.000000 1.033206 1074240.000000 1.033206 0.980137 0.000000 0 
1196880.000000 0.922177 1196880.000000 0.922177 0.986707 0.000000 0 
1447920.000000 0.836844 1447920.000000 0.836844 0.994200 0.000000 0 
1115280.000000 0.997349 1115280.000000 0.997349 0.985983 0.000000 0 
1303920.000000 0.874788 1303920.000000 0.874788 0.986132 0.000000 0 
1614000.000000 0.812344 1614000.000000 0.812344 0.991579 0.000000 0 
1622640.000000 0.810455 1622640.000000 0.810455 0.988620 0.000000 0 
1122000.000000 0.990770 1122000.000000 0.990770 0.997419 0.000000 0 
1421760.000000 0.846305 1421760.000000 0.846305 0.999249 0.000000 0 
1656240.000000 0.805089 1656240.000000 0.805089 0.989249 0.000000 0 
1509600.000000 0.826599 1509600.000000 0.826599 0.988500 0.000000 0 
1369440.000000 0.860046 1369440.000000 0.860046 0.981525 0.000000 0 
1924800.000000 0.786692 1924800.000000 0.786692 0.995078 0.000000 0 
1340400.000000 0.869150 1340400.000000 0.869150 0.971838 0.000000 0 
1402320.000000 0.848323 1402320.000000 0.848323 0.995536 0.000000 0 
1629360.000000 0.807230 1629360.000000 0.807230 0.989599 0.000000 0 
1773120.000000 0.794116 1773120.000000 0.794116 0.988676 0.000000 0 
1119840.000000 0.994304 1119840.000000 0.994304 0.988045 0.000000 0 
1202160.000000 0.920072 1202160.000000 0.920072 0.982985 0.000000 0 
1160640.000000 0.955865 1160640.000000 0.955865 0.987829 0.000000 0 
1370880.000000 0.856699 1370880.000000 0.856699 0.983529 0.000000 0 
1784400.000000 0.793122 1784400.000000 0.793122 0.984544 0.000000 0 
1296000.000000 0.884338 1296000.000000 0.884338 0.996580 0.000000 0 
1412400.000000 0.848001 1412400.000000 0.848001 0.990111 0.000000 0 
1130880.000000 0.976653 1130880.000000 0.976653 0.981606 0.000000 0 
1281840.000000 0.884394 1281840.000000 0.884394 0.981376 0.000000 0 
1175760.000000 0.941131 1175760.000000 0.941131 0.993947 0.000000 0 
1281120.000000 0.887670 1281120.000000 0.887670 0.990358 0.000000 0 
1274400.000000 0.889669 1274400.000000 0.889669 0.991180 0.000000 0 
1074240.000000 1.033206 1074240.000000 1.033206 0.980137 0.000000 0 
1073520.000000 1.040365 1073520.000000 1.040365 0.985941 0.000000 0 
1179360.000000 0.938577 1179360.000000 0.938577 0.979719 0.000000 0 
1905600.000000 0.787999 1905600.000000 0.787999 0.956730 0.000000 0 
1901280.000000 0.789012 1901280.000000 0.789012 0.974736 0.000000 0 
1921200.000000 0.787871 1921200.000000 0.787871 0.986846 0.000000 0 
1639440.000000 0.806863 1639440.000000 0.806863 0.988919 0.000000 0 
1646640.000000 0.805505 1646640.000000 0.805505 0.990228 0.000000 0 
1831440.000000 0.790981 1831440.000000 0.790981 0.978217 0.000000 0 
1840080.000000 0.791419 1840080.000000 0.791419 0.974928 0.000000 1 
#Generacion: 4000 
#Distancia: 262.709495 
2043120.000000 0.781851 2043120.000000 0.781851 0.991041 0.000000 0 
1033680.000000 1.157561 1033680.000000 1.157561 0.996831 0.000000 0 
1056480.000000 1.050983 1056480.000000 1.050983 0.983684 0.000000 0 
1046640.000000 1.099776 1046640.000000 1.099776 0.980696 0.000000 0 
1034640.000000 1.125517 1034640.000000 1.125517 0.996342 0.000000 0 
1050480.000000 1.083283 1050480.000000 1.083283 0.995794 0.000000 0 
1875600.000000 0.787633 1875600.000000 0.787633 0.959268 0.000000 0 
1044000.000000 1.117529 1044000.000000 1.117529 0.991362 0.000000 0 
2002800.000000 0.784149 2002800.000000 0.784149 0.995313 0.000000 0 
1924800.000000 0.786692 1924800.000000 0.786692 0.995078 0.000000 0 
1955520.000000 0.784849 1955520.000000 0.784849 0.973968 0.000000 0 
1082640.000000 1.012766 1082640.000000 1.012766 0.993931 0.000000 0 
1741680.000000 0.796265 1741680.000000 0.796265 0.993030 0.000000 0 
1716000.000000 0.797565 1716000.000000 0.797565 0.997606 0.000000 0 
1278000.000000 0.888066 1278000.000000 0.888066 0.989470 0.000000 0 
1128720.000000 0.978861 1128720.000000 0.978861 0.987978 0.000000 0 
1050480.000000 1.083283 1050480.000000 1.083283 0.995794 0.000000 0 
1309680.000000 0.874620 1309680.000000 0.874620 0.985709 0.000000 0 
1402320.000000 0.848323 1402320.000000 0.848323 0.995536 0.000000 0 
1370880.000000 0.856699 1370880.000000 0.856699 0.983529 0.000000 0 
1454640.000000 0.835334 1454640.000000 0.835334 0.985220 0.000000 0 
1347600.000000 0.859783 1347600.000000 0.859783 0.986092 0.000000 0 
1448160.000000 0.840728 1448160.000000 0.840728 0.973543 0.000000 0 
1420800.000000 0.844943 1420800.000000 0.844943 0.987305 0.000000 0 
1182000.000000 0.929748 1182000.000000 0.929748 0.993707 0.000000 0 
1132080.000000 0.967058 1132080.000000 0.967058 0.987392 0.000000 0 
1850880.000000 0.788984 1850880.000000 0.788984 0.993344 0.000000 0 
1157040.000000 0.954331 1157040.000000 0.954331 0.982138 0.000000 0 
1158000.000000 0.945694 1158000.000000 0.945694 0.989924 0.000000 0 
1474080.000000 0.833235 1474080.000000 0.833235 0.989092 0.000000 0 
1196160.000000 0.924631 1196160.000000 0.924631 0.983621 0.000000 0 
1120560.000000 0.991867 1120560.000000 0.991867 0.983612 0.000000 0 
1538400.000000 0.824397 1538400.000000 0.824397 0.988236 0.000000 0 
1065360.000000 1.046694 1065360.000000 1.046694 0.979093 0.000000 0 
1247280.000000 0.898307 1247280.000000 0.898307 0.993225 0.000000 0 
1496400.000000 0.828301 1496400.000000 0.828301 0.993686 0.000000 0 
1401840.000000 0.855513 1401840.000000 0.855513 0.981703 0.000000 0 
1291920.000000 0.882148 1291920.000000 0.882148 0.979708 0.000000 0 
2022720.000000 0.783847 2022720.000000 0.783847 0.991053 0.000000 0 
1261920.000000 0.889909 1261920.000000 0.889909 0.997017 0.000000 0 
1436160.000000 0.844793 1436160.000000 0.844793 0.993820 0.000000 0 
1104720.000000 1.005862 1104720.000000 1.005862 0.983763 0.000000 0 
1294320.000000 0.879545 1294320.000000 0.879545 0.983036 0.000000 0 
1794480.000000 0.792741 1794480.000000 0.792741 0.980360 0.000000 0 
1583280.000000 0.814019 1583280.000000 0.814019 0.998393 0.000000 0 
1551600.000000 0.820781 1551600.000000 0.820781 0.994214 0.000000 0 
1256640.000000 0.894600 1256640.000000 0.894600 0.992938 0.000000 0 
1206960.000000 0.914908 1206960.000000 0.914908 0.998212 0.000000 0 
1074240.000000 1.033206 1074240.000000 1.033206 0.980137 0.000000 0 
1698720.000000 0.799422 1698720.000000 0.799422 0.991445 0.000000 0 
1201200.000000 0.921797 1201200.000000 0.921797 0.991612 0.000000 0 
1238400.000000 0.902745 1238400.000000 0.902745 0.982324 0.000000 0 
1176960.000000 0.933577 1176960.000000 0.933577 0.992146 0.000000 0 
1762320.000000 0.795469 1762320.000000 0.795469 0.985546 0.000000 0 
1066560.000000 1.039785 1066560.000000 1.039785 0.987189 0.000000 0 
1939920.000000 0.785858 1939920.000000 0.785858 0.990289 0.000000 0 
1483920.000000 0.830928 1483920.000000 0.830928 0.994525 0.000000 0 
1571760.000000 0.816921 1571760.000000 0.816921 0.998256 0.000000 0 
1075920.000000 1.023430 1075920.000000 1.023430 0.978979 0.000000 0 
1598640.000000 0.812997 1598640.000000 0.812997 0.995066 0.000000 0 
1509120.000000 0.825645 1509120.000000 0.825645 0.999591 0.000000 0 
1321920.000000 0.872143 1321920.000000 0.872143 0.988391 0.000000 0 
1138800.000000 0.966814 1138800.000000 0.966814 0.987261 0.000000 0 
1842000.000000 0.790815 1842000.000000 0.790815 0.973694 0.000000 0 
1382400.000000 0.855553 1382400.000000 0.855553 0.982288 0.000000 0 
1175760.000000 0.941131 1175760.000000 0.941131 0.993947 0.000000 0 
1150080.000000 0.960750 1150080.000000 0.960750 0.999263 0.000000 0 
1110480.000000 0.995832 1110480.000000 0.995832 0.991460 0.000000 0 
1108800.000000 0.999713 1108800.000000 0.999713 0.988732 0.000000 0 
1521360.000000 0.824490 1521360.000000 0.824490 0.986685 0.000000 0 
1667280.000000 0.802766 1667280.000000 0.802766 0.996776 0.000000 0 
1821840.000000 0.791151 1821840.000000 0.791151 0.980621 0.000000 0 
1812240.000000 0.791610 1812240.000000 0.791610 0.985708 0.000000 0 
1232880.000000 0.906661 1232880.000000 0.906661 0.991766 0.000000 0 
1039680.000000 1.123724 1039680.000000 1.123724 0.995407 0.000000 0 
1561200.000000 0.819015 1561200.000000 0.819015 0.997322 0.000000 0 
1168080.000000 0.942962 1168080.000000 0.942962 0.984539 0.000000 0 
1331760.000000 0.869739 1331760.000000 0.869739 0.988752 0.000000 0 
1339920.000000 0.867790 1339920.000000 0.867790 0.987376 0.000000 0 
1343520.000000 0.863096 1343520.000000 0.863096 0.989675 0.000000 0 
1219920.000000 0.907365 1219920.000000 0.907365 0.998853 0.000000 0 
1614480.000000 0.808905 1614480.000000 0.808905 0.997745 0.000000 0 
1124160.000000 0.985904 1124160.000000 0.985904 0.996974 0.000000 0 
1075920.000000 1.023430 1075920.000000 1.023430 0.978979 0.000000 0 
1614000.000000 0.812344 1614000.000000 0.812344 0.991579 0.000000 0 
1641360.000000 0.802991 1641360.000000 0.802991 0.997687 0.000000 0 
1650000.000000 0.802863 1650000.000000 0.802863 0.997080 0.000000 0 
2039280.000000 0.783139 2039280.000000 0.783139 0.992556 0.000000 0 
1679520.000000 0.801845 1679520.000000 0.801845 0.992544 0.000000 0 
1689600.000000 0.801496 1689600.000000 0.801496 0.992312 0.000000 0 
1781040.000000 0.794048 1781040.000000 0.794048 0.975476 0.000000 0 
1072560.000000 1.035943 1072560.000000 1.035943 0.981365 0.000000 0 
1627920.000000 0.806835 1627920.000000 0.806835 0.996901 0.000000 0 
1155840.000000 0.960470 1155840.000000 0.960470 0.999043 0.000000 0 
1628880.000000 0.804960 1628880.000000 0.804960 0.997467 0.000000 0 
1127760.000000 0.984115 1127760.000000 0.984115 0.976466 0.000000 0 
1094160.000000 1.008490 1094160.000000 1.008490 0.979955 0.000000 0 
1772400.000000 0.794060 1772400.000000 0.794060 0.977119 0.000000 0 
1219200.000000 0.912269 1219200.000000 0.912269 0.982030 0.000000 0 
1214400.000000 0.912919 1214400.000000 0.912919 0.989856 0.000000 0 
#Generacion: 4500 
#Distancia: 274.394242 
1009680.000000 1.274408 1009680.000000 1.274408 0.990251 0.000000 0 
2055600.000000 0.781658 2055600.000000 0.781658 0.996229 0.000000 0 
1014480.000000 1.172439 1014480.000000 1.172439 0.987883 0.000000 0 
1034160.000000 1.122727 1034160.000000 1.122727 0.988106 0.000000 0 
1037280.000000 1.090158 1037280.000000 1.090158 0.995043 0.000000 0 
1205280.000000 0.907705 1205280.000000 0.907705 0.998502 0.000000 0 
1040640.000000 1.065263 1040640.000000 1.065263 0.989575 0.000000 0 
1102560.000000 1.004850 1102560.000000 1.004850 0.987508 0.000000 0 
1038240.000000 1.089810 1038240.000000 1.089810 0.995044 0.000000 0 
1175280.000000 0.932908 1175280.000000 0.932908 0.986550 0.000000 0 
1020960.000000 1.156060 1020960.000000 1.156060 0.986139 0.000000 0 
1058640.000000 1.036744 1058640.000000 1.036744 0.985044 0.000000 0 
1118880.000000 0.974186 1118880.000000 0.974186 0.984557 0.000000 0 
1784400.000000 0.791293 1784400.000000 0.791293 0.997608 0.000000 0 
1552320.000000 0.818835 1552320.000000 0.818835 0.979392 0.000000 0 
1105200.000000 0.984300 1105200.000000 0.984300 0.986056 0.000000 0 
1031760.000000 1.125081 1031760.000000 1.125081 0.988727 0.000000 0 
1755840.000000 0.792722 1755840.000000 0.792722 0.989705 0.000000 0 
1158240.000000 0.940655 1158240.000000 0.940655 0.996561 0.000000 0 
1454640.000000 0.834616 1454640.000000 0.834616 0.981141 0.000000 0 
1220160.000000 0.904124 1220160.000000 0.904124 0.997856 0.000000 0 
1053840.000000 1.049612 1053840.000000 1.049612 0.999922 0.000000 0 
1044240.000000 1.050242 1044240.000000 1.050242 0.983372 0.000000 0 
1014480.000000 1.172439 1014480.000000 1.172439 0.987883 0.000000 0 
1356960.000000 0.858966 1356960.000000 0.858966 0.970312 0.000000 0 
1157040.000000 0.954331 1157040.000000 0.954331 0.982138 0.000000 0 
1263600.000000 0.888012 1263600.000000 0.888012 0.984829 0.000000 0 
1029120.000000 1.142097 1029120.000000 1.142097 0.995712 0.000000 0 
1184880.000000 0.927930 1184880.000000 0.927930 0.987856 0.000000 0 
1509120.000000 0.824652 1509120.000000 0.824652 0.988275 0.000000 0 
1391520.000000 0.846939 1391520.000000 0.846939 0.990369 0.000000 0 
1135680.000000 0.965703 1135680.000000 0.965703 0.995986 0.000000 0 
1027440.000000 1.153879 1027440.000000 1.153879 0.986783 0.000000 0 
1304160.000000 0.873814 1304160.000000 0.873814 0.989101 0.000000 0 
1528320.000000 0.821079 1528320.000000 0.821079 0.986890 0.000000 0 
1442400.000000 0.841108 1442400.000000 0.841108 0.971005 0.000000 0 
1274160.000000 0.884736 1274160.000000 0.884736 0.984081 0.000000 0 
1252080.000000 0.893337 1252080.000000 0.893337 0.992597 0.000000 0 
2033760.000000 0.782239 2033760.000000 0.782239 0.999728 0.000000 0 
1320480.000000 0.866545 1320480.000000 0.866545 0.986524 0.000000 0 
1650000.000000 0.802863 1650000.000000 0.802863 0.997080 0.000000 0 
1404960.000000 0.845547 1404960.000000 0.845547 0.970038 0.000000 0 
1418400.000000 0.842789 1418400.000000 0.842789 0.970131 0.000000 0 
1043280.000000 1.064377 1043280.000000 1.064377 0.984229 0.000000 0 
1105200.000000 0.984300 1105200.000000 0.984300 0.986056 0.000000 0 
1822080.000000 0.787345 1822080.000000 0.787345 0.952324 0.000000 0 
1126800.000000 0.971644 1126800.000000 0.971644 0.989956 0.000000 0 
1496400.000000 0.828301 1496400.000000 0.828301 0.993686 0.000000 0 
2021280.000000 0.782442 2021280.000000 0.782442 0.994533 0.000000 0 
1246320.000000 0.896986 1246320.000000 0.896986 0.984084 0.000000 0 
1289040.000000 0.877439 1289040.000000 0.877439 0.983526 0.000000 0 
1343520.000000 0.863096 1343520.000000 0.863096 0.989675 0.000000 0 
1852800.000000 0.786648 1852800.000000 0.786648 0.953360 0.000000 0 
1602720.000000 0.808928 1602720.000000 0.808928 0.992122 0.000000 0 
1370880.000000 0.856699 1370880.000000 0.856699 0.983529 0.000000 0 
1614480.000000 0.808905 1614480.000000 0.808905 0.997745 0.000000 0 
1716000.000000 0.797565 1716000.000000 0.797565 0.997606 0.000000 0 
1837440.000000 0.786689 1837440.000000 0.786689 0.953053 0.000000 0 
1583280.000000 0.814019 1583280.000000 0.814019 0.998393 0.000000 0 
1312080.000000 0.870494 1312080.000000 0.870494 0.989614 0.000000 0 
1667280.000000 0.802766 1667280.000000 0.802766 0.996776 0.000000 0 
1467840.000000 0.832182 1467840.000000 0.832182 0.988901 0.000000 0 
1228080.000000 0.898078 1228080.000000 0.898078 0.998507 0.000000 0 
1065600.000000 1.031608 1065600.000000 1.031608 0.983453 0.000000 0 
1679520.000000 0.801845 1679520.000000 0.801845 0.992544 0.000000 0 
1281120.000000 0.878954 1281120.000000 0.878954 0.982232 0.000000 0 
1338480.000000 0.865996 1338480.000000 0.865996 0.985321 0.000000 0 
1590000.000000 0.812866 1590000.000000 0.812866 0.996094 0.000000 0 
1158000.000000 0.945694 1158000.000000 0.945694 0.989924 0.000000 0 
1809600.000000 0.790067 1809600.000000 0.790067 0.960682 0.000000 0 
1633920.000000 0.808253 1633920.000000 0.808253 0.991095 0.000000 0 
1080960.000000 1.019646 1080960.000000 1.019646 0.988244 0.000000 0 
1700880.000000 0.798494 1700880.000000 0.798494 0.995252 0.000000 0 
1143360.000000 0.957978 1143360.000000 0.957978 0.989768 0.000000 0 
1689360.000000 0.798829 1689360.000000 0.798829 0.995014 0.000000 0 
1798080.000000 0.790269 1798080.000000 0.790269 0.971021 0.000000 0 
1075920.000000 1.023430 1075920.000000 1.023430 0.978979 0.000000 0 
1071600.000000 1.028308 1071600.000000 1.028308 0.982485 0.000000 0 
1433760.000000 0.842315 1433760.000000 0.842315 0.970124 0.000000 0 
1635600.000000 0.804740 1635600.000000 0.804740 0.996337 0.000000 0 
1381200.000000 0.852364 1381200.000000 0.852364 0.994133 0.000000 0 
1525440.000000 0.823876 1525440.000000 0.823876 0.980300 0.000000 0 
2001840.000000 0.783255 2001840.000000 0.783255 0.977971 0.000000 0 
1029120.000000 1.142097 1029120.000000 1.142097 0.995712 0.000000 0 
1093680.000000 1.006373 1093680.000000 1.006373 0.980581 0.000000 0 
1082640.000000 1.012766 1082640.000000 1.012766 0.993931 0.000000 0 
1727280.000000 0.795693 1727280.000000 0.795693 0.990987 0.000000 0 
1091280.000000 1.012055 1091280.000000 1.012055 0.990880 0.000000 0 
1485120.000000 0.829453 1485120.000000 0.829453 0.987830 0.000000 0 
1136880.000000 0.958404 1136880.000000 0.958404 0.999268 0.000000 0 
1745280.000000 0.794455 1745280.000000 0.794455 0.987920 0.000000 0 
1478640.000000 0.831277 1478640.000000 0.831277 0.980292 0.000000 0 
1736640.000000 0.794920 1736640.000000 0.794920 0.991362 0.000000 0 
1370880.000000 0.856699 1370880.000000 0.856699 0.983529 0.000000 0 
1952880.000000 0.783287 1952880.000000 0.783287 0.980780 0.000000 0 
1195680.000000 0.921638 1195680.000000 0.921638 0.991600 0.000000 0 
1561200.000000 0.818062 1561200.000000 0.818062 0.990117 0.000000 0 
1854720.000000 0.785508 1854720.000000 0.785508 0.996901 0.000000 0 
1603680.000000 0.808917 1603680.000000 0.808917 0.994184 0.000000 0 
1509120.000000 0.824652 1509120.000000 0.824652 0.988275 0.000000 0 
#Generacion: 5000 
#Distancia: 274.130101 
