11804344652515.576172 11804342526596.855469 2125920.000000 1.279299 1180435.252660 11804342526595.576172 70 
42495173.957554 40412695.383526 2082480.000000 1.425972 5.041269 40412693.957554 16 
51446292.432720 49562054.844979 1884240.000000 2.412259 5.956205 49562052.432720 43 
72680093.543654 70813134.981725 1866960.000000 1.438071 8.081313 70813133.543654 60 
351991160438929.812500 351991158481491.437500 1957440.000000 1.654505 35199116.848149 351991158481489.812500 89 
75896042.655995 73691885.097979 2204160.000000 2.441984 8.369188 73691882.655995 61 
63648513957348.960938 63648511956470.726562 2000880.000000 1.763917 6364852.195647 63648511956468.960938 79 
47158535.342118 45221257.409274 1937280.000000 2.067156 5.522126 45221255.342118 28 
53500796.666146 51540718.537356 1960080.000000 1.871209 6.154072 51540716.666146 48 
57894993.705186 56054675.992620 1840320.000000 2.287435 6.605467 56054673.705186 50 
48172945.766821 46163426.986270 2009520.000000 1.219449 5.616343 46163425.766821 31 
49071581.841302 47118223.409748 1953360.000000 1.568446 5.711822 47118221.841302 34 
47562773.651777 45626455.311250 1936320.000000 1.659474 5.562645 45626453.651777 30 
41291389.291848 39404990.884092 1886400.000000 1.592244 4.940499 39404989.291848 14 
25132165.309388 23024246.437737 2107920.000000 1.128349 3.302425 23024245.309388 2 
11572059927371.597656 11572057911853.755859 2015520.000000 2.157715 1157206.791185 11572057911851.597656 69 
49183129.992215 47178171.571858 2004960.000000 1.579643 5.717817 47178169.992215 35 
43102825.918315 41045547.354631 2057280.000000 1.436316 5.104555 41045545.918315 18 
4432500025276.786133 4432498031118.693359 1994160.000000 1.906832 443250.803112 4432498031116.786133 68 
50561614.792297 48749856.384349 1811760.000000 1.592051 5.874985 48749854.792297 41 
32960872.585047 30891354.157768 2069520.000000 1.572720 4.089135 30891352.585047 7 
87589035.650192 85597757.912141 1991280.000000 2.261949 9.559776 85597755.650192 66 
48906698.576771 46936300.147209 1970400.000000 1.570438 5.693630 46936298.576771 33 
55935556.982626 53953638.937034 1981920.000000 1.954408 6.395364 53953636.982626 49 
15191020041315.197266 15191018229317.765625 1812000.000000 2.567623 1519102.822932 15191018229315.197266 73 
76213190308052.703125 76213188355895.406250 1952160.000000 2.700077 7621319.835589 76213188355892.703125 82 
153904541837167.843750 153904539802210.156250 2034960.000000 2.313191 15390454.980221 153904539802207.843750 87 
50900809.655542 48713211.197191 2187600.000000 1.541649 5.871321 48713209.655542 42 
60388178.071795 58510899.782751 1877280.000000 1.710956 6.851090 58510898.071795 52 
96103065946881.562500 96103063797922.828125 2148960.000000 1.258440 9610307.379792 96103063797921.562500 85 
47049117.089626 44894638.452596 2154480.000000 1.362970 5.489464 44894637.089626 27 
46235299672358.257812 46235297464359.601562 2208000.000000 1.342800 4623530.746436 46235297464358.257812 76 
45195722.413118 43112283.971761 2083440.000000 1.558643 5.311228 43112282.413118 26 
159981642380441.093750 159981640168842.375000 2211600.000000 1.286909 15998165.016884 159981640168841.093750 88 
60093856.243730 57959537.786580 2134320.000000 1.542850 6.795954 57959536.243730 51 
48832890.577524 46864172.341692 1968720.000000 1.764168 5.686417 46864170.577524 32 
47649243626339.710938 47649241734901.539062 1891440.000000 1.828739 4764925.173490 47649241734899.710938 77 
81802068.741343 79685750.505582 2116320.000000 1.764239 8.968575 79685748.741343 63 
43106469.438015 41157910.800973 1948560.000000 1.362957 5.115791 41157909.438015 19 
33153395.968034 31104277.659790 2049120.000000 1.691757 4.110428 31104275.968034 8 
51651513.758304 49590155.172951 2061360.000000 1.414647 5.959015 49590153.758304 44 
47555282.486712 45607683.868758 1947600.000000 1.382046 5.560768 45607682.486712 29 
75872795688398.078125 75872793473919.640625 2214480.000000 1.559776 7587280.347392 75872793473918.078125 81 
72265778.053236 70363781.480706 1902000.000000 3.427470 8.036378 70363778.053236 58 
30161415.455792 28149736.618637 2011680.000000 1.162845 3.814974 28149735.455792 5 
57739108970346.007812 57739106957227.734375 2013120.000000 1.724512 5773911.695723 57739106957226.007812 78 
63339561.003082 61339402.253278 2000160.000000 1.250196 7.133940 61339401.003082 54 
392973088198778.562500 392973086126619.937500 2072160.000000 1.400959 39297309.612662 392973086126618.562500 90 
52026837.176593 50007238.440899 2019600.000000 1.264307 6.000724 50007237.176593 45 
36206590.885108 34130352.133864 2076240.000000 1.248756 4.413035 34130350.885108 9 
40921213.685644 38813055.729927 2108160.000000 2.044283 4.881305 38813053.685644 13 
45061762.877665 43233205.281188 1828560.000000 2.403523 5.323320 43233202.877665 26 
41560936.626417 39468858.206345 2092080.000000 1.579928 4.946886 39468856.626417 15 
60847384.513929 58875066.070739 1972320.000000 1.556811 6.887506 58875064.513929 53 
92030931739046.109375 92030929719447.578125 2019600.000000 1.467433 9203093.971945 92030929719446.109375 84 
78986855.958442 77181098.657585 1805760.000000 2.699143 8.718110 77181095.958442 62 
44049831.231786 42318712.918746 1731120.000000 1.686960 5.231871 42318711.231786 24 
12381355354333.369141 12381353218335.052734 2136000.000000 1.683497 1238136.321833 12381353218333.369141 71 
42946993.390219 40902674.716087 2044320.000000 1.325868 5.090267 40902673.390219 17 
67820990895944.218750 67820988855705.953125 2040240.000000 1.734735 6782099.885570 67820988855704.218750 80 
72058459.895026 70002861.521196 2055600.000000 1.626170 8.000286 70002859.895026 57 
25408722.501732 23258083.963140 2150640.000000 1.461408 3.325808 23258082.501732 3 
39536726.682989 37552408.575715 1984320.000000 1.892726 4.755241 37552406.682989 11 
51476313.579571 49364315.098975 2112000.000000 1.519404 5.936431 49364313.579571 43 
52476194.506154 50707396.051107 1768800.000000 1.544953 6.070739 50707394.506154 47 
72589927.769307 70750330.070825 1839600.000000 2.301518 8.075033 70750327.769307 59 
67081949.257193 65116831.570799 1965120.000000 2.313606 7.511683 65116829.257193 55 
52307416.542376 50307978.252571 1999440.000000 1.710195 6.030798 50307976.542376 46 
44425103.004952 42536784.837250 1888320.000000 1.832298 5.253678 42536783.004952 25 
49918297.693190 48022299.344245 1896000.000000 1.651055 5.802230 48022297.693190 39 
50602835.214706 48685236.748425 1917600.000000 1.533718 5.868524 48685235.214706 41 
48854146.133987 46755107.803889 2099040.000000 1.669902 5.675511 46755106.133987 32 
44006714.633146 41944396.547378 2062320.000000 1.914232 5.194439 41944394.633146 23 
32937800.440261 30575241.838344 2362560.000000 1.398083 4.057524 30575240.440261 6 
44346511.648565 42307473.234026 2039040.000000 1.585461 5.230747 42307471.648565 24 
39916213.785943 37822935.834136 2093280.000000 2.048193 4.782293 37822933.785943 12 
70273051.064429 68332652.716271 1940400.000000 1.651843 7.833265 68332651.064429 56 
14776863204443.615234 14776861204285.460938 2000160.000000 1.845888 1477687.120428 14776861204283.615234 72 
120495402651210.656250 120495400697612.093750 1953600.000000 1.432343 12049541.069761 120495400697610.656250 86 
82142439.359806 79957960.805460 2184480.000000 1.445654 8.995796 79957959.359806 64 
49762444.557547 47751726.036284 2010720.000000 1.478737 5.775172 47751724.557547 38 
43547621.248276 41601702.600974 1945920.000000 1.352698 5.160170 41601701.248276 21 
49922522.419211 47939164.256251 1983360.000000 1.837039 5.793916 47939162.419211 39 
176890424.293264 174992505.765221 1897920.000000 1.471958 18.499250 174992504.293264 67 
22166688582861.953125 22166686765343.710938 1817520.000000 1.757060 2216669.676534 22166686765341.953125 74 
1266626984336365.250000 1266626982213086.750000 2123280.000000 1.569205 126662699.221309 1266626982213085.250000 92 
49417088.583470 47421969.862726 1995120.000000 1.279256 5.742197 47421968.583470 36 
48938014.380990 46898735.811495 2039280.000000 1.430504 5.689873 46898734.380990 33 
22302375.262153 20413337.553854 1889040.000000 2.291701 3.041334 20413335.262153 1 
88347128791323.796875 88347126801725.265625 1989600.000000 1.465809 8834713.680172 88347126801723.796875 83 
49640804.144471 47632245.815110 2008560.000000 1.670639 5.763224 47632244.144471 37 
33205825328163.101562 33205823274725.050781 2053440.000000 1.947790 3320583.327472 33205823274723.101562 75 
50159099.193413 48028860.380182 2130240.000000 1.186769 5.802886 48028859.193413 40 
43709743.278717 41651744.844067 2058000.000000 1.565350 5.165174 41651743.278717 22 
408071800623212.375000 408071798558253.937500 2064960.000000 1.590132 40807180.855825 408071798558252.375000 91 
83275990.707879 81234072.921733 2041920.000000 2.213855 9.123407 81234070.707879 65 
37608988.774245 35706990.738726 1902000.000000 1.964481 4.570699 35706988.774245 10 
19992015.626659 17868977.038167 2123040.000000 1.411508 2.786898 17868975.626659 0 
29510732.560649 27431134.182245 2079600.000000 1.621596 3.743113 27431132.560649 4 
43128192.040491 41159953.652734 1968240.000000 1.612243 5.115995 41159952.040491 20 
#Generacion: 1 
#Distancia: 787.899798 
1464480.000000 0.884732 1464480.000000 0.884732 0.965537 0.000000 0 
1294560.000000 1.004030 1294560.000000 1.004030 0.989114 0.000000 0 
1429920.000000 0.897936 1429920.000000 0.897936 0.989666 0.000000 0 
1322400.000000 0.979098 1322400.000000 0.979098 0.982232 0.000000 0 
1290240.000000 1.007929 1290240.000000 1.007929 0.994713 0.000000 0 
1344720.000000 0.921318 1344720.000000 0.921318 0.984930 0.000000 0 
1770480.000000 0.840563 1770480.000000 0.840563 0.964449 0.000000 0 
1395840.000000 0.905531 1395840.000000 0.905531 0.972680 0.000000 0 
1342320.000000 0.959600 1342320.000000 0.959600 0.994779 0.000000 0 
1702080.000000 0.842467 1702080.000000 0.842467 0.972126 0.000000 0 
1710000.000000 0.841939 1710000.000000 0.841939 0.975816 0.000000 0 
1269120.000000 1.118017 1269120.000000 1.118017 0.989347 0.000000 0 
1269120.000000 1.118017 1269120.000000 1.118017 0.989347 0.000000 0 
1380960.000000 0.908162 1380960.000000 0.908162 0.985443 0.000000 0 
1378800.000000 0.913922 1378800.000000 0.913922 0.987852 0.000000 0 
1498080.000000 0.873887 1498080.000000 0.873887 0.976949 0.000000 0 
1341600.000000 0.978592 1341600.000000 0.978592 0.981687 0.000000 0 
1279440.000000 1.022139 1279440.000000 1.022139 0.987832 0.000000 0 
1884960.000000 0.838431 1884960.000000 0.838431 0.973645 0.000000 0 
1771440.000000 0.838574 1771440.000000 0.838574 0.985039 0.000000 0 
1488720.000000 0.877026 1488720.000000 0.877026 0.976271 0.000000 0 
1267680.000000 1.159587 1267680.000000 1.159587 0.996243 0.000000 0 
1660560.000000 0.842479 1660560.000000 0.842479 0.987998 0.000000 0 
1421280.000000 0.898956 1421280.000000 0.898956 0.987981 0.000000 0 
1627680.000000 0.851877 1627680.000000 0.851877 0.986985 0.000000 0 
1357200.000000 0.916100 1357200.000000 0.916100 0.968769 0.000000 0 
1467840.000000 0.880473 1467840.000000 0.880473 0.946686 0.000000 0 
1296960.000000 0.983014 1296960.000000 0.983014 0.987194 0.000000 0 
1305600.000000 0.982824 1305600.000000 0.982824 0.991551 0.000000 0 
1409280.000000 0.904895 1409280.000000 0.904895 0.967656 0.000000 0 
1518960.000000 0.864461 1518960.000000 0.864461 0.991968 0.000000 0 
1217280.000000 1.223178 1217280.000000 1.223178 0.986212 0.000000 0 
1488720.000000 0.877026 1488720.000000 0.877026 0.976271 0.000000 0 
1432320.000000 0.891490 1432320.000000 0.891490 0.978037 0.000000 0 
1357200.000000 0.916100 1357200.000000 0.916100 0.968769 0.000000 0 
1556880.000000 0.852825 1556880.000000 0.852825 0.993941 0.000000 0 
1869840.000000 0.838489 1869840.000000 0.838489 0.978684 0.000000 0 
1354080.000000 0.954272 1354080.000000 0.954272 0.968084 0.000000 1 
1352400.000000 0.956793 1352400.000000 0.956793 0.968388 0.000000 1 
1402800.000000 0.907011 1402800.000000 0.907011 0.985423 0.000000 1 
1344000.000000 0.959722 1344000.000000 0.959722 0.996652 0.000000 1 
1275600.000000 1.158175 1275600.000000 1.158175 0.946395 0.000000 1 
1277760.000000 1.125390 1277760.000000 1.125390 0.986265 0.000000 1 
1395600.000000 0.913116 1395600.000000 0.913116 0.970670 0.000000 1 
1383600.000000 0.914980 1383600.000000 0.914980 0.997612 0.000000 1 
1505040.000000 0.876794 1505040.000000 0.876794 0.966057 0.000000 1 
1290000.000000 1.031343 1290000.000000 1.031343 0.997005 0.000000 1 
1287360.000000 1.112822 1287360.000000 1.112822 0.974867 0.000000 1 
1864800.000000 0.838810 1864800.000000 0.838810 0.977737 0.000000 1 
1787040.000000 0.841051 1787040.000000 0.841051 0.973186 0.000000 1 
1820160.000000 0.838816 1820160.000000 0.838816 0.991245 0.000000 1 
1810080.000000 0.839794 1810080.000000 0.839794 0.987443 0.000000 1 
1271040.000000 1.197203 1271040.000000 1.197203 0.952289 0.000000 1 
1688400.000000 0.843529 1688400.000000 0.843529 0.975094 0.000000 1 
1664880.000000 0.847212 1664880.000000 0.847212 0.976893 0.000000 1 
1677840.000000 0.846741 1677840.000000 0.846741 0.975359 0.000000 1 
1664880.000000 0.847212 1664880.000000 0.847212 0.976893 0.000000 1 
1421520.000000 0.899578 1421520.000000 0.899578 0.979424 0.000000 1 
1635600.000000 0.852336 1635600.000000 0.852336 0.982547 0.000000 1 
1475520.000000 0.886855 1475520.000000 0.886855 0.998856 0.000000 1 
1480800.000000 0.883006 1480800.000000 0.883006 0.965747 0.000000 1 
1483920.000000 0.880536 1483920.000000 0.880536 0.964656 0.000000 1 
1300080.000000 1.000184 1300080.000000 1.000184 0.984644 0.000000 1 
1300080.000000 1.000184 1300080.000000 1.000184 0.984644 0.000000 1 
1313520.000000 0.982914 1313520.000000 0.982914 0.975981 0.000000 1 
1313520.000000 0.982914 1313520.000000 0.982914 0.975981 0.000000 1 
1307040.000000 0.992479 1307040.000000 0.992479 0.970147 0.000000 1 
1309680.000000 0.986282 1309680.000000 0.986282 0.980890 0.000000 1 
1416240.000000 0.905284 1416240.000000 0.905284 0.966578 0.000000 1 
1545120.000000 0.864992 1545120.000000 0.864992 0.988221 0.000000 1 
1533120.000000 0.869261 1533120.000000 0.869261 0.992837 0.000000 1 
1521840.000000 0.871814 1521840.000000 0.871814 0.960781 0.000000 1 
1521840.000000 0.871814 1521840.000000 0.871814 0.960781 0.000000 1 
1223040.000000 1.266614 1223040.000000 1.266614 0.946299 0.000000 1 
1223040.000000 1.266614 1223040.000000 1.266614 0.946299 0.000000 1 
1266000.000000 1.234040 1266000.000000 1.234040 0.978883 0.000000 1 
1234560.000000 1.234451 1234560.000000 1.234451 0.992213 0.000000 1 
1244160.000000 1.234294 1244160.000000 1.234294 0.989565 0.000000 1 
1497360.000000 0.879035 1497360.000000 0.879035 0.998002 0.000000 1 
1492080.000000 0.879695 1492080.000000 0.879695 0.966847 0.000000 1 
1436640.000000 0.897744 1436640.000000 0.897744 0.954962 0.000000 1 
1449120.000000 0.893175 1449120.000000 0.893175 0.974884 0.000000 1 
1448160.000000 0.896722 1448160.000000 0.896722 0.982254 0.000000 1 
1436640.000000 0.897744 1436640.000000 0.897744 0.954962 0.000000 1 
1366320.000000 0.920575 1366320.000000 0.920575 0.985083 0.000000 1 
1363920.000000 0.943986 1363920.000000 0.943986 0.955277 0.000000 1 
1368480.000000 0.918379 1368480.000000 0.918379 0.988024 0.000000 1 
1572720.000000 0.860664 1572720.000000 0.860664 0.990341 0.000000 1 
1607280.000000 0.857462 1607280.000000 0.857462 0.999902 0.000000 1 
1580640.000000 0.860637 1580640.000000 0.860637 0.990446 0.000000 1 
1605840.000000 0.859428 1605840.000000 0.859428 0.985622 0.000000 1 
1562400.000000 0.861537 1562400.000000 0.861537 0.965823 0.000000 1 
1582080.000000 0.859851 1582080.000000 0.859851 0.988055 0.000000 1 
1611600.000000 0.852946 1611600.000000 0.852946 0.965427 0.000000 1 
1605360.000000 0.859451 1605360.000000 0.859451 0.993398 0.000000 1 
1618560.000000 0.855686 1618560.000000 0.855686 0.980538 0.000000 2 
1586640.000000 0.859994 1586640.000000 0.859994 0.986456 0.000000 2 
1570320.000000 0.863473 1570320.000000 0.863473 0.990095 0.000000 2 
1455840.000000 0.896634 1455840.000000 0.896634 0.979431 0.000000 2 
1468320.000000 0.893681 1468320.000000 0.893681 0.955451 0.000000 2 
#Generacion: 500 
#Distancia: 252.088788 
1156560.000000 1.176099 1156560.000000 1.176099 0.988432 0.000000 0 
1196880.000000 1.007127 1196880.000000 1.007127 0.970848 0.000000 0 
1730160.000000 0.818925 1730160.000000 0.818925 0.985015 0.000000 0 
1876560.000000 0.814800 1876560.000000 0.814800 0.979367 0.000000 0 
1682160.000000 0.820890 1682160.000000 0.820890 0.996045 0.000000 0 
1274160.000000 0.947632 1274160.000000 0.947632 0.955763 0.000000 0 
1232640.000000 0.990546 1232640.000000 0.990546 0.969945 0.000000 0 
1675200.000000 0.823828 1675200.000000 0.823828 0.985664 0.000000 0 
1324080.000000 0.915943 1324080.000000 0.915943 0.980355 0.000000 0 
1236480.000000 0.973501 1236480.000000 0.973501 0.992759 0.000000 0 
1827840.000000 0.816274 1827840.000000 0.816274 0.998599 0.000000 0 
1293840.000000 0.922931 1293840.000000 0.922931 0.973531 0.000000 0 
1329120.000000 0.897985 1329120.000000 0.897985 0.998108 0.000000 0 
1770480.000000 0.817761 1770480.000000 0.817761 0.993492 0.000000 0 
1638240.000000 0.825741 1638240.000000 0.825741 0.984580 0.000000 0 
1509360.000000 0.847768 1509360.000000 0.847768 0.995045 0.000000 0 
1409280.000000 0.879043 1409280.000000 0.879043 0.997263 0.000000 0 
1533600.000000 0.845468 1533600.000000 0.845468 0.995038 0.000000 0 
1852080.000000 0.815657 1852080.000000 0.815657 0.991669 0.000000 0 
1206240.000000 0.995192 1206240.000000 0.995192 0.968509 0.000000 0 
1390080.000000 0.881133 1390080.000000 0.881133 0.997949 0.000000 0 
1788480.000000 0.817696 1788480.000000 0.817696 0.997817 0.000000 0 
1799040.000000 0.816587 1799040.000000 0.816587 0.979265 0.000000 0 
1266480.000000 0.956578 1266480.000000 0.956578 0.963581 0.000000 0 
1429200.000000 0.871779 1429200.000000 0.871779 0.989229 0.000000 0 
1317360.000000 0.916521 1317360.000000 0.916521 0.989888 0.000000 0 
1843920.000000 0.815994 1843920.000000 0.815994 0.993364 0.000000 0 
1501920.000000 0.849733 1501920.000000 0.849733 0.995162 0.000000 0 
1627680.000000 0.829356 1627680.000000 0.829356 0.977232 0.000000 0 
1221120.000000 0.992105 1221120.000000 0.992105 0.964719 0.000000 0 
1590000.000000 0.837735 1590000.000000 0.837735 0.985547 0.000000 0 
1264320.000000 0.964654 1264320.000000 0.964654 0.991243 0.000000 0 
1458720.000000 0.861430 1458720.000000 0.861430 0.995210 0.000000 0 
1217760.000000 0.994679 1217760.000000 0.994679 0.970864 0.000000 0 
1165920.000000 1.173011 1165920.000000 1.173011 0.982357 0.000000 0 
1440240.000000 0.867233 1440240.000000 0.867233 0.998700 0.000000 0 
1562640.000000 0.843213 1562640.000000 0.843213 0.973388 0.000000 0 
1434960.000000 0.870670 1434960.000000 0.870670 0.996807 0.000000 0 
1241520.000000 0.972262 1241520.000000 0.972262 0.982330 0.000000 0 
1612080.000000 0.833144 1612080.000000 0.833144 0.975810 0.000000 0 
1346160.000000 0.895087 1346160.000000 0.895087 0.997839 0.000000 0 
1257120.000000 0.966757 1257120.000000 0.966757 0.965006 0.000000 0 
1357440.000000 0.893987 1357440.000000 0.893987 0.999313 0.000000 0 
1621920.000000 0.829416 1621920.000000 0.829416 0.977470 0.000000 0 
1304400.000000 0.918786 1304400.000000 0.918786 0.978813 0.000000 0 
1265520.000000 0.957383 1265520.000000 0.957383 0.963853 0.000000 0 
1415520.000000 0.873644 1415520.000000 0.873644 0.997735 0.000000 0 
1638240.000000 0.825741 1638240.000000 0.825741 0.984580 0.000000 0 
1770480.000000 0.817761 1770480.000000 0.817761 0.994179 0.000000 0 
1496880.000000 0.853471 1496880.000000 0.853471 0.997391 0.000000 0 
1168080.000000 1.171597 1168080.000000 1.171597 0.981924 0.000000 0 
1598640.000000 0.834136 1598640.000000 0.834136 0.997678 0.000000 0 
1616160.000000 0.833065 1616160.000000 0.833065 0.977062 0.000000 0 
1304400.000000 0.918786 1304400.000000 0.918786 0.978813 0.000000 0 
1414800.000000 0.873807 1414800.000000 0.873807 0.999130 0.000000 0 
1470960.000000 0.861394 1470960.000000 0.861394 0.997580 0.000000 0 
1339680.000000 0.897918 1339680.000000 0.897918 0.998078 0.000000 0 
1478400.000000 0.859527 1478400.000000 0.859527 0.997975 0.000000 0 
1485840.000000 0.855133 1485840.000000 0.855133 0.998272 0.000000 0 
1367280.000000 0.892427 1367280.000000 0.892427 0.965373 0.000000 0 
1373280.000000 0.884800 1373280.000000 0.884800 0.956056 0.000000 0 
1448160.000000 0.866960 1448160.000000 0.866960 0.999544 0.000000 0 
1596960.000000 0.834441 1596960.000000 0.834441 0.975787 0.000000 0 
1580640.000000 0.840068 1580640.000000 0.840068 0.992251 0.000000 0 
1368720.000000 0.888772 1368720.000000 0.888772 0.996633 0.000000 0 
1382160.000000 0.884512 1382160.000000 0.884512 0.955336 0.000000 0 
1386480.000000 0.883881 1386480.000000 0.883881 0.967826 0.000000 0 
1544160.000000 0.844754 1544160.000000 0.844754 0.992797 0.000000 0 
1246320.000000 0.968572 1246320.000000 0.968572 0.996721 0.000000 0 
1494480.000000 0.854709 1494480.000000 0.854709 0.997810 0.000000 0 
1456320.000000 0.865117 1456320.000000 0.865117 0.995611 0.000000 0 
1555200.000000 0.844329 1555200.000000 0.844329 0.974316 0.000000 0 
1583040.000000 0.838974 1583040.000000 0.838974 0.985286 0.000000 0 
1572000.000000 0.841128 1572000.000000 0.841128 0.996818 0.000000 0 
1361760.000000 0.893276 1361760.000000 0.893276 0.989656 0.000000 0 
1371840.000000 0.887384 1371840.000000 0.887384 0.995898 0.000000 0 
1799040.000000 0.816587 1799040.000000 0.816587 0.979265 0.000000 0 
1246320.000000 0.968572 1246320.000000 0.968572 0.996721 0.000000 0 
1206240.000000 0.995192 1206240.000000 0.995192 0.968509 0.000000 0 
1342560.000000 0.896231 1342560.000000 0.896231 0.953171 0.000000 0 
1455840.000000 0.866862 1455840.000000 0.866862 0.960164 0.000000 0 
1542720.000000 0.845389 1542720.000000 0.845389 0.994087 0.000000 0 
1261920.000000 0.966711 1261920.000000 0.966711 0.958344 0.000000 0 
1473360.000000 0.860179 1473360.000000 0.860179 0.999673 0.000000 0 
1572000.000000 0.841128 1572000.000000 0.841128 0.996818 0.000000 0 
1329120.000000 0.897985 1329120.000000 0.897985 0.998108 0.000000 0 
1557120.000000 0.844045 1557120.000000 0.844045 0.990986 0.000000 0 
1485840.000000 0.855133 1485840.000000 0.855133 0.998272 0.000000 0 
1478400.000000 0.859527 1478400.000000 0.859527 0.997975 0.000000 0 
1280640.000000 0.933542 1280640.000000 0.933542 0.983706 0.000000 0 
1895760.000000 0.814468 1895760.000000 0.814468 0.973699 0.000000 0 
1508400.000000 0.848499 1508400.000000 0.848499 0.996702 0.000000 0 
1799040.000000 0.816587 1799040.000000 0.816587 0.979265 0.000000 0 
1580640.000000 0.840068 1580640.000000 0.840068 0.992251 0.000000 0 
1169280.000000 1.129486 1169280.000000 1.129486 0.988293 0.000000 0 
1188960.000000 1.023148 1188960.000000 1.023148 0.985400 0.000000 0 
1903680.000000 0.814145 1903680.000000 0.814145 0.971478 0.000000 0 
1961520.000000 0.814075 1961520.000000 0.814075 0.974130 0.000000 0 
1179360.000000 1.119546 1179360.000000 1.119546 0.984120 0.000000 0 
1928400.000000 0.814515 1928400.000000 0.814515 0.986399 0.000000 1 
#Generacion: 1000 
#Distancia: 245.399192 
1797120.000000 0.807252 1797120.000000 0.807252 0.998547 0.000000 0 
1073040.000000 1.248124 1073040.000000 1.248124 0.999961 0.000000 0 
1118640.000000 1.118688 1118640.000000 1.118688 0.985057 0.000000 0 
1118400.000000 1.196866 1118400.000000 1.196866 0.988594 0.000000 0 
1128240.000000 1.076780 1128240.000000 1.076780 0.993654 0.000000 0 
1090560.000000 1.201892 1090560.000000 1.201892 0.989521 0.000000 0 
1124640.000000 1.116457 1124640.000000 1.116457 0.976689 0.000000 0 
1088640.000000 1.240416 1088640.000000 1.240416 0.994638 0.000000 0 
1148160.000000 1.046993 1148160.000000 1.046993 0.978258 0.000000 0 
1764240.000000 0.808651 1764240.000000 0.808651 0.968700 0.000000 0 
1187760.000000 1.000853 1187760.000000 1.000853 0.976209 0.000000 0 
1244160.000000 0.937703 1244160.000000 0.937703 0.995234 0.000000 0 
1305120.000000 0.899611 1305120.000000 0.899611 0.981306 0.000000 0 
1143840.000000 1.069579 1143840.000000 1.069579 0.982729 0.000000 0 
1239840.000000 0.954125 1239840.000000 0.954125 0.987270 0.000000 0 
1197360.000000 0.981491 1197360.000000 0.981491 0.985293 0.000000 0 
1399200.000000 0.869105 1399200.000000 0.869105 0.994882 0.000000 0 
1293840.000000 0.909256 1293840.000000 0.909256 0.990928 0.000000 0 
1170240.000000 1.020660 1170240.000000 1.020660 0.985317 0.000000 0 
1568160.000000 0.832001 1568160.000000 0.832001 0.996513 0.000000 0 
1096320.000000 1.197111 1096320.000000 1.197111 0.994802 0.000000 0 
1153920.000000 1.036676 1153920.000000 1.036676 0.970825 0.000000 0 
1693680.000000 0.814188 1693680.000000 0.814188 0.982966 0.000000 0 
1546800.000000 0.834210 1546800.000000 0.834210 0.988629 0.000000 0 
1500720.000000 0.842552 1500720.000000 0.842552 0.995196 0.000000 0 
1245120.000000 0.929601 1245120.000000 0.929601 0.981998 0.000000 0 
1667040.000000 0.814460 1667040.000000 0.814460 0.996112 0.000000 0 
1707120.000000 0.813516 1707120.000000 0.813516 0.988530 0.000000 0 
1521120.000000 0.840833 1521120.000000 0.840833 0.990887 0.000000 0 
1257840.000000 0.925517 1257840.000000 0.925517 0.965969 0.000000 0 
1412880.000000 0.867815 1412880.000000 0.867815 0.977219 0.000000 0 
1210080.000000 0.967166 1210080.000000 0.967166 0.984737 0.000000 0 
1159920.000000 1.032260 1159920.000000 1.032260 0.996487 0.000000 0 
1420320.000000 0.863657 1420320.000000 0.863657 0.996131 0.000000 0 
1088640.000000 1.240416 1088640.000000 1.240416 0.994638 0.000000 0 
1733040.000000 0.812383 1733040.000000 0.812383 0.977553 0.000000 0 
1142880.000000 1.069683 1142880.000000 1.069683 0.982650 0.000000 0 
1633200.000000 0.821126 1633200.000000 0.821126 0.985001 0.000000 0 
1752720.000000 0.810752 1752720.000000 0.810752 0.978768 0.000000 0 
1475040.000000 0.850321 1475040.000000 0.850321 0.986297 0.000000 0 
1664880.000000 0.817066 1664880.000000 0.817066 0.985258 0.000000 0 
1383600.000000 0.874776 1383600.000000 0.874776 0.958737 0.000000 0 
1323120.000000 0.899576 1323120.000000 0.899576 0.994167 0.000000 0 
1603200.000000 0.823937 1603200.000000 0.823937 0.987044 0.000000 0 
1201920.000000 0.975281 1201920.000000 0.975281 0.986328 0.000000 0 
1433760.000000 0.862874 1433760.000000 0.862874 0.978923 0.000000 0 
1230240.000000 0.955016 1230240.000000 0.955016 0.989919 0.000000 0 
1179360.000000 1.010747 1179360.000000 1.010747 0.968293 0.000000 0 
1647120.000000 0.818152 1647120.000000 0.818152 0.990921 0.000000 0 
1293120.000000 0.916935 1293120.000000 0.916935 0.967473 0.000000 0 
1352160.000000 0.891766 1352160.000000 0.891766 0.967400 0.000000 0 
1118400.000000 1.196866 1118400.000000 1.196866 0.988594 0.000000 0 
1273200.000000 0.922764 1273200.000000 0.922764 0.981718 0.000000 0 
1740960.000000 0.810818 1740960.000000 0.810818 0.989883 0.000000 0 
1364640.000000 0.880922 1364640.000000 0.880922 0.963458 0.000000 0 
1593360.000000 0.826803 1593360.000000 0.826803 0.972845 0.000000 0 
1342560.000000 0.894125 1342560.000000 0.894125 0.978016 0.000000 0 
1469760.000000 0.853981 1469760.000000 0.853981 0.989510 0.000000 0 
1541520.000000 0.837467 1541520.000000 0.837467 0.987148 0.000000 0 
1362240.000000 0.885742 1362240.000000 0.885742 0.976321 0.000000 0 
1228080.000000 0.961642 1228080.000000 0.961642 0.979040 0.000000 0 
1370640.000000 0.877260 1370640.000000 0.877260 0.994703 0.000000 0 
1278720.000000 0.918066 1278720.000000 0.918066 0.975514 0.000000 0 
1358640.000000 0.890126 1358640.000000 0.890126 0.992269 0.000000 0 
1494480.000000 0.845370 1494480.000000 0.845370 0.994295 0.000000 0 
1623600.000000 0.822215 1623600.000000 0.822215 0.988934 0.000000 0 
1266480.000000 0.924244 1266480.000000 0.924244 0.965871 0.000000 0 
1216560.000000 0.966207 1216560.000000 0.966207 0.993196 0.000000 0 
1225200.000000 0.964543 1225200.000000 0.964543 0.987029 0.000000 0 
1645680.000000 0.819235 1645680.000000 0.819235 0.986509 0.000000 0 
1485600.000000 0.847756 1485600.000000 0.847756 0.988669 0.000000 0 
1579200.000000 0.831250 1579200.000000 0.831250 0.984264 0.000000 0 
1185360.000000 1.008267 1185360.000000 1.008267 0.984877 0.000000 0 
1377120.000000 0.876238 1377120.000000 0.876238 0.964294 0.000000 0 
1174560.000000 1.015659 1174560.000000 1.015659 0.998335 0.000000 0 
1285200.000000 0.917831 1285200.000000 0.917831 0.982570 0.000000 0 
1535040.000000 0.840030 1535040.000000 0.840030 0.978576 0.000000 0 
1590720.000000 0.829930 1590720.000000 0.829930 0.989105 0.000000 0 
1530480.000000 0.840384 1530480.000000 0.840384 0.981065 0.000000 0 
1200720.000000 0.976273 1200720.000000 0.976273 0.992066 0.000000 0 
1464000.000000 0.858688 1464000.000000 0.858688 0.961634 0.000000 0 
1334400.000000 0.894399 1334400.000000 0.894399 0.990943 0.000000 0 
1612080.000000 0.823081 1612080.000000 0.823081 0.986023 0.000000 0 
1186800.000000 1.004515 1186800.000000 1.004515 0.973102 0.000000 0 
1702320.000000 0.814085 1702320.000000 0.814085 0.976246 0.000000 0 
1452480.000000 0.858987 1452480.000000 0.858987 0.961806 0.000000 0 
1584000.000000 0.830732 1584000.000000 0.830732 0.985222 0.000000 0 
1327200.000000 0.897928 1327200.000000 0.897928 0.994048 0.000000 0 
1443360.000000 0.861245 1443360.000000 0.861245 0.978009 0.000000 0 
1466400.000000 0.858487 1466400.000000 0.858487 0.986745 0.000000 0 
1159920.000000 1.032260 1159920.000000 1.032260 0.996487 0.000000 0 
1332720.000000 0.897089 1332720.000000 0.897089 0.994579 0.000000 0 
1616160.000000 0.822906 1616160.000000 0.822906 0.983884 0.000000 0 
1450560.000000 0.859001 1450560.000000 0.859001 0.984027 0.000000 0 
1485840.000000 0.845649 1485840.000000 0.845649 0.994535 0.000000 0 
1174320.000000 1.017987 1174320.000000 1.017987 0.992289 0.000000 0 
1440720.000000 0.861295 1440720.000000 0.861295 0.979740 0.000000 0 
1197360.000000 0.981491 1197360.000000 0.981491 0.985293 0.000000 0 
1733040.000000 0.812383 1733040.000000 0.812383 0.977553 0.000000 0 
1124640.000000 1.116457 1124640.000000 1.116457 0.976689 0.000000 0 
#Generacion: 1500 
#Distancia: 230.221818 
1913760.000000 0.800922 1913760.000000 0.800922 0.973364 0.000000 0 
1060320.000000 1.231182 1060320.000000 1.231182 0.993966 0.000000 0 
1060320.000000 1.231182 1060320.000000 1.231182 0.993966 0.000000 0 
1100160.000000 1.168035 1100160.000000 1.168035 0.998562 0.000000 0 
1104480.000000 1.069719 1104480.000000 1.069719 0.983091 0.000000 0 
1680480.000000 0.808997 1680480.000000 0.808997 0.967017 0.000000 0 
1074240.000000 1.216286 1074240.000000 1.216286 0.985794 0.000000 0 
1803840.000000 0.803391 1803840.000000 0.803391 0.987801 0.000000 0 
1740240.000000 0.807107 1740240.000000 0.807107 0.975084 0.000000 0 
1133760.000000 1.034880 1133760.000000 1.034880 0.986403 0.000000 0 
1083600.000000 1.188964 1083600.000000 1.188964 0.970796 0.000000 0 
1132800.000000 1.051351 1132800.000000 1.051351 0.990388 0.000000 0 
1139280.000000 1.016223 1139280.000000 1.016223 0.995675 0.000000 0 
1790400.000000 0.804544 1790400.000000 0.804544 0.988810 0.000000 0 
1205040.000000 0.957816 1205040.000000 0.957816 0.995740 0.000000 0 
1155360.000000 1.004411 1155360.000000 1.004411 0.987426 0.000000 0 
1228320.000000 0.945968 1228320.000000 0.945968 0.983694 0.000000 0 
1063200.000000 1.217205 1063200.000000 1.217205 0.987170 0.000000 0 
1558800.000000 0.827814 1558800.000000 0.827814 0.994225 0.000000 0 
1137600.000000 1.020783 1137600.000000 1.020783 0.990489 0.000000 0 
1474080.000000 0.843931 1474080.000000 0.843931 0.990399 0.000000 0 
1625520.000000 0.818552 1625520.000000 0.818552 0.984240 0.000000 0 
1534800.000000 0.830410 1534800.000000 0.830410 0.991028 0.000000 0 
1248000.000000 0.914019 1248000.000000 0.914019 0.993094 0.000000 0 
1202880.000000 0.972510 1202880.000000 0.972510 0.988109 0.000000 0 
1882080.000000 0.802309 1882080.000000 0.802309 0.982906 0.000000 0 
1913760.000000 0.800922 1913760.000000 0.800922 0.973364 0.000000 0 
1243680.000000 0.937353 1243680.000000 0.937353 0.972921 0.000000 0 
1646160.000000 0.815736 1646160.000000 0.815736 0.992980 0.000000 0 
1289280.000000 0.904954 1289280.000000 0.904954 0.992419 0.000000 0 
1245120.000000 0.929601 1245120.000000 0.929601 0.981998 0.000000 0 
1514640.000000 0.832166 1514640.000000 0.832166 0.998938 0.000000 0 
1587360.000000 0.823763 1587360.000000 0.823763 0.993619 0.000000 0 
1113120.000000 1.068354 1113120.000000 1.068354 0.982829 0.000000 0 
1410480.000000 0.862493 1410480.000000 0.862493 0.982391 0.000000 0 
1231440.000000 0.940029 1231440.000000 0.940029 0.989084 0.000000 0 
1758480.000000 0.804799 1758480.000000 0.804799 0.988203 0.000000 0 
1491600.000000 0.841798 1491600.000000 0.841798 0.999770 0.000000 0 
1616400.000000 0.819687 1616400.000000 0.819687 0.980310 0.000000 0 
1124880.000000 1.062163 1124880.000000 1.062163 0.967903 0.000000 0 
1506000.000000 0.836691 1506000.000000 0.836691 0.993992 0.000000 0 
1461600.000000 0.846503 1461600.000000 0.846503 0.990572 0.000000 0 
1214640.000000 0.954689 1214640.000000 0.954689 0.995885 0.000000 0 
1277040.000000 0.907265 1277040.000000 0.907265 0.993975 0.000000 0 
1178640.000000 0.990376 1178640.000000 0.990376 0.979387 0.000000 0 
1324320.000000 0.894397 1324320.000000 0.894397 0.976102 0.000000 0 
1444560.000000 0.856483 1444560.000000 0.856483 0.977134 0.000000 0 
1167600.000000 0.996494 1167600.000000 0.996494 0.985649 0.000000 0 
1362000.000000 0.880720 1362000.000000 0.880720 0.971640 0.000000 0 
1346160.000000 0.880759 1346160.000000 0.880759 0.996555 0.000000 0 
1161360.000000 1.004026 1161360.000000 1.004026 0.993658 0.000000 0 
1094400.000000 1.176297 1094400.000000 1.176297 0.991271 0.000000 0 
1264320.000000 0.913007 1264320.000000 0.913007 0.995522 0.000000 0 
1422000.000000 0.860872 1422000.000000 0.860872 0.973382 0.000000 0 
1328640.000000 0.889262 1328640.000000 0.889262 0.987595 0.000000 0 
1493760.000000 0.837674 1493760.000000 0.837674 0.999108 0.000000 0 
1599840.000000 0.821746 1599840.000000 0.821746 0.993246 0.000000 0 
1674480.000000 0.813880 1674480.000000 0.813880 0.992680 0.000000 0 
1308000.000000 0.897238 1308000.000000 0.897238 0.974623 0.000000 0 
1268160.000000 0.909663 1268160.000000 0.909663 0.991296 0.000000 0 
1123200.000000 1.062648 1123200.000000 1.062648 0.991698 0.000000 0 
1400400.000000 0.866467 1400400.000000 0.866467 0.994329 0.000000 0 
1528800.000000 0.831529 1528800.000000 0.831529 0.988464 0.000000 0 
1364160.000000 0.875538 1364160.000000 0.875538 0.992699 0.000000 0 
1652400.000000 0.814982 1652400.000000 0.814982 0.998739 0.000000 0 
1451520.000000 0.852359 1451520.000000 0.852359 0.997936 0.000000 0 
1191840.000000 0.975001 1191840.000000 0.975001 0.991364 0.000000 0 
1173600.000000 0.995882 1173600.000000 0.995882 0.986157 0.000000 0 
1344960.000000 0.886356 1344960.000000 0.886356 0.986254 0.000000 0 
1572240.000000 0.826311 1572240.000000 0.826311 0.985327 0.000000 0 
1742880.000000 0.805194 1742880.000000 0.805194 0.970632 0.000000 0 
1179120.000000 0.983354 1179120.000000 0.983354 0.987042 0.000000 0 
1096800.000000 1.172408 1096800.000000 1.172408 0.997018 0.000000 0 
1337760.000000 0.888200 1337760.000000 0.888200 0.986133 0.000000 0 
1312800.000000 0.895987 1312800.000000 0.895987 0.972740 0.000000 0 
1456560.000000 0.850789 1456560.000000 0.850789 0.976916 0.000000 0 
1190640.000000 0.979851 1190640.000000 0.979851 0.975190 0.000000 0 
1882080.000000 0.802309 1882080.000000 0.802309 0.982906 0.000000 0 
1374960.000000 0.875360 1374960.000000 0.875360 0.994025 0.000000 0 
1387920.000000 0.868181 1387920.000000 0.868181 0.987855 0.000000 0 
1434720.000000 0.858576 1434720.000000 0.858576 0.984617 0.000000 0 
1083600.000000 1.188964 1083600.000000 1.188964 0.970796 0.000000 0 
1087680.000000 1.181283 1087680.000000 1.181283 0.993873 0.000000 0 
1180080.000000 0.979888 1180080.000000 0.979888 0.984415 0.000000 0 
1248960.000000 0.913115 1248960.000000 0.913115 0.994921 0.000000 0 
1430400.000000 0.859529 1430400.000000 0.859529 0.982621 0.000000 0 
1293600.000000 0.898507 1293600.000000 0.898507 0.973311 0.000000 0 
1293600.000000 0.898507 1293600.000000 0.898507 0.973311 0.000000 0 
1245120.000000 0.929601 1245120.000000 0.929601 0.981998 0.000000 0 
1087680.000000 1.181283 1087680.000000 1.181283 0.993873 0.000000 0 
1599120.000000 0.823222 1599120.000000 0.823222 0.984019 0.000000 0 
1570560.000000 0.826805 1570560.000000 0.826805 0.991885 0.000000 0 
1758480.000000 0.804799 1758480.000000 0.804799 0.988203 0.000000 0 
1200240.000000 0.972984 1200240.000000 0.972984 0.978399 0.000000 0 
1395840.000000 0.867060 1395840.000000 0.867060 0.991326 0.000000 0 
1214640.000000 0.954689 1214640.000000 0.954689 0.995885 0.000000 0 
1100160.000000 1.168035 1100160.000000 1.168035 0.998562 0.000000 0 
1376400.000000 0.869847 1376400.000000 0.869847 0.986746 0.000000 0 
1839120.000000 0.802869 1839120.000000 0.802869 0.988014 0.000000 0 
1205040.000000 0.957816 1205040.000000 0.957816 0.995740 0.000000 0 
#Generacion: 2000 
#Distancia: 258.933939 
2011440.000000 0.798011 2011440.000000 0.798011 0.990186 0.000000 0 
1026960.000000 1.350225 1026960.000000 1.350225 0.999115 0.000000 0 
1043280.000000 1.343509 1043280.000000 1.343509 0.997668 0.000000 0 
1044960.000000 1.245774 1044960.000000 1.245774 0.989370 0.000000 0 
1076160.000000 1.140235 1076160.000000 1.140235 0.983670 0.000000 0 
1068240.000000 1.217031 1068240.000000 1.217031 0.985822 0.000000 0 
1069200.000000 1.170562 1069200.000000 1.170562 0.998472 0.000000 0 
1877280.000000 0.802095 1877280.000000 0.802095 0.974379 0.000000 0 
1234560.000000 0.912027 1234560.000000 0.912027 0.996521 0.000000 0 
1087200.000000 1.080460 1087200.000000 1.080460 0.996176 0.000000 0 
1941600.000000 0.799822 1941600.000000 0.799822 0.972604 0.000000 0 
1085280.000000 1.108904 1085280.000000 1.108904 0.998631 0.000000 0 
1074240.000000 1.169994 1074240.000000 1.169994 0.994924 0.000000 0 
1107360.000000 1.044212 1107360.000000 1.044212 0.998720 0.000000 0 
1823040.000000 0.802442 1823040.000000 0.802442 0.978046 0.000000 0 
1233360.000000 0.933057 1233360.000000 0.933057 0.991486 0.000000 0 
1085280.000000 1.108904 1085280.000000 1.108904 0.998631 0.000000 0 
1767120.000000 0.804349 1767120.000000 0.804349 0.972861 0.000000 0 
1263360.000000 0.908262 1263360.000000 0.908262 0.983652 0.000000 0 
1104480.000000 1.069719 1104480.000000 1.069719 0.983091 0.000000 0 
1410000.000000 0.858239 1410000.000000 0.858239 0.995742 0.000000 0 
1913760.000000 0.800096 1913760.000000 0.800096 0.974042 0.000000 0 
1311600.000000 0.887478 1311600.000000 0.887478 0.994809 0.000000 0 
1331760.000000 0.882220 1331760.000000 0.882220 0.981685 0.000000 0 
1157760.000000 0.988073 1157760.000000 0.988073 0.995541 0.000000 0 
1898400.000000 0.800849 1898400.000000 0.800849 0.977217 0.000000 0 
1435440.000000 0.854925 1435440.000000 0.854925 0.999763 0.000000 0 
1171440.000000 0.980271 1171440.000000 0.980271 0.986547 0.000000 0 
1292880.000000 0.895985 1292880.000000 0.895985 0.979865 0.000000 0 
1395840.000000 0.867060 1395840.000000 0.867060 0.991326 0.000000 0 
1356000.000000 0.875576 1356000.000000 0.875576 0.994860 0.000000 0 
1799280.000000 0.804311 1799280.000000 0.804311 0.989524 0.000000 0 
1722480.000000 0.805961 1722480.000000 0.805961 0.990090 0.000000 0 
1709280.000000 0.807724 1709280.000000 0.807724 0.962165 0.000000 0 
1095840.000000 1.076568 1095840.000000 1.076568 0.997617 0.000000 0 
1550160.000000 0.828047 1550160.000000 0.828047 0.987682 0.000000 0 
1282560.000000 0.901545 1282560.000000 0.901545 0.971670 0.000000 0 
1665840.000000 0.810913 1665840.000000 0.810913 0.985086 0.000000 0 
1992240.000000 0.798247 1992240.000000 0.798247 0.968267 0.000000 0 
1122960.000000 1.035417 1122960.000000 1.035417 0.986956 0.000000 0 
1307520.000000 0.893398 1307520.000000 0.893398 0.981027 0.000000 0 
1213920.000000 0.946522 1213920.000000 0.946522 0.979174 0.000000 0 
1062240.000000 1.217534 1062240.000000 1.217534 0.989947 0.000000 0 
1620720.000000 0.817425 1620720.000000 0.817425 0.989627 0.000000 0 
1148880.000000 1.011447 1148880.000000 1.011447 0.992560 0.000000 0 
1379040.000000 0.870845 1379040.000000 0.870845 0.986221 0.000000 0 
1536480.000000 0.829857 1536480.000000 0.829857 0.985746 0.000000 0 
1587600.000000 0.822092 1587600.000000 0.822092 0.978986 0.000000 0 
1484400.000000 0.841112 1484400.000000 0.841112 0.999079 0.000000 0 
1607760.000000 0.819014 1607760.000000 0.819014 0.999536 0.000000 0 
1371840.000000 0.871953 1371840.000000 0.871953 0.997733 0.000000 0 
1113360.000000 1.042681 1113360.000000 1.042681 0.999507 0.000000 0 
1272960.000000 0.904537 1272960.000000 0.904537 0.982205 0.000000 0 
1689120.000000 0.808237 1689120.000000 0.808237 0.961076 0.000000 0 
1651680.000000 0.812302 1651680.000000 0.812302 0.990686 0.000000 0 
1502160.000000 0.834348 1502160.000000 0.834348 0.998380 0.000000 0 
1403760.000000 0.862579 1403760.000000 0.862579 0.989911 0.000000 0 
1493760.000000 0.837674 1493760.000000 0.837674 0.999108 0.000000 0 
1132320.000000 1.025913 1132320.000000 1.025913 0.987571 0.000000 0 
1568160.000000 0.823525 1568160.000000 0.823525 0.985646 0.000000 0 
1227600.000000 0.942119 1227600.000000 0.942119 0.983571 0.000000 0 
1205040.000000 0.957816 1205040.000000 0.957816 0.995740 0.000000 0 
1137600.000000 1.020783 1137600.000000 1.020783 0.990489 0.000000 0 
1036560.000000 1.348819 1036560.000000 1.348819 0.997254 0.000000 0 
1680480.000000 0.808936 1680480.000000 0.808936 0.966753 0.000000 0 
1146240.000000 1.017664 1146240.000000 1.017664 0.979104 0.000000 0 
1162800.000000 0.985980 1162800.000000 0.985980 0.998139 0.000000 0 
1205040.000000 0.957816 1205040.000000 0.957816 0.995740 0.000000 0 
1185840.000000 0.962354 1185840.000000 0.962354 0.988475 0.000000 0 
1742880.000000 0.805194 1742880.000000 0.805194 0.970632 0.000000 0 
1514640.000000 0.832166 1514640.000000 0.832166 0.998938 0.000000 0 
1803840.000000 0.803391 1803840.000000 0.803391 0.987801 0.000000 0 
1467120.000000 0.846276 1467120.000000 0.846276 0.999006 0.000000 0 
1472880.000000 0.843737 1472880.000000 0.843737 0.995048 0.000000 0 
1124880.000000 1.030094 1124880.000000 1.030094 0.996535 0.000000 0 
1060320.000000 1.231182 1060320.000000 1.231182 0.993966 0.000000 0 
1564080.000000 0.825312 1564080.000000 0.825312 0.991485 0.000000 0 
1524240.000000 0.831485 1524240.000000 0.831485 0.989968 0.000000 0 
1633680.000000 0.815117 1633680.000000 0.815117 0.996876 0.000000 0 
1747680.000000 0.804788 1747680.000000 0.804788 0.980862 0.000000 0 
1595280.000000 0.820818 1595280.000000 0.820818 0.999647 0.000000 0 
1183680.000000 0.973869 1183680.000000 0.973869 0.991395 0.000000 0 
1345680.000000 0.879027 1345680.000000 0.879027 0.991354 0.000000 0 
1437360.000000 0.851167 1437360.000000 0.851167 0.997023 0.000000 0 
1182960.000000 0.975094 1182960.000000 0.975094 0.981856 0.000000 0 
1452720.000000 0.847336 1452720.000000 0.847336 0.999864 0.000000 0 
1641120.000000 0.814326 1641120.000000 0.814326 0.991625 0.000000 0 
1185840.000000 0.962354 1185840.000000 0.962354 0.988475 0.000000 0 
1447920.000000 0.848600 1447920.000000 0.848600 0.997132 0.000000 0 
1231440.000000 0.940029 1231440.000000 0.940029 0.989084 0.000000 0 
1044960.000000 1.245774 1044960.000000 1.245774 0.989370 0.000000 0 
1051680.000000 1.237611 1051680.000000 1.237611 0.996970 0.000000 0 
1823040.000000 0.802442 1823040.000000 0.802442 0.978046 0.000000 0 
1104480.000000 1.069719 1104480.000000 1.069719 0.983091 0.000000 0 
1051680.000000 1.237611 1051680.000000 1.237611 0.996970 0.000000 0 
1060320.000000 1.231182 1060320.000000 1.231182 0.993966 0.000000 0 
2011440.000000 0.798011 2011440.000000 0.798011 0.990186 0.000000 0 
1342080.000000 0.881286 1342080.000000 0.881286 0.979442 0.000000 0 
1972560.000000 0.798859 1972560.000000 0.798859 0.984849 0.000000 0 
1153440.000000 1.004341 1153440.000000 1.004341 0.987165 0.000000 0 
#Generacion: 2500 
#Distancia: 298.746061 
2021280.000000 0.794205 2021280.000000 0.794205 0.999596 0.000000 0 
1019520.000000 1.346173 1019520.000000 1.346173 0.998483 0.000000 0 
1042080.000000 1.256203 1042080.000000 1.256203 0.995102 0.000000 0 
1038480.000000 1.343528 1038480.000000 1.343528 0.997214 0.000000 0 
1929120.000000 0.796176 1929120.000000 0.796176 0.984703 0.000000 0 
1047600.000000 1.204301 1047600.000000 1.204301 0.989762 0.000000 0 
1968960.000000 0.795827 1968960.000000 0.795827 0.983097 0.000000 0 
1084320.000000 1.108789 1084320.000000 1.108789 0.999443 0.000000 0 
1067040.000000 1.146182 1067040.000000 1.146182 0.993241 0.000000 0 
1044960.000000 1.245774 1044960.000000 1.245774 0.989370 0.000000 0 
1865040.000000 0.798635 1865040.000000 0.798635 0.995301 0.000000 0 
1087200.000000 1.080460 1087200.000000 1.080460 0.996176 0.000000 0 
1064880.000000 1.177352 1064880.000000 1.177352 0.986329 0.000000 0 
1221360.000000 0.940923 1221360.000000 0.940923 0.981989 0.000000 0 
1227840.000000 0.912273 1227840.000000 0.912273 0.995658 0.000000 0 
2021280.000000 0.794205 2021280.000000 0.794205 0.999596 0.000000 0 
1202880.000000 0.951627 1202880.000000 0.951627 0.989029 0.000000 0 
1446480.000000 0.845375 1446480.000000 0.845375 0.999442 0.000000 0 
1063200.000000 1.194945 1063200.000000 1.194945 0.992419 0.000000 0 
1133040.000000 1.008763 1133040.000000 1.008763 0.996267 0.000000 0 
1083600.000000 1.128667 1083600.000000 1.128667 0.991200 0.000000 0 
1823040.000000 0.799709 1823040.000000 0.799709 0.976422 0.000000 0 
1861440.000000 0.799262 1861440.000000 0.799262 0.989524 0.000000 0 
1626960.000000 0.813952 1626960.000000 0.813952 0.998260 0.000000 0 
1457760.000000 0.840435 1457760.000000 0.840435 0.997688 0.000000 0 
1430640.000000 0.852021 1430640.000000 0.852021 0.954820 0.000000 0 
1477680.000000 0.839526 1477680.000000 0.839526 0.996701 0.000000 0 
1337280.000000 0.873594 1337280.000000 0.873594 0.994552 0.000000 0 
1100880.000000 1.054606 1100880.000000 1.054606 0.992392 0.000000 0 
1067280.000000 1.134756 1067280.000000 1.134756 0.991758 0.000000 0 
1122000.000000 1.035172 1122000.000000 1.035172 0.984997 0.000000 0 
1739760.000000 0.804142 1739760.000000 0.804142 0.978190 0.000000 0 
1209120.000000 0.947069 1209120.000000 0.947069 0.996090 0.000000 0 
1755840.000000 0.803466 1755840.000000 0.803466 0.987736 0.000000 0 
1124640.000000 1.022790 1124640.000000 1.022790 0.994353 0.000000 0 
1183680.000000 0.973869 1183680.000000 0.973869 0.991395 0.000000 0 
1185840.000000 0.962354 1185840.000000 0.962354 0.988475 0.000000 0 
1280880.000000 0.899586 1280880.000000 0.899586 0.977370 0.000000 0 
1256640.000000 0.909564 1256640.000000 0.909564 0.983640 0.000000 0 
1095840.000000 1.076568 1095840.000000 1.076568 0.997617 0.000000 0 
1804800.000000 0.801876 1804800.000000 0.801876 0.978675 0.000000 0 
1103520.000000 1.047690 1103520.000000 1.047690 0.991970 0.000000 0 
1493760.000000 0.837674 1493760.000000 0.837674 0.999108 0.000000 0 
1128240.000000 1.018053 1128240.000000 1.018053 0.991693 0.000000 0 
1371840.000000 0.870009 1371840.000000 0.870009 0.989942 0.000000 0 
1555680.000000 0.825029 1555680.000000 0.825029 0.998688 0.000000 0 
1234560.000000 0.912027 1234560.000000 0.912027 0.996521 0.000000 0 
1064880.000000 1.177352 1064880.000000 1.177352 0.986329 0.000000 0 
1156800.000000 0.993275 1156800.000000 0.993275 0.995826 0.000000 0 
1774320.000000 0.802534 1774320.000000 0.802534 0.979709 0.000000 0 
1292880.000000 0.895985 1292880.000000 0.895985 0.979865 0.000000 0 
1272240.000000 0.904631 1272240.000000 0.904631 0.983709 0.000000 0 
1689120.000000 0.808237 1689120.000000 0.808237 0.961076 0.000000 0 
1410960.000000 0.858217 1410960.000000 0.858217 0.996162 0.000000 0 
1058880.000000 1.199737 1058880.000000 1.199737 0.984866 0.000000 0 
1787520.000000 0.802435 1787520.000000 0.802435 0.982123 0.000000 0 
1595280.000000 0.820072 1595280.000000 0.820072 0.992894 0.000000 0 
1395120.000000 0.866473 1395120.000000 0.866473 0.990012 0.000000 0 
1524240.000000 0.831485 1524240.000000 0.831485 0.989968 0.000000 0 
1703520.000000 0.807317 1703520.000000 0.807317 0.958665 0.000000 0 
1425120.000000 0.856339 1425120.000000 0.856339 0.966090 0.000000 0 
1403760.000000 0.862579 1403760.000000 0.862579 0.989911 0.000000 0 
1319040.000000 0.886947 1319040.000000 0.886947 0.999676 0.000000 0 
1382640.000000 0.868288 1382640.000000 0.868288 0.984832 0.000000 0 
1146720.000000 1.002897 1146720.000000 1.002897 0.998498 0.000000 0 
1665840.000000 0.810913 1665840.000000 0.810913 0.985086 0.000000 0 
1676880.000000 0.810675 1676880.000000 0.810675 0.996669 0.000000 0 
1113360.000000 1.042681 1113360.000000 1.042681 0.999507 0.000000 0 
1304160.000000 0.893953 1304160.000000 0.893953 0.979253 0.000000 0 
1306560.000000 0.888263 1306560.000000 0.888263 0.993578 0.000000 0 
1502160.000000 0.834348 1502160.000000 0.834348 0.998380 0.000000 0 
1150320.000000 1.002466 1150320.000000 1.002466 0.996011 0.000000 0 
1080240.000000 1.131861 1080240.000000 1.131861 0.991103 0.000000 0 
1513920.000000 0.833604 1513920.000000 0.833604 0.992238 0.000000 0 
1332480.000000 0.881721 1332480.000000 0.881721 0.993017 0.000000 0 
1720320.000000 0.804916 1720320.000000 0.804916 0.984429 0.000000 0 
1172400.000000 0.975419 1172400.000000 0.975419 0.978920 0.000000 0 
1614480.000000 0.815967 1614480.000000 0.815967 0.997157 0.000000 0 
1607760.000000 0.818215 1607760.000000 0.818215 0.993749 0.000000 0 
1568160.000000 0.823525 1568160.000000 0.823525 0.985646 0.000000 0 
1539600.000000 0.826384 1539600.000000 0.826384 0.996013 0.000000 0 
1096080.000000 1.065935 1096080.000000 1.065935 0.993184 0.000000 0 
1162800.000000 0.983185 1162800.000000 0.983185 0.990718 0.000000 0 
1536720.000000 0.829056 1536720.000000 0.829056 0.989924 0.000000 0 
1263360.000000 0.908262 1263360.000000 0.908262 0.983652 0.000000 0 
1157760.000000 0.988062 1157760.000000 0.988062 0.995511 0.000000 0 
1031040.000000 1.345141 1031040.000000 1.345141 0.988943 0.000000 0 
1166160.000000 0.979116 1166160.000000 0.979116 0.993614 0.000000 0 
1221360.000000 0.940923 1221360.000000 0.940923 0.981989 0.000000 0 
1185840.000000 0.962354 1185840.000000 0.962354 0.988475 0.000000 0 
1328160.000000 0.883519 1328160.000000 0.883519 0.999390 0.000000 0 
1120080.000000 1.041493 1120080.000000 1.041493 0.997389 0.000000 0 
1817280.000000 0.800008 1817280.000000 0.800008 0.969179 0.000000 0 
1581600.000000 0.821165 1581600.000000 0.821165 0.979987 0.000000 0 
1044960.000000 1.245774 1044960.000000 1.245774 0.989370 0.000000 0 
1717680.000000 0.806912 1717680.000000 0.806912 0.981618 0.000000 0 
1096080.000000 1.065935 1096080.000000 1.065935 0.993184 0.000000 0 
1577760.000000 0.822524 1577760.000000 0.822524 0.983076 0.000000 0 
1347840.000000 0.871358 1347840.000000 0.871358 0.994770 0.000000 0 
1650720.000000 0.811893 1650720.000000 0.811893 0.968896 0.000000 0 
#Generacion: 3000 
#Distancia: 301.287374 
1005120.000000 1.352975 1005120.000000 1.352975 0.997126 0.000000 0 
2037840.000000 0.792191 2037840.000000 0.792191 0.992897 0.000000 0 
1809120.000000 0.798163 1809120.000000 0.798163 0.977570 0.000000 0 
1691040.000000 0.801151 1691040.000000 0.801151 0.986155 0.000000 0 
1856160.000000 0.794701 1856160.000000 0.794701 0.980766 0.000000 0 
1090800.000000 1.032133 1090800.000000 1.032133 0.996712 0.000000 0 
1027200.000000 1.252758 1027200.000000 1.252758 0.997914 0.000000 0 
1023600.000000 1.307920 1023600.000000 1.307920 0.997995 0.000000 0 
1934640.000000 0.794666 1934640.000000 0.794666 0.987842 0.000000 0 
1078080.000000 1.088763 1078080.000000 1.088763 0.990599 0.000000 0 
1087680.000000 1.078948 1087680.000000 1.078948 0.994990 0.000000 0 
1035120.000000 1.238454 1035120.000000 1.238454 0.998243 0.000000 0 
1065840.000000 1.166063 1065840.000000 1.166063 0.987399 0.000000 0 
1037520.000000 1.207117 1037520.000000 1.207117 0.996454 0.000000 0 
1076880.000000 1.125425 1076880.000000 1.125425 0.996001 0.000000 0 
1066320.000000 1.129227 1066320.000000 1.129227 0.995212 0.000000 0 
1043520.000000 1.203505 1043520.000000 1.203505 0.994881 0.000000 0 
1009680.000000 1.336241 1009680.000000 1.336241 0.998236 0.000000 0 
1023600.000000 1.307920 1023600.000000 1.307920 0.997995 0.000000 0 
1114800.000000 1.023185 1114800.000000 1.023185 0.993126 0.000000 0 
1227840.000000 0.912273 1227840.000000 0.912273 0.995658 0.000000 0 
1227120.000000 0.939628 1227120.000000 0.939628 0.983074 0.000000 0 
1048560.000000 1.176821 1048560.000000 1.176821 0.997776 0.000000 0 
1143840.000000 0.985921 1143840.000000 0.985921 0.998641 0.000000 0 
1136640.000000 1.003356 1136640.000000 1.003356 0.996968 0.000000 0 
1128240.000000 1.018053 1128240.000000 1.018053 0.991693 0.000000 0 
2014800.000000 0.792331 2014800.000000 0.792331 0.991852 0.000000 0 
1572720.000000 0.819872 1572720.000000 0.819872 0.994275 0.000000 0 
1457040.000000 0.840418 1457040.000000 0.840418 0.995844 0.000000 0 
1974000.000000 0.793423 1974000.000000 0.793423 0.997177 0.000000 0 
1666080.000000 0.807073 1666080.000000 0.807073 0.986561 0.000000 0 
1437840.000000 0.843203 1437840.000000 0.843203 0.993263 0.000000 0 
1166160.000000 0.979116 1166160.000000 0.979116 0.993614 0.000000 0 
1059120.000000 1.170264 1059120.000000 1.170264 0.990343 0.000000 0 
1626960.000000 0.813952 1626960.000000 0.813952 0.998260 0.000000 0 
1686240.000000 0.806178 1686240.000000 0.806178 0.985270 0.000000 0 
1133040.000000 1.008763 1133040.000000 1.008763 0.996267 0.000000 0 
1006080.000000 1.348232 1006080.000000 1.348232 0.997398 0.000000 0 
1247040.000000 0.908940 1247040.000000 0.908940 0.983709 0.000000 0 
1152480.000000 0.982789 1152480.000000 0.982789 0.992558 0.000000 0 
1185840.000000 0.962354 1185840.000000 0.962354 0.988475 0.000000 0 
1033920.000000 1.252316 1033920.000000 1.252316 0.998100 0.000000 0 
1289520.000000 0.895583 1289520.000000 0.895583 0.977273 0.000000 0 
1300080.000000 0.891428 1300080.000000 0.891428 0.990906 0.000000 0 
1643040.000000 0.811503 1643040.000000 0.811503 0.986387 0.000000 0 
1270320.000000 0.903394 1270320.000000 0.903394 0.977536 0.000000 0 
1601280.000000 0.817778 1601280.000000 0.817778 0.980609 0.000000 0 
1278960.000000 0.898532 1278960.000000 0.898532 0.976750 0.000000 0 
1262400.000000 0.907954 1262400.000000 0.907954 0.981125 0.000000 0 
1180800.000000 0.970072 1180800.000000 0.970072 0.975318 0.000000 0 
1614480.000000 0.815967 1614480.000000 0.815967 0.997157 0.000000 0 
1169280.000000 0.971228 1169280.000000 0.971228 0.982584 0.000000 0 
1407120.000000 0.854619 1407120.000000 0.854619 0.994786 0.000000 0 
1655520.000000 0.810937 1655520.000000 0.810937 0.974269 0.000000 0 
1510800.000000 0.830909 1510800.000000 0.830909 0.989345 0.000000 0 
1202880.000000 0.951132 1202880.000000 0.951132 0.988729 0.000000 0 
1337280.000000 0.873594 1337280.000000 0.873594 0.994552 0.000000 0 
1207200.000000 0.945446 1207200.000000 0.945446 0.984241 0.000000 0 
1429200.000000 0.846418 1429200.000000 0.846418 0.992979 0.000000 0 
1087200.000000 1.080460 1087200.000000 1.080460 0.996176 0.000000 0 
1483920.000000 0.836489 1483920.000000 0.836489 0.994602 0.000000 0 
1218000.000000 0.944082 1218000.000000 0.944082 0.988701 0.000000 0 
1333440.000000 0.879043 1333440.000000 0.879043 0.998350 0.000000 0 
1502160.000000 0.834348 1502160.000000 0.834348 0.998380 0.000000 0 
1009680.000000 1.336241 1009680.000000 1.336241 0.998236 0.000000 0 
1544880.000000 0.823865 1544880.000000 0.823865 0.998568 0.000000 0 
1309440.000000 0.887839 1309440.000000 0.887839 0.991310 0.000000 0 
1234560.000000 0.912027 1234560.000000 0.912027 0.996521 0.000000 0 
1368000.000000 0.870178 1368000.000000 0.870178 0.987755 0.000000 0 
1525920.000000 0.830504 1525920.000000 0.830504 0.993807 0.000000 0 
1371840.000000 0.867050 1371840.000000 0.867050 0.993230 0.000000 0 
1957680.000000 0.794037 1957680.000000 0.794037 0.989496 0.000000 0 
1382640.000000 0.861642 1382640.000000 0.861642 0.997573 0.000000 0 
1558800.000000 0.822934 1558800.000000 0.822934 0.995204 0.000000 0 
1195680.000000 0.955413 1195680.000000 0.955413 0.979540 0.000000 0 
1048560.000000 1.176821 1048560.000000 1.176821 0.997776 0.000000 0 
1195440.000000 0.959399 1195440.000000 0.959399 0.989952 0.000000 0 
1421520.000000 0.849391 1421520.000000 0.849391 0.995958 0.000000 0 
1353840.000000 0.870737 1353840.000000 0.870737 0.987725 0.000000 0 
1539600.000000 0.826384 1539600.000000 0.826384 0.996013 0.000000 0 
1491600.000000 0.834694 1491600.000000 0.834694 0.990428 0.000000 0 
1995600.000000 0.793110 1995600.000000 0.793110 0.991648 0.000000 0 
1325760.000000 0.882022 1325760.000000 0.882022 0.988906 0.000000 0 
1347840.000000 0.871358 1347840.000000 0.871358 0.994770 0.000000 0 
1532640.000000 0.829338 1532640.000000 0.829338 0.998063 0.000000 0 
1399920.000000 0.861163 1399920.000000 0.861163 0.986487 0.000000 0 
1379760.000000 0.863215 1379760.000000 0.863215 0.991796 0.000000 0 
1995600.000000 0.793110 1995600.000000 0.793110 0.981589 0.000000 0 
1419600.000000 0.853366 1419600.000000 0.853366 0.993860 0.000000 0 
1566240.000000 0.822575 1566240.000000 0.822575 0.991958 0.000000 0 
1401120.000000 0.860317 1401120.000000 0.860317 0.999755 0.000000 0 
1313760.000000 0.884995 1313760.000000 0.884995 0.985386 0.000000 0 
1470240.000000 0.838000 1470240.000000 0.838000 0.997979 0.000000 0 
1066320.000000 1.129227 1066320.000000 1.129227 0.995212 0.000000 0 
1076880.000000 1.125425 1076880.000000 1.125425 0.996001 0.000000 0 
1319040.000000 0.883249 1319040.000000 0.883249 0.989818 0.000000 0 
1957680.000000 0.794037 1957680.000000 0.794037 0.989496 0.000000 0 
1225200.000000 0.940488 1225200.000000 0.940488 0.985044 0.000000 0 
1602000.000000 0.817457 1602000.000000 0.817457 0.976354 0.000000 0 
1470240.000000 0.838000 1470240.000000 0.838000 0.997979 0.000000 0 
#Generacion: 3500 
#Distancia: 298.572626 
998400.000000 1.354875 998400.000000 1.354875 0.997124 0.000000 0 
998400.000000 1.354875 998400.000000 1.354875 0.997124 0.000000 0 
1802640.000000 0.786844 1802640.000000 0.786844 0.994325 0.000000 0 
1006080.000000 1.348232 1006080.000000 1.348232 0.997398 0.000000 0 
1007760.000000 1.221559 1007760.000000 1.221559 0.999056 0.000000 0 
1053600.000000 1.159166 1053600.000000 1.159166 0.981817 0.000000 0 
1054320.000000 1.079752 1054320.000000 1.079752 0.991477 0.000000 0 
1713120.000000 0.793617 1713120.000000 0.793617 0.991017 0.000000 0 
1090800.000000 1.032133 1090800.000000 1.032133 0.996712 0.000000 0 
1020720.000000 1.180205 1020720.000000 1.180205 0.997343 0.000000 0 
1783200.000000 0.787121 1783200.000000 0.787121 0.997477 0.000000 0 
1015440.000000 1.214848 1015440.000000 1.214848 0.988329 0.000000 0 
1090320.000000 1.069705 1090320.000000 1.069705 0.982103 0.000000 0 
1222800.000000 0.938389 1222800.000000 0.938389 0.979700 0.000000 0 
1227840.000000 0.912273 1227840.000000 0.912273 0.995658 0.000000 0 
1637520.000000 0.809573 1637520.000000 0.809573 0.992716 0.000000 0 
1745760.000000 0.790391 1745760.000000 0.790391 0.992851 0.000000 0 
1691040.000000 0.801151 1691040.000000 0.801151 0.986155 0.000000 0 
1616400.000000 0.812058 1616400.000000 0.812058 0.987879 0.000000 0 
1467600.000000 0.837627 1467600.000000 0.837627 0.986010 0.000000 0 
1745760.000000 0.790391 1745760.000000 0.790391 0.992851 0.000000 0 
1169280.000000 0.971228 1169280.000000 0.971228 0.982584 0.000000 0 
1549920.000000 0.821818 1549920.000000 0.821818 0.996571 0.000000 0 
1153920.000000 0.976914 1153920.000000 0.976914 0.976623 0.000000 0 
1122000.000000 1.004055 1122000.000000 1.004055 0.999680 0.000000 0 
1040160.000000 1.166442 1040160.000000 1.166442 0.993003 0.000000 0 
1359600.000000 0.863116 1359600.000000 0.863116 0.994125 0.000000 0 
1455840.000000 0.840496 1455840.000000 0.840496 0.996958 0.000000 0 
1572720.000000 0.819872 1572720.000000 0.819872 0.994275 0.000000 0 
1095360.000000 1.025396 1095360.000000 1.025396 0.994844 0.000000 0 
1421520.000000 0.849391 1421520.000000 0.849391 0.995958 0.000000 0 
1258320.000000 0.903608 1258320.000000 0.903608 0.987714 0.000000 0 
1309920.000000 0.883882 1309920.000000 0.883882 0.997189 0.000000 0 
1032240.000000 1.176109 1032240.000000 1.176109 0.999912 0.000000 0 
1280640.000000 0.892687 1280640.000000 0.892687 0.987877 0.000000 0 
1651680.000000 0.806064 1651680.000000 0.806064 0.988555 0.000000 0 
1672800.000000 0.804857 1672800.000000 0.804857 0.997905 0.000000 0 
1120800.000000 1.018790 1120800.000000 1.018790 0.984604 0.000000 0 
1074480.000000 1.071687 1074480.000000 1.071687 0.993896 0.000000 0 
1143840.000000 0.985921 1143840.000000 0.985921 0.998641 0.000000 0 
1484640.000000 0.834325 1484640.000000 0.834325 0.991290 0.000000 0 
1126560.000000 0.999899 1126560.000000 0.999899 0.993671 0.000000 0 
1186320.000000 0.950186 1186320.000000 0.950186 0.988520 0.000000 0 
1109040.000000 1.023310 1109040.000000 1.023310 0.992855 0.000000 0 
1604640.000000 0.813295 1604640.000000 0.813295 0.985912 0.000000 0 
1324080.000000 0.880220 1324080.000000 0.880220 0.996432 0.000000 0 
1392240.000000 0.855347 1392240.000000 0.855347 0.999134 0.000000 0 
1275840.000000 0.900603 1275840.000000 0.900603 0.985156 0.000000 0 
1429200.000000 0.846418 1429200.000000 0.846418 0.992979 0.000000 0 
1388160.000000 0.859930 1388160.000000 0.859930 0.998230 0.000000 0 
1202640.000000 0.946291 1202640.000000 0.946291 0.979622 0.000000 0 
1045680.000000 1.163011 1045680.000000 1.163011 0.987210 0.000000 0 
1179360.000000 0.971054 1179360.000000 0.971054 0.991572 0.000000 0 
1688160.000000 0.803306 1688160.000000 0.803306 0.985737 0.000000 0 
1184400.000000 0.961781 1184400.000000 0.961781 0.981018 0.000000 0 
1305600.000000 0.888690 1305600.000000 0.888690 0.983852 0.000000 0 
1353360.000000 0.867436 1353360.000000 0.867436 0.997418 0.000000 0 
1152480.000000 0.982789 1152480.000000 0.982789 0.992558 0.000000 0 
1661280.000000 0.805287 1661280.000000 0.805287 0.996960 0.000000 0 
1591200.000000 0.813480 1591200.000000 0.813480 0.986401 0.000000 0 
1328640.000000 0.870834 1328640.000000 0.870834 0.999704 0.000000 0 
1211280.000000 0.944523 1211280.000000 0.944523 0.977956 0.000000 0 
1191840.000000 0.947657 1191840.000000 0.947657 0.985501 0.000000 0 
1441440.000000 0.841502 1441440.000000 0.841502 0.996627 0.000000 0 
1408320.000000 0.853283 1408320.000000 0.853283 0.999878 0.000000 0 
1270320.000000 0.903394 1270320.000000 0.903394 0.977536 0.000000 0 
1588320.000000 0.817512 1588320.000000 0.817512 0.984717 0.000000 0 
1235520.000000 0.911985 1235520.000000 0.911985 0.996798 0.000000 0 
1246560.000000 0.908149 1246560.000000 0.908149 0.979240 0.000000 0 
1136880.000000 0.994912 1136880.000000 0.994912 0.991609 0.000000 0 
1061040.000000 1.078383 1061040.000000 1.078383 0.991489 0.000000 0 
1216080.000000 0.940272 1216080.000000 0.940272 0.985471 0.000000 0 
1509840.000000 0.830755 1509840.000000 0.830755 0.989108 0.000000 0 
1802640.000000 0.786844 1802640.000000 0.786844 0.994325 0.000000 0 
1140480.000000 0.994675 1140480.000000 0.994675 0.997730 0.000000 0 
1437840.000000 0.843203 1437840.000000 0.843203 0.993263 0.000000 0 
1407120.000000 0.854619 1407120.000000 0.854619 0.994786 0.000000 0 
1578000.000000 0.819354 1578000.000000 0.819354 0.994031 0.000000 0 
1529520.000000 0.825910 1529520.000000 0.825910 0.994656 0.000000 0 
1340160.000000 0.870710 1340160.000000 0.870710 0.995793 0.000000 0 
1090320.000000 1.069705 1090320.000000 1.069705 0.982103 0.000000 0 
1293360.000000 0.891633 1293360.000000 0.891633 0.983783 0.000000 0 
1490640.000000 0.833543 1490640.000000 0.833543 0.991319 0.000000 0 
1522080.000000 0.827365 1522080.000000 0.827365 0.997365 0.000000 0 
1537440.000000 0.824842 1537440.000000 0.824842 0.998899 0.000000 0 
1184160.000000 0.965124 1184160.000000 0.965124 0.992991 0.000000 0 
1114080.000000 1.019255 1114080.000000 1.019255 0.978868 0.000000 0 
1326720.000000 0.876915 1326720.000000 0.876915 0.993189 0.000000 0 
1344000.000000 0.868446 1344000.000000 0.868446 0.998868 0.000000 0 
1023600.000000 1.176192 1023600.000000 1.176192 0.999931 0.000000 0 
1007760.000000 1.221559 1007760.000000 1.221559 0.999056 0.000000 0 
1015440.000000 1.214848 1015440.000000 1.214848 0.988329 0.000000 0 
1006080.000000 1.348232 1006080.000000 1.348232 0.997398 0.000000 0 
1515600.000000 0.829004 1515600.000000 0.829004 0.989132 0.000000 0 
1544880.000000 0.823865 1544880.000000 0.823865 0.998568 0.000000 0 
1245120.000000 0.909379 1245120.000000 0.909379 0.989588 0.000000 0 
1296000.000000 0.890426 1296000.000000 0.890426 0.993841 0.000000 0 
1374000.000000 0.861309 1374000.000000 0.861309 0.993761 0.000000 0 
1066080.000000 1.075311 1066080.000000 1.075311 0.993594 0.000000 0 
1500240.000000 0.831833 1500240.000000 0.831833 0.992625 0.000000 0 
#Generacion: 4000 
#Distancia: 261.192626 
988320.000000 1.371334 988320.000000 1.371334 0.998860 0.000000 0 
1905360.000000 0.782945 1905360.000000 0.782945 0.985614 0.000000 0 
988320.000000 1.371334 988320.000000 1.371334 0.998860 0.000000 0 
994560.000000 1.355924 994560.000000 1.355924 0.989463 0.000000 0 
996480.000000 1.268795 996480.000000 1.268795 0.996176 0.000000 0 
1002960.000000 1.216929 1002960.000000 1.216929 0.989984 0.000000 0 
1047840.000000 1.158860 1047840.000000 1.158860 0.992307 0.000000 0 
996480.000000 1.268795 996480.000000 1.268795 0.996176 0.000000 0 
1050000.000000 1.106436 1050000.000000 1.106436 0.997636 0.000000 0 
1015440.000000 1.214848 1015440.000000 1.214848 0.988329 0.000000 0 
1020720.000000 1.180205 1020720.000000 1.180205 0.997343 0.000000 0 
1052160.000000 1.091046 1052160.000000 1.091046 0.996924 0.000000 0 
1776000.000000 0.789726 1776000.000000 0.789726 0.984862 0.000000 0 
1271280.000000 0.894662 1271280.000000 0.894662 0.979268 0.000000 0 
1838880.000000 0.785003 1838880.000000 0.785003 0.989007 0.000000 0 
1053600.000000 1.078239 1053600.000000 1.078239 0.996189 0.000000 0 
1612320.000000 0.810355 1612320.000000 0.810355 0.991656 0.000000 0 
1222080.000000 0.911752 1222080.000000 0.911752 0.989197 0.000000 0 
1181520.000000 0.958415 1181520.000000 0.958415 0.990444 0.000000 0 
1661280.000000 0.805287 1661280.000000 0.805287 0.996960 0.000000 0 
1159440.000000 0.968233 1159440.000000 0.968233 0.982046 0.000000 0 
1055520.000000 1.064432 1055520.000000 1.064432 0.991038 0.000000 0 
1553040.000000 0.819943 1553040.000000 0.819943 0.989538 0.000000 0 
1638240.000000 0.806630 1638240.000000 0.806630 0.991587 0.000000 0 
1237440.000000 0.911206 1237440.000000 0.911206 0.989855 0.000000 0 
1870560.000000 0.783605 1870560.000000 0.783605 0.996837 0.000000 0 
1281360.000000 0.889694 1281360.000000 0.889694 0.998146 0.000000 0 
1066080.000000 1.059976 1066080.000000 1.059976 0.990737 0.000000 0 
1028640.000000 1.164503 1028640.000000 1.164503 0.993430 0.000000 0 
1170960.000000 0.961964 1170960.000000 0.961964 0.981607 0.000000 0 
1136880.000000 0.994912 1136880.000000 0.994912 0.991609 0.000000 0 
1257360.000000 0.903348 1257360.000000 0.903348 0.998545 0.000000 0 
1740240.000000 0.789869 1740240.000000 0.789869 0.986704 0.000000 0 
1191360.000000 0.948361 1191360.000000 0.948361 0.971580 0.000000 0 
1137120.000000 0.985998 1137120.000000 0.985998 0.996873 0.000000 0 
1591200.000000 0.813480 1591200.000000 0.813480 0.986401 0.000000 0 
1108320.000000 1.012901 1108320.000000 1.012901 0.993902 0.000000 0 
1722480.000000 0.791836 1722480.000000 0.791836 0.997016 0.000000 0 
1075920.000000 1.041001 1075920.000000 1.041001 0.988447 0.000000 0 
1866960.000000 0.783767 1866960.000000 0.783767 0.984628 0.000000 0 
1316400.000000 0.880770 1316400.000000 0.880770 0.995985 0.000000 0 
1825680.000000 0.786113 1825680.000000 0.786113 0.997159 0.000000 0 
1420320.000000 0.847418 1420320.000000 0.847418 0.996662 0.000000 0 
1522080.000000 0.827365 1522080.000000 0.827365 0.997365 0.000000 0 
1196880.000000 0.945552 1196880.000000 0.945552 0.970836 0.000000 0 
1712160.000000 0.794056 1712160.000000 0.794056 0.993615 0.000000 0 
1114320.000000 1.007408 1114320.000000 1.007408 0.989092 0.000000 0 
1099200.000000 1.020207 1099200.000000 1.020207 0.991114 0.000000 0 
1023600.000000 1.176192 1023600.000000 1.176192 0.999931 0.000000 0 
1448400.000000 0.840244 1448400.000000 0.840244 0.993475 0.000000 0 
1251600.000000 0.905199 1251600.000000 0.905199 0.985270 0.000000 0 
1374000.000000 0.861309 1374000.000000 0.861309 0.993761 0.000000 0 
1627920.000000 0.809465 1627920.000000 0.809465 0.992184 0.000000 0 
1297920.000000 0.886812 1297920.000000 0.886812 0.992738 0.000000 0 
1783200.000000 0.787121 1783200.000000 0.787121 0.997477 0.000000 0 
1475760.000000 0.834929 1475760.000000 0.834929 0.992671 0.000000 0 
989760.000000 1.356146 989760.000000 1.356146 0.997142 0.000000 0 
1359600.000000 0.863116 1359600.000000 0.863116 0.994125 0.000000 0 
1509840.000000 0.830755 1509840.000000 0.830755 0.989108 0.000000 0 
1143600.000000 0.976511 1143600.000000 0.976511 0.984885 0.000000 0 
1675440.000000 0.804008 1675440.000000 0.804008 0.989513 0.000000 0 
1090800.000000 1.032133 1090800.000000 1.032133 0.996712 0.000000 0 
1152240.000000 0.976442 1152240.000000 0.976442 0.985119 0.000000 0 
1084320.000000 1.036990 1084320.000000 1.036990 0.990322 0.000000 0 
1203360.000000 0.932501 1203360.000000 0.932501 0.987974 0.000000 0 
1407360.000000 0.849057 1407360.000000 0.849057 0.994355 0.000000 0 
1486800.000000 0.833107 1486800.000000 0.833107 0.989261 0.000000 0 
1038480.000000 1.161750 1038480.000000 1.161750 0.993609 0.000000 0 
1301280.000000 0.882194 1301280.000000 0.882194 0.989700 0.000000 0 
1326720.000000 0.876915 1326720.000000 0.876915 0.993189 0.000000 0 
1384560.000000 0.858565 1384560.000000 0.858565 0.997951 0.000000 0 
1682400.000000 0.800126 1682400.000000 0.800126 0.993640 0.000000 0 
1095360.000000 1.025396 1095360.000000 1.025396 0.994844 0.000000 0 
1201680.000000 0.933638 1201680.000000 0.933638 0.988769 0.000000 0 
1538640.000000 0.822084 1538640.000000 0.822084 0.994285 0.000000 0 
1499040.000000 0.831857 1499040.000000 0.831857 0.997228 0.000000 0 
1214640.000000 0.923827 1214640.000000 0.923827 0.998558 0.000000 0 
1050000.000000 1.106436 1050000.000000 1.106436 0.997636 0.000000 0 
1588320.000000 0.817512 1588320.000000 0.817512 0.984717 0.000000 0 
1802640.000000 0.786844 1802640.000000 0.786844 0.994325 0.000000 0 
1694160.000000 0.794838 1694160.000000 0.794838 0.993025 0.000000 0 
1392240.000000 0.855347 1392240.000000 0.855347 0.999134 0.000000 0 
1398960.000000 0.851757 1398960.000000 0.851757 0.993287 0.000000 0 
1214640.000000 0.923827 1214640.000000 0.923827 0.998558 0.000000 0 
1534320.000000 0.825100 1534320.000000 0.825100 0.987713 0.000000 0 
1807680.000000 0.786499 1807680.000000 0.786499 0.988046 0.000000 0 
1119120.000000 0.998189 1119120.000000 0.998189 0.996874 0.000000 0 
1353360.000000 0.867436 1353360.000000 0.867436 0.997418 0.000000 0 
1328640.000000 0.870834 1328640.000000 0.870834 0.999704 0.000000 0 
1432080.000000 0.843469 1432080.000000 0.843469 0.991505 0.000000 0 
1436400.000000 0.843005 1436400.000000 0.843005 0.991096 0.000000 0 
1740240.000000 0.789869 1740240.000000 0.789869 0.986704 0.000000 0 
1069680.000000 1.049397 1069680.000000 1.049397 0.987783 0.000000 0 
1572480.000000 0.817884 1572480.000000 0.817884 0.989579 0.000000 0 
1692960.000000 0.797800 1692960.000000 0.797800 0.988002 0.000000 0 
1461360.000000 0.836733 1461360.000000 0.836733 0.998070 0.000000 0 
1069680.000000 1.049397 1069680.000000 1.049397 0.987783 0.000000 0 
1118160.000000 0.998272 1118160.000000 0.998272 0.996904 0.000000 0 
1340160.000000 0.870710 1340160.000000 0.870710 0.995793 0.000000 0 
1572480.000000 0.817884 1572480.000000 0.817884 0.989579 0.000000 0 
#Generacion: 4500 
#Distancia: 293.423434 
983040.000000 1.307359 983040.000000 1.307359 0.997340 0.000000 0 
1910160.000000 0.777650 1910160.000000 0.777650 0.988069 0.000000 0 
1046880.000000 1.152843 1046880.000000 1.152843 0.990408 0.000000 0 
990240.000000 1.220043 990240.000000 1.220043 0.997745 0.000000 0 
1047600.000000 1.076359 1047600.000000 1.076359 0.993136 0.000000 0 
1002240.000000 1.182145 1002240.000000 1.182145 0.997072 0.000000 0 
1002000.000000 1.217365 1002000.000000 1.217365 0.994423 0.000000 0 
1014240.000000 1.158909 1014240.000000 1.158909 0.996790 0.000000 0 
1816800.000000 0.784694 1816800.000000 0.784694 0.987719 0.000000 0 
1108800.000000 1.007375 1108800.000000 1.007375 0.990806 0.000000 0 
1008720.000000 1.175543 1008720.000000 1.175543 0.989533 0.000000 0 
1684800.000000 0.798519 1684800.000000 0.798519 0.992101 0.000000 0 
1782240.000000 0.786124 1782240.000000 0.786124 0.995294 0.000000 0 
1066080.000000 1.059976 1066080.000000 1.059976 0.990737 0.000000 0 
1113840.000000 0.988878 1113840.000000 0.988878 0.992101 0.000000 0 
1281360.000000 0.889694 1281360.000000 0.889694 0.998146 0.000000 0 
1294800.000000 0.882278 1294800.000000 0.882278 0.997062 0.000000 0 
1248000.000000 0.904980 1248000.000000 0.904980 0.978206 0.000000 0 
1644240.000000 0.802911 1644240.000000 0.802911 0.986937 0.000000 0 
1572000.000000 0.819854 1572000.000000 0.819854 0.991937 0.000000 0 
1076640.000000 1.030543 1076640.000000 1.030543 0.992720 0.000000 0 
1231680.000000 0.909274 1231680.000000 0.909274 0.989208 0.000000 0 
1890000.000000 0.780041 1890000.000000 0.780041 0.994285 0.000000 0 
1055520.000000 1.064432 1055520.000000 1.064432 0.991038 0.000000 0 
1388160.000000 0.853778 1388160.000000 0.853778 0.994855 0.000000 0 
1759440.000000 0.789272 1759440.000000 0.789272 0.986741 0.000000 0 
1871760.000000 0.780096 1871760.000000 0.780096 0.995136 0.000000 0 
1364640.000000 0.856827 1364640.000000 0.856827 0.996869 0.000000 0 
1464720.000000 0.837844 1464720.000000 0.837844 0.999681 0.000000 0 
1702080.000000 0.793345 1702080.000000 0.793345 0.999450 0.000000 0 
1214640.000000 0.921764 1214640.000000 0.921764 0.994623 0.000000 0 
1198800.000000 0.943752 1198800.000000 0.943752 0.983488 0.000000 0 
1838160.000000 0.784248 1838160.000000 0.784248 0.993743 0.000000 0 
1587120.000000 0.815883 1587120.000000 0.815883 0.996105 0.000000 0 
1481760.000000 0.832454 1481760.000000 0.832454 0.981840 0.000000 0 
1104960.000000 1.014308 1104960.000000 1.014308 0.995893 0.000000 0 
1069440.000000 1.046131 1069440.000000 1.046131 0.991234 0.000000 0 
1553040.000000 0.819943 1553040.000000 0.819943 0.989538 0.000000 0 
1203360.000000 0.932501 1203360.000000 0.932501 0.987974 0.000000 0 
1721760.000000 0.790951 1721760.000000 0.790951 0.991868 0.000000 0 
1505520.000000 0.829017 1505520.000000 0.829017 0.994156 0.000000 0 
1628880.000000 0.807755 1628880.000000 0.807755 0.987052 0.000000 0 
1221360.000000 0.912295 1221360.000000 0.912295 0.992487 0.000000 0 
1175040.000000 0.952891 1175040.000000 0.952891 0.988868 0.000000 0 
1166400.000000 0.964538 1166400.000000 0.964538 0.999125 0.000000 0 
1271280.000000 0.894662 1271280.000000 0.894662 0.986100 0.000000 0 
1138080.000000 0.982641 1138080.000000 0.982641 0.994400 0.000000 0 
1314960.000000 0.878885 1314960.000000 0.878885 0.977654 0.000000 0 
1663440.000000 0.800861 1663440.000000 0.800861 0.989450 0.000000 0 
1096080.000000 1.019874 1096080.000000 1.019874 0.994871 0.000000 0 
1436400.000000 0.843005 1436400.000000 0.843005 0.991096 0.000000 0 
1257360.000000 0.899815 1257360.000000 0.899815 0.996205 0.000000 0 
1167360.000000 0.955013 1167360.000000 0.955013 0.992228 0.000000 0 
1540560.000000 0.821283 1540560.000000 0.821283 0.965640 0.000000 0 
1054320.000000 1.075175 1054320.000000 1.075175 0.993201 0.000000 0 
1775280.000000 0.788037 1775280.000000 0.788037 0.987511 0.000000 0 
1519920.000000 0.826450 1519920.000000 0.826450 0.995950 0.000000 0 
1324320.000000 0.872838 1324320.000000 0.872838 0.988066 0.000000 0 
1069440.000000 1.046131 1069440.000000 1.046131 0.991234 0.000000 0 
1405440.000000 0.848444 1405440.000000 0.848444 0.999409 0.000000 0 
1130640.000000 0.986707 1130640.000000 0.986707 0.995144 0.000000 0 
1854480.000000 0.781281 1854480.000000 0.781281 0.995312 0.000000 0 
1396800.000000 0.853318 1396800.000000 0.853318 0.993953 0.000000 0 
1443360.000000 0.838176 1443360.000000 0.838176 0.980615 0.000000 0 
1349040.000000 0.861993 1349040.000000 0.861993 0.988147 0.000000 0 
1304880.000000 0.878982 1304880.000000 0.878982 0.997933 0.000000 0 
1143600.000000 0.976511 1143600.000000 0.976511 0.984885 0.000000 0 
1338480.000000 0.866831 1338480.000000 0.866831 0.989519 0.000000 0 
1328640.000000 0.870834 1328640.000000 0.870834 0.999704 0.000000 0 
1364400.000000 0.861566 1364400.000000 0.861566 0.986868 0.000000 0 
1593360.000000 0.811616 1593360.000000 0.811616 0.989003 0.000000 0 
1908480.000000 0.778781 1908480.000000 0.778781 0.997803 0.000000 0 
1201680.000000 0.933638 1201680.000000 0.933638 0.988769 0.000000 0 
1188240.000000 0.949187 1188240.000000 0.949187 0.986191 0.000000 0 
1709280.000000 0.791426 1709280.000000 0.791426 0.991704 0.000000 0 
1219680.000000 0.920873 1219680.000000 0.920873 0.989911 0.000000 0 
1264800.000000 0.897948 1264800.000000 0.897948 0.997246 0.000000 0 
1660800.000000 0.802039 1660800.000000 0.802039 0.990350 0.000000 0 
1152240.000000 0.976004 1152240.000000 0.976004 0.984600 0.000000 0 
1610880.000000 0.809613 1610880.000000 0.809613 0.997145 0.000000 0 
1454400.000000 0.838095 1454400.000000 0.838095 0.993117 0.000000 0 
1424880.000000 0.844663 1424880.000000 0.844663 0.998635 0.000000 0 
1159440.000000 0.968233 1159440.000000 0.968233 0.982046 0.000000 0 
1848000.000000 0.781988 1848000.000000 0.781988 0.997200 0.000000 0 
1620480.000000 0.808369 1620480.000000 0.808369 0.989733 0.000000 0 
1602000.000000 0.810454 1602000.000000 0.810454 0.987968 0.000000 0 
1494000.000000 0.830883 1494000.000000 0.830883 0.989937 0.000000 0 
1153200.000000 0.969307 1153200.000000 0.969307 0.998814 0.000000 0 
1119600.000000 0.987573 1119600.000000 0.987573 0.994178 0.000000 0 
1531920.000000 0.824369 1531920.000000 0.824369 0.986142 0.000000 0 
1093200.000000 1.029416 1093200.000000 1.029416 0.990674 0.000000 0 
1740240.000000 0.789869 1740240.000000 0.789869 0.986704 0.000000 0 
1740240.000000 0.789869 1740240.000000 0.789869 0.986704 0.000000 0 
1191360.000000 0.948361 1191360.000000 0.948361 0.971580 0.000000 0 
1093920.000000 1.025098 1093920.000000 1.025098 0.983425 0.000000 0 
1345200.000000 0.865598 1345200.000000 0.865598 0.988982 0.000000 0 
1415280.000000 0.848143 1415280.000000 0.848143 0.990725 0.000000 0 
1082400.000000 1.030227 1082400.000000 1.030227 0.993307 0.000000 0 
1417920.000000 0.844908 1417920.000000 0.844908 0.994276 0.000000 0 
1528080.000000 0.825886 1528080.000000 0.825886 0.979107 0.000000 0 
#Generacion: 5000 
#Distancia: 293.961414 
