58895813.955034 56965015.633941 1930800.000000 1.678907 6.696501 56965013.955034 54 
28256634.322960 26105036.082071 2151600.000000 1.759111 3.610503 26105034.322960 7 
31836869.577741 29752231.067332 2084640.000000 1.489591 3.975223 29752229.577741 10 
22744293.297864 20663734.674836 2080560.000000 1.376972 3.066373 20663733.297864 0 
107505543.107006 105520026.548525 1985520.000000 3.441519 11.552002 105520023.107006 79 
27804627.266554 25679428.949555 2125200.000000 1.683001 3.567943 25679427.266554 6 
74411350.751188 72304392.990274 2106960.000000 2.239086 8.230439 72304390.751188 68 
46426066.992886 44430468.634726 1995600.000000 1.641840 5.443047 44430466.992886 26 
73025814.203792 70939255.866782 2086560.000000 1.662990 8.093925 70939254.203792 66 
234000595695936.750000 234000593647057.968750 2048880.000000 1.207286 23400060.364706 234000593647056.750000 95 
49470355.164587 47336516.429399 2133840.000000 1.264813 5.733652 47336515.164587 39 
28487129.723921 26552731.983175 1934400.000000 2.259254 3.655273 26552729.723921 8 
45852685.530264 43867167.568420 1985520.000000 2.038155 5.386717 43867165.530264 24 
20572238070193.792969 20572235993235.308594 2076960.000000 1.514879 2057224.599323 20572235993233.792969 84 
43198023.205672 41186104.665349 2011920.000000 1.459677 5.118610 41186103.205672 19 
127431516576915.953125 127431514562117.437500 2014800.000000 1.488994 12743152.456212 127431514562115.953125 92 
64225416.055679 62275177.463158 1950240.000000 1.407480 7.227518 62275176.055679 60 
54761258.011233 52634139.657170 2127120.000000 1.645937 6.263414 52634138.011233 49 
53795088.363793 51746210.346118 2048880.000000 1.982324 6.174621 51746208.363793 48 
53004098.398763 51104020.103724 1900080.000000 1.704961 6.110402 51104018.398763 47 
108880998.992814 106890202.173161 1990800.000000 3.180347 11.689020 106890198.992814 80 
49443437.828540 47262079.918376 2181360.000000 2.089836 5.726208 47262077.828540 38 
44742338.164158 42525219.471539 2217120.000000 1.307381 5.252522 42525218.164158 21 
114402041929345.421875 114402039944306.953125 1985040.000000 1.537875 11440204.994431 114402039944305.421875 89 
57564807.739287 55730729.237420 1834080.000000 1.498133 6.573073 55730727.739287 52 
110163310.728336 108003552.624193 2159760.000000 1.895856 11.800355 108003550.728336 81 
62804008.634423 60791130.182741 2012880.000000 1.548318 7.079113 60791128.634423 58 
45972987.947372 43971870.555978 2001120.000000 2.608606 5.397187 43971867.947372 25 
47524922.965989 45668044.516216 1856880.000000 1.550227 5.566804 45668042.965989 31 
63817768.451262 61914330.462559 1903440.000000 2.011298 7.191433 61914328.451262 59 
67268374.917719 65275176.703357 1993200.000000 1.785637 7.527517 65275174.917719 62 
60814220.731163 58868783.067122 1945440.000000 2.335960 6.886878 58868780.731163 57 
27581731.691817 25452693.377152 2129040.000000 1.685334 3.545269 25452691.691817 5 
68330265.889007 66384107.759485 1946160.000000 1.870478 7.638411 66384105.889007 63 
52913321.971192 51027163.890948 1886160.000000 1.919755 6.102716 51027161.971192 46 
41310409.595485 39244972.659163 2065440.000000 3.063678 4.924497 39244969.595485 15 
49594683.747452 47603405.984501 1991280.000000 2.237049 5.760340 47603403.747452 40 
115855251816505.953125 115855249857387.656250 1959120.000000 1.707297 11585525.985739 115855249857385.953125 91 
44603210879081.156250 44603208837162.429688 2041920.000000 1.270586 4460321.883716 44603208837161.156250 87 
51160884.335291 48907765.699413 2253120.000000 1.364122 5.890776 48907764.335291 42 
47042645.307618 45011046.877085 2031600.000000 1.569467 5.501105 45011045.307618 29 
31182788.305632 29051589.656358 2131200.000000 1.350725 3.905159 29051588.305632 9 
82736871.543476 80728073.423093 2008800.000000 1.879617 9.072807 80728071.543476 74 
89939851.406990 87951454.568092 1988400.000000 3.161102 9.795145 87951451.406990 78 
79725397.253393 77799400.291447 1926000.000000 3.038054 8.779940 77799397.253393 73 
25688825.688988 23488027.155282 2200800.000000 1.466293 3.348803 23488025.688988 2 
47210409.256311 45379451.030202 1830960.000000 1.773891 5.537945 45379449.256311 30 
44129781.521915 42254663.166042 1875120.000000 1.644127 5.225466 42254661.521915 20 
25764095.034659 23816016.642898 1948080.000000 1.608239 3.381602 23816015.034659 3 
42160647.576751 40169849.288989 1990800.000000 1.712239 5.016985 40169847.576751 16 
1057159286627.723511 1057157403109.089844 1883520.000000 1.366316 105716.740311 1057157403107.723511 82 
46911479.024325 44874840.970440 2036640.000000 1.946115 5.487484 44874839.024325 27 
87996341.426129 86139943.451841 1856400.000000 2.025713 9.613994 86139941.426129 77 
75569107.452012 73383908.989474 2185200.000000 1.537462 8.338391 73383907.452012 69 
55912462.254219 53863823.967678 2048640.000000 1.713459 6.386382 53863822.254219 50 
51422749.006104 49493871.657701 1928880.000000 2.651597 5.949387 49493869.006104 44 
34300690.591417 32381652.088491 1919040.000000 1.497074 4.238165 32381650.591417 12 
48956813.768890 47054815.142213 1902000.000000 1.373323 5.705481 47054813.768890 36 
85840320.058108 83843522.039280 1996800.000000 1.981172 9.384352 83843520.058108 75 
59961438.444633 57858079.998570 2103360.000000 1.553937 6.785808 57858078.444633 55 
48032649.645489 46126810.906229 1905840.000000 1.260740 5.612681 46126809.645489 32 
23414662.479795 21383544.574650 2031120.000000 2.094855 3.138354 21383542.479795 1 
51181150.813556 49150271.971851 2030880.000000 1.158295 5.915027 49150270.813556 43 
114953966909293.671875 114953964907695.187500 2001600.000000 1.519525 11495397.490769 114953964907693.671875 90 
76420632.022069 74580793.493806 1839840.000000 1.471738 8.458079 74580792.022069 71 
57285252.468850 55401013.978486 1884240.000000 1.509636 6.540101 55401012.468850 51 
70953434.447841 68936956.088547 2016480.000000 1.640706 7.893695 68936954.447841 65 
50188590.047915 48210751.739563 1977840.000000 1.691648 5.821075 48210750.047915 41 
42459609.882555 40466651.477141 1992960.000000 1.594586 5.046665 40466649.882555 17 
86746160.204382 84628642.567347 2117520.000000 2.362966 9.462864 84628640.204382 76 
41202465002170.281250 41202463087931.843750 1914240.000000 1.559899 4120247.308793 41202463087930.281250 86 
60562528.467208 58637250.312144 1925280.000000 1.844936 6.863725 58637248.467208 56 
70839144.606446 68837066.769963 2002080.000000 2.163516 7.883706 68837064.606446 64 
60743488.749007 58980450.114646 1763040.000000 1.365639 6.898045 58980448.749007 57 
34210543.576066 32305185.203300 1905360.000000 1.627234 4.230518 32305183.576066 11 
44765298.590208 42840020.400077 1925280.000000 1.809868 5.284002 42840018.590208 22 
140756169568942.312500 140756167528944.125000 2040000.000000 1.820091 14075617.752894 140756167528942.312500 94 
48809860.870471 46675302.207247 2134560.000000 1.336777 5.667530 46675300.870471 33 
46989276.342856 45048637.912710 1940640.000000 1.569854 5.504864 45048636.342856 28 
48034571.915823 46022174.013131 2012400.000000 2.097308 5.602217 46022171.915823 32 
58070836.079560 56067078.362924 2003760.000000 2.283363 6.606708 56067076.079560 53 
43185933.932979 41111855.279569 2074080.000000 1.346591 5.111185 41111853.932979 18 
48929940.626948 46928822.135407 2001120.000000 1.508459 5.692882 46928820.626948 35 
66018683.677180 64090285.471289 1928400.000000 1.794109 7.409028 64090283.677180 61 
127645657081420.421875 127645655217582.046875 1863840.000000 1.618700 12764566.521758 127645655217580.421875 93 
57347634.353806 55155955.826407 2191680.000000 1.472602 6.515595 55155954.353806 51 
73302692.561075 71134774.863933 2167920.000000 2.302858 8.113477 71134772.561075 67 
76867845341740.890625 76867843248941.906250 2092800.000000 1.023211 7686785.324894 76867843248940.890625 88 
48868014.383407 46881295.940688 1986720.000000 1.557282 5.688129 46881294.383407 34 
26995801.284533 25054442.825697 1941360.000000 1.541164 3.505444 25054441.284533 4 
17576991769135.980469 17576989652337.578125 2116800.000000 1.598050 1757699.965234 17576989652335.980469 83 
79016640.806504 76916164.283202 2100480.000000 3.476698 8.691616 76916160.806504 72 
47018178.698032 44983700.896291 2034480.000000 2.198259 5.498370 44983698.698032 28 
51547882.553848 49652124.227673 1895760.000000 1.673826 5.965212 49652122.553848 45 
34999483.566931 33059085.445289 1940400.000000 1.878357 4.305908 33059083.566931 13 
76184878.394285 74278080.528146 1906800.000000 2.133861 8.427808 74278078.394285 70 
45177322.535323 43216523.912653 1960800.000000 1.377331 5.321652 43216522.535323 23 
49045323.129837 47062204.468963 1983120.000000 1.339126 5.706220 47062203.129837 37 
24438149921942.054688 24438147913623.617188 2008320.000000 1.563617 2443815.791362 24438147913622.054688 85 
38967013.334813 36961094.649894 2005920.000000 1.315081 4.696109 36961093.334813 14 
#Generacion: 1 
#Distancia: 782.756465 
1540800.000000 0.891355 1540800.000000 0.891355 0.982957 0.000000 0 
1480560.000000 0.930202 1480560.000000 0.930202 0.999629 0.000000 0 
1338240.000000 1.529096 1338240.000000 1.529096 0.998430 0.000000 0 
1383120.000000 1.121866 1383120.000000 1.121866 0.997818 0.000000 0 
1473120.000000 0.941140 1473120.000000 0.941140 0.991478 0.000000 0 
1353360.000000 1.528949 1353360.000000 1.528949 0.989439 0.000000 0 
1609920.000000 0.873195 1609920.000000 0.873195 0.968733 0.000000 0 
1456080.000000 0.988046 1456080.000000 0.988046 0.988885 0.000000 0 
1432320.000000 0.988660 1432320.000000 0.988660 0.988461 0.000000 0 
1661520.000000 0.864888 1661520.000000 0.864888 0.972362 0.000000 0 
1462800.000000 0.979600 1462800.000000 0.979600 0.984106 0.000000 0 
1692960.000000 0.859846 1692960.000000 0.859846 0.964779 0.000000 0 
1527120.000000 0.899291 1527120.000000 0.899291 0.996251 0.000000 0 
1653360.000000 0.865965 1653360.000000 0.865965 0.973009 0.000000 0 
1775520.000000 0.850085 1775520.000000 0.850085 0.994477 0.000000 0 
1390080.000000 1.101542 1390080.000000 1.101542 0.999232 0.000000 0 
1354560.000000 1.124917 1354560.000000 1.124917 0.997716 0.000000 0 
1630320.000000 0.866369 1630320.000000 0.866369 0.971314 0.000000 0 
1543920.000000 0.887821 1543920.000000 0.887821 0.969832 0.000000 0 
1480560.000000 0.930202 1480560.000000 0.930202 0.999629 0.000000 0 
1425600.000000 0.990309 1425600.000000 0.990309 0.998915 0.000000 0 
1500960.000000 0.905181 1500960.000000 0.905181 0.998003 0.000000 0 
1301280.000000 1.558266 1301280.000000 1.558266 0.994173 0.000000 0 
1594800.000000 0.874726 1594800.000000 0.874726 0.974945 0.000000 0 
1402560.000000 1.095853 1402560.000000 1.095853 0.999842 0.000000 0 
1480560.000000 0.930202 1480560.000000 0.930202 0.999629 0.000000 0 
1621680.000000 0.869264 1621680.000000 0.869264 0.984086 0.000000 0 
1380480.000000 1.123899 1380480.000000 1.123899 0.998369 0.000000 0 
1736400.000000 0.855192 1736400.000000 0.855192 0.984499 0.000000 0 
1480560.000000 0.930202 1480560.000000 0.930202 0.999629 0.000000 0 
1491120.000000 0.925698 1491120.000000 0.925698 0.999099 0.000000 0 
1739520.000000 0.854056 1739520.000000 0.854056 0.986203 0.000000 0 
1687680.000000 0.864841 1687680.000000 0.864841 0.966935 0.000000 0 
1289760.000000 1.559766 1289760.000000 1.559766 0.996495 0.000000 0 
1527120.000000 0.899291 1527120.000000 0.899291 0.996251 0.000000 0 
1285440.000000 1.569392 1285440.000000 1.569392 0.996443 0.000000 0 
1815120.000000 0.847897 1815120.000000 0.847897 0.994825 0.000000 0 
1456080.000000 0.988046 1456080.000000 0.988046 0.988885 0.000000 0 
1301280.000000 1.558266 1301280.000000 1.558266 0.994173 0.000000 0 
1325040.000000 1.557573 1325040.000000 1.557573 0.995183 0.000000 0 
1551840.000000 0.877880 1551840.000000 0.877880 0.971473 0.000000 0 
1332720.000000 1.550086 1332720.000000 1.550086 0.998234 0.000000 0 
1615200.000000 0.869901 1615200.000000 0.869901 0.998806 0.000000 0 
1543440.000000 0.898068 1543440.000000 0.898068 0.981383 0.000000 1 
1344240.000000 1.544698 1344240.000000 1.544698 0.996448 0.000000 1 
1474560.000000 0.961693 1474560.000000 0.961693 0.993621 0.000000 1 
1479600.000000 0.941261 1479600.000000 0.941261 0.998012 0.000000 1 
1353600.000000 1.530689 1353600.000000 1.530689 0.995940 0.000000 1 
1440000.000000 0.988845 1440000.000000 0.988845 0.976895 0.000000 1 
1675920.000000 0.865227 1675920.000000 0.865227 0.960917 0.000000 1 
1686720.000000 0.864962 1686720.000000 0.864962 0.964730 0.000000 1 
1686240.000000 0.865006 1686240.000000 0.865006 0.995230 0.000000 1 
1462800.000000 0.982018 1462800.000000 0.982018 0.996482 0.000000 1 
1707360.000000 0.860250 1707360.000000 0.860250 0.972412 0.000000 1 
1697520.000000 0.864629 1697520.000000 0.864629 0.993855 0.000000 1 
1705440.000000 0.864317 1705440.000000 0.864317 0.986623 0.000000 1 
1789440.000000 0.852444 1789440.000000 0.852444 0.989040 0.000000 1 
1390080.000000 1.114265 1390080.000000 1.114265 0.980621 0.000000 1 
1371600.000000 1.141153 1371600.000000 1.141153 0.994071 0.000000 1 
1374000.000000 1.128301 1374000.000000 1.128301 0.991204 0.000000 1 
1639920.000000 0.866436 1639920.000000 0.866436 0.983114 0.000000 1 
1436640.000000 1.095249 1436640.000000 1.095249 0.998453 0.000000 1 
1514640.000000 0.906220 1514640.000000 0.906220 0.987880 0.000000 1 
1505520.000000 0.916368 1505520.000000 0.916368 0.988750 0.000000 1 
1511040.000000 0.913074 1511040.000000 0.913074 0.988008 0.000000 1 
1599600.000000 0.875579 1599600.000000 0.875579 0.975821 0.000000 1 
1599600.000000 0.875579 1599600.000000 0.875579 0.975821 0.000000 1 
1429680.000000 1.097618 1429680.000000 1.097618 0.998445 0.000000 1 
1416240.000000 1.099725 1416240.000000 1.099725 0.993440 0.000000 1 
1404960.000000 1.104657 1404960.000000 1.104657 0.999038 0.000000 1 
1411680.000000 1.104563 1411680.000000 1.104563 0.999690 0.000000 1 
1411920.000000 1.101940 1411920.000000 1.101940 0.998541 0.000000 1 
1404960.000000 1.104657 1404960.000000 1.104657 0.999038 0.000000 1 
1404960.000000 1.104657 1404960.000000 1.104657 0.999038 0.000000 1 
1487520.000000 0.934761 1487520.000000 0.934761 0.992872 0.000000 1 
1484400.000000 0.937288 1484400.000000 0.937288 0.994566 0.000000 1 
1499760.000000 0.930032 1499760.000000 0.930032 0.999632 0.000000 1 
1499760.000000 0.930032 1499760.000000 0.930032 0.999632 0.000000 1 
1739760.000000 0.857583 1739760.000000 0.857583 0.968221 0.000000 1 
1764960.000000 0.854064 1764960.000000 0.854064 0.981745 0.000000 1 
1538640.000000 0.904759 1538640.000000 0.904759 0.989442 0.000000 1 
1542240.000000 0.902428 1542240.000000 0.902428 0.987136 0.000000 1 
1859040.000000 0.850194 1859040.000000 0.850194 0.993118 0.000000 1 
1836240.000000 0.851348 1836240.000000 0.851348 0.976536 0.000000 1 
1304880.000000 1.571616 1304880.000000 1.571616 0.991203 0.000000 1 
1320000.000000 1.570572 1320000.000000 1.570572 0.986000 0.000000 1 
1321680.000000 1.568735 1321680.000000 1.568735 0.989682 0.000000 1 
1329600.000000 1.567088 1329600.000000 1.567088 0.988348 0.000000 1 
1561200.000000 0.880219 1561200.000000 0.880219 0.973444 0.000000 1 
1580400.000000 0.878856 1580400.000000 0.878856 0.980872 0.000000 1 
1558080.000000 0.891510 1558080.000000 0.891510 0.973689 0.000000 1 
1555920.000000 0.892167 1555920.000000 0.892167 0.980923 0.000000 1 
1334640.000000 1.554616 1334640.000000 1.554616 0.992007 0.000000 1 
1334640.000000 1.554616 1334640.000000 1.554616 0.992007 0.000000 1 
1342560.000000 1.553916 1342560.000000 1.553916 0.987446 0.000000 1 
1618560.000000 0.873466 1618560.000000 0.873466 0.973947 0.000000 1 
1626720.000000 0.870349 1626720.000000 0.870349 0.969487 0.000000 1 
1592880.000000 0.879652 1592880.000000 0.879652 0.973380 0.000000 2 
1566960.000000 0.880298 1566960.000000 0.880298 0.974971 0.000000 2 
1566960.000000 0.880298 1566960.000000 0.880298 0.974971 0.000000 2 
#Generacion: 500 
#Distancia: 307.199495 
1321680.000000 1.084551 1321680.000000 1.084551 0.998210 0.000000 0 
1362960.000000 0.989314 1362960.000000 0.989314 0.998618 0.000000 0 
1342320.000000 1.063795 1342320.000000 1.063795 0.999599 0.000000 0 
1476000.000000 0.883181 1476000.000000 0.883181 0.993455 0.000000 0 
1560720.000000 0.857068 1560720.000000 0.857068 0.991126 0.000000 0 
1671120.000000 0.836778 1671120.000000 0.836778 0.992502 0.000000 0 
1568640.000000 0.849977 1568640.000000 0.849977 0.998527 0.000000 0 
1642800.000000 0.841745 1642800.000000 0.841745 0.989244 0.000000 0 
1483440.000000 0.881631 1483440.000000 0.881631 0.987449 0.000000 0 
1211520.000000 1.395861 1211520.000000 1.395861 0.995042 0.000000 0 
1642800.000000 0.841745 1642800.000000 0.841745 0.989244 0.000000 0 
1577040.000000 0.844340 1577040.000000 0.844340 0.981407 0.000000 0 
1344720.000000 1.037668 1344720.000000 1.037668 0.981856 0.000000 0 
1486800.000000 0.872709 1486800.000000 0.872709 0.988734 0.000000 0 
1278240.000000 1.095613 1278240.000000 1.095613 0.990015 0.000000 0 
1527360.000000 0.864193 1527360.000000 0.864193 0.998737 0.000000 0 
1375440.000000 0.920129 1375440.000000 0.920129 0.993407 0.000000 0 
1266240.000000 1.363177 1266240.000000 1.363177 0.981924 0.000000 0 
1597200.000000 0.843531 1597200.000000 0.843531 0.989890 0.000000 0 
1435680.000000 0.892489 1435680.000000 0.892489 0.990596 0.000000 0 
1671120.000000 0.836778 1671120.000000 0.836778 0.992502 0.000000 0 
1266240.000000 1.363177 1266240.000000 1.363177 0.981924 0.000000 0 
1273680.000000 1.164143 1273680.000000 1.164143 0.995118 0.000000 0 
1217760.000000 1.376674 1217760.000000 1.376674 0.996680 0.000000 0 
1634160.000000 0.841841 1634160.000000 0.841841 0.988537 0.000000 0 
1665360.000000 0.837135 1665360.000000 0.837135 0.987945 0.000000 0 
1610880.000000 0.842666 1610880.000000 0.842666 0.989220 0.000000 0 
1266240.000000 1.363177 1266240.000000 1.363177 0.981924 0.000000 0 
1642800.000000 0.841745 1642800.000000 0.841745 0.989244 0.000000 0 
1239120.000000 1.366073 1239120.000000 1.366073 0.999289 0.000000 0 
1501920.000000 0.871805 1501920.000000 0.871805 0.988426 0.000000 0 
1227360.000000 1.371577 1227360.000000 1.371577 0.996942 0.000000 0 
1486800.000000 0.872709 1486800.000000 0.872709 0.988734 0.000000 0 
1506000.000000 0.865677 1506000.000000 0.865677 0.994772 0.000000 0 
1450080.000000 0.883450 1450080.000000 0.883450 0.993277 0.000000 0 
1484880.000000 0.874099 1484880.000000 0.874099 0.989695 0.000000 0 
1671360.000000 0.835520 1671360.000000 0.835520 0.982977 0.000000 0 
1322880.000000 1.080660 1322880.000000 1.080660 0.987540 0.000000 0 
1385280.000000 0.906289 1385280.000000 0.906289 0.982109 0.000000 0 
1273680.000000 1.164143 1273680.000000 1.164143 0.995118 0.000000 0 
1481760.000000 0.882205 1481760.000000 0.882205 0.992634 0.000000 0 
1634160.000000 0.841841 1634160.000000 0.841841 0.988537 0.000000 0 
1501920.000000 0.871805 1501920.000000 0.871805 0.988426 0.000000 0 
1711440.000000 0.830784 1711440.000000 0.830784 0.971457 0.000000 0 
1711440.000000 0.830784 1711440.000000 0.830784 0.971457 0.000000 0 
1634880.000000 0.841753 1634880.000000 0.841753 0.986663 0.000000 0 
1561680.000000 0.854074 1561680.000000 0.854074 0.999570 0.000000 0 
1343760.000000 1.040942 1343760.000000 1.040942 0.992635 0.000000 0 
1642800.000000 0.841745 1642800.000000 0.841745 0.989244 0.000000 0 
1481760.000000 0.882205 1481760.000000 0.882205 0.992634 0.000000 0 
1247760.000000 1.366034 1247760.000000 1.366034 0.999432 0.000000 0 
1525440.000000 0.865242 1525440.000000 0.865242 0.994781 0.000000 0 
1477440.000000 0.883035 1477440.000000 0.883035 0.990197 0.000000 0 
1610880.000000 0.842666 1610880.000000 0.842666 0.989220 0.000000 0 
1665360.000000 0.837135 1665360.000000 0.837135 0.987945 0.000000 0 
1538640.000000 0.860016 1538640.000000 0.860016 0.993090 0.000000 0 
1671600.000000 0.835428 1671600.000000 0.835428 0.998669 0.000000 0 
1327680.000000 1.076788 1327680.000000 1.076788 0.995680 0.000000 0 
1258320.000000 1.363514 1258320.000000 1.363514 0.976228 0.000000 0 
1646400.000000 0.839670 1646400.000000 0.839670 0.977319 0.000000 0 
1551120.000000 0.859018 1551120.000000 0.859018 0.991853 0.000000 0 
1538400.000000 0.860737 1538400.000000 0.860737 0.985474 0.000000 0 
1358880.000000 1.037083 1358880.000000 1.037083 0.984352 0.000000 0 
1697040.000000 0.834403 1697040.000000 0.834403 0.985170 0.000000 0 
1711440.000000 0.830784 1711440.000000 0.830784 0.971457 0.000000 0 
1404720.000000 0.905386 1404720.000000 0.905386 0.997521 0.000000 0 
1805760.000000 0.831293 1805760.000000 0.831293 0.987615 0.000000 1 
1220880.000000 1.391222 1220880.000000 1.391222 0.995019 0.000000 1 
1278000.000000 1.175150 1278000.000000 1.175150 0.997295 0.000000 1 
1363920.000000 1.036842 1363920.000000 1.036842 0.985641 0.000000 1 
1378320.000000 0.921115 1378320.000000 0.921115 0.995924 0.000000 1 
1319520.000000 1.116836 1319520.000000 1.116836 0.980317 0.000000 1 
1666320.000000 0.837675 1666320.000000 0.837675 0.989857 0.000000 1 
1279680.000000 1.171584 1279680.000000 1.171584 0.998498 0.000000 1 
1329600.000000 1.081735 1329600.000000 1.081735 0.988473 0.000000 1 
1444320.000000 0.898516 1444320.000000 0.898516 0.996676 0.000000 1 
1343760.000000 1.075027 1343760.000000 1.075027 0.999217 0.000000 1 
1400400.000000 0.907436 1400400.000000 0.907436 0.981983 0.000000 1 
1490640.000000 0.874981 1490640.000000 0.874981 0.997411 0.000000 1 
1419840.000000 0.905669 1419840.000000 0.905669 0.980676 0.000000 1 
1411200.000000 0.905947 1411200.000000 0.905947 0.981711 0.000000 1 
1514640.000000 0.868065 1514640.000000 0.868065 0.984739 0.000000 1 
1743360.000000 0.833033 1743360.000000 0.833033 0.986537 0.000000 1 
1468080.000000 0.884656 1468080.000000 0.884656 0.979110 0.000000 1 
1531440.000000 0.865882 1531440.000000 0.865882 0.974632 0.000000 1 
1392720.000000 0.920386 1392720.000000 0.920386 0.998361 0.000000 1 
1699200.000000 0.834460 1699200.000000 0.834460 0.970656 0.000000 1 
1468080.000000 0.884656 1468080.000000 0.884656 0.979110 0.000000 1 
1500000.000000 0.874341 1500000.000000 0.874341 0.983155 0.000000 1 
1561440.000000 0.859014 1561440.000000 0.859014 0.982236 0.000000 1 
1743360.000000 0.833033 1743360.000000 0.833033 0.986537 0.000000 1 
1551120.000000 0.859919 1551120.000000 0.859919 0.980213 0.000000 1 
1258560.000000 1.364378 1258560.000000 1.364378 0.992214 0.000000 1 
1550880.000000 0.863605 1550880.000000 0.863605 0.998214 0.000000 1 
1699200.000000 0.834460 1699200.000000 0.834460 0.970656 0.000000 1 
1662480.000000 0.840506 1662480.000000 0.840506 0.982432 0.000000 1 
1654320.000000 0.840892 1654320.000000 0.840892 0.986116 0.000000 1 
1538640.000000 0.864174 1538640.000000 0.864174 0.980136 0.000000 1 
1538640.000000 0.864174 1538640.000000 0.864174 0.980136 0.000000 1 
1349280.000000 1.041868 1349280.000000 1.041868 0.985440 0.000000 1 
#Generacion: 1000 
#Distancia: 257.447071 
1138560.000000 1.548308 1138560.000000 1.548308 0.998588 0.000000 0 
1758480.000000 0.823053 1758480.000000 0.823053 0.976292 0.000000 0 
1203840.000000 1.158160 1203840.000000 1.158160 0.997674 0.000000 0 
1199280.000000 1.378786 1199280.000000 1.378786 0.993640 0.000000 0 
1157760.000000 1.538059 1157760.000000 1.538059 0.994248 0.000000 0 
1162560.000000 1.416603 1162560.000000 1.416603 0.998323 0.000000 0 
1223040.000000 1.157337 1223040.000000 1.157337 0.997031 0.000000 0 
1247280.000000 1.099421 1247280.000000 1.099421 0.993294 0.000000 0 
1335360.000000 1.006847 1335360.000000 1.006847 0.995945 0.000000 0 
1337280.000000 0.939906 1337280.000000 0.939906 0.988561 0.000000 0 
1606080.000000 0.834915 1606080.000000 0.834915 0.987700 0.000000 0 
1645200.000000 0.834786 1645200.000000 0.834786 0.990485 0.000000 0 
1383120.000000 0.893008 1383120.000000 0.893008 0.990596 0.000000 0 
1312560.000000 1.044804 1312560.000000 1.044804 0.991630 0.000000 0 
1317360.000000 1.008086 1317360.000000 1.008086 0.992619 0.000000 0 
1400640.000000 0.887453 1400640.000000 0.887453 0.987018 0.000000 0 
1451760.000000 0.875353 1451760.000000 0.875353 0.988191 0.000000 0 
1670160.000000 0.830341 1670160.000000 0.830341 0.982279 0.000000 0 
1353360.000000 0.920007 1353360.000000 0.920007 0.999344 0.000000 0 
1572000.000000 0.844769 1572000.000000 0.844769 0.983262 0.000000 0 
1707120.000000 0.827342 1707120.000000 0.827342 0.988558 0.000000 0 
1275600.000000 1.081768 1275600.000000 1.081768 0.997912 0.000000 0 
1466160.000000 0.874814 1466160.000000 0.874814 0.984348 0.000000 0 
1506240.000000 0.856531 1506240.000000 0.856531 0.999834 0.000000 0 
1541040.000000 0.845940 1541040.000000 0.845940 0.989115 0.000000 0 
1171680.000000 1.411408 1171680.000000 1.411408 0.997766 0.000000 0 
1524720.000000 0.855270 1524720.000000 0.855270 0.986610 0.000000 0 
1297440.000000 1.053023 1297440.000000 1.053023 0.988786 0.000000 0 
1312560.000000 1.044804 1312560.000000 1.044804 0.991630 0.000000 0 
1486560.000000 0.869392 1486560.000000 0.869392 0.996006 0.000000 0 
1550640.000000 0.845320 1550640.000000 0.845320 0.987721 0.000000 0 
1188720.000000 1.383720 1188720.000000 1.383720 0.999511 0.000000 0 
1734480.000000 0.825974 1734480.000000 0.825974 0.984526 0.000000 0 
1715040.000000 0.827122 1715040.000000 0.827122 0.978275 0.000000 0 
1203840.000000 1.158160 1203840.000000 1.158160 0.997674 0.000000 0 
1689360.000000 0.827906 1689360.000000 0.827906 0.982763 0.000000 0 
1689360.000000 0.827906 1689360.000000 0.827906 0.982763 0.000000 0 
1258080.000000 1.084199 1258080.000000 1.084199 0.990389 0.000000 0 
1524720.000000 0.855270 1524720.000000 0.855270 0.986610 0.000000 0 
1441920.000000 0.880667 1441920.000000 0.880667 0.996179 0.000000 0 
1597920.000000 0.841248 1597920.000000 0.841248 0.978059 0.000000 0 
1345920.000000 0.934522 1345920.000000 0.934522 0.992789 0.000000 0 
1330320.000000 1.007193 1330320.000000 1.007193 0.993871 0.000000 0 
1592880.000000 0.841992 1592880.000000 0.841992 0.991345 0.000000 0 
1182000.000000 1.394228 1182000.000000 1.394228 0.993900 0.000000 0 
1364880.000000 0.913783 1364880.000000 0.913783 0.998038 0.000000 0 
1374720.000000 0.903995 1374720.000000 0.903995 0.979574 0.000000 0 
1286160.000000 1.069910 1286160.000000 1.069910 0.988637 0.000000 0 
1491120.000000 0.861033 1491120.000000 0.861033 0.997362 0.000000 0 
1580160.000000 0.842193 1580160.000000 0.842193 0.987868 0.000000 0 
1374720.000000 0.903995 1374720.000000 0.903995 0.979574 0.000000 0 
1143600.000000 1.542051 1143600.000000 1.542051 0.998607 0.000000 0 
1659360.000000 0.833795 1659360.000000 0.833795 0.994362 0.000000 0 
1363440.000000 0.915669 1363440.000000 0.915669 0.982504 0.000000 0 
1424640.000000 0.882235 1424640.000000 0.882235 0.985874 0.000000 0 
1406640.000000 0.886051 1406640.000000 0.886051 0.976533 0.000000 0 
1175520.000000 1.397635 1175520.000000 1.397635 0.992495 0.000000 0 
1650000.000000 0.834573 1650000.000000 0.834573 0.987849 0.000000 0 
1294080.000000 1.065719 1294080.000000 1.065719 0.971329 0.000000 0 
1199280.000000 1.378786 1199280.000000 1.378786 0.993640 0.000000 0 
1349760.000000 0.932032 1349760.000000 0.932032 0.982057 0.000000 0 
1665840.000000 0.833102 1665840.000000 0.833102 0.984436 0.000000 0 
1317360.000000 1.008086 1317360.000000 1.008086 0.992619 0.000000 0 
1474560.000000 0.872260 1474560.000000 0.872260 0.995709 0.000000 0 
1164000.000000 1.413334 1164000.000000 1.413334 0.996345 0.000000 0 
1436880.000000 0.880744 1436880.000000 0.880744 0.995202 0.000000 0 
1751520.000000 0.824812 1751520.000000 0.824812 0.997053 0.000000 0 
1337280.000000 0.939906 1337280.000000 0.939906 0.988561 0.000000 0 
1497120.000000 0.860737 1497120.000000 0.860737 0.989694 0.000000 0 
1743600.000000 0.825055 1743600.000000 0.825055 0.998987 0.000000 0 
1251840.000000 1.089677 1251840.000000 1.089677 0.994113 0.000000 0 
1247280.000000 1.099421 1247280.000000 1.099421 0.993294 0.000000 0 
1503600.000000 0.860188 1503600.000000 0.860188 0.986448 0.000000 0 
1296000.000000 1.063897 1296000.000000 1.063897 0.985902 0.000000 0 
1477440.000000 0.870935 1477440.000000 0.870935 0.996764 0.000000 0 
1258080.000000 1.084199 1258080.000000 1.084199 0.990389 0.000000 0 
1251840.000000 1.089677 1251840.000000 1.089677 0.994113 0.000000 0 
1422960.000000 0.884042 1422960.000000 0.884042 0.993485 0.000000 0 
1296960.000000 1.054911 1296960.000000 1.054911 0.999097 0.000000 0 
1143600.000000 1.542051 1143600.000000 1.542051 0.998607 0.000000 0 
1577040.000000 0.844340 1577040.000000 0.844340 0.981407 0.000000 0 
1415040.000000 0.885937 1415040.000000 0.885937 0.984214 0.000000 0 
1542000.000000 0.845933 1542000.000000 0.845933 0.988722 0.000000 0 
1734480.000000 0.825974 1734480.000000 0.825974 0.973395 0.000000 0 
1416480.000000 0.885449 1416480.000000 0.885449 0.985824 0.000000 0 
1175520.000000 1.397635 1175520.000000 1.397635 0.992495 0.000000 0 
1550640.000000 0.845320 1550640.000000 0.845320 0.987721 0.000000 0 
1188480.000000 1.391447 1188480.000000 1.391447 0.999172 0.000000 0 
1758480.000000 0.823053 1758480.000000 0.823053 0.976292 0.000000 0 
1280160.000000 1.080247 1280160.000000 1.080247 0.995895 0.000000 0 
1280880.000000 1.071317 1280880.000000 1.071317 0.982940 0.000000 0 
1746720.000000 0.825031 1746720.000000 0.825031 0.976672 0.000000 0 
1715040.000000 0.827122 1715040.000000 0.827122 0.978275 0.000000 0 
1188480.000000 1.391447 1188480.000000 1.391447 0.999172 0.000000 0 
1280880.000000 1.071317 1280880.000000 1.071317 0.982940 0.000000 0 
1349760.000000 0.932032 1349760.000000 0.932032 0.982057 0.000000 0 
1280160.000000 1.080247 1280160.000000 1.080247 0.995895 0.000000 0 
1436880.000000 0.880744 1436880.000000 0.880744 0.995202 0.000000 0 
1477200.000000 0.871813 1477200.000000 0.871813 0.986652 0.000000 0 
1364880.000000 0.913783 1364880.000000 0.913783 0.998038 0.000000 0 
#Generacion: 1500 
#Distancia: 266.336667 
1112640.000000 1.557753 1112640.000000 1.557753 0.991533 0.000000 0 
1862160.000000 0.817297 1862160.000000 0.817297 0.990600 0.000000 0 
1176240.000000 1.243738 1176240.000000 1.243738 0.999442 0.000000 0 
1163760.000000 1.385131 1163760.000000 1.385131 0.993910 0.000000 0 
1179840.000000 1.169645 1179840.000000 1.169645 0.999110 0.000000 0 
1148640.000000 1.399978 1148640.000000 1.399978 0.995888 0.000000 0 
1125600.000000 1.483688 1125600.000000 1.483688 0.995717 0.000000 0 
1298160.000000 1.049507 1298160.000000 1.049507 0.993052 0.000000 0 
1299120.000000 0.963898 1299120.000000 0.963898 0.997724 0.000000 0 
1801200.000000 0.818411 1801200.000000 0.818411 0.981803 0.000000 0 
1116720.000000 1.484514 1116720.000000 1.484514 0.992631 0.000000 0 
1666080.000000 0.826165 1666080.000000 0.826165 0.982750 0.000000 0 
1854240.000000 0.817497 1854240.000000 0.817497 0.993066 0.000000 0 
1220160.000000 1.125957 1220160.000000 1.125957 0.998364 0.000000 0 
1718880.000000 0.822885 1718880.000000 0.822885 0.996698 0.000000 0 
1445040.000000 0.860925 1445040.000000 0.860925 0.996590 0.000000 0 
1223520.000000 1.089509 1223520.000000 1.089509 0.991492 0.000000 0 
1182720.000000 1.135604 1182720.000000 1.135604 0.996446 0.000000 0 
1278480.000000 1.052460 1278480.000000 1.052460 0.993830 0.000000 0 
1201440.000000 1.127838 1201440.000000 1.127838 0.994606 0.000000 0 
1582320.000000 0.838786 1582320.000000 0.838786 0.973064 0.000000 0 
1478880.000000 0.859948 1478880.000000 0.859948 0.988659 0.000000 0 
1637760.000000 0.834330 1637760.000000 0.834330 0.984990 0.000000 0 
1770240.000000 0.820072 1770240.000000 0.820072 0.974725 0.000000 0 
1398960.000000 0.885059 1398960.000000 0.885059 0.988736 0.000000 0 
1317360.000000 0.932658 1317360.000000 0.932658 0.998849 0.000000 0 
1606080.000000 0.834915 1606080.000000 0.834915 0.987700 0.000000 0 
1273200.000000 1.077114 1273200.000000 1.077114 0.986677 0.000000 0 
1161120.000000 1.389467 1161120.000000 1.389467 0.988414 0.000000 0 
1308960.000000 0.947260 1308960.000000 0.947260 0.996630 0.000000 0 
1736640.000000 0.822759 1736640.000000 0.822759 0.995137 0.000000 0 
1765200.000000 0.820966 1765200.000000 0.820966 0.975347 0.000000 0 
1422960.000000 0.884042 1422960.000000 0.884042 0.993485 0.000000 0 
1658640.000000 0.834215 1658640.000000 0.834215 0.988392 0.000000 0 
1350240.000000 0.913915 1350240.000000 0.913915 0.993005 0.000000 0 
1361040.000000 0.905815 1361040.000000 0.905815 0.991469 0.000000 0 
1148640.000000 1.399978 1148640.000000 1.399978 0.995888 0.000000 0 
1326240.000000 0.925768 1326240.000000 0.925768 0.998124 0.000000 0 
1292880.000000 1.051122 1292880.000000 1.051122 0.997678 0.000000 0 
1514160.000000 0.853300 1514160.000000 0.853300 0.997194 0.000000 0 
1337040.000000 0.916766 1337040.000000 0.916766 0.995634 0.000000 0 
1746240.000000 0.822679 1746240.000000 0.822679 0.981519 0.000000 0 
1626240.000000 0.834561 1626240.000000 0.834561 0.987863 0.000000 0 
1373040.000000 0.893124 1373040.000000 0.893124 0.987922 0.000000 0 
1332000.000000 0.916933 1332000.000000 0.916933 0.989975 0.000000 0 
1494240.000000 0.856015 1494240.000000 0.856015 0.982236 0.000000 0 
1484640.000000 0.858275 1484640.000000 0.858275 0.993014 0.000000 0 
1428720.000000 0.874323 1428720.000000 0.874323 0.997636 0.000000 0 
1269840.000000 1.080046 1269840.000000 1.080046 0.994985 0.000000 0 
1239600.000000 1.086873 1239600.000000 1.086873 0.991249 0.000000 0 
1718880.000000 0.822885 1718880.000000 0.822885 0.996698 0.000000 0 
1596240.000000 0.835031 1596240.000000 0.835031 0.989293 0.000000 0 
1567680.000000 0.841794 1567680.000000 0.841794 0.994021 0.000000 0 
1536480.000000 0.850720 1536480.000000 0.850720 0.976110 0.000000 0 
1192320.000000 1.134949 1192320.000000 1.134949 0.997422 0.000000 0 
1529760.000000 0.852226 1529760.000000 0.852226 0.983547 0.000000 0 
1248240.000000 1.082901 1248240.000000 1.082901 0.992869 0.000000 0 
1319760.000000 0.927499 1319760.000000 0.927499 0.978962 0.000000 0 
1383120.000000 0.893008 1383120.000000 0.893008 0.990596 0.000000 0 
1422960.000000 0.884042 1422960.000000 0.884042 0.993485 0.000000 0 
1659600.000000 0.832390 1659600.000000 0.832390 0.977412 0.000000 0 
1438320.000000 0.869433 1438320.000000 0.869433 0.997236 0.000000 0 
1304400.000000 0.955929 1304400.000000 0.955929 0.992602 0.000000 0 
1371120.000000 0.903801 1371120.000000 0.903801 0.987073 0.000000 0 
1429680.000000 0.872171 1429680.000000 0.872171 0.998191 0.000000 0 
1302000.000000 0.961089 1302000.000000 0.961089 0.997868 0.000000 0 
1307520.000000 0.951676 1307520.000000 0.951676 0.994241 0.000000 0 
1387200.000000 0.891476 1387200.000000 0.891476 0.991761 0.000000 0 
1500960.000000 0.855035 1500960.000000 0.855035 0.994654 0.000000 0 
1372800.000000 0.902759 1372800.000000 0.902759 0.986447 0.000000 0 
1257600.000000 1.080176 1257600.000000 1.080176 0.992313 0.000000 0 
1257600.000000 1.080176 1257600.000000 1.080176 0.992313 0.000000 0 
1626240.000000 0.834561 1626240.000000 0.834561 0.987863 0.000000 0 
1357200.000000 0.913318 1357200.000000 0.913318 0.995938 0.000000 0 
1438320.000000 0.869433 1438320.000000 0.869433 0.997236 0.000000 0 
1391040.000000 0.887946 1391040.000000 0.887946 0.992179 0.000000 0 
1393200.000000 0.886167 1393200.000000 0.886167 0.990827 0.000000 0 
1567680.000000 0.841794 1567680.000000 0.841794 0.994021 0.000000 0 
1557120.000000 0.841934 1557120.000000 0.841934 0.994244 0.000000 0 
1541040.000000 0.845940 1541040.000000 0.845940 0.989115 0.000000 0 
1191360.000000 1.135041 1191360.000000 1.135041 0.998206 0.000000 0 
1542000.000000 0.845933 1542000.000000 0.845933 0.988722 0.000000 0 
1596240.000000 0.835031 1596240.000000 0.835031 0.989293 0.000000 0 
1550640.000000 0.845320 1550640.000000 0.845320 0.987721 0.000000 0 
1557120.000000 0.841934 1557120.000000 0.841934 0.994244 0.000000 0 
1117680.000000 1.483819 1117680.000000 1.483819 0.993360 0.000000 0 
1746240.000000 0.822679 1746240.000000 0.822679 0.981519 0.000000 0 
1508400.000000 0.853348 1508400.000000 0.853348 0.986233 0.000000 0 
1230000.000000 1.086933 1230000.000000 1.086933 0.991711 0.000000 0 
1550640.000000 0.845320 1550640.000000 0.845320 0.987721 0.000000 0 
1505520.000000 0.854309 1505520.000000 0.854309 0.988920 0.000000 0 
1230000.000000 1.086933 1230000.000000 1.086933 0.991711 0.000000 0 
1247040.000000 1.085842 1247040.000000 1.085842 0.985335 0.000000 0 
1529760.000000 0.852226 1529760.000000 0.852226 0.983547 0.000000 0 
1862160.000000 0.817297 1862160.000000 0.817297 0.990600 0.000000 0 
1125600.000000 1.483688 1125600.000000 1.483688 0.995717 0.000000 0 
1357200.000000 0.913318 1357200.000000 0.913318 0.995938 0.000000 0 
1478880.000000 0.859948 1478880.000000 0.859948 0.988659 0.000000 0 
1273200.000000 1.077114 1273200.000000 1.077114 0.986677 0.000000 0 
1770240.000000 0.820072 1770240.000000 0.820072 0.974725 0.000000 0 
#Generacion: 2000 
#Distancia: 271.509596 
1816560.000000 0.814637 1816560.000000 0.814637 0.985292 0.000000 0 
1101360.000000 1.484262 1101360.000000 1.484262 0.993658 0.000000 0 
1132080.000000 1.225221 1132080.000000 1.225221 0.990643 0.000000 0 
1121760.000000 1.398814 1121760.000000 1.398814 0.994668 0.000000 0 
1180080.000000 1.126962 1180080.000000 1.126962 0.994571 0.000000 0 
1188000.000000 1.053660 1188000.000000 1.053660 0.999797 0.000000 0 
1119840.000000 1.464247 1119840.000000 1.464247 0.994511 0.000000 0 
1121760.000000 1.398814 1121760.000000 1.398814 0.994668 0.000000 0 
1150320.000000 1.204295 1150320.000000 1.204295 0.986434 0.000000 0 
1745760.000000 0.817346 1745760.000000 0.817346 0.991818 0.000000 0 
1167360.000000 1.141050 1167360.000000 1.141050 0.997273 0.000000 0 
1798320.000000 0.816795 1798320.000000 0.816795 0.987986 0.000000 0 
1155600.000000 1.170836 1155600.000000 1.170836 0.995976 0.000000 0 
1426320.000000 0.862155 1426320.000000 0.862155 0.988696 0.000000 0 
1596240.000000 0.835031 1596240.000000 0.835031 0.989293 0.000000 0 
1160640.000000 1.170779 1160640.000000 1.170779 0.996114 0.000000 0 
1409280.000000 0.870162 1409280.000000 0.870162 0.987631 0.000000 0 
1561680.000000 0.835899 1561680.000000 0.835899 0.984743 0.000000 0 
1218000.000000 1.004754 1218000.000000 1.004754 0.982703 0.000000 0 
1147200.000000 1.224403 1147200.000000 1.224403 0.993222 0.000000 0 
1252080.000000 0.973353 1252080.000000 0.973353 0.995004 0.000000 0 
1735200.000000 0.818360 1735200.000000 0.818360 0.998446 0.000000 0 
1194240.000000 1.030431 1194240.000000 1.030431 0.999296 0.000000 0 
1445040.000000 0.860925 1445040.000000 0.860925 0.996590 0.000000 0 
1546560.000000 0.841392 1546560.000000 0.841392 0.981772 0.000000 0 
1395600.000000 0.873174 1395600.000000 0.873174 0.988258 0.000000 0 
1177680.000000 1.135175 1177680.000000 1.135175 0.995613 0.000000 0 
1115040.000000 1.465245 1115040.000000 1.465245 0.993480 0.000000 0 
1112640.000000 1.482972 1112640.000000 1.482972 0.994942 0.000000 0 
1342080.000000 0.901911 1342080.000000 0.901911 0.996779 0.000000 0 
1193040.000000 1.053299 1193040.000000 1.053299 0.988597 0.000000 0 
1518720.000000 0.845332 1518720.000000 0.845332 0.989217 0.000000 0 
1366320.000000 0.893329 1366320.000000 0.893329 0.988997 0.000000 0 
1527360.000000 0.844142 1527360.000000 0.844142 0.986686 0.000000 0 
1464000.000000 0.857943 1464000.000000 0.857943 0.995160 0.000000 0 
1248240.000000 0.988283 1248240.000000 0.988283 0.998499 0.000000 0 
1664160.000000 0.826420 1664160.000000 0.826420 0.981823 0.000000 0 
1684080.000000 0.825079 1684080.000000 0.825079 0.984969 0.000000 0 
1490160.000000 0.853894 1490160.000000 0.853894 0.977883 0.000000 0 
1212480.000000 1.019753 1212480.000000 1.019753 0.989378 0.000000 0 
1509360.000000 0.851209 1509360.000000 0.851209 0.982188 0.000000 0 
1452240.000000 0.858619 1452240.000000 0.858619 0.997896 0.000000 0 
1542000.000000 0.843573 1542000.000000 0.843573 0.990404 0.000000 0 
1474800.000000 0.856355 1474800.000000 0.856355 0.984206 0.000000 0 
1505520.000000 0.853846 1505520.000000 0.853846 0.997866 0.000000 0 
1606080.000000 0.834915 1606080.000000 0.834915 0.987700 0.000000 0 
1273440.000000 0.958129 1273440.000000 0.958129 0.990429 0.000000 0 
1380720.000000 0.891099 1380720.000000 0.891099 0.986167 0.000000 0 
1675440.000000 0.825906 1675440.000000 0.825906 0.984782 0.000000 0 
1287840.000000 0.945242 1287840.000000 0.945242 0.999297 0.000000 0 
1718880.000000 0.822885 1718880.000000 0.822885 0.996698 0.000000 0 
1561680.000000 0.835899 1561680.000000 0.835899 0.984743 0.000000 0 
1628880.000000 0.831685 1628880.000000 0.831685 0.993019 0.000000 0 
1816560.000000 0.814637 1816560.000000 0.814637 0.985292 0.000000 0 
1798320.000000 0.816795 1798320.000000 0.816795 0.987986 0.000000 0 
1243680.000000 0.988683 1243680.000000 0.988683 0.993970 0.000000 0 
1337040.000000 0.907160 1337040.000000 0.907160 0.998406 0.000000 0 
1696800.000000 0.823457 1696800.000000 0.823457 0.994557 0.000000 0 
1257840.000000 0.967845 1257840.000000 0.967845 0.998818 0.000000 0 
1328160.000000 0.915235 1328160.000000 0.915235 0.993836 0.000000 0 
1351920.000000 0.897091 1351920.000000 0.897091 0.998965 0.000000 0 
1317360.000000 0.932658 1317360.000000 0.932658 0.998849 0.000000 0 
1319520.000000 0.917524 1319520.000000 0.917524 0.996462 0.000000 0 
1395120.000000 0.882905 1395120.000000 0.882905 0.990740 0.000000 0 
1643520.000000 0.830306 1643520.000000 0.830306 0.992410 0.000000 0 
1264800.000000 0.959233 1264800.000000 0.959233 0.989954 0.000000 0 
1284000.000000 0.956650 1284000.000000 0.956650 0.988243 0.000000 0 
1482240.000000 0.854307 1482240.000000 0.854307 0.982079 0.000000 0 
1707360.000000 0.823124 1707360.000000 0.823124 0.994295 0.000000 0 
1330320.000000 0.909679 1330320.000000 0.909679 0.998696 0.000000 0 
1196640.000000 1.028802 1196640.000000 1.028802 0.993063 0.000000 0 
1373040.000000 0.893124 1373040.000000 0.893124 0.987922 0.000000 0 
1293600.000000 0.940129 1293600.000000 0.940129 0.990121 0.000000 0 
1305840.000000 0.936024 1305840.000000 0.936024 0.991005 0.000000 0 
1230960.000000 0.990911 1230960.000000 0.990911 0.993977 0.000000 0 
1264560.000000 0.966827 1264560.000000 0.966827 0.996468 0.000000 0 
1635360.000000 0.831514 1635360.000000 0.831514 0.984042 0.000000 0 
1284240.000000 0.951231 1284240.000000 0.951231 0.998941 0.000000 0 
1654800.000000 0.829620 1654800.000000 0.829620 0.998272 0.000000 0 
1140720.000000 1.224992 1140720.000000 1.224992 0.991105 0.000000 0 
1387440.000000 0.886343 1387440.000000 0.886343 0.997371 0.000000 0 
1317360.000000 0.932658 1317360.000000 0.932658 0.998849 0.000000 0 
1305840.000000 0.936024 1305840.000000 0.936024 0.991005 0.000000 0 
1351920.000000 0.897091 1351920.000000 0.897091 0.998965 0.000000 0 
1230000.000000 0.991079 1230000.000000 0.991079 0.993762 0.000000 0 
1617600.000000 0.834393 1617600.000000 0.834393 0.991729 0.000000 0 
1224480.000000 0.998300 1224480.000000 0.998300 0.993791 0.000000 0 
1224480.000000 0.998300 1224480.000000 0.998300 0.993791 0.000000 0 
1208640.000000 1.028046 1208640.000000 1.028046 0.995581 0.000000 0 
1211760.000000 1.019843 1211760.000000 1.019843 0.989432 0.000000 0 
1108560.000000 1.483238 1108560.000000 1.483238 0.994139 0.000000 0 
1617600.000000 0.834393 1617600.000000 0.834393 0.991729 0.000000 0 
1652160.000000 0.830172 1652160.000000 0.830172 0.989477 0.000000 0 
1208640.000000 1.028046 1208640.000000 1.028046 0.995581 0.000000 0 
1718880.000000 0.822885 1718880.000000 0.822885 0.996698 0.000000 0 
1743840.000000 0.818053 1743840.000000 0.818053 0.999647 0.000000 0 
1391040.000000 0.885995 1391040.000000 0.885995 0.988971 0.000000 0 
1293600.000000 0.940129 1293600.000000 0.940129 0.990121 0.000000 0 
1319520.000000 0.917524 1319520.000000 0.917524 0.996462 0.000000 0 
1701840.000000 0.823451 1701840.000000 0.823451 0.995293 0.000000 0 
#Generacion: 2500 
#Distancia: 263.035051 
1074480.000000 1.526333 1074480.000000 1.526333 0.998993 0.000000 0 
1772640.000000 0.813749 1772640.000000 0.813749 0.991126 0.000000 0 
1074480.000000 1.526333 1074480.000000 1.526333 0.998993 0.000000 0 
1113600.000000 1.237793 1113600.000000 1.237793 0.997137 0.000000 0 
1109040.000000 1.420468 1109040.000000 1.420468 0.998479 0.000000 0 
1146720.000000 1.118147 1146720.000000 1.118147 0.995849 0.000000 0 
1146240.000000 1.212900 1146240.000000 1.212900 0.989616 0.000000 0 
1153680.000000 1.043456 1153680.000000 1.043456 0.988872 0.000000 0 
1095360.000000 1.421936 1095360.000000 1.421936 0.999659 0.000000 0 
1085040.000000 1.482776 1085040.000000 1.482776 0.993082 0.000000 0 
1079040.000000 1.512038 1079040.000000 1.512038 0.988913 0.000000 0 
1646880.000000 0.825741 1646880.000000 0.825741 0.994515 0.000000 0 
1258320.000000 0.934504 1258320.000000 0.934504 0.980782 0.000000 0 
1624080.000000 0.831413 1624080.000000 0.831413 0.984076 0.000000 0 
1678560.000000 0.825114 1678560.000000 0.825114 0.994192 0.000000 0 
1279200.000000 0.916136 1279200.000000 0.916136 0.984450 0.000000 0 
1460880.000000 0.857397 1460880.000000 0.857397 0.995206 0.000000 0 
1305600.000000 0.915893 1305600.000000 0.915893 0.987694 0.000000 0 
1085040.000000 1.482776 1085040.000000 1.482776 0.993082 0.000000 0 
1256880.000000 0.966546 1256880.000000 0.966546 0.993947 0.000000 0 
1180320.000000 1.017131 1180320.000000 1.017131 0.992809 0.000000 0 
1737360.000000 0.815690 1737360.000000 0.815690 0.996336 0.000000 0 
1122960.000000 1.234529 1122960.000000 1.234529 0.997307 0.000000 0 
1322880.000000 0.904922 1322880.000000 0.904922 0.992169 0.000000 0 
1635120.000000 0.828523 1635120.000000 0.828523 0.990518 0.000000 0 
1200240.000000 0.991722 1200240.000000 0.991722 0.992837 0.000000 0 
1372560.000000 0.875051 1372560.000000 0.875051 0.998794 0.000000 0 
1308240.000000 0.910211 1308240.000000 0.910211 0.993305 0.000000 0 
1716720.000000 0.821923 1716720.000000 0.821923 0.986501 0.000000 0 
1169760.000000 1.036947 1169760.000000 1.036947 0.994864 0.000000 0 
1444560.000000 0.860111 1444560.000000 0.860111 0.991135 0.000000 0 
1731600.000000 0.819621 1731600.000000 0.819621 0.986626 0.000000 0 
1358880.000000 0.894660 1358880.000000 0.894660 0.994033 0.000000 0 
1131840.000000 1.218211 1131840.000000 1.218211 0.992820 0.000000 0 
1512240.000000 0.845324 1512240.000000 0.845324 0.975842 0.000000 0 
1196880.000000 1.013339 1196880.000000 1.013339 0.994018 0.000000 0 
1278480.000000 0.924464 1278480.000000 0.924464 0.994649 0.000000 0 
1131120.000000 1.223923 1131120.000000 1.223923 0.997450 0.000000 0 
1600080.000000 0.832274 1600080.000000 0.832274 0.993612 0.000000 0 
1351920.000000 0.897091 1351920.000000 0.897091 0.998965 0.000000 0 
1527360.000000 0.844142 1527360.000000 0.844142 0.986686 0.000000 0 
1332240.000000 0.904222 1332240.000000 0.904222 0.970845 0.000000 0 
1757280.000000 0.814011 1757280.000000 0.814011 0.997034 0.000000 0 
1574160.000000 0.833556 1574160.000000 0.833556 0.964580 0.000000 0 
1488480.000000 0.850299 1488480.000000 0.850299 0.974995 0.000000 0 
1696800.000000 0.823457 1696800.000000 0.823457 0.994557 0.000000 0 
1682880.000000 0.824665 1682880.000000 0.824665 0.982175 0.000000 0 
1225920.000000 0.979053 1225920.000000 0.979053 0.985713 0.000000 0 
1247040.000000 0.967482 1247040.000000 0.967482 0.989579 0.000000 0 
1198560.000000 1.009572 1198560.000000 1.009572 0.998857 0.000000 0 
1502400.000000 0.847030 1502400.000000 0.847030 0.962661 0.000000 0 
1266240.000000 0.929041 1266240.000000 0.929041 0.989415 0.000000 0 
1174560.000000 1.022430 1174560.000000 1.022430 0.984229 0.000000 0 
1419600.000000 0.867136 1419600.000000 0.867136 0.992573 0.000000 0 
1486800.000000 0.852536 1486800.000000 0.852536 0.994538 0.000000 0 
1208160.000000 0.990501 1208160.000000 0.990501 0.992129 0.000000 0 
1473120.000000 0.853677 1473120.000000 0.853677 0.978663 0.000000 0 
1551600.000000 0.836847 1551600.000000 0.836847 0.997044 0.000000 0 
1558560.000000 0.835427 1558560.000000 0.835427 0.981861 0.000000 0 
1362960.000000 0.881644 1362960.000000 0.881644 0.996722 0.000000 0 
1426320.000000 0.862155 1426320.000000 0.862155 0.988696 0.000000 0 
1404240.000000 0.870648 1404240.000000 0.870648 0.986015 0.000000 0 
1244400.000000 0.973377 1244400.000000 0.973377 0.996666 0.000000 0 
1544160.000000 0.838213 1544160.000000 0.838213 0.987964 0.000000 0 
1707360.000000 0.823124 1707360.000000 0.823124 0.994295 0.000000 0 
1213200.000000 0.987391 1213200.000000 0.987391 0.996551 0.000000 0 
1537200.000000 0.839028 1537200.000000 0.839028 0.980678 0.000000 0 
1236480.000000 0.978664 1236480.000000 0.978664 0.984240 0.000000 0 
1772640.000000 0.813749 1772640.000000 0.813749 0.991126 0.000000 0 
1757280.000000 0.814011 1757280.000000 0.814011 0.997034 0.000000 0 
1095360.000000 1.421936 1095360.000000 1.421936 0.999659 0.000000 0 
1109040.000000 1.420468 1109040.000000 1.420468 0.998479 0.000000 0 
1437360.000000 0.861131 1437360.000000 0.861131 0.987007 0.000000 0 
1529520.000000 0.839626 1529520.000000 0.839626 0.984252 0.000000 0 
1473360.000000 0.852649 1473360.000000 0.852649 0.996135 0.000000 0 
1342080.000000 0.901911 1342080.000000 0.901911 0.996779 0.000000 0 
1600080.000000 0.832274 1600080.000000 0.832274 0.993612 0.000000 0 
1586400.000000 0.833050 1586400.000000 0.833050 0.980720 0.000000 0 
1174320.000000 1.029486 1174320.000000 1.029486 0.998473 0.000000 0 
1414080.000000 0.867770 1414080.000000 0.867770 0.989526 0.000000 0 
1265040.000000 0.929718 1265040.000000 0.929718 0.985360 0.000000 0 
1237680.000000 0.974840 1237680.000000 0.974840 0.994817 0.000000 0 
1219440.000000 0.981221 1219440.000000 0.981221 0.984252 0.000000 0 
1586400.000000 0.833050 1586400.000000 0.833050 0.980720 0.000000 0 
1394640.000000 0.873332 1394640.000000 0.873332 0.983515 0.000000 0 
1409280.000000 0.870162 1409280.000000 0.870162 0.987631 0.000000 0 
1113600.000000 1.237793 1113600.000000 1.237793 0.997137 0.000000 0 
1218480.000000 0.984669 1218480.000000 0.984669 0.982168 0.000000 0 
1395600.000000 0.873174 1395600.000000 0.873174 0.988258 0.000000 0 
1384320.000000 0.874605 1384320.000000 0.874605 0.993217 0.000000 0 
1342080.000000 0.901911 1342080.000000 0.901911 0.996779 0.000000 0 
1431360.000000 0.861977 1431360.000000 0.861977 0.994238 0.000000 0 
1173360.000000 1.035308 1173360.000000 1.035308 0.996950 0.000000 0 
1384320.000000 0.874605 1384320.000000 0.874605 0.993217 0.000000 0 
1503600.000000 0.846182 1503600.000000 0.846182 0.975315 0.000000 0 
1701840.000000 0.823451 1701840.000000 0.823451 0.995293 0.000000 0 
1256880.000000 0.966546 1256880.000000 0.966546 0.993947 0.000000 0 
1362960.000000 0.881644 1362960.000000 0.881644 0.996722 0.000000 0 
1567200.000000 0.835403 1567200.000000 0.835403 0.980675 0.000000 0 
1567200.000000 0.835403 1567200.000000 0.835403 0.980675 0.000000 0 
#Generacion: 3000 
#Distancia: 256.738586 
1835040.000000 0.806858 1835040.000000 0.806858 0.999246 0.000000 0 
1063680.000000 1.439661 1063680.000000 1.439661 0.980218 0.000000 0 
1063680.000000 1.439661 1063680.000000 1.439661 0.980218 0.000000 0 
1082880.000000 1.286320 1082880.000000 1.286320 0.997009 0.000000 0 
1121760.000000 1.126359 1121760.000000 1.126359 0.998393 0.000000 0 
1070880.000000 1.436499 1070880.000000 1.436499 0.976186 0.000000 0 
1120320.000000 1.215035 1120320.000000 1.215035 0.992570 0.000000 0 
1135440.000000 1.045869 1135440.000000 1.045869 0.999657 0.000000 0 
1109760.000000 1.220957 1109760.000000 1.220957 0.999384 0.000000 0 
1107840.000000 1.270032 1107840.000000 1.270032 0.997169 0.000000 0 
1294320.000000 0.902634 1294320.000000 0.902634 0.999290 0.000000 0 
1679280.000000 0.814494 1679280.000000 0.814494 0.961510 0.000000 0 
1720800.000000 0.813274 1720800.000000 0.813274 0.996007 0.000000 0 
1095840.000000 1.275252 1095840.000000 1.275252 0.996608 0.000000 0 
1737840.000000 0.811460 1737840.000000 0.811460 0.982074 0.000000 0 
1247760.000000 0.929307 1247760.000000 0.929307 0.982978 0.000000 0 
1349280.000000 0.892555 1349280.000000 0.892555 0.975267 0.000000 0 
1245360.000000 0.946695 1245360.000000 0.946695 0.998595 0.000000 0 
1323120.000000 0.893978 1323120.000000 0.893978 0.986899 0.000000 0 
1142880.000000 1.033262 1142880.000000 1.033262 0.986312 0.000000 0 
1157040.000000 1.033099 1157040.000000 1.033099 0.980086 0.000000 0 
1170240.000000 1.014966 1170240.000000 1.014966 0.998690 0.000000 0 
1236000.000000 0.953575 1236000.000000 0.953575 0.997187 0.000000 0 
1498800.000000 0.844942 1498800.000000 0.844942 0.997487 0.000000 0 
1586880.000000 0.827846 1586880.000000 0.827846 0.983962 0.000000 0 
1615200.000000 0.822586 1615200.000000 0.822586 0.997166 0.000000 0 
1567680.000000 0.830663 1567680.000000 0.830663 0.986534 0.000000 0 
1765200.000000 0.810136 1765200.000000 0.810136 0.992177 0.000000 0 
1201680.000000 0.980075 1201680.000000 0.980075 0.998609 0.000000 0 
1480560.000000 0.846922 1480560.000000 0.846922 0.993308 0.000000 0 
1324080.000000 0.893509 1324080.000000 0.893509 0.987573 0.000000 0 
1265520.000000 0.927593 1265520.000000 0.927593 0.985694 0.000000 0 
1225440.000000 0.958263 1225440.000000 0.958263 0.984686 0.000000 0 
1594560.000000 0.826294 1594560.000000 0.826294 0.976069 0.000000 0 
1818480.000000 0.807530 1818480.000000 0.807530 0.988892 0.000000 0 
1609440.000000 0.824202 1609440.000000 0.824202 0.992670 0.000000 0 
1458000.000000 0.853256 1458000.000000 0.853256 0.997479 0.000000 0 
1410960.000000 0.864237 1410960.000000 0.864237 0.993308 0.000000 0 
1797360.000000 0.808669 1797360.000000 0.808669 0.993931 0.000000 0 
1276320.000000 0.910996 1276320.000000 0.910996 0.989181 0.000000 0 
1177440.000000 1.006973 1177440.000000 1.006973 0.992741 0.000000 0 
1520880.000000 0.839533 1520880.000000 0.839533 0.983595 0.000000 0 
1186800.000000 0.998060 1186800.000000 0.998060 0.998548 0.000000 0 
1273440.000000 0.921256 1273440.000000 0.921256 0.992980 0.000000 0 
1473360.000000 0.852649 1473360.000000 0.852649 0.996135 0.000000 0 
1135440.000000 1.045869 1135440.000000 1.045869 0.999657 0.000000 0 
1809840.000000 0.807740 1809840.000000 0.807740 0.992577 0.000000 0 
1780800.000000 0.809048 1780800.000000 0.809048 0.988990 0.000000 0 
1354320.000000 0.884079 1354320.000000 0.884079 0.995486 0.000000 0 
1193520.000000 0.990188 1193520.000000 0.990188 0.997650 0.000000 0 
1395600.000000 0.866762 1395600.000000 0.866762 0.996254 0.000000 0 
1381200.000000 0.873422 1381200.000000 0.873422 0.997994 0.000000 0 
1202160.000000 0.973471 1202160.000000 0.973471 0.996164 0.000000 0 
1217040.000000 0.960357 1217040.000000 0.960357 0.994588 0.000000 0 
1211040.000000 0.971561 1211040.000000 0.971561 0.993306 0.000000 0 
1286640.000000 0.907853 1286640.000000 0.907853 0.992241 0.000000 0 
1442160.000000 0.856748 1442160.000000 0.856748 0.985645 0.000000 0 
1722720.000000 0.811777 1722720.000000 0.811777 0.999186 0.000000 0 
1535280.000000 0.838700 1535280.000000 0.838700 0.983771 0.000000 0 
1372560.000000 0.873932 1372560.000000 0.873932 0.996704 0.000000 0 
1551600.000000 0.836847 1551600.000000 0.836847 0.997044 0.000000 0 
1545120.000000 0.838167 1545120.000000 0.838167 0.987834 0.000000 0 
1403280.000000 0.865373 1403280.000000 0.865373 0.992611 0.000000 0 
1107840.000000 1.270032 1107840.000000 1.270032 0.997169 0.000000 0 
1118400.000000 1.220520 1118400.000000 1.220520 0.999060 0.000000 0 
1835040.000000 0.806858 1835040.000000 0.806858 0.999246 0.000000 0 
1786800.000000 0.808785 1786800.000000 0.808785 0.993601 0.000000 0 
1170240.000000 1.014966 1170240.000000 1.014966 0.998690 0.000000 0 
1766160.000000 0.810061 1766160.000000 0.810061 0.992895 0.000000 0 
1508640.000000 0.843255 1508640.000000 0.843255 0.982368 0.000000 0 
1193520.000000 0.990188 1193520.000000 0.990188 0.997650 0.000000 0 
1422240.000000 0.860502 1422240.000000 0.860502 0.987979 0.000000 0 
1365840.000000 0.876223 1365840.000000 0.876223 0.999128 0.000000 0 
1359840.000000 0.876383 1359840.000000 0.876383 0.993318 0.000000 0 
1266960.000000 0.922296 1266960.000000 0.922296 0.994423 0.000000 0 
1560240.000000 0.835323 1560240.000000 0.835323 0.997395 0.000000 0 
1526880.000000 0.838774 1526880.000000 0.838774 0.979943 0.000000 0 
1359360.000000 0.883753 1359360.000000 0.883753 0.995712 0.000000 0 
1157040.000000 1.033099 1157040.000000 1.033099 0.980086 0.000000 0 
1477200.000000 0.850159 1477200.000000 0.850159 0.996164 0.000000 0 
1284960.000000 0.910843 1284960.000000 0.910843 0.987783 0.000000 0 
1184640.000000 1.002235 1184640.000000 1.002235 0.994753 0.000000 0 
1452480.000000 0.856104 1452480.000000 0.856104 0.995348 0.000000 0 
1565040.000000 0.835197 1565040.000000 0.835197 0.982933 0.000000 0 
1182480.000000 1.005342 1182480.000000 1.005342 0.986274 0.000000 0 
1433040.000000 0.859419 1433040.000000 0.859419 0.990082 0.000000 0 
1432560.000000 0.859428 1432560.000000 0.859428 0.991634 0.000000 0 
1387920.000000 0.869297 1387920.000000 0.869297 0.985787 0.000000 0 
1508640.000000 0.843255 1508640.000000 0.843255 0.982368 0.000000 0 
1386960.000000 0.869471 1386960.000000 0.869471 0.997515 0.000000 0 
1422240.000000 0.860502 1422240.000000 0.860502 0.987979 0.000000 0 
1211040.000000 0.971561 1211040.000000 0.971561 0.993306 0.000000 0 
1448640.000000 0.856369 1448640.000000 0.856369 0.998657 0.000000 0 
1070640.000000 1.437660 1070640.000000 1.437660 0.978988 0.000000 0 
1632960.000000 0.815386 1632960.000000 0.815386 0.972226 0.000000 0 
1338480.000000 0.893437 1338480.000000 0.893437 0.987358 0.000000 0 
1634640.000000 0.818596 1634640.000000 0.818596 0.973676 0.000000 1 
1673040.000000 0.816352 1673040.000000 0.816352 0.976662 0.000000 1 
1658880.000000 0.816407 1658880.000000 0.816407 0.970440 0.000000 1 
1648320.000000 0.818209 1648320.000000 0.818209 0.969066 0.000000 1 
#Generacion: 3500 
#Distancia: 261.993838 
1051920.000000 1.441905 1051920.000000 1.441905 0.991379 0.000000 0 
1814880.000000 0.800730 1814880.000000 0.800730 0.965424 0.000000 0 
1076400.000000 1.246489 1076400.000000 1.246489 0.996331 0.000000 0 
1074480.000000 1.405616 1074480.000000 1.405616 0.989027 0.000000 0 
1115040.000000 1.214199 1115040.000000 1.214199 0.992966 0.000000 0 
1119120.000000 1.123525 1119120.000000 1.123525 0.998018 0.000000 0 
1120080.000000 1.061725 1120080.000000 1.061725 0.990860 0.000000 0 
1119120.000000 1.123525 1119120.000000 1.123525 0.998018 0.000000 0 
1784880.000000 0.802141 1784880.000000 0.802141 0.971027 0.000000 0 
1727280.000000 0.804137 1727280.000000 0.804137 0.964961 0.000000 0 
1254480.000000 0.923534 1254480.000000 0.923534 0.985299 0.000000 0 
1752480.000000 0.803246 1752480.000000 0.803246 0.981599 0.000000 0 
1512480.000000 0.835390 1512480.000000 0.835390 0.991404 0.000000 0 
1695600.000000 0.806717 1695600.000000 0.806717 0.963480 0.000000 0 
1266960.000000 0.906309 1266960.000000 0.906309 0.996822 0.000000 0 
1231920.000000 0.949015 1231920.000000 0.949015 0.986788 0.000000 0 
1593120.000000 0.819793 1593120.000000 0.819793 0.960410 0.000000 0 
1494240.000000 0.840218 1494240.000000 0.840218 0.965757 0.000000 0 
1056000.000000 1.425998 1056000.000000 1.425998 0.994628 0.000000 0 
1310160.000000 0.896815 1310160.000000 0.896815 0.990627 0.000000 0 
1238400.000000 0.938823 1238400.000000 0.938823 0.981349 0.000000 0 
1799280.000000 0.800997 1799280.000000 0.800997 0.966706 0.000000 0 
1384800.000000 0.871810 1384800.000000 0.871810 0.986692 0.000000 0 
1223280.000000 0.956502 1223280.000000 0.956502 0.986425 0.000000 0 
1134240.000000 1.040230 1134240.000000 1.040230 0.988367 0.000000 0 
1612080.000000 0.818552 1612080.000000 0.818552 0.964129 0.000000 0 
1169520.000000 1.009607 1169520.000000 1.009607 0.984578 0.000000 0 
1294800.000000 0.896881 1294800.000000 0.896881 0.995869 0.000000 0 
1658160.000000 0.810678 1658160.000000 0.810678 0.995495 0.000000 0 
1322400.000000 0.893163 1322400.000000 0.893163 0.994185 0.000000 0 
1128720.000000 1.058111 1128720.000000 1.058111 0.985554 0.000000 0 
1566960.000000 0.823531 1566960.000000 0.823531 0.987092 0.000000 0 
1130640.000000 1.047784 1130640.000000 1.047784 0.992884 0.000000 0 
1740720.000000 0.803700 1740720.000000 0.803700 0.973531 0.000000 0 
1394880.000000 0.867953 1394880.000000 0.867953 0.987970 0.000000 0 
1561440.000000 0.827447 1561440.000000 0.827447 0.998935 0.000000 0 
1214640.000000 0.959960 1214640.000000 0.959960 0.986879 0.000000 0 
1532640.000000 0.834881 1532640.000000 0.834881 0.971695 0.000000 0 
1167840.000000 1.022873 1167840.000000 1.022873 0.973919 0.000000 0 
1063920.000000 1.420567 1063920.000000 1.420567 0.993169 0.000000 0 
1339680.000000 0.887239 1339680.000000 0.887239 0.993404 0.000000 0 
1193040.000000 0.990248 1193040.000000 0.990248 0.994421 0.000000 0 
1642560.000000 0.814543 1642560.000000 0.814543 0.970577 0.000000 0 
1331760.000000 0.891717 1331760.000000 0.891717 0.993464 0.000000 0 
1432560.000000 0.859428 1432560.000000 0.859428 0.991634 0.000000 0 
1370400.000000 0.873236 1370400.000000 0.873236 0.986314 0.000000 0 
1462560.000000 0.849576 1462560.000000 0.849576 0.970707 0.000000 0 
1142880.000000 1.033262 1142880.000000 1.033262 0.986312 0.000000 0 
1066560.000000 1.413821 1066560.000000 1.413821 0.994610 0.000000 0 
1177440.000000 1.006973 1177440.000000 1.006973 0.992741 0.000000 0 
1547760.000000 0.829248 1547760.000000 0.829248 0.969976 0.000000 0 
1053120.000000 1.438600 1053120.000000 1.438600 0.996725 0.000000 0 
1184400.000000 0.996497 1184400.000000 0.996497 0.996488 0.000000 0 
1086000.000000 1.236393 1086000.000000 1.236393 0.995631 0.000000 0 
1355040.000000 0.876343 1355040.000000 0.876343 0.986709 0.000000 0 
1437840.000000 0.853176 1437840.000000 0.853176 0.962652 0.000000 0 
1156800.000000 1.030324 1156800.000000 1.030324 0.987840 0.000000 0 
1110480.000000 1.221122 1110480.000000 1.221122 0.987848 0.000000 0 
1632240.000000 0.817086 1632240.000000 0.817086 0.963391 0.000000 0 
1620720.000000 0.818315 1620720.000000 0.818315 0.964196 0.000000 0 
1487040.000000 0.841864 1487040.000000 0.841864 0.998669 0.000000 0 
1081440.000000 1.246178 1081440.000000 1.246178 0.993382 0.000000 0 
1476960.000000 0.848120 1476960.000000 0.848120 0.978930 0.000000 0 
1447200.000000 0.853073 1447200.000000 0.853073 0.974721 0.000000 0 
1247040.000000 0.929038 1247040.000000 0.929038 0.985016 0.000000 0 
1201200.000000 0.989870 1201200.000000 0.989870 0.995410 0.000000 0 
1289040.000000 0.903022 1289040.000000 0.903022 0.995746 0.000000 0 
1403280.000000 0.865373 1403280.000000 0.865373 0.992611 0.000000 0 
1201680.000000 0.980075 1201680.000000 0.980075 0.998609 0.000000 0 
1665120.000000 0.809909 1665120.000000 0.809909 0.998274 0.000000 0 
1245120.000000 0.933283 1245120.000000 0.933283 0.983119 0.000000 0 
1162320.000000 1.024944 1162320.000000 1.024944 0.989409 0.000000 0 
1103760.000000 1.223261 1103760.000000 1.223261 0.991145 0.000000 0 
1457760.000000 0.852214 1457760.000000 0.852214 0.959356 0.000000 0 
1179360.000000 0.997907 1179360.000000 0.997907 0.999058 0.000000 0 
1677360.000000 0.809748 1677360.000000 0.809748 0.993419 0.000000 0 
1365840.000000 0.876223 1365840.000000 0.876223 0.999128 0.000000 0 
1422240.000000 0.860502 1422240.000000 0.860502 0.987979 0.000000 0 
1212000.000000 0.968725 1212000.000000 0.968725 0.993086 0.000000 0 
1273680.000000 0.905867 1273680.000000 0.905867 0.996391 0.000000 0 
1202160.000000 0.973471 1202160.000000 0.973471 0.996164 0.000000 0 
1072080.000000 1.407427 1072080.000000 1.407427 0.994291 0.000000 0 
1480560.000000 0.846922 1480560.000000 0.846922 0.993308 0.000000 0 
1148640.000000 1.032105 1148640.000000 1.032105 0.978560 0.000000 0 
1091520.000000 1.235675 1091520.000000 1.235675 0.993335 0.000000 0 
1410960.000000 0.864237 1410960.000000 0.864237 0.993308 0.000000 0 
1544160.000000 0.832472 1544160.000000 0.832472 0.973638 0.000000 0 
1348560.000000 0.884916 1348560.000000 0.884916 0.995227 0.000000 0 
1583280.000000 0.823223 1583280.000000 0.823223 0.997117 0.000000 0 
1350960.000000 0.882642 1350960.000000 0.882642 0.991698 0.000000 0 
1100640.000000 1.234065 1100640.000000 1.234065 0.988757 0.000000 0 
1103280.000000 1.231713 1103280.000000 1.231713 0.995503 0.000000 0 
1416720.000000 0.862095 1416720.000000 0.862095 0.991444 0.000000 0 
1206960.000000 0.969214 1206960.000000 0.969214 0.995329 0.000000 0 
1684080.000000 0.809538 1684080.000000 0.809538 0.995372 0.000000 0 
1692000.000000 0.809482 1692000.000000 0.809482 0.965151 0.000000 0 
1535520.000000 0.833330 1535520.000000 0.833330 0.980054 0.000000 0 
1583280.000000 0.823223 1583280.000000 0.823223 0.997117 0.000000 0 
1640880.000000 0.816836 1640880.000000 0.816836 0.964085 0.000000 0 
1283520.000000 0.904811 1283520.000000 0.904811 0.995919 0.000000 0 
#Generacion: 4000 
#Distancia: 270.786162 
1046640.000000 1.409042 1046640.000000 1.409042 0.999377 0.000000 0 
1801440.000000 0.798152 1801440.000000 0.798152 0.950871 0.000000 0 
1046640.000000 1.409042 1046640.000000 1.409042 0.999377 0.000000 0 
1054560.000000 1.234009 1054560.000000 1.234009 0.999896 0.000000 0 
1084560.000000 1.145464 1084560.000000 1.145464 0.989144 0.000000 0 
1074480.000000 1.233246 1074480.000000 1.233246 0.978571 0.000000 0 
1107600.000000 1.105262 1107600.000000 1.105262 0.986069 0.000000 0 
1108560.000000 1.063089 1108560.000000 1.063089 0.994455 0.000000 0 
1188240.000000 0.970893 1188240.000000 0.970893 0.995201 0.000000 0 
1167360.000000 0.979453 1167360.000000 0.979453 0.984386 0.000000 0 
1127040.000000 1.019940 1127040.000000 1.019940 0.990912 0.000000 0 
1536480.000000 0.823805 1536480.000000 0.823805 0.984930 0.000000 0 
1561200.000000 0.820308 1561200.000000 0.820308 0.986300 0.000000 0 
1124640.000000 1.046685 1124640.000000 1.046685 0.994123 0.000000 0 
1142400.000000 1.015793 1142400.000000 1.015793 0.988285 0.000000 0 
1226880.000000 0.944961 1226880.000000 0.944961 0.998104 0.000000 0 
1166400.000000 0.993792 1166400.000000 0.993792 0.985713 0.000000 0 
1704240.000000 0.804870 1704240.000000 0.804870 0.966120 0.000000 0 
1504800.000000 0.831813 1504800.000000 0.831813 0.996232 0.000000 0 
1284960.000000 0.894961 1284960.000000 0.894961 0.977370 0.000000 0 
1485600.000000 0.834265 1485600.000000 0.834265 0.991354 0.000000 0 
1206960.000000 0.945692 1206960.000000 0.945692 0.993197 0.000000 0 
1085760.000000 1.126434 1085760.000000 1.126434 0.998327 0.000000 0 
1146960.000000 0.994193 1146960.000000 0.994193 0.989611 0.000000 0 
1270560.000000 0.901231 1270560.000000 0.901231 0.992187 0.000000 0 
1196880.000000 0.960131 1196880.000000 0.960131 0.995152 0.000000 0 
1228560.000000 0.922835 1228560.000000 0.922835 0.993692 0.000000 0 
1752240.000000 0.800383 1752240.000000 0.800383 0.980386 0.000000 0 
1295520.000000 0.894873 1295520.000000 0.894873 0.979325 0.000000 0 
1093680.000000 1.116859 1093680.000000 1.116859 0.998137 0.000000 0 
1203360.000000 0.959352 1203360.000000 0.959352 0.996580 0.000000 0 
1465440.000000 0.839652 1465440.000000 0.839652 0.966859 0.000000 0 
1246320.000000 0.914644 1246320.000000 0.914644 0.993783 0.000000 0 
1228560.000000 0.922835 1228560.000000 0.922835 0.993692 0.000000 0 
1685280.000000 0.806603 1685280.000000 0.806603 0.987388 0.000000 0 
1767840.000000 0.800355 1767840.000000 0.800355 0.982191 0.000000 0 
1450080.000000 0.842642 1450080.000000 0.842642 0.994385 0.000000 0 
1587360.000000 0.817123 1587360.000000 0.817123 0.988880 0.000000 0 
1355040.000000 0.876343 1355040.000000 0.876343 0.986709 0.000000 0 
1382400.000000 0.864099 1382400.000000 0.864099 0.983593 0.000000 0 
1627440.000000 0.810691 1627440.000000 0.810691 0.970313 0.000000 0 
1311120.000000 0.893092 1311120.000000 0.893092 0.995178 0.000000 0 
1727280.000000 0.803929 1727280.000000 0.803929 0.965251 0.000000 0 
1262880.000000 0.901289 1262880.000000 0.901289 0.992852 0.000000 0 
1595280.000000 0.814151 1595280.000000 0.814151 0.984297 0.000000 0 
1112640.000000 1.051190 1112640.000000 1.051190 0.994377 0.000000 0 
1669680.000000 0.807071 1669680.000000 0.807071 0.976239 0.000000 0 
1376160.000000 0.867842 1376160.000000 0.867842 0.995719 0.000000 0 
1321440.000000 0.886700 1321440.000000 0.886700 0.970224 0.000000 0 
1432560.000000 0.848181 1432560.000000 0.848181 0.982710 0.000000 0 
1695600.000000 0.806393 1695600.000000 0.806393 0.973430 0.000000 0 
1419360.000000 0.853772 1419360.000000 0.853772 0.974109 0.000000 0 
1074480.000000 1.233246 1074480.000000 1.233246 0.978571 0.000000 0 
1217280.000000 0.944964 1217280.000000 0.944964 0.998673 0.000000 0 
1654800.000000 0.807448 1654800.000000 0.807448 0.975701 0.000000 0 
1362720.000000 0.873433 1362720.000000 0.873433 0.975314 0.000000 0 
1138560.000000 1.018957 1138560.000000 1.018957 0.986665 0.000000 0 
1367040.000000 0.869330 1367040.000000 0.869330 0.993480 0.000000 0 
1392480.000000 0.861114 1392480.000000 0.861114 0.964957 0.000000 0 
1428720.000000 0.853450 1428720.000000 0.853450 0.989351 0.000000 0 
1146960.000000 0.994193 1146960.000000 0.994193 0.989611 0.000000 0 
1091520.000000 1.125600 1091520.000000 1.125600 0.996738 0.000000 0 
1398240.000000 0.860569 1398240.000000 0.860569 0.997367 0.000000 0 
1645680.000000 0.810029 1645680.000000 0.810029 0.991280 0.000000 0 
1616400.000000 0.812355 1616400.000000 0.812355 0.977869 0.000000 0 
1111680.000000 1.060173 1111680.000000 1.060173 0.996895 0.000000 0 
1790640.000000 0.798950 1790640.000000 0.798950 0.968008 0.000000 0 
1344000.000000 0.878451 1344000.000000 0.878451 0.992037 0.000000 0 
1405920.000000 0.856236 1405920.000000 0.856236 0.974564 0.000000 0 
1481520.000000 0.838837 1481520.000000 0.838837 0.967074 0.000000 0 
1528560.000000 0.828047 1528560.000000 0.828047 0.978950 0.000000 0 
1778400.000000 0.800083 1778400.000000 0.800083 0.971970 0.000000 0 
1119120.000000 1.047409 1119120.000000 1.047409 0.995653 0.000000 0 
1340400.000000 0.879536 1340400.000000 0.879536 0.997021 0.000000 0 
1473360.000000 0.838913 1473360.000000 0.838913 0.975613 0.000000 0 
1574880.000000 0.818243 1574880.000000 0.818243 0.988634 0.000000 0 
1441680.000000 0.846536 1441680.000000 0.846536 0.986953 0.000000 0 
1246320.000000 0.914644 1246320.000000 0.914644 0.993783 0.000000 0 
1258080.000000 0.910426 1258080.000000 0.910426 0.990634 0.000000 0 
1513440.000000 0.829983 1513440.000000 0.829983 0.987465 0.000000 0 
1410960.000000 0.856001 1410960.000000 0.856001 0.989507 0.000000 0 
1740720.000000 0.803700 1740720.000000 0.803700 0.973531 0.000000 0 
1573200.000000 0.819466 1573200.000000 0.819466 0.983894 0.000000 0 
1258080.000000 0.910426 1258080.000000 0.910426 0.990634 0.000000 0 
1743120.000000 0.803554 1743120.000000 0.803554 0.973528 0.000000 0 
1662960.000000 0.807181 1662960.000000 0.807181 0.974335 0.000000 0 
1334640.000000 0.884998 1334640.000000 0.884998 0.988427 0.000000 0 
1727280.000000 0.803929 1727280.000000 0.803929 0.965251 0.000000 0 
1783920.000000 0.799045 1783920.000000 0.799045 0.982757 0.000000 0 
1446720.000000 0.845874 1446720.000000 0.845874 0.984787 0.000000 0 
1623840.000000 0.812276 1623840.000000 0.812276 0.969892 0.000000 0 
1093680.000000 1.116859 1093680.000000 1.116859 0.998137 0.000000 0 
1517280.000000 0.828429 1517280.000000 0.828429 0.991822 0.000000 0 
1334640.000000 0.884998 1334640.000000 0.884998 0.988427 0.000000 0 
1645680.000000 0.810029 1645680.000000 0.810029 0.991280 0.000000 0 
1315680.000000 0.891391 1315680.000000 0.891391 0.993486 0.000000 0 
1605360.000000 0.812741 1605360.000000 0.812741 0.982321 0.000000 0 
1801440.000000 0.798152 1801440.000000 0.798152 0.989321 0.000000 0 
1524000.000000 0.828141 1524000.000000 0.828141 0.982967 0.000000 0 
1317600.000000 0.888718 1317600.000000 0.888718 0.974898 0.000000 0 
#Generacion: 4500 
#Distancia: 265.405859 
1037760.000000 1.312060 1037760.000000 1.312060 0.993805 0.000000 0 
1808160.000000 0.794627 1808160.000000 0.794627 0.980127 0.000000 0 
1054560.000000 1.234009 1054560.000000 1.234009 0.999896 0.000000 0 
1050240.000000 1.252156 1050240.000000 1.252156 0.994070 0.000000 0 
1080480.000000 1.114609 1080480.000000 1.114609 0.995569 0.000000 0 
1059120.000000 1.177987 1059120.000000 1.177987 0.999445 0.000000 0 
1092000.000000 1.078882 1092000.000000 1.078882 0.999108 0.000000 0 
1079040.000000 1.129699 1079040.000000 1.129699 0.998998 0.000000 0 
1118640.000000 1.001157 1118640.000000 1.001157 0.993447 0.000000 0 
1065360.000000 1.167569 1065360.000000 1.167569 0.998436 0.000000 0 
1207680.000000 0.928280 1207680.000000 0.928280 0.996712 0.000000 0 
1115040.000000 1.028402 1115040.000000 1.028402 0.988920 0.000000 0 
1102080.000000 1.046805 1102080.000000 1.046805 0.992208 0.000000 0 
1073280.000000 1.153458 1073280.000000 1.153458 0.998723 0.000000 0 
1672800.000000 0.804041 1672800.000000 0.804041 0.986611 0.000000 0 
1485840.000000 0.832872 1485840.000000 0.832872 0.986527 0.000000 0 
1096560.000000 1.062005 1096560.000000 1.062005 0.986669 0.000000 0 
1704720.000000 0.803744 1704720.000000 0.803744 0.997186 0.000000 0 
1219200.000000 0.919434 1219200.000000 0.919434 0.994364 0.000000 0 
1389600.000000 0.859081 1389600.000000 0.859081 0.995685 0.000000 0 
1284960.000000 0.894961 1284960.000000 0.894961 0.977370 0.000000 0 
1341600.000000 0.874229 1341600.000000 0.874229 0.997697 0.000000 0 
1144080.000000 0.986768 1144080.000000 0.986768 0.986918 0.000000 0 
1370400.000000 0.861051 1370400.000000 0.861051 0.966514 0.000000 0 
1263840.000000 0.897871 1263840.000000 0.897871 0.983586 0.000000 0 
1050240.000000 1.252156 1050240.000000 1.252156 0.994070 0.000000 0 
1237200.000000 0.910487 1237200.000000 0.910487 0.987874 0.000000 0 
1419360.000000 0.852250 1419360.000000 0.852250 0.970914 0.000000 0 
1518240.000000 0.826949 1518240.000000 0.826949 0.999300 0.000000 0 
1139760.000000 0.998988 1139760.000000 0.998988 0.984874 0.000000 0 
1147920.000000 0.981676 1147920.000000 0.981676 0.989174 0.000000 0 
1332240.000000 0.878661 1332240.000000 0.878661 0.999300 0.000000 0 
1363200.000000 0.864099 1363200.000000 0.864099 0.990165 0.000000 0 
1096320.000000 1.067635 1096320.000000 1.067635 0.985347 0.000000 0 
1769760.000000 0.797386 1769760.000000 0.797386 0.987132 0.000000 0 
1182480.000000 0.955944 1182480.000000 0.955944 0.982859 0.000000 0 
1073280.000000 1.153458 1073280.000000 1.153458 0.998723 0.000000 0 
1302000.000000 0.886583 1302000.000000 0.886583 0.991730 0.000000 0 
1757280.000000 0.798661 1757280.000000 0.798661 0.994064 0.000000 0 
1206240.000000 0.942512 1206240.000000 0.942512 0.989354 0.000000 0 
1312560.000000 0.883475 1312560.000000 0.883475 0.986815 0.000000 0 
1575840.000000 0.817707 1575840.000000 0.817707 0.989366 0.000000 0 
1788960.000000 0.796058 1788960.000000 0.796058 0.994637 0.000000 0 
1166640.000000 0.969095 1166640.000000 0.969095 0.989022 0.000000 0 
1449120.000000 0.839537 1449120.000000 0.839537 0.991845 0.000000 0 
1595280.000000 0.814151 1595280.000000 0.814151 0.984297 0.000000 0 
1744800.000000 0.799710 1744800.000000 0.799710 0.995265 0.000000 0 
1558320.000000 0.818156 1558320.000000 0.818156 0.994252 0.000000 0 
1322160.000000 0.881187 1322160.000000 0.881187 0.996205 0.000000 0 
1407120.000000 0.853362 1407120.000000 0.853362 0.972564 0.000000 0 
1162080.000000 0.978517 1162080.000000 0.978517 0.992014 0.000000 0 
1650480.000000 0.809447 1650480.000000 0.809447 0.999887 0.000000 0 
1398480.000000 0.856185 1398480.000000 0.856185 0.990815 0.000000 0 
1172640.000000 0.962004 1172640.000000 0.962004 0.988600 0.000000 0 
1638960.000000 0.809785 1638960.000000 0.809785 0.983004 0.000000 0 
1582320.000000 0.815621 1582320.000000 0.815621 0.998409 0.000000 0 
1262880.000000 0.901289 1262880.000000 0.901289 0.992852 0.000000 0 
1658160.000000 0.805060 1658160.000000 0.805060 0.988735 0.000000 0 
1424400.000000 0.844185 1424400.000000 0.844185 0.988489 0.000000 0 
1133520.000000 1.000302 1133520.000000 1.000302 0.988507 0.000000 0 
1438560.000000 0.842361 1438560.000000 0.842361 0.972926 0.000000 0 
1474800.000000 0.836397 1474800.000000 0.836397 0.976390 0.000000 0 
1110720.000000 1.034335 1110720.000000 1.034335 0.999843 0.000000 0 
1734240.000000 0.801360 1734240.000000 0.801360 0.991281 0.000000 0 
1555440.000000 0.822055 1555440.000000 0.822055 0.977364 0.000000 0 
1525920.000000 0.825066 1525920.000000 0.825066 0.988741 0.000000 0 
1459680.000000 0.838068 1459680.000000 0.838068 0.991489 0.000000 0 
1059120.000000 1.177987 1059120.000000 1.177987 0.999445 0.000000 0 
1541280.000000 0.822529 1541280.000000 0.822529 0.994202 0.000000 0 
1808160.000000 0.794627 1808160.000000 0.794627 0.980127 0.000000 0 
1784160.000000 0.797024 1784160.000000 0.797024 0.982465 0.000000 0 
1223520.000000 0.914949 1223520.000000 0.914949 0.984274 0.000000 0 
1258080.000000 0.910426 1258080.000000 0.910426 0.990634 0.000000 0 
1504800.000000 0.831652 1504800.000000 0.831652 0.994577 0.000000 0 
1504800.000000 0.831652 1504800.000000 0.831652 0.994577 0.000000 0 
1228560.000000 0.911519 1228560.000000 0.911519 0.992538 0.000000 0 
1605360.000000 0.812741 1605360.000000 0.812741 0.982321 0.000000 0 
1300320.000000 0.894412 1300320.000000 0.894412 0.993618 0.000000 0 
1626480.000000 0.810019 1626480.000000 0.810019 0.998626 0.000000 0 
1198560.000000 0.945502 1198560.000000 0.945502 0.990870 0.000000 0 
1536480.000000 0.823805 1536480.000000 0.823805 0.984930 0.000000 0 
1187040.000000 0.946337 1187040.000000 0.946337 0.991028 0.000000 0 
1172880.000000 0.956342 1172880.000000 0.956342 0.984474 0.000000 0 
1353600.000000 0.869728 1353600.000000 0.869728 0.988050 0.000000 0 
1163520.000000 0.974361 1163520.000000 0.974361 0.997451 0.000000 0 
1258080.000000 0.910426 1258080.000000 0.910426 0.990634 0.000000 0 
1719600.000000 0.802315 1719600.000000 0.802315 0.990459 0.000000 0 
1613040.000000 0.812499 1613040.000000 0.812499 0.980163 0.000000 0 
1353600.000000 0.869728 1353600.000000 0.869728 0.988050 0.000000 0 
1468320.000000 0.837312 1468320.000000 0.837312 0.994134 0.000000 0 
1622400.000000 0.812075 1622400.000000 0.812075 0.984397 0.000000 0 
1707120.000000 0.802642 1707120.000000 0.802642 0.991797 0.000000 0 
1431120.000000 0.843789 1431120.000000 0.843789 0.987650 0.000000 0 
1293600.000000 0.894453 1293600.000000 0.894453 0.977710 0.000000 0 
1667760.000000 0.804655 1667760.000000 0.804655 0.984097 0.000000 0 
1724640.000000 0.802075 1724640.000000 0.802075 0.987431 0.000000 0 
1107120.000000 1.041056 1107120.000000 1.041056 0.986841 0.000000 0 
1107120.000000 1.041056 1107120.000000 1.041056 0.986841 0.000000 0 
1114080.000000 1.029586 1114080.000000 1.029586 0.991684 0.000000 0 
1187040.000000 0.946337 1187040.000000 0.946337 0.991028 0.000000 0 
#Generacion: 5000 
#Distancia: 265.987475 
