41270538.575402 39435980.441885 1834560.000000 1.866483 4.943598 39435978.575402 14 
48760650.875988 46593212.149064 2167440.000000 1.273075 5.659321 46593210.875988 33 
54172930.101985 52251251.433389 1921680.000000 1.331404 6.225125 52251250.101985 52 
82733318.105660 80865639.939213 1867680.000000 1.833553 9.086564 80865638.105660 76 
77054274851738.109375 77054272858539.562500 1993200.000000 1.452282 7705428.285854 77054272858538.109375 87 
54873861.870073 52772664.347362 2101200.000000 2.477289 6.277266 52772661.870073 54 
49150113.108207 47272594.434732 1877520.000000 1.326525 5.727259 47272593.108207 36 
89676470.506062 87855833.128345 1820640.000000 2.622283 9.785583 87855830.506062 77 
48914128.957902 46867650.608269 2046480.000000 1.650367 5.686765 46867648.957902 35 
59265816.601242 57427658.282410 1838160.000000 1.681168 6.742766 57427656.601242 61 
54347214.267673 52445215.976462 1902000.000000 1.708789 6.244521 52445214.267673 53 
64659976911384.265625 64659975172825.523438 1738560.000000 1.253952 6465998.517282 64659975172824.265625 86 
52538381.234023 50370222.441210 2168160.000000 1.207187 6.037022 50370221.234023 46 
60462161.552058 58529203.841813 1932960.000000 2.289755 6.852920 58529201.552058 64 
26504738.665244 24403540.687699 2101200.000000 2.022454 3.440354 24403538.665244 6 
68308134.120068 66111175.663906 2196960.000000 1.543837 7.611117 66111174.120068 71 
50332469.069423 48375030.830709 1957440.000000 1.761286 5.837503 48375029.069423 41 
29237613126343.636719 29237611134825.769531 1991520.000000 2.131432 2923762.113482 29237611134823.636719 81 
278048949826757.656250 278048947735878.906250 2090880.000000 1.241458 27804895.773588 278048947735877.656250 91 
41142060.152831 39153181.751321 1988880.000000 1.598490 4.915318 39153180.152831 13 
43929795.987254 41693957.264668 2235840.000000 1.277414 5.169396 41693955.987254 20 
60120130.746406 58124052.722463 1996080.000000 1.976057 6.812405 58124050.746406 63 
112861935089788.406250 112861933120589.937500 1969200.000000 1.523667 11286194.312059 112861933120588.406250 89 
32136800.953751 30178882.450878 1957920.000000 1.497127 4.017888 30178880.953751 8 
46195000.212430 44045081.593979 2149920.000000 1.381549 5.404508 44045080.212430 24 
76803624.130306 74718745.611068 2084880.000000 1.480762 8.471874 74718744.130306 74 
33357257.027005 31114938.311717 2242320.000000 1.284712 4.111494 31114937.027005 9 
44384660.447252 42318502.097971 2066160.000000 1.650719 5.231850 42318500.447252 22 
77334296.558189 75335338.739749 1998960.000000 2.181561 8.533534 75335336.558189 75 
57852041.814379 56023244.346679 1828800.000000 2.532300 6.602324 56023241.814379 60 
57249919.372208 55356081.396592 1893840.000000 2.024384 6.535608 55356079.372208 59 
60627704.656097 58572346.158367 2055360.000000 1.502270 6.857234 58572344.656097 65 
52074461.854006 50010463.334843 2064000.000000 1.480837 6.001046 50010461.854006 45 
48454077.721833 46387919.409436 2066160.000000 1.687603 5.638792 46387917.721833 32 
44120708.312835 42070870.632312 2049840.000000 2.319477 5.207087 42070868.312835 21 
56860194.066493 55034997.063400 1825200.000000 2.996907 6.503499 55034994.066493 58 
42385167.190566 40197808.549372 2187360.000000 1.358805 5.019781 40197807.190566 15 
47420170.598490 45539291.859682 1880880.000000 1.261192 5.553929 45539290.598490 27 
49887946.032030 47786987.949673 2100960.000000 1.917643 5.778699 47786986.032030 39 
210037114378498.593750 210037112274179.718750 2104320.000000 1.128541 21003712.227418 210037112274178.593750 90 
71852015.858405 70024657.720963 1827360.000000 1.862558 8.002466 70024655.858405 73 
49968465.492842 48057586.754527 1910880.000000 1.261684 5.805759 48057585.492842 40 
60033068.701132 58006510.042449 2026560.000000 1.341317 6.800651 58006508.701132 62 
42505968.997983 40507970.426926 1998000.000000 1.428943 5.050797 40507968.997983 17 
37862310384116.726562 37862308250278.781250 2133840.000000 2.052121 3786231.825028 37862308250276.726562 83 
51046769.194277 49031250.407303 2015520.000000 1.213026 5.903125 49031249.194277 43 
47961192.274481 45925273.864359 2035920.000000 1.589878 5.592527 45925272.274481 29 
25944962.426886 23882644.136960 2062320.000000 1.710073 3.388264 23882642.426886 5 
62719302.774180 60692984.677134 2026320.000000 1.902954 7.069298 60692982.774180 66 
16237495813946.169922 16237493804187.687500 2009760.000000 1.516648 1623750.380419 16237493804186.169922 79 
55471993.242884 53483595.015886 1988400.000000 1.773002 6.348359 53483593.242884 55 
91749189.626585 89745672.193256 2003520.000000 2.566671 9.974567 89745669.626585 78 
22941831.688220 20660873.110089 2280960.000000 1.421869 3.066087 20660871.688220 2 
50032864.275504 47969105.676787 2063760.000000 1.401283 5.796910 47969104.275504 40 
64676434.565630 62705557.168031 1970880.000000 2.602401 7.270555 62705554.565630 68 
49872272.302976 47682753.900033 2189520.000000 1.597057 5.768275 47682752.302976 38 
36717929.599090 34604491.517619 2113440.000000 1.918530 4.460449 34604489.599090 10 
43521223.744299 41532585.085227 1988640.000000 1.340928 5.153258 41532583.744299 19 
88533158315042.593750 88533156220803.953125 2094240.000000 1.358875 8853316.622080 88533156220802.593750 88 
52939394.717022 50720116.256096 2219280.000000 1.539074 6.072011 50720114.717022 48 
49686881.324222 47637522.952843 2049360.000000 1.628621 5.763752 47637521.324222 37 
48265813.395095 46206614.714300 2059200.000000 1.319205 5.620661 46206613.395095 31 
62812123.772734 60716445.136000 2095680.000000 1.363266 7.071644 60716443.772734 67 
55793589.621826 53827031.142663 1966560.000000 1.520837 6.382703 53827029.621826 57 
46800803.969394 44836405.619662 1964400.000000 1.650268 5.483640 44836403.969394 26 
48875289.010006 46836731.075880 2038560.000000 2.065874 5.683673 46836729.010006 34 
47670279.540222 45597401.247775 2072880.000000 1.707553 5.559740 45597399.540222 28 
37641659.926628 35692381.585016 1949280.000000 1.658388 4.569238 35692379.926628 11 
51745872.075169 49834993.796719 1910880.000000 1.721550 5.983499 49834992.075169 44 
46014276.735645 44198198.252441 1816080.000000 1.516796 5.419820 44198196.735645 24 
52643100.466676 50593982.145495 2049120.000000 1.678819 6.059398 50593980.466676 47 
31483037.412220 29365999.186587 2117040.000000 1.774368 3.936600 29365997.412220 7 
70598823.275048 68541305.369163 2057520.000000 2.094115 7.854130 68541303.275048 72 
49830526.071131 47587967.448256 2242560.000000 1.377125 5.758797 47587966.071131 37 
39236609.366968 37192771.258811 2043840.000000 1.891843 4.719277 37192769.366968 12 
46299187.438067 44350389.004190 1948800.000000 1.566124 5.435039 44350387.438067 25 
23477378.922234 21460180.204261 2017200.000000 1.282027 3.146018 21460178.922234 3 
55728046.309196 53815968.188432 1912080.000000 1.879236 6.381597 53815966.309196 56 
44652833.008169 42593634.526984 2059200.000000 1.518815 5.259363 42593633.008169 23 
50574697.510819 48582458.955631 1992240.000000 1.444813 5.858246 48582457.510819 42 
66450981.298819 64497863.086721 1953120.000000 1.787902 7.449786 64497861.298819 70 
25535446239950.050781 25535444168512.003906 2071440.000000 1.953499 2553545.416851 25535444168510.050781 80 
53424138.964189 51293420.215070 2130720.000000 1.250881 6.129342 51293418.964189 50 
48048260.172980 45953542.162741 2094720.000000 1.989760 5.595354 45953540.172980 30 
53256978.658664 51072260.930367 2184720.000000 2.271704 6.107226 51072258.658664 49 
64601279.011994 62722561.077476 1878720.000000 2.065483 7.272256 62722559.011994 68 
52440262.972153 50473944.334991 1966320.000000 1.362838 6.047394 50473942.972153 46 
49259134.851953 47197536.322507 2061600.000000 1.470554 5.719753 47197534.851953 36 
65699499.344197 63880060.827857 1819440.000000 1.483660 7.388006 63880059.344197 69 
48452281.280052 46439883.427962 2012400.000000 2.147910 5.643988 46439881.280052 32 
21254752.984428 19370034.502628 1884720.000000 1.518200 2.937003 19370032.984428 1 
53766958.999540 51828480.976430 1938480.000000 1.976890 6.182848 51828478.999540 51 
43313622.108807 41438504.432541 1875120.000000 2.323734 5.143850 41438502.108807 18 
42409223.032399 40439544.611492 1969680.000000 1.579093 5.043954 40439543.032399 16 
60165425039543.195312 60165423056904.664062 1982640.000000 1.469699 6016543.305690 60165423056903.195312 85 
20926208.462817 18623169.762550 2303040.000000 1.299733 2.862317 18623168.462817 0 
54100583470983.679688 54100581172744.851562 2298240.000000 1.170291 5410059.117274 54100581172743.679688 84 
34973246874836.667969 34973244751798.246094 2123040.000000 1.577829 3497325.475180 34973244751796.667969 82 
51996565.149546 50028086.253882 1968480.000000 1.104336 6.002809 50028085.149546 45 
24703227.902595 22805549.546115 1897680.000000 1.643520 3.280555 22805547.902595 4 
#Generacion: 1 
#Distancia: 788.465556 
1507440.000000 0.876919 1507440.000000 0.876919 0.987555 0.000000 0 
1745040.000000 0.834990 1745040.000000 0.834990 0.991321 0.000000 0 
1745040.000000 0.834990 1745040.000000 0.834990 0.991321 0.000000 0 
1768800.000000 0.829808 1768800.000000 0.829808 0.977545 0.000000 0 
1649280.000000 0.844782 1649280.000000 0.844782 0.997293 0.000000 0 
1642560.000000 0.846645 1642560.000000 0.846645 0.994778 0.000000 0 
1500480.000000 0.882834 1500480.000000 0.882834 0.986902 0.000000 0 
1571280.000000 0.862792 1571280.000000 0.862792 0.991200 0.000000 0 
1709280.000000 0.836731 1709280.000000 0.836731 0.975683 0.000000 0 
1415280.000000 0.904883 1415280.000000 0.904883 0.977172 0.000000 0 
1617600.000000 0.850003 1617600.000000 0.850003 0.998898 0.000000 0 
1643280.000000 0.846320 1643280.000000 0.846320 0.998539 0.000000 0 
1571520.000000 0.858984 1571520.000000 0.858984 0.987849 0.000000 0 
1547280.000000 0.867289 1547280.000000 0.867289 0.997585 0.000000 0 
1608240.000000 0.851503 1608240.000000 0.851503 0.978126 0.000000 0 
1678080.000000 0.844598 1678080.000000 0.844598 0.997707 0.000000 0 
1406880.000000 0.916318 1406880.000000 0.916318 0.972130 0.000000 0 
1377840.000000 0.946390 1377840.000000 0.946390 0.996407 0.000000 0 
1626240.000000 0.846910 1626240.000000 0.846910 0.992136 0.000000 0 
1603200.000000 0.851592 1603200.000000 0.851592 0.977627 0.000000 0 
1561440.000000 0.863165 1561440.000000 0.863165 0.998125 0.000000 0 
1790160.000000 0.824818 1790160.000000 0.824818 0.987357 0.000000 0 
1449360.000000 0.885285 1449360.000000 0.885285 0.981751 0.000000 0 
1356480.000000 0.991534 1356480.000000 0.991534 0.994783 0.000000 0 
1809360.000000 0.823938 1809360.000000 0.823938 0.987150 0.000000 0 
1503120.000000 0.881535 1503120.000000 0.881535 0.997861 0.000000 0 
1722480.000000 0.835279 1722480.000000 0.835279 0.988798 0.000000 0 
1518720.000000 0.870131 1518720.000000 0.870131 0.996609 0.000000 0 
1643280.000000 0.846320 1643280.000000 0.846320 0.998539 0.000000 0 
1397760.000000 0.931604 1397760.000000 0.931604 0.980503 0.000000 0 
1434480.000000 0.903053 1434480.000000 0.903053 0.977303 0.000000 0 
1588560.000000 0.851602 1588560.000000 0.851602 0.987527 0.000000 0 
1438800.000000 0.888859 1438800.000000 0.888859 0.968135 0.000000 0 
1366560.000000 0.959987 1366560.000000 0.959987 0.999979 0.000000 0 
1722480.000000 0.835279 1722480.000000 0.835279 0.988798 0.000000 0 
1787280.000000 0.829628 1787280.000000 0.829628 0.982804 0.000000 0 
1679760.000000 0.838136 1679760.000000 0.838136 0.977294 0.000000 0 
1776960.000000 0.835217 1776960.000000 0.835217 0.982785 0.000000 1 
1776960.000000 0.835217 1776960.000000 0.835217 0.982785 0.000000 1 
1654320.000000 0.845406 1654320.000000 0.845406 0.986283 0.000000 1 
1429680.000000 0.908693 1429680.000000 0.908693 0.962393 0.000000 1 
1417920.000000 0.911344 1417920.000000 0.911344 0.971580 0.000000 1 
1415520.000000 0.915846 1415520.000000 0.915846 0.976032 0.000000 1 
1417200.000000 0.912224 1417200.000000 0.912224 0.976406 0.000000 1 
1572000.000000 0.861220 1572000.000000 0.861220 0.990239 0.000000 1 
1579680.000000 0.860202 1579680.000000 0.860202 0.993004 0.000000 1 
1560000.000000 0.868566 1560000.000000 0.868566 0.987991 0.000000 1 
1413360.000000 0.917226 1413360.000000 0.917226 0.984974 0.000000 1 
1378800.000000 0.946524 1378800.000000 0.946524 0.996081 0.000000 1 
1634160.000000 0.851470 1634160.000000 0.851470 0.985629 0.000000 1 
1563120.000000 0.866592 1563120.000000 0.866592 0.999466 0.000000 1 
1564080.000000 0.865545 1564080.000000 0.865545 0.997471 0.000000 1 
1494480.000000 0.885892 1494480.000000 0.885892 0.999362 0.000000 1 
1457520.000000 0.886747 1457520.000000 0.886747 0.981412 0.000000 1 
1833600.000000 0.825472 1833600.000000 0.825472 0.999515 0.000000 1 
1824240.000000 0.827196 1824240.000000 0.827196 0.977304 0.000000 1 
1507920.000000 0.885636 1507920.000000 0.885636 0.987309 0.000000 1 
1524480.000000 0.872001 1524480.000000 0.872001 0.984714 0.000000 1 
1519680.000000 0.881462 1519680.000000 0.881462 0.996201 0.000000 1 
1554480.000000 0.870940 1554480.000000 0.870940 0.980225 0.000000 1 
1553040.000000 0.871024 1553040.000000 0.871024 0.967435 0.000000 1 
1651440.000000 0.847298 1651440.000000 0.847298 0.972540 0.000000 1 
1402080.000000 0.941606 1402080.000000 0.941606 0.992144 0.000000 1 
1404960.000000 0.941447 1404960.000000 0.941447 0.988396 0.000000 1 
1402080.000000 0.941606 1402080.000000 0.941606 0.992144 0.000000 1 
1402080.000000 0.941606 1402080.000000 0.941606 0.992144 0.000000 1 
1600560.000000 0.851824 1600560.000000 0.851824 0.959241 0.000000 1 
1442160.000000 0.898620 1442160.000000 0.898620 0.984999 0.000000 1 
1442160.000000 0.898620 1442160.000000 0.898620 0.984999 0.000000 1 
1441200.000000 0.903714 1441200.000000 0.903714 0.970749 0.000000 1 
1438800.000000 0.907924 1438800.000000 0.907924 0.990469 0.000000 1 
1438800.000000 0.907924 1438800.000000 0.907924 0.990469 0.000000 1 
1370160.000000 0.978319 1370160.000000 0.978319 0.995193 0.000000 1 
1377600.000000 0.964263 1377600.000000 0.964263 0.989593 0.000000 1 
1370160.000000 0.978319 1370160.000000 0.978319 0.995193 0.000000 1 
1377600.000000 0.964263 1377600.000000 0.964263 0.989593 0.000000 1 
1370160.000000 0.978319 1370160.000000 0.978319 0.995193 0.000000 1 
1370160.000000 0.978319 1370160.000000 0.978319 0.995193 0.000000 1 
1369920.000000 0.998401 1369920.000000 0.998401 0.991334 0.000000 1 
1725120.000000 0.836622 1725120.000000 0.836622 0.981607 0.000000 1 
1728480.000000 0.836391 1728480.000000 0.836391 0.985703 0.000000 1 
1788480.000000 0.833426 1788480.000000 0.833426 0.982678 0.000000 1 
1788480.000000 0.833426 1788480.000000 0.833426 0.982678 0.000000 1 
1799040.000000 0.832825 1799040.000000 0.832825 0.983893 0.000000 1 
1811760.000000 0.829771 1811760.000000 0.829771 0.977080 0.000000 1 
1683120.000000 0.843700 1683120.000000 0.843700 0.992868 0.000000 1 
1698960.000000 0.841341 1698960.000000 0.841341 0.980848 0.000000 1 
1686000.000000 0.842728 1686000.000000 0.842728 0.987258 0.000000 1 
1712640.000000 0.838253 1712640.000000 0.838253 0.991877 0.000000 1 
1681200.000000 0.845032 1681200.000000 0.845032 0.968493 0.000000 1 
1378080.000000 0.976690 1378080.000000 0.976690 0.997326 0.000000 2 
1403040.000000 0.941929 1403040.000000 0.941929 0.992279 0.000000 2 
1370160.000000 0.989400 1370160.000000 0.989400 0.998982 0.000000 2 
1584720.000000 0.860339 1584720.000000 0.860339 0.997247 0.000000 2 
1453680.000000 0.903129 1453680.000000 0.903129 0.971535 0.000000 2 
1476240.000000 0.887025 1476240.000000 0.887025 0.998257 0.000000 2 
1375200.000000 0.979922 1375200.000000 0.979922 0.994334 0.000000 2 
1467360.000000 0.893766 1467360.000000 0.893766 0.970569 0.000000 2 
1704480.000000 0.842336 1704480.000000 0.842336 0.991129 0.000000 2 
1689840.000000 0.843725 1689840.000000 0.843725 0.966798 0.000000 2 
#Generacion: 500 
#Distancia: 273.129394 
1926720.000000 0.810332 1926720.000000 0.810332 0.980368 0.000000 0 
1257120.000000 1.010483 1257120.000000 1.010483 0.985449 0.000000 0 
1260000.000000 0.979102 1260000.000000 0.979102 0.988254 0.000000 0 
1305840.000000 0.939746 1305840.000000 0.939746 0.994926 0.000000 0 
1299120.000000 0.950608 1299120.000000 0.950608 0.991211 0.000000 0 
1308240.000000 0.923905 1308240.000000 0.923905 0.992939 0.000000 0 
1276560.000000 0.971390 1276560.000000 0.971390 0.990166 0.000000 0 
1385520.000000 0.889140 1385520.000000 0.889140 0.996531 0.000000 0 
1425360.000000 0.875219 1425360.000000 0.875219 0.998647 0.000000 0 
1607040.000000 0.834915 1607040.000000 0.834915 0.994349 0.000000 0 
1882080.000000 0.810562 1882080.000000 0.810562 0.987348 0.000000 0 
1559040.000000 0.843833 1559040.000000 0.843833 0.997639 0.000000 0 
1512000.000000 0.853016 1512000.000000 0.853016 0.997204 0.000000 0 
1915200.000000 0.810544 1915200.000000 0.810544 0.988827 0.000000 0 
1502160.000000 0.857065 1502160.000000 0.857065 0.994890 0.000000 0 
1855200.000000 0.812087 1855200.000000 0.812087 0.991342 0.000000 0 
1751760.000000 0.818004 1751760.000000 0.818004 0.987890 0.000000 0 
1268640.000000 0.979030 1268640.000000 0.979030 0.976746 0.000000 0 
1481760.000000 0.861077 1481760.000000 0.861077 0.997630 0.000000 0 
1833840.000000 0.812214 1833840.000000 0.812214 0.976881 0.000000 0 
1592640.000000 0.841736 1592640.000000 0.841736 0.991531 0.000000 0 
1327440.000000 0.918528 1327440.000000 0.918528 0.993049 0.000000 0 
1353600.000000 0.902834 1353600.000000 0.902834 0.989507 0.000000 0 
1320480.000000 0.921400 1320480.000000 0.921400 0.993713 0.000000 0 
1275840.000000 0.973812 1275840.000000 0.973812 0.993494 0.000000 0 
1381200.000000 0.896313 1381200.000000 0.896313 0.993799 0.000000 0 
1722240.000000 0.823008 1722240.000000 0.823008 0.988016 0.000000 0 
1439040.000000 0.874397 1439040.000000 0.874397 0.994218 0.000000 0 
1370640.000000 0.897432 1370640.000000 0.897432 0.994203 0.000000 0 
1382640.000000 0.891799 1382640.000000 0.891799 0.999397 0.000000 0 
1694160.000000 0.827505 1694160.000000 0.827505 0.987385 0.000000 0 
1571520.000000 0.841911 1571520.000000 0.841911 0.996487 0.000000 0 
1780560.000000 0.816808 1780560.000000 0.816808 0.984332 0.000000 0 
1821600.000000 0.813812 1821600.000000 0.813812 0.999547 0.000000 0 
1338480.000000 0.911755 1338480.000000 0.911755 0.991764 0.000000 0 
1699920.000000 0.824356 1699920.000000 0.824356 0.991035 0.000000 0 
1748880.000000 0.822027 1748880.000000 0.822027 0.991549 0.000000 0 
1768800.000000 0.817954 1768800.000000 0.817954 0.979528 0.000000 0 
1603200.000000 0.836570 1603200.000000 0.836570 0.996797 0.000000 0 
1545600.000000 0.846390 1545600.000000 0.846390 0.996020 0.000000 0 
1488480.000000 0.858951 1488480.000000 0.858951 0.998779 0.000000 0 
1349520.000000 0.908751 1349520.000000 0.908751 0.991609 0.000000 0 
1708800.000000 0.823865 1708800.000000 0.823865 0.991498 0.000000 0 
1741440.000000 0.822093 1741440.000000 0.822093 0.988554 0.000000 0 
1340400.000000 0.909338 1340400.000000 0.909338 0.989986 0.000000 0 
1313280.000000 0.923735 1313280.000000 0.923735 0.992715 0.000000 0 
1787280.000000 0.815705 1787280.000000 0.815705 0.996760 0.000000 0 
1494240.000000 0.858155 1494240.000000 0.858155 0.998287 0.000000 0 
1440720.000000 0.872193 1440720.000000 0.872193 0.996094 0.000000 0 
1543200.000000 0.849411 1543200.000000 0.849411 0.991237 0.000000 0 
1571520.000000 0.841911 1571520.000000 0.841911 0.996487 0.000000 0 
1599600.000000 0.839991 1599600.000000 0.839991 0.998981 0.000000 0 
1450320.000000 0.871624 1450320.000000 0.871624 0.992610 0.000000 0 
1532160.000000 0.850226 1532160.000000 0.850226 0.996045 0.000000 0 
1830480.000000 0.813588 1830480.000000 0.813588 0.993455 0.000000 0 
1522560.000000 0.850780 1522560.000000 0.850780 0.996457 0.000000 0 
1811040.000000 0.814095 1811040.000000 0.814095 0.995045 0.000000 0 
1874640.000000 0.811593 1874640.000000 0.811593 0.988321 0.000000 0 
1425360.000000 0.875219 1425360.000000 0.875219 0.998647 0.000000 0 
1795920.000000 0.815550 1795920.000000 0.815550 0.996561 0.000000 0 
1336320.000000 0.916619 1336320.000000 0.916619 0.986063 0.000000 0 
1680720.000000 0.830257 1680720.000000 0.830257 0.993349 0.000000 0 
1770960.000000 0.817590 1770960.000000 0.817590 0.972002 0.000000 0 
1337760.000000 0.916516 1337760.000000 0.916516 0.996302 0.000000 0 
1801680.000000 0.815261 1801680.000000 0.815261 0.984067 0.000000 0 
1688400.000000 0.828509 1688400.000000 0.828509 0.997480 0.000000 0 
1537440.000000 0.850210 1537440.000000 0.850210 0.990889 0.000000 0 
1808880.000000 0.815148 1808880.000000 0.815148 0.994577 0.000000 0 
1862880.000000 0.811768 1862880.000000 0.811768 0.982684 0.000000 0 
1686480.000000 0.829921 1686480.000000 0.829921 0.994246 0.000000 0 
1915200.000000 0.810544 1915200.000000 0.810544 0.988827 0.000000 0 
1596960.000000 0.840913 1596960.000000 0.840913 0.989119 0.000000 0 
1362720.000000 0.901859 1362720.000000 0.901859 0.990888 0.000000 0 
1731840.000000 0.822667 1731840.000000 0.822667 0.987410 0.000000 0 
1450320.000000 0.871624 1450320.000000 0.871624 0.992610 0.000000 0 
1368480.000000 0.900310 1368480.000000 0.900310 0.991414 0.000000 0 
1522560.000000 0.850780 1522560.000000 0.850780 0.996457 0.000000 0 
1349520.000000 0.908751 1349520.000000 0.908751 0.991609 0.000000 0 
1731840.000000 0.822667 1731840.000000 0.822667 0.987410 0.000000 0 
1706640.000000 0.824260 1706640.000000 0.824260 0.990201 0.000000 0 
1876320.000000 0.810829 1876320.000000 0.810829 0.986964 0.000000 0 
1545600.000000 0.846390 1545600.000000 0.846390 0.996020 0.000000 0 
1367040.000000 0.900394 1367040.000000 0.900394 0.984799 0.000000 0 
1360320.000000 0.901961 1360320.000000 0.901961 0.989738 0.000000 0 
1833840.000000 0.812214 1833840.000000 0.812214 0.976881 0.000000 0 
1456320.000000 0.866560 1456320.000000 0.866560 0.995174 0.000000 0 
1230720.000000 1.036709 1230720.000000 1.036709 0.995302 0.000000 0 
1400400.000000 0.880878 1400400.000000 0.880878 0.996277 0.000000 0 
1666080.000000 0.831016 1666080.000000 0.831016 0.999305 0.000000 0 
1254960.000000 1.017641 1254960.000000 1.017641 0.989287 0.000000 0 
1625280.000000 0.832171 1625280.000000 0.832171 0.991760 0.000000 0 
1473840.000000 0.865565 1473840.000000 0.865565 0.996555 0.000000 0 
1281600.000000 0.955210 1281600.000000 0.955210 0.983449 0.000000 0 
1474320.000000 0.865143 1474320.000000 0.865143 0.998200 0.000000 0 
1247280.000000 1.081886 1247280.000000 1.081886 0.999467 0.000000 1 
1288800.000000 0.959238 1288800.000000 0.959238 0.992056 0.000000 1 
1255920.000000 1.018126 1255920.000000 1.018126 0.990432 0.000000 1 
1634160.000000 0.833018 1634160.000000 0.833018 0.996994 0.000000 1 
1477680.000000 0.866197 1477680.000000 0.866197 0.990878 0.000000 1 
1660080.000000 0.832768 1660080.000000 0.832768 0.972409 0.000000 1 
#Generacion: 1000 
#Distancia: 263.440303 
1152960.000000 1.149300 1152960.000000 1.149300 0.996356 0.000000 0 
1969680.000000 0.801236 1969680.000000 0.801236 0.994329 0.000000 0 
1152960.000000 1.149300 1152960.000000 1.149300 0.996356 0.000000 0 
1198080.000000 1.073484 1198080.000000 1.073484 0.996394 0.000000 0 
1211520.000000 0.978517 1211520.000000 0.978517 0.995765 0.000000 0 
1180320.000000 1.095472 1180320.000000 1.095472 0.992912 0.000000 0 
1167600.000000 1.126859 1167600.000000 1.126859 0.996791 0.000000 0 
1252800.000000 0.945742 1252800.000000 0.945742 0.995427 0.000000 0 
1252080.000000 0.952985 1252080.000000 0.952985 0.998529 0.000000 0 
1273440.000000 0.937025 1273440.000000 0.937025 0.986815 0.000000 0 
1440720.000000 0.864685 1440720.000000 0.864685 0.979862 0.000000 0 
1934640.000000 0.803279 1934640.000000 0.803279 0.966711 0.000000 0 
1169520.000000 1.126550 1169520.000000 1.126550 0.998663 0.000000 0 
1181040.000000 1.082487 1181040.000000 1.082487 0.996466 0.000000 0 
1251600.000000 0.967866 1251600.000000 0.967866 0.987478 0.000000 0 
1177440.000000 1.111866 1177440.000000 1.111866 0.998006 0.000000 0 
1859760.000000 0.804843 1859760.000000 0.804843 0.990565 0.000000 0 
1177440.000000 1.111866 1177440.000000 1.111866 0.998006 0.000000 0 
1889520.000000 0.804800 1889520.000000 0.804800 0.984528 0.000000 0 
1902000.000000 0.803709 1902000.000000 0.803709 0.982598 0.000000 0 
1181760.000000 1.077154 1181760.000000 1.077154 0.986825 0.000000 0 
1589280.000000 0.831042 1589280.000000 0.831042 0.997055 0.000000 0 
1339680.000000 0.899637 1339680.000000 0.899637 0.996466 0.000000 0 
1429200.000000 0.872125 1429200.000000 0.872125 0.998079 0.000000 0 
1351920.000000 0.895036 1351920.000000 0.895036 0.998948 0.000000 0 
1304880.000000 0.916024 1304880.000000 0.916024 0.995848 0.000000 0 
1303680.000000 0.924505 1303680.000000 0.924505 0.987153 0.000000 0 
1664640.000000 0.821643 1664640.000000 0.821643 0.994667 0.000000 0 
1482240.000000 0.857309 1482240.000000 0.857309 0.996515 0.000000 0 
1452480.000000 0.861087 1452480.000000 0.861087 0.998832 0.000000 0 
1648320.000000 0.822390 1648320.000000 0.822390 0.975711 0.000000 0 
1944000.000000 0.802286 1944000.000000 0.802286 0.986686 0.000000 0 
1326000.000000 0.903511 1326000.000000 0.903511 0.997549 0.000000 0 
1526640.000000 0.843593 1526640.000000 0.843593 0.987585 0.000000 0 
1318560.000000 0.908688 1318560.000000 0.908688 0.996992 0.000000 0 
1754880.000000 0.811577 1754880.000000 0.811577 0.995752 0.000000 0 
1770240.000000 0.810888 1770240.000000 0.810888 0.990753 0.000000 0 
1961520.000000 0.802170 1961520.000000 0.802170 0.963456 0.000000 0 
1696320.000000 0.817320 1696320.000000 0.817320 0.994687 0.000000 0 
1804560.000000 0.807399 1804560.000000 0.807399 0.987180 0.000000 0 
1680000.000000 0.817762 1680000.000000 0.817762 0.977252 0.000000 0 
1372560.000000 0.887234 1372560.000000 0.887234 0.986912 0.000000 0 
1621920.000000 0.829074 1621920.000000 0.829074 0.984444 0.000000 0 
1513200.000000 0.845392 1513200.000000 0.845392 0.989834 0.000000 0 
1792320.000000 0.808584 1792320.000000 0.808584 0.996895 0.000000 0 
1572240.000000 0.832582 1572240.000000 0.832582 0.998518 0.000000 0 
1385520.000000 0.884884 1385520.000000 0.884884 0.994724 0.000000 0 
1475520.000000 0.859729 1475520.000000 0.859729 0.998959 0.000000 0 
1227600.000000 0.972449 1227600.000000 0.972449 0.999533 0.000000 0 
1461120.000000 0.859781 1461120.000000 0.859781 0.982053 0.000000 0 
1234560.000000 0.970491 1234560.000000 0.970491 0.991837 0.000000 0 
1735680.000000 0.812521 1735680.000000 0.812521 0.990846 0.000000 0 
1834560.000000 0.806487 1834560.000000 0.806487 0.980331 0.000000 0 
1413840.000000 0.874778 1413840.000000 0.874778 0.990273 0.000000 0 
1503360.000000 0.850942 1503360.000000 0.850942 0.988216 0.000000 0 
1490160.000000 0.852344 1490160.000000 0.852344 0.995082 0.000000 0 
1674720.000000 0.819945 1674720.000000 0.819945 0.984569 0.000000 0 
1285680.000000 0.933210 1285680.000000 0.933210 0.989129 0.000000 0 
1706880.000000 0.814935 1706880.000000 0.814935 0.999341 0.000000 0 
1243200.000000 0.967984 1243200.000000 0.967984 0.996204 0.000000 0 
1506240.000000 0.846434 1506240.000000 0.846434 0.997770 0.000000 0 
1332720.000000 0.902195 1332720.000000 0.902195 0.997599 0.000000 0 
1410960.000000 0.877772 1410960.000000 0.877772 0.997731 0.000000 0 
1629120.000000 0.827135 1629120.000000 0.827135 0.969536 0.000000 0 
1310880.000000 0.913133 1310880.000000 0.913133 0.999244 0.000000 0 
1602720.000000 0.830171 1602720.000000 0.830171 0.990845 0.000000 0 
1606800.000000 0.829208 1606800.000000 0.829208 0.979326 0.000000 0 
1534080.000000 0.842083 1534080.000000 0.842083 0.998351 0.000000 0 
1424400.000000 0.872791 1424400.000000 0.872791 0.995403 0.000000 0 
1400160.000000 0.878397 1400160.000000 0.878397 0.997181 0.000000 0 
1744560.000000 0.812143 1744560.000000 0.812143 0.993352 0.000000 0 
1398000.000000 0.881425 1398000.000000 0.881425 0.992178 0.000000 0 
1542960.000000 0.841344 1542960.000000 0.841344 0.998670 0.000000 0 
1275360.000000 0.933954 1275360.000000 0.933954 0.994539 0.000000 0 
1816320.000000 0.806914 1816320.000000 0.806914 0.983067 0.000000 0 
1388640.000000 0.882583 1388640.000000 0.882583 0.983427 0.000000 0 
1303200.000000 0.929243 1303200.000000 0.929243 0.990559 0.000000 0 
1637520.000000 0.823329 1637520.000000 0.823329 0.973249 0.000000 0 
1359360.000000 0.893052 1359360.000000 0.893052 0.995589 0.000000 0 
1824000.000000 0.806704 1824000.000000 0.806704 0.984656 0.000000 0 
1552320.000000 0.840814 1552320.000000 0.840814 0.962618 0.000000 0 
1368000.000000 0.889027 1368000.000000 0.889027 0.996040 0.000000 0 
1722000.000000 0.813583 1722000.000000 0.813583 0.986091 0.000000 0 
1571280.000000 0.834876 1571280.000000 0.834876 0.998631 0.000000 0 
1315440.000000 0.911216 1315440.000000 0.911216 0.993325 0.000000 0 
1362480.000000 0.890988 1362480.000000 0.890988 0.994575 0.000000 0 
1296480.000000 0.932627 1296480.000000 0.932627 0.984194 0.000000 0 
1560720.000000 0.835464 1560720.000000 0.835464 0.996794 0.000000 0 
1846320.000000 0.805340 1846320.000000 0.805340 0.975383 0.000000 0 
1632720.000000 0.824341 1632720.000000 0.824341 0.968016 0.000000 0 
1495200.000000 0.852302 1495200.000000 0.852302 0.995110 0.000000 0 
1722000.000000 0.813583 1722000.000000 0.813583 0.986091 0.000000 0 
1705920.000000 0.816842 1705920.000000 0.816842 0.976790 0.000000 0 
1784640.000000 0.810416 1784640.000000 0.810416 0.996221 0.000000 0 
1780800.000000 0.810436 1780800.000000 0.810436 0.993841 0.000000 0 
1223040.000000 0.977052 1223040.000000 0.977052 0.996434 0.000000 0 
1898160.000000 0.804178 1898160.000000 0.804178 0.989222 0.000000 0 
1223040.000000 0.977052 1223040.000000 0.977052 0.996434 0.000000 0 
1556400.000000 0.838879 1556400.000000 0.838879 0.995274 0.000000 0 
1298880.000000 0.931144 1298880.000000 0.931144 0.988562 0.000000 0 
#Generacion: 1500 
#Distancia: 290.271717 
1919520.000000 0.798987 1919520.000000 0.798987 0.971489 0.000000 0 
1138800.000000 1.098902 1138800.000000 1.098902 0.995343 0.000000 0 
1157280.000000 1.068013 1157280.000000 1.068013 0.980714 0.000000 0 
1161840.000000 1.018911 1161840.000000 1.018911 0.995865 0.000000 0 
1225920.000000 0.944155 1225920.000000 0.944155 0.998984 0.000000 0 
1221120.000000 0.973419 1221120.000000 0.973419 0.995755 0.000000 0 
1145280.000000 1.073945 1145280.000000 1.073945 0.991620 0.000000 0 
1197360.000000 1.006428 1197360.000000 1.006428 0.992264 0.000000 0 
1201440.000000 0.985783 1201440.000000 0.985783 0.996554 0.000000 0 
1369920.000000 0.875635 1369920.000000 0.875635 0.991389 0.000000 0 
1398000.000000 0.874364 1398000.000000 0.874364 0.997179 0.000000 0 
1872480.000000 0.800260 1872480.000000 0.800260 0.996424 0.000000 0 
1584960.000000 0.828635 1584960.000000 0.828635 0.998035 0.000000 0 
1188720.000000 1.018865 1188720.000000 1.018865 0.998127 0.000000 0 
1274880.000000 0.917810 1274880.000000 0.917810 0.998113 0.000000 0 
1368240.000000 0.884728 1368240.000000 0.884728 0.998074 0.000000 0 
1839360.000000 0.803338 1839360.000000 0.803338 0.975661 0.000000 0 
1603920.000000 0.825282 1603920.000000 0.825282 0.992851 0.000000 0 
1898640.000000 0.799554 1898640.000000 0.799554 0.999971 0.000000 0 
1273680.000000 0.927683 1273680.000000 0.927683 0.991502 0.000000 0 
1772880.000000 0.806480 1772880.000000 0.806480 0.988042 0.000000 0 
1752000.000000 0.807484 1752000.000000 0.807484 0.989507 0.000000 0 
1189680.000000 1.014077 1189680.000000 1.014077 0.993276 0.000000 0 
1207920.000000 0.975808 1207920.000000 0.975808 0.997754 0.000000 0 
1201440.000000 0.985783 1201440.000000 0.985783 0.996554 0.000000 0 
1816320.000000 0.804047 1816320.000000 0.804047 0.981015 0.000000 0 
1320240.000000 0.903731 1320240.000000 0.903731 0.997941 0.000000 0 
1245840.000000 0.930834 1245840.000000 0.930834 0.987905 0.000000 0 
1508160.000000 0.844763 1508160.000000 0.844763 0.994994 0.000000 0 
1482960.000000 0.848478 1482960.000000 0.848478 0.997026 0.000000 0 
1551120.000000 0.833047 1551120.000000 0.833047 0.991582 0.000000 0 
1346880.000000 0.890785 1346880.000000 0.890785 0.996861 0.000000 0 
1327920.000000 0.897694 1327920.000000 0.897694 0.995548 0.000000 0 
1623120.000000 0.824296 1623120.000000 0.824296 0.985737 0.000000 0 
1861440.000000 0.801413 1861440.000000 0.801413 0.985227 0.000000 0 
1472640.000000 0.852584 1472640.000000 0.852584 0.990370 0.000000 0 
1261200.000000 0.930818 1261200.000000 0.930818 0.999547 0.000000 0 
1443360.000000 0.860811 1443360.000000 0.860811 0.989467 0.000000 0 
1192800.000000 1.007641 1192800.000000 1.007641 0.993563 0.000000 0 
1685760.000000 0.814145 1685760.000000 0.814145 0.997267 0.000000 0 
1145280.000000 1.073945 1145280.000000 1.073945 0.991620 0.000000 0 
1675200.000000 0.815375 1675200.000000 0.815375 0.977808 0.000000 0 
1318560.000000 0.908688 1318560.000000 0.908688 0.996992 0.000000 0 
1850160.000000 0.802496 1850160.000000 0.802496 0.987802 0.000000 0 
1161840.000000 1.018911 1161840.000000 1.018911 0.995865 0.000000 0 
1796880.000000 0.804591 1796880.000000 0.804591 0.987540 0.000000 0 
1644240.000000 0.818481 1644240.000000 0.818481 0.988091 0.000000 0 
1663680.000000 0.816177 1663680.000000 0.816177 0.995546 0.000000 0 
1657200.000000 0.818246 1657200.000000 0.818246 0.991187 0.000000 0 
1698240.000000 0.813660 1698240.000000 0.813660 0.999991 0.000000 0 
1410720.000000 0.869938 1410720.000000 0.869938 0.994055 0.000000 0 
1287360.000000 0.917538 1287360.000000 0.917538 0.998238 0.000000 0 
1431120.000000 0.861553 1431120.000000 0.861553 0.995188 0.000000 0 
1405920.000000 0.872655 1405920.000000 0.872655 0.998011 0.000000 0 
1529280.000000 0.839621 1529280.000000 0.839621 0.992465 0.000000 0 
1348560.000000 0.885881 1348560.000000 0.885881 0.991659 0.000000 0 
1298880.000000 0.914534 1298880.000000 0.914534 0.995650 0.000000 0 
1708800.000000 0.813336 1708800.000000 0.813336 0.995789 0.000000 0 
1630080.000000 0.820841 1630080.000000 0.820841 0.998267 0.000000 0 
1416240.000000 0.867083 1416240.000000 0.867083 0.994973 0.000000 0 
1538640.000000 0.837100 1538640.000000 0.837100 0.982938 0.000000 0 
1323120.000000 0.898561 1323120.000000 0.898561 0.999301 0.000000 0 
1548000.000000 0.834340 1548000.000000 0.834340 0.984173 0.000000 0 
1574400.000000 0.830004 1574400.000000 0.830004 0.996716 0.000000 0 
1450560.000000 0.858407 1450560.000000 0.858407 0.995028 0.000000 0 
1237440.000000 0.939839 1237440.000000 0.939839 0.992421 0.000000 0 
1343280.000000 0.895300 1343280.000000 0.895300 0.997877 0.000000 0 
1357200.000000 0.885490 1357200.000000 0.885490 0.989906 0.000000 0 
1721040.000000 0.813259 1721040.000000 0.813259 0.994482 0.000000 0 
1906560.000000 0.799404 1906560.000000 0.799404 0.983827 0.000000 0 
1572240.000000 0.832582 1572240.000000 0.832582 0.998518 0.000000 0 
1310880.000000 0.913133 1310880.000000 0.913133 0.999244 0.000000 0 
1612560.000000 0.825105 1612560.000000 0.825105 0.995428 0.000000 0 
1462080.000000 0.855608 1462080.000000 0.855608 0.988078 0.000000 0 
1810800.000000 0.804562 1810800.000000 0.804562 0.998148 0.000000 0 
1267920.000000 0.928680 1267920.000000 0.928680 0.995350 0.000000 0 
1635600.000000 0.819972 1635600.000000 0.819972 0.995116 0.000000 0 
1726080.000000 0.811353 1726080.000000 0.811353 0.992802 0.000000 0 
1520640.000000 0.842090 1520640.000000 0.842090 0.989684 0.000000 0 
1207920.000000 0.975808 1207920.000000 0.975808 0.997754 0.000000 0 
1294800.000000 0.916117 1294800.000000 0.916117 0.990157 0.000000 0 
1743360.000000 0.808333 1743360.000000 0.808333 0.991698 0.000000 0 
1311360.000000 0.910771 1311360.000000 0.910771 0.994906 0.000000 0 
1423920.000000 0.866007 1423920.000000 0.866007 0.994089 0.000000 0 
1457040.000000 0.857298 1457040.000000 0.857298 0.997294 0.000000 0 
1427520.000000 0.864040 1427520.000000 0.864040 0.997266 0.000000 0 
1465920.000000 0.852694 1465920.000000 0.852694 0.988710 0.000000 0 
1502400.000000 0.846472 1502400.000000 0.846472 0.995241 0.000000 0 
1237440.000000 0.939839 1237440.000000 0.939839 0.992421 0.000000 0 
1239840.000000 0.934081 1239840.000000 0.934081 0.995343 0.000000 0 
1785840.000000 0.805007 1785840.000000 0.805007 0.981403 0.000000 0 
1783680.000000 0.806189 1783680.000000 0.806189 0.988362 0.000000 0 
1732800.000000 0.810222 1732800.000000 0.810222 0.988372 0.000000 0 
1495680.000000 0.847007 1495680.000000 0.847007 0.994333 0.000000 0 
1488960.000000 0.847707 1488960.000000 0.847707 0.989439 0.000000 0 
1533120.000000 0.837619 1533120.000000 0.837619 0.987722 0.000000 0 
1738560.000000 0.809746 1738560.000000 0.809746 0.992528 0.000000 0 
1344240.000000 0.895248 1344240.000000 0.895248 0.997833 0.000000 0 
1520640.000000 0.842090 1520640.000000 0.842090 0.989684 0.000000 0 
1239840.000000 0.934081 1239840.000000 0.934081 0.995343 0.000000 0 
#Generacion: 2000 
#Distancia: 268.506061 
1969680.000000 0.797308 1969680.000000 0.797308 0.979818 0.000000 0 
1126320.000000 1.099167 1126320.000000 1.099167 0.997363 0.000000 0 
1126320.000000 1.099167 1126320.000000 1.099167 0.997363 0.000000 0 
1136880.000000 1.092849 1136880.000000 1.092849 0.990420 0.000000 0 
1148160.000000 1.059152 1148160.000000 1.059152 0.988970 0.000000 0 
1783920.000000 0.801378 1783920.000000 0.801378 0.997942 0.000000 0 
1205760.000000 0.965931 1205760.000000 0.965931 0.998498 0.000000 0 
1157520.000000 1.038168 1157520.000000 1.038168 0.999560 0.000000 0 
1145280.000000 1.073754 1145280.000000 1.073754 0.991193 0.000000 0 
1176960.000000 0.997129 1176960.000000 0.997129 0.996170 0.000000 0 
1409280.000000 0.860602 1409280.000000 0.860602 0.992777 0.000000 0 
1148880.000000 1.038482 1148880.000000 1.038482 0.999784 0.000000 0 
1443840.000000 0.852343 1443840.000000 0.852343 0.998734 0.000000 0 
1428480.000000 0.859462 1428480.000000 0.859462 0.993252 0.000000 0 
1167120.000000 1.009151 1167120.000000 1.009151 0.998494 0.000000 0 
1157760.000000 1.018681 1157760.000000 1.018681 0.998811 0.000000 0 
1754640.000000 0.801958 1754640.000000 0.801958 0.975337 0.000000 0 
1391760.000000 0.867355 1391760.000000 0.867355 0.998099 0.000000 0 
1279680.000000 0.915523 1279680.000000 0.915523 0.993623 0.000000 0 
1190880.000000 0.981896 1190880.000000 0.981896 0.990207 0.000000 0 
1822320.000000 0.800984 1822320.000000 0.800984 0.998008 0.000000 0 
1210560.000000 0.951898 1210560.000000 0.951898 0.999864 0.000000 0 
1289760.000000 0.906332 1289760.000000 0.906332 0.998390 0.000000 0 
1147440.000000 1.069054 1147440.000000 1.069054 0.981360 0.000000 0 
1615440.000000 0.821743 1615440.000000 0.821743 0.999258 0.000000 0 
1874400.000000 0.800027 1874400.000000 0.800027 0.970297 0.000000 0 
1911600.000000 0.798172 1911600.000000 0.798172 0.976074 0.000000 0 
1344000.000000 0.884499 1344000.000000 0.884499 0.989913 0.000000 0 
1189440.000000 0.989455 1189440.000000 0.989455 0.994636 0.000000 0 
1692240.000000 0.812170 1692240.000000 0.812170 0.987996 0.000000 0 
1730160.000000 0.808756 1730160.000000 0.808756 0.991403 0.000000 0 
1200960.000000 0.977088 1200960.000000 0.977088 0.999198 0.000000 0 
1224480.000000 0.948676 1224480.000000 0.948676 0.998720 0.000000 0 
1341120.000000 0.890832 1341120.000000 0.890832 0.996738 0.000000 0 
1260000.000000 0.927325 1260000.000000 0.927325 0.993068 0.000000 0 
1165680.000000 1.012956 1165680.000000 1.012956 0.999451 0.000000 0 
1204080.000000 0.973528 1204080.000000 0.973528 0.999725 0.000000 0 
1462800.000000 0.850934 1462800.000000 0.850934 0.995599 0.000000 0 
1937040.000000 0.797543 1937040.000000 0.797543 0.988613 0.000000 0 
1602960.000000 0.823790 1602960.000000 0.823790 0.998401 0.000000 0 
1182960.000000 0.992739 1182960.000000 0.992739 0.992773 0.000000 0 
1326480.000000 0.893971 1326480.000000 0.893971 0.992103 0.000000 0 
1238880.000000 0.933851 1238880.000000 0.933851 0.995559 0.000000 0 
1315200.000000 0.899276 1315200.000000 0.899276 0.996693 0.000000 0 
1955280.000000 0.797380 1955280.000000 0.797380 0.978324 0.000000 0 
1513920.000000 0.841551 1513920.000000 0.841551 0.991140 0.000000 0 
1224960.000000 0.943970 1224960.000000 0.943970 0.998520 0.000000 0 
1635600.000000 0.819972 1635600.000000 0.819972 0.995116 0.000000 0 
1353600.000000 0.881558 1353600.000000 0.881558 0.995287 0.000000 0 
1592400.000000 0.825691 1592400.000000 0.825691 0.997151 0.000000 0 
1685760.000000 0.814145 1685760.000000 0.814145 0.997267 0.000000 0 
1561680.000000 0.830793 1561680.000000 0.830793 0.984111 0.000000 0 
1270800.000000 0.923734 1270800.000000 0.923734 0.997286 0.000000 0 
1584960.000000 0.828635 1584960.000000 0.828635 0.998035 0.000000 0 
1302720.000000 0.902925 1302720.000000 0.902925 0.996678 0.000000 0 
1552080.000000 0.833035 1552080.000000 0.833035 0.991447 0.000000 0 
1574400.000000 0.830004 1574400.000000 0.830004 0.996716 0.000000 0 
1752000.000000 0.807484 1752000.000000 0.807484 0.989507 0.000000 0 
1648800.000000 0.816023 1648800.000000 0.816023 0.989663 0.000000 0 
1487520.000000 0.846397 1487520.000000 0.846397 0.998879 0.000000 0 
1885680.000000 0.799082 1885680.000000 0.799082 0.996436 0.000000 0 
1846560.000000 0.800097 1846560.000000 0.800097 0.999289 0.000000 0 
1494720.000000 0.843975 1494720.000000 0.843975 0.998544 0.000000 0 
1536000.000000 0.836104 1536000.000000 0.836104 0.994563 0.000000 0 
1921680.000000 0.798006 1921680.000000 0.798006 0.971484 0.000000 0 
1827360.000000 0.800860 1827360.000000 0.800860 0.999820 0.000000 0 
1502640.000000 0.841945 1502640.000000 0.841945 0.999310 0.000000 0 
1743360.000000 0.808333 1743360.000000 0.808333 0.991698 0.000000 0 
1529280.000000 0.839621 1529280.000000 0.839621 0.992465 0.000000 0 
1710720.000000 0.809816 1710720.000000 0.809816 0.999861 0.000000 0 
1382400.000000 0.872743 1382400.000000 0.872743 0.987826 0.000000 0 
1545600.000000 0.835677 1545600.000000 0.835677 0.993692 0.000000 0 
1670160.000000 0.815313 1670160.000000 0.815313 0.977730 0.000000 0 
1386240.000000 0.869677 1386240.000000 0.869677 0.987372 0.000000 0 
1474320.000000 0.847007 1474320.000000 0.847007 0.994121 0.000000 0 
1245840.000000 0.930834 1245840.000000 0.930834 0.987905 0.000000 0 
1234560.000000 0.940812 1234560.000000 0.940812 0.992762 0.000000 0 
1248480.000000 0.928634 1248480.000000 0.928634 0.992889 0.000000 0 
1157760.000000 1.018681 1157760.000000 1.018681 0.998811 0.000000 0 
1237440.000000 0.939839 1237440.000000 0.939839 0.992421 0.000000 0 
1332960.000000 0.893605 1332960.000000 0.893605 0.991967 0.000000 0 
1665120.000000 0.815558 1665120.000000 0.815558 0.996706 0.000000 0 
1210560.000000 0.951898 1210560.000000 0.951898 0.999864 0.000000 0 
1308480.000000 0.899482 1308480.000000 0.899482 0.990974 0.000000 0 
1471440.000000 0.849360 1471440.000000 0.849360 0.996213 0.000000 0 
1296480.000000 0.905883 1296480.000000 0.905883 0.998442 0.000000 0 
1710720.000000 0.809816 1710720.000000 0.809816 0.999861 0.000000 0 
1363200.000000 0.880027 1363200.000000 0.880027 0.991287 0.000000 0 
1846560.000000 0.800097 1846560.000000 0.800097 0.999289 0.000000 0 
1375680.000000 0.874802 1375680.000000 0.874802 0.989285 0.000000 0 
1274880.000000 0.917810 1274880.000000 0.917810 0.998113 0.000000 0 
1369920.000000 0.875635 1369920.000000 0.875635 0.991389 0.000000 0 
1368960.000000 0.879322 1368960.000000 0.879322 0.997025 0.000000 0 
1644240.000000 0.818481 1644240.000000 0.818481 0.988091 0.000000 0 
1145280.000000 1.073754 1145280.000000 1.073754 0.991193 0.000000 0 
1885680.000000 0.799082 1885680.000000 0.799082 0.996436 0.000000 0 
1640400.000000 0.819240 1640400.000000 0.819240 0.991769 0.000000 0 
1271280.000000 0.920519 1271280.000000 0.920519 0.995815 0.000000 0 
1529280.000000 0.839621 1529280.000000 0.839621 0.992465 0.000000 0 
1272960.000000 0.920128 1272960.000000 0.920128 0.993223 0.000000 0 
#Generacion: 2500 
#Distancia: 283.148990 
1116960.000000 1.093589 1116960.000000 1.093589 0.997655 0.000000 0 
1987680.000000 0.790740 1987680.000000 0.790740 0.980116 0.000000 0 
1126080.000000 1.047154 1126080.000000 1.047154 0.996756 0.000000 0 
1124400.000000 1.092400 1124400.000000 1.092400 0.998578 0.000000 0 
1193280.000000 0.957420 1193280.000000 0.957420 0.994020 0.000000 0 
1186320.000000 0.982229 1186320.000000 0.982229 0.994312 0.000000 0 
1929840.000000 0.792911 1929840.000000 0.792911 0.993405 0.000000 0 
1980960.000000 0.790901 1980960.000000 0.790901 0.979356 0.000000 0 
1866960.000000 0.795688 1866960.000000 0.795688 0.997565 0.000000 0 
1167120.000000 1.008548 1167120.000000 1.008548 0.997862 0.000000 0 
1910640.000000 0.793756 1910640.000000 0.793756 0.991275 0.000000 0 
1338720.000000 0.886690 1338720.000000 0.886690 0.993408 0.000000 0 
1224240.000000 0.949042 1224240.000000 0.949042 0.997958 0.000000 0 
1152000.000000 1.028044 1152000.000000 1.028044 0.998174 0.000000 0 
1167600.000000 0.995346 1167600.000000 0.995346 0.998855 0.000000 0 
1543440.000000 0.830568 1543440.000000 0.830568 0.991126 0.000000 0 
1353600.000000 0.881558 1353600.000000 0.881558 0.995287 0.000000 0 
1531920.000000 0.835424 1531920.000000 0.835424 0.991229 0.000000 0 
1780560.000000 0.801107 1780560.000000 0.801107 0.978410 0.000000 0 
1138560.000000 1.028400 1138560.000000 1.028400 0.998099 0.000000 0 
1128000.000000 1.043415 1128000.000000 1.043415 0.995978 0.000000 0 
1426800.000000 0.856121 1426800.000000 0.856121 0.998444 0.000000 0 
1159920.000000 1.011372 1159920.000000 1.011372 0.999760 0.000000 0 
1462800.000000 0.850934 1462800.000000 0.850934 0.995599 0.000000 0 
1259520.000000 0.920361 1259520.000000 0.920361 0.997804 0.000000 0 
1725600.000000 0.804830 1725600.000000 0.804830 0.977910 0.000000 0 
1697520.000000 0.810717 1697520.000000 0.810717 0.974751 0.000000 0 
1281840.000000 0.908917 1281840.000000 0.908917 0.997391 0.000000 0 
1480560.000000 0.845801 1480560.000000 0.845801 0.998394 0.000000 0 
1518720.000000 0.836359 1518720.000000 0.836359 0.997716 0.000000 0 
1663200.000000 0.814876 1663200.000000 0.814876 0.983576 0.000000 0 
1177920.000000 0.987358 1177920.000000 0.987358 0.991712 0.000000 0 
1758240.000000 0.801666 1758240.000000 0.801666 0.976817 0.000000 0 
1631520.000000 0.820371 1631520.000000 0.820371 0.985170 0.000000 0 
1443840.000000 0.852343 1443840.000000 0.852343 0.998734 0.000000 0 
1274880.000000 0.917810 1274880.000000 0.917810 0.998113 0.000000 0 
1233600.000000 0.942208 1233600.000000 0.942208 0.999339 0.000000 0 
1171200.000000 0.995008 1171200.000000 0.995008 0.998446 0.000000 0 
1323360.000000 0.892522 1323360.000000 0.892522 0.992633 0.000000 0 
1847760.000000 0.797005 1847760.000000 0.797005 0.974213 0.000000 0 
1833360.000000 0.797719 1833360.000000 0.797719 0.989470 0.000000 0 
1818000.000000 0.798154 1818000.000000 0.798154 0.987242 0.000000 0 
1245840.000000 0.930834 1245840.000000 0.930834 0.987905 0.000000 0 
1155840.000000 1.019014 1155840.000000 1.019014 0.992386 0.000000 0 
1279680.000000 0.915523 1279680.000000 0.915523 0.993623 0.000000 0 
1472400.000000 0.848900 1472400.000000 0.848900 0.993619 0.000000 0 
1303680.000000 0.901063 1303680.000000 0.901063 0.996656 0.000000 0 
1324080.000000 0.887636 1324080.000000 0.887636 0.995151 0.000000 0 
1371840.000000 0.874182 1371840.000000 0.874182 0.996147 0.000000 0 
1740960.000000 0.802782 1740960.000000 0.802782 0.987699 0.000000 0 
1289760.000000 0.906332 1289760.000000 0.906332 0.998390 0.000000 0 
1616160.000000 0.820777 1616160.000000 0.820777 0.987212 0.000000 0 
1644240.000000 0.818481 1644240.000000 0.818481 0.988091 0.000000 0 
1794960.000000 0.800101 1794960.000000 0.800101 0.971436 0.000000 0 
1419840.000000 0.861414 1419840.000000 0.861414 0.993930 0.000000 0 
1648800.000000 0.816023 1648800.000000 0.816023 0.989663 0.000000 0 
1592400.000000 0.825664 1592400.000000 0.825664 0.996854 0.000000 0 
1298400.000000 0.904135 1298400.000000 0.904135 0.996806 0.000000 0 
1204800.000000 0.952210 1204800.000000 0.952210 0.998653 0.000000 0 
1806240.000000 0.799702 1806240.000000 0.799702 0.993392 0.000000 0 
1213680.000000 0.951149 1213680.000000 0.951149 0.997936 0.000000 0 
1669680.000000 0.810918 1669680.000000 0.810918 0.997541 0.000000 0 
1252800.000000 0.927284 1252800.000000 0.927284 0.996368 0.000000 0 
1437840.000000 0.854200 1437840.000000 0.854200 0.995967 0.000000 0 
1401360.000000 0.863573 1401360.000000 0.863573 0.997768 0.000000 0 
1377360.000000 0.871428 1377360.000000 0.871428 0.995905 0.000000 0 
1368960.000000 0.879322 1368960.000000 0.879322 0.997025 0.000000 0 
1131120.000000 1.035096 1131120.000000 1.035096 0.996600 0.000000 0 
1131120.000000 1.035096 1131120.000000 1.035096 0.996600 0.000000 0 
1256400.000000 0.924683 1256400.000000 0.924683 0.993423 0.000000 0 
1554960.000000 0.828804 1554960.000000 0.828804 0.996945 0.000000 0 
1199760.000000 0.956287 1199760.000000 0.956287 0.995042 0.000000 0 
1494720.000000 0.843975 1494720.000000 0.843975 0.998544 0.000000 0 
1501440.000000 0.843880 1501440.000000 0.843880 0.999792 0.000000 0 
1386240.000000 0.869677 1386240.000000 0.869677 0.987372 0.000000 0 
1157760.000000 1.018681 1157760.000000 1.018681 0.998811 0.000000 0 
1310160.000000 0.894348 1310160.000000 0.894348 0.993632 0.000000 0 
1307040.000000 0.895889 1307040.000000 0.895889 0.993769 0.000000 0 
1238880.000000 0.933851 1238880.000000 0.933851 0.995559 0.000000 0 
1416000.000000 0.862580 1416000.000000 0.862580 0.991721 0.000000 0 
1236000.000000 0.936109 1236000.000000 0.936109 0.996368 0.000000 0 
1602960.000000 0.823790 1602960.000000 0.823790 0.998401 0.000000 0 
1563600.000000 0.828359 1563600.000000 0.828359 0.992214 0.000000 0 
1576080.000000 0.827855 1576080.000000 0.827855 0.999116 0.000000 0 
1710240.000000 0.805357 1710240.000000 0.805357 0.980822 0.000000 0 
1864080.000000 0.796854 1864080.000000 0.796854 0.982602 0.000000 0 
1582800.000000 0.826921 1582800.000000 0.826921 0.997757 0.000000 0 
1391760.000000 0.867355 1391760.000000 0.867355 0.998099 0.000000 0 
1698720.000000 0.807946 1698720.000000 0.807946 0.982758 0.000000 0 
1609440.000000 0.823180 1609440.000000 0.823180 0.995239 0.000000 0 
1360320.000000 0.879595 1360320.000000 0.879595 0.991903 0.000000 0 
1910640.000000 0.793756 1910640.000000 0.793756 0.991275 0.000000 0 
1749600.000000 0.802499 1749600.000000 0.802499 0.984388 0.000000 0 
1400640.000000 0.866887 1400640.000000 0.866887 0.995357 0.000000 0 
1234560.000000 0.940812 1234560.000000 0.940812 0.992762 0.000000 0 
1513920.000000 0.841551 1513920.000000 0.841551 0.991140 0.000000 0 
1513920.000000 0.841551 1513920.000000 0.841551 0.991140 0.000000 0 
1183440.000000 0.987105 1183440.000000 0.987105 0.992116 0.000000 0 
1706160.000000 0.806102 1706160.000000 0.806102 0.982847 0.000000 0 
1669680.000000 0.810918 1669680.000000 0.810918 0.997541 0.000000 0 
#Generacion: 3000 
#Distancia: 276.183232 
1111680.000000 1.089319 1111680.000000 1.089319 0.999194 0.000000 0 
1111680.000000 1.089319 1111680.000000 1.089319 0.999194 0.000000 0 
2041440.000000 0.789599 2041440.000000 0.789599 0.970350 0.000000 0 
1149120.000000 1.005584 1149120.000000 1.005584 0.995172 0.000000 0 
1144320.000000 1.013806 1144320.000000 1.013806 0.997667 0.000000 0 
1118160.000000 1.065129 1118160.000000 1.065129 0.999940 0.000000 0 
1168320.000000 0.979689 1168320.000000 0.979689 0.999369 0.000000 0 
1160880.000000 0.989182 1160880.000000 0.989182 0.998978 0.000000 0 
1132800.000000 1.027754 1132800.000000 1.027754 0.999463 0.000000 0 
1172160.000000 0.964611 1172160.000000 0.964611 0.998701 0.000000 0 
1122000.000000 1.045842 1122000.000000 1.045842 0.996705 0.000000 0 
1118160.000000 1.065129 1118160.000000 1.065129 0.999940 0.000000 0 
1996320.000000 0.790594 1996320.000000 0.790594 0.979629 0.000000 0 
1224000.000000 0.947062 1224000.000000 0.947062 0.998780 0.000000 0 
1253040.000000 0.918638 1253040.000000 0.918638 0.995137 0.000000 0 
1124400.000000 1.036945 1124400.000000 1.036945 0.996227 0.000000 0 
2041440.000000 0.789599 2041440.000000 0.789599 0.970350 0.000000 0 
1416240.000000 0.859117 1416240.000000 0.859117 0.996565 0.000000 0 
1273680.000000 0.911995 1273680.000000 0.911995 0.992615 0.000000 0 
1227120.000000 0.937353 1227120.000000 0.937353 0.990721 0.000000 0 
1251840.000000 0.927124 1251840.000000 0.927124 0.992611 0.000000 0 
1725600.000000 0.804830 1725600.000000 0.804830 0.977910 0.000000 0 
1899840.000000 0.794851 1899840.000000 0.794851 0.988248 0.000000 0 
1847280.000000 0.796294 1847280.000000 0.796294 0.959814 0.000000 0 
1964640.000000 0.790855 1964640.000000 0.790855 0.980216 0.000000 0 
1265040.000000 0.914382 1265040.000000 0.914382 0.992222 0.000000 0 
1706400.000000 0.805897 1706400.000000 0.805897 0.984677 0.000000 0 
1466400.000000 0.842695 1466400.000000 0.842695 0.997562 0.000000 0 
1208880.000000 0.949289 1208880.000000 0.949289 0.998385 0.000000 0 
1631760.000000 0.815722 1631760.000000 0.815722 0.994562 0.000000 0 
1461120.000000 0.847471 1461120.000000 0.847471 0.994648 0.000000 0 
1866960.000000 0.795688 1866960.000000 0.795688 0.997565 0.000000 0 
1278720.000000 0.903839 1278720.000000 0.903839 0.996436 0.000000 0 
1759200.000000 0.801581 1759200.000000 0.801581 0.976672 0.000000 0 
1671840.000000 0.811594 1671840.000000 0.811594 0.988911 0.000000 0 
1401360.000000 0.863573 1401360.000000 0.863573 0.997768 0.000000 0 
1484160.000000 0.842197 1484160.000000 0.842197 0.995513 0.000000 0 
1126800.000000 1.030760 1126800.000000 1.030760 0.998557 0.000000 0 
1162800.000000 0.987116 1162800.000000 0.987116 0.999002 0.000000 0 
1657680.000000 0.812548 1657680.000000 0.812548 0.994435 0.000000 0 
1320720.000000 0.890198 1320720.000000 0.890198 0.992686 0.000000 0 
1921200.000000 0.793897 1921200.000000 0.793897 0.985703 0.000000 0 
1647840.000000 0.815686 1647840.000000 0.815686 0.989336 0.000000 0 
1200240.000000 0.952001 1200240.000000 0.952001 0.988306 0.000000 0 
1882560.000000 0.795445 1882560.000000 0.795445 0.990337 0.000000 0 
1543440.000000 0.830568 1543440.000000 0.830568 0.991126 0.000000 0 
1600560.000000 0.821714 1600560.000000 0.821714 0.997748 0.000000 0 
1337280.000000 0.884538 1337280.000000 0.884538 0.989479 0.000000 0 
1182960.000000 0.963409 1182960.000000 0.963409 0.998244 0.000000 0 
1829040.000000 0.797172 1829040.000000 0.797172 0.981399 0.000000 0 
1184640.000000 0.957498 1184640.000000 0.957498 0.995744 0.000000 0 
1324320.000000 0.886382 1324320.000000 0.886382 0.994673 0.000000 0 
1377360.000000 0.871428 1377360.000000 0.871428 0.995905 0.000000 0 
1684320.000000 0.809164 1684320.000000 0.809164 0.990497 0.000000 0 
1793760.000000 0.798458 1793760.000000 0.798458 0.977094 0.000000 0 
1452480.000000 0.850431 1452480.000000 0.850431 0.994162 0.000000 0 
1426560.000000 0.856314 1426560.000000 0.856314 0.999819 0.000000 0 
1285440.000000 0.903643 1285440.000000 0.903643 0.996533 0.000000 0 
1576080.000000 0.827855 1576080.000000 0.827855 0.999116 0.000000 0 
1189680.000000 0.954538 1189680.000000 0.954538 0.998661 0.000000 0 
1987680.000000 0.790740 1987680.000000 0.790740 0.980116 0.000000 0 
1690080.000000 0.806578 1690080.000000 0.806578 0.994784 0.000000 0 
1952640.000000 0.792772 1952640.000000 0.792772 0.985750 0.000000 0 
1236000.000000 0.936109 1236000.000000 0.936109 0.996368 0.000000 0 
1616880.000000 0.818019 1616880.000000 0.818019 0.991661 0.000000 0 
1518480.000000 0.835362 1518480.000000 0.835362 0.989654 0.000000 0 
1353600.000000 0.877978 1353600.000000 0.877978 0.995138 0.000000 0 
1302720.000000 0.893547 1302720.000000 0.893547 0.998047 0.000000 0 
1442880.000000 0.852332 1442880.000000 0.852332 0.998667 0.000000 0 
1363200.000000 0.876409 1363200.000000 0.876409 0.995737 0.000000 0 
1122000.000000 1.045842 1122000.000000 1.045842 0.996705 0.000000 0 
1371840.000000 0.874182 1371840.000000 0.874182 0.996147 0.000000 0 
1779360.000000 0.799575 1779360.000000 0.799575 0.980558 0.000000 0 
1434960.000000 0.854463 1434960.000000 0.854463 0.993206 0.000000 0 
1393920.000000 0.863853 1393920.000000 0.863853 0.997228 0.000000 0 
1309440.000000 0.893370 1309440.000000 0.893370 0.998259 0.000000 0 
1504080.000000 0.836278 1504080.000000 0.836278 0.999174 0.000000 0 
1616160.000000 0.820777 1616160.000000 0.820777 0.987212 0.000000 0 
1494720.000000 0.839914 1494720.000000 0.839914 0.992532 0.000000 0 
1554960.000000 0.828804 1554960.000000 0.828804 0.996945 0.000000 0 
1587360.000000 0.825425 1587360.000000 0.825425 0.998623 0.000000 0 
1771680.000000 0.800654 1771680.000000 0.800654 0.994670 0.000000 0 
1535520.000000 0.833925 1535520.000000 0.833925 0.985476 0.000000 0 
1807440.000000 0.797797 1807440.000000 0.797797 0.985112 0.000000 0 
1301520.000000 0.900582 1301520.000000 0.900582 0.993671 0.000000 0 
1237200.000000 0.930500 1237200.000000 0.930500 0.992965 0.000000 0 
1243920.000000 0.930478 1243920.000000 0.930478 0.993045 0.000000 0 
1593120.000000 0.824697 1593120.000000 0.824697 0.985690 0.000000 0 
1563600.000000 0.828359 1563600.000000 0.828359 0.992214 0.000000 0 
1817040.000000 0.797619 1817040.000000 0.797619 0.985086 0.000000 0 
1939440.000000 0.792849 1939440.000000 0.792849 0.991117 0.000000 0 
1301520.000000 0.900582 1301520.000000 0.900582 0.993671 0.000000 0 
1740960.000000 0.802782 1740960.000000 0.802782 0.987699 0.000000 0 
1740960.000000 0.802782 1740960.000000 0.802782 0.987699 0.000000 0 
1529040.000000 0.834303 1529040.000000 0.834303 0.985937 0.000000 0 
1929840.000000 0.792911 1929840.000000 0.792911 0.993405 0.000000 0 
1503360.000000 0.839593 1503360.000000 0.839593 0.992720 0.000000 0 
1348560.000000 0.881561 1348560.000000 0.881561 0.996420 0.000000 0 
1345200.000000 0.881885 1345200.000000 0.881885 0.988900 0.000000 0 
1391280.000000 0.869515 1391280.000000 0.869515 0.991666 0.000000 0 
#Generacion: 3500 
#Distancia: 296.913636 
2111520.000000 0.787239 2111520.000000 0.787239 0.965648 0.000000 0 
2029920.000000 0.789108 2029920.000000 0.789108 0.997415 0.000000 0 
2105760.000000 0.788426 2105760.000000 0.788426 0.963866 0.000000 0 
1855200.000000 0.792700 1855200.000000 0.792700 0.969907 0.000000 0 
1123200.000000 1.027117 1123200.000000 1.027117 0.996339 0.000000 0 
2019600.000000 0.789232 2019600.000000 0.789232 0.972686 0.000000 0 
1121040.000000 1.045816 1121040.000000 1.045816 0.996240 0.000000 0 
1904880.000000 0.791863 1904880.000000 0.791863 0.978953 0.000000 0 
1968000.000000 0.790343 1968000.000000 0.790343 0.991640 0.000000 0 
1251120.000000 0.927519 1251120.000000 0.927519 0.999462 0.000000 0 
1171440.000000 0.971045 1171440.000000 0.971045 0.994318 0.000000 0 
1930800.000000 0.791445 1930800.000000 0.791445 0.979449 0.000000 0 
1198320.000000 0.947078 1198320.000000 0.947078 0.997141 0.000000 0 
1829040.000000 0.794932 1829040.000000 0.794932 0.971950 0.000000 0 
1716960.000000 0.805576 1716960.000000 0.805576 0.983654 0.000000 0 
1384080.000000 0.868026 1384080.000000 0.868026 0.997700 0.000000 0 
1372080.000000 0.872421 1372080.000000 0.872421 0.998456 0.000000 0 
1190640.000000 0.954449 1190640.000000 0.954449 0.998221 0.000000 0 
1615680.000000 0.818768 1615680.000000 0.818768 0.996988 0.000000 0 
1534560.000000 0.833775 1534560.000000 0.833775 0.995273 0.000000 0 
1154640.000000 0.993251 1154640.000000 0.993251 0.996780 0.000000 0 
1416240.000000 0.859117 1416240.000000 0.859117 0.996565 0.000000 0 
1363200.000000 0.876409 1363200.000000 0.876409 0.995737 0.000000 0 
1344480.000000 0.877892 1344480.000000 0.877892 0.998699 0.000000 0 
1300080.000000 0.890680 1300080.000000 0.890680 0.997465 0.000000 0 
1271280.000000 0.908263 1271280.000000 0.908263 0.996986 0.000000 0 
1686240.000000 0.805937 1686240.000000 0.805937 0.996954 0.000000 0 
1333440.000000 0.880852 1333440.000000 0.880852 0.997556 0.000000 0 
1600560.000000 0.821714 1600560.000000 0.821714 0.997748 0.000000 0 
1578960.000000 0.827751 1578960.000000 0.827751 0.991306 0.000000 0 
1593120.000000 0.824697 1593120.000000 0.824697 0.985690 0.000000 0 
1964640.000000 0.790855 1964640.000000 0.790855 0.980216 0.000000 0 
1126080.000000 1.025837 1126080.000000 1.025837 0.994547 0.000000 0 
1287360.000000 0.903350 1287360.000000 0.903350 0.996149 0.000000 0 
1315440.000000 0.889483 1315440.000000 0.889483 0.999448 0.000000 0 
1137360.000000 1.007281 1137360.000000 1.007281 0.996104 0.000000 0 
1130880.000000 1.017096 1130880.000000 1.017096 0.994725 0.000000 0 
1212720.000000 0.940151 1212720.000000 0.940151 0.997746 0.000000 0 
1512480.000000 0.835311 1512480.000000 0.835311 0.989215 0.000000 0 
1442880.000000 0.852332 1442880.000000 0.852332 0.998667 0.000000 0 
1628160.000000 0.815937 1628160.000000 0.815937 0.995944 0.000000 0 
1451280.000000 0.847691 1451280.000000 0.847691 0.991751 0.000000 0 
1149360.000000 1.000072 1149360.000000 1.000072 0.996985 0.000000 0 
1484160.000000 0.842189 1484160.000000 0.842189 0.991378 0.000000 0 
1207920.000000 0.944104 1207920.000000 0.944104 0.997481 0.000000 0 
1403760.000000 0.862779 1403760.000000 0.862779 0.993480 0.000000 0 
1398240.000000 0.864939 1398240.000000 0.864939 0.995477 0.000000 0 
1466400.000000 0.842695 1466400.000000 0.842695 0.997562 0.000000 0 
1729440.000000 0.803569 1729440.000000 0.803569 0.996148 0.000000 0 
1741200.000000 0.801856 1741200.000000 0.801856 0.991289 0.000000 0 
1640880.000000 0.814738 1640880.000000 0.814738 0.992332 0.000000 0 
1759200.000000 0.801581 1759200.000000 0.801581 0.976672 0.000000 0 
1143600.000000 1.001304 1143600.000000 1.001304 0.997061 0.000000 0 
1159200.000000 0.989075 1159200.000000 0.989075 0.998603 0.000000 0 
1426080.000000 0.855592 1426080.000000 0.855592 0.996298 0.000000 0 
1130880.000000 1.017096 1130880.000000 1.017096 0.994725 0.000000 0 
1121040.000000 1.045816 1121040.000000 1.045816 0.996240 0.000000 0 
1670880.000000 0.809176 1670880.000000 0.809176 0.994281 0.000000 0 
1278720.000000 0.903839 1278720.000000 0.903839 0.996436 0.000000 0 
1237200.000000 0.930500 1237200.000000 0.930500 0.992965 0.000000 0 
1793760.000000 0.798458 1793760.000000 0.798458 0.977094 0.000000 0 
1168320.000000 0.979689 1168320.000000 0.979689 0.999369 0.000000 0 
1220160.000000 0.936068 1220160.000000 0.936068 0.998287 0.000000 0 
1458720.000000 0.845672 1458720.000000 0.845672 0.990970 0.000000 0 
1260720.000000 0.913313 1260720.000000 0.913313 0.998911 0.000000 0 
1253040.000000 0.918638 1253040.000000 0.918638 0.995137 0.000000 0 
1817280.000000 0.796788 1817280.000000 0.796788 0.982942 0.000000 0 
1651680.000000 0.812118 1651680.000000 0.812118 0.991878 0.000000 0 
1172160.000000 0.964611 1172160.000000 0.964611 0.998701 0.000000 0 
1289520.000000 0.894911 1289520.000000 0.894911 0.997246 0.000000 0 
1543440.000000 0.830568 1543440.000000 0.830568 0.991126 0.000000 0 
1781040.000000 0.799442 1781040.000000 0.799442 0.968718 0.000000 0 
1807440.000000 0.797797 1807440.000000 0.797797 0.985112 0.000000 0 
1494720.000000 0.839914 1494720.000000 0.839914 0.992532 0.000000 0 
1660320.000000 0.811277 1660320.000000 0.811277 0.993949 0.000000 0 
1771680.000000 0.800654 1771680.000000 0.800654 0.994670 0.000000 0 
1434960.000000 0.854463 1434960.000000 0.854463 0.993206 0.000000 0 
1182960.000000 0.959966 1182960.000000 0.959966 0.997265 0.000000 0 
1552080.000000 0.829991 1552080.000000 0.829991 0.994615 0.000000 0 
1914240.000000 0.791639 1914240.000000 0.791639 0.982035 0.000000 0 
1265760.000000 0.912979 1265760.000000 0.912979 0.999792 0.000000 0 
1229760.000000 0.935722 1229760.000000 0.935722 0.998735 0.000000 0 
1326960.000000 0.885420 1326960.000000 0.885420 0.992541 0.000000 0 
1178880.000000 0.964086 1178880.000000 0.964086 0.998085 0.000000 0 
1676640.000000 0.806323 1676640.000000 0.806323 0.997842 0.000000 0 
1138320.000000 1.007086 1138320.000000 1.007086 0.996235 0.000000 0 
1184640.000000 0.957498 1184640.000000 0.957498 0.995744 0.000000 0 
1253040.000000 0.918638 1253040.000000 0.918638 0.995137 0.000000 0 
1325280.000000 0.886355 1325280.000000 0.886355 0.994813 0.000000 0 
1230000.000000 0.930897 1230000.000000 0.930897 0.998945 0.000000 0 
1289520.000000 0.894911 1289520.000000 0.894911 0.997246 0.000000 0 
1168320.000000 0.979689 1168320.000000 0.979689 0.999369 0.000000 0 
1504080.000000 0.836278 1504080.000000 0.836278 0.999174 0.000000 0 
1563600.000000 0.828330 1563600.000000 0.828330 0.992118 0.000000 0 
1161840.000000 0.985985 1161840.000000 0.985985 0.997430 0.000000 0 
1107360.000000 1.052853 1107360.000000 1.052853 0.997621 0.000000 0 
1416240.000000 0.859117 1416240.000000 0.859117 0.996565 0.000000 0 
1563600.000000 0.828330 1563600.000000 0.828330 0.992118 0.000000 0 
1393680.000000 0.867991 1393680.000000 0.867991 0.997719 0.000000 0 
1111680.000000 1.089319 1111680.000000 1.089319 0.999194 0.000000 1 
#Generacion: 4000 
#Distancia: 296.481414 
1086480.000000 1.273057 1086480.000000 1.273057 0.999910 0.000000 0 
2022480.000000 0.786106 2022480.000000 0.786106 0.998755 0.000000 0 
1103040.000000 1.052146 1103040.000000 1.052146 0.998502 0.000000 0 
1760160.000000 0.797776 1760160.000000 0.797776 0.983268 0.000000 0 
1701360.000000 0.798956 1701360.000000 0.798956 0.986241 0.000000 0 
1113840.000000 1.034044 1113840.000000 1.034044 0.996180 0.000000 0 
1129680.000000 1.015720 1129680.000000 1.015720 0.996946 0.000000 0 
1903200.000000 0.788358 1903200.000000 0.788358 0.992525 0.000000 0 
1937760.000000 0.788323 1937760.000000 0.788323 0.979129 0.000000 0 
1600560.000000 0.821714 1600560.000000 0.821714 0.997748 0.000000 0 
1208880.000000 0.937264 1208880.000000 0.937264 0.998818 0.000000 0 
1136880.000000 1.003353 1136880.000000 1.003353 0.997052 0.000000 0 
1575840.000000 0.823825 1575840.000000 0.823825 0.990085 0.000000 0 
1556400.000000 0.829955 1556400.000000 0.829955 0.995097 0.000000 0 
1426080.000000 0.855592 1426080.000000 0.855592 0.996298 0.000000 0 
1937760.000000 0.788323 1937760.000000 0.788323 0.979129 0.000000 0 
1164720.000000 0.971487 1164720.000000 0.971487 0.994758 0.000000 0 
1453200.000000 0.845041 1453200.000000 0.845041 0.994872 0.000000 0 
1190640.000000 0.954449 1190640.000000 0.954449 0.998221 0.000000 0 
1229760.000000 0.935722 1229760.000000 0.935722 0.998735 0.000000 0 
1164480.000000 0.985124 1164480.000000 0.985124 0.993054 0.000000 0 
1123200.000000 1.027117 1123200.000000 1.027117 0.996339 0.000000 0 
1230000.000000 0.930897 1230000.000000 0.930897 0.998945 0.000000 0 
1415280.000000 0.859084 1415280.000000 0.859084 0.996273 0.000000 0 
1154640.000000 0.993251 1154640.000000 0.993251 0.996780 0.000000 0 
1435200.000000 0.850734 1435200.000000 0.850734 0.994812 0.000000 0 
1574160.000000 0.827530 1574160.000000 0.827530 0.990270 0.000000 0 
1198320.000000 0.947078 1198320.000000 0.947078 0.997141 0.000000 0 
1634160.000000 0.812528 1634160.000000 0.812528 0.988298 0.000000 0 
1845600.000000 0.790208 1845600.000000 0.790208 0.979360 0.000000 0 
1874400.000000 0.789140 1874400.000000 0.789140 0.990134 0.000000 0 
1271280.000000 0.908263 1271280.000000 0.908263 0.996986 0.000000 0 
1826400.000000 0.790458 1826400.000000 0.790458 0.970412 0.000000 0 
1889520.000000 0.788715 1889520.000000 0.788715 0.993459 0.000000 0 
1265760.000000 0.912979 1265760.000000 0.912979 0.999792 0.000000 0 
1234800.000000 0.921817 1234800.000000 0.921817 0.997545 0.000000 0 
1543440.000000 0.830568 1543440.000000 0.830568 0.991126 0.000000 0 
1204800.000000 0.945665 1204800.000000 0.945665 0.995340 0.000000 0 
1511520.000000 0.834475 1511520.000000 0.834475 0.995894 0.000000 0 
1443840.000000 0.848541 1443840.000000 0.848541 0.994427 0.000000 0 
1532880.000000 0.833046 1532880.000000 0.833046 0.990518 0.000000 0 
1651680.000000 0.812118 1651680.000000 0.812118 0.991878 0.000000 0 
1628160.000000 0.815937 1628160.000000 0.815937 0.995944 0.000000 0 
1128720.000000 1.024740 1128720.000000 1.024740 0.995525 0.000000 0 
1393200.000000 0.865109 1393200.000000 0.865109 0.998770 0.000000 0 
1282560.000000 0.899608 1282560.000000 0.899608 0.999946 0.000000 0 
1278720.000000 0.903839 1278720.000000 0.903839 0.996436 0.000000 0 
1677600.000000 0.806260 1677600.000000 0.806260 0.997844 0.000000 0 
1668000.000000 0.807604 1668000.000000 0.807604 0.994258 0.000000 0 
1300080.000000 0.890320 1300080.000000 0.890320 0.997802 0.000000 0 
1257840.000000 0.916986 1257840.000000 0.916986 0.999811 0.000000 0 
1147920.000000 0.996508 1147920.000000 0.996508 0.996076 0.000000 0 
1372080.000000 0.872421 1372080.000000 0.872421 0.998456 0.000000 0 
1384080.000000 0.868026 1384080.000000 0.868026 0.997700 0.000000 0 
1158480.000000 0.985521 1158480.000000 0.985521 0.997389 0.000000 0 
1660320.000000 0.811277 1660320.000000 0.811277 0.993949 0.000000 0 
1773840.000000 0.795724 1773840.000000 0.795724 0.992461 0.000000 0 
1333440.000000 0.880852 1333440.000000 0.880852 0.997556 0.000000 0 
1254000.000000 0.920740 1254000.000000 0.920740 0.991136 0.000000 0 
1143600.000000 1.001304 1143600.000000 1.001304 0.997061 0.000000 0 
1799280.000000 0.792378 1799280.000000 0.792378 0.985307 0.000000 0 
1519920.000000 0.833197 1519920.000000 0.833197 0.996064 0.000000 0 
1494000.000000 0.836750 1494000.000000 0.836750 0.998392 0.000000 0 
1289520.000000 0.894911 1289520.000000 0.894911 0.997246 0.000000 0 
1607520.000000 0.817084 1607520.000000 0.817084 0.995590 0.000000 0 
1614240.000000 0.816941 1614240.000000 0.816941 0.995362 0.000000 0 
1690560.000000 0.802458 1690560.000000 0.802458 0.994800 0.000000 0 
1325280.000000 0.886355 1325280.000000 0.886355 0.994813 0.000000 0 
1496160.000000 0.836032 1496160.000000 0.836032 0.998480 0.000000 0 
1345200.000000 0.877357 1345200.000000 0.877357 0.995591 0.000000 0 
1312560.000000 0.889306 1312560.000000 0.889306 0.997240 0.000000 0 
1241280.000000 0.921158 1241280.000000 0.921158 0.998623 0.000000 0 
1172160.000000 0.964611 1172160.000000 0.964611 0.998701 0.000000 0 
1171440.000000 0.971045 1171440.000000 0.971045 0.994318 0.000000 0 
1380720.000000 0.871978 1380720.000000 0.871978 0.998562 0.000000 0 
1689840.000000 0.804760 1689840.000000 0.804760 0.978777 0.000000 0 
1809600.000000 0.791903 1809600.000000 0.791903 0.998295 0.000000 0 
1404960.000000 0.861085 1404960.000000 0.861085 0.996330 0.000000 0 
1363200.000000 0.876409 1363200.000000 0.876409 0.995737 0.000000 0 
1845600.000000 0.790208 1845600.000000 0.790208 0.979360 0.000000 0 
1817040.000000 0.791131 1817040.000000 0.791131 0.966449 0.000000 0 
1399680.000000 0.861424 1399680.000000 0.861424 0.992731 0.000000 0 
1184640.000000 0.957498 1184640.000000 0.957498 0.995744 0.000000 0 
1296240.000000 0.894781 1296240.000000 0.894781 0.997559 0.000000 0 
1778400.000000 0.794311 1778400.000000 0.794311 0.982091 0.000000 0 
1332000.000000 0.884278 1332000.000000 0.884278 0.992197 0.000000 0 
1178880.000000 0.964086 1178880.000000 0.964086 0.998085 0.000000 0 
1344480.000000 0.877892 1344480.000000 0.877892 0.998699 0.000000 0 
1180560.000000 0.959313 1180560.000000 0.959313 0.998913 0.000000 0 
1319280.000000 0.889157 1319280.000000 0.889157 0.996603 0.000000 0 
1363200.000000 0.876409 1363200.000000 0.876409 0.995737 0.000000 0 
1874400.000000 0.789140 1874400.000000 0.789140 0.990134 0.000000 0 
1788720.000000 0.793592 1788720.000000 0.793592 0.989709 0.000000 0 
1889520.000000 0.788715 1889520.000000 0.788715 0.993459 0.000000 0 
1871520.000000 0.789522 1871520.000000 0.789522 0.989099 0.000000 0 
1483920.000000 0.840455 1483920.000000 0.840455 0.997777 0.000000 0 
1224240.000000 0.936204 1224240.000000 0.936204 0.999442 0.000000 0 
1565040.000000 0.829557 1565040.000000 0.829557 0.995167 0.000000 0 
1950240.000000 0.786687 1950240.000000 0.786687 0.985528 0.000000 0 
1464480.000000 0.842595 1464480.000000 0.842595 0.994681 0.000000 0 
#Generacion: 4500 
#Distancia: 306.929091 
2010960.000000 0.781812 2010960.000000 0.781812 0.962442 0.000000 0 
1064880.000000 1.334265 1064880.000000 1.334265 0.998295 0.000000 0 
1101840.000000 1.191795 1101840.000000 1.191795 0.999160 0.000000 0 
1103040.000000 1.052146 1103040.000000 1.052146 0.998502 0.000000 0 
1093200.000000 1.193095 1093200.000000 1.193095 0.999562 0.000000 0 
1086480.000000 1.273057 1086480.000000 1.273057 0.999910 0.000000 0 
1071360.000000 1.315482 1071360.000000 1.315482 0.997286 0.000000 0 
1086480.000000 1.273057 1086480.000000 1.273057 0.999910 0.000000 0 
1875120.000000 0.785555 1875120.000000 0.785555 0.976918 0.000000 0 
1551120.000000 0.821434 1551120.000000 0.821434 0.996350 0.000000 0 
1912320.000000 0.784571 1912320.000000 0.784571 0.967756 0.000000 0 
1266960.000000 0.907934 1266960.000000 0.907934 0.998745 0.000000 0 
1818240.000000 0.788051 1818240.000000 0.788051 0.974510 0.000000 0 
1312560.000000 0.889306 1312560.000000 0.889306 0.997240 0.000000 0 
1106160.000000 1.044735 1106160.000000 1.044735 0.996742 0.000000 0 
1199040.000000 0.941780 1199040.000000 0.941780 0.998208 0.000000 0 
1188720.000000 0.952471 1188720.000000 0.952471 0.987413 0.000000 0 
1581840.000000 0.821390 1581840.000000 0.821390 0.978506 0.000000 0 
1294320.000000 0.894871 1294320.000000 0.894871 0.997727 0.000000 0 
1363440.000000 0.873726 1363440.000000 0.873726 0.998897 0.000000 0 
1855920.000000 0.787231 1855920.000000 0.787231 0.984991 0.000000 0 
1069200.000000 1.332615 1069200.000000 1.332615 0.997898 0.000000 0 
1136880.000000 1.003353 1136880.000000 1.003353 0.997052 0.000000 0 
1540080.000000 0.831153 1540080.000000 0.831153 0.992546 0.000000 0 
1184640.000000 0.957498 1184640.000000 0.957498 0.995744 0.000000 0 
1393200.000000 0.865109 1393200.000000 0.865109 0.998770 0.000000 0 
1128480.000000 1.022780 1128480.000000 1.022780 0.998044 0.000000 0 
1342560.000000 0.877859 1342560.000000 0.877859 0.997248 0.000000 0 
1158480.000000 0.985521 1158480.000000 0.985521 0.997389 0.000000 0 
1172160.000000 0.964611 1172160.000000 0.964611 0.998701 0.000000 0 
1661760.000000 0.802543 1661760.000000 0.802543 0.995137 0.000000 0 
1113840.000000 1.034044 1113840.000000 1.034044 0.996180 0.000000 0 
1801200.000000 0.790726 1801200.000000 0.790726 0.970823 0.000000 0 
1718400.000000 0.795551 1718400.000000 0.795551 0.981066 0.000000 0 
1147920.000000 0.996508 1147920.000000 0.996508 0.996076 0.000000 0 
1120080.000000 1.031813 1120080.000000 1.031813 0.992317 0.000000 0 
1698480.000000 0.797372 1698480.000000 0.797372 0.987096 0.000000 0 
1777920.000000 0.791260 1777920.000000 0.791260 0.975660 0.000000 0 
1624320.000000 0.813164 1624320.000000 0.813164 0.990797 0.000000 0 
1376880.000000 0.869880 1376880.000000 0.869880 0.987650 0.000000 0 
1981200.000000 0.782854 1981200.000000 0.782854 0.998034 0.000000 0 
1248000.000000 0.914758 1248000.000000 0.914758 0.998628 0.000000 0 
1159200.000000 0.974471 1159200.000000 0.974471 0.999773 0.000000 0 
1276560.000000 0.902606 1276560.000000 0.902606 0.997813 0.000000 0 
1230000.000000 0.930897 1230000.000000 0.930897 0.998945 0.000000 0 
1678080.000000 0.799153 1678080.000000 0.799153 0.990352 0.000000 0 
1762800.000000 0.793353 1762800.000000 0.793353 0.988065 0.000000 0 
1154640.000000 0.993251 1154640.000000 0.993251 0.996780 0.000000 0 
1486800.000000 0.838598 1486800.000000 0.838598 0.998484 0.000000 0 
1476000.000000 0.841325 1476000.000000 0.841325 0.993658 0.000000 0 
1464480.000000 0.842595 1464480.000000 0.842595 0.994681 0.000000 0 
1427280.000000 0.855135 1427280.000000 0.855135 0.995494 0.000000 0 
1631280.000000 0.809835 1631280.000000 0.809835 0.985593 0.000000 0 
1325280.000000 0.886355 1325280.000000 0.886355 0.994813 0.000000 0 
1510560.000000 0.835769 1510560.000000 0.835769 0.995994 0.000000 0 
1496160.000000 0.836032 1496160.000000 0.836032 0.998480 0.000000 0 
1136640.000000 1.012233 1136640.000000 1.012233 0.998363 0.000000 0 
1739520.000000 0.794957 1739520.000000 0.794957 0.975269 0.000000 0 
1418880.000000 0.858017 1418880.000000 0.858017 0.991381 0.000000 0 
1234800.000000 0.921817 1234800.000000 0.921817 0.997545 0.000000 0 
1435200.000000 0.850734 1435200.000000 0.850734 0.994812 0.000000 0 
1453200.000000 0.845041 1453200.000000 0.845041 0.994872 0.000000 0 
1214640.000000 0.935493 1214640.000000 0.935493 0.996108 0.000000 0 
1519920.000000 0.833197 1519920.000000 0.833197 0.996064 0.000000 0 
1650720.000000 0.807959 1650720.000000 0.807959 0.993039 0.000000 0 
1965600.000000 0.783231 1965600.000000 0.783231 0.982782 0.000000 0 
1591680.000000 0.814910 1591680.000000 0.814910 0.986042 0.000000 0 
1203840.000000 0.937103 1203840.000000 0.937103 0.999873 0.000000 0 
1129680.000000 1.015720 1129680.000000 1.015720 0.996946 0.000000 0 
1743360.000000 0.793574 1743360.000000 0.793574 0.981501 0.000000 0 
1241280.000000 0.921158 1241280.000000 0.921158 0.998623 0.000000 0 
1407600.000000 0.860056 1407600.000000 0.860056 0.990680 0.000000 0 
1943040.000000 0.783854 1943040.000000 0.783854 0.971716 0.000000 0 
1532880.000000 0.833046 1532880.000000 0.833046 0.990518 0.000000 0 
1955280.000000 0.783360 1955280.000000 0.783360 0.994341 0.000000 0 
1222320.000000 0.931894 1222320.000000 0.931894 0.997854 0.000000 0 
1399680.000000 0.861424 1399680.000000 0.861424 0.992731 0.000000 0 
1705920.000000 0.795834 1705920.000000 0.795834 0.987874 0.000000 0 
1331760.000000 0.883788 1331760.000000 0.883788 0.994064 0.000000 0 
1646640.000000 0.809399 1646640.000000 0.809399 0.985725 0.000000 0 
1674240.000000 0.800568 1674240.000000 0.800568 0.991304 0.000000 0 
1855920.000000 0.787231 1855920.000000 0.787231 0.984991 0.000000 0 
1808880.000000 0.788300 1808880.000000 0.788300 0.964527 0.000000 0 
1922880.000000 0.784474 1922880.000000 0.784474 0.967372 0.000000 0 
1932720.000000 0.784042 1932720.000000 0.784042 0.978122 0.000000 0 
1338480.000000 0.880664 1338480.000000 0.880664 0.997957 0.000000 0 
1582800.000000 0.816314 1582800.000000 0.816314 0.997778 0.000000 0 
1604160.000000 0.813165 1604160.000000 0.813165 0.989511 0.000000 0 
1370400.000000 0.870877 1370400.000000 0.870877 0.991142 0.000000 0 
1288320.000000 0.898396 1288320.000000 0.898396 0.996738 0.000000 0 
1171440.000000 0.971045 1171440.000000 0.971045 0.994318 0.000000 0 
1282560.000000 0.899608 1282560.000000 0.899608 0.999946 0.000000 0 
1770480.000000 0.792087 1770480.000000 0.792087 0.978198 0.000000 0 
1164720.000000 0.971487 1164720.000000 0.971487 0.994758 0.000000 0 
1248000.000000 0.914758 1248000.000000 0.914758 0.998628 0.000000 0 
1995120.000000 0.782277 1995120.000000 0.782277 0.987414 0.000000 0 
1103040.000000 1.052146 1103040.000000 1.052146 0.998502 0.000000 0 
1443840.000000 0.848541 1443840.000000 0.848541 0.994427 0.000000 0 
1604160.000000 0.813165 1604160.000000 0.813165 0.989511 0.000000 0 
1444560.000000 0.847014 1444560.000000 0.847014 0.996023 0.000000 0 
#Generacion: 5000 
#Distancia: 325.991919 
