57390526.745366 55396368.477321 1994160.000000 1.731955 6.539637 55396366.745366 51 
50309516.051224 48308157.389847 2001360.000000 1.338623 5.830816 48308156.051224 33 
49162891.371636 47321373.673744 1841520.000000 2.302108 5.732137 47321371.371636 27 
56732542.992242 54609264.450758 2123280.000000 1.458515 6.460926 54609262.992242 49 
52184443.075235 50275725.660605 1908720.000000 2.585370 6.027572 50275723.075235 42 
36913535.197224 34924896.652321 1988640.000000 1.455097 4.492490 34924895.197224 10 
44547411.393428 42369413.146755 2178000.000000 1.753327 5.236941 42369411.393428 18 
51189920.412425 49218561.808589 1971360.000000 1.396164 5.921856 49218560.412425 38 
68317781.142341 66089142.281360 2228640.000000 1.139019 7.608914 66089141.142341 63 
53946253.584749 51926654.800763 2019600.000000 1.216014 6.192665 51926653.584749 47 
23152849088101.558594 23152847252343.039062 1835760.000000 1.479143 2315285.725234 23152847252341.558594 80 
58548071.006389 56509752.725560 2038320.000000 1.719172 6.650975 56509751.006389 53 
23924187.016526 21928588.443358 1995600.000000 1.426833 3.192859 21928587.016526 3 
38801050.005181 36810491.361063 1990560.000000 1.355882 4.681049 36810490.005181 12 
59015837.926615 56980879.629531 2034960.000000 1.702916 6.698088 56980877.926615 54 
76264045.303015 74353166.779719 1910880.000000 1.476704 8.435317 74353165.303015 67 
74768074.662384 72750155.874171 2017920.000000 1.211787 8.275015 72750154.662384 65 
162937665257465.781250 162937663117627.312500 2139840.000000 1.524133 16293767.311763 162937663117625.781250 91 
52839909.153234 50922550.756404 1917360.000000 1.603169 6.092255 50922549.153234 43 
49863494.006159 47952855.476734 1910640.000000 1.470575 5.795285 47952854.006159 31 
8784302234362.193359 8784299957003.947266 2277360.000000 1.753843 878430.995700 8784299957002.193359 76 
102257584.267599 100318627.178013 1938960.000000 2.910414 11.031862 100318624.267599 73 
48629339.277911 46717260.857482 1912080.000000 1.579571 5.671726 46717259.277911 25 
52997851.300256 50958573.077117 2039280.000000 1.776861 6.095857 50958571.300256 44 
25293037154588.562500 25293035155631.035156 1998960.000000 2.471631 2529304.515563 25293035155628.562500 81 
19921139.363273 17794260.669105 2126880.000000 1.305832 2.779426 17794259.363273 0 
23508831.185123 21439312.795898 2069520.000000 1.610775 3.143931 21439311.185123 1 
53130701.837419 51179743.176814 1950960.000000 1.339394 6.117974 51179741.837419 45 
45178023.044508 43421224.738323 1756800.000000 1.693815 5.342122 43421223.044508 20 
48170073.980197 46113275.404902 2056800.000000 1.424705 5.611327 46113273.980197 21 
65042058.708526 63070460.681834 1971600.000000 1.973308 7.307046 63070458.708526 61 
44050674.450299 42004436.148557 2046240.000000 1.698258 5.200443 42004434.450299 17 
49977122.215588 48060243.594259 1916880.000000 1.378672 5.806024 48060242.215588 32 
64617801.599878 62617883.143188 1999920.000000 1.543310 7.261788 62617881.599878 59 
58047862.225324 56080824.531860 1967040.000000 2.306536 6.608082 56080822.225324 52 
56883538.656005 55005540.414557 1878000.000000 1.758552 6.500554 55005538.656005 50 
83178931.602075 81271653.809818 1907280.000000 2.207743 9.127165 81271651.602075 69 
67362333456187.945312 67362331392670.953125 2063520.000000 3.007548 6736234.139267 67362331392667.945312 86 
55591798.343626 53518679.765824 2073120.000000 1.422198 6.351868 53518678.343626 48 
60634095.732447 58567457.350978 2066640.000000 1.618531 6.856746 58567455.732447 56 
23586083.076270 21443844.585207 2142240.000000 1.508937 3.144384 21443843.076270 2 
49149245.380971 47103247.343353 2046000.000000 1.962382 5.710325 47103245.380971 26 
87020235482796.593750 87020233419758.046875 2063040.000000 1.450410 8702024.341976 87020233419756.593750 89 
49042627.183334 47284629.268961 1758000.000000 2.085628 5.728463 47284627.183334 26 
43892033.560048 41885395.270458 2006640.000000 1.710410 5.188539 41885393.560048 16 
42758770.238368 40777091.640045 1981680.000000 1.401677 5.077709 40777090.238368 15 
41339206.705091 39152568.122614 2186640.000000 1.417523 4.915257 39152566.705091 14 
171155439484734.625000 171155437273618.156250 2211120.000000 3.539061 17115544.727361 171155437273614.625000 93 
52145990.854685 50368073.220316 1777920.000000 2.365631 6.036807 50368070.854685 41 
29589874826829.984375 29589872881871.855469 1944960.000000 1.870876 2958988.288187 29589872881869.984375 82 
94276487.194376 92318328.535946 1958160.000000 1.341570 10.231833 92318327.194376 71 
53761978.317689 51828540.049867 1933440.000000 1.732178 6.182854 51828538.317689 46 
51781801.399986 49838042.839176 1943760.000000 1.439190 5.983804 49838041.399986 40 
152736513025740.906250 152736511003502.718750 2022240.000000 1.826583 15273652.100350 152736511003500.906250 90 
50808685.422004 48897567.005612 1911120.000000 1.583608 5.889757 48897565.422004 35 
19864381050337.703125 19864379238579.265625 1811760.000000 1.562741 1986438.923858 19864379238577.703125 78 
36910280.126032 34854441.816094 2055840.000000 1.690062 4.485444 34854440.126032 9 
61410331768956.859375 61410329759200.023438 2009760.000000 3.164748 6141033.975920 61410329759196.859375 85 
51228697.056718 49308698.443667 1920000.000000 1.386949 5.930870 49308697.056718 39 
25108071.804520 23039513.001559 2068560.000000 1.197038 3.303951 23039511.804520 5 
35782326.724408 33713048.428783 2069280.000000 1.704375 4.371305 33713046.724408 8 
8562690556558.250000 8562688733040.447266 1823520.000000 2.197314 856269.873304 8562688733038.250000 75 
53147034.189276 51106075.559223 2040960.000000 1.369946 6.110607 51106074.189276 45 
64941839.633224 62893201.166114 2048640.000000 1.532891 7.289320 62893199.633224 60 
50515911.777426 48392873.712262 2123040.000000 1.934836 5.839287 48392871.777426 34 
63650769.562752 61586050.912198 2064720.000000 1.349446 7.158605 61586049.562752 58 
45014969.910799 42966091.978661 2048880.000000 2.067863 5.296609 42966089.910799 19 
24796213.344775 22776614.554640 2019600.000000 1.209864 3.277661 22776613.344775 4 
50921729.283822 48936930.664898 1984800.000000 1.381075 5.893693 48936929.283822 36 
3623595262003.492188 3623593148565.572754 2113440.000000 2.080418 362360.314856 3623593148563.492188 74 
524780033891942.000000 524780031830103.375000 2061840.000000 1.404708 52478004.183010 524780031830102.000000 95 
31740579.580933 29522261.245816 2218320.000000 1.664883 3.952226 29522259.580933 7 
77893344384322.750000 77893342328484.187500 2055840.000000 1.440637 7789335.232848 77893342328482.750000 88 
63263789.377203 61038510.730858 2225280.000000 1.353656 7.103851 61038509.377203 57 
96883591.881255 95047835.170338 1835760.000000 3.289082 10.504783 95047831.881255 72 
431030112264876.375000 431030110499678.812500 1765200.000000 2.417644 43103012.049968 431030110499676.375000 94 
169373210289257.968750 169373208098059.687500 2191200.000000 1.726877 16937321.809806 169373208098057.968750 92 
13558399152287.632812 13558397213569.765625 1938720.000000 2.133219 1355840.721357 13558397213567.632812 77 
75956838.814173 73989560.582112 1967280.000000 1.767939 8.398956 73989558.814173 66 
48344395.732830 46176958.074043 2167440.000000 2.341213 5.617696 46176955.732830 22 
31748620770643.312500 31748618761126.343750 2009520.000000 3.029649 3174862.876112 31748618761123.312500 83 
20091395280191.765625 20091393284354.054688 1995840.000000 2.289147 2009140.328435 20091393284351.765625 79 
88754683.558765 86806845.920122 1947840.000000 2.361357 9.680684 86806843.558765 70 
37418595.036999 35476277.408513 1942320.000000 2.371514 4.547628 35476275.036999 11 
48412555.744590 46234557.069031 2178000.000000 1.324441 5.623456 46234555.744590 23 
52161381.266737 50132902.965520 2028480.000000 1.698783 6.013290 50132901.266737 41 
59783007.265206 57934289.068205 1848720.000000 1.802999 6.793429 57934287.265206 55 
49547654.234265 47703975.808175 1843680.000000 1.573909 5.770397 47703974.234265 29 
5082620664441835.000000 5082620662354076.000000 2087760.000000 1.395789 508262067.235408 5082620662354075.000000 96 
80360103.454770 78270185.302777 2089920.000000 1.848007 8.827018 78270183.454770 68 
51126261.323698 49209862.650264 1916400.000000 1.326566 5.920986 49209861.323698 37 
27308442.126704 25249483.299396 2058960.000000 1.172692 3.524948 25249482.126704 6 
49810634.002304 47776875.321506 2033760.000000 1.319202 5.777687 47776874.002304 30 
49356362.147730 47378283.782370 1978080.000000 1.634640 5.737828 47378282.147730 28 
40570950.268512 38782952.657746 1788000.000000 2.389234 4.878295 38782950.268512 13 
77069898899852.875000 77069896987534.187500 1912320.000000 1.313535 7706990.698753 77069896987532.875000 87 
70375761.668363 68301923.194358 2073840.000000 1.525995 7.830192 68301921.668363 64 
48572553.856941 46451435.098339 2121120.000000 1.241397 5.645143 46451433.856941 24 
65359272.493000 63336794.304769 2022480.000000 1.811769 7.333679 63336792.493000 62 
50755795358415.421875 50755793374336.828125 1984080.000000 1.409677 5075580.337434 50755793374335.421875 84 
#Generacion: 1 
#Distancia: 788.948384 
1590960.000000 0.867274 1590960.000000 0.867274 0.990288 0.000000 0 
1548960.000000 0.873710 1548960.000000 0.873710 0.999269 0.000000 0 
1280640.000000 1.081662 1280640.000000 1.081662 0.993026 0.000000 0 
1548960.000000 0.873710 1548960.000000 0.873710 0.999269 0.000000 0 
1750800.000000 0.844695 1750800.000000 0.844695 0.991914 0.000000 0 
1553760.000000 0.870752 1553760.000000 0.870752 0.992788 0.000000 0 
1632000.000000 0.858765 1632000.000000 0.858765 0.990859 0.000000 0 
1272000.000000 1.097424 1272000.000000 1.097424 0.981038 0.000000 0 
1608000.000000 0.864125 1608000.000000 0.864125 0.984709 0.000000 0 
1374000.000000 0.918876 1374000.000000 0.918876 0.986668 0.000000 0 
1337040.000000 0.962478 1337040.000000 0.962478 0.990510 0.000000 0 
1325280.000000 0.964186 1325280.000000 0.964186 0.980311 0.000000 0 
1278000.000000 1.083775 1278000.000000 1.083775 0.991181 0.000000 0 
1565280.000000 0.868659 1565280.000000 0.868659 0.997383 0.000000 0 
1750800.000000 0.844695 1750800.000000 0.844695 0.991914 0.000000 0 
1446720.000000 0.886727 1446720.000000 0.886727 0.981354 0.000000 0 
1456080.000000 0.886047 1456080.000000 0.886047 0.994544 0.000000 0 
1736640.000000 0.847849 1736640.000000 0.847849 0.989605 0.000000 0 
1593120.000000 0.865664 1593120.000000 0.865664 0.995069 0.000000 0 
1680960.000000 0.849026 1680960.000000 0.849026 0.998979 0.000000 0 
1541280.000000 0.874437 1541280.000000 0.874437 0.993333 0.000000 0 
1405200.000000 0.901933 1405200.000000 0.901933 0.982646 0.000000 0 
1758720.000000 0.844558 1758720.000000 0.844558 0.991028 0.000000 0 
1541280.000000 0.874437 1541280.000000 0.874437 0.993333 0.000000 0 
1358160.000000 0.936568 1358160.000000 0.936568 0.943704 0.000000 0 
1652880.000000 0.856120 1652880.000000 0.856120 0.997713 0.000000 0 
1595760.000000 0.865069 1595760.000000 0.865069 0.995024 0.000000 0 
1272000.000000 1.097424 1272000.000000 1.097424 0.981038 0.000000 0 
1466640.000000 0.885886 1466640.000000 0.885886 0.993703 0.000000 0 
1340880.000000 0.949094 1340880.000000 0.949094 0.944724 0.000000 0 
1280640.000000 1.081662 1280640.000000 1.081662 0.993026 0.000000 0 
1742160.000000 0.846268 1742160.000000 0.846268 0.992238 0.000000 0 
1637520.000000 0.857879 1637520.000000 0.857879 0.991209 0.000000 0 
1785840.000000 0.840043 1785840.000000 0.840043 0.978887 0.000000 0 
1632000.000000 0.858765 1632000.000000 0.858765 0.990859 0.000000 0 
1288800.000000 1.065976 1288800.000000 1.065976 0.994650 0.000000 0 
1358160.000000 0.936568 1358160.000000 0.936568 0.943704 0.000000 0 
1680960.000000 0.849026 1680960.000000 0.849026 0.998979 0.000000 0 
1599840.000000 0.864476 1599840.000000 0.864476 0.996422 0.000000 0 
1768320.000000 0.840551 1768320.000000 0.840551 0.980054 0.000000 0 
1478160.000000 0.880922 1478160.000000 0.880922 0.995947 0.000000 0 
1319760.000000 0.979445 1319760.000000 0.979445 0.961638 0.000000 0 
1399680.000000 0.911461 1399680.000000 0.911461 0.994814 0.000000 0 
1612080.000000 0.861062 1612080.000000 0.861062 0.982885 0.000000 0 
1529280.000000 0.877121 1529280.000000 0.877121 0.964613 0.000000 0 
1381920.000000 0.914003 1381920.000000 0.914003 0.992856 0.000000 0 
1374000.000000 0.918876 1374000.000000 0.918876 0.986668 0.000000 0 
1342560.000000 0.941787 1342560.000000 0.941787 0.946419 0.000000 0 
1612080.000000 0.861062 1612080.000000 0.861062 0.982885 0.000000 0 
1299600.000000 1.042539 1299600.000000 1.042539 0.951436 0.000000 0 
1366800.000000 0.933140 1366800.000000 0.933140 0.971379 0.000000 0 
1662720.000000 0.852900 1662720.000000 0.852900 0.982996 0.000000 0 
1420800.000000 0.890207 1420800.000000 0.890207 0.979391 0.000000 0 
1609200.000000 0.861367 1609200.000000 0.861367 0.988042 0.000000 0 
1517040.000000 0.880613 1517040.000000 0.880613 0.994118 0.000000 0 
1788720.000000 0.838774 1788720.000000 0.838774 0.968125 0.000000 0 
1300320.000000 0.992235 1300320.000000 0.992235 0.978417 0.000000 0 
1453440.000000 0.886682 1453440.000000 0.886682 0.960195 0.000000 0 
1239600.000000 1.097705 1239600.000000 1.097705 0.991671 0.000000 0 
1612080.000000 0.861062 1612080.000000 0.861062 0.982885 0.000000 0 
1262160.000000 1.230007 1262160.000000 1.230007 0.985777 0.000000 1 
1801200.000000 0.839885 1801200.000000 0.839885 0.978522 0.000000 1 
1763280.000000 0.844865 1763280.000000 0.844865 0.991553 0.000000 1 
1281360.000000 1.095018 1281360.000000 1.095018 0.996263 0.000000 1 
1264560.000000 1.113965 1264560.000000 1.113965 0.978926 0.000000 1 
1704000.000000 0.849962 1704000.000000 0.849962 0.996148 0.000000 1 
1633680.000000 0.859924 1633680.000000 0.859924 0.999224 0.000000 1 
1305840.000000 1.000380 1305840.000000 1.000380 0.988543 0.000000 1 
1406880.000000 0.913150 1406880.000000 0.913150 0.995952 0.000000 1 
1336320.000000 0.966760 1336320.000000 0.966760 0.956592 0.000000 1 
1320960.000000 0.987223 1320960.000000 0.987223 0.980287 0.000000 1 
1532640.000000 0.877813 1532640.000000 0.877813 0.971742 0.000000 1 
1592400.000000 0.868340 1592400.000000 0.868340 0.989185 0.000000 1 
1302720.000000 1.034722 1302720.000000 1.034722 0.985276 0.000000 1 
1616400.000000 0.864708 1616400.000000 0.864708 0.987037 0.000000 1 
1481520.000000 0.886156 1481520.000000 0.886156 0.968375 0.000000 1 
1410240.000000 0.902509 1410240.000000 0.902509 0.981473 0.000000 1 
1525680.000000 0.881744 1525680.000000 0.881744 0.969956 0.000000 1 
1567200.000000 0.870208 1567200.000000 0.870208 0.982315 0.000000 1 
1288800.000000 1.075241 1288800.000000 1.075241 0.985234 0.000000 1 
1431120.000000 0.897091 1431120.000000 0.897091 0.994912 0.000000 1 
1332480.000000 0.981538 1332480.000000 0.981538 0.973593 0.000000 1 
1301040.000000 1.070491 1301040.000000 1.070491 0.988933 0.000000 1 
1503360.000000 0.883488 1503360.000000 0.883488 0.996534 0.000000 1 
1556400.000000 0.873937 1556400.000000 0.873937 0.956730 0.000000 1 
1432560.000000 0.893548 1432560.000000 0.893548 0.975461 0.000000 1 
1498560.000000 0.883846 1498560.000000 0.883846 0.974260 0.000000 1 
1360560.000000 0.940262 1360560.000000 0.940262 0.960276 0.000000 1 
1627440.000000 0.861909 1627440.000000 0.861909 0.996554 0.000000 1 
1336080.000000 0.975809 1336080.000000 0.975809 0.986128 0.000000 1 
1345200.000000 0.943559 1345200.000000 0.943559 0.953995 0.000000 1 
1664640.000000 0.854798 1664640.000000 0.854798 0.999873 0.000000 1 
1373040.000000 0.933543 1373040.000000 0.933543 0.997584 0.000000 1 
1544160.000000 0.874982 1544160.000000 0.874982 0.982357 0.000000 1 
1292400.000000 1.070632 1292400.000000 1.070632 0.983320 0.000000 1 
1402560.000000 0.913309 1402560.000000 0.913309 0.954695 0.000000 1 
1368240.000000 0.935586 1368240.000000 0.935586 0.996815 0.000000 1 
1301760.000000 1.041236 1301760.000000 1.041236 0.993162 0.000000 1 
1664640.000000 0.854798 1664640.000000 0.854798 0.999873 0.000000 1 
1378320.000000 0.923105 1378320.000000 0.923105 0.994365 0.000000 1 
#Generacion: 500 
#Distancia: 264.995859 
1165200.000000 1.086613 1165200.000000 1.086613 0.985543 0.000000 0 
1915680.000000 0.815830 1915680.000000 0.815830 0.981366 0.000000 0 
1187760.000000 1.013274 1187760.000000 1.013274 0.978322 0.000000 0 
1180560.000000 1.072969 1180560.000000 1.072969 0.960757 0.000000 0 
1830240.000000 0.818818 1830240.000000 0.818818 0.976654 0.000000 0 
1231200.000000 0.980734 1231200.000000 0.980734 0.976885 0.000000 0 
1253520.000000 0.958887 1253520.000000 0.958887 0.995579 0.000000 0 
1297920.000000 0.928069 1297920.000000 0.928069 0.984408 0.000000 0 
1793760.000000 0.820458 1793760.000000 0.820458 0.978747 0.000000 0 
1234080.000000 0.962185 1234080.000000 0.962185 0.986749 0.000000 0 
1178160.000000 1.074118 1178160.000000 1.074118 0.999157 0.000000 0 
1871280.000000 0.818642 1871280.000000 0.818642 0.978446 0.000000 0 
1260240.000000 0.949148 1260240.000000 0.949148 0.989497 0.000000 0 
1635840.000000 0.831565 1635840.000000 0.831565 0.992730 0.000000 0 
1304160.000000 0.913057 1304160.000000 0.913057 0.997971 0.000000 0 
1200960.000000 0.998208 1200960.000000 0.998208 0.984334 0.000000 0 
1276560.000000 0.935198 1276560.000000 0.935198 0.977770 0.000000 0 
1198560.000000 1.012115 1198560.000000 1.012115 0.968622 0.000000 0 
1668240.000000 0.829704 1668240.000000 0.829704 0.974570 0.000000 0 
1877280.000000 0.817553 1877280.000000 0.817553 0.980957 0.000000 0 
1907040.000000 0.815902 1907040.000000 0.815902 0.981149 0.000000 0 
1365840.000000 0.881821 1365840.000000 0.881821 0.968542 0.000000 0 
1401360.000000 0.875725 1401360.000000 0.875725 0.975591 0.000000 0 
1345440.000000 0.894400 1345440.000000 0.894400 0.973604 0.000000 0 
1603440.000000 0.836990 1603440.000000 0.836990 0.969383 0.000000 0 
1271280.000000 0.944502 1271280.000000 0.944502 0.978101 0.000000 0 
1337280.000000 0.900723 1337280.000000 0.900723 0.996356 0.000000 0 
1326960.000000 0.906664 1326960.000000 0.906664 0.975871 0.000000 0 
1225440.000000 0.988459 1225440.000000 0.988459 0.996227 0.000000 0 
1585680.000000 0.837915 1585680.000000 0.837915 0.992193 0.000000 0 
1516800.000000 0.851126 1516800.000000 0.851126 0.968258 0.000000 0 
1466640.000000 0.863056 1466640.000000 0.863056 0.992472 0.000000 0 
1698720.000000 0.824948 1698720.000000 0.824948 0.970583 0.000000 0 
1319520.000000 0.909864 1319520.000000 0.909864 0.972992 0.000000 0 
1541280.000000 0.849758 1541280.000000 0.849758 0.993517 0.000000 0 
1543680.000000 0.845166 1543680.000000 0.845166 0.960847 0.000000 0 
1778400.000000 0.821119 1778400.000000 0.821119 0.974566 0.000000 0 
1392960.000000 0.880391 1392960.000000 0.880391 0.971472 0.000000 0 
1487760.000000 0.862295 1487760.000000 0.862295 0.963362 0.000000 0 
1362480.000000 0.891127 1362480.000000 0.891127 0.980754 0.000000 0 
1234080.000000 0.962185 1234080.000000 0.962185 0.986749 0.000000 0 
1681440.000000 0.826387 1681440.000000 0.826387 0.977655 0.000000 0 
1413840.000000 0.872913 1413840.000000 0.872913 0.977700 0.000000 0 
1756560.000000 0.822001 1756560.000000 0.822001 0.972050 0.000000 0 
1285440.000000 0.932624 1285440.000000 0.932624 0.983929 0.000000 0 
1430400.000000 0.870624 1430400.000000 0.870624 0.977005 0.000000 0 
1362480.000000 0.891127 1362480.000000 0.891127 0.980754 0.000000 0 
1564080.000000 0.840651 1564080.000000 0.840651 0.990469 0.000000 0 
1304160.000000 0.913057 1304160.000000 0.913057 0.997971 0.000000 0 
1415760.000000 0.870785 1415760.000000 0.870785 0.982457 0.000000 0 
1742880.000000 0.822798 1742880.000000 0.822798 0.971880 0.000000 0 
1621920.000000 0.836635 1621920.000000 0.836635 0.974960 0.000000 0 
1714080.000000 0.823984 1714080.000000 0.823984 0.949685 0.000000 0 
1379280.000000 0.881734 1379280.000000 0.881734 0.968882 0.000000 0 
1460160.000000 0.865621 1460160.000000 0.865621 0.971835 0.000000 0 
1207680.000000 0.997833 1207680.000000 0.997833 0.972377 0.000000 0 
1560960.000000 0.844990 1560960.000000 0.844990 0.983865 0.000000 0 
1507200.000000 0.852094 1507200.000000 0.852094 0.965700 0.000000 0 
1211520.000000 0.992048 1211520.000000 0.992048 0.974870 0.000000 0 
1708320.000000 0.824776 1708320.000000 0.824776 0.969449 0.000000 0 
1450560.000000 0.868609 1450560.000000 0.868609 0.967411 0.000000 0 
1384320.000000 0.880543 1384320.000000 0.880543 0.971117 0.000000 0 
1488720.000000 0.860115 1488720.000000 0.860115 0.963559 0.000000 0 
1577280.000000 0.840295 1577280.000000 0.840295 0.968364 0.000000 0 
1631760.000000 0.833980 1631760.000000 0.833980 0.947711 0.000000 0 
1268400.000000 0.946116 1268400.000000 0.946116 0.975204 0.000000 0 
1320240.000000 0.907778 1320240.000000 0.907778 0.976799 0.000000 0 
1676400.000000 0.827030 1676400.000000 0.827030 0.989021 0.000000 0 
1673520.000000 0.829290 1673520.000000 0.829290 0.979553 0.000000 0 
1562880.000000 0.844542 1562880.000000 0.844542 0.960911 0.000000 0 
1498560.000000 0.856317 1498560.000000 0.856317 0.964383 0.000000 0 
1541760.000000 0.849087 1541760.000000 0.849087 0.984928 0.000000 0 
1216560.000000 0.989586 1216560.000000 0.989586 0.972248 0.000000 0 
1338960.000000 0.897401 1338960.000000 0.897401 0.970730 0.000000 0 
1441920.000000 0.869913 1441920.000000 0.869913 0.973124 0.000000 0 
1293600.000000 0.931695 1293600.000000 0.931695 0.981138 0.000000 0 
1727760.000000 0.823782 1727760.000000 0.823782 0.969452 0.000000 0 
1575840.000000 0.840416 1575840.000000 0.840416 0.967840 0.000000 0 
1629600.000000 0.835339 1629600.000000 0.835339 0.970148 0.000000 0 
1463280.000000 0.865448 1463280.000000 0.865448 0.991117 0.000000 0 
1439760.000000 0.869936 1439760.000000 0.869936 0.972634 0.000000 0 
1502880.000000 0.855358 1502880.000000 0.855358 0.953163 0.000000 0 
1765920.000000 0.821433 1765920.000000 0.821433 0.972218 0.000000 0 
1511760.000000 0.851385 1511760.000000 0.851385 0.963645 0.000000 0 
1450560.000000 0.868609 1450560.000000 0.868609 0.967411 0.000000 0 
1495680.000000 0.859094 1495680.000000 0.859094 0.991845 0.000000 0 
1216800.000000 0.988532 1216800.000000 0.988532 0.996569 0.000000 0 
1211520.000000 0.992048 1211520.000000 0.992048 0.974870 0.000000 0 
1623360.000000 0.835973 1623360.000000 0.835973 0.992517 0.000000 0 
1735680.000000 0.823340 1735680.000000 0.823340 0.967662 0.000000 0 
1194480.000000 1.013262 1194480.000000 1.013262 0.978719 0.000000 0 
1765920.000000 0.821433 1765920.000000 0.821433 0.972218 0.000000 0 
1338960.000000 0.897401 1338960.000000 0.897401 0.970730 0.000000 0 
1293600.000000 0.931695 1293600.000000 0.931695 0.981138 0.000000 0 
1496400.000000 0.858479 1496400.000000 0.858479 0.988366 0.000000 0 
1727760.000000 0.823782 1727760.000000 0.823782 0.969452 0.000000 0 
1915680.000000 0.815830 1915680.000000 0.815830 0.981366 0.000000 0 
1737120.000000 0.823200 1737120.000000 0.823200 0.969808 0.000000 0 
1207440.000000 0.998155 1207440.000000 0.998155 0.984430 0.000000 0 
1268400.000000 0.946116 1268400.000000 0.946116 0.975204 0.000000 0 
#Generacion: 1000 
#Distancia: 266.861515 
2021040.000000 0.805703 2021040.000000 0.805703 0.988482 0.000000 0 
1118640.000000 1.083151 1118640.000000 1.083151 0.985634 0.000000 0 
1136640.000000 1.054921 1136640.000000 1.054921 0.992877 0.000000 0 
1972800.000000 0.805913 1972800.000000 0.805913 0.990173 0.000000 0 
1824960.000000 0.811779 1824960.000000 0.811779 0.975717 0.000000 0 
1139520.000000 1.041706 1139520.000000 1.041706 0.997387 0.000000 0 
1247520.000000 0.923582 1247520.000000 0.923582 0.993992 0.000000 0 
1129920.000000 1.070272 1129920.000000 1.070272 0.996295 0.000000 0 
1134960.000000 1.070111 1134960.000000 1.070111 0.999412 0.000000 0 
1162320.000000 1.005155 1162320.000000 1.005155 0.994320 0.000000 0 
1246560.000000 0.938014 1246560.000000 0.938014 0.991384 0.000000 0 
1307760.000000 0.896279 1307760.000000 0.896279 0.993328 0.000000 0 
1784160.000000 0.815782 1784160.000000 0.815782 0.979956 0.000000 0 
1177920.000000 0.987093 1177920.000000 0.987093 0.999488 0.000000 0 
1270320.000000 0.917984 1270320.000000 0.917984 0.994828 0.000000 0 
1360560.000000 0.879077 1360560.000000 0.879077 0.984003 0.000000 0 
1753920.000000 0.816636 1753920.000000 0.816636 0.961738 0.000000 0 
1652400.000000 0.825318 1652400.000000 0.825318 0.998483 0.000000 0 
1383840.000000 0.877458 1383840.000000 0.877458 0.999383 0.000000 0 
1256160.000000 0.919662 1256160.000000 0.919662 0.992999 0.000000 0 
1797840.000000 0.812974 1797840.000000 0.812974 0.979417 0.000000 0 
1691280.000000 0.822769 1691280.000000 0.822769 0.976669 0.000000 0 
1637760.000000 0.827287 1637760.000000 0.827287 0.972201 0.000000 0 
1856640.000000 0.809376 1856640.000000 0.809376 0.995904 0.000000 0 
1273200.000000 0.910836 1273200.000000 0.910836 0.978507 0.000000 0 
1414320.000000 0.868044 1414320.000000 0.868044 0.982410 0.000000 0 
1188480.000000 0.984362 1188480.000000 0.984362 0.995734 0.000000 0 
1304880.000000 0.903738 1304880.000000 0.903738 0.976176 0.000000 0 
1555200.000000 0.838444 1555200.000000 0.838444 0.993783 0.000000 0 
1164240.000000 0.999346 1164240.000000 0.999346 0.986765 0.000000 0 
1406880.000000 0.870423 1406880.000000 0.870423 0.975848 0.000000 0 
1565760.000000 0.834935 1565760.000000 0.834935 0.969549 0.000000 0 
1170720.000000 0.996391 1170720.000000 0.996391 0.985144 0.000000 0 
1942080.000000 0.807318 1942080.000000 0.807318 0.990316 0.000000 0 
1946880.000000 0.807016 1946880.000000 0.807016 0.988574 0.000000 0 
1623120.000000 0.828636 1623120.000000 0.828636 0.978207 0.000000 0 
1297440.000000 0.904874 1297440.000000 0.904874 0.990131 0.000000 0 
1856640.000000 0.809376 1856640.000000 0.809376 0.995904 0.000000 0 
1888320.000000 0.808469 1888320.000000 0.808469 0.994055 0.000000 0 
1208400.000000 0.971590 1208400.000000 0.971590 0.991281 0.000000 0 
1321200.000000 0.894464 1321200.000000 0.894464 0.993078 0.000000 0 
1719600.000000 0.821345 1719600.000000 0.821345 0.963306 0.000000 0 
1141440.000000 1.034826 1141440.000000 1.034826 0.989349 0.000000 0 
1703520.000000 0.821384 1703520.000000 0.821384 0.975560 0.000000 0 
1612320.000000 0.830245 1612320.000000 0.830245 0.990683 0.000000 0 
1395360.000000 0.873526 1395360.000000 0.873526 0.974209 0.000000 0 
1192560.000000 0.977033 1192560.000000 0.977033 0.992484 0.000000 0 
1527360.000000 0.844043 1527360.000000 0.844043 0.971773 0.000000 0 
1329360.000000 0.892337 1329360.000000 0.892337 0.993408 0.000000 0 
1745520.000000 0.817820 1745520.000000 0.817820 0.972938 0.000000 0 
1494720.000000 0.846320 1494720.000000 0.846320 0.974591 0.000000 0 
1210560.000000 0.965258 1210560.000000 0.965258 0.982379 0.000000 0 
1429680.000000 0.865386 1429680.000000 0.865386 0.970257 0.000000 0 
1216080.000000 0.955098 1216080.000000 0.955098 0.984951 0.000000 0 
1488960.000000 0.848952 1488960.000000 0.848952 0.968117 0.000000 0 
1282800.000000 0.907632 1282800.000000 0.907632 0.991801 0.000000 0 
1539600.000000 0.841919 1539600.000000 0.841919 0.970490 0.000000 0 
1587840.000000 0.832633 1587840.000000 0.832633 0.993831 0.000000 0 
1451040.000000 0.863689 1451040.000000 0.863689 0.964228 0.000000 0 
1211040.000000 0.956807 1211040.000000 0.956807 0.985947 0.000000 0 
1224000.000000 0.951168 1224000.000000 0.951168 0.989631 0.000000 0 
1575120.000000 0.833269 1575120.000000 0.833269 0.983484 0.000000 0 
1198800.000000 0.972240 1198800.000000 0.972240 0.998726 0.000000 0 
1241760.000000 0.941468 1241760.000000 0.941468 0.970533 0.000000 0 
1888320.000000 0.808469 1888320.000000 0.808469 0.994055 0.000000 0 
1210800.000000 0.962585 1210800.000000 0.962585 0.988268 0.000000 0 
1461840.000000 0.853204 1461840.000000 0.853204 0.988666 0.000000 0 
1232160.000000 0.942738 1232160.000000 0.942738 0.990125 0.000000 0 
1544640.000000 0.840053 1544640.000000 0.840053 0.969406 0.000000 0 
1511280.000000 0.845996 1511280.000000 0.845996 0.969134 0.000000 0 
1226160.000000 0.945190 1226160.000000 0.945190 0.977823 0.000000 0 
1343520.000000 0.886537 1343520.000000 0.886537 0.992597 0.000000 0 
1354080.000000 0.882307 1354080.000000 0.882307 0.996675 0.000000 0 
1353600.000000 0.884459 1353600.000000 0.884459 0.986421 0.000000 0 
1386720.000000 0.874273 1386720.000000 0.874273 0.974451 0.000000 0 
1335600.000000 0.889017 1335600.000000 0.889017 0.990869 0.000000 0 
1456320.000000 0.858764 1456320.000000 0.858764 0.979756 0.000000 0 
1796640.000000 0.815541 1796640.000000 0.815541 0.978955 0.000000 0 
1515840.000000 0.844579 1515840.000000 0.844579 0.974756 0.000000 0 
1150080.000000 1.034738 1150080.000000 1.034738 0.989759 0.000000 0 
1193040.000000 0.975743 1193040.000000 0.975743 0.988973 0.000000 0 
1225920.000000 0.949031 1225920.000000 0.949031 0.979338 0.000000 0 
1456320.000000 0.858764 1456320.000000 0.858764 0.979756 0.000000 0 
1481280.000000 0.851629 1481280.000000 0.851629 0.993559 0.000000 0 
1477440.000000 0.851769 1477440.000000 0.851769 0.994614 0.000000 0 
1464960.000000 0.852847 1464960.000000 0.852847 0.999255 0.000000 0 
1278480.000000 0.908417 1278480.000000 0.908417 0.993565 0.000000 0 
1728960.000000 0.818830 1728960.000000 0.818830 0.990358 0.000000 0 
1442400.000000 0.863745 1442400.000000 0.863745 0.964202 0.000000 0 
1181760.000000 0.985613 1181760.000000 0.985613 0.971483 0.000000 0 
1432560.000000 0.863990 1432560.000000 0.863990 0.996363 0.000000 0 
1728960.000000 0.818830 1728960.000000 0.818830 0.990358 0.000000 0 
1150560.000000 1.005985 1150560.000000 1.005985 0.992033 0.000000 0 
1198800.000000 0.972240 1198800.000000 0.972240 0.998726 0.000000 0 
1188480.000000 0.984362 1188480.000000 0.984362 0.995734 0.000000 0 
1292400.000000 0.906488 1292400.000000 0.906488 0.976873 0.000000 0 
1671600.000000 0.823050 1671600.000000 0.823050 0.968209 0.000000 0 
1596480.000000 0.831261 1596480.000000 0.831261 0.966068 0.000000 0 
1693440.000000 0.821611 1693440.000000 0.821611 0.992573 0.000000 0 
1905360.000000 0.807861 1905360.000000 0.807861 0.998344 0.000000 0 
#Generacion: 1500 
#Distancia: 266.831313 
1110720.000000 1.097541 1110720.000000 1.097541 0.984923 0.000000 0 
2038800.000000 0.795464 2038800.000000 0.795464 0.989679 0.000000 0 
1110720.000000 1.097541 1110720.000000 1.097541 0.984923 0.000000 0 
1140480.000000 1.011897 1140480.000000 1.011897 0.997344 0.000000 0 
1139520.000000 1.041706 1139520.000000 1.041706 0.997387 0.000000 0 
1849200.000000 0.808131 1849200.000000 0.808131 0.992650 0.000000 0 
1776240.000000 0.808579 1776240.000000 0.808579 0.991613 0.000000 0 
1123440.000000 1.052345 1123440.000000 1.052345 0.981900 0.000000 0 
1998720.000000 0.796789 1998720.000000 0.796789 0.990650 0.000000 0 
1226880.000000 0.932815 1226880.000000 0.932815 0.973833 0.000000 0 
1119840.000000 1.070295 1119840.000000 1.070295 0.998712 0.000000 0 
1966320.000000 0.798799 1966320.000000 0.798799 0.992058 0.000000 0 
1115760.000000 1.097077 1115760.000000 1.097077 0.989492 0.000000 0 
1231680.000000 0.927057 1231680.000000 0.927057 0.986418 0.000000 0 
1170720.000000 0.996391 1170720.000000 0.996391 0.985144 0.000000 0 
1226160.000000 0.945190 1226160.000000 0.945190 0.977823 0.000000 0 
1173600.000000 0.985366 1173600.000000 0.985366 0.979963 0.000000 0 
1485840.000000 0.846962 1485840.000000 0.846962 0.986631 0.000000 0 
1118640.000000 1.083151 1118640.000000 1.083151 0.985634 0.000000 0 
1178640.000000 0.978595 1178640.000000 0.978595 0.990690 0.000000 0 
1926960.000000 0.801380 1926960.000000 0.801380 0.991263 0.000000 0 
2021760.000000 0.796100 2021760.000000 0.796100 0.999473 0.000000 0 
1761840.000000 0.811568 1761840.000000 0.811568 0.993621 0.000000 0 
1149840.000000 1.005842 1149840.000000 1.005842 0.998154 0.000000 0 
1861200.000000 0.805278 1861200.000000 0.805278 0.997475 0.000000 0 
1264320.000000 0.914658 1264320.000000 0.914658 0.981530 0.000000 0 
1119840.000000 1.070295 1119840.000000 1.070295 0.998712 0.000000 0 
1118640.000000 1.083151 1118640.000000 1.083151 0.985634 0.000000 0 
1446720.000000 0.855363 1446720.000000 0.855363 0.990492 0.000000 0 
1879920.000000 0.804645 1879920.000000 0.804645 0.995549 0.000000 0 
1403520.000000 0.866000 1403520.000000 0.866000 0.988270 0.000000 0 
1273200.000000 0.910729 1273200.000000 0.910729 0.978882 0.000000 0 
1439760.000000 0.859229 1439760.000000 0.859229 0.999759 0.000000 0 
1187760.000000 0.957785 1187760.000000 0.957785 0.984536 0.000000 0 
1185120.000000 0.969865 1185120.000000 0.969865 0.982606 0.000000 0 
1307760.000000 0.896279 1307760.000000 0.896279 0.993328 0.000000 0 
1129440.000000 1.048581 1129440.000000 1.048581 0.995977 0.000000 0 
1901040.000000 0.801634 1901040.000000 0.801634 0.994282 0.000000 0 
1255680.000000 0.918279 1255680.000000 0.918279 0.993310 0.000000 0 
1606800.000000 0.829957 1606800.000000 0.829957 0.992126 0.000000 0 
1618560.000000 0.827722 1618560.000000 0.827722 0.998772 0.000000 0 
1693440.000000 0.817372 1693440.000000 0.817372 0.992314 0.000000 0 
1416000.000000 0.861504 1416000.000000 0.861504 0.995507 0.000000 0 
1505760.000000 0.845076 1505760.000000 0.845076 0.982379 0.000000 0 
1526640.000000 0.842838 1526640.000000 0.842838 0.969979 0.000000 0 
1562640.000000 0.835411 1562640.000000 0.835411 0.983872 0.000000 0 
1727040.000000 0.811852 1727040.000000 0.811852 0.988832 0.000000 0 
1159920.000000 1.000848 1159920.000000 1.000848 0.998069 0.000000 0 
1461840.000000 0.853204 1461840.000000 0.853204 0.988666 0.000000 0 
1282800.000000 0.907632 1282800.000000 0.907632 0.991801 0.000000 0 
1243680.000000 0.921367 1243680.000000 0.921367 0.988948 0.000000 0 
1299840.000000 0.900219 1299840.000000 0.900219 0.990872 0.000000 0 
1335600.000000 0.889017 1335600.000000 0.889017 0.990869 0.000000 0 
1356480.000000 0.880434 1356480.000000 0.880434 0.987890 0.000000 0 
1211040.000000 0.956807 1211040.000000 0.956807 0.985947 0.000000 0 
1185120.000000 0.969865 1185120.000000 0.969865 0.982606 0.000000 0 
1345680.000000 0.883222 1345680.000000 0.883222 0.991061 0.000000 0 
1712880.000000 0.813825 1712880.000000 0.813825 0.988924 0.000000 0 
1325520.000000 0.892016 1325520.000000 0.892016 0.991813 0.000000 0 
1594320.000000 0.831657 1594320.000000 0.831657 0.993008 0.000000 0 
1133040.000000 1.043174 1133040.000000 1.043174 0.998171 0.000000 0 
1684800.000000 0.820603 1684800.000000 0.820603 0.987048 0.000000 0 
1536720.000000 0.840120 1536720.000000 0.840120 0.991626 0.000000 0 
1320720.000000 0.894582 1320720.000000 0.894582 0.991403 0.000000 0 
1422480.000000 0.860422 1422480.000000 0.860422 0.996197 0.000000 0 
1892400.000000 0.802252 1892400.000000 0.802252 0.994289 0.000000 0 
1710000.000000 0.817019 1710000.000000 0.817019 0.997226 0.000000 0 
1397760.000000 0.868678 1397760.000000 0.868678 0.992472 0.000000 0 
1476720.000000 0.850926 1476720.000000 0.850926 0.999369 0.000000 0 
1575120.000000 0.833269 1575120.000000 0.833269 0.983484 0.000000 0 
1949760.000000 0.799446 1949760.000000 0.799446 0.995752 0.000000 0 
1380000.000000 0.875722 1380000.000000 0.875722 0.984537 0.000000 0 
1940400.000000 0.799887 1940400.000000 0.799887 0.993049 0.000000 0 
1145520.000000 1.009908 1145520.000000 1.009908 0.996615 0.000000 0 
1555200.000000 0.838444 1555200.000000 0.838444 0.993783 0.000000 0 
1337040.000000 0.884869 1337040.000000 0.884869 0.991068 0.000000 0 
1225920.000000 0.949031 1225920.000000 0.949031 0.979338 0.000000 0 
1514400.000000 0.844554 1514400.000000 0.844554 0.987007 0.000000 0 
1196400.000000 0.957744 1196400.000000 0.957744 0.985795 0.000000 0 
1292400.000000 0.905699 1292400.000000 0.905699 0.977970 0.000000 0 
1176240.000000 0.981796 1176240.000000 0.981796 0.982389 0.000000 0 
1392480.000000 0.872129 1392480.000000 0.872129 0.992134 0.000000 0 
1652400.000000 0.825318 1652400.000000 0.825318 0.998483 0.000000 0 
1675440.000000 0.821656 1675440.000000 0.821656 0.984907 0.000000 0 
1634400.000000 0.827124 1634400.000000 0.827124 0.969740 0.000000 0 
1162080.000000 0.998333 1162080.000000 0.998333 0.990952 0.000000 0 
1292640.000000 0.902354 1292640.000000 0.902354 0.999164 0.000000 0 
1584720.000000 0.832984 1584720.000000 0.832984 0.990767 0.000000 0 
1370640.000000 0.877635 1370640.000000 0.877635 0.982602 0.000000 0 
1548240.000000 0.839818 1548240.000000 0.839818 0.978903 0.000000 0 
1767360.000000 0.810917 1767360.000000 0.810917 0.987539 0.000000 0 
1641120.000000 0.827050 1641120.000000 0.827050 0.969637 0.000000 0 
1386000.000000 0.873200 1386000.000000 0.873200 0.998185 0.000000 0 
1214640.000000 0.952799 1214640.000000 0.952799 0.979967 0.000000 0 
1219680.000000 0.952123 1219680.000000 0.952123 0.983869 0.000000 0 
1363920.000000 0.878271 1363920.000000 0.878271 0.993989 0.000000 0 
1654800.000000 0.823303 1654800.000000 0.823303 0.990733 0.000000 0 
1470480.000000 0.851681 1470480.000000 0.851681 0.998183 0.000000 0 
1245120.000000 0.920386 1245120.000000 0.920386 0.980635 0.000000 0 
1727040.000000 0.811852 1727040.000000 0.811852 0.988832 0.000000 0 
#Generacion: 2000 
#Distancia: 277.542121 
1085040.000000 1.121890 1085040.000000 1.121890 0.996684 0.000000 0 
2075280.000000 0.793608 2075280.000000 0.793608 0.990726 0.000000 0 
1086000.000000 1.113718 1086000.000000 1.113718 0.998564 0.000000 0 
1126320.000000 1.038441 1126320.000000 1.038441 0.997505 0.000000 0 
1127520.000000 1.021466 1127520.000000 1.021466 0.987503 0.000000 0 
1091520.000000 1.084664 1091520.000000 1.084664 0.986446 0.000000 0 
1170480.000000 0.963764 1170480.000000 0.963764 0.996729 0.000000 0 
1760400.000000 0.806639 1760400.000000 0.806639 0.996110 0.000000 0 
1810080.000000 0.805657 1810080.000000 0.805657 0.998182 0.000000 0 
1099200.000000 1.083690 1099200.000000 1.083690 0.976465 0.000000 0 
1703040.000000 0.813461 1703040.000000 0.813461 0.989682 0.000000 0 
1100400.000000 1.066161 1100400.000000 1.066161 0.979582 0.000000 0 
1901760.000000 0.798387 1901760.000000 0.798387 0.999446 0.000000 0 
1196160.000000 0.950040 1196160.000000 0.950040 0.975931 0.000000 0 
1824480.000000 0.804602 1824480.000000 0.804602 0.996732 0.000000 0 
1116720.000000 1.051641 1116720.000000 1.051641 0.981606 0.000000 0 
1925040.000000 0.797990 1925040.000000 0.797990 0.997686 0.000000 0 
1107120.000000 1.065347 1107120.000000 1.065347 0.991978 0.000000 0 
1322880.000000 0.886874 1322880.000000 0.886874 0.988411 0.000000 0 
1140480.000000 1.011407 1140480.000000 1.011407 0.997844 0.000000 0 
1111680.000000 1.052224 1111680.000000 1.052224 0.987654 0.000000 0 
1165440.000000 0.978709 1165440.000000 0.978709 0.988383 0.000000 0 
1863840.000000 0.804475 1863840.000000 0.804475 0.993827 0.000000 0 
1227600.000000 0.917575 1227600.000000 0.917575 0.999281 0.000000 0 
1345680.000000 0.883222 1345680.000000 0.883222 0.991061 0.000000 0 
1872720.000000 0.801412 1872720.000000 0.801412 0.999089 0.000000 0 
2051280.000000 0.794196 2051280.000000 0.794196 0.991816 0.000000 0 
1681200.000000 0.815917 1681200.000000 0.815917 0.999949 0.000000 0 
1726080.000000 0.809758 1726080.000000 0.809758 0.990561 0.000000 0 
1225680.000000 0.927624 1225680.000000 0.927624 0.976671 0.000000 0 
1955520.000000 0.797883 1955520.000000 0.797883 0.998662 0.000000 0 
1160400.000000 0.990741 1160400.000000 0.990741 0.998834 0.000000 0 
1165440.000000 0.978709 1165440.000000 0.978709 0.988383 0.000000 0 
1195680.000000 0.955813 1195680.000000 0.955813 0.984284 0.000000 0 
1510800.000000 0.843471 1510800.000000 0.843471 0.986454 0.000000 0 
1964160.000000 0.796741 1964160.000000 0.796741 0.998692 0.000000 0 
1208160.000000 0.940301 1208160.000000 0.940301 0.972538 0.000000 0 
1276800.000000 0.902926 1276800.000000 0.902926 0.978649 0.000000 0 
1375200.000000 0.876874 1375200.000000 0.876874 0.992976 0.000000 0 
1149840.000000 1.005842 1149840.000000 1.005842 0.998154 0.000000 0 
1671840.000000 0.818574 1671840.000000 0.818574 0.998993 0.000000 0 
1549680.000000 0.832567 1549680.000000 0.832567 0.988985 0.000000 0 
1576320.000000 0.829897 1576320.000000 0.829897 0.997445 0.000000 0 
1159200.000000 0.999030 1159200.000000 0.999030 0.990216 0.000000 0 
1489680.000000 0.845700 1489680.000000 0.845700 0.983227 0.000000 0 
1609920.000000 0.826971 1609920.000000 0.826971 0.996059 0.000000 0 
1638960.000000 0.821038 1638960.000000 0.821038 0.991251 0.000000 0 
1564800.000000 0.831874 1564800.000000 0.831874 0.996842 0.000000 0 
1361040.000000 0.878885 1361040.000000 0.878885 0.992997 0.000000 0 
1994640.000000 0.796352 1994640.000000 0.796352 0.992582 0.000000 0 
1741200.000000 0.808333 1741200.000000 0.808333 0.993053 0.000000 0 
1220640.000000 0.929525 1220640.000000 0.929525 0.970426 0.000000 0 
1419120.000000 0.864031 1419120.000000 0.864031 0.989787 0.000000 0 
1429200.000000 0.860271 1429200.000000 0.860271 0.998174 0.000000 0 
1629840.000000 0.826181 1629840.000000 0.826181 0.997387 0.000000 0 
1469040.000000 0.854340 1469040.000000 0.854340 0.997939 0.000000 0 
1244880.000000 0.914358 1244880.000000 0.914358 0.999291 0.000000 0 
1437840.000000 0.859136 1437840.000000 0.859136 0.971958 0.000000 0 
1307760.000000 0.896279 1307760.000000 0.896279 0.993328 0.000000 0 
1990080.000000 0.796465 1990080.000000 0.796465 0.999893 0.000000 0 
1376400.000000 0.871676 1376400.000000 0.871676 0.996269 0.000000 0 
1292160.000000 0.900955 1292160.000000 0.900955 0.993138 0.000000 0 
1320240.000000 0.892342 1320240.000000 0.892342 0.988004 0.000000 0 
1446720.000000 0.855363 1446720.000000 0.855363 0.990492 0.000000 0 
1526640.000000 0.840050 1526640.000000 0.840050 0.990950 0.000000 0 
1385760.000000 0.869977 1385760.000000 0.869977 0.994650 0.000000 0 
1152720.000000 0.999994 1152720.000000 0.999994 0.977195 0.000000 0 
1594560.000000 0.829805 1594560.000000 0.829805 0.991703 0.000000 0 
1397760.000000 0.868678 1397760.000000 0.868678 0.992472 0.000000 0 
1539120.000000 0.835436 1539120.000000 0.835436 0.991126 0.000000 0 
1299840.000000 0.900219 1299840.000000 0.900219 0.990872 0.000000 0 
1352400.000000 0.880803 1352400.000000 0.880803 0.986015 0.000000 0 
1264080.000000 0.907169 1264080.000000 0.907169 0.996328 0.000000 0 
1175520.000000 0.956304 1175520.000000 0.956304 0.975490 0.000000 0 
1239120.000000 0.916044 1239120.000000 0.916044 0.982745 0.000000 0 
1537920.000000 0.838517 1537920.000000 0.838517 0.991184 0.000000 0 
1160400.000000 0.990741 1160400.000000 0.990741 0.998834 0.000000 0 
1517520.000000 0.841931 1517520.000000 0.841931 0.996679 0.000000 0 
1145520.000000 1.009908 1145520.000000 1.009908 0.996615 0.000000 0 
1085040.000000 1.121890 1085040.000000 1.121890 0.996684 0.000000 0 
1272720.000000 0.907106 1272720.000000 0.907106 0.997194 0.000000 0 
1456320.000000 0.855033 1456320.000000 0.855033 0.992540 0.000000 0 
1218480.000000 0.936544 1218480.000000 0.936544 0.979047 0.000000 0 
1476720.000000 0.850926 1476720.000000 0.850926 0.999369 0.000000 0 
1632720.000000 0.823529 1632720.000000 0.823529 0.971340 0.000000 0 
1313040.000000 0.893934 1313040.000000 0.893934 0.987445 0.000000 0 
1603680.000000 0.829070 1603680.000000 0.829070 0.989836 0.000000 0 
1403520.000000 0.866000 1403520.000000 0.866000 0.988270 0.000000 0 
1208160.000000 0.940301 1208160.000000 0.940301 0.972538 0.000000 0 
1485840.000000 0.846962 1485840.000000 0.846962 0.986631 0.000000 0 
1217520.000000 0.936838 1217520.000000 0.936838 0.978225 0.000000 0 
1175520.000000 0.956304 1175520.000000 0.956304 0.975490 0.000000 0 
1410000.000000 0.865082 1410000.000000 0.865082 0.996277 0.000000 0 
1478880.000000 0.849335 1478880.000000 0.849335 0.999191 0.000000 0 
1657200.000000 0.820102 1657200.000000 0.820102 0.999837 0.000000 0 
1732560.000000 0.808724 1732560.000000 0.808724 0.994135 0.000000 0 
1657200.000000 0.820102 1657200.000000 0.820102 0.999837 0.000000 0 
1250400.000000 0.911513 1250400.000000 0.911513 0.986190 0.000000 0 
1326960.000000 0.885821 1326960.000000 0.885821 0.986616 0.000000 0 
2019840.000000 0.794319 2019840.000000 0.794319 0.997163 0.000000 0 
#Generacion: 2500 
#Distancia: 279.524646 
2052480.000000 0.788944 2052480.000000 0.788944 0.995974 0.000000 0 
1078080.000000 1.113885 1078080.000000 1.113885 0.995374 0.000000 0 
1097760.000000 1.036611 1097760.000000 1.036611 0.995966 0.000000 0 
1093680.000000 1.067066 1093680.000000 1.067066 0.993175 0.000000 0 
1136880.000000 0.992149 1136880.000000 0.992149 0.996940 0.000000 0 
1109520.000000 1.035808 1109520.000000 1.035808 0.999028 0.000000 0 
1941360.000000 0.792222 1941360.000000 0.792222 0.997922 0.000000 0 
1087920.000000 1.093348 1087920.000000 1.093348 0.994364 0.000000 0 
1120800.000000 1.021482 1120800.000000 1.021482 0.988651 0.000000 0 
1127520.000000 1.021024 1127520.000000 1.021024 0.987907 0.000000 0 
1164960.000000 0.966538 1164960.000000 0.966538 0.994782 0.000000 0 
1128480.000000 1.005672 1128480.000000 1.005672 0.996623 0.000000 0 
1530720.000000 0.833927 1530720.000000 0.833927 0.986302 0.000000 0 
1745280.000000 0.807940 1745280.000000 0.807940 0.992397 0.000000 0 
1798560.000000 0.805046 1798560.000000 0.805046 0.999265 0.000000 0 
1723680.000000 0.810653 1723680.000000 0.810653 0.996290 0.000000 0 
1092720.000000 1.068573 1092720.000000 1.068573 0.984620 0.000000 0 
1556400.000000 0.831580 1556400.000000 0.831580 0.994986 0.000000 0 
1135200.000000 1.005372 1135200.000000 1.005372 0.996836 0.000000 0 
1206000.000000 0.937822 1206000.000000 0.937822 0.981259 0.000000 0 
1988160.000000 0.791871 1988160.000000 0.791871 0.998721 0.000000 0 
1227600.000000 0.917575 1227600.000000 0.917575 0.999281 0.000000 0 
1820640.000000 0.802365 1820640.000000 0.802365 0.998322 0.000000 0 
2041920.000000 0.789676 2041920.000000 0.789676 0.995660 0.000000 0 
1832400.000000 0.801373 1832400.000000 0.801373 0.997725 0.000000 0 
1211280.000000 0.929735 1211280.000000 0.929735 0.995734 0.000000 0 
1079280.000000 1.099608 1079280.000000 1.099608 0.996200 0.000000 0 
1144800.000000 0.984179 1144800.000000 0.984179 0.991251 0.000000 0 
1091040.000000 1.082639 1091040.000000 1.082639 0.994982 0.000000 0 
1420800.000000 0.861242 1420800.000000 0.861242 0.985875 0.000000 0 
1250880.000000 0.910488 1250880.000000 0.910488 0.993396 0.000000 0 
1861440.000000 0.801190 1861440.000000 0.801190 0.985969 0.000000 0 
1195200.000000 0.940610 1195200.000000 0.940610 0.996534 0.000000 0 
1760640.000000 0.805966 1760640.000000 0.805966 0.997398 0.000000 0 
1627680.000000 0.819455 1627680.000000 0.819455 0.997146 0.000000 0 
1885440.000000 0.797922 1885440.000000 0.797922 0.996793 0.000000 0 
1779840.000000 0.805690 1779840.000000 0.805690 0.996879 0.000000 0 
1899120.000000 0.795897 1899120.000000 0.795897 0.994981 0.000000 0 
1371600.000000 0.873602 1371600.000000 0.873602 0.993098 0.000000 0 
1183440.000000 0.954897 1183440.000000 0.954897 0.980018 0.000000 0 
1595040.000000 0.826515 1595040.000000 0.826515 0.987137 0.000000 0 
1522320.000000 0.837478 1522320.000000 0.837478 0.999817 0.000000 0 
1226880.000000 0.927142 1226880.000000 0.927142 0.993312 0.000000 0 
1345440.000000 0.882065 1345440.000000 0.882065 0.990464 0.000000 0 
1262160.000000 0.906850 1262160.000000 0.906850 0.999968 0.000000 0 
1158240.000000 0.976744 1158240.000000 0.976744 0.991104 0.000000 0 
1574160.000000 0.826724 1574160.000000 0.826724 0.997931 0.000000 0 
1452240.000000 0.853301 1452240.000000 0.853301 0.993080 0.000000 0 
1511760.000000 0.840378 1511760.000000 0.840378 0.985596 0.000000 0 
1361040.000000 0.878885 1361040.000000 0.878885 0.992997 0.000000 0 
1406400.000000 0.864426 1406400.000000 0.864426 0.992660 0.000000 0 
1433280.000000 0.856174 1433280.000000 0.856174 0.988399 0.000000 0 
1151520.000000 0.982364 1151520.000000 0.982364 0.992329 0.000000 0 
1172880.000000 0.958568 1172880.000000 0.958568 0.979978 0.000000 0 
1385760.000000 0.869977 1385760.000000 0.869977 0.994650 0.000000 0 
1658640.000000 0.817894 1658640.000000 0.817894 0.999964 0.000000 0 
1483920.000000 0.847884 1483920.000000 0.847884 0.998865 0.000000 0 
1091040.000000 1.082639 1091040.000000 1.082639 0.994982 0.000000 0 
1322880.000000 0.886874 1322880.000000 0.886874 0.988411 0.000000 0 
1698720.000000 0.812693 1698720.000000 0.812693 0.995176 0.000000 0 
1870800.000000 0.800030 1870800.000000 0.800030 0.988094 0.000000 0 
1918320.000000 0.795377 1918320.000000 0.795377 0.991085 0.000000 0 
1496400.000000 0.845641 1496400.000000 0.845641 0.997839 0.000000 0 
1927680.000000 0.794450 1927680.000000 0.794450 0.993135 0.000000 0 
1307760.000000 0.896279 1307760.000000 0.896279 0.993328 0.000000 0 
1562400.000000 0.828043 1562400.000000 0.828043 0.992881 0.000000 0 
1681200.000000 0.815917 1681200.000000 0.815917 0.999949 0.000000 0 
2013840.000000 0.790927 2013840.000000 0.790927 0.999468 0.000000 0 
1168080.000000 0.961686 1168080.000000 0.961686 0.996011 0.000000 0 
1276320.000000 0.901801 1276320.000000 0.901801 0.979825 0.000000 0 
1188480.000000 0.950739 1188480.000000 0.950739 0.999444 0.000000 0 
1503120.000000 0.843327 1503120.000000 0.843327 0.991731 0.000000 0 
1703280.000000 0.810720 1703280.000000 0.810720 0.992626 0.000000 0 
1314000.000000 0.890655 1314000.000000 0.890655 0.983730 0.000000 0 
1605840.000000 0.821967 1605840.000000 0.821967 0.997650 0.000000 0 
1291440.000000 0.897523 1291440.000000 0.897523 0.979902 0.000000 0 
1622640.000000 0.819626 1622640.000000 0.819626 0.981738 0.000000 0 
1267680.000000 0.903609 1267680.000000 0.903609 0.980172 0.000000 0 
1988160.000000 0.791871 1988160.000000 0.791871 0.998721 0.000000 0 
2013840.000000 0.790927 2013840.000000 0.790927 0.999468 0.000000 0 
1658640.000000 0.817894 1658640.000000 0.817894 0.999964 0.000000 0 
1242000.000000 0.914312 1242000.000000 0.914312 0.995517 0.000000 0 
1284960.000000 0.898789 1284960.000000 0.898789 0.977998 0.000000 0 
1428240.000000 0.857278 1428240.000000 0.857278 0.993097 0.000000 0 
1079280.000000 1.099608 1079280.000000 1.099608 0.996200 0.000000 0 
1681440.000000 0.814759 1681440.000000 0.814759 0.989293 0.000000 0 
1396800.000000 0.865255 1396800.000000 0.865255 0.995715 0.000000 0 
1361760.000000 0.875330 1361760.000000 0.875330 0.991373 0.000000 0 
1392240.000000 0.868586 1392240.000000 0.868586 0.997634 0.000000 0 
1605600.000000 0.824260 1605600.000000 0.824260 0.987227 0.000000 0 
1331040.000000 0.884994 1331040.000000 0.884994 0.984923 0.000000 0 
1239120.000000 0.916044 1239120.000000 0.916044 0.982745 0.000000 0 
1457280.000000 0.851912 1457280.000000 0.851912 0.992137 0.000000 0 
1476720.000000 0.850926 1476720.000000 0.850926 0.999369 0.000000 0 
1158240.000000 0.976744 1158240.000000 0.976744 0.991104 0.000000 0 
1218240.000000 0.927194 1218240.000000 0.927194 0.993304 0.000000 0 
1335360.000000 0.882923 1335360.000000 0.882923 0.999934 0.000000 0 
1192080.000000 0.947277 1192080.000000 0.947277 0.993932 0.000000 0 
1313040.000000 0.893934 1313040.000000 0.893934 0.987445 0.000000 0 
1471440.000000 0.851649 1471440.000000 0.851649 0.995464 0.000000 0 
#Generacion: 3000 
#Distancia: 292.607475 
1917360.000000 0.783866 1917360.000000 0.783866 0.995724 0.000000 0 
1073760.000000 1.092994 1073760.000000 1.092994 0.995307 0.000000 0 
1095600.000000 1.033743 1095600.000000 1.033743 0.996755 0.000000 0 
1094880.000000 1.066451 1094880.000000 1.066451 0.982245 0.000000 0 
1080480.000000 1.069848 1080480.000000 1.069848 0.989550 0.000000 0 
1115040.000000 1.012899 1115040.000000 1.012899 0.995805 0.000000 0 
1113840.000000 1.026604 1113840.000000 1.026604 0.997026 0.000000 0 
1127520.000000 1.005539 1127520.000000 1.005539 0.996007 0.000000 0 
1175040.000000 0.948924 1175040.000000 0.948924 0.994589 0.000000 0 
1898160.000000 0.784241 1898160.000000 0.784241 0.996332 0.000000 0 
1840320.000000 0.798684 1840320.000000 0.798684 0.999091 0.000000 0 
1291440.000000 0.897523 1291440.000000 0.897523 0.979902 0.000000 0 
1300560.000000 0.889700 1300560.000000 0.889700 0.996034 0.000000 0 
1185360.000000 0.939538 1185360.000000 0.939538 0.996394 0.000000 0 
1129920.000000 0.990548 1129920.000000 0.990548 0.996228 0.000000 0 
1755120.000000 0.806273 1755120.000000 0.806273 0.994719 0.000000 0 
1240320.000000 0.909070 1240320.000000 0.909070 0.994408 0.000000 0 
1894320.000000 0.794164 1894320.000000 0.794164 0.999614 0.000000 0 
1219680.000000 0.920851 1219680.000000 0.920851 0.997020 0.000000 0 
1483200.000000 0.846377 1483200.000000 0.846377 0.986172 0.000000 0 
1144800.000000 0.984179 1144800.000000 0.984179 0.991251 0.000000 0 
1102320.000000 1.029143 1102320.000000 1.029143 0.995525 0.000000 0 
1511760.000000 0.840378 1511760.000000 0.840378 0.985596 0.000000 0 
1869600.000000 0.796468 1869600.000000 0.796468 0.997042 0.000000 0 
1829760.000000 0.800009 1829760.000000 0.800009 0.997638 0.000000 0 
1522320.000000 0.837478 1522320.000000 0.837478 0.999817 0.000000 0 
1767360.000000 0.805082 1767360.000000 0.805082 0.999651 0.000000 0 
1571760.000000 0.829018 1571760.000000 0.829018 0.996788 0.000000 0 
1228560.000000 0.917041 1228560.000000 0.917041 0.998331 0.000000 0 
1310640.000000 0.887336 1310640.000000 0.887336 0.997052 0.000000 0 
1354320.000000 0.879170 1354320.000000 0.879170 0.986385 0.000000 0 
1812000.000000 0.801733 1812000.000000 0.801733 0.989966 0.000000 0 
1460640.000000 0.848801 1460640.000000 0.848801 0.983986 0.000000 0 
1247760.000000 0.908638 1247760.000000 0.908638 0.987540 0.000000 0 
1538160.000000 0.832489 1538160.000000 0.832489 0.998390 0.000000 0 
1496400.000000 0.841527 1496400.000000 0.841527 0.980831 0.000000 0 
1648560.000000 0.815027 1648560.000000 0.815027 0.993755 0.000000 0 
1684080.000000 0.812399 1684080.000000 0.812399 0.993204 0.000000 0 
1218960.000000 0.929204 1218960.000000 0.929204 0.997939 0.000000 0 
1151520.000000 0.981318 1151520.000000 0.981318 0.988052 0.000000 0 
1122480.000000 1.007633 1122480.000000 1.007633 0.993331 0.000000 0 
1129920.000000 0.990548 1129920.000000 0.990548 0.996228 0.000000 0 
1614240.000000 0.821271 1614240.000000 0.821271 0.993189 0.000000 0 
1272240.000000 0.901165 1272240.000000 0.901165 0.999769 0.000000 0 
1377120.000000 0.872925 1377120.000000 0.872925 0.996115 0.000000 0 
1695600.000000 0.811214 1695600.000000 0.811214 0.988004 0.000000 0 
1730160.000000 0.806996 1730160.000000 0.806996 0.993639 0.000000 0 
1435920.000000 0.855908 1435920.000000 0.855908 0.984319 0.000000 0 
1885680.000000 0.794666 1885680.000000 0.794666 0.999345 0.000000 0 
1530720.000000 0.833927 1530720.000000 0.833927 0.986302 0.000000 0 
1604400.000000 0.823194 1604400.000000 0.823194 0.991496 0.000000 0 
1279200.000000 0.899183 1279200.000000 0.899183 0.983143 0.000000 0 
1420320.000000 0.860547 1420320.000000 0.860547 0.991854 0.000000 0 
1341360.000000 0.880901 1341360.000000 0.880901 0.993943 0.000000 0 
1174560.000000 0.955222 1174560.000000 0.955222 0.978532 0.000000 0 
1428240.000000 0.857278 1428240.000000 0.857278 0.993097 0.000000 0 
1626720.000000 0.819778 1626720.000000 0.819778 0.979716 0.000000 0 
1579440.000000 0.825978 1579440.000000 0.825978 0.997657 0.000000 0 
1787280.000000 0.804663 1787280.000000 0.804663 0.995332 0.000000 0 
1709280.000000 0.808010 1709280.000000 0.808010 0.991407 0.000000 0 
1210560.000000 0.935668 1210560.000000 0.935668 0.997821 0.000000 0 
1385760.000000 0.869977 1385760.000000 0.869977 0.994650 0.000000 0 
1490880.000000 0.845177 1490880.000000 0.845177 0.995355 0.000000 0 
1259520.000000 0.903330 1259520.000000 0.903330 0.994345 0.000000 0 
1211280.000000 0.929735 1211280.000000 0.929735 0.995734 0.000000 0 
1801680.000000 0.802763 1801680.000000 0.802763 0.996335 0.000000 0 
1396800.000000 0.865255 1396800.000000 0.865255 0.995715 0.000000 0 
1361760.000000 0.875330 1361760.000000 0.875330 0.991373 0.000000 0 
1194960.000000 0.939179 1194960.000000 0.939179 0.993229 0.000000 0 
1336560.000000 0.883159 1336560.000000 0.883159 0.988176 0.000000 0 
1206000.000000 0.937822 1206000.000000 0.937822 0.981259 0.000000 0 
1406880.000000 0.864475 1406880.000000 0.864475 0.989737 0.000000 0 
1415280.000000 0.863036 1415280.000000 0.863036 0.993879 0.000000 0 
1665840.000000 0.813314 1665840.000000 0.813314 0.994997 0.000000 0 
1392240.000000 0.868586 1392240.000000 0.868586 0.997634 0.000000 0 
1092720.000000 1.068573 1092720.000000 1.068573 0.984620 0.000000 0 
1728480.000000 0.807459 1728480.000000 0.807459 0.994325 0.000000 0 
1451520.000000 0.854984 1451520.000000 0.854984 0.992547 0.000000 0 
1639920.000000 0.816211 1639920.000000 0.816211 0.995331 0.000000 0 
1322160.000000 0.884511 1322160.000000 0.884511 0.994347 0.000000 0 
1633200.000000 0.817885 1633200.000000 0.817885 0.995249 0.000000 0 
1553520.000000 0.829728 1553520.000000 0.829728 0.998512 0.000000 0 
1704240.000000 0.808653 1704240.000000 0.808653 0.992028 0.000000 0 
1366800.000000 0.874313 1366800.000000 0.874313 0.997587 0.000000 0 
1870320.000000 0.796171 1870320.000000 0.796171 0.998018 0.000000 0 
1666800.000000 0.812899 1666800.000000 0.812899 0.989967 0.000000 0 
1458000.000000 0.850134 1458000.000000 0.850134 0.985601 0.000000 0 
1592880.000000 0.824172 1592880.000000 0.824172 0.999278 0.000000 0 
1553520.000000 0.829728 1553520.000000 0.829728 0.998512 0.000000 0 
1452240.000000 0.853301 1452240.000000 0.853301 0.993080 0.000000 0 
1792320.000000 0.804030 1792320.000000 0.804030 0.989277 0.000000 0 
1227600.000000 0.917575 1227600.000000 0.917575 0.999281 0.000000 0 
1259520.000000 0.903330 1259520.000000 0.903330 0.994345 0.000000 0 
1590480.000000 0.825609 1590480.000000 0.825609 0.988102 0.000000 0 
1324800.000000 0.884084 1324800.000000 0.884084 0.986085 0.000000 0 
1152720.000000 0.956356 1152720.000000 0.956356 0.995143 0.000000 0 
1472160.000000 0.848196 1472160.000000 0.848196 0.988628 0.000000 0 
1633200.000000 0.817885 1633200.000000 0.817885 0.995249 0.000000 0 
1164000.000000 0.965913 1164000.000000 0.965913 0.996129 0.000000 1 
1168080.000000 0.961686 1168080.000000 0.961686 0.996011 0.000000 1 
#Generacion: 3500 
#Distancia: 264.331919 
1055280.000000 1.070379 1055280.000000 1.070379 0.988798 0.000000 0 
1936560.000000 0.783175 1936560.000000 0.783175 0.995646 0.000000 0 
1055280.000000 1.070379 1055280.000000 1.070379 0.988798 0.000000 0 
1082400.000000 1.030121 1082400.000000 1.030121 0.990441 0.000000 0 
1068240.000000 1.053635 1068240.000000 1.053635 0.990116 0.000000 0 
1063200.000000 1.056125 1063200.000000 1.056125 0.994777 0.000000 0 
1140480.000000 0.969398 1140480.000000 0.969398 0.993703 0.000000 0 
1171440.000000 0.938981 1171440.000000 0.938981 0.988031 0.000000 0 
1134720.000000 0.984230 1134720.000000 0.984230 0.991060 0.000000 0 
1796640.000000 0.795738 1796640.000000 0.795738 0.999564 0.000000 0 
1201440.000000 0.926833 1201440.000000 0.926833 0.990492 0.000000 0 
1681200.000000 0.806489 1681200.000000 0.806489 0.982919 0.000000 0 
1826880.000000 0.790283 1826880.000000 0.790283 0.992095 0.000000 0 
1641120.000000 0.816634 1641120.000000 0.816634 0.992221 0.000000 0 
1858800.000000 0.789769 1858800.000000 0.789769 0.991473 0.000000 0 
1295760.000000 0.889174 1295760.000000 0.889174 0.995638 0.000000 0 
1351680.000000 0.876981 1351680.000000 0.876981 0.987235 0.000000 0 
1118640.000000 0.997637 1118640.000000 0.997637 0.990938 0.000000 0 
1150560.000000 0.963854 1150560.000000 0.963854 0.988809 0.000000 0 
1240320.000000 0.909070 1240320.000000 0.909070 0.994408 0.000000 0 
1250160.000000 0.906253 1250160.000000 0.906253 0.994170 0.000000 0 
1616400.000000 0.817175 1616400.000000 0.817175 0.978031 0.000000 0 
1192080.000000 0.932670 1192080.000000 0.932670 0.990194 0.000000 0 
1523280.000000 0.838041 1523280.000000 0.838041 0.996760 0.000000 0 
1115760.000000 1.003208 1115760.000000 1.003208 0.992806 0.000000 0 
1331520.000000 0.882354 1331520.000000 0.882354 0.983965 0.000000 0 
1484640.000000 0.845034 1484640.000000 0.845034 0.992899 0.000000 0 
1162080.000000 0.948926 1162080.000000 0.948926 0.990957 0.000000 0 
1718160.000000 0.804450 1718160.000000 0.804450 0.977274 0.000000 0 
1496400.000000 0.841527 1496400.000000 0.841527 0.980831 0.000000 0 
1917360.000000 0.783866 1917360.000000 0.783866 0.995724 0.000000 0 
1098720.000000 1.025558 1098720.000000 1.025558 0.998563 0.000000 0 
1368240.000000 0.874093 1368240.000000 0.874093 0.971220 0.000000 0 
1504560.000000 0.838930 1504560.000000 0.838930 0.997954 0.000000 0 
1571280.000000 0.827361 1571280.000000 0.827361 0.993473 0.000000 0 
1381440.000000 0.868684 1381440.000000 0.868684 0.981299 0.000000 0 
1272720.000000 0.897678 1272720.000000 0.897678 0.989464 0.000000 0 
1667280.000000 0.809645 1667280.000000 0.809645 0.985955 0.000000 0 
1106640.000000 1.011830 1106640.000000 1.011830 0.996648 0.000000 0 
1341120.000000 0.880266 1341120.000000 0.880266 0.999503 0.000000 0 
1226640.000000 0.913213 1226640.000000 0.913213 0.991626 0.000000 0 
1294560.000000 0.896282 1294560.000000 0.896282 0.977358 0.000000 0 
1538160.000000 0.831946 1538160.000000 0.831946 0.999102 0.000000 0 
1113360.000000 1.009224 1113360.000000 1.009224 0.990821 0.000000 0 
1214640.000000 0.919917 1214640.000000 0.919917 0.985911 0.000000 0 
1392720.000000 0.865864 1392720.000000 0.865864 0.998241 0.000000 0 
1868640.000000 0.788481 1868640.000000 0.788481 0.984829 0.000000 0 
1420320.000000 0.860547 1420320.000000 0.860547 0.991854 0.000000 0 
1208160.000000 0.921856 1208160.000000 0.921856 0.984919 0.000000 0 
1428240.000000 0.857278 1428240.000000 0.857278 0.993097 0.000000 0 
1650720.000000 0.812945 1650720.000000 0.812945 0.993766 0.000000 0 
1898160.000000 0.784241 1898160.000000 0.784241 0.996332 0.000000 0 
1530720.000000 0.833927 1530720.000000 0.833927 0.986302 0.000000 0 
1317360.000000 0.885768 1317360.000000 0.885768 0.985223 0.000000 0 
1809120.000000 0.792894 1809120.000000 0.792894 0.990622 0.000000 0 
1128480.000000 0.992619 1128480.000000 0.992619 0.987248 0.000000 0 
1225440.000000 0.915993 1225440.000000 0.915993 0.997134 0.000000 0 
1152720.000000 0.956356 1152720.000000 0.956356 0.995143 0.000000 0 
1162080.000000 0.948926 1162080.000000 0.948926 0.990957 0.000000 0 
1310640.000000 0.886365 1310640.000000 0.886365 0.996681 0.000000 0 
1129920.000000 0.990548 1129920.000000 0.990548 0.996228 0.000000 0 
1753200.000000 0.799875 1753200.000000 0.799875 0.976514 0.000000 0 
1094160.000000 1.027438 1094160.000000 1.027438 0.983878 0.000000 0 
1458000.000000 0.850134 1458000.000000 0.850134 0.985601 0.000000 0 
1377120.000000 0.872925 1377120.000000 0.872925 0.996115 0.000000 0 
1770240.000000 0.796775 1770240.000000 0.796775 0.992444 0.000000 0 
1443840.000000 0.856997 1443840.000000 0.856997 0.992591 0.000000 0 
1885680.000000 0.787181 1885680.000000 0.787181 0.989474 0.000000 0 
1411200.000000 0.862945 1411200.000000 0.862945 0.989784 0.000000 0 
1102800.000000 1.017786 1102800.000000 1.017786 0.983917 0.000000 0 
1405200.000000 0.865064 1405200.000000 0.865064 0.992691 0.000000 0 
1146000.000000 0.968898 1146000.000000 0.968898 0.993434 0.000000 0 
1661520.000000 0.812187 1661520.000000 0.812187 0.980593 0.000000 0 
1770240.000000 0.796775 1770240.000000 0.796775 0.992444 0.000000 0 
1284960.000000 0.897304 1284960.000000 0.897304 0.994733 0.000000 0 
1598400.000000 0.824001 1598400.000000 0.824001 0.996406 0.000000 0 
1605840.000000 0.819290 1605840.000000 0.819290 0.974387 0.000000 0 
1817760.000000 0.791855 1817760.000000 0.791855 0.995910 0.000000 0 
1700880.000000 0.804684 1700880.000000 0.804684 0.995914 0.000000 0 
1152720.000000 0.956356 1152720.000000 0.956356 0.995143 0.000000 0 
1450320.000000 0.854846 1450320.000000 0.854846 0.986367 0.000000 0 
1257360.000000 0.900437 1257360.000000 0.900437 0.996554 0.000000 0 
1590480.000000 0.825609 1590480.000000 0.825609 0.988102 0.000000 0 
1553520.000000 0.829728 1553520.000000 0.829728 0.998512 0.000000 0 
1735440.000000 0.803340 1735440.000000 0.803340 0.974285 0.000000 0 
1579440.000000 0.825978 1579440.000000 0.825978 0.997657 0.000000 0 
1177920.000000 0.935880 1177920.000000 0.935880 0.971283 0.000000 0 
1749840.000000 0.800380 1749840.000000 0.800380 0.995025 0.000000 0 
1472160.000000 0.848196 1472160.000000 0.848196 0.988628 0.000000 0 
1134720.000000 0.984230 1134720.000000 0.984230 0.991060 0.000000 0 
1184160.000000 0.935130 1184160.000000 0.935130 0.984713 0.000000 0 
1257360.000000 0.900437 1257360.000000 0.900437 0.996554 0.000000 0 
1737600.000000 0.802775 1737600.000000 0.802775 0.990419 0.000000 0 
1475280.000000 0.847858 1475280.000000 0.847858 0.988699 0.000000 0 
1553520.000000 0.829728 1553520.000000 0.829728 0.998512 0.000000 0 
1452960.000000 0.851775 1452960.000000 0.851775 0.995017 0.000000 0 
1102800.000000 1.017786 1102800.000000 1.017786 0.983917 0.000000 0 
1605600.000000 0.822073 1605600.000000 0.822073 0.994519 0.000000 0 
1891680.000000 0.786519 1891680.000000 0.786519 0.995336 0.000000 0 
1933680.000000 0.783272 1933680.000000 0.783272 0.993169 0.000000 0 
#Generacion: 4000 
#Distancia: 278.741616 
1047600.000000 1.077458 1047600.000000 1.077458 0.996500 0.000000 0 
1047600.000000 1.077458 1047600.000000 1.077458 0.996500 0.000000 0 
1949040.000000 0.782695 1949040.000000 0.782695 0.999061 0.000000 0 
1063200.000000 1.051912 1063200.000000 1.051912 0.993475 0.000000 0 
1865280.000000 0.787376 1865280.000000 0.787376 0.995580 0.000000 0 
1060320.000000 1.068099 1060320.000000 1.068099 0.993897 0.000000 0 
1834320.000000 0.789582 1834320.000000 0.789582 0.991549 0.000000 0 
1153680.000000 0.946465 1153680.000000 0.946465 0.995071 0.000000 0 
1432080.000000 0.854019 1432080.000000 0.854019 0.990982 0.000000 0 
1080480.000000 1.041580 1080480.000000 1.041580 0.989732 0.000000 0 
1710480.000000 0.801696 1710480.000000 0.801696 0.994052 0.000000 0 
1109760.000000 1.008456 1109760.000000 1.008456 0.996457 0.000000 0 
1502880.000000 0.831961 1502880.000000 0.831961 0.994988 0.000000 0 
1257360.000000 0.900437 1257360.000000 0.900437 0.996554 0.000000 0 
1449360.000000 0.848499 1449360.000000 0.848499 0.991224 0.000000 0 
1092000.000000 1.020127 1092000.000000 1.020127 0.996582 0.000000 0 
1676640.000000 0.802406 1676640.000000 0.802406 0.991078 0.000000 0 
1468560.000000 0.840863 1468560.000000 0.840863 0.998994 0.000000 0 
1596960.000000 0.819650 1596960.000000 0.819650 0.976686 0.000000 0 
1613280.000000 0.814932 1613280.000000 0.814932 0.982837 0.000000 0 
1208880.000000 0.916501 1208880.000000 0.916501 0.986954 0.000000 0 
1163040.000000 0.938730 1163040.000000 0.938730 0.992916 0.000000 0 
1246320.000000 0.905608 1246320.000000 0.905608 0.999150 0.000000 0 
1464720.000000 0.848362 1464720.000000 0.848362 0.989198 0.000000 0 
1532400.000000 0.831125 1532400.000000 0.831125 0.978235 0.000000 0 
1891680.000000 0.786519 1891680.000000 0.786519 0.995336 0.000000 0 
1483680.000000 0.839053 1483680.000000 0.839053 0.982612 0.000000 0 
1917360.000000 0.783866 1917360.000000 0.783866 0.995724 0.000000 0 
1055280.000000 1.070379 1055280.000000 1.070379 0.988798 0.000000 0 
1127520.000000 0.984455 1127520.000000 0.984455 0.986641 0.000000 0 
1494480.000000 0.835463 1494480.000000 0.835463 0.990954 0.000000 0 
1789440.000000 0.794045 1789440.000000 0.794045 0.990543 0.000000 0 
1082400.000000 1.030121 1082400.000000 1.030121 0.990441 0.000000 0 
1114320.000000 0.997071 1114320.000000 0.997071 0.985813 0.000000 0 
1272720.000000 0.897678 1272720.000000 0.897678 0.989464 0.000000 0 
1420800.000000 0.857225 1420800.000000 0.857225 0.992528 0.000000 0 
1226640.000000 0.913213 1226640.000000 0.913213 0.991626 0.000000 0 
1143600.000000 0.960940 1143600.000000 0.960940 0.985135 0.000000 0 
1805760.000000 0.791660 1805760.000000 0.791660 0.992035 0.000000 0 
1081200.000000 1.040249 1081200.000000 1.040249 0.992354 0.000000 0 
1371600.000000 0.872012 1371600.000000 0.872012 0.988798 0.000000 0 
1277520.000000 0.894343 1277520.000000 0.894343 0.984735 0.000000 0 
1174560.000000 0.932335 1174560.000000 0.932335 0.975585 0.000000 0 
1360320.000000 0.875138 1360320.000000 0.875138 0.986597 0.000000 0 
1299840.000000 0.887327 1299840.000000 0.887327 0.996395 0.000000 0 
1131120.000000 0.974365 1131120.000000 0.974365 0.986172 0.000000 0 
1936560.000000 0.783175 1936560.000000 0.783175 0.995646 0.000000 0 
1818240.000000 0.791099 1818240.000000 0.791099 0.994439 0.000000 0 
1405200.000000 0.863316 1405200.000000 0.863316 0.991265 0.000000 0 
1184160.000000 0.929943 1184160.000000 0.929943 0.985156 0.000000 0 
1152960.000000 0.953547 1152960.000000 0.953547 0.983864 0.000000 0 
1417920.000000 0.861944 1417920.000000 0.861944 0.993531 0.000000 0 
1137840.000000 0.967257 1137840.000000 0.967257 0.984808 0.000000 0 
1573440.000000 0.824286 1573440.000000 0.824286 0.976552 0.000000 0 
1898160.000000 0.784241 1898160.000000 0.784241 0.996332 0.000000 0 
1193760.000000 0.927336 1193760.000000 0.927336 0.975926 0.000000 0 
1551840.000000 0.827619 1551840.000000 0.827619 0.988726 0.000000 0 
1380000.000000 0.869564 1380000.000000 0.869564 0.977430 0.000000 0 
1208160.000000 0.921856 1208160.000000 0.921856 0.984919 0.000000 0 
1338240.000000 0.878231 1338240.000000 0.878231 0.996882 0.000000 0 
1664160.000000 0.808374 1664160.000000 0.808374 0.979441 0.000000 0 
1238160.000000 0.908593 1238160.000000 0.908593 0.996076 0.000000 0 
1749600.000000 0.799258 1749600.000000 0.799258 0.991668 0.000000 0 
1082400.000000 1.030121 1082400.000000 1.030121 0.990441 0.000000 0 
1144320.000000 0.954672 1144320.000000 0.954672 0.989568 0.000000 0 
1559040.000000 0.825695 1559040.000000 0.825695 0.993483 0.000000 0 
1106640.000000 1.011830 1106640.000000 1.011830 0.996648 0.000000 0 
1348560.000000 0.876244 1348560.000000 0.876244 0.990845 0.000000 0 
1194720.000000 0.922594 1194720.000000 0.922594 0.987337 0.000000 0 
1632480.000000 0.812564 1632480.000000 0.812564 0.979823 0.000000 0 
1644000.000000 0.809839 1644000.000000 0.809839 0.975812 0.000000 0 
1172160.000000 0.937908 1172160.000000 0.937908 0.983283 0.000000 0 
1726560.000000 0.801325 1726560.000000 0.801325 0.991646 0.000000 0 
1675680.000000 0.805909 1675680.000000 0.805909 0.993326 0.000000 0 
1104480.000000 1.017059 1104480.000000 1.017059 0.992564 0.000000 0 
1541040.000000 0.830544 1541040.000000 0.830544 0.978280 0.000000 0 
1737120.000000 0.800292 1737120.000000 0.800292 0.991667 0.000000 0 
1330080.000000 0.880838 1330080.000000 0.880838 0.999643 0.000000 0 
1132080.000000 0.974333 1132080.000000 0.974333 0.985249 0.000000 0 
1761120.000000 0.797613 1761120.000000 0.797613 0.991975 0.000000 0 
1325760.000000 0.883467 1325760.000000 0.883467 0.990328 0.000000 0 
1774080.000000 0.794528 1774080.000000 0.794528 0.994460 0.000000 0 
1396800.000000 0.866439 1396800.000000 0.866439 0.989405 0.000000 0 
1626720.000000 0.814362 1626720.000000 0.814362 0.975514 0.000000 0 
1392960.000000 0.868274 1392960.000000 0.868274 0.980860 0.000000 0 
1230720.000000 0.911108 1230720.000000 0.911108 0.996037 0.000000 0 
1138560.000000 0.965316 1138560.000000 0.965316 0.987967 0.000000 0 
1653600.000000 0.809299 1653600.000000 0.809299 0.979523 0.000000 0 
1116480.000000 0.989908 1116480.000000 0.989908 0.999572 0.000000 0 
1114320.000000 0.997071 1114320.000000 0.997071 0.985813 0.000000 0 
1317360.000000 0.885768 1317360.000000 0.885768 0.985223 0.000000 0 
1585680.000000 0.821313 1585680.000000 0.821313 0.998304 0.000000 0 
1770240.000000 0.796775 1770240.000000 0.796775 0.992444 0.000000 0 
1310640.000000 0.886365 1310640.000000 0.886365 0.996681 0.000000 0 
1100640.000000 1.019815 1100640.000000 1.019815 0.997178 0.000000 0 
1585440.000000 0.823264 1585440.000000 0.823264 0.990901 0.000000 0 
1116480.000000 0.989908 1116480.000000 0.989908 0.999572 0.000000 0 
1121760.000000 0.984689 1121760.000000 0.984689 0.986701 0.000000 0 
1281120.000000 0.889169 1281120.000000 0.889169 0.999052 0.000000 0 
1128960.000000 0.975346 1128960.000000 0.975346 0.987423 0.000000 0 
#Generacion: 4500 
#Distancia: 278.779192 
1958640.000000 0.781798 1958640.000000 0.781798 0.997138 0.000000 0 
1037040.000000 1.144685 1037040.000000 1.144685 0.998292 0.000000 0 
1047600.000000 1.077217 1047600.000000 1.077217 0.995880 0.000000 0 
1044720.000000 1.140111 1044720.000000 1.140111 0.993442 0.000000 0 
1932000.000000 0.783205 1932000.000000 0.783205 0.995527 0.000000 0 
1072560.000000 1.036197 1072560.000000 1.036197 0.991509 0.000000 0 
1787520.000000 0.791907 1787520.000000 0.791907 0.995408 0.000000 0 
1076880.000000 1.022347 1076880.000000 1.022347 0.997352 0.000000 0 
1358880.000000 0.866792 1358880.000000 0.866792 0.997764 0.000000 0 
1086000.000000 1.007397 1086000.000000 1.007397 0.982930 0.000000 0 
1889520.000000 0.783591 1889520.000000 0.783591 0.995629 0.000000 0 
1818240.000000 0.791099 1818240.000000 0.791099 0.994439 0.000000 0 
1348560.000000 0.876244 1348560.000000 0.876244 0.990845 0.000000 0 
1630800.000000 0.809781 1630800.000000 0.809781 0.998409 0.000000 0 
1716000.000000 0.800318 1716000.000000 0.800318 0.996999 0.000000 0 
1083120.000000 1.018391 1083120.000000 1.018391 0.988173 0.000000 0 
1049760.000000 1.065787 1049760.000000 1.065787 0.992905 0.000000 0 
1176720.000000 0.931618 1176720.000000 0.931618 0.992638 0.000000 0 
1390320.000000 0.856452 1390320.000000 0.856452 0.991573 0.000000 0 
1235040.000000 0.908119 1235040.000000 0.908119 0.993142 0.000000 0 
1454640.000000 0.841801 1454640.000000 0.841801 0.989848 0.000000 0 
1191120.000000 0.928245 1191120.000000 0.928245 0.986686 0.000000 0 
1112640.000000 1.000357 1112640.000000 1.000357 0.979821 0.000000 0 
1208880.000000 0.916501 1208880.000000 0.916501 0.986954 0.000000 0 
1116480.000000 0.989908 1116480.000000 0.989908 0.999572 0.000000 0 
1375920.000000 0.858489 1375920.000000 0.858489 0.993896 0.000000 0 
1859280.000000 0.786907 1859280.000000 0.786907 0.989589 0.000000 0 
1248240.000000 0.905339 1248240.000000 0.905339 0.999348 0.000000 0 
1449600.000000 0.847794 1449600.000000 0.847794 0.992628 0.000000 0 
1070880.000000 1.043143 1070880.000000 1.043143 0.988357 0.000000 0 
1372800.000000 0.865016 1372800.000000 0.865016 0.998009 0.000000 0 
1577520.000000 0.822169 1577520.000000 0.822169 0.990156 0.000000 0 
1277520.000000 0.894343 1277520.000000 0.894343 0.984735 0.000000 0 
1494480.000000 0.834894 1494480.000000 0.834894 0.995434 0.000000 0 
1482000.000000 0.838183 1482000.000000 0.838183 0.995075 0.000000 0 
1470480.000000 0.839861 1470480.000000 0.839861 0.998423 0.000000 0 
1593120.000000 0.816045 1593120.000000 0.816045 0.982428 0.000000 0 
1554960.000000 0.827168 1554960.000000 0.827168 0.990259 0.000000 0 
1062960.000000 1.060896 1062960.000000 1.060896 0.997263 0.000000 0 
1435440.000000 0.849402 1435440.000000 0.849402 0.977385 0.000000 0 
1143600.000000 0.960940 1143600.000000 0.960940 0.985135 0.000000 0 
1316160.000000 0.886724 1316160.000000 0.886724 0.998136 0.000000 0 
1559520.000000 0.823628 1559520.000000 0.823628 0.989283 0.000000 0 
1651920.000000 0.809517 1651920.000000 0.809517 0.998115 0.000000 0 
1836240.000000 0.788772 1836240.000000 0.788772 0.994660 0.000000 0 
1756320.000000 0.798531 1756320.000000 0.798531 0.989267 0.000000 0 
1406880.000000 0.854075 1406880.000000 0.854075 0.995674 0.000000 0 
1691760.000000 0.801171 1691760.000000 0.801171 0.999874 0.000000 0 
1063200.000000 1.051912 1063200.000000 1.051912 0.993475 0.000000 0 
1612560.000000 0.812767 1612560.000000 0.812767 0.985353 0.000000 0 
1120080.000000 0.978455 1120080.000000 0.978455 0.980188 0.000000 0 
1539360.000000 0.830012 1539360.000000 0.830012 0.984034 0.000000 0 
1867920.000000 0.785952 1867920.000000 0.785952 0.997352 0.000000 0 
1172160.000000 0.937908 1172160.000000 0.937908 0.983283 0.000000 0 
1151040.000000 0.952176 1151040.000000 0.952176 0.985059 0.000000 0 
1511520.000000 0.831182 1511520.000000 0.831182 0.995444 0.000000 0 
1251600.000000 0.899450 1251600.000000 0.899450 0.988604 0.000000 0 
1532400.000000 0.831125 1532400.000000 0.831125 0.978235 0.000000 0 
1153680.000000 0.945898 1153680.000000 0.945898 0.991616 0.000000 0 
1113120.000000 0.991326 1113120.000000 0.991326 0.987935 0.000000 0 
1949040.000000 0.782695 1949040.000000 0.782695 0.999061 0.000000 0 
1338240.000000 0.878231 1338240.000000 0.878231 0.996882 0.000000 0 
1069920.000000 1.050261 1069920.000000 1.050261 0.993261 0.000000 0 
1144320.000000 0.954672 1144320.000000 0.954672 0.989568 0.000000 0 
1200720.000000 0.921040 1200720.000000 0.921040 0.980288 0.000000 0 
1299840.000000 0.887327 1299840.000000 0.887327 0.996395 0.000000 0 
1325520.000000 0.883549 1325520.000000 0.883549 0.999684 0.000000 0 
1279200.000000 0.888977 1279200.000000 0.888977 0.999941 0.000000 0 
1422960.000000 0.851402 1422960.000000 0.851402 0.990574 0.000000 0 
1194720.000000 0.922594 1194720.000000 0.922594 0.987337 0.000000 0 
1679520.000000 0.804792 1679520.000000 0.804792 0.989534 0.000000 0 
1610400.000000 0.814722 1610400.000000 0.814722 0.997651 0.000000 0 
1094640.000000 1.003203 1094640.000000 1.003203 0.981031 0.000000 0 
1161360.000000 0.944248 1161360.000000 0.944248 0.995422 0.000000 0 
1226640.000000 0.913213 1226640.000000 0.913213 0.991626 0.000000 0 
1163040.000000 0.938730 1163040.000000 0.938730 0.992916 0.000000 0 
1137840.000000 0.967257 1137840.000000 0.967257 0.984808 0.000000 0 
1502160.000000 0.831574 1502160.000000 0.831574 0.997132 0.000000 0 
1666320.000000 0.805293 1666320.000000 0.805293 0.988800 0.000000 0 
1330080.000000 0.880838 1330080.000000 0.880838 0.999643 0.000000 0 
1222800.000000 0.913910 1222800.000000 0.913910 0.981038 0.000000 0 
1263120.000000 0.897201 1263120.000000 0.897201 0.992126 0.000000 0 
1055280.000000 1.063083 1055280.000000 1.063083 0.990571 0.000000 0 
1101360.000000 1.002543 1101360.000000 1.002543 0.981046 0.000000 0 
1654800.000000 0.805403 1654800.000000 0.805403 0.999400 0.000000 0 
1290960.000000 0.888433 1290960.000000 0.888433 0.984888 0.000000 0 
1829760.000000 0.788959 1829760.000000 0.788959 0.996217 0.000000 0 
1132080.000000 0.974333 1132080.000000 0.974333 0.985249 0.000000 0 
1737120.000000 0.800292 1737120.000000 0.800292 0.991667 0.000000 0 
1765440.000000 0.797771 1765440.000000 0.797771 0.999682 0.000000 0 
1416240.000000 0.853006 1416240.000000 0.853006 0.998711 0.000000 0 
1132080.000000 0.974333 1132080.000000 0.974333 0.985249 0.000000 0 
1120080.000000 0.978455 1120080.000000 0.978455 0.980188 0.000000 0 
1140480.000000 0.967145 1140480.000000 0.967145 0.979025 0.000000 0 
1685280.000000 0.801812 1685280.000000 0.801812 0.995955 0.000000 0 
1737120.000000 0.800292 1737120.000000 0.800292 0.991667 0.000000 0 
1260960.000000 0.898089 1260960.000000 0.898089 0.996588 0.000000 0 
1587600.000000 0.820117 1587600.000000 0.820117 0.986467 0.000000 0 
1767840.000000 0.793917 1767840.000000 0.793917 0.989861 0.000000 0 
1878720.000000 0.785637 1878720.000000 0.785637 0.988650 0.000000 0 
#Generacion: 5000 
#Distancia: 283.030909 
