572356652582625.625000 572356650423107.250000 2159520.000000 1.584604 57235666.042311 572356650423105.625000 91 
53796043.860525 51844605.551891 1951440.000000 1.691366 6.184460 51844603.860525 50 
51059138473548.195312 51059136483949.695312 1989600.000000 1.499491 5105914.648395 51059136483948.195312 80 
49148093.782480 46974175.740969 2173920.000000 1.958489 5.697417 46974173.782480 38 
34010190.328111 31780351.760507 2229840.000000 1.432396 4.178035 31780350.328111 4 
71917629.090786 69904511.290671 2013120.000000 2.199885 7.990451 69904509.090786 63 
41069420710239.937500 41069418768401.445312 1941840.000000 1.508922 4106942.876840 41069418768399.937500 78 
53514512.336357 51445713.608895 2068800.000000 1.272538 6.144571 51445712.336357 49 
52262037.369474 50317559.737905 1944480.000000 2.368431 6.031756 50317557.369474 46 
42244828.774995 40215150.306182 2029680.000000 1.531187 5.021515 40215148.774995 12 
66996368.737041 64851970.190446 2144400.000000 1.453405 7.485197 64851968.737041 60 
126491473232584.859375 126491471038986.796875 2193600.000000 1.940441 12649148.103898 126491471038984.859375 86 
48549320.985048 46403722.289287 2145600.000000 1.304239 5.640372 46403720.985048 35 
48675316.724104 46591878.307892 2083440.000000 1.583788 5.659188 46591876.724104 36 
43019279.943665 41070481.389062 1948800.000000 1.445398 5.107048 41070479.943665 15 
37234511.899443 35007553.244078 2226960.000000 1.344635 4.500755 35007551.899443 6 
27586128939765.222656 27586126962166.757812 1977600.000000 1.535169 2758613.696217 27586126962165.222656 74 
109251612764672.343750 109251610644274.031250 2120400.000000 1.692711 10925162.064427 109251610644272.343750 85 
32457886092172.976562 32457884027694.964844 2064480.000000 1.986515 3245789.402769 32457884027692.976562 76 
35966761.222083 33886442.563425 2080320.000000 1.341342 4.388644 33886441.222083 5 
54770289.052667 52596850.897997 2173440.000000 1.845330 6.259685 52596849.052667 52 
71379618.119442 69428899.734767 1950720.000000 1.615326 7.942890 69428898.119442 61 
30920330.020447 28972251.820169 1948080.000000 1.799722 3.897225 28972250.020447 2 
49790420.421773 47742502.294562 2047920.000000 1.872788 5.774250 47742500.421773 40 
37322861.969397 35316943.689833 2005920.000000 1.720436 4.531694 35316941.969397 7 
66027963.390955 63959165.156581 2068800.000000 1.765626 7.395916 63959163.390955 59 
44731479.591996 42638921.021007 2092560.000000 1.429011 5.263892 42638919.591996 21 
42056415.498438 40026738.079008 2029680.000000 2.580570 5.002674 40026735.498438 11 
54522219.200628 52535021.471336 1987200.000000 2.270709 6.253502 52535019.200628 51 
43725811.883781 41737413.533565 1988400.000000 1.649784 5.173741 41737411.883781 17 
46659908.425063 44815269.886337 1844640.000000 1.461275 5.481527 44815268.425063 25 
25183059948622.195312 25183057876943.656250 2071680.000000 1.460342 2518306.787694 25183057876942.195312 73 
48165887.726798 46096369.467527 2069520.000000 1.740729 5.609637 46096367.726798 32 
40087993936767.484375 40087991967089.257812 1969680.000000 1.772224 4008800.196709 40087991967087.484375 77 
44216788.564548 42087749.956077 2129040.000000 1.391528 5.208775 42087748.564548 20 
45264402.841207 43358084.831432 1906320.000000 1.990226 5.335808 43358082.841207 23 
43832160.782526 41832482.004455 1999680.000000 1.221928 5.183248 41832480.782526 18 
52650104.585412 50713306.038791 1936800.000000 1.453378 6.071330 50713304.585412 48 
21906919059677.695312 21906917127679.578125 1932000.000000 1.882721 2190692.712768 21906917127677.695312 72 
159649886347258.343750 159649884413819.843750 1933440.000000 1.494024 15964989.441382 159649884413818.343750 89 
47326555.282727 45127916.589568 2198640.000000 1.306841 5.512792 45127915.282727 28 
55393773.152680 53285375.067139 2108400.000000 1.914459 6.328537 53285373.152680 53 
47423240.303204 45417081.841242 2006160.000000 1.538038 5.541708 45417080.303204 29 
50839139.471859 49032181.038494 1806960.000000 1.566635 5.903218 49032179.471859 44 
57002978.547649 54879219.771055 2123760.000000 1.223406 6.487922 54879218.547649 55 
87678682.014138 85477883.173102 2200800.000000 1.158964 9.547788 85477882.014138 68 
56158323.704783 54194405.416109 1963920.000000 1.711326 6.419440 54194403.704783 54 
687562146413818.500000 687562144394939.750000 2018880.000000 1.303556 68756215.439494 687562144394938.500000 92 
49898018898175.062500 49898016852416.281250 2045760.000000 1.214901 4989802.685242 49898016852415.062500 79 
50329238.369073 48286599.684705 2042640.000000 1.315632 5.828660 48286598.369073 42 
45716157.329952 43651438.842282 2064720.000000 1.512331 5.365144 43651437.329952 24 
48197581.114557 46105022.608914 2092560.000000 1.494357 5.610502 46105021.114557 33 
42526604.999307 40558606.163727 1968000.000000 1.164420 5.055860 40558604.999307 13 
66950341.600649 64955704.069987 1994640.000000 2.469338 7.495570 64955701.600649 60 
71917067.950208 70096909.337681 1820160.000000 1.387472 8.009691 70096907.950208 63 
49904103.141665 48017464.904883 1886640.000000 1.763218 5.801746 48017463.141665 41 
49552895.934471 47758177.312972 1794720.000000 1.378501 5.775818 47758175.934471 40 
44623350.037977 42779192.120626 1844160.000000 2.082649 5.277919 42779190.037977 21 
41711820.473891 39621902.145280 2089920.000000 1.671388 4.962190 39621900.473891 10 
25442394.837151 23534396.185775 1908000.000000 1.348624 3.353439 23534394.837151 1 
47795900.586143 45782782.184116 2013120.000000 1.597973 5.578278 45782780.586143 31 
47580593.037695 45717234.474038 1863360.000000 1.436343 5.571723 45717233.037695 30 
47322882.810657 45421604.480775 1901280.000000 1.670118 5.542160 45421602.810657 28 
52117592.338909 49983513.479212 2134080.000000 1.140303 5.998351 49983512.338909 45 
50017077.966887 47837161.183088 2179920.000000 3.216201 5.783716 47837157.966887 41 
58458366.549055 56189167.832022 2269200.000000 1.282967 6.618917 56189166.549055 57 
44965110.619870 43005513.222004 1959600.000000 2.602134 5.300551 43005510.619870 22 
80398670.127154 78403311.407587 1995360.000000 1.280433 8.840331 78403310.127154 65 
141436914941661.468750 141436912947983.312500 1993680.000000 1.846196 14143692.294798 141436912947981.468750 88 
43918593.499152 41867074.795481 2051520.000000 1.296329 5.186707 41867073.499152 19 
27695021081322.003906 27695019056443.484375 2024880.000000 1.479512 2769502.905644 27695019056442.003906 75 
39682214.871465 37509256.393827 2172960.000000 1.522362 4.750925 37509254.871465 9 
46839102.001856 44876383.184429 1962720.000000 1.182572 5.487638 44876382.001856 27 
52361385.148166 50368426.699147 1992960.000000 1.550981 6.036843 50368425.148166 47 
48286604.945001 46186846.701481 2099760.000000 1.756480 5.618684 46186844.945001 34 
368086821279070.937500 368086819476192.812500 1802880.000000 1.869405 36808682.947619 368086819476190.937500 90 
43372161.577719 41433923.341484 1938240.000000 1.763765 5.143392 41433921.577719 16 
59827487.699594 57826129.538631 2001360.000000 1.839037 6.782613 57826127.699594 58 
106554466099920.484375 106554464116562.125000 1983360.000000 1.645349 10655447.411656 106554464116560.484375 84 
2563483704676.828125 2563481658678.188477 2046000.000000 1.360246 256349.165868 2563481658676.828125 70 
81921847.425163 79812009.773985 2109840.000000 2.348822 8.981201 79812007.425163 67 
58215062196726.250000 58215060042007.929688 2154720.000000 1.682446 5821507.004201 58215060042006.250000 81 
90978383.427651 89142385.544414 1836000.000000 2.116763 9.914238 89142383.427651 69 
72476745.784774 70435067.104959 2041680.000000 1.320185 8.043507 70435065.784774 64 
83512133248057.859375 83512131329979.406250 1918080.000000 1.543585 8351214.132998 83512131329977.859375 83 
32621921.852848 30623203.063085 1998720.000000 1.210237 4.062320 30623201.852848 3 
23935776.426889 21837457.960527 2098320.000000 1.533638 3.183746 21837456.426889 0 
37518367.278012 35616131.496114 1902240.000000 4.218103 4.561613 35616127.278012 8 
57866437.804869 56037879.173121 1828560.000000 1.368252 6.603788 56037877.804869 56 
42673703.738570 40645465.050745 2028240.000000 1.312175 5.064546 40645463.738570 14 
134081880381166.859375 134081878473409.328125 1907760.000000 2.472427 13408188.847341 134081878473406.859375 87 
50476014.634869 48548576.327274 1927440.000000 1.692405 5.854857 48548574.634869 43 
71545676.427566 69674397.942527 1871280.000000 1.514961 7.967440 69674396.427566 62 
5863828733611.515625 5863826616093.050781 2117520.000000 1.534935 586383.661609 5863826616091.515625 71 
47642834.226355 45695475.650482 1947360.000000 1.424127 5.569547 45695474.226355 30 
46809211.192140 44847452.748088 1961760.000000 1.555948 5.484745 44847451.192140 26 
81050329.483795 78951051.654769 2099280.000000 2.170974 8.895105 78951049.483795 66 
49018479.223758 46794160.311345 2224320.000000 1.087587 5.679416 46794159.223758 37 
49159123.076803 47147684.309107 2011440.000000 1.232304 5.714768 47147683.076803 39 
69510968035506.867188 69510966033428.296875 2002080.000000 1.426965 6951097.603343 69510966033426.867188 82 
#Generacion: 1 
#Distancia: 786.504646 
1498320.000000 0.883382 1498320.000000 0.883382 0.972185 0.000000 0 
1448160.000000 0.917172 1448160.000000 0.917172 0.980715 0.000000 0 
1502400.000000 0.882009 1502400.000000 0.882009 0.998221 0.000000 0 
1483200.000000 0.890469 1483200.000000 0.890469 0.997981 0.000000 0 
1358880.000000 1.243466 1358880.000000 1.243466 0.980729 0.000000 0 
1476000.000000 0.894200 1476000.000000 0.894200 0.973602 0.000000 0 
1498320.000000 0.883382 1498320.000000 0.883382 0.972185 0.000000 0 
1377360.000000 1.005075 1377360.000000 1.005075 0.967540 0.000000 0 
1470000.000000 0.894678 1470000.000000 0.894678 0.976655 0.000000 0 
1508160.000000 0.880168 1508160.000000 0.880168 0.973238 0.000000 0 
1400400.000000 0.981035 1400400.000000 0.981035 0.993951 0.000000 0 
1424640.000000 0.977641 1424640.000000 0.977641 0.997820 0.000000 0 
1508160.000000 0.880168 1508160.000000 0.880168 0.973238 0.000000 0 
1619760.000000 0.852779 1619760.000000 0.852779 0.983182 0.000000 0 
1524960.000000 0.870707 1524960.000000 0.870707 0.987440 0.000000 0 
1621920.000000 0.852144 1621920.000000 0.852144 0.993337 0.000000 0 
1680960.000000 0.838291 1680960.000000 0.838291 0.998747 0.000000 0 
1524960.000000 0.870707 1524960.000000 0.870707 0.987440 0.000000 0 
1513440.000000 0.879528 1513440.000000 0.879528 0.971885 0.000000 0 
1448160.000000 0.917172 1448160.000000 0.917172 0.980715 0.000000 0 
1732560.000000 0.834647 1732560.000000 0.834647 0.982893 0.000000 0 
1516080.000000 0.877456 1516080.000000 0.877456 0.976930 0.000000 0 
1643760.000000 0.847879 1643760.000000 0.847879 0.979429 0.000000 0 
1454880.000000 0.899269 1454880.000000 0.899269 0.979966 0.000000 0 
1487040.000000 0.883926 1487040.000000 0.883926 0.997884 0.000000 0 
1400400.000000 0.981035 1400400.000000 0.981035 0.993951 0.000000 0 
1637040.000000 0.849755 1637040.000000 0.849755 0.971522 0.000000 0 
1645680.000000 0.846229 1645680.000000 0.846229 0.990898 0.000000 0 
1391040.000000 0.981639 1391040.000000 0.981639 0.993923 0.000000 0 
1487040.000000 0.883926 1487040.000000 0.883926 0.997884 0.000000 0 
1642080.000000 0.849677 1642080.000000 0.849677 0.978988 0.000000 0 
1529520.000000 0.863834 1529520.000000 0.863834 0.997802 0.000000 0 
1465440.000000 0.897280 1465440.000000 0.897280 0.987151 0.000000 0 
1443120.000000 0.918430 1443120.000000 0.918430 0.990265 0.000000 0 
1566960.000000 0.855306 1566960.000000 0.855306 0.986875 0.000000 0 
1428960.000000 0.930375 1428960.000000 0.930375 0.992949 0.000000 0 
1541040.000000 0.862018 1541040.000000 0.862018 0.985265 0.000000 0 
1465440.000000 0.897280 1465440.000000 0.897280 0.987151 0.000000 0 
1364880.000000 1.144750 1364880.000000 1.144750 0.973904 0.000000 0 
1619280.000000 0.854517 1619280.000000 0.854517 0.996562 0.000000 0 
1363200.000000 1.244231 1363200.000000 1.244231 0.977063 0.000000 1 
1380000.000000 1.014862 1380000.000000 1.014862 0.997984 0.000000 1 
1481280.000000 0.894738 1481280.000000 0.894738 0.966947 0.000000 1 
1475760.000000 0.895934 1475760.000000 0.895934 0.972660 0.000000 1 
1629120.000000 0.852399 1629120.000000 0.852399 0.994241 0.000000 1 
1626480.000000 0.852767 1626480.000000 0.852767 0.975507 0.000000 1 
1693440.000000 0.838851 1693440.000000 0.838851 0.995375 0.000000 1 
1693200.000000 0.845184 1693200.000000 0.845184 0.982068 0.000000 1 
1830240.000000 0.836821 1830240.000000 0.836821 0.956929 0.000000 1 
1867680.000000 0.835595 1867680.000000 0.835595 0.956088 0.000000 1 
1861680.000000 0.835982 1861680.000000 0.835982 0.956066 0.000000 1 
1526880.000000 0.881953 1526880.000000 0.881953 0.998293 0.000000 1 
1462080.000000 0.901400 1462080.000000 0.901400 0.980571 0.000000 1 
1462080.000000 0.901400 1462080.000000 0.901400 0.980571 0.000000 1 
1463760.000000 0.900155 1463760.000000 0.900155 0.978052 0.000000 1 
1458720.000000 0.913402 1458720.000000 0.913402 0.968698 0.000000 1 
1462080.000000 0.901400 1462080.000000 0.901400 0.980571 0.000000 1 
1637760.000000 0.851270 1637760.000000 0.851270 0.997218 0.000000 1 
1639440.000000 0.849879 1639440.000000 0.849879 0.991553 0.000000 1 
1645920.000000 0.848127 1645920.000000 0.848127 0.977936 0.000000 1 
1645920.000000 0.848127 1645920.000000 0.848127 0.977936 0.000000 1 
1661040.000000 0.846722 1661040.000000 0.846722 0.985219 0.000000 1 
1409040.000000 1.001811 1409040.000000 1.001811 0.988564 0.000000 1 
1411200.000000 0.990396 1411200.000000 0.990396 0.996256 0.000000 1 
1417680.000000 0.990138 1417680.000000 0.990138 0.980761 0.000000 1 
1422480.000000 0.984508 1422480.000000 0.984508 0.990976 0.000000 1 
1428240.000000 0.983827 1428240.000000 0.983827 0.995366 0.000000 1 
1396560.000000 1.003951 1396560.000000 1.003951 0.984904 0.000000 1 
1487040.000000 0.884403 1487040.000000 0.884403 0.999375 0.000000 1 
1513440.000000 0.884284 1513440.000000 0.884284 0.974344 0.000000 1 
1530240.000000 0.868789 1530240.000000 0.868789 0.993181 0.000000 1 
1533120.000000 0.864879 1533120.000000 0.864879 0.990467 0.000000 1 
1530000.000000 0.881934 1530000.000000 0.881934 0.965111 0.000000 1 
1456080.000000 0.919688 1456080.000000 0.919688 0.985258 0.000000 1 
1590240.000000 0.857686 1590240.000000 0.857686 0.984641 0.000000 1 
1591680.000000 0.856475 1591680.000000 0.856475 0.981481 0.000000 1 
1591680.000000 0.856475 1591680.000000 0.856475 0.991100 0.000000 1 
1590240.000000 0.857686 1590240.000000 0.857686 0.984641 0.000000 1 
1596720.000000 0.856341 1596720.000000 0.856341 0.988083 0.000000 1 
1589760.000000 0.860561 1589760.000000 0.860561 0.985346 0.000000 1 
1590240.000000 0.857686 1590240.000000 0.857686 0.984641 0.000000 1 
1432560.000000 0.935877 1432560.000000 0.935877 0.992921 0.000000 1 
1429440.000000 0.981705 1429440.000000 0.981705 0.989654 0.000000 1 
1453200.000000 0.931678 1453200.000000 0.931678 0.991846 0.000000 1 
1569600.000000 0.863230 1569600.000000 0.863230 0.987414 0.000000 1 
1576080.000000 0.862377 1576080.000000 0.862377 0.986336 0.000000 1 
1468080.000000 0.898205 1468080.000000 0.898205 0.971416 0.000000 1 
1368240.000000 1.243562 1368240.000000 1.243562 0.971282 0.000000 1 
1446480.000000 0.950259 1446480.000000 0.950259 0.998716 0.000000 2 
1671120.000000 0.847924 1671120.000000 0.847924 0.960242 0.000000 2 
1434000.000000 0.953516 1434000.000000 0.953516 0.998754 0.000000 2 
1559280.000000 0.865740 1559280.000000 0.865740 0.980180 0.000000 2 
1533840.000000 0.873222 1533840.000000 0.873222 0.980571 0.000000 2 
1687200.000000 0.847248 1687200.000000 0.847248 0.979683 0.000000 2 
1548960.000000 0.868705 1548960.000000 0.868705 0.999035 0.000000 2 
1622640.000000 0.856794 1622640.000000 0.856794 0.979098 0.000000 2 
1610400.000000 0.857132 1610400.000000 0.857132 0.984271 0.000000 2 
1434000.000000 0.953516 1434000.000000 0.953516 0.998754 0.000000 2 
1603440.000000 0.857641 1603440.000000 0.857641 0.979190 0.000000 2 
1591680.000000 0.861952 1591680.000000 0.861952 0.984421 0.000000 2 
#Generacion: 500 
#Distancia: 238.088586 
1898640.000000 0.803687 1898640.000000 0.803687 0.975958 0.000000 0 
1226640.000000 1.085619 1226640.000000 1.085619 0.996732 0.000000 0 
1226640.000000 1.085619 1226640.000000 1.085619 0.996732 0.000000 0 
1242240.000000 1.013410 1242240.000000 1.013410 0.992012 0.000000 0 
1257360.000000 0.973239 1257360.000000 0.973239 0.981947 0.000000 0 
1296240.000000 0.953139 1296240.000000 0.953139 0.997326 0.000000 0 
1251840.000000 1.013252 1251840.000000 1.013252 0.991792 0.000000 0 
1322400.000000 0.903706 1322400.000000 0.903706 0.977442 0.000000 0 
1300800.000000 0.931763 1300800.000000 0.931763 0.995781 0.000000 0 
1277520.000000 0.970731 1277520.000000 0.970731 0.978911 0.000000 0 
1300800.000000 0.931763 1300800.000000 0.931763 0.995781 0.000000 0 
1845120.000000 0.805763 1845120.000000 0.805763 0.968287 0.000000 0 
1693680.000000 0.817153 1693680.000000 0.817153 0.998548 0.000000 0 
1721760.000000 0.816231 1721760.000000 0.816231 0.993334 0.000000 0 
1807680.000000 0.810040 1807680.000000 0.810040 0.970431 0.000000 0 
1883280.000000 0.804997 1883280.000000 0.804997 0.982396 0.000000 0 
1771680.000000 0.811641 1771680.000000 0.811641 0.989708 0.000000 0 
1625040.000000 0.825628 1625040.000000 0.825628 0.996095 0.000000 0 
1350720.000000 0.893498 1350720.000000 0.893498 0.975384 0.000000 0 
1610880.000000 0.827717 1610880.000000 0.827717 0.996295 0.000000 0 
1405920.000000 0.877301 1405920.000000 0.877301 0.986552 0.000000 0 
1425360.000000 0.871508 1425360.000000 0.871508 0.993436 0.000000 0 
1659840.000000 0.821049 1659840.000000 0.821049 0.993180 0.000000 0 
1371360.000000 0.887281 1371360.000000 0.887281 0.983547 0.000000 0 
1641600.000000 0.824584 1641600.000000 0.824584 0.994914 0.000000 0 
1272720.000000 0.973034 1272720.000000 0.973034 0.982036 0.000000 0 
1762080.000000 0.812678 1762080.000000 0.812678 0.995536 0.000000 0 
1730400.000000 0.814819 1730400.000000 0.814819 0.962993 0.000000 0 
1340880.000000 0.899993 1340880.000000 0.899993 0.973652 0.000000 0 
1384320.000000 0.885996 1384320.000000 0.885996 0.990133 0.000000 0 
1748880.000000 0.812915 1748880.000000 0.812915 0.992012 0.000000 0 
1742160.000000 0.814089 1742160.000000 0.814089 0.963685 0.000000 0 
1359360.000000 0.893479 1359360.000000 0.893479 0.975489 0.000000 0 
1399200.000000 0.877539 1399200.000000 0.877539 0.995362 0.000000 0 
1453200.000000 0.865953 1453200.000000 0.865953 0.999169 0.000000 0 
1835280.000000 0.806598 1835280.000000 0.806598 0.989160 0.000000 0 
1817040.000000 0.809785 1817040.000000 0.809785 0.966436 0.000000 0 
1554960.000000 0.842234 1554960.000000 0.842234 0.999286 0.000000 0 
1684800.000000 0.818606 1684800.000000 0.818606 0.995856 0.000000 0 
1470240.000000 0.862909 1470240.000000 0.862909 0.997072 0.000000 0 
1389120.000000 0.884528 1389120.000000 0.884528 0.991513 0.000000 0 
1648800.000000 0.822052 1648800.000000 0.822052 0.999684 0.000000 0 
1521600.000000 0.849338 1521600.000000 0.849338 0.992925 0.000000 0 
1892880.000000 0.804927 1892880.000000 0.804927 0.988346 0.000000 0 
1571520.000000 0.837795 1571520.000000 0.837795 0.996505 0.000000 0 
1443120.000000 0.868959 1443120.000000 0.868959 0.972066 0.000000 0 
1673520.000000 0.821041 1673520.000000 0.821041 0.995667 0.000000 0 
1499520.000000 0.852514 1499520.000000 0.852514 0.993635 0.000000 0 
1488000.000000 0.855026 1488000.000000 0.855026 0.995685 0.000000 0 
1444560.000000 0.867125 1444560.000000 0.867125 0.998928 0.000000 0 
1828320.000000 0.809563 1828320.000000 0.809563 0.993684 0.000000 0 
1531200.000000 0.849011 1531200.000000 0.849011 0.990203 0.000000 0 
1362960.000000 0.889078 1362960.000000 0.889078 0.981973 0.000000 0 
1540800.000000 0.842680 1540800.000000 0.842680 0.996760 0.000000 0 
1506240.000000 0.851391 1506240.000000 0.851391 0.993293 0.000000 0 
1596480.000000 0.833781 1596480.000000 0.833781 0.997288 0.000000 0 
1394640.000000 0.882094 1394640.000000 0.882094 0.996443 0.000000 0 
1545360.000000 0.842440 1545360.000000 0.842440 0.999179 0.000000 0 
1601040.000000 0.833512 1601040.000000 0.833512 0.996951 0.000000 0 
1479120.000000 0.859241 1479120.000000 0.859241 0.994098 0.000000 0 
1606080.000000 0.831675 1606080.000000 0.831675 0.991952 0.000000 0 
1514880.000000 0.850053 1514880.000000 0.850053 0.993060 0.000000 0 
1537920.000000 0.845839 1537920.000000 0.845839 0.992360 0.000000 0 
1828560.000000 0.807644 1828560.000000 0.807644 0.978872 0.000000 0 
1564800.000000 0.837836 1564800.000000 0.837836 0.996910 0.000000 0 
1460160.000000 0.864387 1460160.000000 0.864387 0.998619 0.000000 0 
1586880.000000 0.834056 1586880.000000 0.834056 0.993278 0.000000 0 
1461840.000000 0.863699 1461840.000000 0.863699 0.989082 0.000000 0 
1644480.000000 0.822735 1644480.000000 0.822735 0.992395 0.000000 0 
1584240.000000 0.834401 1584240.000000 0.834401 0.987060 0.000000 0 
1562160.000000 0.840923 1562160.000000 0.840923 0.996164 0.000000 0 
1679040.000000 0.819515 1679040.000000 0.819515 0.991996 0.000000 0 
1328880.000000 0.902402 1328880.000000 0.902402 0.974910 0.000000 0 
1485360.000000 0.859048 1485360.000000 0.859048 0.995211 0.000000 0 
1363680.000000 0.888525 1363680.000000 0.888525 0.973747 0.000000 0 
1771680.000000 0.811641 1771680.000000 0.811641 0.989708 0.000000 0 
1435200.000000 0.870666 1435200.000000 0.870666 0.971165 0.000000 0 
1435200.000000 0.870666 1435200.000000 0.870666 0.971165 0.000000 0 
1425360.000000 0.871508 1425360.000000 0.871508 0.993436 0.000000 0 
1511280.000000 0.850934 1511280.000000 0.850934 0.992768 0.000000 0 
1394640.000000 0.882094 1394640.000000 0.882094 0.996443 0.000000 0 
1577040.000000 0.835439 1577040.000000 0.835439 0.995805 0.000000 0 
1532400.000000 0.847088 1532400.000000 0.847088 0.993794 0.000000 0 
1563120.000000 0.840151 1563120.000000 0.840151 0.996554 0.000000 0 
1808400.000000 0.809802 1808400.000000 0.809802 0.965909 0.000000 0 
1474800.000000 0.860679 1474800.000000 0.860679 0.996631 0.000000 0 
1883280.000000 0.804997 1883280.000000 0.804997 0.982396 0.000000 0 
1577040.000000 0.835439 1577040.000000 0.835439 0.995805 0.000000 0 
1338000.000000 0.902175 1338000.000000 0.902175 0.983818 0.000000 0 
1326480.000000 0.902749 1326480.000000 0.902749 0.977431 0.000000 0 
1606080.000000 0.831675 1606080.000000 0.831675 0.991952 0.000000 0 
1499520.000000 0.852514 1499520.000000 0.852514 0.993635 0.000000 0 
1676160.000000 0.820449 1676160.000000 0.820449 0.989372 0.000000 0 
1537200.000000 0.847058 1537200.000000 0.847058 0.997018 0.000000 0 
1340880.000000 0.899993 1340880.000000 0.899993 0.973652 0.000000 0 
1338000.000000 0.902175 1338000.000000 0.902175 0.983818 0.000000 0 
1474800.000000 0.860679 1474800.000000 0.860679 0.996631 0.000000 0 
1405920.000000 0.877301 1405920.000000 0.877301 0.986552 0.000000 0 
1487040.000000 0.857162 1487040.000000 0.857162 0.995633 0.000000 0 
1487040.000000 0.857162 1487040.000000 0.857162 0.995633 0.000000 0 
#Generacion: 1000 
#Distancia: 218.185152 
1215840.000000 0.997890 1215840.000000 0.997890 0.997757 0.000000 0 
2054160.000000 0.784201 2054160.000000 0.784201 0.999324 0.000000 0 
1271040.000000 0.927220 1271040.000000 0.927220 0.985361 0.000000 0 
1235280.000000 0.970500 1235280.000000 0.970500 0.999243 0.000000 0 
1230000.000000 0.990111 1230000.000000 0.990111 0.999352 0.000000 0 
1266240.000000 0.940470 1266240.000000 0.940470 0.988891 0.000000 0 
1280400.000000 0.917108 1280400.000000 0.917108 0.996118 0.000000 0 
1258560.000000 0.955197 1258560.000000 0.955197 0.992389 0.000000 0 
1946400.000000 0.786982 1946400.000000 0.786982 0.971259 0.000000 0 
1836960.000000 0.795650 1836960.000000 0.795650 0.974280 0.000000 0 
1551120.000000 0.834775 1551120.000000 0.834775 0.992601 0.000000 0 
1263600.000000 0.945570 1263600.000000 0.945570 0.994658 0.000000 0 
2016000.000000 0.784239 2016000.000000 0.784239 0.971546 0.000000 0 
1299600.000000 0.914761 1299600.000000 0.914761 0.995439 0.000000 0 
1503360.000000 0.845926 1503360.000000 0.845926 0.986384 0.000000 0 
1644480.000000 0.816318 1644480.000000 0.816318 0.969138 0.000000 0 
1563120.000000 0.828335 1563120.000000 0.828335 0.976330 0.000000 0 
1304640.000000 0.906446 1304640.000000 0.906446 0.995488 0.000000 0 
1486320.000000 0.848486 1486320.000000 0.848486 0.988274 0.000000 0 
1230000.000000 0.990111 1230000.000000 0.990111 0.999352 0.000000 0 
1666320.000000 0.813552 1666320.000000 0.813552 0.968023 0.000000 0 
1340160.000000 0.884430 1340160.000000 0.884430 0.991465 0.000000 0 
1916640.000000 0.788339 1916640.000000 0.788339 0.961714 0.000000 0 
1993920.000000 0.785234 1993920.000000 0.785234 0.967847 0.000000 0 
1322400.000000 0.890014 1322400.000000 0.890014 0.976777 0.000000 0 
1313040.000000 0.899996 1313040.000000 0.899996 0.978037 0.000000 0 
1253040.000000 0.959839 1253040.000000 0.959839 0.996523 0.000000 0 
1820160.000000 0.797747 1820160.000000 0.797747 0.962626 0.000000 0 
1319760.000000 0.896549 1319760.000000 0.896549 0.986711 0.000000 0 
1453200.000000 0.852974 1453200.000000 0.852974 0.987227 0.000000 0 
1397520.000000 0.869551 1397520.000000 0.869551 0.982273 0.000000 0 
1246320.000000 0.965233 1246320.000000 0.965233 0.980449 0.000000 0 
1866720.000000 0.794640 1866720.000000 0.794640 0.960018 0.000000 0 
1311360.000000 0.906235 1311360.000000 0.906235 0.994723 0.000000 0 
1462560.000000 0.850515 1462560.000000 0.850515 0.991021 0.000000 0 
1406400.000000 0.865593 1406400.000000 0.865593 0.984775 0.000000 0 
1517520.000000 0.844538 1517520.000000 0.844538 0.993679 0.000000 0 
1795680.000000 0.799576 1795680.000000 0.799576 0.959340 0.000000 0 
1362720.000000 0.878684 1362720.000000 0.878684 0.983575 0.000000 0 
1474080.000000 0.849899 1474080.000000 0.849899 0.989949 0.000000 0 
1738800.000000 0.805052 1738800.000000 0.805052 0.962063 0.000000 0 
1243680.000000 0.969711 1243680.000000 0.969711 0.996248 0.000000 0 
1811760.000000 0.798706 1811760.000000 0.798706 0.961018 0.000000 0 
1426560.000000 0.860805 1426560.000000 0.860805 0.991372 0.000000 0 
1975440.000000 0.786556 1975440.000000 0.786556 0.971349 0.000000 0 
1411440.000000 0.861758 1411440.000000 0.861758 0.982209 0.000000 0 
1337520.000000 0.888021 1337520.000000 0.888021 0.979978 0.000000 0 
1642320.000000 0.819333 1642320.000000 0.819333 0.972692 0.000000 0 
1356000.000000 0.882287 1356000.000000 0.882287 0.983416 0.000000 0 
1683600.000000 0.811304 1683600.000000 0.811304 0.956700 0.000000 0 
1535760.000000 0.839539 1535760.000000 0.839539 0.986586 0.000000 0 
1708800.000000 0.808125 1708800.000000 0.808125 0.995919 0.000000 0 
1896480.000000 0.791493 1896480.000000 0.791493 0.989249 0.000000 0 
1291920.000000 0.915374 1291920.000000 0.915374 0.984622 0.000000 0 
1750320.000000 0.803672 1750320.000000 0.803672 0.971784 0.000000 0 
1247280.000000 0.961935 1247280.000000 0.961935 0.994442 0.000000 0 
1439040.000000 0.858798 1439040.000000 0.858798 0.991388 0.000000 0 
1786800.000000 0.800629 1786800.000000 0.800629 0.957065 0.000000 0 
1727040.000000 0.805823 1727040.000000 0.805823 0.969529 0.000000 0 
1906080.000000 0.790484 1906080.000000 0.790484 0.960409 0.000000 0 
1717680.000000 0.806677 1717680.000000 0.806677 0.968320 0.000000 0 
1875360.000000 0.792545 1875360.000000 0.792545 0.976110 0.000000 0 
1390800.000000 0.870352 1390800.000000 0.870352 0.982161 0.000000 0 
1384560.000000 0.874875 1384560.000000 0.874875 0.988455 0.000000 0 
1672080.000000 0.812315 1672080.000000 0.812315 0.955889 0.000000 0 
1884960.000000 0.792363 1884960.000000 0.792363 0.976204 0.000000 0 
1524960.000000 0.843104 1524960.000000 0.843104 0.976948 0.000000 0 
1528080.000000 0.840874 1528080.000000 0.840874 0.984530 0.000000 0 
1772400.000000 0.800690 1772400.000000 0.800690 0.956797 0.000000 0 
1584960.000000 0.826234 1584960.000000 0.826234 0.977889 0.000000 0 
1385760.000000 0.873476 1385760.000000 0.873476 0.982153 0.000000 0 
1703040.000000 0.810317 1703040.000000 0.810317 0.955130 0.000000 0 
1755840.000000 0.802287 1755840.000000 0.802287 0.955000 0.000000 0 
1975440.000000 0.786556 1975440.000000 0.786556 0.971349 0.000000 0 
1694640.000000 0.810583 1694640.000000 0.810583 0.988865 0.000000 0 
1329840.000000 0.889469 1329840.000000 0.889469 0.973144 0.000000 0 
1764480.000000 0.801223 1764480.000000 0.801223 0.956093 0.000000 0 
1264800.000000 0.944122 1264800.000000 0.944122 0.983800 0.000000 0 
1597680.000000 0.825640 1597680.000000 0.825640 0.994020 0.000000 0 
1578000.000000 0.826872 1578000.000000 0.826872 0.975692 0.000000 0 
1609920.000000 0.823966 1609920.000000 0.823966 0.998434 0.000000 0 
1543680.000000 0.837445 1543680.000000 0.837445 0.992806 0.000000 0 
1630800.000000 0.820483 1630800.000000 0.820483 0.975898 0.000000 0 
1358640.000000 0.881495 1358640.000000 0.881495 0.982139 0.000000 0 
1569600.000000 0.827901 1569600.000000 0.827901 0.989102 0.000000 0 
1438320.000000 0.860584 1438320.000000 0.860584 0.985088 0.000000 0 
1313280.000000 0.897077 1313280.000000 0.897077 0.987106 0.000000 0 
1407600.000000 0.863735 1407600.000000 0.863735 0.990284 0.000000 0 
1441680.000000 0.854387 1441680.000000 0.854387 0.998800 0.000000 0 
1367280.000000 0.875536 1367280.000000 0.875536 0.986723 0.000000 0 
1915440.000000 0.789323 1915440.000000 0.789323 0.962435 0.000000 0 
1604400.000000 0.825491 1604400.000000 0.825491 0.988224 0.000000 0 
1545360.000000 0.836580 1545360.000000 0.836580 0.976024 0.000000 0 
1619760.000000 0.823892 1619760.000000 0.823892 0.988832 0.000000 0 
1441680.000000 0.854387 1441680.000000 0.854387 0.998800 0.000000 0 
1367280.000000 0.875536 1367280.000000 0.875536 0.986723 0.000000 0 
1866720.000000 0.794640 1866720.000000 0.794640 0.960018 0.000000 0 
1630080.000000 0.821536 1630080.000000 0.821536 0.992441 0.000000 0 
2006400.000000 0.784660 2006400.000000 0.784660 0.970986 0.000000 0 
1620720.000000 0.822192 1620720.000000 0.822192 0.993245 0.000000 0 
#Generacion: 1500 
#Distancia: 251.439091 
2070960.000000 0.780538 2070960.000000 0.780538 0.972678 0.000000 0 
1195440.000000 0.993729 1195440.000000 0.993729 0.980925 0.000000 0 
1195440.000000 0.993729 1195440.000000 0.993729 0.980925 0.000000 0 
1269840.000000 0.900310 1269840.000000 0.900310 0.992698 0.000000 0 
1221600.000000 0.979880 1221600.000000 0.979880 0.981743 0.000000 0 
1263840.000000 0.920655 1263840.000000 0.920655 0.997260 0.000000 0 
1222800.000000 0.961235 1222800.000000 0.961235 0.984879 0.000000 0 
1250880.000000 0.932001 1250880.000000 0.932001 0.995342 0.000000 0 
1500480.000000 0.835496 1500480.000000 0.835496 0.999672 0.000000 0 
1253760.000000 0.921020 1253760.000000 0.921020 0.990435 0.000000 0 
1235520.000000 0.948515 1235520.000000 0.948515 0.974170 0.000000 0 
1323840.000000 0.886296 1323840.000000 0.886296 0.994657 0.000000 0 
1330560.000000 0.880065 1330560.000000 0.880065 0.980212 0.000000 0 
1567680.000000 0.825793 1567680.000000 0.825793 0.995226 0.000000 0 
1492080.000000 0.840849 1492080.000000 0.840849 0.998692 0.000000 0 
1521600.000000 0.832554 1521600.000000 0.832554 0.995143 0.000000 0 
1360320.000000 0.869284 1360320.000000 0.869284 0.996408 0.000000 0 
1227840.000000 0.954680 1227840.000000 0.954680 0.984002 0.000000 0 
1290960.000000 0.897390 1290960.000000 0.897390 0.984919 0.000000 0 
1447680.000000 0.847175 1447680.000000 0.847175 0.985877 0.000000 0 
1621440.000000 0.815867 1621440.000000 0.815867 0.992441 0.000000 0 
1297680.000000 0.892312 1297680.000000 0.892312 0.981702 0.000000 0 
1557360.000000 0.827673 1557360.000000 0.827673 0.997781 0.000000 0 
1584960.000000 0.822460 1584960.000000 0.822460 0.987516 0.000000 0 
1542000.000000 0.829909 1542000.000000 0.829909 0.990777 0.000000 0 
1431360.000000 0.850382 1431360.000000 0.850382 0.997176 0.000000 0 
1206240.000000 0.981414 1206240.000000 0.981414 0.978394 0.000000 0 
1368000.000000 0.864006 1368000.000000 0.864006 0.992532 0.000000 0 
1944720.000000 0.787053 1944720.000000 0.787053 0.989588 0.000000 0 
1418640.000000 0.854888 1418640.000000 0.854888 0.989789 0.000000 0 
1594320.000000 0.816837 1594320.000000 0.816837 0.984854 0.000000 0 
1890000.000000 0.789856 1890000.000000 0.789856 0.961713 0.000000 0 
1658160.000000 0.809630 1658160.000000 0.809630 0.979015 0.000000 0 
1679280.000000 0.809501 1679280.000000 0.809501 0.973335 0.000000 0 
1866240.000000 0.790779 1866240.000000 0.790779 0.967314 0.000000 0 
1387200.000000 0.858852 1387200.000000 0.858852 0.997091 0.000000 0 
2037840.000000 0.783054 2037840.000000 0.783054 0.984732 0.000000 0 
1319760.000000 0.890088 1319760.000000 0.890088 0.988556 0.000000 0 
1484400.000000 0.843201 1484400.000000 0.843201 0.980497 0.000000 0 
1241280.000000 0.942031 1241280.000000 0.942031 0.997425 0.000000 0 
1196880.000000 0.987459 1196880.000000 0.987459 0.985171 0.000000 0 
1280400.000000 0.898588 1280400.000000 0.898588 0.990166 0.000000 0 
1335360.000000 0.876587 1335360.000000 0.876587 0.991171 0.000000 0 
1237440.000000 0.943649 1237440.000000 0.943649 0.997967 0.000000 0 
1693440.000000 0.808774 1693440.000000 0.808774 0.957355 0.000000 0 
1533120.000000 0.831855 1533120.000000 0.831855 0.997750 0.000000 0 
1427760.000000 0.852324 1427760.000000 0.852324 0.986078 0.000000 0 
1308240.000000 0.891227 1308240.000000 0.891227 0.979486 0.000000 0 
1740480.000000 0.800860 1740480.000000 0.800860 0.964794 0.000000 0 
1837440.000000 0.793471 1837440.000000 0.793471 0.954219 0.000000 0 
1958640.000000 0.786351 1958640.000000 0.786351 0.974111 0.000000 0 
2019360.000000 0.783201 2019360.000000 0.783201 0.973141 0.000000 0 
1720320.000000 0.804682 1720320.000000 0.804682 0.956567 0.000000 0 
1760640.000000 0.799278 1760640.000000 0.799278 0.956041 0.000000 0 
1351920.000000 0.871356 1351920.000000 0.871356 0.991724 0.000000 0 
1377600.000000 0.860779 1377600.000000 0.860779 0.995105 0.000000 0 
2051040.000000 0.782156 2051040.000000 0.782156 0.979406 0.000000 0 
1405440.000000 0.856732 1405440.000000 0.856732 0.991702 0.000000 0 
1712400.000000 0.806646 1712400.000000 0.806646 0.976796 0.000000 0 
1653120.000000 0.812709 1653120.000000 0.812709 0.968070 0.000000 0 
1779360.000000 0.797139 1779360.000000 0.797139 0.975671 0.000000 0 
1469040.000000 0.843667 1469040.000000 0.843667 0.978834 0.000000 0 
1224960.000000 0.956733 1224960.000000 0.956733 0.981778 0.000000 0 
1702320.000000 0.807244 1702320.000000 0.807244 0.979574 0.000000 0 
1770240.000000 0.797381 1770240.000000 0.797381 0.956429 0.000000 0 
1196880.000000 0.987459 1196880.000000 0.987459 0.985171 0.000000 0 
1905120.000000 0.788031 1905120.000000 0.788031 0.982159 0.000000 0 
1404240.000000 0.858390 1404240.000000 0.858390 0.993327 0.000000 0 
1246080.000000 0.937363 1246080.000000 0.937363 0.996987 0.000000 0 
1987680.000000 0.783895 1987680.000000 0.783895 0.978880 0.000000 0 
1750800.000000 0.799718 1750800.000000 0.799718 0.961051 0.000000 0 
2060400.000000 0.781538 2060400.000000 0.781538 0.976784 0.000000 0 
1921200.000000 0.787099 1921200.000000 0.787099 0.991411 0.000000 0 
1792800.000000 0.795991 1792800.000000 0.795991 0.974272 0.000000 0 
1341840.000000 0.874793 1341840.000000 0.874793 0.992676 0.000000 0 
1967760.000000 0.785197 1967760.000000 0.785197 0.986716 0.000000 0 
1979280.000000 0.785145 1979280.000000 0.785145 0.973032 0.000000 0 
1455360.000000 0.845756 1455360.000000 0.845756 0.988141 0.000000 0 
1345920.000000 0.872807 1345920.000000 0.872807 0.990456 0.000000 0 
1246080.000000 0.937363 1246080.000000 0.937363 0.996987 0.000000 0 
1631040.000000 0.815359 1631040.000000 0.815359 0.991447 0.000000 0 
1808640.000000 0.794813 1808640.000000 0.794813 0.964639 0.000000 0 
1999200.000000 0.783504 1999200.000000 0.783504 0.976958 0.000000 0 
1827840.000000 0.794342 1827840.000000 0.794342 0.954167 0.000000 0 
1586400.000000 0.820131 1586400.000000 0.820131 0.982708 0.000000 0 
1372800.000000 0.862372 1372800.000000 0.862372 0.999045 0.000000 0 
1731600.000000 0.802618 1731600.000000 0.802618 0.976297 0.000000 0 
1899360.000000 0.789009 1899360.000000 0.789009 0.962385 0.000000 0 
1641600.000000 0.814978 1641600.000000 0.814978 0.990810 0.000000 0 
1462080.000000 0.844568 1462080.000000 0.844568 0.997980 0.000000 0 
1212960.000000 0.981412 1212960.000000 0.981412 0.977862 0.000000 0 
1850400.000000 0.792354 1850400.000000 0.792354 0.974827 0.000000 0 
1591920.000000 0.818517 1591920.000000 0.818517 0.998790 0.000000 0 
2008800.000000 0.783334 2008800.000000 0.783334 0.975328 0.000000 0 
1818240.000000 0.794453 1818240.000000 0.794453 0.954231 0.000000 0 
1646880.000000 0.813769 1646880.000000 0.813769 0.988726 0.000000 0 
1800000.000000 0.795742 1800000.000000 0.795742 0.958212 0.000000 0 
1224000.000000 0.960542 1224000.000000 0.960542 0.976439 0.000000 0 
1919280.000000 0.787289 1919280.000000 0.787289 0.976030 0.000000 0 
1731120.000000 0.804092 1731120.000000 0.804092 0.965084 0.000000 0 
#Generacion: 2000 
#Distancia: 276.945657 
2125680.000000 0.778549 2125680.000000 0.778549 0.974356 0.000000 0 
1194720.000000 0.979392 1194720.000000 0.979392 0.993060 0.000000 0 
1194720.000000 0.979392 1194720.000000 0.979392 0.993060 0.000000 0 
1200240.000000 0.957583 1200240.000000 0.957583 0.997142 0.000000 0 
1230480.000000 0.942464 1230480.000000 0.942464 0.977980 0.000000 0 
2106480.000000 0.778860 2106480.000000 0.778860 0.973726 0.000000 0 
2052720.000000 0.779058 2052720.000000 0.779058 0.990517 0.000000 0 
1232160.000000 0.927959 1232160.000000 0.927959 0.989688 0.000000 0 
1239120.000000 0.923991 1239120.000000 0.923991 0.994633 0.000000 0 
1221120.000000 0.948854 1221120.000000 0.948854 0.973961 0.000000 0 
1325040.000000 0.883023 1325040.000000 0.883023 0.989077 0.000000 0 
1241280.000000 0.915196 1241280.000000 0.915196 0.988099 0.000000 0 
1214640.000000 0.953483 1214640.000000 0.953483 0.992633 0.000000 0 
1450800.000000 0.841714 1450800.000000 0.841714 0.994374 0.000000 0 
2018880.000000 0.780521 2018880.000000 0.780521 0.988549 0.000000 0 
1841280.000000 0.790399 1841280.000000 0.790399 0.977703 0.000000 0 
1280400.000000 0.897852 1280400.000000 0.897852 0.991012 0.000000 0 
1605600.000000 0.816093 1605600.000000 0.816093 0.984698 0.000000 0 
1287120.000000 0.894436 1287120.000000 0.894436 0.991638 0.000000 0 
1253280.000000 0.911078 1253280.000000 0.911078 0.990952 0.000000 0 
1608000.000000 0.812225 1608000.000000 0.812225 0.995306 0.000000 0 
1656960.000000 0.806331 1656960.000000 0.806331 0.978281 0.000000 0 
1583520.000000 0.816477 1583520.000000 0.816477 0.999438 0.000000 0 
1858800.000000 0.789056 1858800.000000 0.789056 0.970067 0.000000 0 
1463040.000000 0.839585 1463040.000000 0.839585 0.995679 0.000000 0 
2038320.000000 0.779897 2038320.000000 0.779897 0.988352 0.000000 0 
1335120.000000 0.874370 1335120.000000 0.874370 0.993055 0.000000 0 
1269840.000000 0.900310 1269840.000000 0.900310 0.992698 0.000000 0 
1571280.000000 0.817766 1571280.000000 0.817766 0.999472 0.000000 0 
1400160.000000 0.855721 1400160.000000 0.855721 0.987240 0.000000 0 
1385040.000000 0.857666 1385040.000000 0.857666 0.991350 0.000000 0 
1225680.000000 0.945115 1225680.000000 0.945115 0.998682 0.000000 0 
1644480.000000 0.807858 1644480.000000 0.807858 0.984086 0.000000 0 
1510320.000000 0.832668 1510320.000000 0.832668 0.990226 0.000000 0 
1622880.000000 0.810657 1622880.000000 0.810657 0.997420 0.000000 0 
1971600.000000 0.782487 1971600.000000 0.782487 0.995610 0.000000 0 
1487040.000000 0.833319 1487040.000000 0.833319 0.993327 0.000000 0 
1748160.000000 0.797461 1748160.000000 0.797461 0.973142 0.000000 0 
1570560.000000 0.822262 1570560.000000 0.822262 0.993262 0.000000 0 
1737600.000000 0.799715 1737600.000000 0.799715 0.987595 0.000000 0 
1310160.000000 0.886057 1310160.000000 0.886057 0.985086 0.000000 0 
1899360.000000 0.787623 1899360.000000 0.787623 0.974653 0.000000 0 
2000400.000000 0.781435 2000400.000000 0.781435 0.995042 0.000000 0 
1412400.000000 0.850728 1412400.000000 0.850728 0.994215 0.000000 0 
1296960.000000 0.892069 1296960.000000 0.892069 0.980956 0.000000 0 
1408080.000000 0.854094 1408080.000000 0.854094 0.988888 0.000000 0 
1363440.000000 0.867500 1363440.000000 0.867500 0.990270 0.000000 0 
1368000.000000 0.864006 1368000.000000 0.864006 0.992532 0.000000 0 
1253760.000000 0.907604 1253760.000000 0.907604 0.997123 0.000000 0 
1533360.000000 0.827595 1533360.000000 0.827595 0.995083 0.000000 0 
1529520.000000 0.830356 1529520.000000 0.830356 0.987715 0.000000 0 
1955520.000000 0.782846 1955520.000000 0.782846 0.994549 0.000000 0 
1637280.000000 0.810341 1637280.000000 0.810341 0.984474 0.000000 0 
1989600.000000 0.782034 1989600.000000 0.782034 0.992644 0.000000 0 
1297200.000000 0.888863 1297200.000000 0.888863 0.996310 0.000000 0 
1206720.000000 0.955918 1206720.000000 0.955918 0.994682 0.000000 0 
1444800.000000 0.845789 1444800.000000 0.845789 0.990373 0.000000 0 
1945200.000000 0.784257 1945200.000000 0.784257 0.959325 0.000000 0 
1421040.000000 0.849091 1421040.000000 0.849091 0.995694 0.000000 0 
1345920.000000 0.872807 1345920.000000 0.872807 0.990456 0.000000 0 
1562160.000000 0.823778 1562160.000000 0.823778 0.997220 0.000000 0 
1376400.000000 0.859043 1376400.000000 0.859043 0.989038 0.000000 0 
1257600.000000 0.904488 1257600.000000 0.904488 0.987933 0.000000 0 
1266000.000000 0.903419 1266000.000000 0.903419 0.986007 0.000000 0 
1809600.000000 0.793167 1809600.000000 0.793167 0.978587 0.000000 0 
1908720.000000 0.786241 1908720.000000 0.786241 0.993356 0.000000 0 
1372080.000000 0.861770 1372080.000000 0.861770 0.996249 0.000000 0 
1245600.000000 0.915022 1245600.000000 0.915022 0.988094 0.000000 0 
1334160.000000 0.878959 1334160.000000 0.878959 0.992334 0.000000 0 
1689840.000000 0.803608 1689840.000000 0.803608 0.979712 0.000000 0 
1434000.000000 0.848395 1434000.000000 0.848395 0.997529 0.000000 0 
1706640.000000 0.802268 1706640.000000 0.802268 0.988395 0.000000 0 
1878960.000000 0.787703 1878960.000000 0.787703 0.965946 0.000000 0 
1922400.000000 0.785805 1922400.000000 0.785805 0.976496 0.000000 0 
1930800.000000 0.784537 1930800.000000 0.784537 0.994742 0.000000 0 
1518240.000000 0.831845 1518240.000000 0.831845 0.994853 0.000000 0 
1542000.000000 0.825528 1542000.000000 0.825528 0.999310 0.000000 0 
1550160.000000 0.824822 1550160.000000 0.824822 0.987269 0.000000 0 
1484160.000000 0.835167 1484160.000000 0.835167 0.993612 0.000000 0 
1779840.000000 0.795932 1779840.000000 0.795932 0.993505 0.000000 0 
1790400.000000 0.794509 1790400.000000 0.794509 0.977549 0.000000 0 
1330560.000000 0.880065 1330560.000000 0.880065 0.980212 0.000000 0 
1761600.000000 0.796825 1761600.000000 0.796825 0.971896 0.000000 0 
1355520.000000 0.868946 1355520.000000 0.868946 0.988722 0.000000 0 
1828800.000000 0.792213 1828800.000000 0.792213 0.979769 0.000000 0 
1353360.000000 0.871328 1353360.000000 0.871328 0.991007 0.000000 0 
1715520.000000 0.800811 1715520.000000 0.800811 0.974952 0.000000 0 
1725120.000000 0.800391 1725120.000000 0.800391 0.979716 0.000000 0 
1874400.000000 0.788710 1874400.000000 0.788710 0.969099 0.000000 0 
1307280.000000 0.887082 1307280.000000 0.887082 0.978020 0.000000 0 
1801200.000000 0.794500 1801200.000000 0.794500 0.978561 0.000000 0 
1232160.000000 0.927959 1232160.000000 0.927959 0.989688 0.000000 0 
1476480.000000 0.838435 1476480.000000 0.838435 0.987682 0.000000 0 
1823040.000000 0.792400 1823040.000000 0.792400 0.994538 0.000000 0 
1696320.000000 0.803231 1696320.000000 0.803231 0.983307 0.000000 0 
1673760.000000 0.805015 1673760.000000 0.805015 0.984593 0.000000 0 
1438800.000000 0.846284 1438800.000000 0.846284 0.994818 0.000000 0 
1477200.000000 0.837256 1477200.000000 0.837256 0.999290 0.000000 0 
1673760.000000 0.805015 1673760.000000 0.805015 0.984593 0.000000 0 
1770240.000000 0.796218 1770240.000000 0.796218 0.994800 0.000000 0 
#Generacion: 2500 
#Distancia: 268.126869 
2094960.000000 0.774517 2094960.000000 0.774517 0.994066 0.000000 0 
1177680.000000 1.085646 1177680.000000 1.085646 0.998861 0.000000 0 
1189680.000000 1.031956 1189680.000000 1.031956 0.997429 0.000000 0 
1190640.000000 0.955672 1190640.000000 0.955672 0.987222 0.000000 0 
1183200.000000 1.033934 1183200.000000 1.033934 0.996424 0.000000 0 
1209360.000000 0.928329 1209360.000000 0.928329 0.993878 0.000000 0 
1954560.000000 0.780636 1954560.000000 0.780636 0.998739 0.000000 0 
2000640.000000 0.780459 2000640.000000 0.780459 0.984328 0.000000 0 
1537680.000000 0.823352 1537680.000000 0.823352 0.992380 0.000000 0 
2013120.000000 0.777634 2013120.000000 0.777634 0.999084 0.000000 0 
1208400.000000 0.944974 1208400.000000 0.944974 0.995120 0.000000 0 
1892160.000000 0.784259 1892160.000000 0.784259 0.995673 0.000000 0 
1769280.000000 0.793038 1769280.000000 0.793038 0.996530 0.000000 0 
1798080.000000 0.792264 1798080.000000 0.792264 0.997632 0.000000 0 
1920000.000000 0.782810 1920000.000000 0.782810 0.981949 0.000000 0 
1334400.000000 0.873253 1334400.000000 0.873253 0.992686 0.000000 0 
1555920.000000 0.819681 1555920.000000 0.819681 0.997959 0.000000 0 
1325040.000000 0.875259 1325040.000000 0.875259 0.993466 0.000000 0 
2051520.000000 0.777190 2051520.000000 0.777190 0.999764 0.000000 0 
1695360.000000 0.801395 1695360.000000 0.801395 0.967796 0.000000 0 
1718160.000000 0.800187 1718160.000000 0.800187 0.977301 0.000000 0 
1318080.000000 0.881482 1318080.000000 0.881482 0.995214 0.000000 0 
1348800.000000 0.866795 1348800.000000 0.866795 0.986941 0.000000 0 
1740480.000000 0.796512 1740480.000000 0.796512 0.976773 0.000000 0 
1219440.000000 0.923200 1219440.000000 0.923200 0.997407 0.000000 0 
1439520.000000 0.843385 1439520.000000 0.843385 0.989925 0.000000 0 
1286160.000000 0.892981 1286160.000000 0.892981 0.984035 0.000000 0 
1380000.000000 0.860323 1380000.000000 0.860323 0.994962 0.000000 0 
1464000.000000 0.837021 1464000.000000 0.837021 0.986064 0.000000 0 
1292880.000000 0.887552 1292880.000000 0.887552 0.985864 0.000000 0 
1483200.000000 0.836119 1483200.000000 0.836119 0.987001 0.000000 0 
1342800.000000 0.867151 1342800.000000 0.867151 0.991411 0.000000 0 
1237200.000000 0.917333 1237200.000000 0.917333 0.992341 0.000000 0 
1727040.000000 0.798989 1727040.000000 0.798989 0.975992 0.000000 0 
1241280.000000 0.910567 1241280.000000 0.910567 0.997149 0.000000 0 
1659360.000000 0.804397 1659360.000000 0.804397 0.985158 0.000000 0 
1201920.000000 0.948863 1201920.000000 0.948863 0.997633 0.000000 0 
1431120.000000 0.847430 1431120.000000 0.847430 0.994219 0.000000 0 
1608720.000000 0.810953 1608720.000000 0.810953 0.981562 0.000000 0 
1306320.000000 0.881952 1306320.000000 0.881952 0.996298 0.000000 0 
1676160.000000 0.802582 1676160.000000 0.802582 0.983638 0.000000 0 
1624560.000000 0.809815 1624560.000000 0.809815 0.993955 0.000000 0 
1450800.000000 0.841714 1450800.000000 0.841714 0.994374 0.000000 0 
1879680.000000 0.785733 1879680.000000 0.785733 0.996647 0.000000 0 
1361760.000000 0.860839 1361760.000000 0.860839 0.984144 0.000000 0 
1198320.000000 0.952433 1198320.000000 0.952433 0.992313 0.000000 0 
1932480.000000 0.781222 1932480.000000 0.781222 0.998150 0.000000 0 
1303440.000000 0.887269 1303440.000000 0.887269 0.982274 0.000000 0 
1508880.000000 0.829432 1508880.000000 0.829432 0.995785 0.000000 0 
1522080.000000 0.825763 1522080.000000 0.825763 0.996073 0.000000 0 
1629600.000000 0.807378 1629600.000000 0.807378 0.993126 0.000000 0 
1642080.000000 0.806014 1642080.000000 0.806014 0.982919 0.000000 0 
1573440.000000 0.816328 1573440.000000 0.816328 0.993639 0.000000 0 
1562640.000000 0.817809 1562640.000000 0.817809 0.997065 0.000000 0 
1384800.000000 0.856632 1384800.000000 0.856632 0.971761 0.000000 0 
1458480.000000 0.839385 1458480.000000 0.839385 0.995970 0.000000 0 
1598400.000000 0.811719 1598400.000000 0.811719 0.993492 0.000000 0 
1487040.000000 0.833319 1487040.000000 0.833319 0.993327 0.000000 0 
1275840.000000 0.894159 1275840.000000 0.894159 0.983368 0.000000 0 
1226640.000000 0.921789 1226640.000000 0.921789 0.999194 0.000000 0 
1249920.000000 0.910496 1249920.000000 0.910496 0.997298 0.000000 0 
1252320.000000 0.905620 1252320.000000 0.905620 0.987219 0.000000 0 
1257600.000000 0.904488 1257600.000000 0.904488 0.987933 0.000000 0 
1830720.000000 0.789661 1830720.000000 0.789661 0.986368 0.000000 0 
1589280.000000 0.813491 1589280.000000 0.813491 0.992114 0.000000 0 
1818240.000000 0.791426 1818240.000000 0.791426 0.996537 0.000000 0 
1263120.000000 0.900673 1263120.000000 0.900673 0.980328 0.000000 0 
1585920.000000 0.816011 1585920.000000 0.816011 0.982105 0.000000 0 
1274640.000000 0.898110 1274640.000000 0.898110 0.978164 0.000000 0 
1517040.000000 0.826284 1517040.000000 0.826284 0.996525 0.000000 0 
1234560.000000 0.919600 1234560.000000 0.919600 0.990887 0.000000 0 
1404960.000000 0.851987 1404960.000000 0.851987 0.991611 0.000000 0 
1759680.000000 0.795602 1759680.000000 0.795602 0.971450 0.000000 0 
1684800.000000 0.802303 1684800.000000 0.802303 0.984539 0.000000 0 
1812480.000000 0.791930 1812480.000000 0.791930 0.974404 0.000000 0 
1397520.000000 0.853597 1397520.000000 0.853597 0.992748 0.000000 0 
1847040.000000 0.788816 1847040.000000 0.788816 0.982195 0.000000 0 
1653600.000000 0.805810 1653600.000000 0.805810 0.982025 0.000000 0 
1754880.000000 0.796027 1754880.000000 0.796027 0.973537 0.000000 0 
1392960.000000 0.855463 1392960.000000 0.855463 0.989528 0.000000 0 
1499040.000000 0.832432 1499040.000000 0.832432 0.996693 0.000000 0 
2007600.000000 0.779852 2007600.000000 0.779852 0.983218 0.000000 0 
1421040.000000 0.847927 1421040.000000 0.847927 0.989137 0.000000 0 
1361760.000000 0.860839 1361760.000000 0.860839 0.984144 0.000000 0 
1269840.000000 0.900310 1269840.000000 0.900310 0.992698 0.000000 0 
1412400.000000 0.850728 1412400.000000 0.850728 0.994215 0.000000 0 
1853760.000000 0.787370 1853760.000000 0.787370 0.995280 0.000000 0 
1837440.000000 0.789373 1837440.000000 0.789373 0.986185 0.000000 0 
1500240.000000 0.830538 1500240.000000 0.830538 0.994995 0.000000 0 
1208400.000000 0.944974 1208400.000000 0.944974 0.995120 0.000000 0 
2051520.000000 0.777190 2051520.000000 0.777190 0.999764 0.000000 0 
2069040.000000 0.777155 2069040.000000 0.777155 0.997593 0.000000 0 
2083440.000000 0.776165 2083440.000000 0.776165 0.995036 0.000000 0 
2069040.000000 0.777155 2069040.000000 0.777155 0.997593 0.000000 0 
1191600.000000 0.955641 1191600.000000 0.955641 0.987309 0.000000 0 
1929360.000000 0.782258 1929360.000000 0.782258 0.995314 0.000000 0 
1859520.000000 0.786639 1859520.000000 0.786639 0.980840 0.000000 0 
1413120.000000 0.848308 1413120.000000 0.848308 0.986925 0.000000 0 
2083440.000000 0.776165 2083440.000000 0.776165 0.995036 0.000000 0 
1867200.000000 0.786184 1867200.000000 0.786184 0.993801 0.000000 0 
#Generacion: 3000 
#Distancia: 277.014343 
1161360.000000 1.042393 1161360.000000 1.042393 0.998057 0.000000 0 
2088240.000000 0.774447 2088240.000000 0.774447 0.996939 0.000000 0 
1173120.000000 1.040532 1173120.000000 1.040532 0.998445 0.000000 0 
1180560.000000 0.967437 1180560.000000 0.967437 0.994189 0.000000 0 
1188000.000000 0.937135 1188000.000000 0.937135 0.993326 0.000000 0 
1180560.000000 0.967437 1180560.000000 0.967437 0.994189 0.000000 0 
1752960.000000 0.793193 1752960.000000 0.793193 0.980933 0.000000 0 
1336560.000000 0.862130 1336560.000000 0.862130 0.989823 0.000000 0 
1725600.000000 0.796352 1725600.000000 0.796352 0.977742 0.000000 0 
1248240.000000 0.900890 1248240.000000 0.900890 0.989492 0.000000 0 
2034720.000000 0.776669 2034720.000000 0.776669 0.999598 0.000000 0 
1227840.000000 0.910406 1227840.000000 0.910406 0.995535 0.000000 0 
1332240.000000 0.869954 1332240.000000 0.869954 0.992229 0.000000 0 
1199760.000000 0.930352 1199760.000000 0.930352 0.990857 0.000000 0 
1859520.000000 0.786639 1859520.000000 0.786639 0.980840 0.000000 0 
1218240.000000 0.917567 1218240.000000 0.917567 0.983413 0.000000 0 
1993920.000000 0.778834 1993920.000000 0.778834 0.997689 0.000000 0 
2061120.000000 0.776034 2061120.000000 0.776034 0.999887 0.000000 0 
1830720.000000 0.787747 1830720.000000 0.787747 0.997598 0.000000 0 
1933200.000000 0.782508 1933200.000000 0.782508 0.997361 0.000000 0 
1387440.000000 0.851511 1387440.000000 0.851511 0.992097 0.000000 0 
1349040.000000 0.858313 1349040.000000 0.858313 0.988842 0.000000 0 
1952400.000000 0.780621 1952400.000000 0.780621 0.995344 0.000000 0 
1294560.000000 0.876018 1294560.000000 0.876018 0.988071 0.000000 0 
1808400.000000 0.789784 1808400.000000 0.789784 0.993191 0.000000 0 
1587360.000000 0.811010 1587360.000000 0.811010 0.996656 0.000000 0 
1212960.000000 0.925329 1212960.000000 0.925329 0.985342 0.000000 0 
1261200.000000 0.890547 1261200.000000 0.890547 0.988863 0.000000 0 
1194720.000000 0.936693 1194720.000000 0.936693 0.993509 0.000000 0 
1574160.000000 0.816356 1574160.000000 0.816356 0.993122 0.000000 0 
1669920.000000 0.800787 1669920.000000 0.800787 0.988640 0.000000 0 
1370640.000000 0.854689 1370640.000000 0.854689 0.998150 0.000000 0 
1794960.000000 0.790752 1794960.000000 0.790752 0.985421 0.000000 0 
1528320.000000 0.824628 1528320.000000 0.824628 0.993900 0.000000 0 
1561680.000000 0.818332 1561680.000000 0.818332 0.989397 0.000000 0 
1444800.000000 0.840692 1444800.000000 0.840692 0.988046 0.000000 0 
1779840.000000 0.791374 1779840.000000 0.791374 0.996347 0.000000 0 
1769280.000000 0.793038 1769280.000000 0.793038 0.996530 0.000000 0 
1969200.000000 0.779315 1969200.000000 0.779315 0.997662 0.000000 0 
1635600.000000 0.805516 1635600.000000 0.805516 0.985908 0.000000 0 
2071920.000000 0.775218 2071920.000000 0.775218 0.994479 0.000000 0 
1903680.000000 0.783034 1903680.000000 0.783034 0.996081 0.000000 0 
1237440.000000 0.910063 1237440.000000 0.910063 0.981656 0.000000 0 
1537680.000000 0.823352 1537680.000000 0.823352 0.992380 0.000000 0 
1215840.000000 0.919567 1215840.000000 0.919567 0.992118 0.000000 0 
1891200.000000 0.784209 1891200.000000 0.784209 0.995901 0.000000 0 
2022240.000000 0.777940 2022240.000000 0.777940 0.999194 0.000000 0 
1578960.000000 0.813149 1578960.000000 0.813149 0.984843 0.000000 0 
1395840.000000 0.850223 1395840.000000 0.850223 0.995168 0.000000 0 
2007600.000000 0.778055 2007600.000000 0.778055 0.997728 0.000000 0 
1687440.000000 0.799571 1687440.000000 0.799571 0.980504 0.000000 0 
1512000.000000 0.825741 1512000.000000 0.825741 0.975230 0.000000 0 
1616400.000000 0.807601 1616400.000000 0.807601 0.986132 0.000000 0 
1485600.000000 0.830178 1485600.000000 0.830178 0.992063 0.000000 0 
1401120.000000 0.846368 1401120.000000 0.846368 0.986719 0.000000 0 
1323600.000000 0.871385 1323600.000000 0.871385 0.992381 0.000000 0 
1494720.000000 0.827559 1494720.000000 0.827559 0.977069 0.000000 0 
1206480.000000 0.927272 1206480.000000 0.927272 0.993755 0.000000 0 
1287120.000000 0.887010 1287120.000000 0.887010 0.989120 0.000000 0 
1720080.000000 0.797932 1720080.000000 0.797932 0.986397 0.000000 0 
1451520.000000 0.837048 1451520.000000 0.837048 0.986817 0.000000 0 
1827840.000000 0.789559 1827840.000000 0.789559 0.992864 0.000000 0 
1311120.000000 0.872715 1311120.000000 0.872715 0.981774 0.000000 0 
1701600.000000 0.797962 1701600.000000 0.797962 0.987340 0.000000 0 
1879680.000000 0.785367 1879680.000000 0.785367 0.995530 0.000000 0 
1303200.000000 0.873830 1303200.000000 0.873830 0.988551 0.000000 0 
1370640.000000 0.854689 1370640.000000 0.854689 0.998150 0.000000 0 
1426320.000000 0.842723 1426320.000000 0.842723 0.994522 0.000000 0 
1548240.000000 0.821061 1548240.000000 0.821061 0.992904 0.000000 0 
1620240.000000 0.805596 1620240.000000 0.805596 0.985793 0.000000 0 
1659360.000000 0.801506 1659360.000000 0.801506 0.989470 0.000000 0 
1476960.000000 0.831407 1476960.000000 0.831407 0.992689 0.000000 0 
1345440.000000 0.859154 1345440.000000 0.859154 0.993131 0.000000 0 
1436160.000000 0.842371 1436160.000000 0.842371 0.986303 0.000000 0 
1416720.000000 0.844600 1416720.000000 0.844600 0.984952 0.000000 0 
1250640.000000 0.894441 1250640.000000 0.894441 0.988447 0.000000 0 
1869120.000000 0.786054 1869120.000000 0.786054 0.996748 0.000000 0 
1646160.000000 0.803562 1646160.000000 0.803562 0.990562 0.000000 0 
1250640.000000 0.894441 1250640.000000 0.894441 0.988447 0.000000 0 
1506720.000000 0.827444 1506720.000000 0.827444 0.981006 0.000000 0 
1471680.000000 0.833655 1471680.000000 0.833655 0.976085 0.000000 0 
1550160.000000 0.819218 1550160.000000 0.819218 0.992838 0.000000 0 
1289040.000000 0.881016 1289040.000000 0.881016 0.990549 0.000000 0 
1407600.000000 0.844654 1407600.000000 0.844654 0.988816 0.000000 0 
1239360.000000 0.904360 1239360.000000 0.904360 0.987067 0.000000 0 
1458000.000000 0.835999 1458000.000000 0.835999 0.987332 0.000000 0 
1962960.000000 0.779463 1962960.000000 0.779463 0.996595 0.000000 0 
1239360.000000 0.904360 1239360.000000 0.904360 0.987067 0.000000 0 
1289040.000000 0.881016 1289040.000000 0.881016 0.990549 0.000000 0 
1601040.000000 0.809056 1601040.000000 0.809056 0.996274 0.000000 0 
1601040.000000 0.809056 1601040.000000 0.809056 0.996274 0.000000 0 
1272720.000000 0.890523 1272720.000000 0.890523 0.994261 0.000000 0 
1650960.000000 0.802862 1650960.000000 0.802862 0.994892 0.000000 0 
1695360.000000 0.799080 1695360.000000 0.799080 0.981136 0.000000 0 
1279680.000000 0.890011 1279680.000000 0.890011 0.992243 0.000000 0 
2088240.000000 0.774447 2088240.000000 0.774447 0.996939 0.000000 0 
1167120.000000 1.042210 1167120.000000 1.042210 0.998198 0.000000 0 
1280640.000000 0.887321 1280640.000000 0.887321 0.999790 0.000000 0 
1919040.000000 0.782840 1919040.000000 0.782840 0.999225 0.000000 0 
1919040.000000 0.782840 1919040.000000 0.782840 0.999225 0.000000 0 
#Generacion: 3500 
#Distancia: 273.283030 
1151280.000000 1.043885 1151280.000000 1.043885 0.996710 0.000000 0 
2082480.000000 0.774191 2082480.000000 0.774191 0.997289 0.000000 0 
1151280.000000 1.043885 1151280.000000 1.043885 0.996710 0.000000 0 
1153440.000000 0.995690 1153440.000000 0.995690 0.992339 0.000000 0 
1184880.000000 0.925971 1184880.000000 0.925971 0.995706 0.000000 0 
1182480.000000 0.950415 1182480.000000 0.950415 0.996174 0.000000 0 
1216560.000000 0.915735 1216560.000000 0.915735 0.988582 0.000000 0 
1178880.000000 0.959308 1178880.000000 0.959308 0.998542 0.000000 0 
2007600.000000 0.778055 2007600.000000 0.778055 0.997728 0.000000 0 
1201440.000000 0.922147 1201440.000000 0.922147 0.991771 0.000000 0 
1174320.000000 0.968448 1174320.000000 0.968448 0.993578 0.000000 0 
1228320.000000 0.897226 1228320.000000 0.897226 0.986671 0.000000 0 
1315440.000000 0.869665 1315440.000000 0.869665 0.991411 0.000000 0 
1294560.000000 0.876018 1294560.000000 0.876018 0.988071 0.000000 0 
2071920.000000 0.775218 2071920.000000 0.775218 0.994479 0.000000 0 
1172880.000000 0.981092 1172880.000000 0.981092 0.996758 0.000000 0 
1830480.000000 0.787266 1830480.000000 0.787266 0.983079 0.000000 0 
1221840.000000 0.904618 1221840.000000 0.904618 0.987737 0.000000 0 
1358160.000000 0.857073 1358160.000000 0.857073 0.989873 0.000000 0 
1494720.000000 0.827559 1494720.000000 0.827559 0.977069 0.000000 0 
2034720.000000 0.776669 2034720.000000 0.776669 0.999598 0.000000 0 
1271040.000000 0.888423 1271040.000000 0.888423 0.989073 0.000000 0 
2044320.000000 0.776446 2044320.000000 0.776446 0.999687 0.000000 0 
1167840.000000 0.987765 1167840.000000 0.987765 0.992154 0.000000 0 
1161360.000000 0.994442 1161360.000000 0.994442 0.995831 0.000000 0 
1279200.000000 0.880060 1279200.000000 0.880060 0.988392 0.000000 0 
1513920.000000 0.825043 1513920.000000 0.825043 0.976744 0.000000 0 
1367760.000000 0.853082 1367760.000000 0.853082 0.987099 0.000000 0 
1345440.000000 0.859154 1345440.000000 0.859154 0.993131 0.000000 0 
1779840.000000 0.791374 1779840.000000 0.791374 0.996347 0.000000 0 
1637520.000000 0.804646 1637520.000000 0.804646 0.992037 0.000000 0 
1330080.000000 0.866354 1330080.000000 0.866354 0.984877 0.000000 0 
1272480.000000 0.881579 1272480.000000 0.881579 0.989301 0.000000 0 
1560000.000000 0.814747 1560000.000000 0.814747 0.998603 0.000000 0 
1534320.000000 0.822827 1534320.000000 0.822827 0.974482 0.000000 0 
1176480.000000 0.967945 1176480.000000 0.967945 0.993434 0.000000 0 
1880400.000000 0.784176 1880400.000000 0.784176 0.998879 0.000000 0 
1380720.000000 0.852203 1380720.000000 0.852203 0.985880 0.000000 0 
1578960.000000 0.813149 1578960.000000 0.813149 0.984843 0.000000 0 
1674000.000000 0.801146 1674000.000000 0.801146 0.975053 0.000000 0 
1598880.000000 0.809772 1598880.000000 0.809772 0.998253 0.000000 0 
1182480.000000 0.950415 1182480.000000 0.950415 0.996174 0.000000 0 
1930560.000000 0.781917 1930560.000000 0.781917 0.997758 0.000000 0 
1853760.000000 0.786294 1853760.000000 0.786294 0.986724 0.000000 0 
1857360.000000 0.785140 1857360.000000 0.785140 0.994167 0.000000 0 
1401120.000000 0.846368 1401120.000000 0.846368 0.986719 0.000000 0 
1818000.000000 0.788634 1818000.000000 0.788634 0.982083 0.000000 0 
1761600.000000 0.792699 1761600.000000 0.792699 0.978277 0.000000 0 
1624800.000000 0.806306 1624800.000000 0.806306 0.987619 0.000000 0 
1650960.000000 0.802862 1650960.000000 0.802862 0.994892 0.000000 0 
1261200.000000 0.890547 1261200.000000 0.890547 0.988863 0.000000 0 
1805520.000000 0.789784 1805520.000000 0.789784 0.983803 0.000000 0 
1989360.000000 0.778672 1989360.000000 0.778672 0.996616 0.000000 0 
1221840.000000 0.904618 1221840.000000 0.904618 0.987737 0.000000 0 
1964400.000000 0.779208 1964400.000000 0.779208 0.998657 0.000000 0 
1243680.000000 0.896971 1243680.000000 0.896971 0.987083 0.000000 0 
1586640.000000 0.812394 1586640.000000 0.812394 0.996428 0.000000 0 
1687440.000000 0.799571 1687440.000000 0.799571 0.980504 0.000000 0 
1792320.000000 0.790523 1792320.000000 0.790523 0.996873 0.000000 0 
1888080.000000 0.783579 1888080.000000 0.783579 0.997652 0.000000 0 
1546320.000000 0.820350 1546320.000000 0.820350 0.996844 0.000000 0 
1193520.000000 0.923790 1193520.000000 0.923790 0.995441 0.000000 0 
1488240.000000 0.829957 1488240.000000 0.829957 0.985047 0.000000 0 
1659360.000000 0.801506 1659360.000000 0.801506 0.989470 0.000000 0 
1952400.000000 0.780621 1952400.000000 0.780621 0.995344 0.000000 0 
1480320.000000 0.831814 1480320.000000 0.831814 0.986908 0.000000 0 
1907520.000000 0.783003 1907520.000000 0.783003 0.997902 0.000000 0 
1336560.000000 0.862130 1336560.000000 0.862130 0.989823 0.000000 0 
1433040.000000 0.839559 1433040.000000 0.839559 0.987126 0.000000 0 
1432800.000000 0.843349 1432800.000000 0.843349 0.986357 0.000000 0 
1456080.000000 0.835627 1456080.000000 0.835627 0.987638 0.000000 0 
1172640.000000 0.985558 1172640.000000 0.985558 0.999535 0.000000 0 
1525920.000000 0.824903 1525920.000000 0.824903 0.980634 0.000000 0 
1413120.000000 0.845446 1413120.000000 0.845446 0.991877 0.000000 0 
1419840.000000 0.843895 1419840.000000 0.843895 0.990219 0.000000 0 
1978800.000000 0.779009 1978800.000000 0.779009 0.997185 0.000000 0 
1912080.000000 0.782303 1912080.000000 0.782303 0.997903 0.000000 0 
1726800.000000 0.797000 1726800.000000 0.797000 0.978679 0.000000 0 
1704720.000000 0.797867 1704720.000000 0.797867 0.989957 0.000000 0 
1942080.000000 0.781075 1942080.000000 0.781075 0.998073 0.000000 0 
1307280.000000 0.873233 1307280.000000 0.873233 0.988170 0.000000 0 
1752960.000000 0.793193 1752960.000000 0.793193 0.980933 0.000000 0 
1717920.000000 0.797192 1717920.000000 0.797192 0.985884 0.000000 0 
1250640.000000 0.894441 1250640.000000 0.894441 0.988447 0.000000 0 
1614000.000000 0.807344 1614000.000000 0.807344 0.986253 0.000000 0 
1739280.000000 0.795659 1739280.000000 0.795659 0.978606 0.000000 0 
1252320.000000 0.892334 1252320.000000 0.892334 0.985545 0.000000 0 
1468560.000000 0.832537 1468560.000000 0.832537 0.975562 0.000000 0 
1606080.000000 0.808002 1606080.000000 0.808002 0.987741 0.000000 0 
1697040.000000 0.798778 1697040.000000 0.798778 0.992313 0.000000 0 
1464960.000000 0.834237 1464960.000000 0.834237 0.984606 0.000000 0 
1558560.000000 0.817733 1558560.000000 0.817733 0.991884 0.000000 0 
1302960.000000 0.873487 1302960.000000 0.873487 0.989916 0.000000 0 
1743360.000000 0.794824 1743360.000000 0.794824 0.979017 0.000000 0 
1441440.000000 0.837657 1441440.000000 0.837657 0.982280 0.000000 0 
1393680.000000 0.850419 1393680.000000 0.850419 0.984795 0.000000 0 
1445760.000000 0.836821 1445760.000000 0.836821 0.984947 0.000000 0 
1395840.000000 0.850223 1395840.000000 0.850223 0.995168 0.000000 0 
1548960.000000 0.818162 1548960.000000 0.818162 0.994949 0.000000 0 
1332720.000000 0.863689 1332720.000000 0.863689 0.990383 0.000000 0 
#Generacion: 4000 
#Distancia: 273.852727 
1150080.000000 0.989552 1150080.000000 0.989552 0.985869 0.000000 0 
1150080.000000 0.989552 1150080.000000 0.989552 0.985869 0.000000 0 
2093520.000000 0.774167 2093520.000000 0.774167 0.994455 0.000000 0 
1181040.000000 0.926545 1181040.000000 0.926545 0.989942 0.000000 0 
1178880.000000 0.959308 1178880.000000 0.959308 0.998542 0.000000 0 
2023680.000000 0.775826 2023680.000000 0.775826 0.998940 0.000000 0 
1323360.000000 0.860562 1323360.000000 0.860562 0.984970 0.000000 0 
1964400.000000 0.779208 1964400.000000 0.779208 0.998657 0.000000 0 
1260000.000000 0.886153 1260000.000000 0.886153 0.983325 0.000000 0 
1354800.000000 0.853967 1354800.000000 0.853967 0.989158 0.000000 0 
1378080.000000 0.849447 1378080.000000 0.849447 0.985232 0.000000 0 
1267920.000000 0.879023 1267920.000000 0.879023 0.985813 0.000000 0 
1471440.000000 0.829877 1471440.000000 0.829877 0.982570 0.000000 0 
1923120.000000 0.780340 1923120.000000 0.780340 0.991601 0.000000 0 
1438560.000000 0.836904 1438560.000000 0.836904 0.983063 0.000000 0 
1221840.000000 0.904618 1221840.000000 0.904618 0.987737 0.000000 0 
1818000.000000 0.788634 1818000.000000 0.788634 0.982083 0.000000 0 
2062800.000000 0.775677 2062800.000000 0.775677 0.987441 0.000000 0 
1201440.000000 0.922147 1201440.000000 0.922147 0.991771 0.000000 0 
1494720.000000 0.827559 1494720.000000 0.827559 0.977069 0.000000 0 
1342800.000000 0.858591 1342800.000000 0.858591 0.989220 0.000000 0 
1533840.000000 0.822210 1533840.000000 0.822210 0.995465 0.000000 0 
1512000.000000 0.823162 1512000.000000 0.823162 0.972415 0.000000 0 
1869600.000000 0.783565 1869600.000000 0.783565 0.994741 0.000000 0 
1278480.000000 0.877650 1278480.000000 0.877650 0.987082 0.000000 0 
1152960.000000 0.983861 1152960.000000 0.983861 0.989320 0.000000 0 
1154160.000000 0.973697 1154160.000000 0.973697 0.995795 0.000000 0 
1288800.000000 0.873336 1288800.000000 0.873336 0.988219 0.000000 0 
1212480.000000 0.913946 1212480.000000 0.913946 0.988031 0.000000 0 
1560000.000000 0.813851 1560000.000000 0.813851 0.992526 0.000000 0 
1457760.000000 0.834354 1457760.000000 0.834354 0.985774 0.000000 0 
1557600.000000 0.817970 1557600.000000 0.817970 0.992047 0.000000 0 
1541760.000000 0.819367 1541760.000000 0.819367 0.998965 0.000000 0 
1791600.000000 0.790245 1791600.000000 0.790245 0.995526 0.000000 0 
1167600.000000 0.968740 1167600.000000 0.968740 0.996260 0.000000 0 
1223760.000000 0.895985 1223760.000000 0.895985 0.983496 0.000000 0 
1182960.000000 0.923773 1182960.000000 0.923773 0.988925 0.000000 0 
1397040.000000 0.846791 1397040.000000 0.846791 0.985044 0.000000 0 
1312800.000000 0.865460 1312800.000000 0.865460 0.990714 0.000000 0 
1173360.000000 0.963978 1173360.000000 0.963978 0.995160 0.000000 0 
1249680.000000 0.891911 1249680.000000 0.891911 0.986555 0.000000 0 
1722000.000000 0.795259 1722000.000000 0.795259 0.980936 0.000000 0 
1735200.000000 0.793461 1735200.000000 0.793461 0.994054 0.000000 0 
1504320.000000 0.825996 1504320.000000 0.825996 0.986522 0.000000 0 
1218480.000000 0.910198 1218480.000000 0.910198 0.987388 0.000000 0 
1578960.000000 0.813149 1578960.000000 0.813149 0.984843 0.000000 0 
1258560.000000 0.889927 1258560.000000 0.889927 0.990959 0.000000 0 
1165680.000000 0.971438 1165680.000000 0.971438 0.998286 0.000000 0 
1858080.000000 0.785268 1858080.000000 0.785268 0.983634 0.000000 0 
1413120.000000 0.845446 1413120.000000 0.845446 0.991877 0.000000 0 
1710240.000000 0.796514 1710240.000000 0.796514 0.981552 0.000000 0 
1774800.000000 0.791967 1774800.000000 0.791967 0.995778 0.000000 0 
1427040.000000 0.839698 1427040.000000 0.839698 0.984402 0.000000 0 
1458000.000000 0.831648 1458000.000000 0.831648 0.989266 0.000000 0 
1351200.000000 0.856281 1351200.000000 0.856281 0.990057 0.000000 0 
1700880.000000 0.798103 1700880.000000 0.798103 0.998219 0.000000 0 
2001840.000000 0.776710 2001840.000000 0.776710 0.997522 0.000000 0 
1614000.000000 0.807344 1614000.000000 0.807344 0.986253 0.000000 0 
1637520.000000 0.804646 1637520.000000 0.804646 0.992037 0.000000 0 
1901760.000000 0.781393 1901760.000000 0.781393 0.997439 0.000000 0 
1587600.000000 0.811885 1587600.000000 0.811885 0.983108 0.000000 0 
1386720.000000 0.848459 1386720.000000 0.848459 0.986345 0.000000 0 
1982640.000000 0.777874 1982640.000000 0.777874 0.996601 0.000000 0 
1599600.000000 0.809048 1599600.000000 0.809048 0.988736 0.000000 0 
1830480.000000 0.787266 1830480.000000 0.787266 0.983079 0.000000 0 
1749600.000000 0.792987 1749600.000000 0.792987 0.994678 0.000000 0 
1761600.000000 0.792699 1761600.000000 0.792699 0.978277 0.000000 0 
1413600.000000 0.842788 1413600.000000 0.842788 0.983725 0.000000 0 
1893840.000000 0.782923 1893840.000000 0.782923 0.995823 0.000000 0 
1293600.000000 0.870764 1293600.000000 0.870764 0.987108 0.000000 0 
1152960.000000 0.983861 1152960.000000 0.983861 0.989320 0.000000 0 
1220640.000000 0.907489 1220640.000000 0.907489 0.998470 0.000000 0 
1426080.000000 0.841657 1426080.000000 0.841657 0.984614 0.000000 0 
1205040.000000 0.917383 1205040.000000 0.917383 0.982994 0.000000 0 
1650960.000000 0.802862 1650960.000000 0.802862 0.994892 0.000000 0 
2082480.000000 0.774191 2082480.000000 0.774191 0.997289 0.000000 0 
2071920.000000 0.775218 2071920.000000 0.775218 0.994479 0.000000 0 
1176240.000000 0.961865 1176240.000000 0.961865 0.995289 0.000000 0 
1915200.000000 0.780425 1915200.000000 0.780425 0.992402 0.000000 0 
1669920.000000 0.800138 1669920.000000 0.800138 0.986347 0.000000 0 
1666080.000000 0.801038 1666080.000000 0.801038 0.988810 0.000000 0 
1632480.000000 0.805773 1632480.000000 0.805773 0.984194 0.000000 0 
1622640.000000 0.807121 1622640.000000 0.807121 0.985894 0.000000 0 
1845120.000000 0.785838 1845120.000000 0.785838 0.983896 0.000000 0 
1592160.000000 0.809177 1592160.000000 0.809177 0.991542 0.000000 0 
1789200.000000 0.791369 1789200.000000 0.791369 0.977521 0.000000 0 
1999920.000000 0.777696 1999920.000000 0.777696 0.997264 0.000000 0 
1685760.000000 0.799629 1685760.000000 0.799629 0.976231 0.000000 0 
1973760.000000 0.778660 1973760.000000 0.778660 0.998930 0.000000 0 
1653840.000000 0.802351 1653840.000000 0.802351 0.989699 0.000000 0 
1308960.000000 0.869431 1308960.000000 0.869431 0.987484 0.000000 0 
1236960.000000 0.893795 1236960.000000 0.893795 0.985413 0.000000 0 
1223760.000000 0.895985 1223760.000000 0.895985 0.983496 0.000000 0 
1206000.000000 0.917068 1206000.000000 0.917068 0.983305 0.000000 0 
1691520.000000 0.799540 1691520.000000 0.799540 0.976689 0.000000 0 
1154160.000000 0.973697 1154160.000000 0.973697 0.995795 0.000000 0 
1310880.000000 0.866581 1310880.000000 0.866581 0.988604 0.000000 0 
1300320.000000 0.869443 1300320.000000 0.869443 0.989620 0.000000 0 
1236960.000000 0.893795 1236960.000000 0.893795 0.985413 0.000000 0 
1838400.000000 0.786502 1838400.000000 0.786502 0.983546 0.000000 0 
#Generacion: 4500 
#Distancia: 279.000000 
2099520.000000 0.774051 2099520.000000 0.774051 0.992928 0.000000 0 
1115280.000000 1.005806 1115280.000000 1.005806 0.994029 0.000000 0 
1154640.000000 0.953228 1154640.000000 0.953228 0.986132 0.000000 0 
1153920.000000 0.972904 1153920.000000 0.972904 0.997479 0.000000 0 
1134720.000000 0.986794 1134720.000000 0.986794 0.997355 0.000000 0 
1134480.000000 1.003190 1134480.000000 1.003190 0.993026 0.000000 0 
1157040.000000 0.945180 1157040.000000 0.945180 0.996079 0.000000 0 
1179120.000000 0.917799 1179120.000000 0.917799 0.993969 0.000000 0 
1206960.000000 0.908305 1206960.000000 0.908305 0.981794 0.000000 0 
1255440.000000 0.877494 1255440.000000 0.877494 0.985968 0.000000 0 
1165680.000000 0.940545 1165680.000000 0.940545 0.985519 0.000000 0 
1177920.000000 0.926512 1177920.000000 0.926512 0.994376 0.000000 0 
1984320.000000 0.776072 1984320.000000 0.776072 0.994744 0.000000 0 
1142400.000000 0.976316 1142400.000000 0.976316 0.999231 0.000000 0 
1458000.000000 0.830737 1458000.000000 0.830737 0.985007 0.000000 0 
1365840.000000 0.852537 1365840.000000 0.852537 0.978035 0.000000 0 
1382160.000000 0.847998 1382160.000000 0.847998 0.984747 0.000000 0 
1235280.000000 0.893733 1235280.000000 0.893733 0.987091 0.000000 0 
1262400.000000 0.874022 1262400.000000 0.874022 0.986519 0.000000 0 
1223760.000000 0.895985 1223760.000000 0.895985 0.983496 0.000000 0 
1294800.000000 0.867496 1294800.000000 0.867496 0.988524 0.000000 0 
1816080.000000 0.787484 1816080.000000 0.787484 0.985473 0.000000 0 
1250880.000000 0.885607 1250880.000000 0.885607 0.995742 0.000000 0 
1309680.000000 0.863651 1309680.000000 0.863651 0.987036 0.000000 0 
1283520.000000 0.872832 1283520.000000 0.872832 0.991265 0.000000 0 
1840800.000000 0.785539 1840800.000000 0.785539 0.985314 0.000000 0 
1541040.000000 0.817393 1541040.000000 0.817393 0.998194 0.000000 0 
1784640.000000 0.789335 1784640.000000 0.789335 0.982035 0.000000 0 
1237440.000000 0.887479 1237440.000000 0.887479 0.982806 0.000000 0 
1219440.000000 0.901043 1219440.000000 0.901043 0.981913 0.000000 0 
2082480.000000 0.774191 2082480.000000 0.774191 0.997289 0.000000 0 
1440240.000000 0.833503 1440240.000000 0.833503 0.991625 0.000000 0 
1879200.000000 0.783133 1879200.000000 0.783133 0.995155 0.000000 0 
1527120.000000 0.819282 1527120.000000 0.819282 0.997061 0.000000 0 
1592160.000000 0.809177 1592160.000000 0.809177 0.991542 0.000000 0 
1627680.000000 0.805704 1627680.000000 0.805704 0.995095 0.000000 0 
1189680.000000 0.914694 1189680.000000 0.914694 0.993541 0.000000 0 
1669920.000000 0.800138 1669920.000000 0.800138 0.986347 0.000000 0 
1169280.000000 0.929303 1169280.000000 0.929303 0.995127 0.000000 0 
2023680.000000 0.775826 2023680.000000 0.775826 0.998940 0.000000 0 
1750560.000000 0.792721 1750560.000000 0.792721 0.994071 0.000000 0 
2049360.000000 0.775513 2049360.000000 0.775513 0.997624 0.000000 0 
1808160.000000 0.788638 1808160.000000 0.788638 0.995036 0.000000 0 
2058480.000000 0.774570 2058480.000000 0.774570 0.996733 0.000000 0 
1477200.000000 0.829715 1477200.000000 0.829715 0.983055 0.000000 0 
1560000.000000 0.813851 1560000.000000 0.813851 0.992526 0.000000 0 
1492560.000000 0.826345 1492560.000000 0.826345 0.984048 0.000000 0 
1860000.000000 0.783983 1860000.000000 0.783983 0.995504 0.000000 0 
1901760.000000 0.781393 1901760.000000 0.781393 0.997439 0.000000 0 
1718160.000000 0.796266 1718160.000000 0.796266 0.980951 0.000000 0 
1612320.000000 0.806790 1612320.000000 0.806790 0.994431 0.000000 0 
1350480.000000 0.853007 1350480.000000 0.853007 0.999343 0.000000 0 
1423200.000000 0.839549 1423200.000000 0.839549 0.982092 0.000000 0 
1654800.000000 0.801889 1654800.000000 0.801889 0.987866 0.000000 0 
1516560.000000 0.821439 1516560.000000 0.821439 0.983758 0.000000 0 
1554960.000000 0.815516 1554960.000000 0.815516 0.996727 0.000000 0 
1293600.000000 0.870764 1293600.000000 0.870764 0.987108 0.000000 0 
1735200.000000 0.793461 1735200.000000 0.793461 0.994054 0.000000 0 
1346880.000000 0.856226 1346880.000000 0.856226 0.980816 0.000000 0 
1951920.000000 0.779557 1951920.000000 0.779557 0.999294 0.000000 0 
1943280.000000 0.780014 1943280.000000 0.780014 0.998388 0.000000 0 
1323360.000000 0.860562 1323360.000000 0.860562 0.984970 0.000000 0 
1406160.000000 0.842924 1406160.000000 0.842924 0.984905 0.000000 0 
1641120.000000 0.803915 1641120.000000 0.803915 0.999789 0.000000 0 
1413840.000000 0.840781 1413840.000000 0.840781 0.982052 0.000000 0 
1167360.000000 0.933558 1167360.000000 0.933558 0.989605 0.000000 0 
1767840.000000 0.791666 1767840.000000 0.791666 0.987805 0.000000 0 
1396320.000000 0.844128 1396320.000000 0.844128 0.986597 0.000000 0 
1963200.000000 0.777132 1963200.000000 0.777132 0.999496 0.000000 0 
1393920.000000 0.847346 1393920.000000 0.847346 0.983908 0.000000 0 
1142160.000000 0.983451 1142160.000000 0.983451 0.995494 0.000000 0 
1502160.000000 0.823386 1502160.000000 0.823386 0.982680 0.000000 0 
1134480.000000 1.003190 1134480.000000 1.003190 0.993026 0.000000 0 
1601520.000000 0.807777 1601520.000000 0.807777 0.989621 0.000000 0 
1893120.000000 0.781717 1893120.000000 0.781717 0.997323 0.000000 0 
1483920.000000 0.827842 1483920.000000 0.827842 0.982433 0.000000 0 
1429200.000000 0.836341 1429200.000000 0.836341 0.982773 0.000000 0 
1724880.000000 0.794626 1724880.000000 0.794626 0.989900 0.000000 0 
1205280.000000 0.912202 1205280.000000 0.912202 0.982778 0.000000 0 
2023680.000000 0.775826 2023680.000000 0.775826 0.998940 0.000000 0 
1314960.000000 0.861561 1314960.000000 0.861561 0.988468 0.000000 0 
1771920.000000 0.790420 1771920.000000 0.790420 0.975681 0.000000 0 
1573920.000000 0.811058 1573920.000000 0.811058 0.994072 0.000000 0 
1200240.000000 0.913208 1200240.000000 0.913208 0.994723 0.000000 0 
1331280.000000 0.857851 1331280.000000 0.857851 0.977668 0.000000 0 
1923120.000000 0.780340 1923120.000000 0.780340 0.991601 0.000000 0 
1852320.000000 0.785507 1852320.000000 0.785507 0.985531 0.000000 0 
1219440.000000 0.901043 1219440.000000 0.901043 0.981913 0.000000 0 
1573920.000000 0.811058 1573920.000000 0.811058 0.994072 0.000000 0 
1971840.000000 0.777030 1971840.000000 0.777030 0.999595 0.000000 0 
1691520.000000 0.799540 1691520.000000 0.799540 0.976689 0.000000 0 
1685760.000000 0.799629 1685760.000000 0.799629 0.976231 0.000000 0 
1437360.000000 0.835987 1437360.000000 0.835987 0.989054 0.000000 0 
1509120.000000 0.823082 1509120.000000 0.823082 0.995901 0.000000 0 
1336320.000000 0.857457 1336320.000000 0.857457 0.978531 0.000000 0 
1650480.000000 0.803603 1650480.000000 0.803603 0.990617 0.000000 0 
1142160.000000 0.983451 1142160.000000 0.983451 0.995494 0.000000 0 
1923120.000000 0.780340 1923120.000000 0.780340 0.991601 0.000000 0 
1699680.000000 0.796978 1699680.000000 0.796978 0.982615 0.000000 0 
1246080.000000 0.886000 1246080.000000 0.886000 0.986577 0.000000 0 
#Generacion: 5000 
#Distancia: 284.249899 
