53514715.084874 51545996.346294 1968720.000000 1.261419 6.154600 51545995.084874 35 
51645308.937296 49662670.434646 1982640.000000 1.497350 5.966267 49662668.937296 31 
41586187.593343 39690429.040982 1895760.000000 1.447639 4.969043 39690427.593343 3 
235360926024005.593750 235360924006807.281250 2017200.000000 1.677937 23536093.400681 235360924006805.593750 87 
31919009452329.253906 31919007423850.601562 2028480.000000 1.348703 3191901.742385 31919007423849.253906 72 
97394600094938.906250 97394598241660.406250 1853280.000000 1.507238 9739460.824166 97394598241658.906250 79 
57923704.170453 55818426.317846 2105280.000000 2.147393 6.581842 55818424.170453 39 
61315711.148609 59466752.638489 1848960.000000 1.489880 6.946675 59466751.148609 46 
42411968.794819 40473970.603654 1938000.000000 1.808835 5.047397 40473968.794819 5 
43503630.129853 41469391.786816 2034240.000000 1.656964 5.146939 41469390.129853 9 
27323036.090515 25154877.371036 2168160.000000 1.280521 3.515488 25154876.090515 1 
40040503.995853 38146425.784106 1894080.000000 1.788253 4.814642 38146423.995853 2 
50091933.948864 48031775.431261 2060160.000000 1.482396 5.803177 48031773.948864 24 
42284369.895309 40141651.784795 2142720.000000 1.889486 5.014165 40141649.895309 4 
52342442.499703 50149803.703186 2192640.000000 1.203484 6.014980 50149802.499703 33 
52788274.159764 50663075.311042 2125200.000000 1.151278 6.066307 50663074.159764 34 
47675967.981933 45622049.400042 2053920.000000 1.418109 5.562205 45622047.981933 14 
18086148486022.554688 18086146428504.066406 2057520.000000 1.512994 1808615.642850 18086146428502.554688 70 
76356805.847016 74421207.819700 1935600.000000 1.972684 8.442121 74421205.847016 62 
190004347170761.187500 190004345010522.656250 2160240.000000 1.461086 19000435.501052 190004345010521.187500 86 
61093244.715984 59043406.673839 2049840.000000 1.957856 6.904340 59043404.715984 45 
49219559.142640 47028840.617300 2190720.000000 1.474659 5.702884 47028839.142640 20 
63725339.162105 61587660.781284 2137680.000000 1.619179 7.158766 61587659.162105 51 
30257964850148.613281 30257962790230.515625 2059920.000000 1.903058 3025797.279023 30257962790228.613281 71 
53795233.347252 51858435.207612 1936800.000000 1.860359 6.185843 51858433.347252 36 
80832408.044959 78774889.793367 2057520.000000 1.748407 8.877489 78774888.044959 63 
74354639.717359 72293761.644782 2060880.000000 1.927424 8.229376 72293759.717359 60 
75595572.858582 73805654.141865 1789920.000000 1.283282 8.380565 73805652.858582 61 
42606152.772777 40715194.757593 1890960.000000 1.984816 5.071519 40715192.772777 6 
60741601.810250 58877523.447748 1864080.000000 1.637498 6.887752 58877521.810250 44 
60221774.098077 58182015.534574 2039760.000000 1.436497 6.818201 58182014.098077 42 
48698511.739856 46556273.607430 2142240.000000 1.867575 5.655627 46556271.739856 18 
59575955.106658 57480036.794395 2095920.000000 1.687737 6.748004 57480035.106658 41 
67810005375387.539062 67810003349068.742188 2026320.000000 1.200685 6781001.334907 67810003349067.539062 77 
51971164.027148 49970765.500830 2000400.000000 1.473682 5.997076 49970764.027148 32 
60376769.108288 58419331.198011 1957440.000000 2.089724 6.841933 58419329.108288 43 
49741075.880033 47861637.413547 1879440.000000 1.533513 5.786164 47861635.880033 23 
63059745.779176 61052146.999554 2007600.000000 1.220378 7.105215 61052145.779176 49 
91488189.936872 89554992.111201 1933200.000000 2.174329 9.955499 89554989.936872 65 
68447996254585.140625 68447994164427.015625 2090160.000000 1.875922 6844800.416443 68447994164425.140625 78 
47478975.046808 45424817.184982 2054160.000000 2.138174 5.542482 45424815.046808 13 
65327494.266091 63348937.221309 1978560.000000 2.955218 7.334893 63348934.266091 53 
43536764.246421 41366445.919145 2170320.000000 1.672724 5.136644 41366444.246421 9 
42893881.760335 40696443.186391 2197440.000000 1.426056 5.069644 40696441.760335 7 
65037899.481675 63120540.960624 1917360.000000 1.478949 7.312054 63120539.481675 52 
243984223414590.218750 243984221412272.000000 2002320.000000 1.788449 24398423.141227 243984221412270.218750 88 
42166516.658547 40221078.248436 1945440.000000 1.589889 5.022108 40221076.658547 4 
72901023.075938 70920065.340015 1980960.000000 2.264076 8.092006 70920063.075938 59 
50180155.621917 48084957.280203 2095200.000000 1.658286 5.808496 48084955.621917 25 
58627688.157929 56605450.043873 2022240.000000 1.885943 6.660545 56605448.157929 40 
112432683.695151 110520365.478673 1912320.000000 1.783522 12.052036 110520363.695151 68 
47967914.225434 45835757.507572 2132160.000000 3.282138 5.583575 45835754.225434 16 
105273351505083.890625 105273349220525.734375 2284560.000000 1.849636 10527335.922052 105273349220523.890625 80 
5314762135912.202148 5314760203194.140625 1932720.000000 1.938517 531477.020319 5314760203192.202148 69 
123360091448363.406250 123360089436444.703125 2011920.000000 1.293089 12336009.943644 123360089436443.406250 83 
54351210.737409 52442012.979280 1909200.000000 2.241871 6.244201 52442010.737409 37 
53161795973984.148438 53161793787585.429688 2186400.000000 1.283803 5316180.378758 53161793787584.148438 75 
32214468866763.796875 32214466844285.968750 2022480.000000 2.173408 3221447.684428 32214466844283.796875 73 
71115016.816742 69152298.402464 1962720.000000 1.585722 7.915230 69152296.816742 58 
113338101713475.968750 113338099846037.265625 1867440.000000 1.304014 11333810.984604 113338099846035.968750 81 
52655411.904215 50746213.803625 1909200.000000 1.899411 6.074621 50746211.904215 34 
161828099871951.625000 161828097693473.625000 2178480.000000 1.989702 16182810.769347 161828097693471.625000 85 
51534152.912760 49565195.191118 1968960.000000 2.278358 5.956519 49565192.912760 30 
49037900.371369 47061022.575946 1976880.000000 2.204577 5.706102 47061020.371369 20 
532832729681972.625000 532832727818134.437500 1863840.000000 1.788319 53283273.781813 532832727818132.625000 89 
48192204.331066 46189166.143076 2003040.000000 1.812010 5.618916 46189164.331066 17 
49222708.375693 47036069.606608 2186640.000000 1.230914 5.703607 47036068.375693 21 
44307568.142832 42355890.053785 1951680.000000 1.910953 5.235589 42355888.142832 11 
24983980.617018 22883022.351361 2100960.000000 1.734343 3.288302 22883020.617018 0 
43719395.425981 41852196.907173 1867200.000000 1.481192 5.185220 41852195.425981 10 
70288089.922957 68193371.631250 2094720.000000 1.708293 7.819337 68193369.922957 57 
51116278.261766 49210679.740799 1905600.000000 1.479033 5.921068 49210678.261766 28 
91785033.833808 89850636.325716 1934400.000000 2.491909 9.985063 89850633.833808 66 
46014822.452583 44151464.257910 1863360.000000 1.805327 5.415146 44151462.452583 12 
62800604.579769 60878685.964302 1921920.000000 1.384533 7.087868 60878684.579769 48 
48979634.390945 46842195.919741 2137440.000000 1.528796 5.684219 46842194.390945 19 
51064232.774595 48858634.027021 2205600.000000 1.252426 5.885863 48858632.774595 27 
67985659.605664 66016940.955509 1968720.000000 1.349845 7.601694 66016939.605664 56 
50022444.374978 48142525.953703 1879920.000000 1.578725 5.814252 48142524.374978 24 
85071857.255446 83256979.393601 1814880.000000 2.138155 9.325698 83256977.255446 64 
50924772.200201 48958693.892642 1966080.000000 1.692441 5.895869 48958692.200201 27 
60944214549772.929688 60944212674414.835938 1875360.000000 1.910067 6094422.267441 60944212674412.929688 76 
63128891.091753 61109772.524837 2019120.000000 1.433084 7.110977 61109771.091753 50 
51261727.343063 49386129.238202 1875600.000000 1.895138 5.938613 49386127.343063 29 
42615596.759932 40631518.395419 1984080.000000 1.635487 5.063152 40631516.759932 6 
49645120.886159 47614482.123116 2030640.000000 1.236957 5.761448 47614480.886159 22 
149792910121752.687500 149792908237274.281250 1884480.000000 1.590240 14979291.823727 149792908237272.687500 84 
67906630.271013 65965032.020879 1941600.000000 1.749866 7.596503 65965030.271013 55 
48261123.722946 46119125.185783 2142000.000000 1.462837 5.611912 46119123.722946 17 
48626504.874465 46625866.181337 2000640.000000 1.306872 5.662586 46625864.874465 18 
49181588.723646 47340550.762817 1841040.000000 2.039171 5.734055 47340548.723646 21 
65765874.970579 63863156.915992 1902720.000000 1.945413 7.386315 63863154.970579 54 
96602926.643156 94504848.453115 2098080.000000 1.809960 10.450485 94504846.643156 67 
43220637.128296 41000398.772277 2220240.000000 1.643981 5.100040 41000397.128296 8 
115268761595840.593750 115268759597602.125000 1998240.000000 1.536596 11526876.959760 115268759597600.593750 82 
47796988.468363 45834989.735421 1962000.000000 1.267057 5.583499 45834988.468363 15 
62150957.336336 60015918.674845 2135040.000000 1.338509 7.001592 60015917.336336 47 
49319903144341.273438 49319901127862.445312 2016480.000000 1.175747 4931991.112786 49319901127861.273438 74 
50736685.675396 48729568.660195 2007120.000000 2.984799 5.872957 48729565.675396 26 
55059222.457685 52940024.428092 2119200.000000 1.970407 6.294002 52940022.457685 38 
#Generacion: 1 
#Distancia: 790.688182 
1321680.000000 1.661730 1321680.000000 1.661730 0.998089 0.000000 0 
1702560.000000 0.863290 1702560.000000 0.863290 0.985237 0.000000 0 
1600080.000000 0.886162 1600080.000000 0.886162 0.989826 0.000000 0 
1323600.000000 1.619765 1323600.000000 1.619765 0.995532 0.000000 0 
1600080.000000 0.886162 1600080.000000 0.886162 0.989826 0.000000 0 
1330800.000000 1.618600 1330800.000000 1.618600 0.992792 0.000000 0 
1486560.000000 0.911895 1486560.000000 0.911895 0.995959 0.000000 0 
1330800.000000 1.618600 1330800.000000 1.618600 0.992792 0.000000 0 
1404000.000000 0.980461 1404000.000000 0.980461 0.984825 0.000000 0 
1622400.000000 0.869499 1622400.000000 0.869499 0.982904 0.000000 0 
1373760.000000 1.286147 1373760.000000 1.286147 0.993860 0.000000 0 
1572000.000000 0.891351 1572000.000000 0.891351 0.984714 0.000000 0 
1335840.000000 1.515757 1335840.000000 1.515757 0.998033 0.000000 0 
1600080.000000 0.886162 1600080.000000 0.886162 0.989826 0.000000 0 
1423200.000000 0.977865 1423200.000000 0.977865 0.983440 0.000000 0 
1600080.000000 0.886162 1600080.000000 0.886162 0.989826 0.000000 0 
1602000.000000 0.885355 1602000.000000 0.885355 0.998740 0.000000 0 
1416000.000000 0.979087 1416000.000000 0.979087 0.985753 0.000000 0 
1445520.000000 0.962000 1445520.000000 0.962000 0.962487 0.000000 0 
1486560.000000 0.911895 1486560.000000 0.911895 0.995959 0.000000 0 
1338480.000000 1.450737 1338480.000000 1.450737 0.973571 0.000000 0 
1423200.000000 0.977865 1423200.000000 0.977865 0.983440 0.000000 0 
1397760.000000 0.992258 1397760.000000 0.992258 0.989368 0.000000 0 
1494720.000000 0.897020 1494720.000000 0.897020 0.996639 0.000000 0 
1667040.000000 0.865200 1667040.000000 0.865200 0.985005 0.000000 0 
1342080.000000 1.331992 1342080.000000 1.331992 0.987179 0.000000 0 
1608240.000000 0.871675 1608240.000000 0.871675 0.996979 0.000000 0 
1373760.000000 1.286147 1373760.000000 1.286147 0.993860 0.000000 0 
1535040.000000 0.891519 1535040.000000 0.891519 0.988677 0.000000 0 
1432800.000000 0.977730 1432800.000000 0.977730 0.983507 0.000000 0 
1447440.000000 0.928380 1447440.000000 0.928380 0.992896 0.000000 0 
1572000.000000 0.891351 1572000.000000 0.891351 0.984714 0.000000 0 
1355280.000000 1.319045 1355280.000000 1.319045 0.978471 0.000000 0 
1392000.000000 1.005812 1392000.000000 1.005812 0.998625 0.000000 0 
1385760.000000 1.008899 1385760.000000 1.008899 0.997682 0.000000 0 
1535040.000000 0.891519 1535040.000000 0.891519 0.988677 0.000000 0 
1575360.000000 0.887662 1575360.000000 0.887662 0.977208 0.000000 0 
1373760.000000 1.286147 1373760.000000 1.286147 0.993860 0.000000 0 
1459920.000000 0.914420 1459920.000000 0.914420 0.991326 0.000000 0 
1772640.000000 0.863515 1772640.000000 0.863515 0.978404 0.000000 1 
1726560.000000 0.863896 1726560.000000 0.863896 0.984926 0.000000 1 
1326960.000000 1.621059 1326960.000000 1.621059 0.998744 0.000000 1 
1326960.000000 1.621059 1326960.000000 1.621059 0.998744 0.000000 1 
1326960.000000 1.621059 1326960.000000 1.621059 0.998744 0.000000 1 
1326960.000000 1.621059 1326960.000000 1.621059 0.998744 0.000000 1 
1326960.000000 1.621059 1326960.000000 1.621059 0.998744 0.000000 1 
1335840.000000 1.620330 1335840.000000 1.620330 0.996303 0.000000 1 
1605120.000000 0.886752 1605120.000000 0.886752 0.988932 0.000000 1 
1416960.000000 0.987468 1416960.000000 0.987468 0.986090 0.000000 1 
1486560.000000 0.912017 1486560.000000 0.912017 0.997159 0.000000 1 
1339920.000000 1.455784 1339920.000000 1.455784 0.989788 0.000000 1 
1339920.000000 1.455784 1339920.000000 1.455784 0.989788 0.000000 1 
1428960.000000 0.982347 1428960.000000 0.982347 0.999616 0.000000 1 
1407840.000000 1.003369 1407840.000000 1.003369 0.988431 0.000000 1 
1407840.000000 1.003369 1407840.000000 1.003369 0.988431 0.000000 1 
1518960.000000 0.897512 1518960.000000 0.897512 0.981970 0.000000 1 
1512720.000000 0.900000 1512720.000000 0.900000 0.991864 0.000000 1 
1501920.000000 0.911119 1501920.000000 0.911119 0.993695 0.000000 1 
1497120.000000 0.911441 1497120.000000 0.911441 0.996450 0.000000 1 
1501920.000000 0.911119 1501920.000000 0.911119 0.993695 0.000000 1 
1703520.000000 0.865864 1703520.000000 0.865864 0.989611 0.000000 1 
1723680.000000 0.865709 1723680.000000 0.865709 0.988906 0.000000 1 
1703520.000000 0.865864 1703520.000000 0.865864 0.989611 0.000000 1 
1351920.000000 1.343866 1351920.000000 1.343866 0.999847 0.000000 1 
1349040.000000 1.449405 1349040.000000 1.449405 0.973519 0.000000 1 
1342800.000000 1.452877 1342800.000000 1.452877 0.989585 0.000000 1 
1351920.000000 1.343866 1351920.000000 1.343866 0.999847 0.000000 1 
1344000.000000 1.452572 1344000.000000 1.452572 0.998877 0.000000 1 
1644000.000000 0.872151 1644000.000000 0.872151 0.997331 0.000000 1 
1611840.000000 0.885585 1611840.000000 0.885585 0.995950 0.000000 1 
1611600.000000 0.886218 1611600.000000 0.886218 0.983383 0.000000 1 
1612560.000000 0.884484 1612560.000000 0.884484 0.998394 0.000000 1 
1438320.000000 0.978482 1438320.000000 0.978482 0.985595 0.000000 1 
1436160.000000 0.981425 1436160.000000 0.981425 0.985061 0.000000 1 
1447440.000000 0.962738 1447440.000000 0.962738 0.961458 0.000000 1 
1454640.000000 0.957112 1454640.000000 0.957112 0.996390 0.000000 1 
1455360.000000 0.956933 1455360.000000 0.956933 0.995223 0.000000 1 
1362720.000000 1.326704 1362720.000000 1.326704 0.973564 0.000000 1 
1369200.000000 1.324666 1369200.000000 1.324666 0.969249 0.000000 1 
1356720.000000 1.341808 1356720.000000 1.341808 0.975384 0.000000 1 
1402800.000000 1.007353 1402800.000000 1.007353 0.995614 0.000000 1 
1394400.000000 1.008562 1394400.000000 1.008562 0.997671 0.000000 1 
1394400.000000 1.008562 1394400.000000 1.008562 0.997671 0.000000 1 
1394400.000000 1.008562 1394400.000000 1.008562 0.997671 0.000000 1 
1389840.000000 1.010366 1389840.000000 1.010366 0.989566 0.000000 1 
1541760.000000 0.891675 1541760.000000 0.891675 0.993850 0.000000 1 
1540800.000000 0.896496 1540800.000000 0.896496 0.984434 0.000000 1 
1592160.000000 0.888004 1592160.000000 0.888004 0.991411 0.000000 1 
1589760.000000 0.891400 1589760.000000 0.891400 0.958767 0.000000 1 
1378560.000000 1.288408 1378560.000000 1.288408 0.991625 0.000000 1 
1378560.000000 1.288408 1378560.000000 1.288408 0.991625 0.000000 1 
1477920.000000 0.926861 1477920.000000 0.926861 0.998863 0.000000 1 
1485360.000000 0.921910 1485360.000000 0.921910 0.981542 0.000000 1 
1477920.000000 0.926861 1477920.000000 0.926861 0.998863 0.000000 1 
1478160.000000 0.924064 1478160.000000 0.924064 0.993432 0.000000 1 
1463280.000000 0.954374 1463280.000000 0.954374 0.996065 0.000000 1 
1462320.000000 0.956373 1462320.000000 0.956373 0.982650 0.000000 1 
1462320.000000 0.956373 1462320.000000 0.956373 0.982650 0.000000 1 
1479600.000000 0.932074 1479600.000000 0.932074 0.995738 0.000000 2 
1484640.000000 0.931845 1484640.000000 0.931845 0.990121 0.000000 2 
#Generacion: 500 
#Distancia: 267.595253 
1445520.000000 0.883667 1445520.000000 0.883667 0.993215 0.000000 0 
1435200.000000 0.889239 1435200.000000 0.889239 0.995575 0.000000 0 
1362480.000000 0.943307 1362480.000000 0.943307 0.998849 0.000000 0 
1435200.000000 0.889239 1435200.000000 0.889239 0.995575 0.000000 0 
1213200.000000 1.199051 1213200.000000 1.199051 0.996583 0.000000 0 
1441920.000000 0.889024 1441920.000000 0.889024 0.995070 0.000000 0 
1435200.000000 0.889239 1435200.000000 0.889239 0.995575 0.000000 0 
1362480.000000 0.943307 1362480.000000 0.943307 0.998849 0.000000 0 
1452240.000000 0.882170 1452240.000000 0.882170 0.995424 0.000000 0 
1779840.000000 0.822564 1779840.000000 0.822564 0.988879 0.000000 0 
1326960.000000 0.972983 1326960.000000 0.972983 0.998442 0.000000 0 
1621200.000000 0.833381 1621200.000000 0.833381 0.966824 0.000000 0 
1254960.000000 1.126621 1254960.000000 1.126621 0.989120 0.000000 0 
1455360.000000 0.859528 1455360.000000 0.859528 0.999964 0.000000 0 
1223040.000000 1.142839 1223040.000000 1.142839 0.994876 0.000000 0 
1379280.000000 0.906374 1379280.000000 0.906374 0.994138 0.000000 0 
1240560.000000 1.133527 1240560.000000 1.133527 0.995134 0.000000 0 
1621200.000000 0.833381 1621200.000000 0.833381 0.966824 0.000000 0 
1543200.000000 0.847684 1543200.000000 0.847684 0.989032 0.000000 0 
1221360.000000 1.176308 1221360.000000 1.176308 0.999883 0.000000 0 
1277040.000000 1.088085 1277040.000000 1.088085 0.984359 0.000000 0 
1455360.000000 0.859528 1455360.000000 0.859528 0.999964 0.000000 0 
1247040.000000 1.133215 1247040.000000 1.133215 0.993461 0.000000 0 
1362480.000000 0.943307 1362480.000000 0.943307 0.998849 0.000000 0 
1278480.000000 1.084847 1278480.000000 1.084847 0.987035 0.000000 0 
1301280.000000 1.010626 1301280.000000 1.010626 0.996107 0.000000 0 
1551840.000000 0.847207 1551840.000000 0.847207 0.979315 0.000000 0 
1240560.000000 1.133527 1240560.000000 1.133527 0.995134 0.000000 0 
1709760.000000 0.827343 1709760.000000 0.827343 0.988747 0.000000 0 
1543200.000000 0.847684 1543200.000000 0.847684 0.989032 0.000000 0 
1568160.000000 0.841732 1568160.000000 0.841732 0.986480 0.000000 0 
1348080.000000 0.945272 1348080.000000 0.945272 0.997221 0.000000 0 
1330560.000000 0.971841 1330560.000000 0.971841 0.998263 0.000000 0 
1525920.000000 0.852268 1525920.000000 0.852268 0.973874 0.000000 0 
1568160.000000 0.841732 1568160.000000 0.841732 0.986480 0.000000 0 
1511520.000000 0.853258 1511520.000000 0.853258 0.975652 0.000000 0 
1676640.000000 0.830229 1676640.000000 0.830229 0.977569 0.000000 0 
1370880.000000 0.915420 1370880.000000 0.915420 0.998195 0.000000 0 
1326960.000000 0.972983 1326960.000000 0.972983 0.998442 0.000000 0 
1223040.000000 1.142839 1223040.000000 1.142839 0.994876 0.000000 0 
1232640.000000 1.141119 1232640.000000 1.141119 0.991764 0.000000 0 
1568160.000000 0.841732 1568160.000000 0.841732 0.986480 0.000000 0 
1280400.000000 1.084228 1280400.000000 1.084228 0.986633 0.000000 0 
1337520.000000 0.963268 1337520.000000 0.963268 0.990069 0.000000 0 
1362480.000000 0.943307 1362480.000000 0.943307 0.998849 0.000000 0 
1752960.000000 0.823900 1752960.000000 0.823900 0.986569 0.000000 0 
1247280.000000 1.133158 1247280.000000 1.133158 0.993197 0.000000 0 
1759440.000000 0.823750 1759440.000000 0.823750 0.983594 0.000000 0 
1240560.000000 1.133527 1240560.000000 1.133527 0.995134 0.000000 0 
1534800.000000 0.850022 1534800.000000 0.850022 0.977410 0.000000 0 
1305360.000000 0.974651 1305360.000000 0.974651 0.999772 0.000000 0 
1745040.000000 0.824463 1745040.000000 0.824463 0.989707 0.000000 0 
1245600.000000 1.133347 1245600.000000 1.133347 0.979992 0.000000 0 
1709760.000000 0.827343 1709760.000000 0.827343 0.988747 0.000000 0 
1324800.000000 0.974016 1324800.000000 0.974016 0.997778 0.000000 0 
1568160.000000 0.841732 1568160.000000 0.841732 0.986480 0.000000 0 
1714800.000000 0.824923 1714800.000000 0.824923 0.968454 0.000000 0 
1568160.000000 0.841732 1568160.000000 0.841732 0.986480 0.000000 0 
1507680.000000 0.858438 1507680.000000 0.858438 0.975666 0.000000 0 
1419840.000000 0.895379 1419840.000000 0.895379 0.991223 0.000000 0 
1676640.000000 0.830229 1676640.000000 0.830229 0.977569 0.000000 0 
1780320.000000 0.820296 1780320.000000 0.820296 0.990411 0.000000 0 
1561440.000000 0.845971 1561440.000000 0.845971 0.987343 0.000000 0 
1779840.000000 0.822564 1779840.000000 0.822564 0.988879 0.000000 0 
1299600.000000 1.083688 1299600.000000 1.083688 0.976666 0.000000 0 
1299600.000000 1.083688 1299600.000000 1.083688 0.976666 0.000000 0 
1664400.000000 0.830643 1664400.000000 0.830643 0.980848 0.000000 0 
1299600.000000 1.083688 1299600.000000 1.083688 0.976666 0.000000 0 
1832160.000000 0.816764 1832160.000000 0.816764 0.983456 0.000000 0 
1335360.000000 0.963325 1335360.000000 0.963325 0.991345 0.000000 0 
1572240.000000 0.836466 1572240.000000 0.836466 0.986038 0.000000 0 
1621200.000000 0.833381 1621200.000000 0.833381 0.966824 0.000000 0 
1335360.000000 0.963325 1335360.000000 0.963325 0.991345 0.000000 0 
1511520.000000 0.853258 1511520.000000 0.853258 0.975652 0.000000 0 
1427280.000000 0.890258 1427280.000000 0.890258 0.998520 0.000000 0 
1853280.000000 0.815068 1853280.000000 0.815068 0.983951 0.000000 0 
1402320.000000 0.898978 1402320.000000 0.898978 0.985681 0.000000 0 
1759440.000000 0.823750 1759440.000000 0.823750 0.983594 0.000000 0 
1348080.000000 0.945272 1348080.000000 0.945272 0.997221 0.000000 0 
1562160.000000 0.843419 1562160.000000 0.843419 0.974265 0.000000 0 
1213200.000000 1.199051 1213200.000000 1.199051 0.996583 0.000000 0 
1370400.000000 0.920578 1370400.000000 0.920578 0.995416 0.000000 0 
1366560.000000 0.930688 1366560.000000 0.930688 0.993449 0.000000 0 
1240560.000000 1.133527 1240560.000000 1.133527 0.995134 0.000000 0 
1455360.000000 0.859528 1455360.000000 0.859528 0.999964 0.000000 0 
1368720.000000 0.928559 1368720.000000 0.928559 0.995254 0.000000 0 
1697040.000000 0.829803 1697040.000000 0.829803 0.970866 0.000000 0 
1305360.000000 0.974651 1305360.000000 0.974651 0.999772 0.000000 0 
1626000.000000 0.831364 1626000.000000 0.831364 0.991183 0.000000 0 
1343760.000000 0.952414 1343760.000000 0.952414 0.979981 0.000000 0 
1260000.000000 1.111673 1260000.000000 1.111673 0.997324 0.000000 0 
1384080.000000 0.904085 1384080.000000 0.904085 0.982404 0.000000 0 
1792800.000000 0.823893 1792800.000000 0.823893 0.998093 0.000000 1 
1223760.000000 1.200454 1223760.000000 1.200454 0.996541 0.000000 1 
1267920.000000 1.122012 1267920.000000 1.122012 0.986333 0.000000 1 
1641360.000000 0.832240 1641360.000000 0.832240 0.968089 0.000000 1 
1389120.000000 0.904255 1389120.000000 0.904255 0.988484 0.000000 1 
1662480.000000 0.831996 1662480.000000 0.831996 0.991878 0.000000 1 
1266240.000000 1.125027 1266240.000000 1.125027 0.991578 0.000000 1 
1389120.000000 0.904255 1389120.000000 0.904255 0.988484 0.000000 1 
#Generacion: 1000 
#Distancia: 305.825859 
1206000.000000 1.104676 1206000.000000 1.104676 0.998238 0.000000 0 
1224240.000000 1.070916 1224240.000000 1.070916 0.993965 0.000000 0 
1228800.000000 0.998088 1228800.000000 0.998088 0.993581 0.000000 0 
1213440.000000 1.083322 1213440.000000 1.083322 0.985692 0.000000 0 
1386960.000000 0.867396 1386960.000000 0.867396 0.994983 0.000000 0 
1546560.000000 0.828992 1546560.000000 0.828992 0.985102 0.000000 0 
1318080.000000 0.929120 1318080.000000 0.929120 0.987501 0.000000 0 
1302000.000000 0.948724 1302000.000000 0.948724 0.977594 0.000000 0 
1473120.000000 0.847641 1473120.000000 0.847641 0.990747 0.000000 0 
1760160.000000 0.804571 1760160.000000 0.804571 0.995928 0.000000 0 
1260480.000000 0.989195 1260480.000000 0.989195 0.996686 0.000000 0 
1272240.000000 0.974957 1272240.000000 0.974957 0.996832 0.000000 0 
1303680.000000 0.933440 1303680.000000 0.933440 0.985366 0.000000 0 
1506240.000000 0.837269 1506240.000000 0.837269 0.989813 0.000000 0 
1493280.000000 0.847255 1493280.000000 0.847255 0.990944 0.000000 0 
1697760.000000 0.811308 1697760.000000 0.811308 0.989747 0.000000 0 
1237440.000000 0.991566 1237440.000000 0.991566 0.993483 0.000000 0 
1625520.000000 0.822407 1625520.000000 0.822407 0.999902 0.000000 0 
1334400.000000 0.927618 1334400.000000 0.927618 0.989758 0.000000 0 
1746000.000000 0.805018 1746000.000000 0.805018 0.993031 0.000000 0 
1572960.000000 0.827879 1572960.000000 0.827879 0.983204 0.000000 0 
1246080.000000 0.991221 1246080.000000 0.991221 0.993099 0.000000 0 
1530240.000000 0.833672 1530240.000000 0.833672 0.988081 0.000000 0 
1295520.000000 0.955791 1295520.000000 0.955791 0.986971 0.000000 0 
1722240.000000 0.805400 1722240.000000 0.805400 0.998012 0.000000 0 
1303680.000000 0.933440 1303680.000000 0.933440 0.985366 0.000000 0 
1638720.000000 0.818866 1638720.000000 0.818866 0.983826 0.000000 0 
1657920.000000 0.812920 1657920.000000 0.812920 0.997447 0.000000 0 
1297200.000000 0.949544 1297200.000000 0.949544 0.983444 0.000000 0 
1717920.000000 0.807952 1717920.000000 0.807952 0.995707 0.000000 0 
1335360.000000 0.923375 1335360.000000 0.923375 0.981439 0.000000 0 
1708080.000000 0.810175 1708080.000000 0.810175 0.995767 0.000000 0 
1750320.000000 0.804791 1750320.000000 0.804791 0.994051 0.000000 0 
1709760.000000 0.809578 1709760.000000 0.809578 0.998740 0.000000 0 
1697760.000000 0.811308 1697760.000000 0.811308 0.989747 0.000000 0 
1575600.000000 0.827231 1575600.000000 0.827231 0.999459 0.000000 0 
1626720.000000 0.822345 1626720.000000 0.822345 0.990160 0.000000 0 
1335360.000000 0.923375 1335360.000000 0.923375 0.981439 0.000000 0 
1718640.000000 0.805634 1718640.000000 0.805634 0.999059 0.000000 0 
1298160.000000 0.949061 1298160.000000 0.949061 0.978291 0.000000 0 
1722240.000000 0.805400 1722240.000000 0.805400 0.998012 0.000000 0 
1572960.000000 0.827879 1572960.000000 0.827879 0.983204 0.000000 0 
1406160.000000 0.860428 1406160.000000 0.860428 0.995392 0.000000 0 
1814160.000000 0.802546 1814160.000000 0.802546 0.997261 0.000000 0 
1303680.000000 0.933440 1303680.000000 0.933440 0.985366 0.000000 0 
1261920.000000 0.979803 1261920.000000 0.979803 0.991073 0.000000 0 
1531440.000000 0.830904 1531440.000000 0.830904 0.993114 0.000000 0 
1206000.000000 1.104676 1206000.000000 1.104676 0.998238 0.000000 0 
1338000.000000 0.893221 1338000.000000 0.893221 0.994952 0.000000 0 
1530240.000000 0.833672 1530240.000000 0.833672 0.988081 0.000000 0 
1495920.000000 0.838689 1495920.000000 0.838689 0.993685 0.000000 0 
1302000.000000 0.948724 1302000.000000 0.948724 0.977594 0.000000 0 
1625520.000000 0.822407 1625520.000000 0.822407 0.999902 0.000000 0 
1295520.000000 0.955791 1295520.000000 0.955791 0.986971 0.000000 0 
1224240.000000 1.070916 1224240.000000 1.070916 0.993965 0.000000 0 
1237440.000000 0.991566 1237440.000000 0.991566 0.993483 0.000000 0 
1584000.000000 0.825993 1584000.000000 0.825993 0.998469 0.000000 0 
1414080.000000 0.859047 1414080.000000 0.859047 0.992131 0.000000 0 
1853040.000000 0.800045 1853040.000000 0.800045 0.988487 0.000000 0 
1312560.000000 0.931884 1312560.000000 0.931884 0.986734 0.000000 0 
1393680.000000 0.867196 1393680.000000 0.867196 0.989273 0.000000 0 
1590960.000000 0.824351 1590960.000000 0.824351 0.988906 0.000000 0 
1344720.000000 0.892517 1344720.000000 0.892517 0.994020 0.000000 0 
1546560.000000 0.828992 1546560.000000 0.828992 0.985102 0.000000 0 
1425360.000000 0.856232 1425360.000000 0.856232 0.998399 0.000000 0 
1303680.000000 0.933440 1303680.000000 0.933440 0.985366 0.000000 0 
1425360.000000 0.856232 1425360.000000 0.856232 0.998399 0.000000 0 
1590960.000000 0.824351 1590960.000000 0.824351 0.988906 0.000000 0 
1530240.000000 0.833672 1530240.000000 0.833672 0.988081 0.000000 0 
1368240.000000 0.888418 1368240.000000 0.888418 0.988009 0.000000 0 
1645920.000000 0.814360 1645920.000000 0.814360 0.997198 0.000000 0 
1282560.000000 0.956474 1282560.000000 0.956474 0.996507 0.000000 0 
1489200.000000 0.847453 1489200.000000 0.847453 0.992435 0.000000 0 
1760880.000000 0.803810 1760880.000000 0.803810 0.992772 0.000000 0 
1760880.000000 0.803810 1760880.000000 0.803810 0.992772 0.000000 0 
1631760.000000 0.820444 1631760.000000 0.820444 0.988140 0.000000 0 
1894320.000000 0.798418 1894320.000000 0.798418 0.997388 0.000000 0 
1303680.000000 0.933440 1303680.000000 0.933440 0.985366 0.000000 0 
1272480.000000 0.967556 1272480.000000 0.967556 0.989483 0.000000 0 
1581600.000000 0.826012 1581600.000000 0.826012 0.990392 0.000000 0 
1665840.000000 0.812132 1665840.000000 0.812132 0.996425 0.000000 0 
1452240.000000 0.852708 1452240.000000 0.852708 0.996401 0.000000 0 
1775280.000000 0.802741 1775280.000000 0.802741 0.991545 0.000000 0 
1223280.000000 1.075311 1223280.000000 1.075311 0.989056 0.000000 0 
1642320.000000 0.817849 1642320.000000 0.817849 0.993650 0.000000 0 
1495920.000000 0.838689 1495920.000000 0.838689 0.993685 0.000000 0 
1266240.000000 0.978162 1266240.000000 0.978162 0.994973 0.000000 0 
1193520.000000 1.321302 1193520.000000 1.321302 0.996590 0.000000 0 
1461840.000000 0.851813 1461840.000000 0.851813 0.997520 0.000000 0 
1590720.000000 0.825731 1590720.000000 0.825731 0.999279 0.000000 0 
1530240.000000 0.833672 1530240.000000 0.833672 0.988081 0.000000 0 
1822560.000000 0.801399 1822560.000000 0.801399 0.990698 0.000000 0 
1592880.000000 0.822832 1592880.000000 0.822832 0.982297 0.000000 0 
1212720.000000 1.084442 1212720.000000 1.084442 0.985441 0.000000 0 
1572960.000000 0.827879 1572960.000000 0.827879 0.983204 0.000000 0 
1465200.000000 0.849864 1465200.000000 0.849864 0.993767 0.000000 0 
1514880.000000 0.836083 1514880.000000 0.836083 0.982859 0.000000 0 
1894320.000000 0.798418 1894320.000000 0.798418 0.997388 0.000000 0 
1266240.000000 0.978162 1266240.000000 0.978162 0.994973 0.000000 0 
1905840.000000 0.798850 1905840.000000 0.798850 0.998391 0.000000 1 
#Generacion: 1500 
#Distancia: 291.195152 
1140240.000000 1.389944 1140240.000000 1.389944 0.991249 0.000000 0 
1140240.000000 1.389944 1140240.000000 1.389944 0.991249 0.000000 0 
1959360.000000 0.795145 1959360.000000 0.795145 0.985856 0.000000 0 
1159440.000000 1.344773 1159440.000000 1.344773 0.989335 0.000000 0 
1162320.000000 1.164059 1162320.000000 1.164059 0.987562 0.000000 0 
1189440.000000 1.031827 1189440.000000 1.031827 0.991812 0.000000 0 
1188000.000000 1.123225 1188000.000000 1.123225 0.984286 0.000000 0 
1152720.000000 1.345557 1152720.000000 1.345557 0.989311 0.000000 0 
1897200.000000 0.795548 1897200.000000 0.795548 0.996069 0.000000 0 
1203840.000000 1.007819 1203840.000000 1.007819 0.999656 0.000000 0 
1949760.000000 0.795169 1949760.000000 0.795169 0.985660 0.000000 0 
1213200.000000 0.997955 1213200.000000 0.997955 0.992543 0.000000 0 
1213680.000000 0.973103 1213680.000000 0.973103 0.992324 0.000000 0 
1829040.000000 0.798341 1829040.000000 0.798341 0.994895 0.000000 0 
1336080.000000 0.904387 1336080.000000 0.904387 0.983388 0.000000 0 
1194720.000000 1.030193 1194720.000000 1.030193 0.984329 0.000000 0 
1337280.000000 0.878073 1337280.000000 0.878073 0.993125 0.000000 0 
1859760.000000 0.797811 1859760.000000 0.797811 0.995987 0.000000 0 
1176720.000000 1.133294 1176720.000000 1.133294 0.980266 0.000000 0 
1808880.000000 0.799018 1808880.000000 0.799018 0.991355 0.000000 0 
1762320.000000 0.802694 1762320.000000 0.802694 0.989601 0.000000 0 
1233840.000000 0.956359 1233840.000000 0.956359 0.995480 0.000000 0 
1261200.000000 0.949329 1261200.000000 0.949329 0.976446 0.000000 0 
1162320.000000 1.164059 1162320.000000 1.164059 0.987562 0.000000 0 
1170720.000000 1.142157 1170720.000000 1.142157 0.995053 0.000000 0 
1386000.000000 0.860869 1386000.000000 0.860869 0.998777 0.000000 0 
1731840.000000 0.803881 1731840.000000 0.803881 0.996614 0.000000 0 
1632720.000000 0.814836 1632720.000000 0.814836 0.983794 0.000000 0 
1787760.000000 0.799633 1787760.000000 0.799633 0.994416 0.000000 0 
1611840.000000 0.817513 1611840.000000 0.817513 0.992106 0.000000 0 
1559760.000000 0.827023 1559760.000000 0.827023 0.998499 0.000000 0 
1533840.000000 0.827610 1533840.000000 0.827610 0.998037 0.000000 0 
1691520.000000 0.809284 1691520.000000 0.809284 0.994599 0.000000 0 
1404960.000000 0.859390 1404960.000000 0.859390 0.998539 0.000000 0 
1263600.000000 0.932705 1263600.000000 0.932705 0.988085 0.000000 0 
1225200.000000 0.968345 1225200.000000 0.968345 0.991084 0.000000 0 
1456080.000000 0.848546 1456080.000000 0.848546 0.997589 0.000000 0 
1676160.000000 0.809477 1676160.000000 0.809477 0.998600 0.000000 0 
1288800.000000 0.922090 1288800.000000 0.922090 0.979144 0.000000 0 
1188000.000000 1.123225 1188000.000000 1.123225 0.984286 0.000000 0 
1231680.000000 0.966359 1231680.000000 0.966359 0.994635 0.000000 0 
1650000.000000 0.811983 1650000.000000 0.811983 0.999353 0.000000 0 
1572240.000000 0.824061 1572240.000000 0.824061 0.992742 0.000000 0 
1249200.000000 0.950339 1249200.000000 0.950339 0.977980 0.000000 0 
1326240.000000 0.904893 1326240.000000 0.904893 0.985735 0.000000 0 
1886640.000000 0.795975 1886640.000000 0.795975 0.996252 0.000000 0 
1344240.000000 0.876758 1344240.000000 0.876758 0.991072 0.000000 0 
1380240.000000 0.867125 1380240.000000 0.867125 0.988794 0.000000 0 
1266240.000000 0.932186 1266240.000000 0.932186 0.999771 0.000000 0 
1380000.000000 0.872672 1380000.000000 0.872672 0.995214 0.000000 0 
1468560.000000 0.845819 1468560.000000 0.845819 0.989979 0.000000 0 
1524240.000000 0.831157 1524240.000000 0.831157 0.997178 0.000000 0 
1357680.000000 0.876672 1357680.000000 0.876672 0.991097 0.000000 0 
1483440.000000 0.840863 1483440.000000 0.840863 0.994152 0.000000 0 
1435440.000000 0.854746 1435440.000000 0.854746 0.994635 0.000000 0 
1309440.000000 0.912046 1309440.000000 0.912046 0.976603 0.000000 0 
1366560.000000 0.873077 1366560.000000 0.873077 0.991798 0.000000 0 
1447920.000000 0.850604 1447920.000000 0.850604 0.998217 0.000000 0 
1424880.000000 0.855214 1424880.000000 0.855214 0.993856 0.000000 0 
1602480.000000 0.821319 1602480.000000 0.821319 0.978136 0.000000 0 
1593360.000000 0.822721 1593360.000000 0.822721 0.997095 0.000000 0 
1663680.000000 0.811595 1663680.000000 0.811595 0.998404 0.000000 0 
1272000.000000 0.922705 1272000.000000 0.922705 0.994134 0.000000 0 
1704960.000000 0.808899 1704960.000000 0.808899 0.998796 0.000000 0 
1304640.000000 0.917121 1304640.000000 0.917121 0.991897 0.000000 0 
1170720.000000 1.142157 1170720.000000 1.142157 0.995053 0.000000 0 
1442640.000000 0.853290 1442640.000000 0.853290 0.995487 0.000000 0 
1317360.000000 0.907635 1317360.000000 0.907635 0.983296 0.000000 0 
1874160.000000 0.797670 1874160.000000 0.797670 0.995962 0.000000 0 
1272000.000000 0.922705 1272000.000000 0.922705 0.994134 0.000000 0 
1717200.000000 0.806509 1717200.000000 0.806509 0.986473 0.000000 0 
1514640.000000 0.831455 1514640.000000 0.831455 0.996847 0.000000 0 
1419120.000000 0.857366 1419120.000000 0.857366 0.988050 0.000000 0 
1412640.000000 0.858875 1412640.000000 0.858875 0.998900 0.000000 0 
1562640.000000 0.826420 1562640.000000 0.826420 0.995830 0.000000 0 
1476240.000000 0.843308 1476240.000000 0.843308 0.989590 0.000000 0 
1502160.000000 0.836313 1502160.000000 0.836313 0.996078 0.000000 0 
1295760.000000 0.921405 1295760.000000 0.921405 0.988474 0.000000 0 
1722240.000000 0.805400 1722240.000000 0.805400 0.998012 0.000000 0 
1707360.000000 0.807356 1707360.000000 0.807356 0.998353 0.000000 0 
1493040.000000 0.840511 1493040.000000 0.840511 0.992635 0.000000 0 
1667520.000000 0.811027 1667520.000000 0.811027 0.988817 0.000000 0 
1779840.000000 0.801097 1779840.000000 0.801097 0.993519 0.000000 0 
1495920.000000 0.838689 1495920.000000 0.838689 0.993685 0.000000 0 
1877040.000000 0.797503 1877040.000000 0.797503 0.992386 0.000000 0 
1300080.000000 0.918663 1300080.000000 0.918663 0.979088 0.000000 0 
1768800.000000 0.801186 1768800.000000 0.801186 0.998317 0.000000 0 
1582080.000000 0.823239 1582080.000000 0.823239 0.997208 0.000000 0 
1606800.000000 0.818408 1606800.000000 0.818408 0.997803 0.000000 0 
1531200.000000 0.827966 1531200.000000 0.827966 0.998088 0.000000 0 
1312080.000000 0.907776 1312080.000000 0.907776 0.984592 0.000000 0 
1363440.000000 0.875302 1363440.000000 0.875302 0.987219 0.000000 0 
1642320.000000 0.813387 1642320.000000 0.813387 0.984157 0.000000 0 
1249200.000000 0.950339 1249200.000000 0.950339 0.977980 0.000000 0 
1512960.000000 0.835535 1512960.000000 0.835535 0.987085 0.000000 0 
1585200.000000 0.822818 1585200.000000 0.822818 0.986923 0.000000 0 
1507920.000000 0.835697 1507920.000000 0.835697 0.987260 0.000000 0 
1730880.000000 0.805130 1730880.000000 0.805130 0.997449 0.000000 0 
1639200.000000 0.814097 1639200.000000 0.814097 0.987609 0.000000 0 
1774800.000000 0.801101 1774800.000000 0.801101 0.994367 0.000000 0 
#Generacion: 2000 
#Distancia: 304.815758 
1109520.000000 1.347825 1109520.000000 1.347825 0.997810 0.000000 0 
1839120.000000 0.788964 1839120.000000 0.788964 0.989730 0.000000 0 
1109520.000000 1.347825 1109520.000000 1.347825 0.997810 0.000000 0 
1112880.000000 1.081877 1112880.000000 1.081877 0.997707 0.000000 0 
1170240.000000 1.016935 1170240.000000 1.016935 0.988041 0.000000 0 
1463280.000000 0.837535 1463280.000000 0.837535 0.996206 0.000000 0 
1801200.000000 0.790003 1801200.000000 0.790003 0.999932 0.000000 0 
1131360.000000 1.075060 1131360.000000 1.075060 0.995706 0.000000 0 
1133520.000000 1.034284 1133520.000000 1.034284 0.989528 0.000000 0 
1184880.000000 0.988330 1184880.000000 0.988330 0.997650 0.000000 0 
1444800.000000 0.848038 1444800.000000 0.848038 0.998807 0.000000 0 
1494480.000000 0.835569 1494480.000000 0.835569 0.998823 0.000000 0 
1307760.000000 0.891302 1307760.000000 0.891302 0.997534 0.000000 0 
1724880.000000 0.795280 1724880.000000 0.795280 0.981791 0.000000 0 
1555920.000000 0.815943 1555920.000000 0.815943 0.983008 0.000000 0 
1317360.000000 0.890652 1317360.000000 0.890652 0.997356 0.000000 0 
1240560.000000 0.953118 1240560.000000 0.953118 0.987283 0.000000 0 
1668480.000000 0.801379 1668480.000000 0.801379 0.981571 0.000000 0 
1781040.000000 0.791543 1781040.000000 0.791543 0.980497 0.000000 0 
1325520.000000 0.878923 1325520.000000 0.878923 0.996134 0.000000 0 
1552560.000000 0.823054 1552560.000000 0.823054 0.976415 0.000000 0 
1386720.000000 0.859578 1386720.000000 0.859578 0.997526 0.000000 0 
1644720.000000 0.803541 1644720.000000 0.803541 0.982885 0.000000 0 
1350480.000000 0.873677 1350480.000000 0.873677 0.993688 0.000000 0 
1299840.000000 0.905967 1299840.000000 0.905967 0.996338 0.000000 0 
1661760.000000 0.801583 1661760.000000 0.801583 0.981456 0.000000 0 
1629360.000000 0.804631 1629360.000000 0.804631 0.993330 0.000000 0 
1217280.000000 0.959214 1217280.000000 0.959214 0.994756 0.000000 0 
1705920.000000 0.796545 1705920.000000 0.796545 0.996670 0.000000 0 
1414800.000000 0.854626 1414800.000000 0.854626 0.993757 0.000000 0 
1404960.000000 0.859390 1404960.000000 0.859390 0.998539 0.000000 0 
1246560.000000 0.940537 1246560.000000 0.940537 0.999660 0.000000 0 
1259280.000000 0.932910 1259280.000000 0.932910 0.985777 0.000000 0 
1266720.000000 0.921050 1266720.000000 0.921050 0.985799 0.000000 0 
1189920.000000 0.987592 1189920.000000 0.987592 0.998099 0.000000 0 
1296240.000000 0.910713 1296240.000000 0.910713 0.984196 0.000000 0 
1278480.000000 0.916896 1278480.000000 0.916896 0.980947 0.000000 0 
1204320.000000 0.984805 1204320.000000 0.984805 0.999392 0.000000 0 
1366560.000000 0.873077 1366560.000000 0.873077 0.991798 0.000000 0 
1537200.000000 0.823498 1537200.000000 0.823498 0.999785 0.000000 0 
1137120.000000 1.033952 1137120.000000 1.033952 0.990183 0.000000 0 
1762800.000000 0.793163 1762800.000000 0.793163 0.987567 0.000000 0 
1688640.000000 0.799210 1688640.000000 0.799210 0.978237 0.000000 0 
1260240.000000 0.921443 1260240.000000 0.921443 0.994541 0.000000 0 
1739760.000000 0.795071 1739760.000000 0.795071 0.986241 0.000000 0 
1213680.000000 0.973103 1213680.000000 0.973103 0.992324 0.000000 0 
1164240.000000 1.028785 1164240.000000 1.028785 0.999846 0.000000 0 
1575840.000000 0.814851 1575840.000000 0.814851 0.976618 0.000000 0 
1530960.000000 0.824354 1530960.000000 0.824354 0.994229 0.000000 0 
1252560.000000 0.934147 1252560.000000 0.934147 0.986357 0.000000 0 
1221360.000000 0.959133 1221360.000000 0.959133 0.987601 0.000000 0 
1287120.000000 0.914550 1287120.000000 0.914550 0.981401 0.000000 0 
1211040.000000 0.981917 1211040.000000 0.981917 0.998768 0.000000 0 
1155360.000000 1.033263 1155360.000000 1.033263 0.998956 0.000000 0 
1344240.000000 0.876758 1344240.000000 0.876758 0.991072 0.000000 0 
1233840.000000 0.956359 1233840.000000 0.956359 0.995480 0.000000 0 
1751280.000000 0.794192 1751280.000000 0.794192 0.986786 0.000000 0 
1614960.000000 0.807068 1614960.000000 0.807068 0.991537 0.000000 0 
1596960.000000 0.812697 1596960.000000 0.812697 0.983955 0.000000 0 
1604640.000000 0.807279 1604640.000000 0.807279 0.981673 0.000000 0 
1122720.000000 1.080441 1122720.000000 1.080441 0.997251 0.000000 0 
1701120.000000 0.797575 1701120.000000 0.797575 0.981002 0.000000 0 
1384800.000000 0.865486 1384800.000000 0.865486 0.985648 0.000000 0 
1405920.000000 0.855381 1405920.000000 0.855381 0.997952 0.000000 0 
1127280.000000 1.075679 1127280.000000 1.075679 0.996363 0.000000 0 
1337280.000000 0.878073 1337280.000000 0.878073 0.993125 0.000000 0 
1512960.000000 0.831402 1512960.000000 0.831402 0.998387 0.000000 0 
1428960.000000 0.853920 1428960.000000 0.853920 0.994550 0.000000 0 
1374240.000000 0.868346 1374240.000000 0.868346 0.985095 0.000000 0 
1586160.000000 0.814471 1586160.000000 0.814471 0.979196 0.000000 0 
1601520.000000 0.809971 1601520.000000 0.809971 0.981391 0.000000 0 
1155360.000000 1.033263 1155360.000000 1.033263 0.998956 0.000000 0 
1164240.000000 1.028785 1164240.000000 1.028785 0.999846 0.000000 0 
1688640.000000 0.799210 1688640.000000 0.799210 0.978237 0.000000 0 
1504800.000000 0.833355 1504800.000000 0.833355 0.980967 0.000000 0 
1248000.000000 0.940115 1248000.000000 0.940115 0.983375 0.000000 0 
1380240.000000 0.867125 1380240.000000 0.867125 0.988794 0.000000 0 
1213680.000000 0.973103 1213680.000000 0.973103 0.992324 0.000000 0 
1521120.000000 0.827478 1521120.000000 0.827478 0.983912 0.000000 0 
1370640.000000 0.871188 1370640.000000 0.871188 0.988710 0.000000 0 
1435440.000000 0.851268 1435440.000000 0.851268 0.994436 0.000000 0 
1521120.000000 0.827478 1521120.000000 0.827478 0.983912 0.000000 0 
1500960.000000 0.834634 1500960.000000 0.834634 0.998530 0.000000 0 
1588320.000000 0.813062 1588320.000000 0.813062 0.976100 0.000000 0 
1331280.000000 0.878744 1331280.000000 0.878744 0.992865 0.000000 0 
1746480.000000 0.794505 1746480.000000 0.794505 0.980382 0.000000 0 
1772160.000000 0.792484 1772160.000000 0.792484 0.998819 0.000000 0 
1118640.000000 1.081696 1118640.000000 1.081696 0.997892 0.000000 0 
1282560.000000 0.915135 1282560.000000 0.915135 0.989397 0.000000 0 
1234800.000000 0.955389 1234800.000000 0.955389 0.999925 0.000000 0 
1575840.000000 0.814851 1575840.000000 0.814851 0.976618 0.000000 0 
1511760.000000 0.831863 1511760.000000 0.831863 0.986126 0.000000 0 
1614960.000000 0.807068 1614960.000000 0.807068 0.991537 0.000000 0 
1209360.000000 0.984496 1209360.000000 0.984496 0.991071 0.000000 0 
1773360.000000 0.791597 1773360.000000 0.791597 0.998870 0.000000 0 
1428960.000000 0.853920 1428960.000000 0.853920 0.994550 0.000000 0 
1435440.000000 0.851268 1435440.000000 0.851268 0.994436 0.000000 0 
1299840.000000 0.905967 1299840.000000 0.905967 0.996338 0.000000 0 
1637280.000000 0.803813 1637280.000000 0.803813 0.982441 0.000000 0 
1637280.000000 0.803813 1637280.000000 0.803813 0.982441 0.000000 0 
#Generacion: 2500 
#Distancia: 280.925354 
1077600.000000 1.261417 1077600.000000 1.261417 0.987673 0.000000 0 
1966080.000000 0.781160 1966080.000000 0.781160 0.994911 0.000000 0 
1077600.000000 1.261417 1077600.000000 1.261417 0.987673 0.000000 0 
1097040.000000 1.066851 1097040.000000 1.066851 0.996916 0.000000 0 
1092960.000000 1.256361 1092960.000000 1.256361 0.987790 0.000000 0 
1864080.000000 0.784702 1864080.000000 0.784702 0.993421 0.000000 0 
1948560.000000 0.784596 1948560.000000 0.784596 0.983929 0.000000 0 
1165680.000000 0.990730 1165680.000000 0.990730 0.989710 0.000000 0 
1167600.000000 0.967647 1167600.000000 0.967647 0.995167 0.000000 0 
1300320.000000 0.888003 1300320.000000 0.888003 0.996211 0.000000 0 
1292640.000000 0.902442 1292640.000000 0.902442 0.989373 0.000000 0 
1104960.000000 1.057653 1104960.000000 1.057653 0.999461 0.000000 0 
1113600.000000 1.042048 1113600.000000 1.042048 0.996699 0.000000 0 
1331520.000000 0.876234 1331520.000000 0.876234 0.979317 0.000000 0 
1245360.000000 0.926510 1245360.000000 0.926510 0.989637 0.000000 0 
1485360.000000 0.831489 1485360.000000 0.831489 0.996752 0.000000 0 
1347600.000000 0.870676 1347600.000000 0.870676 0.998017 0.000000 0 
1203600.000000 0.952914 1203600.000000 0.952914 0.994024 0.000000 0 
1212720.000000 0.945958 1212720.000000 0.945958 0.994122 0.000000 0 
1145280.000000 1.012882 1145280.000000 1.012882 0.988572 0.000000 0 
1792560.000000 0.789498 1792560.000000 0.789498 0.986438 0.000000 0 
1684800.000000 0.797412 1684800.000000 0.797412 0.998110 0.000000 0 
1506000.000000 0.830980 1506000.000000 0.830980 0.986422 0.000000 0 
1838160.000000 0.785187 1838160.000000 0.785187 0.993922 0.000000 0 
1371360.000000 0.861675 1371360.000000 0.861675 0.996386 0.000000 0 
1470000.000000 0.832603 1470000.000000 0.832603 0.998241 0.000000 0 
1555920.000000 0.815943 1555920.000000 0.815943 0.983008 0.000000 0 
1575840.000000 0.814851 1575840.000000 0.814851 0.976618 0.000000 0 
1124640.000000 1.025968 1124640.000000 1.025968 0.991679 0.000000 0 
1806240.000000 0.788514 1806240.000000 0.788514 0.990972 0.000000 0 
1820160.000000 0.787612 1820160.000000 0.787612 0.991123 0.000000 0 
1179360.000000 0.966482 1179360.000000 0.966482 0.988808 0.000000 0 
1719840.000000 0.796208 1719840.000000 0.796208 0.984032 0.000000 0 
1430640.000000 0.842617 1430640.000000 0.842617 0.998565 0.000000 0 
1733520.000000 0.794988 1733520.000000 0.794988 0.994543 0.000000 0 
1284960.000000 0.906442 1284960.000000 0.906442 0.997186 0.000000 0 
1320960.000000 0.878180 1320960.000000 0.878180 0.995067 0.000000 0 
1773840.000000 0.790293 1773840.000000 0.790293 0.984467 0.000000 0 
1236240.000000 0.933729 1236240.000000 0.933729 0.997761 0.000000 0 
1358880.000000 0.866418 1358880.000000 0.866418 0.994932 0.000000 0 
1424160.000000 0.849719 1424160.000000 0.849719 0.992340 0.000000 0 
1463280.000000 0.837535 1463280.000000 0.837535 0.996206 0.000000 0 
1138560.000000 1.023581 1138560.000000 1.023581 0.992826 0.000000 0 
1264800.000000 0.913455 1264800.000000 0.913455 0.971045 0.000000 0 
1276320.000000 0.909436 1276320.000000 0.909436 0.995395 0.000000 0 
1395360.000000 0.857680 1395360.000000 0.857680 0.995048 0.000000 0 
1530960.000000 0.824354 1530960.000000 0.824354 0.994229 0.000000 0 
1655280.000000 0.803222 1655280.000000 0.803222 0.982939 0.000000 0 
1143600.000000 1.021345 1143600.000000 1.021345 0.997160 0.000000 0 
1146240.000000 1.003287 1146240.000000 1.003287 0.997253 0.000000 0 
1184880.000000 0.960385 1184880.000000 0.960385 0.994473 0.000000 0 
1665840.000000 0.801066 1665840.000000 0.801066 0.996917 0.000000 0 
1601520.000000 0.809971 1601520.000000 0.809971 0.981391 0.000000 0 
1261920.000000 0.923351 1261920.000000 0.923351 0.995768 0.000000 0 
1674480.000000 0.799591 1674480.000000 0.799591 0.998054 0.000000 0 
1223280.000000 0.943447 1223280.000000 0.943447 0.998559 0.000000 0 
1405920.000000 0.855381 1405920.000000 0.855381 0.997952 0.000000 0 
1225440.000000 0.939096 1225440.000000 0.939096 0.985968 0.000000 0 
1099920.000000 1.058807 1099920.000000 1.058807 0.998630 0.000000 0 
1513680.000000 0.825318 1513680.000000 0.825318 0.976474 0.000000 0 
1089120.000000 1.260701 1089120.000000 1.260701 0.995298 0.000000 0 
1152960.000000 1.002926 1152960.000000 1.002926 0.996339 0.000000 0 
1635120.000000 0.804244 1635120.000000 0.804244 0.982273 0.000000 0 
1315200.000000 0.887454 1315200.000000 0.887454 0.990683 0.000000 0 
1950720.000000 0.781819 1950720.000000 0.781819 0.997068 0.000000 0 
1116000.000000 1.032185 1116000.000000 1.032185 0.993026 0.000000 0 
1588320.000000 0.812457 1588320.000000 0.812457 0.975950 0.000000 0 
1196880.000000 0.957903 1196880.000000 0.957903 0.990957 0.000000 0 
1623600.000000 0.805836 1623600.000000 0.805836 0.979159 0.000000 0 
1320480.000000 0.885971 1320480.000000 0.885971 0.996237 0.000000 0 
1704720.000000 0.796745 1704720.000000 0.796745 0.991879 0.000000 0 
1537200.000000 0.823498 1537200.000000 0.823498 0.999785 0.000000 0 
1834560.000000 0.787078 1834560.000000 0.787078 0.995981 0.000000 0 
1258560.000000 0.924069 1258560.000000 0.924069 0.985096 0.000000 0 
1643760.000000 0.803521 1643760.000000 0.803521 0.982946 0.000000 0 
1453200.000000 0.838528 1453200.000000 0.838528 0.995047 0.000000 0 
1548960.000000 0.821861 1548960.000000 0.821861 0.982076 0.000000 0 
1616160.000000 0.806585 1616160.000000 0.806585 0.980555 0.000000 0 
1746480.000000 0.794505 1746480.000000 0.794505 0.980382 0.000000 0 
1155120.000000 0.994770 1155120.000000 0.994770 0.996996 0.000000 0 
1604640.000000 0.807279 1604640.000000 0.807279 0.981673 0.000000 0 
1231200.000000 0.934217 1231200.000000 0.934217 0.993141 0.000000 0 
1115040.000000 1.041075 1115040.000000 1.041075 0.998328 0.000000 0 
1414800.000000 0.854626 1414800.000000 0.854626 0.993757 0.000000 0 
1436880.000000 0.840364 1436880.000000 0.840364 0.995718 0.000000 0 
1121040.000000 1.031423 1121040.000000 1.031423 0.993183 0.000000 0 
1443600.000000 0.838685 1443600.000000 0.838685 0.994916 0.000000 0 
1380000.000000 0.859631 1380000.000000 0.859631 0.992305 0.000000 0 
1762800.000000 0.793163 1762800.000000 0.793163 0.987567 0.000000 0 
1356000.000000 0.868713 1356000.000000 0.868713 0.999001 0.000000 0 
1386720.000000 0.859578 1386720.000000 0.859578 0.997526 0.000000 0 
1269840.000000 0.912912 1269840.000000 0.912912 0.970764 0.000000 0 
1752960.000000 0.793947 1752960.000000 0.793947 0.980751 0.000000 0 
1423680.000000 0.853967 1423680.000000 0.853967 0.987850 0.000000 0 
1512480.000000 0.827776 1512480.000000 0.827776 0.996796 0.000000 0 
1155840.000000 0.992987 1155840.000000 0.992987 0.986812 0.000000 0 
1553520.000000 0.820618 1553520.000000 0.820618 0.982972 0.000000 0 
1586160.000000 0.814471 1586160.000000 0.814471 0.979196 0.000000 0 
1193280.000000 0.959957 1193280.000000 0.959957 0.992052 0.000000 0 
1767600.000000 0.791474 1767600.000000 0.791474 0.982493 0.000000 0 
#Generacion: 3000 
#Distancia: 294.894747 
1983600.000000 0.778881 1983600.000000 0.778881 0.989711 0.000000 0 
1039200.000000 1.336436 1039200.000000 1.336436 0.990221 0.000000 0 
1073040.000000 1.073595 1073040.000000 1.073595 0.990579 0.000000 0 
1072080.000000 1.160390 1072080.000000 1.160390 0.999088 0.000000 0 
1042320.000000 1.283100 1042320.000000 1.283100 0.992925 0.000000 0 
1065360.000000 1.204212 1065360.000000 1.204212 0.994100 0.000000 0 
1068240.000000 1.190161 1068240.000000 1.190161 0.992105 0.000000 0 
1786560.000000 0.786738 1786560.000000 0.786738 0.995322 0.000000 0 
1061520.000000 1.239759 1061520.000000 1.239759 0.995164 0.000000 0 
1833360.000000 0.784611 1833360.000000 0.784611 0.997455 0.000000 0 
1061520.000000 1.239759 1061520.000000 1.239759 0.995164 0.000000 0 
1133280.000000 1.015155 1133280.000000 1.015155 0.984944 0.000000 0 
1284240.000000 0.894240 1284240.000000 0.894240 0.999824 0.000000 0 
1136160.000000 0.986994 1136160.000000 0.986994 0.989389 0.000000 0 
1072080.000000 1.160390 1072080.000000 1.160390 0.999088 0.000000 0 
1274640.000000 0.908899 1274640.000000 0.908899 0.991642 0.000000 0 
1085760.000000 1.063017 1085760.000000 1.063017 0.992719 0.000000 0 
1350480.000000 0.865088 1350480.000000 0.865088 0.995270 0.000000 0 
1733520.000000 0.794988 1733520.000000 0.794988 0.994543 0.000000 0 
1110240.000000 1.026253 1110240.000000 1.026253 0.989099 0.000000 0 
1208400.000000 0.944962 1208400.000000 0.944962 0.997682 0.000000 0 
1950720.000000 0.781220 1950720.000000 0.781220 0.994169 0.000000 0 
1393680.000000 0.852209 1393680.000000 0.852209 0.992389 0.000000 0 
1300320.000000 0.888003 1300320.000000 0.888003 0.996211 0.000000 0 
1596240.000000 0.810100 1596240.000000 0.810100 0.990680 0.000000 0 
1616160.000000 0.806585 1616160.000000 0.806585 0.980555 0.000000 0 
1963200.000000 0.779760 1963200.000000 0.779760 0.993916 0.000000 0 
1925280.000000 0.781461 1925280.000000 0.781461 0.987129 0.000000 0 
1264800.000000 0.913455 1264800.000000 0.913455 0.971045 0.000000 0 
1774080.000000 0.789448 1774080.000000 0.789448 0.994670 0.000000 0 
1369200.000000 0.860200 1369200.000000 0.860200 0.991721 0.000000 0 
1419360.000000 0.849163 1419360.000000 0.849163 0.994756 0.000000 0 
1759920.000000 0.791945 1759920.000000 0.791945 0.990403 0.000000 0 
1203600.000000 0.952914 1203600.000000 0.952914 0.994024 0.000000 0 
1877280.000000 0.783849 1877280.000000 0.783849 0.984438 0.000000 0 
1706880.000000 0.795434 1706880.000000 0.795434 0.992845 0.000000 0 
1109520.000000 1.033090 1109520.000000 1.033090 0.998078 0.000000 0 
1898400.000000 0.781562 1898400.000000 0.781562 0.991774 0.000000 0 
1641840.000000 0.803392 1641840.000000 0.803392 0.979988 0.000000 0 
1684800.000000 0.797412 1684800.000000 0.797412 0.998110 0.000000 0 
1533600.000000 0.820580 1533600.000000 0.820580 0.997023 0.000000 0 
1503600.000000 0.826461 1503600.000000 0.826461 0.999358 0.000000 0 
1745280.000000 0.792886 1745280.000000 0.792886 0.990799 0.000000 0 
1190880.000000 0.955054 1190880.000000 0.955054 0.992677 0.000000 0 
1256640.000000 0.919222 1256640.000000 0.919222 0.994177 0.000000 0 
1627200.000000 0.805866 1627200.000000 0.805866 0.977271 0.000000 0 
1490880.000000 0.827325 1490880.000000 0.827325 0.996307 0.000000 0 
1123920.000000 1.016490 1123920.000000 1.016490 0.987794 0.000000 0 
1555920.000000 0.815924 1555920.000000 0.815924 0.982775 0.000000 0 
1102080.000000 1.048287 1102080.000000 1.048287 0.988544 0.000000 0 
1481520.000000 0.831496 1481520.000000 0.831496 0.991568 0.000000 0 
1384080.000000 0.852299 1384080.000000 0.852299 0.992087 0.000000 0 
1851360.000000 0.783895 1851360.000000 0.783895 0.998457 0.000000 0 
1212240.000000 0.933636 1212240.000000 0.933636 0.994369 0.000000 0 
1584480.000000 0.810665 1584480.000000 0.810665 0.998255 0.000000 0 
1456320.000000 0.837395 1456320.000000 0.837395 0.994862 0.000000 0 
1161120.000000 0.975621 1161120.000000 0.975621 0.998445 0.000000 0 
1375200.000000 0.858848 1375200.000000 0.858848 0.997081 0.000000 0 
1430640.000000 0.842617 1430640.000000 0.842617 0.998565 0.000000 0 
1229760.000000 0.931285 1229760.000000 0.931285 0.991233 0.000000 0 
1342560.000000 0.870513 1342560.000000 0.870513 0.994620 0.000000 0 
1320960.000000 0.878180 1320960.000000 0.878180 0.995067 0.000000 0 
1915680.000000 0.781518 1915680.000000 0.781518 0.986940 0.000000 0 
1655760.000000 0.802719 1655760.000000 0.802719 0.974822 0.000000 0 
1674480.000000 0.799591 1674480.000000 0.799591 0.998054 0.000000 0 
1141200.000000 0.985729 1141200.000000 0.985729 0.988119 0.000000 0 
1042320.000000 1.283100 1042320.000000 1.283100 0.992925 0.000000 0 
1701360.000000 0.796205 1701360.000000 0.796205 0.981577 0.000000 0 
1309680.000000 0.879349 1309680.000000 0.879349 0.999341 0.000000 0 
1883040.000000 0.782294 1883040.000000 0.782294 0.993962 0.000000 0 
1443600.000000 0.838685 1443600.000000 0.838685 0.994916 0.000000 0 
1184880.000000 0.960385 1184880.000000 0.960385 0.994473 0.000000 0 
1331520.000000 0.876234 1331520.000000 0.876234 0.979317 0.000000 0 
1308960.000000 0.885910 1308960.000000 0.885910 0.995668 0.000000 0 
1667280.000000 0.802686 1667280.000000 0.802686 0.974745 0.000000 0 
1237440.000000 0.928209 1237440.000000 0.928209 0.998325 0.000000 0 
1254960.000000 0.926131 1254960.000000 0.926131 0.988948 0.000000 0 
1097280.000000 1.056456 1097280.000000 1.056456 0.990132 0.000000 0 
1093200.000000 1.056950 1093200.000000 1.056950 0.991995 0.000000 0 
1519440.000000 0.824248 1519440.000000 0.824248 0.996731 0.000000 0 
1420560.000000 0.847352 1420560.000000 0.847352 0.994928 0.000000 0 
1463280.000000 0.833528 1463280.000000 0.833528 0.994104 0.000000 0 
1573200.000000 0.815621 1573200.000000 0.815621 0.993250 0.000000 0 
1470000.000000 0.832603 1470000.000000 0.832603 0.998241 0.000000 0 
1217280.000000 0.932882 1217280.000000 0.932882 0.992368 0.000000 0 
1245360.000000 0.926510 1245360.000000 0.926510 0.989637 0.000000 0 
1339440.000000 0.874799 1339440.000000 0.874799 0.974265 0.000000 0 
1174560.000000 0.965594 1174560.000000 0.965594 0.990448 0.000000 0 
1163040.000000 0.970560 1163040.000000 0.970560 0.992421 0.000000 0 
1167600.000000 0.967647 1167600.000000 0.967647 0.995167 0.000000 0 
1575840.000000 0.814851 1575840.000000 0.814851 0.976618 0.000000 0 
1436880.000000 0.840364 1436880.000000 0.840364 0.995718 0.000000 0 
1518960.000000 0.825157 1518960.000000 0.825157 0.998573 0.000000 0 
1848720.000000 0.784392 1848720.000000 0.784392 0.993315 0.000000 0 
1156560.000000 0.983469 1156560.000000 0.983469 0.991763 0.000000 0 
1180560.000000 0.963263 1180560.000000 0.963263 0.994063 0.000000 0 
1549680.000000 0.819412 1549680.000000 0.819412 0.988000 0.000000 0 
1545120.000000 0.820478 1545120.000000 0.820478 0.970620 0.000000 0 
1047360.000000 1.266704 1047360.000000 1.266704 0.992974 0.000000 0 
1103520.000000 1.033106 1103520.000000 1.033106 0.996535 0.000000 0 
#Generacion: 3500 
#Distancia: 313.663131 
2020560.000000 0.777084 2020560.000000 0.777084 0.993194 0.000000 0 
1021680.000000 1.298884 1021680.000000 1.298884 0.991675 0.000000 0 
1037760.000000 1.205771 1037760.000000 1.205771 0.992843 0.000000 0 
1071360.000000 1.081524 1071360.000000 1.081524 0.990138 0.000000 0 
1032720.000000 1.276175 1032720.000000 1.276175 0.993358 0.000000 0 
1069920.000000 1.153738 1069920.000000 1.153738 0.983567 0.000000 0 
1120320.000000 1.000168 1120320.000000 1.000168 0.995949 0.000000 0 
1132800.000000 0.975350 1132800.000000 0.975350 0.999191 0.000000 0 
1932240.000000 0.778371 1932240.000000 0.778371 0.995685 0.000000 0 
1064880.000000 1.171828 1064880.000000 1.171828 0.990557 0.000000 0 
1027680.000000 1.292081 1027680.000000 1.292081 0.993337 0.000000 0 
1108080.000000 1.020314 1108080.000000 1.020314 0.991812 0.000000 0 
1259760.000000 0.907772 1259760.000000 0.907772 0.994295 0.000000 0 
1110960.000000 1.005639 1110960.000000 1.005639 0.996228 0.000000 0 
1275120.000000 0.906243 1275120.000000 0.906243 0.994422 0.000000 0 
1057440.000000 1.191260 1057440.000000 1.191260 0.991963 0.000000 0 
1248960.000000 0.919644 1248960.000000 0.919644 0.993560 0.000000 0 
1972560.000000 0.777205 1972560.000000 0.777205 0.999319 0.000000 0 
1178880.000000 0.937628 1178880.000000 0.937628 0.996922 0.000000 0 
1091040.000000 1.053106 1091040.000000 1.053106 0.996514 0.000000 0 
1503600.000000 0.826461 1503600.000000 0.826461 0.999358 0.000000 0 
1058400.000000 1.191012 1058400.000000 1.191012 0.991823 0.000000 0 
1099440.000000 1.026859 1099440.000000 1.026859 0.999962 0.000000 0 
1972560.000000 0.777205 1972560.000000 0.777205 0.999319 0.000000 0 
1173360.000000 0.951744 1173360.000000 0.951744 0.995378 0.000000 0 
1542480.000000 0.816646 1542480.000000 0.816646 0.983275 0.000000 0 
1815840.000000 0.785379 1815840.000000 0.785379 0.998495 0.000000 0 
1159200.000000 0.962690 1159200.000000 0.962690 0.990577 0.000000 0 
1912320.000000 0.778750 1912320.000000 0.778750 0.988018 0.000000 0 
1654800.000000 0.800835 1654800.000000 0.800835 0.977471 0.000000 0 
1069680.000000 1.168242 1069680.000000 1.168242 0.992109 0.000000 0 
1614000.000000 0.809110 1614000.000000 0.809110 0.977450 0.000000 0 
1627200.000000 0.805866 1627200.000000 0.805866 0.977271 0.000000 0 
1515840.000000 0.820864 1515840.000000 0.820864 0.972157 0.000000 0 
1284240.000000 0.894240 1284240.000000 0.894240 0.999824 0.000000 0 
1841280.000000 0.784197 1841280.000000 0.784197 0.998250 0.000000 0 
1231440.000000 0.928960 1231440.000000 0.928960 0.993655 0.000000 0 
1641840.000000 0.803392 1641840.000000 0.803392 0.979988 0.000000 0 
1873920.000000 0.782207 1873920.000000 0.782207 0.986172 0.000000 0 
1674480.000000 0.799591 1674480.000000 0.799591 0.998054 0.000000 0 
1850640.000000 0.783708 1850640.000000 0.783708 0.999178 0.000000 0 
1741680.000000 0.792473 1741680.000000 0.792473 0.978704 0.000000 0 
1220880.000000 0.932770 1220880.000000 0.932770 0.990438 0.000000 0 
1092240.000000 1.037197 1092240.000000 1.037197 0.992732 0.000000 0 
1204800.000000 0.933853 1204800.000000 0.933853 0.994588 0.000000 0 
1439760.000000 0.839416 1439760.000000 0.839416 0.996544 0.000000 0 
1032720.000000 1.276175 1032720.000000 1.276175 0.993358 0.000000 0 
1242000.000000 0.923997 1242000.000000 0.923997 0.997691 0.000000 0 
1166640.000000 0.953234 1166640.000000 0.953234 0.996614 0.000000 0 
1456320.000000 0.837395 1456320.000000 0.837395 0.994862 0.000000 0 
1530000.000000 0.820067 1530000.000000 0.820067 0.987117 0.000000 0 
1430640.000000 0.842617 1430640.000000 0.842617 0.998565 0.000000 0 
1898400.000000 0.781562 1898400.000000 0.781562 0.991774 0.000000 0 
1078080.000000 1.054042 1078080.000000 1.054042 0.994899 0.000000 0 
1072320.000000 1.073566 1072320.000000 1.073566 0.993232 0.000000 0 
1399680.000000 0.847812 1399680.000000 0.847812 0.992806 0.000000 0 
1191360.000000 0.936088 1191360.000000 0.936088 0.995533 0.000000 0 
1359840.000000 0.863631 1359840.000000 0.863631 0.993620 0.000000 0 
1596240.000000 0.810100 1596240.000000 0.810100 0.990680 0.000000 0 
1379280.000000 0.862896 1379280.000000 0.862896 0.987875 0.000000 0 
1309680.000000 0.879349 1309680.000000 0.879349 0.999341 0.000000 0 
1761840.000000 0.789307 1761840.000000 0.789307 0.990087 0.000000 0 
1804800.000000 0.786433 1804800.000000 0.786433 0.996538 0.000000 0 
1470000.000000 0.833370 1470000.000000 0.833370 0.994261 0.000000 0 
1784160.000000 0.788911 1784160.000000 0.788911 0.991227 0.000000 0 
1583280.000000 0.815251 1583280.000000 0.815251 0.987798 0.000000 0 
1337040.000000 0.872479 1337040.000000 0.872479 0.999789 0.000000 0 
1726080.000000 0.793681 1726080.000000 0.793681 0.986808 0.000000 0 
1300320.000000 0.887824 1300320.000000 0.887824 0.999003 0.000000 0 
1320960.000000 0.878180 1320960.000000 0.878180 0.995067 0.000000 0 
1393680.000000 0.851831 1393680.000000 0.851831 0.992686 0.000000 0 
1289760.000000 0.893728 1289760.000000 0.893728 0.997418 0.000000 0 
1069920.000000 1.153738 1069920.000000 1.153738 0.983567 0.000000 0 
1150320.000000 0.965668 1150320.000000 0.965668 0.995921 0.000000 0 
1343760.000000 0.866531 1343760.000000 0.866531 0.995544 0.000000 0 
1706880.000000 0.795434 1706880.000000 0.795434 0.992845 0.000000 0 
1326480.000000 0.873117 1326480.000000 0.873117 0.999081 0.000000 0 
1096080.000000 1.037000 1096080.000000 1.037000 0.990339 0.000000 0 
1755600.000000 0.790220 1755600.000000 0.790220 0.991220 0.000000 0 
1147440.000000 0.971140 1147440.000000 0.971140 0.994179 0.000000 0 
1693440.000000 0.796889 1693440.000000 0.796889 0.994607 0.000000 0 
1884480.000000 0.781980 1884480.000000 0.781980 0.986552 0.000000 0 
1485840.000000 0.829225 1485840.000000 0.829225 0.984026 0.000000 0 
1306320.000000 0.887304 1306320.000000 0.887304 0.996054 0.000000 0 
1787280.000000 0.786574 1787280.000000 0.786574 0.998824 0.000000 0 
1684800.000000 0.797412 1684800.000000 0.797412 0.998110 0.000000 0 
1387200.000000 0.856220 1387200.000000 0.856220 0.987414 0.000000 0 
1584480.000000 0.810665 1584480.000000 0.810665 0.998255 0.000000 0 
1563120.000000 0.815528 1563120.000000 0.815528 0.987557 0.000000 0 
1138800.000000 0.973344 1138800.000000 0.973344 0.992327 0.000000 0 
1717200.000000 0.795002 1717200.000000 0.795002 0.984382 0.000000 0 
1073040.000000 1.064689 1073040.000000 1.064689 0.989678 0.000000 0 
1419600.000000 0.847734 1419600.000000 0.847734 0.989257 0.000000 0 
1350480.000000 0.865088 1350480.000000 0.865088 0.995270 0.000000 0 
1463280.000000 0.833528 1463280.000000 0.833528 0.994104 0.000000 0 
1076640.000000 1.063309 1076640.000000 1.063309 0.995491 0.000000 0 
1485840.000000 0.829225 1485840.000000 0.829225 0.984026 0.000000 0 
1420560.000000 0.847352 1420560.000000 0.847352 0.994928 0.000000 0 
1380720.000000 0.857615 1380720.000000 0.857615 0.997093 0.000000 0 
1563120.000000 0.815528 1563120.000000 0.815528 0.987557 0.000000 0 
#Generacion: 4000 
#Distancia: 321.965253 
1970880.000000 0.776403 1970880.000000 0.776403 0.984973 0.000000 0 
1007040.000000 1.312192 1007040.000000 1.312192 0.995783 0.000000 0 
1014960.000000 1.295559 1014960.000000 1.295559 0.990813 0.000000 0 
1023600.000000 1.220673 1023600.000000 1.220673 0.996143 0.000000 0 
1052640.000000 1.081174 1052640.000000 1.081174 0.988325 0.000000 0 
1047360.000000 1.129150 1047360.000000 1.129150 0.994500 0.000000 0 
1043040.000000 1.178477 1043040.000000 1.178477 0.987853 0.000000 0 
1046400.000000 1.129574 1046400.000000 1.129574 0.993850 0.000000 0 
1031520.000000 1.195431 1031520.000000 1.195431 0.992903 0.000000 0 
1030320.000000 1.219256 1030320.000000 1.219256 0.996938 0.000000 0 
1541760.000000 0.817365 1541760.000000 0.817365 0.982982 0.000000 0 
1106400.000000 1.018766 1106400.000000 1.018766 0.993335 0.000000 0 
1373280.000000 0.858580 1373280.000000 0.858580 0.990354 0.000000 0 
1725600.000000 0.793697 1725600.000000 0.793697 0.988848 0.000000 0 
1110960.000000 1.005639 1110960.000000 1.005639 0.996228 0.000000 0 
1893120.000000 0.780191 1893120.000000 0.780191 0.989160 0.000000 0 
1121760.000000 0.987140 1121760.000000 0.987140 0.996826 0.000000 0 
1120320.000000 1.000168 1120320.000000 1.000168 0.995949 0.000000 0 
1354080.000000 0.866261 1354080.000000 0.866261 0.994619 0.000000 0 
1415280.000000 0.843051 1415280.000000 0.843051 0.992850 0.000000 0 
1327440.000000 0.871348 1327440.000000 0.871348 0.985476 0.000000 0 
1694640.000000 0.794719 1694640.000000 0.794719 0.989417 0.000000 0 
1138800.000000 0.973344 1138800.000000 0.973344 0.992327 0.000000 0 
1231680.000000 0.921312 1231680.000000 0.921312 0.987040 0.000000 0 
1090800.000000 1.032367 1090800.000000 1.032367 0.992589 0.000000 0 
1456320.000000 0.837395 1456320.000000 0.837395 0.994862 0.000000 0 
1864080.000000 0.781444 1864080.000000 0.781444 0.989597 0.000000 0 
1040160.000000 1.194710 1040160.000000 1.194710 0.990533 0.000000 0 
1099440.000000 1.026859 1099440.000000 1.026859 0.999962 0.000000 0 
1205520.000000 0.925935 1205520.000000 0.925935 0.987630 0.000000 0 
1515840.000000 0.820864 1515840.000000 0.820864 0.972157 0.000000 0 
1970880.000000 0.776403 1970880.000000 0.776403 0.984973 0.000000 0 
1933440.000000 0.777195 1933440.000000 0.777195 0.990412 0.000000 0 
1253520.000000 0.903747 1253520.000000 0.903747 0.995084 0.000000 0 
1399680.000000 0.847812 1399680.000000 0.847812 0.992806 0.000000 0 
1237680.000000 0.909905 1237680.000000 0.909905 0.997046 0.000000 0 
1145280.000000 0.965524 1145280.000000 0.965524 0.998523 0.000000 0 
1641840.000000 0.803392 1641840.000000 0.803392 0.979988 0.000000 0 
1306320.000000 0.887304 1306320.000000 0.887304 0.996054 0.000000 0 
1343760.000000 0.866531 1343760.000000 0.866531 0.995544 0.000000 0 
1171200.000000 0.953086 1171200.000000 0.953086 0.994082 0.000000 0 
1172160.000000 0.939021 1172160.000000 0.939021 0.996739 0.000000 0 
1753200.000000 0.789965 1753200.000000 0.789965 0.986160 0.000000 0 
1625040.000000 0.807964 1625040.000000 0.807964 0.986134 0.000000 0 
1267920.000000 0.893072 1267920.000000 0.893072 0.999270 0.000000 0 
1654800.000000 0.800690 1654800.000000 0.800690 0.976348 0.000000 0 
1858560.000000 0.783378 1858560.000000 0.783378 0.988403 0.000000 0 
1738320.000000 0.792234 1738320.000000 0.792234 0.994985 0.000000 0 
1817760.000000 0.785083 1817760.000000 0.785083 0.987539 0.000000 0 
1260000.000000 0.894968 1260000.000000 0.894968 0.999240 0.000000 0 
1467360.000000 0.832789 1467360.000000 0.832789 0.986415 0.000000 0 
1576320.000000 0.812177 1576320.000000 0.812177 0.976768 0.000000 0 
1555440.000000 0.815231 1555440.000000 0.815231 0.976283 0.000000 0 
1596480.000000 0.808154 1596480.000000 0.808154 0.976302 0.000000 0 
1804800.000000 0.786433 1804800.000000 0.786433 0.996538 0.000000 0 
1768320.000000 0.789265 1768320.000000 0.789265 0.990431 0.000000 0 
1439280.000000 0.839838 1439280.000000 0.839838 0.996130 0.000000 0 
1313760.000000 0.873764 1313760.000000 0.873764 0.984221 0.000000 0 
1042080.000000 1.178907 1042080.000000 1.178907 0.990695 0.000000 0 
1065360.000000 1.073209 1065360.000000 1.073209 0.990965 0.000000 0 
1388640.000000 0.858415 1388640.000000 0.858415 0.989858 0.000000 0 
1309680.000000 0.879349 1309680.000000 0.879349 0.999341 0.000000 0 
1196400.000000 0.932264 1196400.000000 0.932264 0.995702 0.000000 0 
1398960.000000 0.855148 1398960.000000 0.855148 0.980733 0.000000 0 
1289040.000000 0.891995 1289040.000000 0.891995 0.991083 0.000000 0 
1910400.000000 0.777680 1910400.000000 0.777680 0.992605 0.000000 0 
1431360.000000 0.841421 1431360.000000 0.841421 0.998052 0.000000 0 
1012800.000000 1.300734 1012800.000000 1.300734 0.998448 0.000000 0 
1071600.000000 1.066264 1071600.000000 1.066264 0.997941 0.000000 0 
1078080.000000 1.054042 1078080.000000 1.054042 0.994899 0.000000 0 
1083120.000000 1.040808 1083120.000000 1.040808 0.997490 0.000000 0 
1667280.000000 0.798453 1667280.000000 0.798453 0.976621 0.000000 0 
1076640.000000 1.063309 1076640.000000 1.063309 0.995491 0.000000 0 
1155360.000000 0.961898 1155360.000000 0.961898 0.998068 0.000000 0 
1595760.000000 0.810249 1595760.000000 0.810249 0.975136 0.000000 0 
1191120.000000 0.935300 1191120.000000 0.935300 0.995909 0.000000 0 
1055280.000000 1.074927 1055280.000000 1.074927 0.993752 0.000000 0 
1245840.000000 0.908530 1245840.000000 0.908530 0.995127 0.000000 0 
1569840.000000 0.814408 1569840.000000 0.814408 0.974927 0.000000 0 
1012080.000000 1.310225 1012080.000000 1.310225 0.994279 0.000000 0 
1295760.000000 0.891823 1295760.000000 0.891823 0.990988 0.000000 0 
1178880.000000 0.937628 1178880.000000 0.937628 0.996922 0.000000 0 
1787280.000000 0.786574 1787280.000000 0.786574 0.998824 0.000000 0 
1510560.000000 0.821961 1510560.000000 0.821961 0.995306 0.000000 0 
1834560.000000 0.784113 1834560.000000 0.784113 0.989707 0.000000 0 
1627200.000000 0.805866 1627200.000000 0.805866 0.977271 0.000000 0 
1499040.000000 0.825647 1499040.000000 0.825647 0.988204 0.000000 0 
1677840.000000 0.797551 1677840.000000 0.797551 0.977341 0.000000 0 
1495440.000000 0.827257 1495440.000000 0.827257 0.978091 0.000000 0 
1933440.000000 0.777195 1933440.000000 0.777195 0.990412 0.000000 0 
1479840.000000 0.828299 1479840.000000 0.828299 0.987788 0.000000 0 
1783680.000000 0.788840 1783680.000000 0.788840 0.988753 0.000000 0 
1083120.000000 1.040808 1083120.000000 1.040808 0.997490 0.000000 0 
1158720.000000 0.957606 1158720.000000 0.957606 0.993484 0.000000 0 
1686000.000000 0.795208 1686000.000000 0.795208 0.991765 0.000000 0 
1905840.000000 0.778428 1905840.000000 0.778428 0.992681 0.000000 0 
1130160.000000 0.980505 1130160.000000 0.980505 0.996024 0.000000 0 
1164720.000000 0.954673 1164720.000000 0.954673 0.993626 0.000000 0 
1478880.000000 0.831320 1478880.000000 0.831320 0.987049 0.000000 0 
1130160.000000 0.980505 1130160.000000 0.980505 0.996024 0.000000 0 
#Generacion: 4500 
#Distancia: 325.122020 
1000560.000000 1.330996 1000560.000000 1.330996 0.992386 0.000000 0 
1976640.000000 0.774977 1976640.000000 0.774977 0.994434 0.000000 0 
1040160.000000 1.082846 1040160.000000 1.082846 0.996171 0.000000 0 
1033680.000000 1.180666 1033680.000000 1.180666 0.999564 0.000000 0 
1012800.000000 1.300489 1012800.000000 1.300489 0.998261 0.000000 0 
1015920.000000 1.221469 1015920.000000 1.221469 0.995894 0.000000 0 
1075440.000000 1.054371 1075440.000000 1.054371 0.995535 0.000000 0 
1094880.000000 1.013101 1094880.000000 1.013101 0.999651 0.000000 0 
1143120.000000 0.965512 1143120.000000 0.965512 0.996227 0.000000 0 
1159200.000000 0.956328 1159200.000000 0.956328 0.994062 0.000000 0 
1864080.000000 0.781444 1864080.000000 0.781444 0.989597 0.000000 0 
1048080.000000 1.066296 1048080.000000 1.066296 0.996894 0.000000 0 
1231680.000000 0.918003 1231680.000000 0.918003 0.999101 0.000000 0 
1957440.000000 0.775196 1957440.000000 0.775196 0.995557 0.000000 0 
1118880.000000 0.984050 1118880.000000 0.984050 0.999819 0.000000 0 
1117680.000000 0.999568 1117680.000000 0.999568 0.990840 0.000000 0 
1091760.000000 1.031879 1091760.000000 1.031879 0.991842 0.000000 0 
1420560.000000 0.839376 1420560.000000 0.839376 0.994209 0.000000 0 
1171200.000000 0.952907 1171200.000000 0.952907 0.993420 0.000000 0 
1005360.000000 1.311065 1005360.000000 1.311065 0.994183 0.000000 0 
1023360.000000 1.197209 1023360.000000 1.197209 0.995969 0.000000 0 
1209600.000000 0.921108 1209600.000000 0.921108 0.999745 0.000000 0 
1479840.000000 0.828299 1479840.000000 0.828299 0.987788 0.000000 0 
1770000.000000 0.787929 1770000.000000 0.787929 0.997445 0.000000 0 
1083120.000000 1.040808 1083120.000000 1.040808 0.997490 0.000000 0 
1004880.000000 1.330572 1004880.000000 1.330572 0.992791 0.000000 0 
1467360.000000 0.832789 1467360.000000 0.832789 0.986415 0.000000 0 
1030800.000000 1.192436 1030800.000000 1.192436 0.999160 0.000000 0 
1138800.000000 0.973344 1138800.000000 0.973344 0.992327 0.000000 0 
1452480.000000 0.838877 1452480.000000 0.838877 0.996151 0.000000 0 
1820640.000000 0.785043 1820640.000000 0.785043 0.991765 0.000000 0 
1753920.000000 0.790688 1753920.000000 0.790688 0.992722 0.000000 0 
1399680.000000 0.847812 1399680.000000 0.847812 0.992806 0.000000 0 
1130160.000000 0.980505 1130160.000000 0.980505 0.996024 0.000000 0 
1380000.000000 0.853312 1380000.000000 0.853312 0.994015 0.000000 0 
1254480.000000 0.903386 1254480.000000 0.903386 0.994466 0.000000 0 
1787280.000000 0.786574 1787280.000000 0.786574 0.998824 0.000000 0 
1048080.000000 1.066296 1048080.000000 1.066296 0.996894 0.000000 0 
1711440.000000 0.793031 1711440.000000 0.793031 0.983092 0.000000 0 
1371360.000000 0.862063 1371360.000000 0.862063 0.991316 0.000000 0 
1172160.000000 0.939021 1172160.000000 0.939021 0.996739 0.000000 0 
1804800.000000 0.786433 1804800.000000 0.786433 0.996538 0.000000 0 
1415280.000000 0.843051 1415280.000000 0.843051 0.992850 0.000000 0 
1313760.000000 0.873764 1313760.000000 0.873764 0.984221 0.000000 0 
1327440.000000 0.871348 1327440.000000 0.871348 0.985476 0.000000 0 
1300560.000000 0.876033 1300560.000000 0.876033 0.983711 0.000000 0 
1528800.000000 0.820250 1528800.000000 0.820250 0.998951 0.000000 0 
1334160.000000 0.865850 1334160.000000 0.865850 0.985012 0.000000 0 
1204560.000000 0.926605 1204560.000000 0.926605 0.987486 0.000000 0 
1566720.000000 0.814277 1566720.000000 0.814277 0.990319 0.000000 0 
1839840.000000 0.784071 1839840.000000 0.784071 0.988553 0.000000 0 
1110960.000000 1.005639 1110960.000000 1.005639 0.996228 0.000000 0 
1658160.000000 0.802849 1658160.000000 0.802849 0.976876 0.000000 0 
1196400.000000 0.932264 1196400.000000 0.932264 0.995702 0.000000 0 
1258080.000000 0.893820 1258080.000000 0.893820 0.998285 0.000000 0 
1346880.000000 0.863564 1346880.000000 0.863564 0.999713 0.000000 0 
1079520.000000 1.053061 1079520.000000 1.053061 0.997105 0.000000 0 
1298640.000000 0.884249 1298640.000000 0.884249 0.999275 0.000000 0 
1893120.000000 0.780191 1893120.000000 0.780191 0.989160 0.000000 0 
1276320.000000 0.889129 1276320.000000 0.889129 0.999452 0.000000 0 
1677840.000000 0.797551 1677840.000000 0.797551 0.977341 0.000000 0 
1288080.000000 0.886793 1288080.000000 0.886793 0.996590 0.000000 0 
1237680.000000 0.909905 1237680.000000 0.909905 0.997046 0.000000 0 
1549440.000000 0.816118 1549440.000000 0.816118 0.985173 0.000000 0 
1614720.000000 0.805039 1614720.000000 0.805039 0.988706 0.000000 0 
1736640.000000 0.791060 1736640.000000 0.791060 0.991123 0.000000 0 
1391040.000000 0.851317 1391040.000000 0.851317 0.992452 0.000000 0 
1103520.000000 1.009631 1103520.000000 1.009631 0.999041 0.000000 0 
1664640.000000 0.800102 1664640.000000 0.800102 0.976120 0.000000 0 
1849920.000000 0.783557 1849920.000000 0.783557 0.989289 0.000000 0 
1586160.000000 0.810846 1586160.000000 0.810846 0.977311 0.000000 0 
1726080.000000 0.791629 1726080.000000 0.791629 0.991348 0.000000 0 
1638000.000000 0.802971 1638000.000000 0.802971 0.976934 0.000000 0 
1245840.000000 0.908530 1245840.000000 0.908530 0.995127 0.000000 0 
1694640.000000 0.794719 1694640.000000 0.794719 0.989417 0.000000 0 
1541760.000000 0.817365 1541760.000000 0.817365 0.982982 0.000000 0 
1596480.000000 0.808154 1596480.000000 0.808154 0.976302 0.000000 0 
1933440.000000 0.777195 1933440.000000 0.777195 0.990412 0.000000 0 
1510560.000000 0.821961 1510560.000000 0.821961 0.995306 0.000000 0 
1359600.000000 0.862378 1359600.000000 0.862378 0.996371 0.000000 0 
1631760.000000 0.803942 1631760.000000 0.803942 0.982835 0.000000 0 
1018320.000000 1.209438 1018320.000000 1.209438 0.995270 0.000000 0 
1267920.000000 0.893072 1267920.000000 0.893072 0.999270 0.000000 0 
1012080.000000 1.310225 1012080.000000 1.310225 0.994279 0.000000 0 
1456320.000000 0.837395 1456320.000000 0.837395 0.994862 0.000000 0 
1573680.000000 0.811562 1573680.000000 0.811562 0.976642 0.000000 0 
1185360.000000 0.933697 1185360.000000 0.933697 0.990376 0.000000 0 
1085040.000000 1.033518 1085040.000000 1.033518 0.993321 0.000000 0 
1933440.000000 0.777195 1933440.000000 0.777195 0.990412 0.000000 0 
1910400.000000 0.777680 1910400.000000 0.777680 0.992605 0.000000 0 
1607040.000000 0.806944 1607040.000000 0.806944 0.977334 0.000000 0 
1033680.000000 1.180666 1033680.000000 1.180666 0.999564 0.000000 0 
1016880.000000 1.220801 1016880.000000 1.220801 0.996082 0.000000 0 
1179120.000000 0.936809 1179120.000000 0.936809 0.998363 0.000000 0 
1690320.000000 0.797072 1690320.000000 0.797072 0.977663 0.000000 0 
1910400.000000 0.777680 1910400.000000 0.777680 0.992605 0.000000 0 
1893120.000000 0.780191 1893120.000000 0.780191 0.989160 0.000000 0 
1018320.000000 1.209438 1018320.000000 1.209438 0.995270 0.000000 0 
1495440.000000 0.825472 1495440.000000 0.825472 0.996940 0.000000 0 
1515600.000000 0.821503 1515600.000000 0.821503 0.988088 0.000000 0 
#Generacion: 5000 
#Distancia: 329.641111 
