43701579.507517 41623421.089223 2078160.000000 1.581706 5.162342 41623419.507517 14 
55441178.427221 53381259.767454 2059920.000000 1.340233 6.338126 53381258.427221 51 
52696648.923699 50717370.640755 1979280.000000 1.717056 6.071737 50717368.923699 43 
50481289.663842 48377210.893404 2104080.000000 1.229562 5.837721 48377209.663842 40 
44913344.805091 42845506.193044 2067840.000000 1.387953 5.284550 42845504.805091 20 
192442272.117325 190320193.510260 2122080.000000 1.392935 20.032019 190320192.117325 78 
47786012.647568 45889774.010880 1896240.000000 1.363311 5.588977 45889772.647568 23 
28519457.681646 26569459.144148 1950000.000000 1.462502 3.656946 26569457.681646 5 
50139172.477960 48126533.690338 2012640.000000 1.212378 5.812653 48126532.477960 39 
130345183194258.125000 130345181144899.875000 2049360.000000 1.748183 13034519.114490 130345181144898.125000 87 
65958879652988.945312 65958877721470.414062 1931520.000000 1.466385 6595888.772147 65958877721468.945312 84 
148370159310755.500000 148370157343956.812500 1966800.000000 1.317533 14837016.734396 148370157343955.500000 89 
58752436.886811 56790438.732822 1962000.000000 1.846011 6.679044 56790436.886811 59 
58118397.478954 55992959.638847 2125440.000000 2.159893 6.599296 55992957.478954 57 
12093186888781.333984 12093184784943.164062 2103840.000000 1.829237 1209319.478494 12093184784941.333984 79 
48461690.251615 46460091.331978 2001600.000000 1.080363 5.646009 46460090.251615 27 
65025581.217233 62913582.894562 2112000.000000 1.677329 7.291358 62913581.217233 65 
53257762.196840 51371843.934020 1885920.000000 1.737180 6.137184 51371842.196840 45 
69930037.303930 68138439.616120 1791600.000000 2.312190 7.813844 68138437.303930 69 
49797842.917285 47820484.669361 1977360.000000 1.752076 5.782048 47820482.917285 38 
48505123.679175 46539286.075837 1965840.000000 2.396662 5.653928 46539283.679175 28 
68950171.426313 67081292.745155 1868880.000000 1.318841 7.708129 67081291.426313 68 
41351073.821933 39453635.346505 1897440.000000 1.524573 4.945363 39453633.821933 11 
45066338.023187 43172259.801131 1894080.000000 1.777944 5.317226 43172258.023187 21 
48525620.223065 46345221.715613 2180400.000000 1.492547 5.634522 46345220.223065 27 
31546598.632013 29477079.943398 2069520.000000 1.311385 3.947708 29477078.632013 6 
49493765.095768 47541846.905852 1951920.000000 1.810085 5.754185 47541845.095768 35 
55246821.508462 53270423.170566 1976400.000000 1.662104 6.327042 53270421.508462 50 
42250490.336772 40122171.387940 2128320.000000 1.051167 5.012217 40122170.336772 12 
47631582.481243 45635504.741107 1996080.000000 2.259864 5.563550 45635502.481243 22 
20853698.351335 18751779.556214 2101920.000000 1.204879 2.875178 18751778.351335 0 
48154573.887048 46186576.168641 1968000.000000 2.281593 5.618657 46186573.887048 26 
49375155.315253 47489237.511120 1885920.000000 2.195866 5.748924 47489235.315253 34 
44118000494668.914062 44117998547550.929688 1947120.000000 2.016629 4411800.854755 44117998547548.914062 82 
60306830.180417 58268751.840212 2038080.000000 1.659795 6.826875 58268750.180417 61 
24090192423961.589844 24090190328522.765625 2095440.000000 1.176978 2409020.032852 24090190328521.589844 80 
44568344.542032 42433066.905566 2135280.000000 2.363534 5.243306 42433064.542032 16 
92717093147628.296875 92717091191870.421875 1955760.000000 2.130200 9271710.119187 92717091191868.296875 86 
35389365881282.062500 35389363864083.750000 2017200.000000 1.684021 3538937.386408 35389363864082.062500 81 
61685704.366581 59571785.997026 2113920.000000 1.630445 6.957178 59571784.366581 62 
44852537.061766 42655098.219729 2197440.000000 1.157962 5.265510 42655097.061766 19 
57219863.201837 55117944.899836 2101920.000000 1.697999 6.511794 55117943.201837 55 
50134350955248.210938 50134348797170.250000 2158080.000000 2.042029 5013435.879717 50134348797168.210938 83 
26536258.801178 24408420.390879 2127840.000000 1.589700 3.440842 24408418.801178 3 
48727072.404527 46725953.696041 2001120.000000 1.291515 5.672595 46725952.404527 31 
66068250.703518 64037132.664588 2031120.000000 1.961071 7.403713 64037130.703518 66 
41321750.117812 39151431.401240 2170320.000000 1.283427 4.915143 39151430.117812 10 
24320285.252051 22419486.709413 1900800.000000 1.457363 3.241949 22419485.252051 2 
52160322.732580 50141444.093889 2018880.000000 1.361310 6.014144 50141442.732580 41 
52387064.097400 50412585.662845 1974480.000000 1.565445 6.041258 50412584.097400 42 
56795877.777893 54900359.755802 1895520.000000 1.977909 6.490036 54900357.777893 52 
64382629.430442 62441991.001140 1940640.000000 1.570698 7.244199 62441989.430442 63 
33144241.440069 31162802.988119 1981440.000000 1.548050 4.116280 31162801.440069 7 
49989197.223394 47764158.785374 2225040.000000 1.561980 5.776416 47764157.223394 38 
42885286.235452 40790568.540140 2094720.000000 2.304688 5.079057 40790566.235452 13 
108743364.935762 106691606.585077 2051760.000000 1.649315 11.669160 106691604.935762 77 
56876481.533815 54921203.152466 1955280.000000 1.618651 6.492120 54921201.533815 53 
76606882.606772 74293284.353770 2313600.000000 1.746998 8.429328 74293282.606772 71 
22697265.918843 20541347.325394 2155920.000000 1.406551 3.054135 20541345.918843 1 
134028381361313.015625 134028379326356.000000 2034960.000000 2.981836 13402838.932635 134028379326353.015625 88 
48055503.159225 46028224.835955 2027280.000000 1.676730 5.602822 46028223.159225 25 
49319835.566310 47246717.187748 2073120.000000 1.621439 5.724672 47246715.566310 33 
47917505.478840 45817747.626705 2099760.000000 2.147865 5.581775 45817745.478840 24 
49752641.115327 47733522.606275 2019120.000000 1.490948 5.773352 47733521.115327 37 
54954346.409479 53047547.773882 1906800.000000 1.364403 6.304755 53047546.409479 48 
52890877.661035 50991999.150342 1898880.000000 1.489307 6.099200 50991997.661035 44 
44652134.847377 42654376.409152 1997760.000000 1.561775 5.265437 42654374.847377 18 
48320656.131351 46048577.363903 2272080.000000 1.232552 5.604858 46048576.131351 26 
47858269.783801 45893871.479151 1964400.000000 1.695349 5.589387 45893869.783801 24 
75574658.293137 73507059.719501 2067600.000000 1.426364 8.350706 73507058.293137 70 
56832933.200047 54745174.714903 2087760.000000 1.514856 6.474517 54745173.200047 52 
54350124.410889 52347326.059674 2002800.000000 1.648785 6.234732 52347324.410889 47 
82091889.667129 80196131.186234 1895760.000000 1.519105 9.019613 80196129.667129 73 
57085740.795842 55135022.812770 1950720.000000 2.016928 6.513502 55135020.795842 55 
64979313.268967 62865875.509738 2113440.000000 2.240771 7.286587 62865873.268967 64 
49674735.033705 47648176.532312 2026560.000000 1.498608 5.764818 47648175.033705 36 
58883644.986627 56940606.715090 1943040.000000 1.728463 6.694060 56940604.986627 60 
36338151.202147 34330072.468855 2008080.000000 1.266708 4.433007 34330071.202147 8 
82303141.478425 80151543.418202 2151600.000000 1.939777 9.015154 80151541.478425 73 
44612219.276454 42504300.866146 2107920.000000 1.589692 5.250430 42504299.276454 17 
39280521.929702 37205964.132951 2074560.000000 2.203249 4.720596 37205961.929702 9 
84790340.801132 82753703.138323 2036640.000000 2.337192 9.275370 82753700.801132 74 
48587696.718340 46703938.001563 1883760.000000 1.283223 5.670394 46703936.718340 30 
47867973.765339 45770615.140675 2097360.000000 1.375337 5.577061 45770613.765339 23 
66057516460512.976562 66057514411394.453125 2049120.000000 1.475446 6605752.441139 66057514411392.976562 85 
273139716664405.250000 273139714544486.687500 2119920.000000 1.429783 27313972.454449 273139714544485.250000 90 
67019207.144461 65100889.124519 1918320.000000 1.980058 7.510089 65100887.144461 67 
58733824.650015 56915106.209485 1818720.000000 1.559469 6.691510 56915104.650015 59 
94018956.204913 92275119.112673 1743840.000000 2.907760 10.227512 92275116.204913 76 
57416598.234341 55547959.809994 1868640.000000 1.575653 6.554796 55547958.234341 56 
57027601.684180 55027443.482008 2000160.000000 1.797828 6.502744 55027441.684180 54 
44162728.227366 42151289.735147 2011440.000000 1.507781 5.215129 42151288.227366 15 
27350950.714415 25322712.378050 2028240.000000 1.663635 3.532271 25322710.714415 4 
53369201.908123 51379363.415708 1989840.000000 1.507584 6.137936 51379361.908123 46 
48574821.735152 46572503.120146 2002320.000000 1.384994 5.657250 46572501.735152 29 
55195648.016858 53221171.093859 1974480.000000 3.077000 6.322117 53221168.016858 49 
78079635.532203 76034357.227698 2045280.000000 1.695495 8.603436 76034355.532203 72 
89839609.558677 88064571.737768 1775040.000000 2.179091 9.806457 88064569.558677 75 
58236401.382971 56313763.219278 1922640.000000 1.836307 6.631376 56313761.382971 58 
49250271.678796 47126993.621052 2123280.000000 1.942255 5.712699 47126991.678796 32 
#Generacion: 1 
#Distancia: 789.521818 
1393680.000000 0.946070 1393680.000000 0.946070 0.982931 0.000000 0 
1520880.000000 0.886648 1520880.000000 0.886648 0.998529 0.000000 0 
1304880.000000 1.093297 1304880.000000 1.093297 0.998905 0.000000 0 
1397280.000000 0.937889 1397280.000000 0.937889 0.974382 0.000000 0 
1447440.000000 0.915824 1447440.000000 0.915824 0.998176 0.000000 0 
1659600.000000 0.861533 1659600.000000 0.861533 0.991068 0.000000 0 
1510560.000000 0.886755 1510560.000000 0.886755 0.994406 0.000000 0 
1413120.000000 0.932412 1413120.000000 0.932412 0.987176 0.000000 0 
1307280.000000 1.041968 1307280.000000 1.041968 0.988991 0.000000 0 
1413120.000000 0.932412 1413120.000000 0.932412 0.987176 0.000000 0 
1401120.000000 0.934705 1401120.000000 0.934705 0.985333 0.000000 0 
1488960.000000 0.887098 1488960.000000 0.887098 0.999318 0.000000 0 
1528320.000000 0.880650 1528320.000000 0.880650 0.985278 0.000000 0 
1422720.000000 0.921732 1422720.000000 0.921732 0.990009 0.000000 0 
1572000.000000 0.866118 1572000.000000 0.866118 0.990176 0.000000 0 
1367520.000000 0.965625 1367520.000000 0.965625 0.977081 0.000000 0 
1413120.000000 0.932412 1413120.000000 0.932412 0.987176 0.000000 0 
1633680.000000 0.863581 1633680.000000 0.863581 0.996772 0.000000 0 
1915440.000000 0.849788 1915440.000000 0.849788 0.997355 0.000000 0 
1454880.000000 0.909925 1454880.000000 0.909925 0.992804 0.000000 0 
1856640.000000 0.850160 1856640.000000 0.850160 0.979443 0.000000 0 
1467120.000000 0.896831 1467120.000000 0.896831 0.986182 0.000000 0 
1367520.000000 0.965625 1367520.000000 0.965625 0.977081 0.000000 0 
1510560.000000 0.886755 1510560.000000 0.886755 0.994406 0.000000 0 
1522080.000000 0.881934 1522080.000000 0.881934 0.997130 0.000000 0 
1446720.000000 0.916139 1446720.000000 0.916139 0.988478 0.000000 0 
1384800.000000 0.949143 1384800.000000 0.949143 0.987719 0.000000 0 
1685760.000000 0.850519 1685760.000000 0.850519 0.986049 0.000000 0 
1311840.000000 1.005293 1311840.000000 1.005293 0.986264 0.000000 0 
1555200.000000 0.877905 1555200.000000 0.877905 0.987538 0.000000 0 
1633680.000000 0.863581 1633680.000000 0.863581 0.996772 0.000000 0 
1328400.000000 0.973079 1328400.000000 0.973079 0.996526 0.000000 0 
1572000.000000 0.866118 1572000.000000 0.866118 0.990176 0.000000 0 
1393440.000000 0.949052 1393440.000000 0.949052 0.987821 0.000000 0 
1555680.000000 0.872424 1555680.000000 0.872424 0.990550 0.000000 0 
1644000.000000 0.862416 1644000.000000 0.862416 0.970274 0.000000 0 
1554240.000000 0.879686 1554240.000000 0.879686 0.990832 0.000000 0 
1398720.000000 0.936362 1398720.000000 0.936362 0.987460 0.000000 0 
1414560.000000 0.926981 1414560.000000 0.926981 0.996991 0.000000 0 
1372080.000000 0.959364 1372080.000000 0.959364 0.988589 0.000000 0 
1414560.000000 0.926981 1414560.000000 0.926981 0.996991 0.000000 0 
1694400.000000 0.850282 1694400.000000 0.850282 0.988489 0.000000 0 
1659600.000000 0.861533 1659600.000000 0.861533 0.991068 0.000000 0 
1520880.000000 0.886648 1520880.000000 0.886648 0.998529 0.000000 0 
1540800.000000 0.880479 1540800.000000 0.880479 0.979760 0.000000 0 
1683360.000000 0.860317 1683360.000000 0.860317 0.970670 0.000000 0 
1448400.000000 0.912565 1448400.000000 0.912565 0.998433 0.000000 0 
1305360.000000 1.053129 1305360.000000 1.053129 0.968819 0.000000 0 
1554240.000000 0.879686 1554240.000000 0.879686 0.990832 0.000000 0 
1372800.000000 0.953676 1372800.000000 0.953676 0.975816 0.000000 0 
1566000.000000 0.868166 1566000.000000 0.868166 0.987216 0.000000 0 
1966320.000000 0.849972 1966320.000000 0.849972 0.998947 0.000000 1 
1313280.000000 1.059602 1313280.000000 1.059602 0.992481 0.000000 1 
1774320.000000 0.852956 1774320.000000 0.852956 0.963813 0.000000 1 
1328400.000000 0.995002 1328400.000000 0.995002 0.980961 0.000000 1 
1892400.000000 0.851459 1892400.000000 0.851459 0.993061 0.000000 1 
1325280.000000 1.036620 1325280.000000 1.036620 0.979367 0.000000 1 
1344720.000000 0.988019 1344720.000000 0.988019 0.988181 0.000000 1 
1721760.000000 0.856019 1721760.000000 0.856019 0.946433 0.000000 1 
1921920.000000 0.850034 1921920.000000 0.850034 0.982334 0.000000 1 
1456320.000000 0.910722 1456320.000000 0.910722 0.997553 0.000000 1 
1380480.000000 0.960240 1380480.000000 0.960240 0.993544 0.000000 1 
1316640.000000 1.038279 1316640.000000 1.038279 0.980127 0.000000 1 
1444800.000000 0.922197 1444800.000000 0.922197 0.987547 0.000000 1 
1394880.000000 0.946978 1394880.000000 0.946978 0.981556 0.000000 1 
1611600.000000 0.867277 1611600.000000 0.867277 0.999216 0.000000 1 
1356240.000000 0.976151 1356240.000000 0.976151 0.987020 0.000000 1 
1489200.000000 0.889444 1489200.000000 0.889444 0.997884 0.000000 1 
1376640.000000 0.968719 1376640.000000 0.968719 0.986236 0.000000 1 
1413120.000000 0.933939 1413120.000000 0.933939 0.988745 0.000000 1 
1403760.000000 0.937856 1403760.000000 0.937856 0.970951 0.000000 1 
1356960.000000 0.974011 1356960.000000 0.974011 0.990755 0.000000 1 
1424400.000000 0.922550 1424400.000000 0.922550 0.976516 0.000000 1 
1672560.000000 0.862066 1672560.000000 0.862066 0.967002 0.000000 1 
1708800.000000 0.858487 1708800.000000 0.858487 0.953060 0.000000 1 
1467840.000000 0.905116 1467840.000000 0.905116 0.987074 0.000000 1 
1563840.000000 0.877624 1563840.000000 0.877624 0.985518 0.000000 1 
1483440.000000 0.897777 1483440.000000 0.897777 0.991121 0.000000 1 
1663200.000000 0.863063 1663200.000000 0.863063 0.973908 0.000000 1 
1483200.000000 0.904274 1483200.000000 0.904274 0.990340 0.000000 1 
1638480.000000 0.864917 1638480.000000 0.864917 0.966827 0.000000 1 
1645920.000000 0.863595 1645920.000000 0.863595 0.974347 0.000000 1 
1377600.000000 0.964479 1377600.000000 0.964479 0.995300 0.000000 1 
1693680.000000 0.859740 1693680.000000 0.859740 0.956958 0.000000 1 
1421760.000000 0.928192 1421760.000000 0.928192 0.993226 0.000000 1 
1397280.000000 0.943802 1397280.000000 0.943802 0.999220 0.000000 1 
1531200.000000 0.885105 1531200.000000 0.885105 0.984578 0.000000 1 
1524480.000000 0.887006 1524480.000000 0.887006 0.999947 0.000000 1 
1552080.000000 0.880954 1552080.000000 0.880954 0.975228 0.000000 1 
1540560.000000 0.881662 1540560.000000 0.881662 0.977891 0.000000 1 
1558320.000000 0.880162 1558320.000000 0.880162 0.996072 0.000000 1 
1483440.000000 0.897777 1483440.000000 0.897777 0.991121 0.000000 1 
1421760.000000 0.928192 1421760.000000 0.928192 0.993226 0.000000 1 
1513920.000000 0.887060 1513920.000000 0.887060 0.993761 0.000000 1 
1625760.000000 0.866958 1625760.000000 0.866958 0.990985 0.000000 1 
1693680.000000 0.859740 1693680.000000 0.859740 0.956958 0.000000 1 
1567920.000000 0.870417 1567920.000000 0.870417 0.991823 0.000000 1 
1474560.000000 0.904884 1474560.000000 0.904884 0.963572 0.000000 1 
1567920.000000 0.870417 1567920.000000 0.870417 0.991823 0.000000 1 
1451760.000000 0.914577 1451760.000000 0.914577 0.985762 0.000000 1 
#Generacion: 500 
#Distancia: 236.227576 
1286400.000000 0.937941 1286400.000000 0.937941 0.997020 0.000000 0 
1443840.000000 0.884138 1443840.000000 0.884138 0.979953 0.000000 0 
1267440.000000 0.978329 1267440.000000 0.978329 0.985519 0.000000 0 
1259520.000000 0.979952 1259520.000000 0.979952 0.986628 0.000000 0 
1240080.000000 0.991955 1240080.000000 0.991955 0.995056 0.000000 0 
1292160.000000 0.937873 1292160.000000 0.937873 0.997279 0.000000 0 
1292160.000000 0.937873 1292160.000000 0.937873 0.997279 0.000000 0 
1230960.000000 1.117504 1230960.000000 1.117504 0.993375 0.000000 0 
1444560.000000 0.883051 1444560.000000 0.883051 0.981365 0.000000 0 
1452480.000000 0.882455 1452480.000000 0.882455 0.988557 0.000000 0 
1310160.000000 0.926564 1310160.000000 0.926564 0.998775 0.000000 0 
1437360.000000 0.884708 1437360.000000 0.884708 0.999920 0.000000 0 
1479360.000000 0.866467 1479360.000000 0.866467 0.987516 0.000000 0 
1471440.000000 0.871337 1471440.000000 0.871337 0.987687 0.000000 0 
1516080.000000 0.857653 1516080.000000 0.857653 0.983010 0.000000 0 
1341840.000000 0.916110 1341840.000000 0.916110 0.999158 0.000000 0 
1330560.000000 0.924227 1330560.000000 0.924227 0.994276 0.000000 0 
1773840.000000 0.826840 1773840.000000 0.826840 0.969442 0.000000 0 
1230960.000000 1.117504 1230960.000000 1.117504 0.993375 0.000000 0 
1233600.000000 0.992629 1233600.000000 0.992629 0.994375 0.000000 0 
1564080.000000 0.847603 1564080.000000 0.847603 0.996014 0.000000 0 
1208640.000000 1.193952 1208640.000000 1.193952 0.994555 0.000000 0 
1462320.000000 0.872544 1462320.000000 0.872544 0.988988 0.000000 0 
1583520.000000 0.845036 1583520.000000 0.845036 0.987936 0.000000 0 
1238400.000000 0.992597 1238400.000000 0.992597 0.988388 0.000000 0 
1230960.000000 1.117504 1230960.000000 1.117504 0.993375 0.000000 0 
1351680.000000 0.908321 1351680.000000 0.908321 0.987221 0.000000 0 
1721040.000000 0.827515 1721040.000000 0.827515 0.965419 0.000000 0 
1438800.000000 0.884644 1438800.000000 0.884644 0.987095 0.000000 0 
1583520.000000 0.845036 1583520.000000 0.845036 0.987936 0.000000 0 
1386000.000000 0.895657 1386000.000000 0.895657 0.984794 0.000000 0 
1284240.000000 0.939048 1284240.000000 0.939048 0.996377 0.000000 0 
1528320.000000 0.855211 1528320.000000 0.855211 0.991218 0.000000 0 
1249200.000000 0.987010 1249200.000000 0.987010 0.990473 0.000000 0 
1684320.000000 0.828264 1684320.000000 0.828264 0.967144 0.000000 0 
1592160.000000 0.845007 1592160.000000 0.845007 0.989407 0.000000 0 
1305120.000000 0.927076 1305120.000000 0.927076 0.997864 0.000000 0 
1230960.000000 1.117504 1230960.000000 1.117504 0.993375 0.000000 0 
1318800.000000 0.926524 1318800.000000 0.926524 0.999122 0.000000 0 
1618320.000000 0.839864 1618320.000000 0.839864 0.973658 0.000000 0 
1684320.000000 0.828264 1684320.000000 0.828264 0.967144 0.000000 0 
1301760.000000 0.936573 1301760.000000 0.936573 0.998544 0.000000 0 
1483200.000000 0.862071 1483200.000000 0.862071 0.989964 0.000000 0 
1637280.000000 0.834595 1637280.000000 0.834595 0.966448 0.000000 0 
1549440.000000 0.851709 1549440.000000 0.851709 0.984109 0.000000 0 
1774800.000000 0.824111 1774800.000000 0.824111 0.968248 0.000000 0 
1443840.000000 0.884138 1443840.000000 0.884138 0.979953 0.000000 0 
1773840.000000 0.826840 1773840.000000 0.826840 0.969442 0.000000 0 
1361040.000000 0.901115 1361040.000000 0.901115 0.984979 0.000000 0 
1412880.000000 0.891908 1412880.000000 0.891908 0.982597 0.000000 0 
1491120.000000 0.861010 1491120.000000 0.861010 0.986263 0.000000 0 
1431840.000000 0.886139 1431840.000000 0.886139 0.993167 0.000000 0 
1310160.000000 0.926564 1310160.000000 0.926564 0.998775 0.000000 0 
1346640.000000 0.908942 1346640.000000 0.908942 0.991378 0.000000 0 
1217280.000000 1.193771 1217280.000000 1.193771 0.994286 0.000000 0 
1323120.000000 0.924706 1323120.000000 0.924706 0.998236 0.000000 0 
1394640.000000 0.895537 1394640.000000 0.895537 0.985219 0.000000 0 
1323120.000000 0.924706 1323120.000000 0.924706 0.998236 0.000000 0 
1269840.000000 0.963057 1269840.000000 0.963057 0.983754 0.000000 0 
1419600.000000 0.887468 1419600.000000 0.887468 0.996151 0.000000 0 
1657440.000000 0.830176 1657440.000000 0.830176 0.971493 0.000000 0 
1455360.000000 0.876421 1455360.000000 0.876421 0.994368 0.000000 0 
1341120.000000 0.922029 1341120.000000 0.922029 0.990142 0.000000 0 
1241280.000000 0.988332 1241280.000000 0.988332 0.991247 0.000000 0 
1267680.000000 0.965678 1267680.000000 0.965678 0.996806 0.000000 0 
1790400.000000 0.822219 1790400.000000 0.822219 0.968232 0.000000 0 
1598400.000000 0.842790 1598400.000000 0.842790 0.982802 0.000000 0 
1259520.000000 0.979952 1259520.000000 0.979952 0.986628 0.000000 0 
1692960.000000 0.827777 1692960.000000 0.827777 0.967192 0.000000 0 
1305120.000000 0.927076 1305120.000000 0.927076 0.997864 0.000000 0 
1564080.000000 0.847603 1564080.000000 0.847603 0.996014 0.000000 0 
1419600.000000 0.887468 1419600.000000 0.887468 0.996151 0.000000 0 
1250160.000000 0.986796 1250160.000000 0.986796 0.992979 0.000000 0 
1231680.000000 1.141007 1231680.000000 1.141007 0.998828 0.000000 1 
1231680.000000 1.141007 1231680.000000 1.141007 0.998828 0.000000 1 
1820160.000000 0.822638 1820160.000000 0.822638 0.964385 0.000000 1 
1236720.000000 1.118872 1236720.000000 1.118872 0.994954 0.000000 1 
1239360.000000 0.993793 1239360.000000 0.993793 0.996395 0.000000 1 
1489680.000000 0.862736 1489680.000000 0.862736 0.989476 0.000000 1 
1274640.000000 0.973847 1274640.000000 0.973847 0.995660 0.000000 1 
1306800.000000 0.935545 1306800.000000 0.935545 0.992649 0.000000 1 
1374240.000000 0.901459 1374240.000000 0.901459 0.989739 0.000000 1 
1698960.000000 0.829310 1698960.000000 0.829310 0.966177 0.000000 1 
1568400.000000 0.847692 1568400.000000 0.847692 0.980982 0.000000 1 
1645680.000000 0.838117 1645680.000000 0.838117 0.963142 0.000000 1 
1784400.000000 0.826559 1784400.000000 0.826559 0.968379 0.000000 1 
1785840.000000 0.824996 1785840.000000 0.824996 0.987973 0.000000 1 
1551120.000000 0.855152 1551120.000000 0.855152 0.984644 0.000000 1 
1250880.000000 0.989255 1250880.000000 0.989255 0.987506 0.000000 1 
1661040.000000 0.837045 1661040.000000 0.837045 0.968760 0.000000 1 
1558080.000000 0.854718 1558080.000000 0.854718 0.980517 0.000000 1 
1268880.000000 0.975485 1268880.000000 0.975485 0.987152 0.000000 1 
1428720.000000 0.891075 1428720.000000 0.891075 0.987493 0.000000 1 
1609680.000000 0.843237 1609680.000000 0.843237 0.978813 0.000000 1 
1461120.000000 0.881555 1461120.000000 0.881555 0.980279 0.000000 1 
1431360.000000 0.887753 1431360.000000 0.887753 0.980624 0.000000 1 
1608960.000000 0.843927 1608960.000000 0.843927 0.985018 0.000000 1 
1600320.000000 0.844079 1600320.000000 0.844079 0.981158 0.000000 1 
1600320.000000 0.844079 1600320.000000 0.844079 0.981158 0.000000 1 
1428720.000000 0.891075 1428720.000000 0.891075 0.987493 0.000000 1 
#Generacion: 1000 
#Distancia: 209.224747 
1170960.000000 1.096957 1170960.000000 1.096957 0.993678 0.000000 0 
1180080.000000 1.069707 1180080.000000 1.069707 0.985681 0.000000 0 
1194480.000000 1.024863 1194480.000000 1.024863 0.993358 0.000000 0 
1188000.000000 1.051690 1188000.000000 1.051690 0.998650 0.000000 0 
1484880.000000 0.852509 1484880.000000 0.852509 0.987096 0.000000 0 
1193760.000000 1.032494 1193760.000000 1.032494 0.994235 0.000000 0 
1186800.000000 1.054136 1186800.000000 1.054136 0.999162 0.000000 0 
1386720.000000 0.878005 1386720.000000 0.878005 0.998252 0.000000 0 
1574160.000000 0.837012 1574160.000000 0.837012 0.971781 0.000000 0 
1514160.000000 0.851119 1514160.000000 0.851119 0.987802 0.000000 0 
1516560.000000 0.846057 1516560.000000 0.846057 0.984921 0.000000 0 
1535760.000000 0.841565 1535760.000000 0.841565 0.987527 0.000000 0 
1180080.000000 1.069707 1180080.000000 1.069707 0.985681 0.000000 0 
1241040.000000 0.974672 1241040.000000 0.974672 0.988686 0.000000 0 
1220400.000000 0.997633 1220400.000000 0.997633 0.996777 0.000000 0 
1237680.000000 0.988726 1237680.000000 0.988726 0.992834 0.000000 0 
1476720.000000 0.860650 1476720.000000 0.860650 0.993546 0.000000 0 
1683840.000000 0.824521 1683840.000000 0.824521 0.997658 0.000000 0 
1558800.000000 0.838929 1558800.000000 0.838929 0.970756 0.000000 0 
1279200.000000 0.943285 1279200.000000 0.943285 0.983802 0.000000 0 
1447920.000000 0.863748 1447920.000000 0.863748 0.996768 0.000000 0 
1600080.000000 0.836218 1600080.000000 0.836218 0.982225 0.000000 0 
1410960.000000 0.877923 1410960.000000 0.877923 0.998298 0.000000 0 
1217760.000000 1.007371 1217760.000000 1.007371 0.975838 0.000000 0 
1265280.000000 0.950935 1265280.000000 0.950935 0.998589 0.000000 0 
1704960.000000 0.822379 1704960.000000 0.822379 0.996460 0.000000 0 
1385520.000000 0.888001 1385520.000000 0.888001 0.987671 0.000000 0 
1286400.000000 0.937941 1286400.000000 0.937941 0.997020 0.000000 0 
1723440.000000 0.821765 1723440.000000 0.821765 0.991708 0.000000 0 
1545360.000000 0.840219 1545360.000000 0.840219 0.978759 0.000000 0 
1304400.000000 0.921863 1304400.000000 0.921863 0.998727 0.000000 0 
1612800.000000 0.834411 1612800.000000 0.834411 0.979679 0.000000 0 
1737120.000000 0.820583 1737120.000000 0.820583 0.982855 0.000000 0 
1344720.000000 0.901108 1344720.000000 0.901108 0.996937 0.000000 0 
1223040.000000 0.991947 1223040.000000 0.991947 0.995618 0.000000 0 
1625280.000000 0.832373 1625280.000000 0.832373 0.998953 0.000000 0 
1480320.000000 0.858881 1480320.000000 0.858881 0.996943 0.000000 0 
1242240.000000 0.972723 1242240.000000 0.972723 0.997738 0.000000 0 
1355760.000000 0.894836 1355760.000000 0.894836 0.998507 0.000000 0 
1264320.000000 0.956941 1264320.000000 0.956941 0.995653 0.000000 0 
1336320.000000 0.905792 1336320.000000 0.905792 0.997412 0.000000 0 
1351920.000000 0.898939 1351920.000000 0.898939 0.988083 0.000000 0 
1361280.000000 0.894141 1361280.000000 0.894141 0.998540 0.000000 0 
1368960.000000 0.892617 1368960.000000 0.892617 0.991224 0.000000 0 
1261200.000000 0.961918 1261200.000000 0.961918 0.993197 0.000000 0 
1252800.000000 0.963100 1252800.000000 0.963100 0.991552 0.000000 0 
1193760.000000 1.032494 1193760.000000 1.032494 0.994235 0.000000 0 
1447920.000000 0.863748 1447920.000000 0.863748 0.996768 0.000000 0 
1229760.000000 0.990849 1229760.000000 0.990849 0.995704 0.000000 0 
1381680.000000 0.889056 1381680.000000 0.889056 0.986819 0.000000 0 
1250400.000000 0.968984 1250400.000000 0.968984 0.997096 0.000000 0 
1604880.000000 0.835418 1604880.000000 0.835418 0.984822 0.000000 0 
1249440.000000 0.969310 1249440.000000 0.969310 0.996250 0.000000 0 
1732080.000000 0.821407 1732080.000000 0.821407 0.991268 0.000000 0 
1683840.000000 0.824521 1683840.000000 0.824521 0.997658 0.000000 0 
1211040.000000 1.010988 1211040.000000 1.010988 0.984801 0.000000 0 
1216080.000000 1.010890 1216080.000000 1.010890 0.987033 0.000000 0 
1265280.000000 0.950935 1265280.000000 0.950935 0.998589 0.000000 0 
1263360.000000 0.958880 1263360.000000 0.958880 0.986242 0.000000 0 
1282080.000000 0.939938 1282080.000000 0.939938 0.998189 0.000000 0 
1299360.000000 0.925737 1299360.000000 0.925737 0.991343 0.000000 0 
1373760.000000 0.890439 1373760.000000 0.890439 0.992074 0.000000 0 
1299360.000000 0.925737 1299360.000000 0.925737 0.991343 0.000000 0 
1696320.000000 0.822881 1696320.000000 0.822881 0.997527 0.000000 0 
1325280.000000 0.911735 1325280.000000 0.911735 0.998290 0.000000 0 
1236480.000000 0.990258 1236480.000000 0.990258 0.991223 0.000000 0 
1329360.000000 0.911480 1329360.000000 0.911480 0.991096 0.000000 0 
1696320.000000 0.822881 1696320.000000 0.822881 0.997527 0.000000 0 
1349280.000000 0.900198 1349280.000000 0.900198 0.986892 0.000000 0 
1336320.000000 0.905792 1336320.000000 0.905792 0.997412 0.000000 0 
1329600.000000 0.908022 1329600.000000 0.908022 0.997780 0.000000 0 
1253760.000000 0.962526 1253760.000000 0.962526 0.991127 0.000000 0 
1280400.000000 0.941557 1280400.000000 0.941557 0.990610 0.000000 0 
1372560.000000 0.891136 1372560.000000 0.891136 0.995387 0.000000 0 
1329600.000000 0.908022 1329600.000000 0.908022 0.997780 0.000000 0 
1478880.000000 0.860294 1478880.000000 0.860294 0.997111 0.000000 0 
1418400.000000 0.870660 1418400.000000 0.870660 0.996321 0.000000 0 
1748160.000000 0.819968 1748160.000000 0.819968 0.999742 0.000000 0 
1188000.000000 1.051690 1188000.000000 1.051690 0.998650 0.000000 0 
1314240.000000 0.921443 1314240.000000 0.921443 0.992222 0.000000 0 
1713600.000000 0.822120 1713600.000000 0.822120 0.996372 0.000000 0 
1265280.000000 0.950935 1265280.000000 0.950935 0.998589 0.000000 0 
1263360.000000 0.958880 1263360.000000 0.958880 0.986242 0.000000 0 
1202400.000000 1.011341 1202400.000000 1.011341 0.985064 0.000000 0 
1249440.000000 0.969310 1249440.000000 0.969310 0.996250 0.000000 0 
1220400.000000 0.997633 1220400.000000 0.997633 0.996777 0.000000 0 
1320720.000000 0.913669 1320720.000000 0.913669 0.989986 0.000000 0 
1713600.000000 0.822120 1713600.000000 0.822120 0.996372 0.000000 0 
1250400.000000 0.968984 1250400.000000 0.968984 0.997096 0.000000 0 
1579920.000000 0.836584 1579920.000000 0.836584 0.972857 0.000000 0 
1516560.000000 0.846057 1516560.000000 0.846057 0.984921 0.000000 0 
1628880.000000 0.825798 1628880.000000 0.825798 0.997304 0.000000 0 
1290960.000000 0.928819 1290960.000000 0.928819 0.989427 0.000000 0 
1173600.000000 1.080198 1173600.000000 1.080198 0.989912 0.000000 0 
1550160.000000 0.840027 1550160.000000 0.840027 0.977186 0.000000 0 
1253760.000000 0.962526 1253760.000000 0.962526 0.991127 0.000000 0 
1173600.000000 1.080198 1173600.000000 1.080198 0.989912 0.000000 0 
1653360.000000 0.827042 1653360.000000 0.827042 0.996017 0.000000 1 
1291200.000000 0.930736 1291200.000000 0.930736 0.998341 0.000000 1 
1641360.000000 0.831400 1641360.000000 0.831400 0.971044 0.000000 1 
#Generacion: 1500 
#Distancia: 192.171717 
1936320.000000 0.806332 1936320.000000 0.806332 0.995793 0.000000 0 
1154880.000000 1.081197 1154880.000000 1.081197 0.997068 0.000000 0 
1154880.000000 1.081197 1154880.000000 1.081197 0.997068 0.000000 0 
1164960.000000 1.030367 1164960.000000 1.030367 0.998439 0.000000 0 
1162800.000000 1.072766 1162800.000000 1.072766 0.994499 0.000000 0 
1229280.000000 0.963614 1229280.000000 0.963614 0.994489 0.000000 0 
1802160.000000 0.813414 1802160.000000 0.813414 0.984837 0.000000 0 
1664400.000000 0.821813 1664400.000000 0.821813 0.995331 0.000000 0 
1239840.000000 0.952843 1239840.000000 0.952843 0.994571 0.000000 0 
1694400.000000 0.819863 1694400.000000 0.819863 0.984588 0.000000 0 
1226160.000000 0.975517 1226160.000000 0.975517 0.997872 0.000000 0 
1833360.000000 0.812408 1833360.000000 0.812408 0.997573 0.000000 0 
1171440.000000 1.030281 1171440.000000 1.030281 0.996104 0.000000 0 
1636560.000000 0.825664 1636560.000000 0.825664 0.990138 0.000000 0 
1194480.000000 1.012652 1194480.000000 1.012652 0.983526 0.000000 0 
1780320.000000 0.814732 1780320.000000 0.814732 0.992280 0.000000 0 
1335600.000000 0.897084 1335600.000000 0.897084 0.999127 0.000000 0 
1287840.000000 0.917634 1287840.000000 0.917634 0.995718 0.000000 0 
1286880.000000 0.926950 1286880.000000 0.926950 0.989806 0.000000 0 
1180800.000000 1.020028 1180800.000000 1.020028 0.988404 0.000000 0 
1311840.000000 0.913107 1311840.000000 0.913107 0.999301 0.000000 0 
1612080.000000 0.827350 1612080.000000 0.827350 0.972314 0.000000 0 
1299360.000000 0.916755 1299360.000000 0.916755 0.991685 0.000000 0 
1707840.000000 0.819069 1707840.000000 0.819069 0.992138 0.000000 0 
1197360.000000 1.001079 1197360.000000 1.001079 0.993121 0.000000 0 
1208880.000000 0.992999 1208880.000000 0.992999 0.993903 0.000000 0 
1197120.000000 1.010641 1197120.000000 1.010641 0.999166 0.000000 0 
1382160.000000 0.883848 1382160.000000 0.883848 0.989061 0.000000 0 
1506000.000000 0.845692 1506000.000000 0.845692 0.981743 0.000000 0 
1180800.000000 1.020028 1180800.000000 1.020028 0.988404 0.000000 0 
1199520.000000 0.998757 1199520.000000 0.998757 0.986373 0.000000 0 
1496400.000000 0.848659 1496400.000000 0.848659 0.989586 0.000000 0 
1440480.000000 0.860985 1440480.000000 0.860985 0.985952 0.000000 0 
1885440.000000 0.808678 1885440.000000 0.808678 0.992258 0.000000 0 
1275600.000000 0.933119 1275600.000000 0.933119 0.992090 0.000000 0 
1925760.000000 0.806632 1925760.000000 0.806632 0.996793 0.000000 0 
1250400.000000 0.952607 1250400.000000 0.952607 0.993851 0.000000 0 
1608720.000000 0.829344 1608720.000000 0.829344 0.988471 0.000000 0 
1355760.000000 0.894836 1355760.000000 0.894836 0.998507 0.000000 0 
1162800.000000 1.072766 1162800.000000 1.072766 0.994499 0.000000 0 
1764480.000000 0.815146 1764480.000000 0.815146 0.983461 0.000000 0 
1386720.000000 0.878005 1386720.000000 0.878005 0.998252 0.000000 0 
1373040.000000 0.885651 1373040.000000 0.885651 0.997248 0.000000 0 
1224960.000000 0.987662 1224960.000000 0.987662 0.997459 0.000000 0 
1276320.000000 0.927572 1276320.000000 0.927572 0.987372 0.000000 0 
1360560.000000 0.888701 1360560.000000 0.888701 0.997092 0.000000 0 
1325520.000000 0.909193 1325520.000000 0.909193 0.997936 0.000000 0 
1727040.000000 0.818433 1727040.000000 0.818433 0.975524 0.000000 0 
1847040.000000 0.811443 1847040.000000 0.811443 0.993537 0.000000 0 
1745280.000000 0.817016 1745280.000000 0.817016 0.992675 0.000000 0 
1346400.000000 0.895043 1346400.000000 0.895043 0.997726 0.000000 0 
1868400.000000 0.810855 1868400.000000 0.810855 0.989419 0.000000 0 
1580160.000000 0.834079 1580160.000000 0.834079 0.988216 0.000000 0 
1327200.000000 0.903253 1327200.000000 0.903253 0.997553 0.000000 0 
1516560.000000 0.843483 1516560.000000 0.843483 0.981823 0.000000 0 
1563120.000000 0.835189 1563120.000000 0.835189 0.991932 0.000000 0 
1546560.000000 0.838067 1546560.000000 0.838067 0.986169 0.000000 0 
1475520.000000 0.853495 1475520.000000 0.853495 0.981775 0.000000 0 
1318800.000000 0.910115 1318800.000000 0.910115 0.994090 0.000000 0 
1552560.000000 0.835820 1552560.000000 0.835820 0.993482 0.000000 0 
1752000.000000 0.815595 1752000.000000 0.815595 0.993867 0.000000 0 
1909440.000000 0.808589 1909440.000000 0.808589 0.997714 0.000000 0 
1218720.000000 0.992914 1218720.000000 0.992914 0.975584 0.000000 0 
1530960.000000 0.840567 1530960.000000 0.840567 0.994807 0.000000 0 
1877760.000000 0.809341 1877760.000000 0.809341 0.994329 0.000000 0 
1587120.000000 0.829911 1587120.000000 0.829911 0.994132 0.000000 0 
1453680.000000 0.860287 1453680.000000 0.860287 0.980404 0.000000 0 
1649040.000000 0.822620 1649040.000000 0.822620 0.992539 0.000000 0 
1856880.000000 0.811199 1856880.000000 0.811199 0.992590 0.000000 0 
1539600.000000 0.840104 1539600.000000 0.840104 0.978391 0.000000 0 
1521840.000000 0.842226 1521840.000000 0.842226 0.993409 0.000000 0 
1411680.000000 0.870516 1411680.000000 0.870516 0.997946 0.000000 0 
1731120.000000 0.817654 1731120.000000 0.817654 0.984975 0.000000 0 
1265280.000000 0.942525 1265280.000000 0.942525 0.995834 0.000000 0 
1909440.000000 0.808589 1909440.000000 0.808589 0.997714 0.000000 0 
1225440.000000 0.980145 1225440.000000 0.980145 0.983255 0.000000 0 
1464720.000000 0.857111 1464720.000000 0.857111 0.975062 0.000000 0 
1261920.000000 0.942570 1261920.000000 0.942570 0.993120 0.000000 0 
1257600.000000 0.947488 1257600.000000 0.947488 0.995000 0.000000 0 
1220880.000000 0.988753 1220880.000000 0.988753 0.992706 0.000000 0 
1365600.000000 0.888360 1365600.000000 0.888360 0.995801 0.000000 0 
1647120.000000 0.823878 1647120.000000 0.823878 0.993267 0.000000 0 
1428480.000000 0.869621 1428480.000000 0.869621 0.997112 0.000000 0 
1482960.000000 0.849719 1482960.000000 0.849719 0.980635 0.000000 0 
1467600.000000 0.854704 1467600.000000 0.854704 0.985179 0.000000 0 
1433040.000000 0.865033 1433040.000000 0.865033 0.984646 0.000000 0 
1266000.000000 0.936248 1266000.000000 0.936248 0.994613 0.000000 0 
1573440.000000 0.834250 1573440.000000 0.834250 0.989914 0.000000 0 
1456080.000000 0.858321 1456080.000000 0.858321 0.983422 0.000000 0 
1424880.000000 0.870199 1424880.000000 0.870199 0.990262 0.000000 0 
1397280.000000 0.875218 1397280.000000 0.875218 0.998289 0.000000 0 
1402080.000000 0.873511 1402080.000000 0.873511 0.996923 0.000000 0 
1587120.000000 0.829911 1587120.000000 0.829911 0.994132 0.000000 0 
1327200.000000 0.903253 1327200.000000 0.903253 0.997553 0.000000 0 
1266960.000000 0.936011 1266960.000000 0.936011 0.992580 0.000000 0 
1392240.000000 0.876853 1392240.000000 0.876853 0.995536 0.000000 0 
1257600.000000 0.947488 1257600.000000 0.947488 0.995000 0.000000 0 
1481040.000000 0.850676 1481040.000000 0.850676 0.986691 0.000000 0 
1411440.000000 0.873430 1411440.000000 0.873430 0.997188 0.000000 0 
1432560.000000 0.865471 1432560.000000 0.865471 0.996622 0.000000 0 
#Generacion: 2000 
#Distancia: 236.243333 
1897920.000000 0.800292 1897920.000000 0.800292 0.998784 0.000000 0 
1122720.000000 1.085199 1122720.000000 1.085199 0.996578 0.000000 0 
1122720.000000 1.085199 1122720.000000 1.085199 0.996578 0.000000 0 
1145760.000000 1.030022 1145760.000000 1.030022 0.999174 0.000000 0 
1143600.000000 1.068503 1143600.000000 1.068503 0.999731 0.000000 0 
1241760.000000 0.942963 1241760.000000 0.942963 0.991808 0.000000 0 
1287840.000000 0.917634 1287840.000000 0.917634 0.995718 0.000000 0 
1297440.000000 0.908441 1297440.000000 0.908441 0.990788 0.000000 0 
1176960.000000 1.005005 1176960.000000 1.005005 0.996518 0.000000 0 
1645440.000000 0.821641 1645440.000000 0.821641 0.984796 0.000000 0 
1234320.000000 0.949906 1234320.000000 0.949906 0.995886 0.000000 0 
1127040.000000 1.070059 1127040.000000 1.070059 0.999751 0.000000 0 
1794000.000000 0.809403 1794000.000000 0.809403 0.995230 0.000000 0 
1823280.000000 0.809393 1823280.000000 0.809393 0.995222 0.000000 0 
1253760.000000 0.931268 1253760.000000 0.931268 0.987958 0.000000 0 
1724880.000000 0.814542 1724880.000000 0.814542 0.994934 0.000000 0 
1177200.000000 0.992895 1177200.000000 0.992895 0.993940 0.000000 0 
1320960.000000 0.905722 1320960.000000 0.905722 0.999376 0.000000 0 
1874880.000000 0.801736 1874880.000000 0.801736 0.998352 0.000000 0 
1671360.000000 0.820527 1671360.000000 0.820527 0.984830 0.000000 0 
1272960.000000 0.923894 1272960.000000 0.923894 0.992329 0.000000 0 
1162560.000000 1.016684 1162560.000000 1.016684 0.995501 0.000000 0 
1709760.000000 0.817312 1709760.000000 0.817312 0.984392 0.000000 0 
1632960.000000 0.823707 1632960.000000 0.823707 0.986176 0.000000 0 
1743120.000000 0.813592 1743120.000000 0.813592 0.985349 0.000000 0 
1849680.000000 0.806153 1849680.000000 0.806153 0.996147 0.000000 0 
1832160.000000 0.807188 1832160.000000 0.807188 0.999776 0.000000 0 
1230960.000000 0.955849 1230960.000000 0.955849 0.987118 0.000000 0 
1196400.000000 0.976952 1196400.000000 0.976952 0.991628 0.000000 0 
1335600.000000 0.897084 1335600.000000 0.897084 0.999127 0.000000 0 
1172160.000000 1.008844 1172160.000000 1.008844 0.998496 0.000000 0 
1152720.000000 1.022435 1152720.000000 1.022435 0.999548 0.000000 0 
1211520.000000 0.968821 1211520.000000 0.968821 0.988754 0.000000 0 
1493520.000000 0.847718 1493520.000000 0.847718 0.983306 0.000000 0 
1261440.000000 0.927641 1261440.000000 0.927641 0.993871 0.000000 0 
1190400.000000 0.991064 1190400.000000 0.991064 0.993032 0.000000 0 
1753440.000000 0.811771 1753440.000000 0.811771 0.996517 0.000000 0 
1505040.000000 0.846260 1505040.000000 0.846260 0.991188 0.000000 0 
1170240.000000 1.014664 1170240.000000 1.014664 0.988279 0.000000 0 
1587120.000000 0.829911 1587120.000000 0.829911 0.994132 0.000000 0 
1436400.000000 0.863298 1436400.000000 0.863298 0.988364 0.000000 0 
1358160.000000 0.887018 1358160.000000 0.887018 0.991146 0.000000 0 
1386720.000000 0.878005 1386720.000000 0.878005 0.998252 0.000000 0 
1412640.000000 0.869248 1412640.000000 0.869248 0.984134 0.000000 0 
1445520.000000 0.860309 1445520.000000 0.860309 0.978263 0.000000 0 
1571280.000000 0.834113 1571280.000000 0.834113 0.984427 0.000000 0 
1603200.000000 0.826822 1603200.000000 0.826822 0.992048 0.000000 0 
1546560.000000 0.838067 1546560.000000 0.838067 0.986169 0.000000 0 
1515600.000000 0.844373 1515600.000000 0.844373 0.972703 0.000000 0 
1329600.000000 0.902113 1329600.000000 0.902113 0.993047 0.000000 0 
1212000.000000 0.962210 1212000.000000 0.962210 0.997242 0.000000 0 
1397280.000000 0.875218 1397280.000000 0.875218 0.998289 0.000000 0 
1578000.000000 0.831999 1578000.000000 0.831999 0.993104 0.000000 0 
1421040.000000 0.866019 1421040.000000 0.866019 0.982916 0.000000 0 
1227120.000000 0.960187 1227120.000000 0.960187 0.995424 0.000000 0 
1897920.000000 0.800292 1897920.000000 0.800292 0.998784 0.000000 0 
1482960.000000 0.850045 1482960.000000 0.850045 0.982920 0.000000 0 
1459680.000000 0.854308 1459680.000000 0.854308 0.989412 0.000000 0 
1521840.000000 0.842226 1521840.000000 0.842226 0.993409 0.000000 0 
1344960.000000 0.895251 1344960.000000 0.895251 0.988639 0.000000 0 
1150800.000000 1.024486 1150800.000000 1.024486 0.996048 0.000000 0 
1769040.000000 0.811640 1769040.000000 0.811640 0.991711 0.000000 0 
1862160.000000 0.805053 1862160.000000 0.805053 0.995571 0.000000 0 
1209120.000000 0.973260 1209120.000000 0.973260 0.975562 0.000000 0 
1353120.000000 0.891467 1353120.000000 0.891467 0.996108 0.000000 0 
1595280.000000 0.827298 1595280.000000 0.827298 0.996921 0.000000 0 
1696080.000000 0.818054 1696080.000000 0.818054 0.997668 0.000000 0 
1530960.000000 0.840567 1530960.000000 0.840567 0.994807 0.000000 0 
1681440.000000 0.820328 1681440.000000 0.820328 0.985775 0.000000 0 
1207440.000000 0.976356 1207440.000000 0.976356 0.979019 0.000000 0 
1427760.000000 0.864810 1427760.000000 0.864810 0.986806 0.000000 0 
1537680.000000 0.839442 1537680.000000 0.839442 0.970517 0.000000 0 
1195440.000000 0.984765 1195440.000000 0.984765 0.993285 0.000000 0 
1195440.000000 0.984765 1195440.000000 0.984765 0.993285 0.000000 0 
1411680.000000 0.873325 1411680.000000 0.873325 0.992723 0.000000 0 
1470480.000000 0.852790 1470480.000000 0.852790 0.983390 0.000000 0 
1781520.000000 0.810338 1781520.000000 0.810338 0.997297 0.000000 0 
1379280.000000 0.883170 1379280.000000 0.883170 0.984588 0.000000 0 
1862400.000000 0.801791 1862400.000000 0.801791 0.998422 0.000000 0 
1269360.000000 0.925167 1269360.000000 0.925167 0.997002 0.000000 0 
1386240.000000 0.881942 1386240.000000 0.881942 0.999319 0.000000 0 
1690560.000000 0.818983 1690560.000000 0.818983 0.984958 0.000000 0 
1143600.000000 1.068503 1143600.000000 1.068503 0.999731 0.000000 0 
1127040.000000 1.070059 1127040.000000 1.070059 0.999751 0.000000 0 
1218480.000000 0.961206 1218480.000000 0.961206 0.994707 0.000000 0 
1147440.000000 1.029796 1147440.000000 1.029796 0.998223 0.000000 0 
1556880.000000 0.834661 1556880.000000 0.834661 0.979749 0.000000 0 
1361280.000000 0.883491 1361280.000000 0.883491 0.998751 0.000000 0 
1554960.000000 0.835492 1554960.000000 0.835492 0.985717 0.000000 0 
1402080.000000 0.873511 1402080.000000 0.873511 0.996923 0.000000 0 
1448400.000000 0.857205 1448400.000000 0.857205 0.996346 0.000000 0 
1615680.000000 0.824406 1615680.000000 0.824406 0.992078 0.000000 0 
1454880.000000 0.856565 1454880.000000 0.856565 0.982457 0.000000 0 
1615680.000000 0.824406 1615680.000000 0.824406 0.992078 0.000000 0 
1367760.000000 0.883233 1367760.000000 0.883233 0.991459 0.000000 0 
1323120.000000 0.902696 1323120.000000 0.902696 0.987531 0.000000 0 
1352400.000000 0.893933 1352400.000000 0.893933 0.990302 0.000000 0 
1183920.000000 0.992161 1183920.000000 0.992161 0.991436 0.000000 0 
1253760.000000 0.931268 1253760.000000 0.931268 0.987958 0.000000 0 
1777680.000000 0.811501 1777680.000000 0.811501 0.987997 0.000000 0 
#Generacion: 2500 
#Distancia: 236.260303 
1104000.000000 1.189073 1104000.000000 1.189073 0.998965 0.000000 0 
1862160.000000 0.799509 1862160.000000 0.799509 0.998384 0.000000 0 
1107120.000000 1.171978 1107120.000000 1.171978 0.999943 0.000000 0 
1111440.000000 1.096465 1111440.000000 1.096465 0.994367 0.000000 0 
1760400.000000 0.803990 1760400.000000 0.803990 0.994354 0.000000 0 
1857360.000000 0.803573 1857360.000000 0.803573 0.998333 0.000000 0 
1125840.000000 1.056738 1125840.000000 1.056738 0.992404 0.000000 0 
1134000.000000 1.036694 1134000.000000 1.036694 0.998611 0.000000 0 
1124640.000000 1.084359 1124640.000000 1.084359 0.994237 0.000000 0 
1700160.000000 0.814615 1700160.000000 0.814615 0.989199 0.000000 0 
1176720.000000 0.998579 1176720.000000 0.998579 0.981615 0.000000 0 
1739280.000000 0.812183 1739280.000000 0.812183 0.990470 0.000000 0 
1747680.000000 0.804796 1747680.000000 0.804796 0.998520 0.000000 0 
1529040.000000 0.839400 1529040.000000 0.839400 0.999840 0.000000 0 
1170000.000000 1.009293 1170000.000000 1.009293 0.989740 0.000000 0 
1296960.000000 0.905293 1296960.000000 0.905293 0.995475 0.000000 0 
1286400.000000 0.908562 1286400.000000 0.908562 0.993953 0.000000 0 
1159440.000000 1.017095 1159440.000000 1.017095 0.991636 0.000000 0 
1628880.000000 0.821973 1628880.000000 0.821973 0.981134 0.000000 0 
1545840.000000 0.835516 1545840.000000 0.835516 0.991723 0.000000 0 
1118160.000000 1.096197 1118160.000000 1.096197 0.993613 0.000000 0 
1218480.000000 0.961206 1218480.000000 0.961206 0.994707 0.000000 0 
1651440.000000 0.820122 1651440.000000 0.820122 0.986192 0.000000 0 
1672080.000000 0.815531 1672080.000000 0.815531 0.998796 0.000000 0 
1408320.000000 0.864864 1408320.000000 0.864864 0.999529 0.000000 0 
1670640.000000 0.816335 1670640.000000 0.816335 0.989470 0.000000 0 
1122720.000000 1.085199 1122720.000000 1.085199 0.996578 0.000000 0 
1713600.000000 0.813712 1713600.000000 0.813712 0.996376 0.000000 0 
1338960.000000 0.887697 1338960.000000 0.887697 0.983731 0.000000 0 
1727520.000000 0.813685 1727520.000000 0.813685 0.993373 0.000000 0 
1420560.000000 0.863290 1420560.000000 0.863290 0.994443 0.000000 0 
1351680.000000 0.886842 1351680.000000 0.886842 0.991943 0.000000 0 
1245120.000000 0.936287 1245120.000000 0.936287 0.996488 0.000000 0 
1597440.000000 0.825297 1597440.000000 0.825297 0.991205 0.000000 0 
1145760.000000 1.030022 1145760.000000 1.030022 0.999174 0.000000 0 
1195440.000000 0.978297 1195440.000000 0.978297 0.991952 0.000000 0 
1335360.000000 0.893434 1335360.000000 0.893434 0.994248 0.000000 0 
1647840.000000 0.821581 1647840.000000 0.821581 0.989084 0.000000 0 
1446240.000000 0.857856 1446240.000000 0.857856 0.991151 0.000000 0 
1276560.000000 0.922962 1276560.000000 0.922962 0.992609 0.000000 0 
1162320.000000 1.009532 1162320.000000 1.009532 0.989415 0.000000 0 
1308000.000000 0.901645 1308000.000000 0.901645 0.994762 0.000000 0 
1236240.000000 0.939782 1236240.000000 0.939782 0.996624 0.000000 0 
1145520.000000 1.035955 1145520.000000 1.035955 0.997982 0.000000 0 
1224720.000000 0.951703 1224720.000000 0.951703 0.991351 0.000000 0 
1594320.000000 0.827645 1594320.000000 0.827645 0.983921 0.000000 0 
1615680.000000 0.824406 1615680.000000 0.824406 0.992078 0.000000 0 
1269360.000000 0.925167 1269360.000000 0.925167 0.997002 0.000000 0 
1560960.000000 0.831839 1560960.000000 0.831839 0.990904 0.000000 0 
1261440.000000 0.927641 1261440.000000 0.927641 0.993871 0.000000 0 
1282080.000000 0.915552 1282080.000000 0.915552 0.994205 0.000000 0 
1515600.000000 0.844373 1515600.000000 0.844373 0.972703 0.000000 0 
1516800.000000 0.839633 1516800.000000 0.839633 0.998956 0.000000 0 
1438080.000000 0.861381 1438080.000000 0.861381 0.991307 0.000000 0 
1152720.000000 1.022435 1152720.000000 1.022435 0.999548 0.000000 0 
1374960.000000 0.880540 1374960.000000 0.880540 0.979141 0.000000 0 
1579200.000000 0.828569 1579200.000000 0.828569 0.991064 0.000000 0 
1356240.000000 0.882145 1356240.000000 0.882145 0.989963 0.000000 0 
1553280.000000 0.834764 1553280.000000 0.834764 0.983828 0.000000 0 
1249920.000000 0.930630 1249920.000000 0.930630 0.993519 0.000000 0 
1488000.000000 0.847941 1488000.000000 0.847941 0.987676 0.000000 0 
1458720.000000 0.854193 1458720.000000 0.854193 0.990417 0.000000 0 
1363920.000000 0.881628 1363920.000000 0.881628 0.988519 0.000000 0 
1150800.000000 1.024486 1150800.000000 1.024486 0.996048 0.000000 0 
1501200.000000 0.847279 1501200.000000 0.847279 0.980775 0.000000 0 
1234320.000000 0.949906 1234320.000000 0.949906 0.995886 0.000000 0 
1204800.000000 0.969293 1204800.000000 0.969293 0.989055 0.000000 0 
1483920.000000 0.849710 1483920.000000 0.849710 0.980922 0.000000 0 
1321920.000000 0.899454 1321920.000000 0.899454 0.999566 0.000000 0 
1430400.000000 0.861556 1430400.000000 0.861556 0.990512 0.000000 0 
1211520.000000 0.967978 1211520.000000 0.967978 0.991618 0.000000 0 
1472640.000000 0.850993 1472640.000000 0.850993 0.983382 0.000000 0 
1393920.000000 0.873119 1393920.000000 0.873119 0.994277 0.000000 0 
1468320.000000 0.852225 1468320.000000 0.852225 0.991000 0.000000 0 
1212000.000000 0.962210 1212000.000000 0.962210 0.997242 0.000000 0 
1503600.000000 0.844821 1503600.000000 0.844821 0.994297 0.000000 0 
1277040.000000 0.915869 1277040.000000 0.915869 0.994334 0.000000 0 
1454880.000000 0.856587 1454880.000000 0.856587 0.982216 0.000000 0 
1569600.000000 0.830775 1569600.000000 0.830775 0.991171 0.000000 0 
1311120.000000 0.899474 1311120.000000 0.899474 0.995597 0.000000 0 
1617840.000000 0.823268 1617840.000000 0.823268 0.987702 0.000000 0 
1183680.000000 0.987459 1183680.000000 0.987459 0.984783 0.000000 0 
1402800.000000 0.870188 1402800.000000 0.870188 0.980086 0.000000 0 
1177200.000000 0.992895 1177200.000000 0.992895 0.993940 0.000000 0 
1252800.000000 0.928913 1252800.000000 0.928913 0.988070 0.000000 0 
1190160.000000 0.987316 1190160.000000 0.987316 0.978412 0.000000 0 
1182240.000000 0.992347 1182240.000000 0.992347 0.994209 0.000000 0 
1393200.000000 0.876661 1393200.000000 0.876661 0.986115 0.000000 0 
1382400.000000 0.879442 1382400.000000 0.879442 0.989176 0.000000 0 
1386720.000000 0.878005 1386720.000000 0.878005 0.998252 0.000000 0 
1237200.000000 0.938466 1237200.000000 0.938466 0.996542 0.000000 0 
1328640.000000 0.895983 1328640.000000 0.895983 0.994883 0.000000 0 
1204320.000000 0.975320 1204320.000000 0.975320 0.987610 0.000000 0 
1401600.000000 0.870482 1401600.000000 0.870482 0.992387 0.000000 0 
1575600.000000 0.829566 1575600.000000 0.829566 0.999188 0.000000 0 
1328160.000000 0.897312 1328160.000000 0.897312 0.994880 0.000000 0 
1234320.000000 0.949906 1234320.000000 0.949906 0.995886 0.000000 0 
1224720.000000 0.951703 1224720.000000 0.951703 0.991351 0.000000 0 
1193280.000000 0.983625 1193280.000000 0.983625 0.995913 0.000000 0 
1204320.000000 0.975320 1204320.000000 0.975320 0.987610 0.000000 0 
#Generacion: 3000 
#Distancia: 205.479091 
1907280.000000 0.798399 1907280.000000 0.798399 0.999468 0.000000 0 
1095600.000000 1.115240 1095600.000000 1.115240 0.999299 0.000000 0 
1150080.000000 1.018557 1150080.000000 1.018557 0.999984 0.000000 0 
1159440.000000 0.994322 1159440.000000 0.994322 0.992314 0.000000 0 
1123680.000000 1.084340 1123680.000000 1.084340 0.996586 0.000000 0 
1125840.000000 1.056738 1125840.000000 1.056738 0.992404 0.000000 0 
1872720.000000 0.798845 1872720.000000 0.798845 0.998538 0.000000 0 
1110000.000000 1.098371 1110000.000000 1.098371 0.980480 0.000000 0 
1821600.000000 0.802372 1821600.000000 0.802372 0.994890 0.000000 0 
1102320.000000 1.114839 1102320.000000 1.114839 0.997868 0.000000 0 
1774800.000000 0.802975 1774800.000000 0.802975 0.999361 0.000000 0 
1253760.000000 0.922483 1253760.000000 0.922483 0.993945 0.000000 0 
1227600.000000 0.951159 1227600.000000 0.951159 0.991692 0.000000 0 
1142400.000000 1.022248 1142400.000000 1.022248 0.996227 0.000000 0 
1271280.000000 0.915075 1271280.000000 0.915075 0.993604 0.000000 0 
1170480.000000 0.993166 1170480.000000 0.993166 0.994287 0.000000 0 
1141920.000000 1.035450 1141920.000000 1.035450 0.998357 0.000000 0 
1230720.000000 0.934139 1230720.000000 0.934139 0.999626 0.000000 0 
1208640.000000 0.956064 1208640.000000 0.956064 0.998240 0.000000 0 
1204080.000000 0.966180 1204080.000000 0.966180 0.996320 0.000000 0 
1113120.000000 1.095349 1113120.000000 1.095349 0.999555 0.000000 0 
1339920.000000 0.884300 1339920.000000 0.884300 0.993919 0.000000 0 
1178640.000000 0.982837 1178640.000000 0.982837 0.986906 0.000000 0 
1844880.000000 0.799073 1844880.000000 0.799073 0.997753 0.000000 0 
1578240.000000 0.828496 1578240.000000 0.828496 0.992783 0.000000 0 
1133040.000000 1.037045 1133040.000000 1.037045 0.998461 0.000000 0 
1480800.000000 0.844091 1480800.000000 0.844091 0.988894 0.000000 0 
1515360.000000 0.838200 1515360.000000 0.838200 0.988105 0.000000 0 
1249920.000000 0.930630 1249920.000000 0.930630 0.993519 0.000000 0 
1640400.000000 0.818961 1640400.000000 0.818961 0.997627 0.000000 0 
1468320.000000 0.851141 1468320.000000 0.851141 0.986529 0.000000 0 
1129920.000000 1.048019 1129920.000000 1.048019 0.997208 0.000000 0 
1656720.000000 0.813887 1656720.000000 0.813887 0.995138 0.000000 0 
1195440.000000 0.968041 1195440.000000 0.968041 0.996290 0.000000 0 
1625040.000000 0.820591 1625040.000000 0.820591 0.993702 0.000000 0 
1592400.000000 0.825125 1592400.000000 0.825125 0.996821 0.000000 0 
1695120.000000 0.813567 1695120.000000 0.813567 0.995301 0.000000 0 
1117920.000000 1.084671 1117920.000000 1.084671 0.994953 0.000000 0 
1717920.000000 0.806670 1717920.000000 0.806670 0.996357 0.000000 0 
1280880.000000 0.913769 1280880.000000 0.913769 0.991838 0.000000 0 
1509840.000000 0.842092 1509840.000000 0.842092 0.986085 0.000000 0 
1218000.000000 0.953813 1218000.000000 0.953813 0.993743 0.000000 0 
1193040.000000 0.974822 1193040.000000 0.974822 0.983235 0.000000 0 
1131360.000000 1.045824 1131360.000000 1.045824 0.996574 0.000000 0 
1329600.000000 0.889554 1329600.000000 0.889554 0.987983 0.000000 0 
1439760.000000 0.855128 1439760.000000 0.855128 0.992778 0.000000 0 
1187520.000000 0.977172 1187520.000000 0.977172 0.998673 0.000000 0 
1476720.000000 0.849646 1476720.000000 0.849646 0.994648 0.000000 0 
1391520.000000 0.871829 1391520.000000 0.871829 0.988043 0.000000 0 
1650720.000000 0.817460 1650720.000000 0.817460 0.990179 0.000000 0 
1532160.000000 0.836917 1532160.000000 0.836917 0.991278 0.000000 0 
1380960.000000 0.877571 1380960.000000 0.877571 0.994130 0.000000 0 
1709040.000000 0.811069 1709040.000000 0.811069 0.999404 0.000000 0 
1230720.000000 0.934139 1230720.000000 0.934139 0.999626 0.000000 0 
1296480.000000 0.904236 1296480.000000 0.904236 0.991322 0.000000 0 
1296720.000000 0.899668 1296720.000000 0.899668 0.993867 0.000000 0 
1425600.000000 0.858949 1425600.000000 0.858949 0.998863 0.000000 0 
1125840.000000 1.056738 1125840.000000 1.056738 0.992404 0.000000 0 
1728480.000000 0.806171 1728480.000000 0.806171 0.995169 0.000000 0 
1322160.000000 0.894164 1322160.000000 0.894164 0.990803 0.000000 0 
1569600.000000 0.830775 1569600.000000 0.830775 0.991171 0.000000 0 
1311120.000000 0.899474 1311120.000000 0.899474 0.995597 0.000000 0 
1552080.000000 0.832732 1552080.000000 0.832732 0.997164 0.000000 0 
1388400.000000 0.875916 1388400.000000 0.875916 0.984712 0.000000 0 
1397760.000000 0.867711 1397760.000000 0.867711 0.999727 0.000000 0 
1348560.000000 0.881189 1348560.000000 0.881189 0.993003 0.000000 0 
1252800.000000 0.928913 1252800.000000 0.928913 0.988070 0.000000 0 
1286400.000000 0.908562 1286400.000000 0.908562 0.993953 0.000000 0 
1316880.000000 0.897490 1316880.000000 0.897490 0.990750 0.000000 0 
1759440.000000 0.804043 1759440.000000 0.804043 0.994473 0.000000 0 
1353600.000000 0.879858 1353600.000000 0.879858 0.991572 0.000000 0 
1433040.000000 0.857767 1433040.000000 0.857767 0.998782 0.000000 0 
1182720.000000 0.982808 1182720.000000 0.982808 0.981959 0.000000 0 
1617360.000000 0.822792 1617360.000000 0.822792 0.985941 0.000000 0 
1740720.000000 0.805307 1740720.000000 0.805307 0.994298 0.000000 0 
1560960.000000 0.831839 1560960.000000 0.831839 0.990904 0.000000 0 
1747680.000000 0.804796 1747680.000000 0.804796 0.998520 0.000000 0 
1830240.000000 0.801599 1830240.000000 0.801599 0.997851 0.000000 0 
1544640.000000 0.835489 1544640.000000 0.835489 0.996521 0.000000 0 
1449360.000000 0.852085 1449360.000000 0.852085 0.994240 0.000000 0 
1290480.000000 0.907884 1290480.000000 0.907884 0.994833 0.000000 0 
1836240.000000 0.799694 1836240.000000 0.799694 0.999016 0.000000 0 
1408320.000000 0.864864 1408320.000000 0.864864 0.999529 0.000000 0 
1674720.000000 0.813839 1674720.000000 0.813839 0.987604 0.000000 0 
1608480.000000 0.823250 1608480.000000 0.823250 0.992810 0.000000 0 
1600320.000000 0.824296 1600320.000000 0.824296 0.994958 0.000000 0 
1420560.000000 0.863290 1420560.000000 0.863290 0.994443 0.000000 0 
1702560.000000 0.811988 1702560.000000 0.811988 0.993018 0.000000 0 
1323840.000000 0.890076 1323840.000000 0.890076 0.990362 0.000000 0 
1674720.000000 0.813839 1674720.000000 0.813839 0.987604 0.000000 0 
1769040.000000 0.803645 1769040.000000 0.803645 0.992959 0.000000 0 
1495200.000000 0.842664 1495200.000000 0.842664 0.993676 0.000000 0 
1404480.000000 0.867092 1404480.000000 0.867092 0.991241 0.000000 0 
1366080.000000 0.878558 1366080.000000 0.878558 0.997477 0.000000 0 
1449360.000000 0.852085 1449360.000000 0.852085 0.994240 0.000000 0 
1417200.000000 0.863822 1417200.000000 0.863822 0.998247 0.000000 0 
1537920.000000 0.835580 1537920.000000 0.835580 0.996461 0.000000 0 
1495200.000000 0.842664 1495200.000000 0.842664 0.993676 0.000000 0 
1366080.000000 0.878558 1366080.000000 0.878558 0.997477 0.000000 0 
1227600.000000 0.951159 1227600.000000 0.951159 0.991692 0.000000 0 
#Generacion: 3500 
#Distancia: 225.297778 
1095600.000000 1.115240 1095600.000000 1.115240 0.999299 0.000000 0 
1937520.000000 0.795030 1937520.000000 0.795030 0.999536 0.000000 0 
1152960.000000 1.006251 1152960.000000 1.006251 0.987154 0.000000 0 
1788000.000000 0.801648 1788000.000000 0.801648 0.999512 0.000000 0 
1126560.000000 1.041434 1126560.000000 1.041434 0.998297 0.000000 0 
1747440.000000 0.802580 1747440.000000 0.802580 0.998354 0.000000 0 
1125840.000000 1.056738 1125840.000000 1.056738 0.992404 0.000000 0 
1108800.000000 1.079513 1108800.000000 1.079513 0.997302 0.000000 0 
1102320.000000 1.114833 1102320.000000 1.114833 0.997559 0.000000 0 
1103520.000000 1.097733 1103520.000000 1.097733 0.992961 0.000000 0 
1111680.000000 1.064272 1111680.000000 1.064272 0.997227 0.000000 0 
1159440.000000 0.994322 1159440.000000 0.994322 0.988015 0.000000 0 
1201920.000000 0.955595 1201920.000000 0.955595 0.997851 0.000000 0 
1145040.000000 1.019553 1145040.000000 1.019553 0.994007 0.000000 0 
1230720.000000 0.934139 1230720.000000 0.934139 0.999626 0.000000 0 
1380480.000000 0.874688 1380480.000000 0.874688 0.985900 0.000000 0 
1103520.000000 1.097733 1103520.000000 1.097733 0.992961 0.000000 0 
1816800.000000 0.801537 1816800.000000 0.801537 0.996378 0.000000 0 
1140000.000000 1.020458 1140000.000000 1.020458 0.987638 0.000000 0 
1138320.000000 1.034271 1138320.000000 1.034271 0.997699 0.000000 0 
1219200.000000 0.944449 1219200.000000 0.944449 0.995934 0.000000 0 
1111440.000000 1.078493 1111440.000000 1.078493 0.991981 0.000000 0 
1897680.000000 0.796178 1897680.000000 0.796178 0.998987 0.000000 0 
1397760.000000 0.867711 1397760.000000 0.867711 0.999727 0.000000 0 
1177920.000000 0.980225 1177920.000000 0.980225 0.996287 0.000000 0 
1195440.000000 0.968041 1195440.000000 0.968041 0.996290 0.000000 0 
1635120.000000 0.814859 1635120.000000 0.814859 0.996352 0.000000 0 
1716960.000000 0.806769 1716960.000000 0.806769 0.995691 0.000000 0 
1476240.000000 0.847487 1476240.000000 0.847487 0.990530 0.000000 0 
1458960.000000 0.850153 1458960.000000 0.850153 0.991901 0.000000 0 
1314000.000000 0.893514 1314000.000000 0.893514 0.994937 0.000000 0 
1620720.000000 0.816206 1620720.000000 0.816206 0.987700 0.000000 0 
1560720.000000 0.832352 1560720.000000 0.832352 0.991377 0.000000 0 
1323840.000000 0.890076 1323840.000000 0.890076 0.990362 0.000000 0 
1275120.000000 0.912253 1275120.000000 0.912253 0.993205 0.000000 0 
1439760.000000 0.855128 1439760.000000 0.855128 0.992778 0.000000 0 
1886160.000000 0.797640 1886160.000000 0.797640 0.998687 0.000000 0 
1607520.000000 0.821221 1607520.000000 0.821221 0.987385 0.000000 0 
1281120.000000 0.907638 1281120.000000 0.907638 0.992896 0.000000 0 
1672320.000000 0.812948 1672320.000000 0.812948 0.997744 0.000000 0 
1829760.000000 0.800173 1829760.000000 0.800173 0.995378 0.000000 0 
1123200.000000 1.062741 1123200.000000 1.062741 0.997563 0.000000 0 
1181760.000000 0.973116 1181760.000000 0.973116 0.994260 0.000000 0 
1583280.000000 0.822601 1583280.000000 0.822601 0.992882 0.000000 0 
1447440.000000 0.850725 1447440.000000 0.850725 0.989054 0.000000 0 
1240320.000000 0.933927 1240320.000000 0.933927 0.999414 0.000000 0 
1413840.000000 0.862862 1413840.000000 0.862862 0.997348 0.000000 0 
1544160.000000 0.832539 1544160.000000 0.832539 0.984674 0.000000 0 
1285680.000000 0.903012 1285680.000000 0.903012 0.992629 0.000000 0 
1331280.000000 0.886239 1331280.000000 0.886239 0.994491 0.000000 0 
1376400.000000 0.877617 1376400.000000 0.877617 0.993441 0.000000 0 
1704000.000000 0.811308 1704000.000000 0.811308 0.998872 0.000000 0 
1131600.000000 1.034293 1131600.000000 1.034293 0.999471 0.000000 0 
1519680.000000 0.835738 1519680.000000 0.835738 0.990805 0.000000 0 
1253760.000000 0.924257 1253760.000000 0.924257 0.998764 0.000000 0 
1217280.000000 0.951832 1217280.000000 0.951832 0.998565 0.000000 0 
1685520.000000 0.811641 1685520.000000 0.811641 0.997405 0.000000 0 
1425600.000000 0.858949 1425600.000000 0.858949 0.998863 0.000000 0 
1163520.000000 0.990389 1163520.000000 0.990389 0.995653 0.000000 0 
1512480.000000 0.837573 1512480.000000 0.837573 0.983002 0.000000 0 
1567200.000000 0.827247 1567200.000000 0.827247 0.992769 0.000000 0 
1358160.000000 0.877906 1358160.000000 0.877906 0.992762 0.000000 0 
1260240.000000 0.921605 1260240.000000 0.921605 0.994707 0.000000 0 
1739760.000000 0.805905 1739760.000000 0.805905 0.993389 0.000000 0 
1309440.000000 0.898730 1309440.000000 0.898730 0.994092 0.000000 0 
1192320.000000 0.972968 1192320.000000 0.972968 0.995151 0.000000 0 
1339920.000000 0.884300 1339920.000000 0.884300 0.993919 0.000000 0 
1613280.000000 0.820618 1613280.000000 0.820618 0.980831 0.000000 0 
1173840.000000 0.985231 1173840.000000 0.985231 0.985220 0.000000 0 
1294560.000000 0.900789 1294560.000000 0.900789 0.993926 0.000000 0 
1347600.000000 0.882214 1347600.000000 0.882214 0.993679 0.000000 0 
1208880.000000 0.953952 1208880.000000 0.953952 0.996671 0.000000 0 
1502160.000000 0.840206 1502160.000000 0.840206 0.996676 0.000000 0 
1728480.000000 0.806171 1728480.000000 0.806171 0.995169 0.000000 0 
1847520.000000 0.798729 1847520.000000 0.798729 0.992159 0.000000 0 
1480800.000000 0.844091 1480800.000000 0.844091 0.988894 0.000000 0 
1265520.000000 0.915533 1265520.000000 0.915533 0.991802 0.000000 0 
1430160.000000 0.857725 1430160.000000 0.857725 0.997687 0.000000 0 
1653360.000000 0.814171 1653360.000000 0.814171 0.989497 0.000000 0 
1170960.000000 0.987527 1170960.000000 0.987527 0.992022 0.000000 0 
1490400.000000 0.843531 1490400.000000 0.843531 0.988671 0.000000 0 
1570800.000000 0.825107 1570800.000000 0.825107 0.992794 0.000000 0 
1407120.000000 0.864074 1407120.000000 0.864074 0.996719 0.000000 0 
1656720.000000 0.813887 1656720.000000 0.813887 0.995138 0.000000 0 
1353600.000000 0.879858 1353600.000000 0.879858 0.991572 0.000000 0 
1245840.000000 0.927713 1245840.000000 0.927713 0.990778 0.000000 0 
1844880.000000 0.799073 1844880.000000 0.799073 0.997753 0.000000 0 
1866960.000000 0.798006 1866960.000000 0.798006 0.998013 0.000000 0 
1218000.000000 0.945925 1218000.000000 0.945925 0.996218 0.000000 0 
1260480.000000 0.915936 1260480.000000 0.915936 0.999762 0.000000 0 
1500000.000000 0.842382 1500000.000000 0.842382 0.989047 0.000000 0 
1300560.000000 0.898900 1300560.000000 0.898900 0.995202 0.000000 0 
1866960.000000 0.798006 1866960.000000 0.798006 0.998013 0.000000 0 
1698960.000000 0.811615 1698960.000000 0.811615 0.997100 0.000000 0 
1580640.000000 0.823664 1580640.000000 0.823664 0.987163 0.000000 0 
1399680.000000 0.865942 1399680.000000 0.865942 0.993539 0.000000 0 
1532160.000000 0.833466 1532160.000000 0.833466 0.991877 0.000000 0 
1245840.000000 0.927713 1245840.000000 0.927713 0.990778 0.000000 0 
1195440.000000 0.968041 1195440.000000 0.968041 0.996290 0.000000 0 
1897680.000000 0.796178 1897680.000000 0.796178 0.998987 0.000000 0 
#Generacion: 4000 
#Distancia: 242.781919 
1075200.000000 1.219641 1075200.000000 1.219641 0.995012 0.000000 0 
1965360.000000 0.794850 1965360.000000 0.794850 0.999641 0.000000 0 
1075200.000000 1.219641 1075200.000000 1.219641 0.995012 0.000000 0 
1091040.000000 1.098167 1091040.000000 1.098167 0.992336 0.000000 0 
1086720.000000 1.151916 1086720.000000 1.151916 0.990443 0.000000 0 
1080480.000000 1.203887 1080480.000000 1.203887 0.991692 0.000000 0 
1086720.000000 1.151916 1086720.000000 1.151916 0.990443 0.000000 0 
1140000.000000 1.020458 1140000.000000 1.020458 0.987638 0.000000 0 
1145280.000000 0.991366 1145280.000000 0.991366 0.999091 0.000000 0 
1099200.000000 1.067726 1099200.000000 1.067726 0.993706 0.000000 0 
1097760.000000 1.098074 1097760.000000 1.098074 0.993319 0.000000 0 
1123920.000000 1.028813 1123920.000000 1.028813 0.996905 0.000000 0 
1113840.000000 1.052705 1113840.000000 1.052705 0.999896 0.000000 0 
1886160.000000 0.796151 1886160.000000 0.796151 0.999658 0.000000 0 
1197600.000000 0.965322 1197600.000000 0.965322 0.995790 0.000000 0 
1820640.000000 0.799567 1820640.000000 0.799567 0.995680 0.000000 0 
1773360.000000 0.802133 1773360.000000 0.802133 0.994130 0.000000 0 
1912080.000000 0.795875 1912080.000000 0.795875 0.999267 0.000000 0 
1747440.000000 0.802580 1747440.000000 0.802580 0.998354 0.000000 0 
1532880.000000 0.829665 1532880.000000 0.829665 0.990764 0.000000 0 
1230720.000000 0.934139 1230720.000000 0.934139 0.999626 0.000000 0 
1937520.000000 0.795030 1937520.000000 0.795030 0.999536 0.000000 0 
1661520.000000 0.813230 1661520.000000 0.813230 0.996654 0.000000 0 
1080480.000000 1.203887 1080480.000000 1.203887 0.991692 0.000000 0 
1456080.000000 0.848949 1456080.000000 0.848949 0.990641 0.000000 0 
1868400.000000 0.796484 1868400.000000 0.796484 0.997761 0.000000 0 
1803360.000000 0.800082 1803360.000000 0.800082 0.998430 0.000000 0 
1416720.000000 0.858573 1416720.000000 0.858573 0.998710 0.000000 0 
1386960.000000 0.868124 1386960.000000 0.868124 0.999640 0.000000 0 
1176720.000000 0.971623 1176720.000000 0.971623 0.989318 0.000000 0 
1635120.000000 0.814859 1635120.000000 0.814859 0.996352 0.000000 0 
1227840.000000 0.944061 1227840.000000 0.944061 0.995245 0.000000 0 
1106160.000000 1.057502 1106160.000000 1.057502 0.995020 0.000000 0 
1380480.000000 0.874688 1380480.000000 0.874688 0.985900 0.000000 0 
1694880.000000 0.809205 1694880.000000 0.809205 0.990138 0.000000 0 
1844880.000000 0.799073 1844880.000000 0.799073 0.997753 0.000000 0 
1201920.000000 0.955595 1201920.000000 0.955595 0.997851 0.000000 0 
1164480.000000 0.989586 1164480.000000 0.989586 0.998231 0.000000 0 
1788000.000000 0.801648 1788000.000000 0.801648 0.999512 0.000000 0 
1439760.000000 0.850803 1439760.000000 0.850803 0.989512 0.000000 0 
1190400.000000 0.971283 1190400.000000 0.971283 0.994709 0.000000 0 
1569360.000000 0.825174 1569360.000000 0.825174 0.994347 0.000000 0 
1132080.000000 1.024883 1132080.000000 1.024883 0.989012 0.000000 0 
1401360.000000 0.861990 1401360.000000 0.861990 0.996973 0.000000 0 
1465680.000000 0.845292 1465680.000000 0.845292 0.990809 0.000000 0 
1234320.000000 0.927693 1234320.000000 0.927693 0.995436 0.000000 0 
1118400.000000 1.041691 1118400.000000 1.041691 0.993916 0.000000 0 
1685520.000000 0.811641 1685520.000000 0.811641 0.997405 0.000000 0 
1475280.000000 0.842461 1475280.000000 0.842461 0.983297 0.000000 0 
1545360.000000 0.827365 1545360.000000 0.827365 0.991173 0.000000 0 
1285680.000000 0.903012 1285680.000000 0.903012 0.992629 0.000000 0 
1849680.000000 0.796591 1849680.000000 0.796591 0.998626 0.000000 0 
1583280.000000 0.822601 1583280.000000 0.822601 0.992882 0.000000 0 
1557840.000000 0.826538 1557840.000000 0.826538 0.996542 0.000000 0 
1105200.000000 1.065698 1105200.000000 1.065698 0.997659 0.000000 0 
1167360.000000 0.977603 1167360.000000 0.977603 0.997356 0.000000 0 
1208880.000000 0.953952 1208880.000000 0.953952 0.996671 0.000000 0 
1118400.000000 1.041691 1118400.000000 1.041691 0.993916 0.000000 0 
1619760.000000 0.816202 1619760.000000 0.816202 0.988329 0.000000 0 
1209600.000000 0.946032 1209600.000000 0.946032 0.997545 0.000000 0 
1490640.000000 0.841914 1490640.000000 0.841914 0.992646 0.000000 0 
1668480.000000 0.812011 1668480.000000 0.812011 0.997148 0.000000 0 
1399440.000000 0.866188 1399440.000000 0.866188 0.998488 0.000000 0 
1926960.000000 0.795350 1926960.000000 0.795350 0.996855 0.000000 0 
1714080.000000 0.808418 1714080.000000 0.808418 0.990787 0.000000 0 
1521600.000000 0.835493 1521600.000000 0.835493 0.991545 0.000000 0 
1245840.000000 0.925739 1245840.000000 0.925739 0.991918 0.000000 0 
1294320.000000 0.899770 1294320.000000 0.899770 0.991686 0.000000 0 
1264800.000000 0.911768 1264800.000000 0.911768 0.995908 0.000000 0 
1591200.000000 0.821919 1591200.000000 0.821919 0.994626 0.000000 0 
1273440.000000 0.904447 1273440.000000 0.904447 0.987333 0.000000 0 
1253760.000000 0.924257 1253760.000000 0.924257 0.998764 0.000000 0 
1429200.000000 0.857647 1429200.000000 0.857647 0.996857 0.000000 0 
1500240.000000 0.836196 1500240.000000 0.836196 0.989224 0.000000 0 
1438800.000000 0.857003 1438800.000000 0.857003 0.999309 0.000000 0 
1353600.000000 0.879858 1353600.000000 0.879858 0.991572 0.000000 0 
1606560.000000 0.821172 1606560.000000 0.821172 0.987863 0.000000 0 
1368000.000000 0.876185 1368000.000000 0.876185 0.990927 0.000000 0 
1731840.000000 0.806002 1731840.000000 0.806002 0.999719 0.000000 0 
1257600.000000 0.919155 1257600.000000 0.919155 0.996756 0.000000 0 
1265520.000000 0.905729 1265520.000000 0.905729 0.989825 0.000000 0 
1337280.000000 0.883263 1337280.000000 0.883263 0.993457 0.000000 0 
1331280.000000 0.886239 1331280.000000 0.886239 0.994491 0.000000 0 
1613280.000000 0.820618 1613280.000000 0.820618 0.980831 0.000000 0 
1348800.000000 0.883192 1348800.000000 0.883192 0.993070 0.000000 0 
1323600.000000 0.888125 1323600.000000 0.888125 0.997061 0.000000 0 
1158480.000000 0.989854 1158480.000000 0.989854 0.991524 0.000000 0 
1314000.000000 0.893514 1314000.000000 0.893514 0.994937 0.000000 0 
1518720.000000 0.835665 1518720.000000 0.835665 0.991652 0.000000 0 
1716960.000000 0.806769 1716960.000000 0.806769 0.995691 0.000000 0 
1737840.000000 0.805094 1737840.000000 0.805094 0.996804 0.000000 0 
1260480.000000 0.915936 1260480.000000 0.915936 0.999762 0.000000 0 
1217520.000000 0.945005 1217520.000000 0.945005 0.996486 0.000000 0 
1360080.000000 0.876736 1360080.000000 0.876736 0.993033 0.000000 0 
1167360.000000 0.977603 1167360.000000 0.977603 0.997356 0.000000 0 
1306800.000000 0.896645 1306800.000000 0.896645 0.991507 0.000000 0 
1494480.000000 0.836198 1494480.000000 0.836198 0.989331 0.000000 0 
1315200.000000 0.889730 1315200.000000 0.889730 0.990970 0.000000 0 
1299120.000000 0.896796 1299120.000000 0.896796 0.995275 0.000000 0 
1630320.000000 0.815617 1630320.000000 0.815617 0.991793 0.000000 0 
#Generacion: 4500 
#Distancia: 255.376869 
1072080.000000 1.169394 1072080.000000 1.169394 0.996649 0.000000 0 
1997760.000000 0.794766 1997760.000000 0.794766 0.999653 0.000000 0 
1090080.000000 1.098065 1090080.000000 1.098065 0.991600 0.000000 0 
1086720.000000 1.151916 1086720.000000 1.151916 0.990443 0.000000 0 
1128000.000000 1.003274 1128000.000000 1.003274 0.992884 0.000000 0 
1123920.000000 1.028813 1123920.000000 1.028813 0.996905 0.000000 0 
1193760.000000 0.950122 1193760.000000 0.950122 0.983297 0.000000 0 
1092720.000000 1.080146 1092720.000000 1.080146 0.991429 0.000000 0 
1181520.000000 0.970784 1181520.000000 0.970784 0.992592 0.000000 0 
1099200.000000 1.066119 1099200.000000 1.066119 0.989783 0.000000 0 
1083600.000000 1.168513 1083600.000000 1.168513 0.995294 0.000000 0 
1619760.000000 0.816202 1619760.000000 0.816202 0.988329 0.000000 0 
1113840.000000 1.052705 1113840.000000 1.052705 0.999896 0.000000 0 
1243920.000000 0.912708 1243920.000000 0.912708 0.997188 0.000000 0 
1114560.000000 1.041353 1114560.000000 1.041353 0.992641 0.000000 0 
1092000.000000 1.093170 1092000.000000 1.093170 0.995091 0.000000 0 
1142880.000000 0.999044 1142880.000000 0.999044 0.992902 0.000000 0 
1599600.000000 0.819326 1599600.000000 0.819326 0.997455 0.000000 0 
1085760.000000 1.152268 1085760.000000 1.152268 0.990045 0.000000 0 
1766880.000000 0.801916 1766880.000000 0.801916 0.999497 0.000000 0 
1237920.000000 0.924100 1237920.000000 0.924100 0.998488 0.000000 0 
1424400.000000 0.852688 1424400.000000 0.852688 0.992053 0.000000 0 
1964160.000000 0.794902 1964160.000000 0.794902 0.997419 0.000000 0 
1520400.000000 0.833449 1520400.000000 0.833449 0.991110 0.000000 0 
1494480.000000 0.836198 1494480.000000 0.836198 0.989331 0.000000 0 
1367520.000000 0.872744 1367520.000000 0.872744 0.988429 0.000000 0 
1143600.000000 0.991031 1143600.000000 0.991031 0.998693 0.000000 0 
1264080.000000 0.907616 1264080.000000 0.907616 0.997441 0.000000 0 
1532880.000000 0.829665 1532880.000000 0.829665 0.990764 0.000000 0 
1412880.000000 0.857375 1412880.000000 0.857375 0.996805 0.000000 0 
1653840.000000 0.813083 1653840.000000 0.813083 0.999489 0.000000 0 
1274160.000000 0.903828 1274160.000000 0.903828 0.992098 0.000000 0 
1361280.000000 0.879460 1361280.000000 0.879460 0.989134 0.000000 0 
1545360.000000 0.827959 1545360.000000 0.827959 0.993061 0.000000 0 
1297200.000000 0.898789 1297200.000000 0.898789 0.992201 0.000000 0 
1284720.000000 0.900967 1284720.000000 0.900967 0.992145 0.000000 0 
1381200.000000 0.871061 1381200.000000 0.871061 0.992780 0.000000 0 
1859280.000000 0.796373 1859280.000000 0.796373 0.999995 0.000000 0 
1347600.000000 0.879627 1347600.000000 0.879627 0.985103 0.000000 0 
1479360.000000 0.841033 1479360.000000 0.841033 0.993427 0.000000 0 
1157760.000000 0.989269 1157760.000000 0.989269 0.998699 0.000000 0 
1668480.000000 0.812011 1668480.000000 0.812011 0.997148 0.000000 0 
1160160.000000 0.983752 1160160.000000 0.983752 0.987092 0.000000 0 
1455120.000000 0.847361 1455120.000000 0.847361 0.981320 0.000000 0 
1555920.000000 0.824381 1555920.000000 0.824381 0.992189 0.000000 0 
1384560.000000 0.865368 1384560.000000 0.865368 0.994774 0.000000 0 
1978560.000000 0.794797 1978560.000000 0.794797 0.999280 0.000000 0 
1747440.000000 0.802580 1747440.000000 0.802580 0.998354 0.000000 0 
1712160.000000 0.805852 1712160.000000 0.805852 0.998421 0.000000 0 
1305600.000000 0.894839 1305600.000000 0.894839 0.987284 0.000000 0 
1396080.000000 0.863292 1396080.000000 0.863292 0.986849 0.000000 0 
1250640.000000 0.909931 1250640.000000 0.909931 0.996372 0.000000 0 
1507920.000000 0.836096 1507920.000000 0.836096 0.991044 0.000000 0 
1202640.000000 0.943887 1202640.000000 0.943887 0.990656 0.000000 0 
1465680.000000 0.845292 1465680.000000 0.845292 0.990809 0.000000 0 
1837200.000000 0.797952 1837200.000000 0.797952 0.997866 0.000000 0 
1880880.000000 0.795123 1880880.000000 0.795123 0.998515 0.000000 0 
1912560.000000 0.795109 1912560.000000 0.795109 0.998939 0.000000 0 
1406160.000000 0.860829 1406160.000000 0.860829 0.997479 0.000000 0 
1721520.000000 0.803682 1721520.000000 0.803682 0.991632 0.000000 0 
1333680.000000 0.882335 1333680.000000 0.882335 0.990191 0.000000 0 
1698240.000000 0.807671 1698240.000000 0.807671 0.999077 0.000000 0 
1585200.000000 0.820178 1585200.000000 0.820178 0.997925 0.000000 0 
1788000.000000 0.801648 1788000.000000 0.801648 0.999512 0.000000 0 
1169280.000000 0.976118 1169280.000000 0.976118 0.998514 0.000000 0 
1209360.000000 0.943217 1209360.000000 0.943217 0.989567 0.000000 0 
1736880.000000 0.803299 1736880.000000 0.803299 0.992374 0.000000 0 
1685280.000000 0.811841 1685280.000000 0.811841 0.995096 0.000000 0 
1323600.000000 0.888125 1323600.000000 0.888125 0.997061 0.000000 0 
1216800.000000 0.928640 1216800.000000 0.928640 0.992730 0.000000 0 
1164240.000000 0.977928 1164240.000000 0.977928 0.992309 0.000000 0 
1824240.000000 0.799309 1824240.000000 0.799309 0.998444 0.000000 0 
1235280.000000 0.926072 1235280.000000 0.926072 0.996237 0.000000 0 
1105200.000000 1.057449 1105200.000000 1.057449 0.996098 0.000000 0 
1937520.000000 0.795030 1937520.000000 0.795030 0.999536 0.000000 0 
1569600.000000 0.823900 1569600.000000 0.823900 0.997010 0.000000 0 
1849680.000000 0.796591 1849680.000000 0.796591 0.998626 0.000000 0 
1179360.000000 0.972220 1179360.000000 0.972220 0.992519 0.000000 0 
1439760.000000 0.848720 1439760.000000 0.848720 0.997104 0.000000 0 
1436880.000000 0.850232 1436880.000000 0.850232 0.992568 0.000000 0 
1912560.000000 0.795109 1912560.000000 0.795109 0.998939 0.000000 0 
1937520.000000 0.795030 1937520.000000 0.795030 0.999536 0.000000 0 
1220880.000000 0.928308 1220880.000000 0.928308 0.991217 0.000000 0 
1578480.000000 0.822950 1578480.000000 0.822950 0.989299 0.000000 0 
1880880.000000 0.795123 1880880.000000 0.795123 0.998515 0.000000 0 
1331040.000000 0.885329 1331040.000000 0.885329 0.990951 0.000000 0 
1475280.000000 0.842461 1475280.000000 0.842461 0.983297 0.000000 0 
1687680.000000 0.808334 1687680.000000 0.808334 0.998893 0.000000 0 
1211280.000000 0.935754 1211280.000000 0.935754 0.996241 0.000000 0 
1804800.000000 0.800077 1804800.000000 0.800077 0.993303 0.000000 0 
1123200.000000 1.037408 1123200.000000 1.037408 0.998959 0.000000 0 
1637280.000000 0.814482 1637280.000000 0.814482 0.989015 0.000000 0 
1814640.000000 0.800069 1814640.000000 0.800069 0.996524 0.000000 0 
1794480.000000 0.800930 1794480.000000 0.800930 0.993309 0.000000 0 
1312320.000000 0.891545 1312320.000000 0.891545 0.992378 0.000000 0 
1211280.000000 0.935754 1211280.000000 0.935754 0.996241 0.000000 0 
1105200.000000 1.057449 1105200.000000 1.057449 0.996098 0.000000 0 
1637280.000000 0.814482 1637280.000000 0.814482 0.989015 0.000000 0 
1314000.000000 0.889872 1314000.000000 0.889872 0.991577 0.000000 0 
1997760.000000 0.794766 1997760.000000 0.794766 0.999653 0.000000 0 
#Generacion: 5000 
#Distancia: 280.031515 
