48789966.210033 46878607.445781 1911360.000000 1.235748 5.687861 46878606.210033 30 
48634885.759703 46719927.384718 1914960.000000 1.625015 5.671993 46719925.759703 29 
34646608.849244 32674770.435203 1971840.000000 1.585959 4.267477 32674768.849244 13 
12254434360121.683594 12254432366683.099609 1993440.000000 1.416804 1225444.236668 12254432366681.683594 75 
59182044.278148 57336686.365724 1845360.000000 2.087576 6.733668 57336684.278148 55 
51725699.978562 49852981.428400 1872720.000000 1.449838 5.985298 49852979.978562 40 
44279534.706560 42238336.831416 2041200.000000 2.124855 5.223833 42238334.706560 18 
45785428.241687 43758390.355735 2027040.000000 2.114049 5.375839 43758388.241687 22 
57957247.817133 56059569.197677 1897680.000000 1.380544 6.605957 56059567.817133 54 
54839726.546536 53057008.111648 1782720.000000 1.565113 6.305701 53057006.546536 46 
157390731831633.812500 157390729757075.093750 2074560.000000 1.284647 15739073.975707 157390729757073.812500 90 
9165249798873.373047 9165247821515.025391 1977360.000000 1.652831 916525.782151 9165247821513.373047 74 
25243546.961536 23384508.969860 1859040.000000 2.008324 3.338451 23384506.961536 3 
62680210.564544 60754692.424759 1925520.000000 1.860216 7.075469 60754690.564544 59 
121332206269637.734375 121332204037400.703125 2232240.000000 2.961962 12133221.403740 121332204037397.734375 88 
68784869937615.273438 68784867822016.960938 2115600.000000 1.690264 6878487.782202 68784867822015.273438 81 
49594044.656319 47618606.202164 1975440.000000 1.545845 5.761860 47618604.656319 33 
42265708.982628 40423230.703585 1842480.000000 1.720957 5.042323 40423228.982628 15 
57013852.009426 55010573.898540 2003280.000000 1.889114 6.501057 55010572.009426 50 
19833862948458.066406 19833861006379.578125 1942080.000000 1.510318 1983387.100638 19833861006378.066406 76 
72846122.897644 70735324.385183 2110800.000000 1.487539 8.073532 70735322.897644 67 
52807549.229165 50717870.607259 2089680.000000 1.378094 6.071787 50717869.229165 43 
31286625.264572 29335666.764413 1950960.000000 1.499842 3.933567 29335665.264572 9 
73647114.155724 71589595.923722 2057520.000000 1.767999 8.158959 71589594.155724 68 
76040617064887.531250 76040614778649.390625 2286240.000000 1.853422 7604062.477865 76040614778647.531250 82 
66429514.570370 64469675.988451 1959840.000000 1.418080 7.446967 64469674.570370 62 
48316073.885750 46327435.142965 1988640.000000 1.257215 5.632743 46327433.885750 28 
22793042.735923 20882884.795946 1910160.000000 2.060023 3.088288 20882882.735923 0 
43062827.617072 41031228.873671 2031600.000000 1.256599 5.103123 41031227.617072 16 
47958078.061399 45882559.570806 2075520.000000 1.509408 5.588256 45882558.061399 26 
79155585.657286 77260308.252068 1895280.000000 2.594782 8.726031 77260305.657286 69 
162100462613129.156250 162100460858972.500000 1754160.000000 3.352873 16210047.085897 162100460858969.156250 91 
34577744.112297 32377185.503932 2200560.000000 1.391635 4.237718 32377184.112297 12 
40479671948567.765625 40479669981529.390625 1967040.000000 1.621780 4047967.998153 40479669981527.765625 80 
43914879.378856 41746480.652776 2168400.000000 1.273919 5.174648 41746479.378856 17 
55321932.217742 53191454.063502 2130480.000000 1.845760 6.319145 53191452.217742 47 
274433388955204.656250 274433386893846.375000 2061360.000000 1.727790 27443339.689384 274433386893844.656250 93 
24431641.597665 22468924.880043 1962720.000000 3.282378 3.246892 22468921.597665 2 
56747725.361988 54600206.701004 2147520.000000 1.339016 6.460021 54600205.361988 49 
50875489.688070 48999891.736888 1875600.000000 2.048817 5.899989 48999889.688070 37 
56004158.736007 54039040.044674 1965120.000000 1.308667 6.403904 54039038.736007 48 
57371997.451439 55287359.434211 2084640.000000 1.982771 6.528736 55287357.451439 51 
49344693.719739 47249254.960626 2095440.000000 1.240887 5.724925 47249253.719739 32 
30340290862526.957031 30340288871728.304688 1990800.000000 1.349442 3034029.887173 30340288871726.957031 77 
55244735.653955 53367937.847789 1876800.000000 2.193833 6.336794 53367935.653955 47 
47518585.687047 45480266.979953 2038320.000000 1.292906 5.548027 45480265.687047 25 
91036310.136628 88926712.118210 2109600.000000 1.981582 9.892671 88926710.136628 70 
45370758.222086 43258279.723526 2112480.000000 1.501440 5.325828 43258278.222086 21 
341824558746532.062500 341824556805173.937500 1941360.000000 1.857667 34182456.680517 341824556805172.062500 94 
44634304.449326 42715025.922753 1919280.000000 1.473427 5.271502 42715024.449326 19 
52448215.949221 50509498.188681 1938720.000000 2.239459 6.050950 50509495.949221 42 
49635348.042326 47891030.096208 1744320.000000 2.053882 5.789103 47891028.042326 34 
34282075.924234 32247837.254881 2034240.000000 1.330647 4.224784 32247835.924234 11 
94602283.036190 92713724.282462 1888560.000000 1.246272 10.271372 92713723.036190 71 
31113365.037876 29130006.874036 1983360.000000 1.836159 3.913001 29130005.037876 8 
41920366.486485 39895248.190727 2025120.000000 1.704242 4.989525 39895246.486485 14 
61502902.542732 59469143.997473 2033760.000000 1.454741 6.946914 59469142.542732 57 
159946311.917171 157895514.726389 2050800.000000 2.809218 16.789551 157895511.917171 73 
47505027.520348 45657269.814233 1847760.000000 2.293885 5.565727 45657267.520348 25 
54433713.956302 52411955.436081 2021760.000000 1.479779 6.241195 52411953.956302 45 
49200934.122011 47007815.407427 2193120.000000 1.285416 5.700781 47007814.122011 31 
51429936.435023 49316498.186933 2113440.000000 1.751910 5.931650 49316496.435023 39 
51041173.487743 49293256.315110 1747920.000000 2.827367 5.929325 49293253.487743 38 
66735391.689595 64636353.200766 2099040.000000 1.511171 7.463635 64636351.689595 63 
72043585.157268 69954146.370161 2089440.000000 1.212893 7.995415 69954145.157268 66 
67635262.271465 65422223.798704 2213040.000000 1.527239 7.542222 65422222.271465 64 
28771715.763505 26788837.322981 1982880.000000 1.559476 3.678884 26788835.763505 7 
106326719.477804 104324881.064666 2001840.000000 1.586862 11.432488 104324879.477804 72 
44336879.522940 42228240.645469 2108640.000000 1.122529 5.222824 42228239.522940 18 
49836526.383372 47901888.659705 1934640.000000 2.276333 5.790189 47901886.383372 35 
89372251658168.796875 89372249626810.140625 2031360.000000 1.343405 8937225.962681 89372249626808.796875 85 
65821337.117586 63961338.970251 1860000.000000 1.852665 7.396134 63961337.117586 60 
96096697916273.796875 96096695922595.656250 1993680.000000 1.861514 9609670.592259 96096695922593.796875 87 
28070763.665661 26062685.064604 2008080.000000 1.398943 3.606268 26062683.665661 6 
47144397.655749 45109199.127999 2035200.000000 1.472250 5.510920 45109197.655749 24 
90438164210355.578125 90438162065476.984375 2144880.000000 1.411663 9043817.206548 90438162065475.578125 86 
45021403.820659 43018125.324133 2003280.000000 1.503474 5.301812 43018123.820659 20 
61717982.079153 59735823.493166 1982160.000000 1.414013 6.973582 59735822.079153 58 
80390542381480.812500 80390540475402.796875 1906080.000000 1.983192 8039055.047540 80390540475400.812500 83 
52346525.312970 50448128.279707 1898400.000000 2.966736 6.044813 50448125.312970 41 
61342661.141485 59419303.396123 1923360.000000 2.254638 6.941930 59419301.141485 56 
46373256.505811 44453738.111161 1919520.000000 1.605350 5.445374 44453736.505811 23 
27006486.817789 24989288.321246 2017200.000000 1.503457 3.498929 24989286.817789 4 
24195971.981877 22202773.694568 1993200.000000 1.712691 3.220277 22202771.981877 1 
57897135.527719 56056097.211823 1841040.000000 1.684103 6.605610 56056095.527719 53 
48033588.198120 46085030.162811 1948560.000000 1.964691 5.608503 46085028.198120 27 
28031323.886655 25990365.585413 2040960.000000 1.698758 3.599036 25990363.886655 5 
231013277471155.250000 231013275411716.687500 2059440.000000 1.436350 23101328.541172 231013275411715.250000 92 
54391067.792770 52410109.097114 1980960.000000 1.304344 6.241011 52410107.792770 44 
50281060.062085 48348821.679367 1932240.000000 1.617281 5.834882 48348820.062085 36 
33262539.862807 31239101.547866 2023440.000000 1.685059 4.123910 31239099.862807 10 
38497170738917.257812 38497168658598.765625 2080320.000000 1.508333 3849717.865860 38497168658597.257812 79 
57413162.911193 55343404.408957 2069760.000000 1.497765 6.534340 55343402.911193 52 
66346169.632146 64300891.233352 2045280.000000 1.601207 7.430089 64300889.632146 61 
32637583631937.273438 32637581744579.816406 1887360.000000 2.542574 3263759.174458 32637581744577.273438 78 
58093945.103312 55837946.518787 2256000.000000 1.415476 6.583795 55837945.103312 53 
56574143.296194 54779424.682914 1794720.000000 1.386720 6.477942 54779423.296194 49 
70838793.706288 68861435.066270 1977360.000000 1.359983 7.886143 68861433.706288 65 
81822364256233.062500 81822362241914.515625 2014320.000000 1.450845 8182237.224191 81822362241913.062500 84 
148604198014612.812500 148604196085254.156250 1929360.000000 1.351919 14860420.608525 148604196085252.812500 89 
#Generacion: 1 
#Distancia: 788.559697 
1385520.000000 1.062613 1385520.000000 1.062613 0.991102 0.000000 0 
1433760.000000 0.935742 1433760.000000 0.935742 0.993124 0.000000 0 
1412400.000000 1.014346 1412400.000000 1.014346 0.997783 0.000000 0 
1575360.000000 0.875573 1575360.000000 0.875573 0.973906 0.000000 0 
1571760.000000 0.879227 1571760.000000 0.879227 0.985671 0.000000 0 
1767120.000000 0.848819 1767120.000000 0.848819 0.990543 0.000000 0 
1574160.000000 0.879167 1574160.000000 0.879167 0.979379 0.000000 0 
1531920.000000 0.887816 1531920.000000 0.887816 0.999946 0.000000 0 
1639200.000000 0.865311 1639200.000000 0.865311 0.991750 0.000000 0 
1423440.000000 0.954281 1423440.000000 0.954281 0.996469 0.000000 0 
1461840.000000 0.922918 1461840.000000 0.922918 0.994153 0.000000 0 
1796160.000000 0.843377 1796160.000000 0.843377 0.988580 0.000000 0 
1418880.000000 0.993638 1418880.000000 0.993638 0.997975 0.000000 0 
1498560.000000 0.892297 1498560.000000 0.892297 0.999393 0.000000 0 
1571760.000000 0.879227 1571760.000000 0.879227 0.985671 0.000000 0 
1496640.000000 0.893849 1496640.000000 0.893849 0.993950 0.000000 0 
1423440.000000 0.954281 1423440.000000 0.954281 0.996469 0.000000 0 
1496640.000000 0.893849 1496640.000000 0.893849 0.993950 0.000000 0 
1631280.000000 0.865880 1631280.000000 0.865880 0.988714 0.000000 0 
1767120.000000 0.848819 1767120.000000 0.848819 0.990543 0.000000 0 
1408080.000000 1.014748 1408080.000000 1.014748 0.998070 0.000000 0 
1618080.000000 0.866500 1618080.000000 0.866500 0.991795 0.000000 0 
1320960.000000 1.253724 1320960.000000 1.253724 0.993480 0.000000 0 
1646160.000000 0.857641 1646160.000000 0.857641 0.984282 0.000000 0 
1431120.000000 0.954105 1431120.000000 0.954105 0.990072 0.000000 0 
1408080.000000 1.014748 1408080.000000 1.014748 0.998070 0.000000 0 
1792560.000000 0.846967 1792560.000000 0.846967 0.988943 0.000000 0 
1333200.000000 1.144304 1333200.000000 1.144304 0.994282 0.000000 0 
1575360.000000 0.875573 1575360.000000 0.875573 0.973906 0.000000 0 
1533360.000000 0.885999 1533360.000000 0.885999 0.985705 0.000000 0 
1433040.000000 0.953886 1433040.000000 0.953886 0.996379 0.000000 0 
1643280.000000 0.860506 1643280.000000 0.860506 0.982066 0.000000 0 
1408080.000000 1.014748 1408080.000000 1.014748 0.998070 0.000000 0 
1746240.000000 0.850115 1746240.000000 0.850115 0.992526 0.000000 0 
1615920.000000 0.868720 1615920.000000 0.868720 0.993198 0.000000 0 
1535040.000000 0.881220 1535040.000000 0.881220 0.996349 0.000000 0 
1792560.000000 0.846967 1792560.000000 0.846967 0.988943 0.000000 0 
1579200.000000 0.869696 1579200.000000 0.869696 0.980641 0.000000 0 
1646160.000000 0.857641 1646160.000000 0.857641 0.984282 0.000000 0 
1512720.000000 0.889785 1512720.000000 0.889785 0.993049 0.000000 0 
1631280.000000 0.865880 1631280.000000 0.865880 0.988714 0.000000 0 
1919520.000000 0.841754 1919520.000000 0.841754 0.959956 0.000000 0 
1457760.000000 0.925315 1457760.000000 0.925315 0.973709 0.000000 0 
1418880.000000 0.993638 1418880.000000 0.993638 0.997975 0.000000 0 
1662480.000000 0.853493 1662480.000000 0.853493 0.998569 0.000000 0 
1476960.000000 0.899596 1476960.000000 0.899596 0.996498 0.000000 0 
1496640.000000 0.893849 1496640.000000 0.893849 0.993950 0.000000 0 
1944960.000000 0.831236 1944960.000000 0.831236 0.978443 0.000000 0 
1379040.000000 1.081419 1379040.000000 1.081419 0.988208 0.000000 0 
1394400.000000 1.052824 1394400.000000 1.052824 0.997115 0.000000 0 
1444320.000000 0.928043 1444320.000000 0.928043 0.997691 0.000000 0 
1816080.000000 0.843922 1816080.000000 0.843922 0.983011 0.000000 1 
1803600.000000 0.846759 1803600.000000 0.846759 0.982495 0.000000 1 
1512000.000000 0.892430 1512000.000000 0.892430 0.992765 0.000000 1 
1572720.000000 0.879574 1572720.000000 0.879574 0.985160 0.000000 1 
1430160.000000 0.957592 1430160.000000 0.957592 0.997144 0.000000 1 
1428240.000000 0.988559 1428240.000000 0.988559 0.997202 0.000000 1 
1623120.000000 0.867294 1623120.000000 0.867294 0.983839 0.000000 1 
1628400.000000 0.866841 1628400.000000 0.866841 0.992803 0.000000 1 
1332480.000000 1.269377 1332480.000000 1.269377 0.997045 0.000000 1 
1368720.000000 1.153173 1368720.000000 1.153173 0.993038 0.000000 1 
1343280.000000 1.198256 1343280.000000 1.198256 0.976089 0.000000 1 
1644960.000000 0.865394 1644960.000000 0.865394 0.996331 0.000000 1 
1416480.000000 1.049240 1416480.000000 1.049240 0.993113 0.000000 1 
1418400.000000 1.045571 1418400.000000 1.045571 0.975535 0.000000 1 
1765440.000000 0.851463 1765440.000000 0.851463 0.974794 0.000000 1 
1780320.000000 0.851155 1780320.000000 0.851155 0.984658 0.000000 1 
1541040.000000 0.881618 1541040.000000 0.881618 0.991444 0.000000 1 
1592400.000000 0.874132 1592400.000000 0.874132 0.978160 0.000000 1 
1584000.000000 0.875434 1584000.000000 0.875434 0.979944 0.000000 1 
1598160.000000 0.873280 1598160.000000 0.873280 0.983359 0.000000 1 
1647600.000000 0.862011 1647600.000000 0.862011 0.986035 0.000000 1 
1517760.000000 0.890185 1517760.000000 0.890185 0.991894 0.000000 1 
1427760.000000 1.014064 1427760.000000 1.014064 0.998210 0.000000 1 
1423200.000000 1.044698 1423200.000000 1.044698 0.976318 0.000000 1 
1742400.000000 0.854313 1742400.000000 0.854313 0.975111 0.000000 1 
1672320.000000 0.856368 1672320.000000 0.856368 0.984381 0.000000 1 
1668720.000000 0.857343 1668720.000000 0.857343 0.972006 0.000000 1 
1675440.000000 0.854919 1675440.000000 0.854919 0.990029 0.000000 1 
1667760.000000 0.858837 1667760.000000 0.858837 0.973485 0.000000 1 
1493520.000000 0.910976 1493520.000000 0.910976 0.991779 0.000000 1 
1495920.000000 0.900911 1495920.000000 0.900911 0.994331 0.000000 1 
1482960.000000 0.914695 1482960.000000 0.914695 0.991817 0.000000 1 
1484880.000000 0.912795 1484880.000000 0.912795 0.992636 0.000000 1 
1496640.000000 0.900625 1496640.000000 0.900625 0.992193 0.000000 1 
1956000.000000 0.840133 1956000.000000 0.840133 0.961507 0.000000 1 
1956000.000000 0.840133 1956000.000000 0.840133 0.961507 0.000000 1 
1946640.000000 0.843215 1946640.000000 0.843215 0.956104 0.000000 1 
1988880.000000 0.833870 1988880.000000 0.833870 0.982538 0.000000 1 
1383360.000000 1.109282 1383360.000000 1.109282 0.994383 0.000000 1 
1383360.000000 1.109282 1383360.000000 1.109282 0.994383 0.000000 1 
1386960.000000 1.082580 1386960.000000 1.082580 0.976727 0.000000 1 
1400400.000000 1.054560 1400400.000000 1.054560 0.971653 0.000000 1 
1398000.000000 1.064037 1398000.000000 1.064037 0.975990 0.000000 1 
1457040.000000 0.949510 1457040.000000 0.949510 0.997567 0.000000 1 
1470960.000000 0.934423 1470960.000000 0.934423 0.985423 0.000000 1 
1467840.000000 0.941842 1467840.000000 0.941842 0.986976 0.000000 1 
1444320.000000 0.953529 1444320.000000 0.953529 0.995672 0.000000 1 
1333200.000000 1.537467 1333200.000000 1.537467 0.995434 0.000000 2 
2011680.000000 0.842096 2011680.000000 0.842096 0.954392 0.000000 2 
#Generacion: 500 
#Distancia: 272.659596 
1217520.000000 1.178563 1217520.000000 1.178563 0.989733 0.000000 0 
1881840.000000 0.809609 1881840.000000 0.809609 0.995458 0.000000 0 
1234800.000000 1.167214 1234800.000000 1.167214 0.997007 0.000000 0 
1235760.000000 1.020804 1235760.000000 1.020804 0.998564 0.000000 0 
1855680.000000 0.811254 1855680.000000 0.811254 0.996441 0.000000 0 
1769280.000000 0.813179 1769280.000000 0.813179 0.982864 0.000000 0 
1250880.000000 0.991401 1250880.000000 0.991401 0.994865 0.000000 0 
1399440.000000 0.882523 1399440.000000 0.882523 0.987560 0.000000 0 
1299120.000000 0.951922 1299120.000000 0.951922 0.983798 0.000000 0 
1284000.000000 0.963410 1284000.000000 0.963410 0.992867 0.000000 0 
1314000.000000 0.941855 1314000.000000 0.941855 0.985000 0.000000 0 
1256880.000000 0.972109 1256880.000000 0.972109 0.992936 0.000000 0 
1677840.000000 0.828502 1677840.000000 0.828502 0.962021 0.000000 0 
1456320.000000 0.868613 1456320.000000 0.868613 0.975287 0.000000 0 
1466400.000000 0.867228 1466400.000000 0.867228 0.989358 0.000000 0 
1433280.000000 0.882507 1433280.000000 0.882507 0.990710 0.000000 0 
1326960.000000 0.932068 1326960.000000 0.932068 0.986067 0.000000 0 
1393200.000000 0.891593 1393200.000000 0.891593 0.995646 0.000000 0 
1335600.000000 0.922303 1335600.000000 0.922303 0.990658 0.000000 0 
1509600.000000 0.857649 1509600.000000 0.857649 0.966030 0.000000 0 
1370880.000000 0.903117 1370880.000000 0.903117 0.992376 0.000000 0 
1486560.000000 0.865082 1486560.000000 0.865082 0.994917 0.000000 0 
1236480.000000 1.004619 1236480.000000 1.004619 0.999475 0.000000 0 
1235760.000000 1.020804 1235760.000000 1.020804 0.998564 0.000000 0 
1280160.000000 0.966905 1280160.000000 0.966905 0.997417 0.000000 0 
1666080.000000 0.830097 1666080.000000 0.830097 0.990653 0.000000 0 
1441680.000000 0.875352 1441680.000000 0.875352 0.979831 0.000000 0 
1745760.000000 0.820015 1745760.000000 0.820015 0.985230 0.000000 0 
1260240.000000 0.971200 1260240.000000 0.971200 0.994032 0.000000 0 
1525440.000000 0.854774 1525440.000000 0.854774 0.995657 0.000000 0 
1492560.000000 0.864912 1492560.000000 0.864912 0.982978 0.000000 0 
1760640.000000 0.816350 1760640.000000 0.816350 0.976650 0.000000 0 
1547520.000000 0.848934 1547520.000000 0.848934 0.985718 0.000000 0 
1582080.000000 0.844867 1582080.000000 0.844867 0.968490 0.000000 0 
1223760.000000 1.176169 1223760.000000 1.176169 0.991323 0.000000 0 
1308960.000000 0.944977 1308960.000000 0.944977 0.998978 0.000000 0 
1534080.000000 0.851016 1534080.000000 0.851016 0.993653 0.000000 0 
1361760.000000 0.912172 1361760.000000 0.912172 0.980847 0.000000 0 
1508160.000000 0.862289 1508160.000000 0.862289 0.996632 0.000000 0 
1435200.000000 0.882283 1435200.000000 0.882283 0.995647 0.000000 0 
1247040.000000 0.998671 1247040.000000 0.998671 0.998833 0.000000 0 
1593360.000000 0.841917 1593360.000000 0.841917 0.966236 0.000000 0 
1596000.000000 0.841881 1596000.000000 0.841881 0.993289 0.000000 0 
1440720.000000 0.875528 1440720.000000 0.875528 0.979828 0.000000 0 
1369680.000000 0.911505 1369680.000000 0.911505 0.996740 0.000000 0 
1236480.000000 1.004619 1236480.000000 1.004619 0.999475 0.000000 0 
1574160.000000 0.844889 1574160.000000 0.844889 0.967310 0.000000 0 
1232880.000000 1.173597 1232880.000000 1.173597 0.995115 0.000000 0 
1378080.000000 0.899221 1378080.000000 0.899221 0.982194 0.000000 0 
1392000.000000 0.897805 1392000.000000 0.897805 0.998956 0.000000 0 
1744800.000000 0.823031 1744800.000000 0.823031 0.999929 0.000000 0 
1526160.000000 0.851532 1526160.000000 0.851532 0.986571 0.000000 0 
1868160.000000 0.810476 1868160.000000 0.810476 0.970941 0.000000 0 
1763760.000000 0.815307 1763760.000000 0.815307 0.974176 0.000000 0 
1378080.000000 0.899221 1378080.000000 0.899221 0.982194 0.000000 0 
1655520.000000 0.831910 1655520.000000 0.831910 0.989412 0.000000 0 
1650000.000000 0.834373 1650000.000000 0.834373 0.997831 0.000000 0 
1545840.000000 0.850233 1545840.000000 0.850233 0.979386 0.000000 0 
1244400.000000 0.998774 1244400.000000 0.998774 0.998807 0.000000 0 
1646640.000000 0.834454 1646640.000000 0.834454 0.983605 0.000000 0 
1392000.000000 0.897805 1392000.000000 0.897805 0.998956 0.000000 0 
1299360.000000 0.946050 1299360.000000 0.946050 0.997693 0.000000 0 
1299360.000000 0.946050 1299360.000000 0.946050 0.997693 0.000000 0 
1281120.000000 0.966311 1281120.000000 0.966311 0.996870 0.000000 0 
1655520.000000 0.831910 1655520.000000 0.831910 0.989412 0.000000 0 
1234080.000000 1.170628 1234080.000000 1.170628 0.996038 0.000000 0 
1508160.000000 0.862289 1508160.000000 0.862289 0.996632 0.000000 0 
1878240.000000 0.810294 1878240.000000 0.810294 0.998955 0.000000 0 
1869360.000000 0.810462 1869360.000000 0.810462 0.994720 0.000000 0 
1367760.000000 0.911653 1367760.000000 0.911653 0.989055 0.000000 0 
1244400.000000 0.998774 1244400.000000 0.998774 0.998807 0.000000 0 
1744800.000000 0.823031 1744800.000000 0.823031 0.999929 0.000000 0 
1331760.000000 0.931939 1331760.000000 0.931939 0.982846 0.000000 0 
1256880.000000 0.972109 1256880.000000 0.972109 0.992936 0.000000 0 
1260240.000000 0.971200 1260240.000000 0.971200 0.994032 0.000000 0 
1881840.000000 0.809609 1881840.000000 0.809609 0.995458 0.000000 0 
1878240.000000 0.810294 1878240.000000 0.810294 0.998955 0.000000 0 
1545840.000000 0.850233 1545840.000000 0.850233 0.979386 0.000000 0 
1233600.000000 1.172060 1233600.000000 1.172060 0.996207 0.000000 0 
1233600.000000 1.172060 1233600.000000 1.172060 0.996207 0.000000 0 
1331760.000000 0.931939 1331760.000000 0.931939 0.982846 0.000000 0 
1869360.000000 0.810462 1869360.000000 0.810462 0.994720 0.000000 0 
1343520.000000 0.913381 1343520.000000 0.913381 0.985403 0.000000 0 
1683360.000000 0.823814 1683360.000000 0.823814 0.989833 0.000000 0 
1617120.000000 0.837327 1617120.000000 0.837327 0.992773 0.000000 0 
1551840.000000 0.847270 1551840.000000 0.847270 0.981134 0.000000 0 
1869360.000000 0.810462 1869360.000000 0.810462 0.994720 0.000000 0 
1608480.000000 0.838410 1608480.000000 0.838410 0.993100 0.000000 0 
1332480.000000 0.923980 1332480.000000 0.923980 0.991813 0.000000 0 
1626720.000000 0.837216 1626720.000000 0.837216 0.991285 0.000000 0 
1698240.000000 0.826029 1698240.000000 0.826029 0.981676 0.000000 1 
1720560.000000 0.824998 1720560.000000 0.824998 0.993688 0.000000 1 
1608480.000000 0.839628 1608480.000000 0.839628 0.993914 0.000000 1 
1343760.000000 0.919267 1343760.000000 0.919267 0.982964 0.000000 1 
1567920.000000 0.848742 1567920.000000 0.848742 0.996148 0.000000 1 
1631520.000000 0.837930 1631520.000000 0.837930 0.977602 0.000000 1 
1333680.000000 0.931328 1333680.000000 0.931328 0.989230 0.000000 1 
1349760.000000 0.914301 1349760.000000 0.914301 0.998358 0.000000 1 
1730640.000000 0.824011 1730640.000000 0.824011 0.998111 0.000000 1 
1350720.000000 0.914105 1350720.000000 0.914105 0.988076 0.000000 1 
#Generacion: 1000 
#Distancia: 248.125455 
1902240.000000 0.799751 1902240.000000 0.799751 0.972871 0.000000 0 
1162320.000000 1.137723 1162320.000000 1.137723 0.997359 0.000000 0 
1162320.000000 1.137723 1162320.000000 1.137723 0.997359 0.000000 0 
1212000.000000 1.048181 1212000.000000 1.048181 0.995936 0.000000 0 
1219440.000000 0.985464 1219440.000000 0.985464 0.995755 0.000000 0 
1180320.000000 1.105945 1180320.000000 1.105945 0.994546 0.000000 0 
1173840.000000 1.135372 1173840.000000 1.135372 0.998721 0.000000 0 
1858560.000000 0.802624 1858560.000000 0.802624 0.991829 0.000000 0 
1248240.000000 0.973125 1248240.000000 0.973125 0.988777 0.000000 0 
1377600.000000 0.882265 1377600.000000 0.882265 0.988009 0.000000 0 
1191360.000000 1.072964 1191360.000000 1.072964 0.997324 0.000000 0 
1268400.000000 0.943494 1268400.000000 0.943494 0.995687 0.000000 0 
1807920.000000 0.803714 1807920.000000 0.803714 0.979891 0.000000 0 
1669680.000000 0.813948 1669680.000000 0.813948 0.984408 0.000000 0 
1184640.000000 1.091930 1184640.000000 1.091930 0.994311 0.000000 0 
1706640.000000 0.813111 1706640.000000 0.813111 0.997710 0.000000 0 
1755600.000000 0.806426 1755600.000000 0.806426 0.978792 0.000000 0 
1392240.000000 0.876684 1392240.000000 0.876684 0.992820 0.000000 0 
1251120.000000 0.955151 1251120.000000 0.955151 0.997829 0.000000 0 
1251120.000000 0.955151 1251120.000000 0.955151 0.997829 0.000000 0 
1365360.000000 0.891619 1365360.000000 0.891619 0.991374 0.000000 0 
1470240.000000 0.855517 1470240.000000 0.855517 0.998570 0.000000 0 
1235760.000000 0.984348 1235760.000000 0.984348 0.996168 0.000000 0 
1243680.000000 0.979543 1243680.000000 0.979543 0.989337 0.000000 0 
1546560.000000 0.840400 1546560.000000 0.840400 0.983965 0.000000 0 
1184640.000000 1.091930 1184640.000000 1.091930 0.994311 0.000000 0 
1508160.000000 0.847275 1508160.000000 0.847275 0.990457 0.000000 0 
1354080.000000 0.896988 1354080.000000 0.896988 0.999337 0.000000 0 
1784880.000000 0.805546 1784880.000000 0.805546 0.982508 0.000000 0 
1204560.000000 1.059841 1204560.000000 1.059841 0.993344 0.000000 0 
1200000.000000 1.072880 1200000.000000 1.072880 0.990563 0.000000 0 
1206960.000000 1.048604 1206960.000000 1.048604 0.998805 0.000000 0 
1273440.000000 0.939353 1273440.000000 0.939353 0.985946 0.000000 0 
1490880.000000 0.848079 1490880.000000 0.848079 0.984341 0.000000 0 
1776240.000000 0.805624 1776240.000000 0.805624 0.979973 0.000000 0 
1401840.000000 0.873490 1401840.000000 0.873490 0.997228 0.000000 0 
1573920.000000 0.839223 1573920.000000 0.839223 0.984539 0.000000 0 
1720080.000000 0.812214 1720080.000000 0.812214 0.998729 0.000000 0 
1632720.000000 0.825640 1632720.000000 0.825640 0.978597 0.000000 0 
1658400.000000 0.824717 1658400.000000 0.824717 0.993255 0.000000 0 
1415040.000000 0.873366 1415040.000000 0.873366 0.991369 0.000000 0 
1737600.000000 0.808715 1737600.000000 0.808715 0.988821 0.000000 0 
1806960.000000 0.804528 1806960.000000 0.804528 0.976414 0.000000 0 
1204560.000000 1.059841 1204560.000000 1.059841 0.993344 0.000000 0 
1470000.000000 0.861430 1470000.000000 0.861430 0.993296 0.000000 0 
1737120.000000 0.810373 1737120.000000 0.810373 0.974339 0.000000 0 
1523280.000000 0.846955 1523280.000000 0.846955 0.976889 0.000000 0 
1876800.000000 0.802512 1876800.000000 0.802512 0.983995 0.000000 0 
1486320.000000 0.851842 1486320.000000 0.851842 0.983482 0.000000 0 
1294080.000000 0.932392 1294080.000000 0.932392 0.997470 0.000000 0 
1289280.000000 0.938309 1289280.000000 0.938309 0.990860 0.000000 0 
1533120.000000 0.844098 1533120.000000 0.844098 0.999060 0.000000 0 
1881600.000000 0.801838 1881600.000000 0.801838 0.992176 0.000000 0 
1668240.000000 0.820593 1668240.000000 0.820593 0.993630 0.000000 0 
1544640.000000 0.842348 1544640.000000 0.842348 0.998906 0.000000 0 
1588800.000000 0.834093 1588800.000000 0.834093 0.995937 0.000000 0 
1603920.000000 0.832464 1603920.000000 0.832464 0.982506 0.000000 0 
1219440.000000 0.985464 1219440.000000 0.985464 0.995755 0.000000 0 
1896960.000000 0.801661 1896960.000000 0.801661 0.985504 0.000000 0 
1446000.000000 0.864770 1446000.000000 0.864770 0.998614 0.000000 0 
1585920.000000 0.837408 1585920.000000 0.837408 0.984873 0.000000 0 
1291920.000000 0.937547 1291920.000000 0.937547 0.984791 0.000000 0 
1461360.000000 0.863485 1461360.000000 0.863485 0.993929 0.000000 0 
1632720.000000 0.825640 1632720.000000 0.825640 0.978597 0.000000 0 
1620720.000000 0.827654 1620720.000000 0.827654 0.997647 0.000000 0 
1620720.000000 0.827654 1620720.000000 0.827654 0.997647 0.000000 0 
1606800.000000 0.828719 1606800.000000 0.828719 0.972812 0.000000 0 
1527360.000000 0.844662 1527360.000000 0.844662 0.984445 0.000000 0 
1579920.000000 0.838356 1579920.000000 0.838356 0.986276 0.000000 0 
1711440.000000 0.812265 1711440.000000 0.812265 0.998499 0.000000 0 
1453200.000000 0.864719 1453200.000000 0.864719 0.992860 0.000000 0 
1662240.000000 0.822938 1662240.000000 0.822938 0.999656 0.000000 0 
1486320.000000 0.851842 1486320.000000 0.851842 0.983482 0.000000 0 
1361280.000000 0.893455 1361280.000000 0.893455 0.999435 0.000000 0 
1359840.000000 0.896620 1359840.000000 0.896620 0.996604 0.000000 0 
1663920.000000 0.821263 1663920.000000 0.821263 0.983726 0.000000 0 
1606800.000000 0.828719 1606800.000000 0.828719 0.972812 0.000000 0 
1167360.000000 1.136227 1167360.000000 1.136227 0.995218 0.000000 0 
1457040.000000 0.863488 1457040.000000 0.863488 0.995367 0.000000 0 
1598400.000000 0.833523 1598400.000000 0.833523 0.997508 0.000000 0 
1898880.000000 0.801349 1898880.000000 0.801349 0.979012 0.000000 0 
1200000.000000 1.072880 1200000.000000 1.072880 0.990563 0.000000 0 
1360320.000000 0.894717 1360320.000000 0.894717 0.999595 0.000000 0 
1170960.000000 1.135704 1170960.000000 1.135704 0.996642 0.000000 0 
1163040.000000 1.137101 1163040.000000 1.137101 0.987354 0.000000 0 
1573920.000000 0.839223 1573920.000000 0.839223 0.984539 0.000000 0 
1598400.000000 0.833523 1598400.000000 0.833523 0.997508 0.000000 0 
1339440.000000 0.903039 1339440.000000 0.903039 0.987910 0.000000 0 
1784880.000000 0.805546 1784880.000000 0.805546 0.982508 0.000000 0 
1294320.000000 0.908363 1294320.000000 0.908363 0.995772 0.000000 0 
1376160.000000 0.885143 1376160.000000 0.885143 0.997991 0.000000 0 
1388160.000000 0.882171 1388160.000000 0.882171 0.988869 0.000000 0 
1294080.000000 0.932392 1294080.000000 0.932392 0.997470 0.000000 0 
1428720.000000 0.865070 1428720.000000 0.865070 0.988512 0.000000 0 
1200000.000000 1.072880 1200000.000000 1.072880 0.990563 0.000000 0 
1370160.000000 0.890847 1370160.000000 0.890847 0.991157 0.000000 0 
1308000.000000 0.924225 1308000.000000 0.924225 0.991229 0.000000 1 
1311840.000000 0.910712 1311840.000000 0.910712 0.996472 0.000000 1 
1428720.000000 0.873304 1428720.000000 0.873304 0.972285 0.000000 1 
1441200.000000 0.867565 1441200.000000 0.867565 0.994521 0.000000 1 
#Generacion: 1500 
#Distancia: 255.048081 
1930560.000000 0.790035 1930560.000000 0.790035 0.987628 0.000000 0 
1132560.000000 1.247652 1132560.000000 1.247652 0.999664 0.000000 0 
1134480.000000 1.101947 1134480.000000 1.101947 0.993653 0.000000 0 
1152960.000000 1.066632 1152960.000000 1.066632 0.995402 0.000000 0 
1158480.000000 1.027461 1158480.000000 1.027461 0.997418 0.000000 0 
1147680.000000 1.076321 1147680.000000 1.076321 0.996695 0.000000 0 
1911600.000000 0.791838 1911600.000000 0.791838 0.983768 0.000000 0 
1590720.000000 0.820968 1590720.000000 0.820968 0.994078 0.000000 0 
1865520.000000 0.793724 1865520.000000 0.793724 0.984187 0.000000 0 
1168080.000000 0.996879 1168080.000000 0.996879 0.999302 0.000000 0 
1835040.000000 0.799043 1835040.000000 0.799043 0.983266 0.000000 0 
1784400.000000 0.801296 1784400.000000 0.801296 0.992628 0.000000 0 
1638000.000000 0.820242 1638000.000000 0.820242 0.992192 0.000000 0 
1164240.000000 1.024341 1164240.000000 1.024341 0.996411 0.000000 0 
1473600.000000 0.848525 1473600.000000 0.848525 0.997213 0.000000 0 
1342080.000000 0.882549 1342080.000000 0.882549 0.996867 0.000000 0 
1449360.000000 0.848961 1449360.000000 0.848961 0.982464 0.000000 0 
1211040.000000 0.968979 1211040.000000 0.968979 0.986626 0.000000 0 
1584480.000000 0.829955 1584480.000000 0.829955 0.993981 0.000000 0 
1257360.000000 0.923814 1257360.000000 0.923814 0.997759 0.000000 0 
1247280.000000 0.939663 1247280.000000 0.939663 0.996975 0.000000 0 
1237440.000000 0.949266 1237440.000000 0.949266 0.991133 0.000000 0 
1749600.000000 0.803142 1749600.000000 0.803142 0.979927 0.000000 0 
1359360.000000 0.881225 1359360.000000 0.881225 0.994648 0.000000 0 
1772640.000000 0.802509 1772640.000000 0.802509 0.983705 0.000000 0 
1324560.000000 0.894873 1324560.000000 0.894873 0.993698 0.000000 0 
1177440.000000 0.988896 1177440.000000 0.988896 0.991324 0.000000 0 
1548480.000000 0.832738 1548480.000000 0.832738 0.998936 0.000000 0 
1396800.000000 0.868445 1396800.000000 0.868445 0.978367 0.000000 0 
1194480.000000 0.982147 1194480.000000 0.982147 0.983987 0.000000 0 
1661520.000000 0.818140 1661520.000000 0.818140 0.985069 0.000000 0 
1332000.000000 0.891813 1332000.000000 0.891813 0.996439 0.000000 0 
1850400.000000 0.795203 1850400.000000 0.795203 0.981299 0.000000 0 
1643520.000000 0.818341 1643520.000000 0.818341 0.995976 0.000000 0 
1409280.000000 0.866590 1409280.000000 0.866590 0.998968 0.000000 0 
1218960.000000 0.961164 1218960.000000 0.961164 0.996752 0.000000 0 
1247280.000000 0.939663 1247280.000000 0.939663 0.996975 0.000000 0 
1443600.000000 0.856564 1443600.000000 0.856564 0.990970 0.000000 0 
1308000.000000 0.902480 1308000.000000 0.902480 0.999924 0.000000 0 
1201200.000000 0.974008 1201200.000000 0.974008 0.995216 0.000000 0 
1719840.000000 0.806838 1719840.000000 0.806838 0.994508 0.000000 0 
1568400.000000 0.830806 1568400.000000 0.830806 0.996113 0.000000 0 
1232400.000000 0.952191 1232400.000000 0.952191 0.990671 0.000000 0 
1711680.000000 0.810360 1711680.000000 0.810360 0.995319 0.000000 0 
1282560.000000 0.913427 1282560.000000 0.913427 0.995865 0.000000 0 
1522560.000000 0.839590 1522560.000000 0.839590 0.988767 0.000000 0 
1265280.000000 0.919263 1265280.000000 0.919263 0.997703 0.000000 0 
1545600.000000 0.834454 1545600.000000 0.834454 0.995353 0.000000 0 
1726800.000000 0.805608 1726800.000000 0.805608 0.980373 0.000000 0 
1196880.000000 0.974398 1196880.000000 0.974398 0.990467 0.000000 0 
1288320.000000 0.909654 1288320.000000 0.909654 0.995094 0.000000 0 
1503600.000000 0.840764 1503600.000000 0.840764 0.987184 0.000000 0 
1301520.000000 0.906504 1301520.000000 0.906504 0.997047 0.000000 0 
1704240.000000 0.810932 1704240.000000 0.810932 0.980642 0.000000 0 
1278960.000000 0.917201 1278960.000000 0.917201 0.999030 0.000000 0 
1665840.000000 0.815265 1665840.000000 0.815265 0.997207 0.000000 0 
1385520.000000 0.875920 1385520.000000 0.875920 0.996318 0.000000 0 
1671600.000000 0.812842 1671600.000000 0.812842 0.982674 0.000000 0 
1316400.000000 0.900902 1316400.000000 0.900902 0.999075 0.000000 0 
1680240.000000 0.812711 1680240.000000 0.812711 0.984399 0.000000 0 
1370880.000000 0.880593 1370880.000000 0.880593 0.993305 0.000000 0 
1692720.000000 0.811080 1692720.000000 0.811080 0.982561 0.000000 0 
1568400.000000 0.830806 1568400.000000 0.830806 0.996113 0.000000 0 
1272240.000000 0.918756 1272240.000000 0.918756 0.996931 0.000000 0 
1379760.000000 0.878444 1379760.000000 0.878444 0.995985 0.000000 0 
1182960.000000 0.982475 1182960.000000 0.982475 0.993268 0.000000 0 
1535040.000000 0.837706 1535040.000000 0.837706 0.990315 0.000000 0 
1221600.000000 0.959547 1221600.000000 0.959547 0.997754 0.000000 0 
1435200.000000 0.862105 1435200.000000 0.862105 0.991175 0.000000 0 
1258320.000000 0.923609 1258320.000000 0.923609 0.997848 0.000000 0 
1535040.000000 0.837706 1535040.000000 0.837706 0.990315 0.000000 0 
1688880.000000 0.812209 1688880.000000 0.812209 0.984504 0.000000 0 
1847520.000000 0.798996 1847520.000000 0.798996 0.983749 0.000000 0 
1396320.000000 0.875378 1396320.000000 0.875378 0.993588 0.000000 0 
1739280.000000 0.803414 1739280.000000 0.803414 0.982248 0.000000 0 
1493040.000000 0.842600 1493040.000000 0.842600 0.987220 0.000000 0 
1516080.000000 0.839714 1516080.000000 0.839714 0.998374 0.000000 0 
1500720.000000 0.842583 1500720.000000 0.842583 0.988623 0.000000 0 
1427280.000000 0.864600 1427280.000000 0.864600 0.996105 0.000000 0 
1230720.000000 0.958700 1230720.000000 0.958700 0.987314 0.000000 0 
1331040.000000 0.892048 1331040.000000 0.892048 0.996479 0.000000 0 
1374000.000000 0.879126 1374000.000000 0.879126 0.997344 0.000000 0 
1176000.000000 0.995305 1176000.000000 0.995305 0.998720 0.000000 0 
1417680.000000 0.864869 1417680.000000 0.864869 0.996072 0.000000 0 
1841760.000000 0.799024 1841760.000000 0.799024 0.983461 0.000000 0 
1427520.000000 0.862650 1427520.000000 0.862650 0.981248 0.000000 0 
1182960.000000 0.982475 1182960.000000 0.982475 0.993268 0.000000 0 
1294320.000000 0.908363 1294320.000000 0.908363 0.995772 0.000000 0 
1436400.000000 0.858571 1436400.000000 0.858571 0.994928 0.000000 0 
1394160.000000 0.875645 1394160.000000 0.875645 0.977913 0.000000 0 
1164240.000000 1.024341 1164240.000000 1.024341 0.996411 0.000000 0 
1316400.000000 0.900902 1316400.000000 0.900902 0.999075 0.000000 0 
1779360.000000 0.802334 1779360.000000 0.802334 0.990682 0.000000 0 
1437840.000000 0.856846 1437840.000000 0.856846 0.981799 0.000000 0 
1176000.000000 0.995305 1176000.000000 0.995305 0.998720 0.000000 0 
1230720.000000 0.958700 1230720.000000 0.958700 0.987314 0.000000 0 
1295040.000000 0.906646 1295040.000000 0.906646 0.994925 0.000000 0 
1417680.000000 0.864869 1417680.000000 0.864869 0.996072 0.000000 0 
1732320.000000 0.804059 1732320.000000 0.804059 0.993199 0.000000 0 
1483920.000000 0.844503 1483920.000000 0.844503 0.977899 0.000000 0 
#Generacion: 2000 
#Distancia: 242.338081 
1930560.000000 0.790035 1930560.000000 0.790035 0.987628 0.000000 0 
1116960.000000 1.094283 1116960.000000 1.094283 0.985229 0.000000 0 
1130160.000000 1.030890 1130160.000000 1.030890 0.991714 0.000000 0 
1124640.000000 1.089923 1124640.000000 1.089923 0.985654 0.000000 0 
1162320.000000 0.995992 1162320.000000 0.995992 0.999500 0.000000 0 
1147200.000000 1.013867 1147200.000000 1.013867 0.999430 0.000000 0 
1359360.000000 0.871294 1359360.000000 0.871294 0.986456 0.000000 0 
1888560.000000 0.793028 1888560.000000 0.793028 0.980903 0.000000 0 
1144080.000000 1.027054 1144080.000000 1.027054 0.981134 0.000000 0 
1909680.000000 0.790671 1909680.000000 0.790671 0.982968 0.000000 0 
1865520.000000 0.793724 1865520.000000 0.793724 0.984187 0.000000 0 
1222320.000000 0.941750 1222320.000000 0.941750 0.991729 0.000000 0 
1245840.000000 0.931802 1245840.000000 0.931802 0.998942 0.000000 0 
1204800.000000 0.957332 1204800.000000 0.957332 0.986415 0.000000 0 
1346880.000000 0.876457 1346880.000000 0.876457 0.985761 0.000000 0 
1268880.000000 0.912250 1268880.000000 0.912250 0.995576 0.000000 0 
1590720.000000 0.820968 1590720.000000 0.820968 0.994078 0.000000 0 
1298640.000000 0.898894 1298640.000000 0.898894 0.998720 0.000000 0 
1173600.000000 0.982569 1173600.000000 0.982569 0.989803 0.000000 0 
1254240.000000 0.924061 1254240.000000 0.924061 0.998821 0.000000 0 
1432560.000000 0.855872 1432560.000000 0.855872 0.992933 0.000000 0 
1200480.000000 0.973907 1200480.000000 0.973907 0.994011 0.000000 0 
1573440.000000 0.823380 1573440.000000 0.823380 0.983742 0.000000 0 
1147200.000000 1.013867 1147200.000000 1.013867 0.999430 0.000000 0 
1601280.000000 0.818837 1601280.000000 0.818837 0.994143 0.000000 0 
1685760.000000 0.811056 1685760.000000 0.811056 0.986496 0.000000 0 
1380240.000000 0.869359 1380240.000000 0.869359 0.990683 0.000000 0 
1531680.000000 0.834478 1531680.000000 0.834478 0.994859 0.000000 0 
1219200.000000 0.951457 1219200.000000 0.951457 0.985618 0.000000 0 
1700400.000000 0.810124 1700400.000000 0.810124 0.989258 0.000000 0 
1316880.000000 0.888709 1316880.000000 0.888709 0.999036 0.000000 0 
1448640.000000 0.852931 1448640.000000 0.852931 0.986129 0.000000 0 
1331040.000000 0.886705 1331040.000000 0.886705 0.995380 0.000000 0 
1296960.000000 0.903710 1296960.000000 0.903710 0.991371 0.000000 0 
1403280.000000 0.864367 1403280.000000 0.864367 0.989270 0.000000 0 
1562640.000000 0.824873 1562640.000000 0.824873 0.988781 0.000000 0 
1457280.000000 0.845759 1457280.000000 0.845759 0.992462 0.000000 0 
1481280.000000 0.843106 1481280.000000 0.843106 0.982751 0.000000 0 
1804800.000000 0.796686 1804800.000000 0.796686 0.979456 0.000000 0 
1552560.000000 0.827877 1552560.000000 0.827877 0.995638 0.000000 0 
1229040.000000 0.938241 1229040.000000 0.938241 0.991366 0.000000 0 
1191840.000000 0.974254 1191840.000000 0.974254 0.994360 0.000000 0 
1467840.000000 0.843822 1467840.000000 0.843822 0.992219 0.000000 0 
1281840.000000 0.907719 1281840.000000 0.907719 0.995774 0.000000 0 
1622160.000000 0.818534 1622160.000000 0.818534 0.984089 0.000000 0 
1212720.000000 0.951587 1212720.000000 0.951587 0.990843 0.000000 0 
1732320.000000 0.802683 1732320.000000 0.802683 0.984644 0.000000 0 
1418400.000000 0.864187 1418400.000000 0.864187 0.997358 0.000000 0 
1311840.000000 0.894348 1311840.000000 0.894348 0.999650 0.000000 0 
1817280.000000 0.796620 1817280.000000 0.796620 0.973960 0.000000 0 
1202880.000000 0.963865 1202880.000000 0.963865 0.990414 0.000000 0 
1790640.000000 0.798387 1790640.000000 0.798387 0.973127 0.000000 0 
1491840.000000 0.840878 1491840.000000 0.840878 0.982953 0.000000 0 
1783920.000000 0.799698 1783920.000000 0.799698 0.992627 0.000000 0 
1508880.000000 0.838708 1508880.000000 0.838708 0.990560 0.000000 0 
1340880.000000 0.880003 1340880.000000 0.880003 0.999541 0.000000 0 
1449360.000000 0.848961 1449360.000000 0.848961 0.982464 0.000000 0 
1336320.000000 0.883008 1336320.000000 0.883008 0.994729 0.000000 0 
1713360.000000 0.808033 1713360.000000 0.808033 0.999365 0.000000 0 
1668720.000000 0.812207 1668720.000000 0.812207 0.983432 0.000000 0 
1396800.000000 0.868445 1396800.000000 0.868445 0.978367 0.000000 0 
1716960.000000 0.805946 1716960.000000 0.805946 0.983381 0.000000 0 
1636080.000000 0.815161 1636080.000000 0.815161 0.998918 0.000000 0 
1284000.000000 0.906347 1284000.000000 0.906347 0.997957 0.000000 0 
1535040.000000 0.828200 1535040.000000 0.828200 0.993935 0.000000 0 
1185360.000000 0.979881 1185360.000000 0.979881 0.991124 0.000000 0 
1170240.000000 0.990521 1170240.000000 0.990521 0.988223 0.000000 0 
1833840.000000 0.796575 1833840.000000 0.796575 0.983005 0.000000 0 
1138800.000000 1.029637 1138800.000000 1.029637 0.992353 0.000000 0 
1725360.000000 0.802803 1725360.000000 0.802803 0.985791 0.000000 0 
1263120.000000 0.923464 1263120.000000 0.923464 0.997562 0.000000 0 
1629840.000000 0.817969 1629840.000000 0.817969 0.989581 0.000000 0 
1502400.000000 0.840290 1502400.000000 0.840290 0.983974 0.000000 0 
1754160.000000 0.802381 1754160.000000 0.802381 0.995195 0.000000 0 
1431120.000000 0.860910 1431120.000000 0.860910 0.989154 0.000000 0 
1930560.000000 0.790035 1930560.000000 0.790035 0.987628 0.000000 0 
1163280.000000 0.995634 1163280.000000 0.995634 0.999321 0.000000 0 
1267440.000000 0.917459 1267440.000000 0.917459 0.999634 0.000000 0 
1662000.000000 0.812255 1662000.000000 0.812255 0.988961 0.000000 0 
1648560.000000 0.812831 1648560.000000 0.812831 0.998386 0.000000 0 
1426560.000000 0.862092 1426560.000000 0.862092 0.998948 0.000000 0 
1846320.000000 0.794352 1846320.000000 0.794352 0.998648 0.000000 0 
1170240.000000 0.990521 1170240.000000 0.990521 0.988223 0.000000 0 
1265280.000000 0.919263 1265280.000000 0.919263 0.997703 0.000000 0 
1313760.000000 0.893577 1313760.000000 0.893577 0.999427 0.000000 0 
1202880.000000 0.963865 1202880.000000 0.963865 0.990414 0.000000 0 
1388880.000000 0.868893 1388880.000000 0.868893 0.992090 0.000000 0 
1182000.000000 0.980021 1182000.000000 0.980021 0.980951 0.000000 0 
1242960.000000 0.936538 1242960.000000 0.936538 0.998950 0.000000 0 
1646640.000000 0.814569 1646640.000000 0.814569 0.997915 0.000000 0 
1754160.000000 0.802381 1754160.000000 0.802381 0.995195 0.000000 0 
1766640.000000 0.800054 1766640.000000 0.800054 0.995124 0.000000 0 
1241520.000000 0.937253 1241520.000000 0.937253 0.993695 0.000000 0 
1836720.000000 0.794763 1836720.000000 0.794763 0.981630 0.000000 0 
1540080.000000 0.828114 1540080.000000 0.828114 0.993028 0.000000 0 
1520640.000000 0.836594 1520640.000000 0.836594 0.995317 0.000000 0 
1766640.000000 0.800054 1766640.000000 0.800054 0.995124 0.000000 0 
1123920.000000 1.090729 1123920.000000 1.090729 0.986167 0.000000 0 
1521360.000000 0.836515 1521360.000000 0.836515 0.990748 0.000000 0 
1117920.000000 1.093950 1117920.000000 1.093950 0.984803 0.000000 0 
#Generacion: 2500 
#Distancia: 257.381515 
2005440.000000 0.786199 2005440.000000 0.786199 0.988774 0.000000 0 
1091280.000000 1.094427 1091280.000000 1.094427 0.995964 0.000000 0 
1091280.000000 1.094427 1091280.000000 1.094427 0.995964 0.000000 0 
1102800.000000 1.060003 1102800.000000 1.060003 0.997706 0.000000 0 
1095600.000000 1.093420 1095600.000000 1.093420 0.997011 0.000000 0 
1118640.000000 1.032203 1118640.000000 1.032203 0.998497 0.000000 0 
1116480.000000 1.057735 1116480.000000 1.057735 0.995795 0.000000 0 
1137360.000000 1.007966 1137360.000000 1.007966 0.990900 0.000000 0 
1133280.000000 1.030497 1133280.000000 1.030497 0.999145 0.000000 0 
1174560.000000 0.968906 1174560.000000 0.968906 0.999310 0.000000 0 
1837200.000000 0.790048 1837200.000000 0.790048 0.982147 0.000000 0 
1165920.000000 0.979492 1165920.000000 0.979492 0.995021 0.000000 0 
1191120.000000 0.964367 1191120.000000 0.964367 0.986347 0.000000 0 
1194720.000000 0.955330 1194720.000000 0.955330 0.999973 0.000000 0 
1974720.000000 0.786871 1974720.000000 0.786871 0.987985 0.000000 0 
1207440.000000 0.950089 1207440.000000 0.950089 0.997464 0.000000 0 
1919760.000000 0.789647 1919760.000000 0.789647 0.996205 0.000000 0 
1164000.000000 0.987225 1164000.000000 0.987225 0.989445 0.000000 0 
1617600.000000 0.814831 1617600.000000 0.814831 0.987338 0.000000 0 
1888080.000000 0.790015 1888080.000000 0.790015 0.998291 0.000000 0 
1155600.000000 0.994070 1155600.000000 0.994070 0.992778 0.000000 0 
1689120.000000 0.804724 1689120.000000 0.804724 0.986326 0.000000 0 
1648560.000000 0.812831 1648560.000000 0.812831 0.998386 0.000000 0 
1716960.000000 0.803569 1716960.000000 0.803569 0.986851 0.000000 0 
1218480.000000 0.939682 1218480.000000 0.939682 0.997432 0.000000 0 
1671840.000000 0.807830 1671840.000000 0.807830 0.993850 0.000000 0 
1216800.000000 0.943645 1216800.000000 0.943645 0.991668 0.000000 0 
1821360.000000 0.790356 1821360.000000 0.790356 0.992094 0.000000 0 
1145280.000000 1.006479 1145280.000000 1.006479 0.988440 0.000000 0 
1438560.000000 0.846861 1438560.000000 0.846861 0.989387 0.000000 0 
1606320.000000 0.816466 1606320.000000 0.816466 0.999975 0.000000 0 
1277760.000000 0.902380 1277760.000000 0.902380 0.997905 0.000000 0 
1432320.000000 0.850936 1432320.000000 0.850936 0.998895 0.000000 0 
1653600.000000 0.811815 1653600.000000 0.811815 0.983454 0.000000 0 
1953840.000000 0.788326 1953840.000000 0.788326 0.988143 0.000000 0 
1586160.000000 0.817570 1586160.000000 0.817570 0.999770 0.000000 0 
1290000.000000 0.898116 1290000.000000 0.898116 0.993256 0.000000 0 
1514880.000000 0.829275 1514880.000000 0.829275 0.996685 0.000000 0 
1371120.000000 0.868248 1371120.000000 0.868248 0.984600 0.000000 0 
1251120.000000 0.929322 1251120.000000 0.929322 0.998808 0.000000 0 
1238640.000000 0.930259 1238640.000000 0.930259 0.991193 0.000000 0 
1503120.000000 0.835916 1503120.000000 0.835916 0.992735 0.000000 0 
1547520.000000 0.824748 1547520.000000 0.824748 0.993218 0.000000 0 
1903200.000000 0.789875 1903200.000000 0.789875 0.975243 0.000000 0 
1261680.000000 0.923039 1261680.000000 0.923039 0.996848 0.000000 0 
1770480.000000 0.797108 1770480.000000 0.797108 0.993210 0.000000 0 
1334640.000000 0.881040 1334640.000000 0.881040 0.998913 0.000000 0 
1506960.000000 0.831152 1506960.000000 0.831152 0.994390 0.000000 0 
1269120.000000 0.909504 1269120.000000 0.909504 0.997431 0.000000 0 
1529520.000000 0.826977 1529520.000000 0.826977 0.990344 0.000000 0 
1582320.000000 0.821075 1582320.000000 0.821075 0.997778 0.000000 0 
1492560.000000 0.837416 1492560.000000 0.837416 0.993888 0.000000 0 
1395600.000000 0.865005 1395600.000000 0.865005 0.991859 0.000000 0 
1300800.000000 0.894980 1300800.000000 0.894980 0.997002 0.000000 0 
1351920.000000 0.875917 1351920.000000 0.875917 0.980007 0.000000 0 
1227840.000000 0.932806 1227840.000000 0.932806 0.998747 0.000000 0 
1359360.000000 0.871294 1359360.000000 0.871294 0.986456 0.000000 0 
1807920.000000 0.794123 1807920.000000 0.794123 0.999534 0.000000 0 
1560480.000000 0.823249 1560480.000000 0.823249 0.982380 0.000000 0 
1251600.000000 0.923075 1251600.000000 0.923075 0.997307 0.000000 0 
1457280.000000 0.845759 1457280.000000 0.845759 0.992462 0.000000 0 
1325520.000000 0.887576 1325520.000000 0.887576 0.987181 0.000000 0 
1333200.000000 0.886236 1333200.000000 0.886236 0.992802 0.000000 0 
1468560.000000 0.843400 1468560.000000 0.843400 0.985836 0.000000 0 
1570560.000000 0.822645 1570560.000000 0.822645 0.998062 0.000000 0 
1148400.000000 0.998071 1148400.000000 0.998071 0.994873 0.000000 0 
1427040.000000 0.856226 1427040.000000 0.856226 0.995351 0.000000 0 
1407360.000000 0.860144 1407360.000000 0.860144 0.997584 0.000000 0 
1678560.000000 0.805953 1678560.000000 0.805953 0.986493 0.000000 0 
1474320.000000 0.839600 1474320.000000 0.839600 0.992035 0.000000 0 
1399200.000000 0.861660 1399200.000000 0.861660 0.991403 0.000000 0 
1754400.000000 0.799173 1754400.000000 0.799173 0.991645 0.000000 0 
1734000.000000 0.800694 1734000.000000 0.800694 0.981894 0.000000 0 
1725120.000000 0.802167 1725120.000000 0.802167 0.996091 0.000000 0 
1311120.000000 0.888470 1311120.000000 0.888470 0.998768 0.000000 0 
1268160.000000 0.909686 1268160.000000 0.909686 0.997662 0.000000 0 
1953840.000000 0.788326 1953840.000000 0.788326 0.988143 0.000000 0 
1418640.000000 0.859214 1418640.000000 0.859214 0.998385 0.000000 0 
1742640.000000 0.799398 1742640.000000 0.799398 0.998962 0.000000 0 
1285920.000000 0.901836 1285920.000000 0.901836 0.998598 0.000000 0 
1477200.000000 0.837427 1477200.000000 0.837427 0.994573 0.000000 0 
1537440.000000 0.826542 1537440.000000 0.826542 0.982100 0.000000 0 
1267440.000000 0.917459 1267440.000000 0.917459 0.999634 0.000000 0 
1789440.000000 0.795506 1789440.000000 0.795506 0.985034 0.000000 0 
1789440.000000 0.795506 1789440.000000 0.795506 0.980913 0.000000 0 
1267440.000000 0.917459 1267440.000000 0.917459 0.999634 0.000000 0 
1761840.000000 0.797135 1761840.000000 0.797135 0.987008 0.000000 0 
1307040.000000 0.893690 1307040.000000 0.893690 0.981033 0.000000 0 
1358160.000000 0.873898 1358160.000000 0.873898 0.986765 0.000000 0 
1112160.000000 1.058520 1112160.000000 1.058520 0.995754 0.000000 0 
1381680.000000 0.865954 1381680.000000 0.865954 0.984003 0.000000 0 
1123680.000000 1.030920 1123680.000000 1.030920 0.999988 0.000000 0 
1310400.000000 0.891037 1310400.000000 0.891037 0.997552 0.000000 0 
1148400.000000 0.998071 1148400.000000 0.998071 0.994873 0.000000 0 
1227840.000000 0.932806 1227840.000000 0.932806 0.998747 0.000000 0 
1458000.000000 0.843660 1458000.000000 0.843660 0.994727 0.000000 0 
1807920.000000 0.794123 1807920.000000 0.794123 0.999534 0.000000 0 
1380960.000000 0.866842 1380960.000000 0.866842 0.978598 0.000000 0 
1425360.000000 0.857808 1425360.000000 0.857808 0.998188 0.000000 0 
1344000.000000 0.878796 1344000.000000 0.878796 0.988619 0.000000 0 
#Generacion: 3000 
#Distancia: 257.806869 
1072800.000000 1.173320 1072800.000000 1.173320 0.998157 0.000000 0 
1974000.000000 0.785658 1974000.000000 0.785658 0.988425 0.000000 0 
1073760.000000 1.170750 1073760.000000 1.170750 0.999327 0.000000 0 
1081920.000000 1.103268 1081920.000000 1.103268 0.993505 0.000000 0 
1088400.000000 1.081444 1088400.000000 1.081444 0.999250 0.000000 0 
1102800.000000 1.060003 1102800.000000 1.060003 0.997706 0.000000 0 
1120560.000000 1.022378 1120560.000000 1.022378 0.986259 0.000000 0 
1118640.000000 1.032203 1118640.000000 1.032203 0.998497 0.000000 0 
1117680.000000 1.049668 1117680.000000 1.049668 0.999913 0.000000 0 
1132800.000000 1.007991 1132800.000000 1.007991 0.989581 0.000000 0 
1537440.000000 0.826542 1537440.000000 0.826542 0.982100 0.000000 0 
1429680.000000 0.851572 1429680.000000 0.851572 0.990437 0.000000 0 
1821360.000000 0.790356 1821360.000000 0.790356 0.992094 0.000000 0 
1464480.000000 0.842333 1464480.000000 0.842333 0.989126 0.000000 0 
1411920.000000 0.856003 1411920.000000 0.856003 0.991456 0.000000 0 
1170720.000000 0.967499 1170720.000000 0.967499 0.999463 0.000000 0 
1941360.000000 0.786023 1941360.000000 0.786023 0.989096 0.000000 0 
1799280.000000 0.793828 1799280.000000 0.793828 0.971948 0.000000 0 
1216320.000000 0.934346 1216320.000000 0.934346 0.999714 0.000000 0 
1514640.000000 0.828869 1514640.000000 0.828869 0.990923 0.000000 0 
1153200.000000 0.992863 1153200.000000 0.992863 0.996217 0.000000 0 
1201680.000000 0.950027 1201680.000000 0.950027 0.997231 0.000000 0 
1185360.000000 0.965068 1185360.000000 0.965068 0.995909 0.000000 0 
1323600.000000 0.884199 1323600.000000 0.884199 0.996566 0.000000 0 
1243920.000000 0.920339 1243920.000000 0.920339 0.997810 0.000000 0 
1221360.000000 0.928512 1221360.000000 0.928512 0.999732 0.000000 0 
1167600.000000 0.976236 1167600.000000 0.976236 0.997189 0.000000 0 
1628400.000000 0.812265 1628400.000000 0.812265 0.979500 0.000000 0 
1442160.000000 0.845541 1442160.000000 0.845541 0.995071 0.000000 0 
1286160.000000 0.903776 1286160.000000 0.903776 0.999879 0.000000 0 
1371600.000000 0.864252 1371600.000000 0.864252 0.991404 0.000000 0 
1854000.000000 0.789720 1854000.000000 0.789720 0.992474 0.000000 0 
1266960.000000 0.903820 1266960.000000 0.903820 0.999543 0.000000 0 
1918320.000000 0.787422 1918320.000000 0.787422 0.988420 0.000000 0 
1837200.000000 0.790048 1837200.000000 0.790048 0.982147 0.000000 0 
1194720.000000 0.955330 1194720.000000 0.955330 0.999973 0.000000 0 
1606320.000000 0.816466 1606320.000000 0.816466 0.999975 0.000000 0 
1362960.000000 0.868973 1362960.000000 0.868973 0.991112 0.000000 0 
1312560.000000 0.887867 1312560.000000 0.887867 0.998273 0.000000 0 
1772160.000000 0.794555 1772160.000000 0.794555 0.980016 0.000000 0 
1138560.000000 1.007973 1138560.000000 1.007973 0.991529 0.000000 0 
1591200.000000 0.817558 1591200.000000 0.817558 0.999213 0.000000 0 
1644960.000000 0.810507 1644960.000000 0.810507 0.996364 0.000000 0 
1190640.000000 0.959705 1190640.000000 0.959705 0.994093 0.000000 0 
1617120.000000 0.814347 1617120.000000 0.814347 0.997883 0.000000 0 
1212240.000000 0.942349 1212240.000000 0.942349 0.997254 0.000000 0 
1086960.000000 1.094445 1086960.000000 1.094445 0.997965 0.000000 0 
1687200.000000 0.804607 1687200.000000 0.804607 0.998813 0.000000 0 
1506960.000000 0.831152 1506960.000000 0.831152 0.994390 0.000000 0 
1571040.000000 0.821278 1571040.000000 0.821278 0.983564 0.000000 0 
1675200.000000 0.806313 1675200.000000 0.806313 0.985380 0.000000 0 
1881840.000000 0.788710 1881840.000000 0.788710 0.989825 0.000000 0 
1334640.000000 0.881040 1334640.000000 0.881040 0.998913 0.000000 0 
1266480.000000 0.910391 1266480.000000 0.910391 0.997466 0.000000 0 
1253520.000000 0.913748 1253520.000000 0.913748 0.996642 0.000000 0 
1869360.000000 0.788788 1869360.000000 0.788788 0.993142 0.000000 0 
1403760.000000 0.859755 1403760.000000 0.859755 0.988433 0.000000 0 
1347360.000000 0.874104 1347360.000000 0.874104 0.992410 0.000000 0 
1382160.000000 0.861862 1382160.000000 0.861862 0.987396 0.000000 0 
1496400.000000 0.834524 1496400.000000 0.834524 0.993469 0.000000 0 
1335840.000000 0.876051 1335840.000000 0.876051 0.998757 0.000000 0 
1788480.000000 0.794096 1788480.000000 0.794096 0.998068 0.000000 0 
1584240.000000 0.821073 1584240.000000 0.821073 0.982162 0.000000 0 
1708080.000000 0.801539 1708080.000000 0.801539 0.993118 0.000000 0 
1230000.000000 0.923957 1230000.000000 0.923957 0.999670 0.000000 0 
1112160.000000 1.058520 1112160.000000 1.058520 0.995754 0.000000 0 
1205760.000000 0.943483 1205760.000000 0.943483 0.997106 0.000000 0 
1306080.000000 0.890898 1306080.000000 0.890898 0.998889 0.000000 0 
1550400.000000 0.822930 1550400.000000 0.822930 0.997816 0.000000 0 
1701840.000000 0.804211 1701840.000000 0.804211 0.988275 0.000000 0 
1663200.000000 0.807711 1663200.000000 0.807711 0.986225 0.000000 0 
1742640.000000 0.799398 1742640.000000 0.799398 0.998962 0.000000 0 
1356720.000000 0.872168 1356720.000000 0.872168 0.991754 0.000000 0 
1161600.000000 0.979427 1161600.000000 0.979427 0.996336 0.000000 0 
1142640.000000 0.998007 1142640.000000 0.998007 0.995077 0.000000 0 
1758000.000000 0.795213 1758000.000000 0.795213 0.976728 0.000000 0 
1438560.000000 0.846861 1438560.000000 0.846861 0.989387 0.000000 0 
1394640.000000 0.861486 1394640.000000 0.861486 0.987683 0.000000 0 
1933680.000000 0.787077 1933680.000000 0.787077 0.992521 0.000000 0 
1113360.000000 1.052276 1113360.000000 1.052276 0.997380 0.000000 0 
1722480.000000 0.800733 1722480.000000 0.800733 0.971474 0.000000 0 
1492560.000000 0.837416 1492560.000000 0.837416 0.993888 0.000000 0 
1290000.000000 0.898116 1290000.000000 0.898116 0.993256 0.000000 0 
1157760.000000 0.987341 1157760.000000 0.987341 0.998780 0.000000 0 
1081920.000000 1.103268 1081920.000000 1.103268 0.993505 0.000000 0 
1086960.000000 1.094445 1086960.000000 1.094445 0.997965 0.000000 0 
1752240.000000 0.797444 1752240.000000 0.797444 0.994978 0.000000 0 
1656480.000000 0.810303 1656480.000000 0.810303 0.991551 0.000000 0 
1556400.000000 0.822596 1556400.000000 0.822596 0.996233 0.000000 0 
1300800.000000 0.894980 1300800.000000 0.894980 0.997002 0.000000 0 
1474320.000000 0.839600 1474320.000000 0.839600 0.992035 0.000000 0 
1477200.000000 0.837427 1477200.000000 0.837427 0.994573 0.000000 0 
1730400.000000 0.799945 1730400.000000 0.799945 0.992128 0.000000 0 
1142640.000000 0.998007 1142640.000000 0.998007 0.995077 0.000000 0 
1235280.000000 0.922209 1235280.000000 0.922209 0.997929 0.000000 0 
1160880.000000 0.985158 1160880.000000 0.985158 0.996890 0.000000 0 
1901040.000000 0.788068 1901040.000000 0.788068 0.991866 0.000000 0 
1258560.000000 0.913446 1258560.000000 0.913446 0.997770 0.000000 0 
1899120.000000 0.788175 1899120.000000 0.788175 0.990327 0.000000 0 
1298640.000000 0.898108 1298640.000000 0.898108 0.993587 0.000000 0 
#Generacion: 3500 
#Distancia: 269.839596 
1062720.000000 1.179972 1062720.000000 1.179972 0.998882 0.000000 0 
1062720.000000 1.179972 1062720.000000 1.179972 0.998882 0.000000 0 
1974000.000000 0.785658 1974000.000000 0.785658 0.988425 0.000000 0 
1079520.000000 1.097075 1079520.000000 1.097075 0.999545 0.000000 0 
1073760.000000 1.170750 1073760.000000 1.170750 0.999327 0.000000 0 
1098480.000000 1.039944 1098480.000000 1.039944 0.995556 0.000000 0 
1092720.000000 1.062244 1092720.000000 1.062244 0.998306 0.000000 0 
1103760.000000 1.019170 1103760.000000 1.019170 0.999375 0.000000 0 
1088400.000000 1.081444 1088400.000000 1.081444 0.999250 0.000000 0 
1901040.000000 0.788068 1901040.000000 0.788068 0.991866 0.000000 0 
1941360.000000 0.786023 1941360.000000 0.786023 0.989096 0.000000 0 
1210560.000000 0.934739 1210560.000000 0.934739 0.998296 0.000000 0 
1543680.000000 0.822380 1543680.000000 0.822380 0.996891 0.000000 0 
1562880.000000 0.819543 1562880.000000 0.819543 0.995101 0.000000 0 
1737840.000000 0.797686 1737840.000000 0.797686 0.998364 0.000000 0 
1137360.000000 0.999230 1137360.000000 0.999230 0.992167 0.000000 0 
1221360.000000 0.928512 1221360.000000 0.928512 0.999732 0.000000 0 
1115280.000000 1.017535 1115280.000000 1.017535 0.991456 0.000000 0 
1869360.000000 0.788788 1869360.000000 0.788788 0.993142 0.000000 0 
1170720.000000 0.967499 1170720.000000 0.967499 0.999463 0.000000 0 
1765440.000000 0.792447 1765440.000000 0.792447 0.994548 0.000000 0 
1254480.000000 0.912082 1254480.000000 0.912082 0.995848 0.000000 0 
1658880.000000 0.807506 1658880.000000 0.807506 0.987681 0.000000 0 
1492560.000000 0.833935 1492560.000000 0.833935 0.987202 0.000000 0 
1581840.000000 0.819523 1581840.000000 0.819523 0.980844 0.000000 0 
1477200.000000 0.837427 1477200.000000 0.837427 0.994573 0.000000 0 
1181280.000000 0.964956 1181280.000000 0.964956 0.999239 0.000000 0 
1117920.000000 1.007026 1117920.000000 1.007026 0.993713 0.000000 0 
1124640.000000 1.005273 1124640.000000 1.005273 0.993544 0.000000 0 
1205760.000000 0.943483 1205760.000000 0.943483 0.997106 0.000000 0 
1288320.000000 0.897655 1288320.000000 0.897655 0.995366 0.000000 0 
1323600.000000 0.884199 1323600.000000 0.884199 0.996566 0.000000 0 
1624320.000000 0.811459 1624320.000000 0.811459 0.997457 0.000000 0 
1282320.000000 0.903099 1282320.000000 0.903099 0.996354 0.000000 0 
1697760.000000 0.802056 1697760.000000 0.802056 0.974365 0.000000 0 
1535040.000000 0.827110 1535040.000000 0.827110 0.994506 0.000000 0 
1675920.000000 0.806908 1675920.000000 0.806908 0.986221 0.000000 0 
1190640.000000 0.959705 1190640.000000 0.959705 0.994093 0.000000 0 
1503120.000000 0.831816 1503120.000000 0.831816 0.994314 0.000000 0 
1417920.000000 0.849968 1417920.000000 0.849968 0.994661 0.000000 0 
1974000.000000 0.785658 1974000.000000 0.785658 0.988425 0.000000 0 
1235280.000000 0.922209 1235280.000000 0.922209 0.997929 0.000000 0 
1300800.000000 0.894980 1300800.000000 0.894980 0.997002 0.000000 0 
1166160.000000 0.975897 1166160.000000 0.975897 0.994766 0.000000 0 
1682880.000000 0.803026 1682880.000000 0.803026 0.992300 0.000000 0 
1312320.000000 0.887381 1312320.000000 0.887381 0.999948 0.000000 0 
1371600.000000 0.863958 1371600.000000 0.863958 0.991807 0.000000 0 
1365360.000000 0.868473 1365360.000000 0.868473 0.990834 0.000000 0 
1347360.000000 0.874104 1347360.000000 0.874104 0.992410 0.000000 0 
1708560.000000 0.798756 1708560.000000 0.798756 0.989297 0.000000 0 
1263840.000000 0.907726 1263840.000000 0.907726 0.995379 0.000000 0 
1597200.000000 0.817616 1597200.000000 0.817616 0.986997 0.000000 0 
1087680.000000 1.088494 1087680.000000 1.088494 0.995483 0.000000 0 
1153200.000000 0.992863 1153200.000000 0.992863 0.996217 0.000000 0 
1334640.000000 0.881040 1334640.000000 0.881040 0.998913 0.000000 0 
1357920.000000 0.871845 1357920.000000 0.871845 0.991729 0.000000 0 
1150080.000000 0.997475 1150080.000000 0.997475 0.990398 0.000000 0 
1403760.000000 0.859755 1403760.000000 0.859755 0.988433 0.000000 0 
1454160.000000 0.845097 1454160.000000 0.845097 0.994818 0.000000 0 
1606800.000000 0.812993 1606800.000000 0.812993 0.993097 0.000000 0 
1815600.000000 0.790968 1815600.000000 0.790968 0.994804 0.000000 0 
1790880.000000 0.792188 1790880.000000 0.792188 0.987269 0.000000 0 
1266960.000000 0.903820 1266960.000000 0.903820 0.999543 0.000000 0 
1306080.000000 0.890898 1306080.000000 0.890898 0.998889 0.000000 0 
1382160.000000 0.861862 1382160.000000 0.861862 0.987396 0.000000 0 
1335840.000000 0.876051 1335840.000000 0.876051 0.998757 0.000000 0 
1229040.000000 0.924332 1229040.000000 0.924332 0.999963 0.000000 0 
1161600.000000 0.977944 1161600.000000 0.977944 0.999863 0.000000 0 
1836000.000000 0.789867 1836000.000000 0.789867 0.993526 0.000000 0 
1641600.000000 0.809180 1641600.000000 0.809180 0.992997 0.000000 0 
1086960.000000 1.094445 1086960.000000 1.094445 0.997965 0.000000 0 
1845360.000000 0.789323 1845360.000000 0.789323 0.993122 0.000000 0 
1794000.000000 0.792060 1794000.000000 0.792060 0.999810 0.000000 0 
1196880.000000 0.951072 1196880.000000 0.951072 0.997572 0.000000 0 
1514640.000000 0.828869 1514640.000000 0.828869 0.990923 0.000000 0 
1442160.000000 0.845541 1442160.000000 0.845541 0.995071 0.000000 0 
1758000.000000 0.795213 1758000.000000 0.795213 0.976728 0.000000 0 
1069680.000000 1.172213 1069680.000000 1.172213 0.998370 0.000000 0 
1918320.000000 0.787422 1918320.000000 0.787422 0.988420 0.000000 0 
1394640.000000 0.861486 1394640.000000 0.861486 0.987683 0.000000 0 
1197840.000000 0.945386 1197840.000000 0.945386 0.996677 0.000000 0 
1924080.000000 0.786582 1924080.000000 0.786582 0.991492 0.000000 0 
1191840.000000 0.954698 1191840.000000 0.954698 0.998138 0.000000 0 
1464480.000000 0.842333 1464480.000000 0.842333 0.989126 0.000000 0 
1748160.000000 0.796529 1748160.000000 0.796529 0.977021 0.000000 0 
1159200.000000 0.985079 1159200.000000 0.985079 0.998245 0.000000 0 
1861440.000000 0.788947 1861440.000000 0.788947 0.990733 0.000000 0 
1068480.000000 1.179971 1068480.000000 1.179971 0.998865 0.000000 0 
1523280.000000 0.828777 1523280.000000 0.828777 0.989819 0.000000 0 
1469520.000000 0.840441 1469520.000000 0.840441 0.981981 0.000000 0 
1157760.000000 0.987341 1157760.000000 0.987341 0.998780 0.000000 0 
1410000.000000 0.855243 1410000.000000 0.855243 0.985746 0.000000 0 
1820640.000000 0.790797 1820640.000000 0.790797 0.992868 0.000000 0 
1637760.000000 0.810482 1637760.000000 0.810482 0.998320 0.000000 0 
1252560.000000 0.920063 1252560.000000 0.920063 0.997577 0.000000 0 
1434480.000000 0.848261 1434480.000000 0.848261 0.994400 0.000000 0 
1252560.000000 0.920063 1252560.000000 0.920063 0.997577 0.000000 0 
1606320.000000 0.816466 1606320.000000 0.816466 0.999975 0.000000 0 
1412640.000000 0.853355 1412640.000000 0.853355 0.988674 0.000000 0 
1708560.000000 0.798756 1708560.000000 0.798756 0.989297 0.000000 0 
#Generacion: 4000 
#Distancia: 272.530909 
2056560.000000 0.782709 2056560.000000 0.782709 0.981844 0.000000 0 
1056960.000000 1.339653 1056960.000000 1.339653 0.997816 0.000000 0 
1056960.000000 1.339653 1056960.000000 1.339653 0.997816 0.000000 0 
1062720.000000 1.179972 1062720.000000 1.179972 0.998882 0.000000 0 
1068720.000000 1.169697 1068720.000000 1.169697 0.999958 0.000000 0 
1070160.000000 1.104402 1070160.000000 1.104402 0.997025 0.000000 0 
2003280.000000 0.783238 2003280.000000 0.783238 0.986399 0.000000 0 
1093440.000000 1.025267 1093440.000000 1.025267 0.998584 0.000000 0 
1086960.000000 1.056097 1086960.000000 1.056097 0.995779 0.000000 0 
1085040.000000 1.061480 1085040.000000 1.061480 0.989199 0.000000 0 
1264800.000000 0.907249 1264800.000000 0.907249 0.995234 0.000000 0 
1170720.000000 0.967499 1170720.000000 0.967499 0.999463 0.000000 0 
1081680.000000 1.086128 1081680.000000 1.086128 0.997066 0.000000 0 
1239360.000000 0.918219 1239360.000000 0.918219 0.996786 0.000000 0 
1254480.000000 0.912082 1254480.000000 0.912082 0.995848 0.000000 0 
1161600.000000 0.977944 1161600.000000 0.977944 0.999863 0.000000 0 
1322880.000000 0.883671 1322880.000000 0.883671 0.996781 0.000000 0 
1281360.000000 0.893830 1281360.000000 0.893830 0.996262 0.000000 0 
1140960.000000 0.995191 1140960.000000 0.995191 0.992505 0.000000 0 
1358160.000000 0.865376 1358160.000000 0.865376 0.996804 0.000000 0 
1959600.000000 0.784848 1959600.000000 0.784848 0.985373 0.000000 0 
1939200.000000 0.785982 1939200.000000 0.785982 0.995669 0.000000 0 
1845360.000000 0.789323 1845360.000000 0.789323 0.993122 0.000000 0 
1785840.000000 0.791863 1785840.000000 0.791863 0.991199 0.000000 0 
1888800.000000 0.787232 1888800.000000 0.787232 0.988915 0.000000 0 
1924080.000000 0.786582 1924080.000000 0.786582 0.991492 0.000000 0 
1370640.000000 0.860169 1370640.000000 0.860169 0.999181 0.000000 0 
1229040.000000 0.924332 1229040.000000 0.924332 0.999963 0.000000 0 
1903680.000000 0.786739 1903680.000000 0.786739 0.990195 0.000000 0 
1154640.000000 0.987030 1154640.000000 0.987030 0.998321 0.000000 0 
1392000.000000 0.855103 1392000.000000 0.855103 0.997834 0.000000 0 
1210560.000000 0.934739 1210560.000000 0.934739 0.998296 0.000000 0 
1407120.000000 0.852034 1407120.000000 0.852034 0.995564 0.000000 0 
1765440.000000 0.792447 1765440.000000 0.792447 0.994548 0.000000 0 
1583280.000000 0.818741 1583280.000000 0.818741 0.997455 0.000000 0 
1306800.000000 0.891602 1306800.000000 0.891602 0.991687 0.000000 0 
1117920.000000 1.007026 1117920.000000 1.007026 0.993713 0.000000 0 
1800720.000000 0.791234 1800720.000000 0.791234 0.994151 0.000000 0 
1603920.000000 0.814008 1603920.000000 0.814008 0.999379 0.000000 0 
1126080.000000 1.000746 1126080.000000 1.000746 0.991874 0.000000 0 
1205760.000000 0.943483 1205760.000000 0.943483 0.997106 0.000000 0 
1826880.000000 0.790192 1826880.000000 0.790192 0.995033 0.000000 0 
1563600.000000 0.818871 1563600.000000 0.818871 0.997106 0.000000 0 
1543680.000000 0.822380 1543680.000000 0.822380 0.996891 0.000000 0 
1079520.000000 1.097075 1079520.000000 1.097075 0.999545 0.000000 0 
1473120.000000 0.837559 1473120.000000 0.837559 0.991109 0.000000 0 
1617600.000000 0.812273 1617600.000000 0.812273 0.990291 0.000000 0 
1381200.000000 0.857722 1381200.000000 0.857722 0.998791 0.000000 0 
1307280.000000 0.889567 1307280.000000 0.889567 0.997658 0.000000 0 
1463520.000000 0.840703 1463520.000000 0.840703 0.988358 0.000000 0 
1502160.000000 0.831376 1502160.000000 0.831376 0.998169 0.000000 0 
1718160.000000 0.796130 1718160.000000 0.796130 0.988504 0.000000 0 
1535760.000000 0.827006 1535760.000000 0.827006 0.999096 0.000000 0 
1979520.000000 0.783681 1979520.000000 0.783681 0.983968 0.000000 0 
1589520.000000 0.814580 1589520.000000 0.814580 0.999089 0.000000 0 
1113600.000000 1.012123 1113600.000000 1.012123 0.996842 0.000000 0 
1667040.000000 0.803695 1667040.000000 0.803695 0.990250 0.000000 0 
1868400.000000 0.787814 1868400.000000 0.787814 0.991982 0.000000 0 
1279200.000000 0.899228 1279200.000000 0.899228 0.997095 0.000000 0 
1645200.000000 0.806596 1645200.000000 0.806596 0.980534 0.000000 0 
1754880.000000 0.793421 1754880.000000 0.793421 0.997259 0.000000 0 
1178400.000000 0.960777 1178400.000000 0.960777 0.999702 0.000000 0 
1434720.000000 0.846473 1434720.000000 0.846473 0.986621 0.000000 0 
1742400.000000 0.795576 1742400.000000 0.795576 0.987332 0.000000 0 
1097280.000000 1.018212 1097280.000000 1.018212 0.995541 0.000000 0 
1816320.000000 0.790636 1816320.000000 0.790636 0.994443 0.000000 0 
1514640.000000 0.828869 1514640.000000 0.828869 0.990923 0.000000 0 
1354320.000000 0.873291 1354320.000000 0.873291 0.992372 0.000000 0 
1482480.000000 0.834165 1482480.000000 0.834165 0.989209 0.000000 0 
1108800.000000 1.018163 1108800.000000 1.018163 0.981923 0.000000 0 
1189920.000000 0.954446 1189920.000000 0.954446 0.993577 0.000000 0 
1658640.000000 0.806130 1658640.000000 0.806130 0.983873 0.000000 0 
1417920.000000 0.849968 1417920.000000 0.849968 0.994661 0.000000 0 
1334640.000000 0.881040 1334640.000000 0.881040 0.998913 0.000000 0 
1686240.000000 0.800277 1686240.000000 0.800277 0.992400 0.000000 0 
1556160.000000 0.821015 1556160.000000 0.821015 0.999049 0.000000 0 
1862640.000000 0.788705 1862640.000000 0.788705 0.998807 0.000000 0 
1679520.000000 0.801672 1679520.000000 0.801672 0.992956 0.000000 0 
1730640.000000 0.795609 1730640.000000 0.795609 0.981742 0.000000 0 
1136640.000000 0.999580 1136640.000000 0.999580 0.987653 0.000000 0 
1491120.000000 0.832357 1491120.000000 0.832357 0.989236 0.000000 0 
1522560.000000 0.827126 1522560.000000 0.827126 0.999995 0.000000 0 
1450080.000000 0.845346 1450080.000000 0.845346 0.998511 0.000000 0 
1068480.000000 1.179971 1068480.000000 1.179971 0.998865 0.000000 0 
1196880.000000 0.951072 1196880.000000 0.951072 0.997572 0.000000 0 
1637760.000000 0.810482 1637760.000000 0.810482 0.998320 0.000000 0 
1335840.000000 0.876051 1335840.000000 0.876051 0.998757 0.000000 0 
1346400.000000 0.874336 1346400.000000 0.874336 0.998853 0.000000 0 
1629600.000000 0.811289 1629600.000000 0.811289 0.999390 0.000000 0 
1159200.000000 0.985079 1159200.000000 0.985079 0.998245 0.000000 0 
1703280.000000 0.800074 1703280.000000 0.800074 0.998529 0.000000 0 
1427280.000000 0.848370 1427280.000000 0.848370 0.994062 0.000000 0 
1185120.000000 0.959600 1185120.000000 0.959600 0.998871 0.000000 0 
1070640.000000 1.097246 1070640.000000 1.097246 0.995459 0.000000 0 
1197840.000000 0.945386 1197840.000000 0.945386 0.996677 0.000000 0 
1221360.000000 0.928512 1221360.000000 0.928512 0.999732 0.000000 0 
1975680.000000 0.784314 1975680.000000 0.784314 0.983100 0.000000 0 
1221120.000000 0.932426 1221120.000000 0.932426 0.998235 0.000000 0 
1705680.000000 0.798250 1705680.000000 0.798250 0.985321 0.000000 0 
1081680.000000 1.086128 1081680.000000 1.086128 0.997066 0.000000 0 
#Generacion: 4500 
#Distancia: 285.368687 
1028400.000000 1.310940 1028400.000000 1.310940 0.996109 0.000000 0 
2056560.000000 0.782709 2056560.000000 0.782709 0.981844 0.000000 0 
1028400.000000 1.310940 1028400.000000 1.310940 0.996109 0.000000 0 
1051920.000000 1.244103 1051920.000000 1.244103 0.996826 0.000000 0 
1056000.000000 1.106382 1056000.000000 1.106382 0.999351 0.000000 0 
1032480.000000 1.258281 1032480.000000 1.258281 0.991706 0.000000 0 
1066080.000000 1.088419 1066080.000000 1.088419 0.991384 0.000000 0 
1998240.000000 0.782852 1998240.000000 0.782852 0.989344 0.000000 0 
1072560.000000 1.061354 1072560.000000 1.061354 0.989959 0.000000 0 
1507200.000000 0.826543 1507200.000000 0.826543 0.996236 0.000000 0 
1543920.000000 0.820330 1543920.000000 0.820330 0.990791 0.000000 0 
1170240.000000 0.955964 1170240.000000 0.955964 0.998563 0.000000 0 
1080480.000000 1.061048 1080480.000000 1.061048 0.985939 0.000000 0 
1168080.000000 0.975328 1168080.000000 0.975328 0.995814 0.000000 0 
1663200.000000 0.804557 1663200.000000 0.804557 0.989961 0.000000 0 
1083360.000000 1.038344 1083360.000000 1.038344 0.990700 0.000000 0 
1041120.000000 1.253646 1041120.000000 1.253646 0.988838 0.000000 0 
1684560.000000 0.799810 1684560.000000 0.799810 0.999068 0.000000 0 
1229040.000000 0.924332 1229040.000000 0.924332 0.999963 0.000000 0 
1059840.000000 1.094778 1059840.000000 1.094778 0.994015 0.000000 0 
1086720.000000 1.024962 1086720.000000 1.024962 0.998665 0.000000 0 
1570560.000000 0.813707 1570560.000000 0.813707 0.993772 0.000000 0 
1307280.000000 0.886366 1307280.000000 0.886366 0.998390 0.000000 0 
1884240.000000 0.787130 1884240.000000 0.787130 0.989690 0.000000 0 
1712400.000000 0.797768 1712400.000000 0.797768 0.998926 0.000000 0 
1632480.000000 0.805693 1632480.000000 0.805693 0.984732 0.000000 0 
1295040.000000 0.891001 1295040.000000 0.891001 0.999361 0.000000 0 
1554240.000000 0.818973 1554240.000000 0.818973 0.992750 0.000000 0 
1220160.000000 0.931597 1220160.000000 0.931597 0.998457 0.000000 0 
1254720.000000 0.914590 1254720.000000 0.914590 0.999914 0.000000 0 
1367520.000000 0.861337 1367520.000000 0.861337 0.995532 0.000000 0 
1322880.000000 0.883671 1322880.000000 0.883671 0.996781 0.000000 0 
1422240.000000 0.847847 1422240.000000 0.847847 0.998148 0.000000 0 
1381200.000000 0.857722 1381200.000000 0.857722 0.998791 0.000000 0 
1491120.000000 0.832357 1491120.000000 0.832357 0.989236 0.000000 0 
1197840.000000 0.945386 1197840.000000 0.945386 0.996677 0.000000 0 
1474800.000000 0.836818 1474800.000000 0.836818 0.991943 0.000000 0 
1264800.000000 0.907249 1264800.000000 0.907249 0.995234 0.000000 0 
1839840.000000 0.789132 1839840.000000 0.789132 0.999899 0.000000 0 
1407120.000000 0.852034 1407120.000000 0.852034 0.995564 0.000000 0 
1185600.000000 0.955587 1185600.000000 0.955587 0.998554 0.000000 0 
1628640.000000 0.807670 1628640.000000 0.807670 0.985808 0.000000 0 
1201920.000000 0.936516 1201920.000000 0.936516 0.999098 0.000000 0 
1951680.000000 0.784612 1951680.000000 0.784612 0.995173 0.000000 0 
1358160.000000 0.865376 1358160.000000 0.865376 0.996804 0.000000 0 
1281360.000000 0.893830 1281360.000000 0.893830 0.996262 0.000000 0 
1195200.000000 0.951501 1195200.000000 0.951501 0.999919 0.000000 0 
1272720.000000 0.896040 1272720.000000 0.896040 0.996710 0.000000 0 
1865520.000000 0.788196 1865520.000000 0.788196 0.999008 0.000000 0 
1159200.000000 0.985079 1159200.000000 0.985079 0.998245 0.000000 0 
1935840.000000 0.785087 1935840.000000 0.785087 0.996313 0.000000 0 
1124400.000000 1.003596 1124400.000000 1.003596 0.993795 0.000000 0 
1673280.000000 0.801096 1673280.000000 0.801096 0.978744 0.000000 0 
1239360.000000 0.918219 1239360.000000 0.918219 0.996786 0.000000 0 
1113600.000000 1.012123 1113600.000000 1.012123 0.996842 0.000000 0 
1730640.000000 0.795609 1730640.000000 0.795609 0.981742 0.000000 0 
1270560.000000 0.904733 1270560.000000 0.904733 0.996616 0.000000 0 
1966560.000000 0.783883 1966560.000000 0.783883 0.985554 0.000000 0 
1085040.000000 1.037921 1085040.000000 1.037921 0.998657 0.000000 0 
1744080.000000 0.794078 1744080.000000 0.794078 0.985309 0.000000 0 
1451040.000000 0.843739 1451040.000000 0.843739 0.995943 0.000000 0 
1138800.000000 1.002021 1138800.000000 1.002021 0.990892 0.000000 0 
1800720.000000 0.791234 1800720.000000 0.791234 0.994151 0.000000 0 
1903680.000000 0.786739 1903680.000000 0.786739 0.990195 0.000000 0 
1593840.000000 0.811471 1593840.000000 0.811471 0.993074 0.000000 0 
1349280.000000 0.874716 1349280.000000 0.874716 0.994566 0.000000 0 
1161600.000000 0.977944 1161600.000000 0.977944 0.999863 0.000000 0 
1210560.000000 0.934739 1210560.000000 0.934739 0.998296 0.000000 0 
1334640.000000 0.881040 1334640.000000 0.881040 0.998913 0.000000 0 
1585200.000000 0.813055 1585200.000000 0.813055 0.982952 0.000000 0 
1855920.000000 0.788729 1855920.000000 0.788729 0.990815 0.000000 0 
1922400.000000 0.785461 1922400.000000 0.785461 0.987131 0.000000 0 
1108800.000000 1.017742 1108800.000000 1.017742 0.994266 0.000000 0 
1495680.000000 0.828892 1495680.000000 0.828892 0.997183 0.000000 0 
1117920.000000 1.007026 1117920.000000 1.007026 0.993713 0.000000 0 
1149840.000000 0.988042 1149840.000000 0.988042 0.994917 0.000000 0 
1825440.000000 0.790532 1825440.000000 0.790532 0.991603 0.000000 0 
1357440.000000 0.872818 1357440.000000 0.872818 0.990941 0.000000 0 
1140720.000000 0.989657 1140720.000000 0.989657 0.998413 0.000000 0 
1335840.000000 0.876051 1335840.000000 0.876051 0.998757 0.000000 0 
1457280.000000 0.840400 1457280.000000 0.840400 0.998991 0.000000 0 
1392000.000000 0.855103 1392000.000000 0.855103 0.997834 0.000000 0 
1765440.000000 0.792447 1765440.000000 0.792447 0.994548 0.000000 0 
1816080.000000 0.790901 1816080.000000 0.790901 0.994737 0.000000 0 
1140240.000000 0.997010 1140240.000000 0.997010 0.996504 0.000000 0 
1609200.000000 0.810976 1609200.000000 0.810976 0.991447 0.000000 0 
1779120.000000 0.792041 1779120.000000 0.792041 0.990952 0.000000 0 
1756320.000000 0.793753 1756320.000000 0.793753 0.970885 0.000000 0 
1467600.000000 0.838489 1467600.000000 0.838489 0.997049 0.000000 0 
1090560.000000 1.018013 1090560.000000 1.018013 0.996170 0.000000 0 
1789440.000000 0.791753 1789440.000000 0.791753 0.988358 0.000000 0 
1435680.000000 0.844198 1435680.000000 0.844198 0.998877 0.000000 0 
1718160.000000 0.796130 1718160.000000 0.796130 0.988504 0.000000 0 
1247280.000000 0.918026 1247280.000000 0.918026 0.994531 0.000000 0 
1911360.000000 0.786613 1911360.000000 0.786613 0.987330 0.000000 0 
1397280.000000 0.852393 1397280.000000 0.852393 0.998440 0.000000 0 
1433760.000000 0.846479 1433760.000000 0.846479 0.996069 0.000000 0 
1983360.000000 0.783252 1983360.000000 0.783252 0.995113 0.000000 0 
1097280.000000 1.017839 1097280.000000 1.017839 0.995345 0.000000 0 
1979520.000000 0.783681 1979520.000000 0.783681 0.983968 0.000000 0 
#Generacion: 5000 
#Distancia: 292.469091 
